0 0 7f 0 0 0 0 0 240319 225502.790
0 0 7f 0 0 0 0 0 240319 225504.791
0 0 7f 0 0 0 0 0 240319 225506.791
0 0 7f 0 0 0 0 0 240319 225508.792
0 0 7f 0 0 0 0 0 240319 225510.793
0 0 7f 0 0 0 0 0 240319 225512.794
0 0 7f 0 0 0 0 0 240319 225514.795
0 0 7f 0 0 0 0 0 240319 225516.796
0 0 7f 0 0 0 0 0 240319 225518.797
0 0 7f 0 0 0 0 0 240319 225520.798
0 0 7f 0 0 0 0 0 240319 225522.799
0 0 7f 0 0 0 0 0 240319 225524.852
0 0 7f 0 0 0 0 0 240319 225526.854
0 0 7f 0 0 0 0 0 240319 225528.855
0 0 7f 0 0 0 0 0 240319 225530.856
0 0 7f 0 0 0 0 0 240319 225532.857
0 0 7f 0 0 0 0 0 240319 225534.858
0 0 7f 0 0 0 0 0 240319 225536.858
0 0 7f 0 0 0 0 0 240319 225538.859
0 0 7f 0 0 0 0 0 240319 225540.860
0 0 7f 0 0 0 0 0 240319 225542.861
0 0 7f 0 0 0 0 0 240319 225544.862
0 0 7f 0 0 0 0 0 240319 225546.864
0 0 7f 0 0 0 0 0 240319 225548.865
0 0 7f 0 0 0 0 0 240319 225550.866
0 0 7f 0 0 0 0 0 240319 225552.867
0 0 7f 0 0 0 0 0 240319 225554.868
0 0 7f 0 0 0 0 0 240319 225556.869
0 0 7f 0 0 0 0 0 240319 225558.870
