af fc 70 1 0 0 0 0 260319 143110.435
b1 fc 70 1 0 0 0 0 260319 143112.437
0 0 70 1 0 0 0 0 260319 143114.440
0 0 70 1 0 0 0 0 260319 143116.443
0 0 70 1 0 0 0 0 260319 143118.445
ee 5 70 1 0 0 0 0 260319 143120.449
b4 9 70 1 0 0 0 0 260319 143122.452
c8 b 70 1 0 0 0 0 260319 143124.455
5a c 70 1 0 0 0 0 260319 143126.459
f7 a 70 1 0 0 0 0 260319 143128.462
88 7 70 1 0 0 0 0 260319 143130.465
39 3 70 1 0 0 0 0 260319 143132.468
0 0 70 1 0 0 0 0 260319 143134.471
8f f8 70 1 0 0 0 0 260319 143136.474
45 f3 70 1 0 0 0 0 260319 143138.478
bd ee 70 1 0 0 0 0 260319 143140.481
f ea 70 1 0 0 0 0 260319 143142.484
c4 e8 70 1 0 0 0 0 260319 143144.487
bb e8 70 1 0 0 0 0 260319 143146.490
f4 ea 70 1 0 0 0 0 260319 143148.492
9e ee 70 1 0 0 0 0 260319 143150.496
e2 f0 70 1 0 0 0 0 260319 143152.498
bb f3 70 1 0 0 0 0 260319 143154.501
1a f3 70 1 0 0 0 0 260319 143156.505
d6 ef 70 1 0 0 0 0 260319 143158.507
e0 eb 70 1 0 0 0 0 260319 143200.510
e e2 70 1 0 0 0 0 260319 143202.513
be d3 70 1 0 0 0 0 260319 143204.516
a6 c5 70 1 0 0 0 0 260319 143206.518
19 b6 70 1 0 0 0 0 260319 143208.521
f2 9e 70 1 0 0 0 0 260319 143210.523
d2 8b 70 1 0 0 0 0 260319 143212.526
0 80 70 1 0 0 0 0 260319 143214.529
0 80 70 1 0 0 0 0 260319 143216.532
0 80 70 1 0 0 0 0 260319 143218.535
0 80 70 1 0 0 0 0 260319 143220.538
0 80 70 1 0 0 0 0 260319 143222.540
0 80 70 1 0 0 0 0 260319 143224.542
0 80 70 1 0 0 0 0 260319 143226.545
0 80 70 1 0 0 0 0 260319 143228.548
0 80 70 1 0 0 0 0 260319 143230.550
52 82 70 1 0 0 0 0 260319 143232.552
13 a4 70 1 0 0 0 0 260319 143234.556
e2 c7 70 1 0 0 0 0 260319 143236.559
d2 ed 70 1 0 0 0 0 260319 143238.561
a6 8 70 1 0 0 0 0 260319 143240.564
e 15 70 1 0 0 0 0 260319 143242.566
8d 14 70 1 0 0 0 0 260319 143244.569
ac 13 70 1 0 0 0 0 260319 143246.572
aa 1e 70 1 0 0 0 0 260319 143248.574
cf 38 70 1 0 0 0 0 260319 143250.577
b6 7f 70 1 0 0 0 0 260319 143252.580
ff 7f 70 1 0 0 0 0 260319 143254.583
ff 7f 70 1 0 0 0 0 260319 143256.586
ff 7f 70 1 0 0 0 0 260319 143258.590
ff 7f 70 1 0 0 0 0 260319 143300.592
ff 7f 70 1 0 0 0 0 260319 143302.596
ff 7f 70 1 0 0 0 0 260319 143304.598
64 61 70 1 0 0 0 0 260319 143306.601
7b 16 70 1 0 0 0 0 260319 143308.604
e0 d7 70 1 0 0 0 0 260319 143310.607
0 0 7f 0 0 0 0 0 260319 143312.610
0 0 7f 0 0 0 0 0 260319 143314.613
0 0 7f 0 0 0 0 0 260319 143316.615
0 0 7f 0 0 0 0 0 260319 143318.618
0 0 7f 0 0 0 0 0 260319 143320.621
