0 0 7f 0 0 0 0 0 240319 120845.541
0 0 7f 0 0 0 0 0 240319 120845.743
0 0 7f 0 0 0 0 0 240319 120845.944
0 0 7f 0 0 0 0 0 240319 120846.145
0 0 7f 0 0 0 0 0 240319 120846.346
0 0 7f 0 0 0 0 0 240319 120846.546
0 0 7f 0 0 0 0 0 240319 120846.747
0 0 7f 0 0 0 0 0 240319 120846.948
0 0 7f 0 0 0 0 0 240319 120847.148
0 0 7f 0 0 0 0 0 240319 120847.349
0 0 7f 0 0 0 0 0 240319 120847.550
0 0 7f 0 0 0 0 0 240319 120847.751
0 0 7f 0 0 0 0 0 240319 120847.952
0 0 7f 0 0 0 0 0 240319 120848.153
0 0 7f 0 0 0 0 0 240319 120848.353
0 0 7f 0 0 0 0 0 240319 120848.554
0 0 7f 0 0 0 0 0 240319 120848.755
0 0 7f 0 0 0 0 0 240319 120848.956
0 0 7f 0 0 0 0 0 240319 120849.157
0 0 7f 0 0 0 0 0 240319 120849.358
0 0 7f 0 0 0 0 0 240319 120849.559
0 0 7f 0 0 0 0 0 240319 120849.760
0 0 7f 0 0 0 0 0 240319 120849.960
0 0 7f 0 0 0 0 0 240319 120850.161
0 0 7f 0 0 0 0 0 240319 120850.361
0 0 7f 0 0 0 0 0 240319 120850.563
0 0 7f 0 0 0 0 0 240319 120850.763
0 0 7f 0 0 0 0 0 240319 120850.964
0 0 7f 0 0 0 0 0 240319 120851.165
0 0 7f 0 0 0 0 0 240319 120851.366
0 0 7f 0 0 0 0 0 240319 120851.567
0 0 7f 0 0 0 0 0 240319 120851.768
0 0 7f 0 0 0 0 0 240319 120851.968
0 0 7f 0 0 0 0 0 240319 120852.170
0 0 7f 0 0 0 0 0 240319 120852.370
0 0 7f 0 0 0 0 0 240319 120852.571
0 0 7f 0 0 0 0 0 240319 120852.772
0 0 7f 0 0 0 0 0 240319 120852.973
0 0 7f 0 0 0 0 0 240319 120853.174
0 0 7f 0 0 0 0 0 240319 120853.375
0 0 7f 0 0 0 0 0 240319 120853.575
0 0 7f 0 0 0 0 0 240319 120853.776
0 0 7f 0 0 0 0 0 240319 120853.977
0 0 7f 0 0 0 0 0 240319 120854.178
0 0 7f 0 0 0 0 0 240319 120854.379
0 0 7f 0 0 0 0 0 240319 120854.579
0 0 7f 0 0 0 0 0 240319 120854.780
0 0 7f 0 0 0 0 0 240319 120854.981
0 0 7f 0 0 0 0 0 240319 120855.182
0 0 7f 0 0 0 0 0 240319 120855.382
0 0 7f 0 0 0 0 0 240319 120855.583
0 0 7f 0 0 0 0 0 240319 120855.784
0 0 7f 0 0 0 0 0 240319 120855.985
0 0 7f 0 0 0 0 0 240319 120856.187
0 0 7f 0 0 0 0 0 240319 120856.388
0 0 7f 0 0 0 0 0 240319 120856.589
0 0 7f 0 0 0 0 0 240319 120856.789
0 0 7f 0 0 0 0 0 240319 120856.990
0 0 7f 0 0 0 0 0 240319 120857.190
0 0 7f 0 0 0 0 0 240319 120857.391
0 0 7f 0 0 0 0 0 240319 120857.592
0 0 7f 0 0 0 0 0 240319 120857.793
0 0 7f 0 0 0 0 0 240319 120857.994
0 0 7f 0 0 0 0 0 240319 120858.194
0 0 7f 0 0 0 0 0 240319 120858.396
0 0 7f 0 0 0 0 0 240319 120858.597
