6f 23 70 1 0 0 0 0 260319 131516.305
b6 2b 70 1 0 0 0 0 260319 131518.310
a4 48 70 1 0 0 0 0 260319 131520.314
97 6b 70 1 0 0 0 0 260319 131522.318
ff 7f 70 1 0 0 0 0 260319 131524.322
ff 7f 70 1 0 0 0 0 260319 131526.326
ff 7f 70 1 0 0 0 0 260319 131528.330
8f 75 70 1 0 0 0 0 260319 131530.334
f1 33 70 1 0 0 0 0 260319 131532.338
bb e6 70 1 0 0 0 0 260319 131534.342
a8 95 70 1 0 0 0 0 260319 131536.346
0 80 70 1 0 0 0 0 260319 131538.348
0 80 70 1 0 0 0 0 260319 131540.351
0 80 70 1 0 0 0 0 260319 131542.353
0 80 70 1 0 0 0 0 260319 131544.357
0 80 70 1 0 0 0 0 260319 131546.361
0 80 70 1 0 0 0 0 260319 131548.365
0 80 70 1 0 0 0 0 260319 131550.369
0 80 70 1 0 0 0 0 260319 131552.373
0 80 70 1 0 0 0 0 260319 131554.377
0 80 70 1 0 0 0 0 260319 131556.381
0 80 70 1 0 0 0 0 260319 131558.385
0 80 70 1 0 0 0 0 260319 131600.389
0 80 70 1 0 0 0 0 260319 131602.392
e6 8e 70 1 0 0 0 0 260319 131604.397
a a1 70 1 0 0 0 0 260319 131606.401
5d a2 70 1 0 0 0 0 260319 131608.406
8a a0 70 1 0 0 0 0 260319 131610.413
4f a0 70 1 0 0 0 0 260319 131612.417
