bd fb 70 1 0 0 0 0 260319 140957.844
e7 fb 70 1 0 0 0 0 260319 140959.847
a fc 70 1 0 0 0 0 260319 141001.850
4c fb 70 1 0 0 0 0 260319 141003.852
0 0 70 1 0 0 0 0 260319 141005.854
0 0 70 1 0 0 0 0 260319 141007.858
3 4 70 1 0 0 0 0 260319 141009.861
fc 7 70 1 0 0 0 0 260319 141011.863
9a a 70 1 0 0 0 0 260319 141013.865
77 b 70 1 0 0 0 0 260319 141015.868
fb 9 70 1 0 0 0 0 260319 141017.871
81 6 70 1 0 0 0 0 260319 141019.874
0 0 70 1 0 0 0 0 260319 141021.876
69 fc 70 1 0 0 0 0 260319 141023.878
95 f8 70 1 0 0 0 0 260319 141025.882
bb f5 70 1 0 0 0 0 260319 141027.884
81 f4 70 1 0 0 0 0 260319 141029.888
5b f5 70 1 0 0 0 0 260319 141031.890
1d f7 70 1 0 0 0 0 260319 141033.892
a7 f8 70 1 0 0 0 0 260319 141035.895
64 f9 70 1 0 0 0 0 260319 141037.897
8b f6 70 1 0 0 0 0 260319 141039.899
7 ec 70 1 0 0 0 0 260319 141041.902
c df 70 1 0 0 0 0 260319 141043.904
15 d4 70 1 0 0 0 0 260319 141045.906
c9 c5 70 1 0 0 0 0 260319 141047.909
0 bc 70 1 0 0 0 0 260319 141049.911
af ba 70 1 0 0 0 0 260319 141051.914
1 ba 70 1 0 0 0 0 260319 141053.916
91 c1 70 1 0 0 0 0 260319 141055.918
fc c8 70 1 0 0 0 0 260319 141057.921
9a d2 70 1 0 0 0 0 260319 141059.923
e7 dd 70 1 0 0 0 0 260319 141101.925
7a db 70 1 0 0 0 0 260319 141103.928
19 d8 70 1 0 0 0 0 260319 141105.930
14 d0 70 1 0 0 0 0 260319 141107.932
ce c4 70 1 0 0 0 0 260319 141109.935
8 c0 70 1 0 0 0 0 260319 141111.937
8f bd 70 1 0 0 0 0 260319 141113.939
6c c5 70 1 0 0 0 0 260319 141115.943
e3 d5 70 1 0 0 0 0 260319 141117.945
f8 eb 70 1 0 0 0 0 260319 141119.947
40 11 70 1 0 0 0 0 260319 141121.950
e6 35 70 1 0 0 0 0 260319 141123.953
4a 54 70 1 0 0 0 0 260319 141125.955
f3 63 70 1 0 0 0 0 260319 141127.958
85 5c 70 1 0 0 0 0 260319 141129.960
8a 3b 70 1 0 0 0 0 260319 141131.962
4d b 70 1 0 0 0 0 260319 141133.965
e8 da 70 1 0 0 0 0 260319 141135.967
4 a4 70 1 0 0 0 0 260319 141137.969
0 80 70 1 0 0 0 0 260319 141139.972
0 80 70 1 0 0 0 0 260319 141141.974
0 80 70 1 0 0 0 0 260319 141143.976
0 80 70 1 0 0 0 0 260319 141145.978
0 80 70 1 0 0 0 0 260319 141147.981
b8 8a 70 1 0 0 0 0 260319 141149.983
ae cd 70 1 0 0 0 0 260319 141151.985
a8 ea 70 1 0 0 0 0 260319 141153.988
84 f1 70 1 0 0 0 0 260319 141155.991
70 f1 70 1 0 0 0 0 260319 141157.993
6 f6 70 1 0 0 0 0 260319 141159.996
bf 34 70 1 0 0 0 0 260319 141201.998
ff 7f 70 1 0 0 0 0 260319 141204.001
ff 7f 70 1 0 0 0 0 260319 141206.003
ff 7f 70 1 0 0 0 0 260319 141208.005
ff 7f 70 1 0 0 0 0 260319 141210.008
7b 3b 70 1 0 0 0 0 260319 141212.010
0 0 70 1 0 0 0 0 260319 141214.012
6f da 70 1 0 0 0 0 260319 141216.015
90 d2 70 1 0 0 0 0 260319 141218.017
72 da 70 1 0 0 0 0 260319 141220.019
56 e3 70 1 0 0 0 0 260319 141222.022
a3 ea 70 1 0 0 0 0 260319 141224.024
10 ee 70 1 0 0 0 0 260319 141226.027
af f2 70 1 0 0 0 0 260319 141228.030
0 0 70 1 0 0 0 0 260319 141230.032
0 0 70 1 0 0 0 0 260319 141232.034
7c fa 70 1 0 0 0 0 260319 141234.037
