0 0 7f 0 0 0 0 0 260319 151834.932
ff e8 70 1 0 0 0 0 260319 151836.934
34 e9 70 1 0 0 0 0 260319 151838.937
b0 ee 70 1 0 0 0 0 260319 151840.939
7a fb 70 1 0 0 0 0 260319 151842.941
8 b 70 1 0 0 0 0 260319 151844.945
db 16 70 1 0 0 0 0 260319 151846.947
5a 20 70 1 0 0 0 0 260319 151848.949
af 24 70 1 0 0 0 0 260319 151850.952
d3 21 70 1 0 0 0 0 260319 151852.954
f4 17 70 1 0 0 0 0 260319 151854.956
8e 9 70 1 0 0 0 0 260319 151856.959
7e f9 70 1 0 0 0 0 260319 151858.961
ec e9 70 1 0 0 0 0 260319 151900.963
bd dd 70 1 0 0 0 0 260319 151902.967
d5 d7 70 1 0 0 0 0 260319 151904.969
d6 d8 70 1 0 0 0 0 260319 151906.972
fc df 70 1 0 0 0 0 260319 151908.975
a2 ed 70 1 0 0 0 0 260319 151910.978
cd fa 70 1 0 0 0 0 260319 151912.980
7a 8 70 1 0 0 0 0 260319 151914.984
cf f 70 1 0 0 0 0 260319 151916.986
e1 c 70 1 0 0 0 0 260319 151918.989
0 0 70 1 0 0 0 0 260319 151920.993
24 ea 70 1 0 0 0 0 260319 151922.995
9c d2 70 1 0 0 0 0 260319 151924.998
86 b7 70 1 0 0 0 0 260319 151927.002
65 a3 70 1 0 0 0 0 260319 151929.005
7e 94 70 1 0 0 0 0 260319 151931.007
e2 97 70 1 0 0 0 0 260319 151933.010
70 9b 70 1 0 0 0 0 260319 151935.012
ef b6 70 1 0 0 0 0 260319 151937.015
7a d0 70 1 0 0 0 0 260319 151939.018
2c fc 70 1 0 0 0 0 260319 151941.021
34 1c 70 1 0 0 0 0 260319 151943.023
32 3a 70 1 0 0 0 0 260319 151945.026
85 4c 70 1 0 0 0 0 260319 151947.029
e1 4d 70 1 0 0 0 0 260319 151949.032
9d 39 70 1 0 0 0 0 260319 151951.036
7 19 70 1 0 0 0 0 260319 151953.039
52 eb 70 1 0 0 0 0 260319 151955.042
e1 c1 70 1 0 0 0 0 260319 151957.046
a3 ae 70 1 0 0 0 0 260319 151959.049
2f ae 70 1 0 0 0 0 260319 152001.052
25 ae 70 1 0 0 0 0 260319 152003.056
26 ae 70 1 0 0 0 0 260319 152005.059
cd ad 70 1 0 0 0 0 260319 152007.062
9d b3 70 1 0 0 0 0 260319 152009.065
