0 80 7f 0 0 0 0 0 260319 131407.064
0 80 7f 0 0 0 0 0 260319 131409.069
0 80 70 1 0 0 0 0 260319 131411.072
0 80 70 1 0 0 0 0 260319 131413.077
0 80 70 1 0 0 0 0 260319 131415.081
0 80 70 1 0 0 0 0 260319 131417.085
0 80 70 1 0 0 0 0 260319 131419.087
0 80 70 1 0 0 0 0 260319 131421.091
0 80 70 1 0 0 0 0 260319 131423.095
0 80 70 1 0 0 0 0 260319 131425.099
0 80 70 1 0 0 0 0 260319 131427.103
0 80 70 1 0 0 0 0 260319 131429.107
0 80 70 1 0 0 0 0 260319 131431.111
0 80 70 1 0 0 0 0 260319 131433.115
0 80 70 1 0 0 0 0 260319 131435.119
0 80 70 1 0 0 0 0 260319 131437.123
0 80 70 1 0 0 0 0 260319 131439.127
0 80 70 1 0 0 0 0 260319 131441.130
0 80 70 1 0 0 0 0 260319 131443.132
