0.0000000000 0.0000000000 0 0 0 0 0 0 0 0 112 1 0 0 0 0 231219 194404.806
0.0000000000 0.0000000000 0 0 0 0 0 0 0 0 112 1 0 0 0 0 231219 194405.007
0.0000000000 0.0000000000 0 0 0 0 0 0 0 0 112 1 0 0 0 0 231219 194405.207
0.0000000000 0.0000000000 0 0 0 0 0 0 0 0 112 1 0 0 0 0 231219 194405.407
0.0000000000 0.0000000000 0 0 0 0 0 0 0 0 112 1 0 0 0 0 231219 194405.607
0.0000000000 0.0000000000 0 0 0 0 0 0 0 0 112 1 0 0 0 0 231219 194405.807
0.0000000000 0.0000000000 0 0 0 0 0 0 0 0 112 1 0 0 0 0 231219 194406.008
0.0000000000 0.0000000000 0 0 0 0 0 0 0 0 112 1 0 0 0 0 231219 194406.208
0.0000000000 0.0000000000 0 0 0 0 0 0 0 0 112 1 0 0 0 0 231219 194406.408
0.0000000000 0.0000000000 0 0 0 0 0 0 0 0 112 1 0 0 0 0 231219 194406.608
0.0000000000 0.0000000000 0 0 0 0 0 0 0 0 112 1 0 0 0 0 231219 194406.808
0.0000000000 0.0000000000 0 0 0 0 0 0 0 0 112 1 0 0 0 0 231219 194407.009
0.0000000000 0.0000000000 0 0 0 0 0 0 0 0 112 1 0 0 0 0 231219 194407.209
0.0000000000 0.0000000000 0 0 0 0 0 0 0 0 112 1 0 0 0 0 231219 194407.409
0.0000000000 0.0000000000 0 0 0 0 0 0 0 0 112 1 0 0 0 0 231219 194407.610
0.0000000000 0.0000000000 0 0 0 0 0 0 0 0 112 1 0 0 0 0 231219 194407.810
0.0000000000 0.0000000000 0 0 0 0 0 0 0 0 112 1 0 0 0 0 231219 194408.010
0.0000000000 0.0000000000 0 0 0 0 0 0 0 0 112 1 0 0 0 0 231219 194408.211
0.0000000000 0.0000000000 0 0 0 0 0 0 0 0 112 1 0 0 0 0 231219 194408.411
0.0000000000 0.0000000000 0 0 0 0 0 0 0 0 112 1 0 0 0 0 231219 194408.611
0.0000000000 0.0000000000 0 0 0 0 0 0 0 0 112 1 0 0 0 0 231219 194408.811
0.0000000000 0.0000000000 0 0 0 0 0 0 0 0 112 1 0 0 0 0 231219 194409.012
0.0000000000 0.0000000000 0 0 0 0 0 0 0 0 112 1 0 0 0 0 231219 194409.212
0.0000000000 0.0000000000 0 0 0 0 0 0 0 0 112 1 0 0 0 0 231219 194409.412
0.0000000000 0.0000000000 0 0 0 0 0 0 0 0 112 1 0 0 0 0 231219 194409.612
0.0000000000 0.0000000000 0 0 0 0 0 0 0 0 112 1 0 0 0 0 231219 194409.813
0.0000000000 0.0000000000 0 0 0 0 0 0 0 0 112 1 0 0 0 0 231219 194410.013
0.0000000000 0.0000000000 0 0 0 0 0 0 0 0 112 1 0 0 0 0 231219 194410.213
0.0000000000 0.0000000000 0 0 0 0 0 0 0 0 112 1 0 0 0 0 231219 194410.414
0.0000000000 0.0000000000 0 0 0 0 0 0 0 0 112 1 0 0 0 0 231219 194410.614
0.0000000000 0.0000000000 0 0 0 0 0 0 0 0 112 1 0 0 0 0 231219 194410.814
0.0000000000 0.0000000000 0 0 0 0 0 0 0 0 112 1 0 0 0 0 231219 194411.014
0.0000000000 0.0000000000 0 0 0 0 0 0 0 0 112 1 0 0 0 0 231219 194411.215
0.0000000000 0.0000000000 0 0 0 0 0 0 0 0 112 1 0 0 0 0 231219 194411.415
0.0000000000 0.0000000000 0 0 0 0 0 0 0 0 112 1 0 0 0 0 231219 194411.615
0.0000000000 0.0000000000 0 0 0 0 0 0 0 0 112 1 0 0 0 0 231219 194411.815
0.0000000000 0.0000000000 0 0 0 0 0 0 0 0 112 1 0 0 0 0 231219 194412.016
0.0000000000 0.0000000000 0 0 0 0 0 0 0 0 112 1 0 0 0 0 231219 194412.216
0.0000000000 0.0000000000 0 0 0 0 0 0 0 0 112 1 0 0 0 0 231219 194412.416
0.0000000000 0.0000000000 0 0 0 0 0 0 0 0 112 1 0 0 0 0 231219 194412.616
0.0000000000 0.0000000000 0 0 0 0 0 0 0 0 112 1 0 0 0 0 231219 194412.817
0.0000000000 0.0000000000 0 0 0 0 0 0 0 0 112 1 0 0 0 0 231219 194413.017
0.0000000000 0.0000000000 0 0 0 0 0 0 0 0 112 1 0 0 0 0 231219 194413.217
0.0000000000 0.0000000000 0 0 0 0 0 0 0 0 112 1 0 0 0 0 231219 194413.417
0.0000000000 0.0000000000 0 0 0 0 0 0 0 0 112 1 0 0 0 0 231219 194413.618
0.0000000000 0.0000000000 0 0 0 0 0 0 0 0 127 0 0 0 0 0 231219 194413.818
0.0000000000 0.0000000000 0 0 0 0 0 0 0 0 127 0 0 0 0 0 231219 194414.018
0.0000000000 0.0000000000 0 0 0 0 0 0 0 0 127 0 0 0 0 0 231219 194414.218
0.0000000000 0.0000000000 0 0 0 0 0 0 0 0 127 0 0 0 0 0 231219 194414.418
0.0000000000 0.0000000000 0 0 0 0 0 0 0 0 127 0 0 0 0 0 231219 194414.619
0.0000000000 0.0000000000 0 0 0 0 0 0 0 0 127 0 0 0 0 0 231219 194414.819
