0.0000000000 0.0000000000 0 0 0 0 0 0 0 0 112 1 0 0 0 0 221219 193227.003
0.0000000000 0.0000000000 0 0 0 0 0 0 0 0 112 1 0 0 0 0 221219 193227.203
0.0000000000 0.0000000000 0 0 0 0 0 0 0 0 112 1 0 0 0 0 221219 193227.403
0.0000000000 0.0000000000 0 0 0 0 0 0 0 0 112 1 0 0 0 0 221219 193227.603
0.0000000000 0.0000000000 0 0 0 0 0 0 0 0 112 1 0 0 0 0 221219 193227.804
0.0000000000 0.0000000000 0 0 0 0 0 0 0 0 112 1 0 0 0 0 221219 193228.004
0.0000000000 0.0000000000 0 0 0 0 0 0 0 0 112 1 0 0 0 0 221219 193228.204
0.0000000000 0.0000000000 0 0 0 0 0 0 0 0 112 1 0 0 0 0 221219 193228.405
0.0000000000 0.0000000000 0 0 0 0 0 0 0 0 112 1 0 0 0 0 221219 193228.605
0.0000000000 0.0000000000 0 0 0 0 0 0 0 0 112 1 0 0 0 0 221219 193228.805
0.0000000000 0.0000000000 0 0 0 0 0 0 0 0 112 1 0 0 0 0 221219 193229.005
0.0000000000 0.0000000000 0 0 0 0 0 0 0 0 112 1 0 0 0 0 221219 193229.206
0.0000000000 0.0000000000 0 0 0 0 0 0 0 0 112 1 0 0 0 0 221219 193229.406
0.0000000000 0.0000000000 0 0 0 0 0 0 0 0 112 1 0 0 0 0 221219 193229.606
0.0000000000 0.0000000000 0 0 0 0 0 0 0 0 112 1 0 0 0 0 221219 193229.806
0.0000000000 0.0000000000 0 0 0 0 0 0 0 0 112 1 0 0 0 0 221219 193230.006
0.0000000000 0.0000000000 0 0 0 0 0 0 0 0 112 1 0 0 0 0 221219 193230.207
0.0000000000 0.0000000000 0 0 0 0 0 0 0 0 112 1 0 0 0 0 221219 193230.407
0.0000000000 0.0000000000 0 0 0 0 0 0 0 0 112 1 0 0 0 0 221219 193230.607
0.0000000000 0.0000000000 0 0 0 0 0 0 0 0 112 1 0 0 0 0 221219 193230.807
0.0000000000 0.0000000000 0 0 0 0 0 0 0 0 112 1 0 0 0 0 221219 193231.008
0.0000000000 0.0000000000 0 0 0 0 0 0 0 0 112 1 0 0 0 0 221219 193231.208
0.0000000000 0.0000000000 0 0 0 0 0 0 0 0 112 1 0 0 0 0 221219 193231.408
0.0000000000 0.0000000000 0 0 0 0 0 0 0 0 112 1 0 0 0 0 221219 193231.608
0.0000000000 0.0000000000 0 0 0 0 0 0 0 0 112 1 0 0 0 0 221219 193231.808
0.0000000000 0.0000000000 0 0 0 0 0 0 0 0 112 1 0 0 0 0 221219 193232.009
0.0000000000 0.0000000000 0 0 0 0 0 0 0 0 112 1 0 0 0 0 221219 193232.209
0.0000000000 0.0000000000 0 0 0 0 0 0 0 0 112 1 0 0 0 0 221219 193232.409
0.0000000000 0.0000000000 0 0 0 0 0 0 0 0 112 1 0 0 0 0 221219 193232.609
0.0000000000 0.0000000000 0 0 0 0 0 0 0 0 112 1 0 0 0 0 221219 193232.810
0.0000000000 0.0000000000 0 0 0 0 0 0 0 0 112 1 0 0 0 0 221219 193233.010
0.0000000000 0.0000000000 0 0 0 0 0 0 0 0 112 1 0 0 0 0 221219 193233.210
0.0000000000 0.0000000000 0 0 0 0 0 0 0 0 112 1 0 0 0 0 221219 193233.410
0.0000000000 0.0000000000 0 0 0 0 0 0 0 0 112 1 0 0 0 0 221219 193233.611
0.0000000000 0.0000000000 0 0 0 0 0 0 0 0 112 1 0 0 0 0 221219 193233.811
0.0000000000 0.0000000000 0 0 0 0 0 0 0 0 112 1 0 0 0 0 221219 193234.011
0.0000000000 0.0000000000 0 0 0 0 0 0 0 0 112 1 0 0 0 0 221219 193234.211
0.0000000000 0.0000000000 0 0 0 0 0 0 0 0 112 1 0 0 0 0 221219 193234.411
0.0000000000 0.0000000000 0 0 0 0 0 0 0 0 112 1 0 0 0 0 221219 193234.612
0.0000000000 0.0000000000 0 0 0 0 0 0 0 0 112 1 0 0 0 0 221219 193234.812
0.0000000000 0.0000000000 0 0 0 0 0 0 0 0 112 1 0 0 0 0 221219 193235.012
0.0000000000 0.0000000000 0 0 0 0 0 0 0 0 112 1 0 0 0 0 221219 193235.212
0.0000000000 0.0000000000 0 0 0 0 0 0 0 0 112 1 0 0 0 0 221219 193235.412
0.0000000000 0.0000000000 0 0 0 0 0 0 0 0 112 1 0 0 0 0 221219 193235.612
0.0000000000 0.0000000000 0 0 0 0 0 0 0 0 112 1 0 0 0 0 221219 193235.813
0.0000000000 0.0000000000 0 0 0 0 0 0 0 0 112 1 0 0 0 0 221219 193236.013
0.0000000000 0.0000000000 0 0 0 0 0 0 0 0 112 1 0 0 0 0 221219 193236.213
0.0000000000 0.0000000000 0 0 0 0 0 0 0 0 112 1 0 0 0 0 221219 193236.413
0.0000000000 0.0000000000 0 0 0 0 0 0 0 0 112 1 0 0 0 0 221219 193236.613
0.0000000000 0.0000000000 0 0 0 0 0 0 0 0 112 1 0 0 0 0 221219 193236.813
0.0000000000 0.0000000000 0 0 0 0 0 0 0 0 112 1 0 0 0 0 221219 193237.013
0.0000000000 0.0000000000 0 0 0 0 0 0 0 0 112 1 0 0 0 0 221219 193237.214
0.0000000000 0.0000000000 0 0 0 0 0 0 0 0 112 1 0 0 0 0 221219 193237.414
0.0000000000 0.0000000000 0 0 0 0 0 0 0 0 112 1 0 0 0 0 221219 193237.614
0.0000000000 0.0000000000 0 0 0 0 0 0 0 0 112 1 0 0 0 0 221219 193237.814
0.0000000000 0.0000000000 0 0 0 0 0 0 0 0 112 1 0 0 0 0 221219 193238.014
0.0000000000 0.0000000000 0 0 0 0 0 0 0 0 112 1 0 0 0 0 221219 193238.215
0.0000000000 0.0000000000 0 0 0 0 0 0 0 0 112 1 0 0 0 0 221219 193238.415
0.0000000000 0.0000000000 0 0 0 0 0 0 0 0 112 1 0 0 0 0 221219 193238.615
0.0000000000 0.0000000000 0 0 0 0 0 0 0 0 112 1 0 0 0 0 221219 193238.815
0.0000000000 0.0000000000 0 0 0 0 0 0 0 0 112 1 0 0 0 0 221219 193239.015
0.0000000000 0.0000000000 0 0 0 0 0 0 0 0 112 1 0 0 0 0 221219 193239.216
0.0000000000 0.0000000000 0 0 0 0 0 0 0 0 112 1 0 0 0 0 221219 193239.416
0.0000000000 0.0000000000 0 0 0 0 0 0 0 0 112 1 0 0 0 0 221219 193239.616
0.0000000000 0.0000000000 0 0 0 0 0 0 0 0 112 1 0 0 0 0 221219 193239.816
0.0000000000 0.0000000000 0 0 0 0 0 0 0 0 112 1 0 0 0 0 221219 193240.016
0.0000000000 0.0000000000 0 0 0 0 0 0 0 0 112 1 0 0 0 0 221219 193240.216
0.0000000000 0.0000000000 0 0 0 0 0 0 0 0 112 1 0 0 0 0 221219 193240.417
0.0000000000 0.0000000000 0 0 0 0 0 0 0 0 112 1 0 0 0 0 221219 193240.617
0.0000000000 0.0000000000 0 0 0 0 0 0 0 0 112 1 0 0 0 0 221219 193240.817
0.0000000000 0.0000000000 0 0 0 0 0 0 0 0 112 1 0 0 0 0 221219 193241.018
0.0000000000 0.0000000000 0 0 0 0 0 0 0 0 112 1 0 0 0 0 221219 193241.218
0.0000000000 0.0000000000 0 0 0 0 0 0 0 0 112 1 0 0 0 0 221219 193241.418
0.0000000000 0.0000000000 0 0 0 0 0 0 0 0 112 1 0 0 0 0 221219 193241.618
0.0000000000 0.0000000000 0 0 0 0 0 0 0 0 112 1 0 0 0 0 221219 193241.819
0.0000000000 0.0000000000 0 0 0 0 0 0 0 0 112 1 0 0 0 0 221219 193242.019
0.0000000000 0.0000000000 0 0 0 0 0 0 0 0 112 1 0 0 0 0 221219 193242.219
0.0000000000 0.0000000000 0 0 0 0 0 0 0 0 112 1 0 0 0 0 221219 193242.420
0.0000000000 0.0000000000 0 0 0 0 0 0 0 0 112 1 0 0 0 0 221219 193242.620
0.0000000000 0.0000000000 0 0 0 0 0 0 0 0 112 1 0 0 0 0 221219 193242.820
0.0000000000 0.0000000000 0 0 0 0 0 0 0 0 112 1 0 0 0 0 221219 193243.020
0.0000000000 0.0000000000 0 0 0 0 0 0 0 0 112 1 0 0 0 0 221219 193243.221
0.0000000000 0.0000000000 0 0 0 0 0 0 0 0 112 1 0 0 0 0 221219 193243.421
0.0000000000 0.0000000000 0 0 0 0 0 0 0 0 112 1 0 0 0 0 221219 193243.621
0.0000000000 0.0000000000 0 0 0 0 0 0 0 0 112 1 0 0 0 0 221219 193243.822
0.0000000000 0.0000000000 0 0 0 0 0 0 0 0 112 1 0 0 0 0 221219 193244.022
0.0000000000 0.0000000000 0 0 0 0 0 0 0 0 112 1 0 0 0 0 221219 193244.223
0.0000000000 0.0000000000 0 0 0 0 0 0 0 0 112 1 0 0 0 0 221219 193244.423
0.0000000000 0.0000000000 0 0 0 0 0 0 0 0 112 1 0 0 0 0 221219 193244.623
0.0000000000 0.0000000000 0 0 0 0 0 0 0 0 112 1 0 0 0 0 221219 193244.824
0.0000000000 0.0000000000 0 0 0 0 0 0 0 0 112 1 0 0 0 0 221219 193245.024
0.0000000000 0.0000000000 0 0 0 0 0 0 0 0 112 1 0 0 0 0 221219 193245.224
0.0000000000 0.0000000000 0 0 0 0 0 0 0 0 112 1 0 0 0 0 221219 193245.424
0.0000000000 0.0000000000 0 0 0 0 0 0 0 0 112 1 0 0 0 0 221219 193245.624
0.0000000000 0.0000000000 0 0 0 0 0 0 0 0 112 1 0 0 0 0 221219 193245.824
0.0000000000 0.0000000000 0 0 0 0 0 0 0 0 112 1 0 0 0 0 221219 193246.025
0.0000000000 0.0000000000 0 0 0 0 0 0 0 0 112 1 0 0 0 0 221219 193246.225
0.0000000000 0.0000000000 0 0 0 0 0 0 0 0 112 1 0 0 0 0 221219 193246.425
0.0000000000 0.0000000000 0 0 0 0 0 0 0 0 112 1 0 0 0 0 221219 193246.625
0.0000000000 0.0000000000 0 0 0 0 0 0 0 0 112 1 0 0 0 0 221219 193246.826
0.0000000000 0.0000000000 0 0 0 0 0 0 0 0 112 1 0 0 0 0 221219 193247.026
0.0000000000 0.0000000000 0 0 0 0 0 0 0 0 112 1 0 0 0 0 221219 193247.226
0.0000000000 0.0000000000 0 0 0 0 0 0 0 0 112 1 0 0 0 0 221219 193247.426
0.0000000000 0.0000000000 0 0 0 0 0 0 0 0 112 1 0 0 0 0 221219 193247.626
0.0000000000 0.0000000000 0 0 0 0 0 0 0 0 112 1 0 0 0 0 221219 193247.827
0.0000000000 0.0000000000 0 0 0 0 0 0 0 0 112 1 0 0 0 0 221219 193248.027
0.0000000000 0.0000000000 0 0 0 0 0 0 0 0 112 1 0 0 0 0 221219 193248.227
0.0000000000 0.0000000000 0 0 0 0 0 0 0 0 112 1 0 0 0 0 221219 193248.427
0.0000000000 0.0000000000 0 0 0 0 0 0 243 239 112 1 0 0 0 0 221219 193248.628
0.0000000000 0.0000000000 0 0 0 0 0 0 102 234 112 1 0 0 0 0 221219 193248.828
0.0000000000 0.0000000000 0 0 0 0 0 0 203 237 112 1 0 0 0 0 221219 193249.028
0.0000000000 0.0000000000 0 0 0 0 0 0 9 233 112 1 0 0 0 0 221219 193249.228
0.0000000000 0.0000000000 0 0 0 0 0 0 28 243 112 1 0 0 0 0 221219 193249.428
0.0000000000 0.0000000000 0 0 0 0 0 0 63 242 112 1 0 0 0 0 221219 193249.629
0.0000000000 0.0000000000 0 0 0 0 0 0 42 241 112 1 0 0 0 0 221219 193249.829
0.0000000000 0.0000000000 0 0 0 0 0 0 73 240 112 1 0 0 0 0 221219 193250.029
0.0000000000 0.0000000000 0 0 0 0 0 0 199 233 112 1 0 0 0 0 221219 193250.229
0.0000000000 0.0000000000 0 0 0 0 0 0 215 235 112 1 0 0 0 0 221219 193250.429
0.0000000000 0.0000000000 0 0 0 0 0 0 116 230 112 1 0 0 0 0 221219 193250.629
0.0000000000 0.0000000000 0 0 0 0 0 0 50 229 112 1 0 0 0 0 221219 193250.830
0.0000000000 0.0000000000 0 0 0 0 0 0 215 227 112 1 0 0 0 0 221219 193251.030
0.0000000000 0.0000000000 0 0 0 0 0 0 186 235 112 1 0 0 0 0 221219 193251.230
0.0000000000 0.0000000000 0 0 0 0 0 0 231 234 112 1 0 0 0 0 221219 193251.430
0.0000000000 0.0000000000 0 0 0 0 0 0 9 234 112 1 0 0 0 0 221219 193251.631
0.0000000000 0.0000000000 0 0 0 0 0 0 38 233 112 1 0 0 0 0 221219 193251.831
0.0000000000 0.0000000000 0 0 0 0 0 0 254 231 112 1 0 0 0 0 221219 193252.031
0.0000000000 0.0000000000 0 0 0 0 0 0 127 214 112 1 0 0 0 0 221219 193252.231
0.0000000000 0.0000000000 0 0 0 0 0 0 209 229 112 1 0 0 0 0 221219 193252.431
0.0000000000 0.0000000000 0 0 0 0 0 0 127 229 112 1 0 0 0 0 221219 193252.632
0.0000000000 0.0000000000 0 0 0 0 0 0 246 227 112 1 0 0 0 0 221219 193252.832
0.0000000000 0.0000000000 0 0 0 0 0 0 7 226 112 1 0 0 0 0 221219 193253.032
0.0000000000 0.0000000000 0 0 0 0 0 0 248 224 112 1 0 0 0 0 221219 193253.232
0.0000000000 0.0000000000 0 0 0 0 0 0 236 217 112 1 0 0 0 0 221219 193253.432
0.0000000000 0.0000000000 0 0 0 0 0 0 69 223 112 1 0 0 0 0 221219 193253.633
0.0000000000 0.0000000000 0 0 0 0 0 0 239 222 112 1 0 0 0 0 221219 193253.833
0.0000000000 0.0000000000 0 0 0 0 0 0 150 221 112 1 0 0 0 0 221219 193254.033
0.0000000000 0.0000000000 0 0 0 0 0 0 170 212 112 1 0 0 0 0 221219 193254.233
0.0000000000 0.0000000000 0 0 0 0 0 0 93 218 112 1 0 0 0 0 221219 193254.434
0.0000000000 0.0000000000 0 0 0 0 0 0 130 217 112 1 0 0 0 0 221219 193254.634
0.0000000000 0.0000000000 0 0 0 0 0 0 143 208 112 1 0 0 0 0 221219 193254.834
0.0000000000 0.0000000000 0 0 0 0 0 0 249 215 112 1 0 0 0 0 221219 193255.034
0.0000000000 0.0000000000 0 0 0 0 0 0 43 231 112 1 0 0 0 0 221219 193255.234
0.0000000000 0.0000000000 0 0 0 0 0 0 184 214 112 1 0 0 0 0 221219 193255.434
0.0000000000 0.0000000000 0 0 0 0 0 0 214 213 112 1 0 0 0 0 221219 193255.634
0.0000000000 0.0000000000 0 0 0 0 0 0 248 206 112 1 0 0 0 0 221219 193255.835
0.0000000000 0.0000000000 0 0 0 0 0 0 118 197 112 1 0 0 0 0 221219 193256.035
0.0000000000 0.0000000000 0 0 0 0 0 0 166 206 112 1 0 0 0 0 221219 193256.235
0.0000000000 0.0000000000 0 0 0 0 0 0 249 195 112 1 0 0 0 0 221219 193256.435
0.0000000000 0.0000000000 0 0 0 0 0 0 41 203 112 1 0 0 0 0 221219 193256.636
0.0000000000 0.0000000000 0 0 0 0 0 0 183 204 112 1 0 0 0 0 221219 193256.836
0.0000000000 0.0000000000 0 0 0 0 0 0 211 200 112 1 0 0 0 0 221219 193257.036
0.0000000000 0.0000000000 0 0 0 0 0 0 192 201 112 1 0 0 0 0 221219 193257.236
0.0000000000 0.0000000000 0 0 0 0 0 0 162 202 112 1 0 0 0 0 221219 193257.436
0.0000000000 0.0000000000 0 0 0 0 0 0 186 202 112 1 0 0 0 0 221219 193257.637
0.0000000000 0.0000000000 0 0 0 0 0 0 117 197 112 1 0 0 0 0 221219 193257.837
0.0000000000 0.0000000000 0 0 0 0 0 0 6 205 112 1 0 0 0 0 221219 193258.037
0.0000000000 0.0000000000 0 0 0 0 0 0 162 205 112 1 0 0 0 0 221219 193258.237
0.0000000000 0.0000000000 0 0 0 0 0 0 243 204 112 1 0 0 0 0 221219 193258.437
0.0000000000 0.0000000000 0 0 0 0 0 0 81 204 112 1 0 0 0 0 221219 193258.637
0.0000000000 0.0000000000 0 0 0 0 0 0 55 204 112 1 0 0 0 0 221219 193258.838
0.0000000000 0.0000000000 0 0 0 0 0 0 87 204 112 1 0 0 0 0 221219 193259.038
0.0000000000 0.0000000000 0 0 0 0 0 0 79 204 112 1 0 0 0 0 221219 193259.238
0.0000000000 0.0000000000 0 0 0 0 0 0 27 207 112 1 0 0 0 0 221219 193259.438
0.0000000000 0.0000000000 0 0 0 0 0 0 213 203 112 1 0 0 0 0 221219 193259.638
0.0000000000 0.0000000000 0 0 0 0 0 0 239 203 112 1 0 0 0 0 221219 193259.838
0.0000000000 0.0000000000 0 0 0 0 0 0 64 205 112 1 0 0 0 0 221219 193300.038
0.0000000000 0.0000000000 0 0 0 0 0 0 44 205 112 1 0 0 0 0 221219 193300.239
0.0000000000 0.0000000000 0 0 0 0 0 0 115 202 112 1 0 0 0 0 221219 193300.439
0.0000000000 0.0000000000 0 0 0 0 0 0 52 205 112 1 0 0 0 0 221219 193300.639
0.0000000000 0.0000000000 0 0 0 0 0 0 251 206 112 1 0 0 0 0 221219 193300.839
0.0000000000 0.0000000000 0 0 0 0 0 0 251 203 112 1 0 0 0 0 221219 193301.039
0.0000000000 0.0000000000 0 0 0 0 0 0 23 204 112 1 0 0 0 0 221219 193301.239
0.0000000000 0.0000000000 0 0 0 0 0 0 74 204 112 1 0 0 0 0 221219 193301.440
0.0000000000 0.0000000000 0 0 0 0 0 0 142 195 112 1 0 0 0 0 221219 193301.640
0.0000000000 0.0000000000 0 0 0 0 0 0 186 203 112 1 0 0 0 0 221219 193301.840
0.0000000000 0.0000000000 0 0 0 0 0 0 114 204 112 1 0 0 0 0 221219 193302.040
0.0000000000 0.0000000000 0 0 0 0 0 0 195 204 112 1 0 0 0 0 221219 193302.240
0.0000000000 0.0000000000 0 0 0 0 0 0 184 204 112 1 0 0 0 0 221219 193302.441
0.0000000000 0.0000000000 0 0 0 0 0 0 236 204 112 1 0 0 0 0 221219 193302.641
0.0000000000 0.0000000000 0 0 0 0 0 0 248 204 112 1 0 0 0 0 221219 193302.841
0.0000000000 0.0000000000 0 0 0 0 0 0 176 204 112 1 0 0 0 0 221219 193303.041
0.0000000000 0.0000000000 0 0 0 0 0 0 37 205 112 1 0 0 0 0 221219 193303.241
0.0000000000 0.0000000000 0 0 0 0 0 0 208 205 112 1 0 0 0 0 221219 193303.442
0.0000000000 0.0000000000 0 0 0 0 0 0 172 205 112 1 0 0 0 0 221219 193303.642
0.0000000000 0.0000000000 0 0 0 0 0 0 254 217 112 1 0 0 0 0 221219 193303.842
0.0000000000 0.0000000000 0 0 0 0 0 0 137 206 112 1 0 0 0 0 221219 193304.042
0.0000000000 0.0000000000 0 0 0 0 0 0 153 208 112 1 0 0 0 0 221219 193304.242
0.0000000000 0.0000000000 0 0 0 0 0 0 13 212 112 1 0 0 0 0 221219 193304.442
0.0000000000 0.0000000000 0 0 0 0 0 0 167 216 112 1 0 0 0 0 221219 193304.643
0.0000000000 0.0000000000 0 0 0 0 0 0 149 208 112 1 0 0 0 0 221219 193304.843
0.0000000000 0.0000000000 0 0 0 0 0 0 172 208 112 1 0 0 0 0 221219 193305.043
0.0000000000 0.0000000000 0 0 0 0 0 0 51 214 112 1 0 0 0 0 221219 193305.244
0.0000000000 0.0000000000 0 0 0 0 0 0 144 211 112 1 0 0 0 0 221219 193305.444
0.0000000000 0.0000000000 0 0 0 0 0 0 88 239 112 1 0 0 0 0 221219 193305.644
0.0000000000 0.0000000000 0 0 0 0 0 0 186 212 112 1 0 0 0 0 221219 193305.845
0.0000000000 0.0000000000 0 0 0 0 0 0 160 212 112 1 0 0 0 0 221219 193306.045
0.0000000000 0.0000000000 0 0 0 0 0 0 171 233 112 1 0 0 0 0 221219 193306.245
0.0000000000 0.0000000000 0 0 0 0 0 0 41 215 112 1 0 0 0 0 221219 193306.446
0.0000000000 0.0000000000 0 0 0 0 0 0 117 211 112 1 0 0 0 0 221219 193306.646
0.0000000000 0.0000000000 0 0 0 0 0 0 35 216 112 1 0 0 0 0 221219 193306.846
0.0000000000 0.0000000000 0 0 0 0 0 0 74 217 112 1 0 0 0 0 221219 193307.046
0.0000000000 0.0000000000 0 0 0 0 0 0 231 217 112 1 0 0 0 0 221219 193307.246
0.0000000000 0.0000000000 0 0 0 0 0 0 215 218 112 1 0 0 0 0 221219 193307.446
0.0000000000 0.0000000000 0 0 0 0 0 0 221 230 112 1 0 0 0 0 221219 193307.646
0.0000000000 0.0000000000 0 0 0 0 0 0 73 220 112 1 0 0 0 0 221219 193307.847
0.0000000000 0.0000000000 0 0 0 0 0 0 74 221 112 1 0 0 0 0 221219 193308.047
0.0000000000 0.0000000000 0 0 0 0 0 0 221 227 112 1 0 0 0 0 221219 193308.247
0.0000000000 0.0000000000 0 0 0 0 0 0 78 232 112 1 0 0 0 0 221219 193308.447
0.0000000000 0.0000000000 0 0 0 0 0 0 4 224 112 1 0 0 0 0 221219 193308.647
0.0000000000 0.0000000000 0 0 0 0 0 0 255 231 112 1 0 0 0 0 221219 193308.848
0.0000000000 0.0000000000 0 0 0 0 0 0 14 227 112 1 0 0 0 0 221219 193309.048
0.0000000000 0.0000000000 0 0 0 0 0 0 144 227 112 1 0 0 0 0 221219 193309.248
0.0000000000 0.0000000000 0 0 0 0 0 0 83 228 112 1 0 0 0 0 221219 193309.448
0.0000000000 0.0000000000 0 0 0 0 0 0 100 229 112 1 0 0 0 0 221219 193309.648
0.0000000000 0.0000000000 0 0 0 0 0 0 27 230 112 1 0 0 0 0 221219 193309.849
0.0000000000 0.0000000000 0 0 0 0 0 0 81 238 112 1 0 0 0 0 221219 193310.049
0.0000000000 0.0000000000 0 0 0 0 0 0 147 232 112 1 0 0 0 0 221219 193310.249
0.0000000000 0.0000000000 0 0 0 0 0 0 82 233 112 1 0 0 0 0 221219 193310.449
0.0000000000 0.0000000000 0 0 0 0 0 0 172 233 112 1 0 0 0 0 221219 193310.649
0.0000000000 0.0000000000 0 0 0 0 0 0 235 234 112 1 0 0 0 0 221219 193310.850
0.0000000000 0.0000000000 0 0 0 0 0 0 189 240 112 1 0 0 0 0 221219 193311.050
0.0000000000 0.0000000000 0 0 0 0 0 0 148 237 112 1 0 0 0 0 221219 193311.250
0.0000000000 0.0000000000 0 0 0 0 0 0 67 238 112 1 0 0 0 0 221219 193311.450
0.0000000000 0.0000000000 0 0 0 0 0 0 125 239 112 1 0 0 0 0 221219 193311.650
0.0000000000 0.0000000000 0 0 0 0 0 0 122 249 112 1 0 0 0 0 221219 193311.851
0.0000000000 0.0000000000 0 0 0 0 0 0 189 0 112 1 0 0 0 0 221219 193312.051
0.0000000000 0.0000000000 0 0 0 0 0 0 194 250 112 1 0 0 0 0 221219 193312.251
0.0000000000 0.0000000000 0 0 0 0 0 0 53 250 112 1 0 0 0 0 221219 193312.451
0.0000000000 0.0000000000 0 0 0 0 0 0 204 255 112 1 0 0 0 0 221219 193312.652
0.0000000000 0.0000000000 0 0 0 0 0 0 47 255 112 1 0 0 0 0 221219 193312.852
0.0000000000 0.0000000000 0 0 0 0 0 0 65 253 112 1 0 0 0 0 221219 193313.052
0.0000000000 0.0000000000 0 0 0 0 0 0 190 252 112 1 0 0 0 0 221219 193313.252
0.0000000000 0.0000000000 0 0 0 0 0 0 0 0 112 1 0 0 0 0 221219 193313.453
0.0000000000 0.0000000000 0 0 0 0 0 0 0 0 112 1 0 0 0 0 221219 193313.653
0.0000000000 0.0000000000 0 0 0 0 0 0 0 0 112 1 0 0 0 0 221219 193313.853
0.0000000000 0.0000000000 0 0 0 0 0 0 0 0 112 1 0 0 0 0 221219 193314.053
0.0000000000 0.0000000000 0 0 0 0 0 0 0 0 112 1 0 0 0 0 221219 193314.254
0.0000000000 0.0000000000 0 0 0 0 0 0 0 0 112 1 0 0 0 0 221219 193314.454
0.0000000000 0.0000000000 0 0 0 0 0 0 0 0 112 1 0 0 0 0 221219 193314.654
0.0000000000 0.0000000000 0 0 0 0 0 0 0 0 112 1 0 0 0 0 221219 193314.854
0.0000000000 0.0000000000 0 0 0 0 0 0 0 0 112 1 0 0 0 0 221219 193315.055
0.0000000000 0.0000000000 0 0 0 0 0 0 0 0 112 1 0 0 0 0 221219 193315.255
0.0000000000 0.0000000000 0 0 0 0 0 0 0 0 112 1 0 0 0 0 221219 193315.455
0.0000000000 0.0000000000 0 0 0 0 0 0 0 0 112 1 0 0 0 0 221219 193315.655
0.0000000000 0.0000000000 0 0 0 0 0 0 0 0 112 1 0 0 0 0 221219 193315.855
0.0000000000 0.0000000000 0 0 0 0 0 0 0 0 112 1 0 0 0 0 221219 193316.056
0.0000000000 0.0000000000 0 0 0 0 0 0 0 0 112 1 0 0 0 0 221219 193316.256
0.0000000000 0.0000000000 0 0 0 0 0 0 0 0 112 1 0 0 0 0 221219 193316.456
0.0000000000 0.0000000000 0 0 0 0 0 0 0 0 112 1 0 0 0 0 221219 193316.656
0.0000000000 0.0000000000 0 0 0 0 0 0 0 0 112 1 0 0 0 0 221219 193316.856
0.0000000000 0.0000000000 0 0 0 0 0 0 0 0 112 1 0 0 0 0 221219 193317.056
0.0000000000 0.0000000000 0 0 0 0 0 0 0 0 112 1 0 0 0 0 221219 193317.257
0.0000000000 0.0000000000 0 0 0 0 0 0 0 0 112 1 0 0 0 0 221219 193317.457
0.0000000000 0.0000000000 0 0 0 0 0 0 0 0 112 1 0 0 0 0 221219 193317.657
0.0000000000 0.0000000000 0 0 0 0 0 0 0 0 112 1 0 0 0 0 221219 193317.857
0.0000000000 0.0000000000 0 0 0 0 0 0 0 0 112 1 0 0 0 0 221219 193318.057
0.0000000000 0.0000000000 0 0 0 0 0 0 0 0 112 1 0 0 0 0 221219 193318.258
0.0000000000 0.0000000000 0 0 0 0 0 0 0 0 112 1 0 0 0 0 221219 193318.458
0.0000000000 0.0000000000 0 0 0 0 0 0 0 0 112 1 0 0 0 0 221219 193318.658
0.0000000000 0.0000000000 0 0 0 0 0 0 0 0 112 1 0 0 0 0 221219 193318.858
0.0000000000 0.0000000000 0 0 0 0 0 0 0 0 112 1 0 0 0 0 221219 193319.058
0.0000000000 0.0000000000 0 0 0 0 0 0 0 0 112 1 0 0 0 0 221219 193319.258
0.0000000000 0.0000000000 0 0 0 0 0 0 0 0 112 1 0 0 0 0 221219 193319.459
0.0000000000 0.0000000000 0 0 0 0 0 0 0 0 112 1 0 0 0 0 221219 193319.659
0.0000000000 0.0000000000 0 0 0 0 0 0 0 0 112 1 0 0 0 0 221219 193319.859
0.0000000000 0.0000000000 0 0 0 0 0 0 0 0 112 1 0 0 0 0 221219 193320.059
0.0000000000 0.0000000000 0 0 0 0 0 0 0 0 112 1 0 0 0 0 221219 193320.259
0.0000000000 0.0000000000 0 0 0 0 0 0 0 0 112 1 0 0 0 0 221219 193320.460
0.0000000000 0.0000000000 0 0 0 0 0 0 0 0 112 1 0 0 0 0 221219 193320.660
0.0000000000 0.0000000000 0 0 0 0 0 0 0 0 112 1 0 0 0 0 221219 193320.860
0.0000000000 0.0000000000 0 0 0 0 0 0 0 0 112 1 0 0 0 0 221219 193321.060
0.0000000000 0.0000000000 0 0 0 0 0 0 0 0 112 1 0 0 0 0 221219 193321.260
0.0000000000 0.0000000000 0 0 0 0 0 0 0 0 112 1 0 0 0 0 221219 193321.460
0.0000000000 0.0000000000 0 0 0 0 0 0 85 246 112 1 0 0 0 0 221219 193321.660
0.0000000000 0.0000000000 0 0 0 0 0 0 63 245 112 1 0 0 0 0 221219 193321.861
0.0000000000 0.0000000000 0 0 0 0 0 0 153 244 112 1 0 0 0 0 221219 193322.061
0.0000000000 0.0000000000 0 0 0 0 0 0 3 239 112 1 0 0 0 0 221219 193322.261
0.0000000000 0.0000000000 0 0 0 0 0 0 10 243 112 1 0 0 0 0 221219 193322.461
0.0000000000 0.0000000000 0 0 0 0 0 0 1 231 112 1 0 0 0 0 221219 193322.661
0.0000000000 0.0000000000 0 0 0 0 0 0 9 241 112 1 0 0 0 0 221219 193322.861
0.0000000000 0.0000000000 0 0 0 0 0 0 128 239 112 1 0 0 0 0 221219 193323.061
0.0000000000 0.0000000000 0 0 0 0 0 0 20 240 112 1 0 0 0 0 221219 193323.262
0.0000000000 0.0000000000 0 0 0 0 0 0 45 239 112 1 0 0 0 0 221219 193323.462
0.0000000000 0.0000000000 0 0 0 0 0 0 232 237 112 1 0 0 0 0 221219 193323.662
0.0000000000 0.0000000000 0 0 0 0 0 0 118 236 112 1 0 0 0 0 221219 193323.862
0.0000000000 0.0000000000 0 0 0 0 0 0 118 234 112 1 0 0 0 0 221219 193324.062
0.0000000000 0.0000000000 0 0 0 0 0 0 40 237 112 1 0 0 0 0 221219 193324.263
0.0000000000 0.0000000000 0 0 0 0 0 0 250 232 112 1 0 0 0 0 221219 193324.463
0.0000000000 0.0000000000 0 0 0 0 0 0 69 231 112 1 0 0 0 0 221219 193324.663
0.0000000000 0.0000000000 0 0 0 0 0 0 166 230 112 1 0 0 0 0 221219 193324.863
0.0000000000 0.0000000000 0 0 0 0 0 0 65 230 112 1 0 0 0 0 221219 193325.063
0.0000000000 0.0000000000 0 0 0 0 0 0 171 228 112 1 0 0 0 0 221219 193325.263
0.0000000000 0.0000000000 0 0 0 0 0 0 160 227 112 1 0 0 0 0 221219 193325.464
0.0000000000 0.0000000000 0 0 0 0 0 0 179 226 112 1 0 0 0 0 221219 193325.664
0.0000000000 0.0000000000 0 0 0 0 0 0 51 225 112 1 0 0 0 0 221219 193325.864
0.0000000000 0.0000000000 0 0 0 0 0 0 48 224 112 1 0 0 0 0 221219 193326.064
0.0000000000 0.0000000000 0 0 0 0 0 0 134 222 112 1 0 0 0 0 221219 193326.264
0.0000000000 0.0000000000 0 0 0 0 0 0 139 221 112 1 0 0 0 0 221219 193326.464
0.0000000000 0.0000000000 0 0 0 0 0 0 231 209 112 1 0 0 0 0 221219 193326.665
0.0000000000 0.0000000000 0 0 0 0 0 0 115 219 112 1 0 0 0 0 221219 193326.865
0.0000000000 0.0000000000 0 0 0 0 0 0 126 212 112 1 0 0 0 0 221219 193327.065
0.0000000000 0.0000000000 0 0 0 0 0 0 59 213 112 1 0 0 0 0 221219 193327.265
0.0000000000 0.0000000000 0 0 0 0 0 0 113 217 112 1 0 0 0 0 221219 193327.465
0.0000000000 0.0000000000 0 0 0 0 0 0 85 216 112 1 0 0 0 0 221219 193327.666
0.0000000000 0.0000000000 0 0 0 0 0 0 86 215 112 1 0 0 0 0 221219 193327.866
0.0000000000 0.0000000000 0 0 0 0 0 0 250 214 112 1 0 0 0 0 221219 193328.066
0.0000000000 0.0000000000 0 0 0 0 0 0 42 214 112 1 0 0 0 0 221219 193328.266
0.0000000000 0.0000000000 0 0 0 0 0 0 0 0 127 0 0 0 0 0 221219 193328.466
0.0000000000 0.0000000000 0 0 0 0 0 0 0 0 127 0 0 0 0 0 221219 193328.666
0.0000000000 0.0000000000 0 0 0 0 0 0 0 0 127 0 0 0 0 0 221219 193328.866
0.0000000000 0.0000000000 0 0 0 0 0 0 0 0 127 0 0 0 0 0 221219 193329.067
0.0000000000 0.0000000000 0 0 0 0 0 0 0 0 127 0 0 0 0 0 221219 193329.267
0.0000000000 0.0000000000 0 0 0 0 0 0 0 0 127 0 0 0 0 0 221219 193329.467
0.0000000000 0.0000000000 0 0 0 0 0 0 0 0 127 0 0 0 0 0 221219 193329.667
0.0000000000 0.0000000000 0 0 0 0 0 0 0 0 127 0 0 0 0 0 221219 193329.867
0.0000000000 0.0000000000 0 0 0 0 0 0 0 0 127 0 0 0 0 0 221219 193330.068
0.0000000000 0.0000000000 0 0 0 0 0 0 0 0 127 0 0 0 0 0 221219 193330.268
0.0000000000 0.0000000000 0 0 0 0 0 0 0 0 127 0 0 0 0 0 221219 193330.468
0.0000000000 0.0000000000 0 0 0 0 0 0 0 0 127 0 0 0 0 0 221219 193330.668
0.0000000000 0.0000000000 0 0 0 0 0 0 0 0 127 0 0 0 0 0 221219 193330.868
0.0000000000 0.0000000000 0 0 0 0 0 0 0 0 127 0 0 0 0 0 221219 193331.069
0.0000000000 0.0000000000 0 0 0 0 0 0 0 0 127 0 0 0 0 0 221219 193331.269
0.0000000000 0.0000000000 0 0 0 0 0 0 0 0 127 0 0 0 0 0 221219 193331.469
0.0000000000 0.0000000000 0 0 0 0 0 0 0 0 127 0 0 0 0 0 221219 193331.669
0.0000000000 0.0000000000 0 0 0 0 0 0 0 0 127 0 0 0 0 0 221219 193331.870
0.0000000000 0.0000000000 0 0 0 0 0 0 0 0 127 0 0 0 0 0 221219 193332.070
0.0000000000 0.0000000000 0 0 0 0 0 0 0 0 127 0 0 0 0 0 221219 193332.270
0.0000000000 0.0000000000 0 0 0 0 0 0 0 0 127 0 0 0 0 0 221219 193332.470
0.0000000000 0.0000000000 0 0 0 0 0 0 0 0 127 0 0 0 0 0 221219 193332.671
0.0000000000 0.0000000000 0 0 0 0 0 0 0 0 127 0 0 0 0 0 221219 193332.871
0.0000000000 0.0000000000 0 0 0 0 0 0 0 0 127 0 0 0 0 0 221219 193333.071
0.0000000000 0.0000000000 0 0 0 0 0 0 0 0 127 0 0 0 0 0 221219 193333.271
0.0000000000 0.0000000000 0 0 0 0 0 0 0 0 127 0 0 0 0 0 221219 193333.471
0.0000000000 0.0000000000 0 0 0 0 0 0 0 0 127 0 0 0 0 0 221219 193333.672
0.0000000000 0.0000000000 0 0 0 0 0 0 0 0 127 0 0 0 0 0 221219 193333.872
0.0000000000 0.0000000000 0 0 0 0 0 0 0 0 127 0 0 0 0 0 221219 193334.072
0.0000000000 0.0000000000 0 0 0 0 0 0 0 0 127 0 0 0 0 0 221219 193334.273
0.0000000000 0.0000000000 0 0 0 0 0 0 0 0 127 0 0 0 0 0 221219 193334.473
0.0000000000 0.0000000000 0 0 0 0 0 0 0 0 127 0 0 0 0 0 221219 193334.673
0.0000000000 0.0000000000 0 0 0 0 0 0 0 0 127 0 0 0 0 0 221219 193334.873
0.0000000000 0.0000000000 0 0 0 0 0 0 0 0 127 0 0 0 0 0 221219 193335.074
0.0000000000 0.0000000000 0 0 0 0 0 0 0 0 127 0 0 0 0 0 221219 193335.274
0.0000000000 0.0000000000 0 0 0 0 0 0 0 0 127 0 0 0 0 0 221219 193335.474
0.0000000000 0.0000000000 0 0 0 0 0 0 0 0 127 0 0 0 0 0 221219 193335.675
0.0000000000 0.0000000000 0 0 0 0 0 0 0 0 127 0 0 0 0 0 221219 193335.875
0.0000000000 0.0000000000 0 0 0 0 0 0 0 0 127 0 0 0 0 0 221219 193336.075
0.0000000000 0.0000000000 0 0 0 0 0 0 0 0 127 0 0 0 0 0 221219 193336.276
0.0000000000 0.0000000000 0 0 0 0 0 0 0 0 127 0 0 0 0 0 221219 193336.476
0.0000000000 0.0000000000 0 0 0 0 0 0 0 0 127 0 0 0 0 0 221219 193336.676
0.0000000000 0.0000000000 0 0 0 0 0 0 0 0 127 0 0 0 0 0 221219 193336.877
0.0000000000 0.0000000000 0 0 0 0 0 0 0 0 127 0 0 0 0 0 221219 193337.077
0.0000000000 0.0000000000 0 0 0 0 0 0 0 0 127 0 0 0 0 0 221219 193337.278
0.0000000000 0.0000000000 0 0 0 0 0 0 0 0 127 0 0 0 0 0 221219 193337.478
0.0000000000 0.0000000000 0 0 0 0 0 0 0 0 127 0 0 0 0 0 221219 193337.678
0.0000000000 0.0000000000 0 0 0 0 0 0 0 0 127 0 0 0 0 0 221219 193337.878
0.0000000000 0.0000000000 0 0 0 0 0 0 0 0 127 0 0 0 0 0 221219 193338.079
0.0000000000 0.0000000000 0 0 0 0 0 0 0 0 127 0 0 0 0 0 221219 193338.279
0.0000000000 0.0000000000 0 0 0 0 0 0 0 0 127 0 0 0 0 0 221219 193338.479
0.0000000000 0.0000000000 0 0 0 0 0 0 0 0 127 0 0 0 0 0 221219 193338.679
0.0000000000 0.0000000000 0 0 0 0 0 0 0 0 127 0 0 0 0 0 221219 193338.880
0.0000000000 0.0000000000 0 0 0 0 0 0 0 0 127 0 0 0 0 0 221219 193339.080
0.0000000000 0.0000000000 0 0 0 0 0 0 0 0 127 0 0 0 0 0 221219 193339.280
0.0000000000 0.0000000000 0 0 0 0 0 0 0 0 127 0 0 0 0 0 221219 193339.480
0.0000000000 0.0000000000 0 0 0 0 0 0 0 0 127 0 0 0 0 0 221219 193339.680
0.0000000000 0.0000000000 0 0 0 0 0 0 0 0 127 0 0 0 0 0 221219 193339.880
0.0000000000 0.0000000000 0 0 0 0 0 0 0 0 127 0 0 0 0 0 221219 193340.081
0.0000000000 0.0000000000 0 0 0 0 0 0 0 0 127 0 0 0 0 0 221219 193340.281
0.0000000000 0.0000000000 0 0 0 0 0 0 125 213 112 1 0 0 0 0 221219 193340.481
0.0000000000 0.0000000000 0 0 0 0 0 0 253 213 112 1 0 0 0 0 221219 193340.681
0.0000000000 0.0000000000 0 0 0 0 0 0 207 213 112 1 0 0 0 0 221219 193340.881
0.0000000000 0.0000000000 0 0 0 0 0 0 28 212 112 1 0 0 0 0 221219 193341.082
0.0000000000 0.0000000000 0 0 0 0 0 0 230 210 112 1 0 0 0 0 221219 193341.282
0.0000000000 0.0000000000 0 0 0 0 0 0 160 210 112 1 0 0 0 0 221219 193341.482
0.0000000000 0.0000000000 0 0 0 0 0 0 47 210 112 1 0 0 0 0 221219 193341.682
0.0000000000 0.0000000000 0 0 0 0 0 0 183 210 112 1 0 0 0 0 221219 193341.882
0.0000000000 0.0000000000 0 0 0 0 0 0 218 210 112 1 0 0 0 0 221219 193342.082
0.0000000000 0.0000000000 0 0 0 0 0 0 0 0 127 0 0 0 0 0 221219 193342.283
0.0000000000 0.0000000000 0 0 0 0 0 0 156 211 112 1 0 0 0 0 221219 193342.483
0.0000000000 0.0000000000 0 0 0 0 0 0 172 211 112 1 0 0 0 0 221219 193342.683
0.0000000000 0.0000000000 0 0 0 0 0 0 112 211 112 1 0 0 0 0 221219 193342.883
0.0000000000 0.0000000000 0 0 0 0 0 0 124 210 112 1 0 0 0 0 221219 193343.083
0.0000000000 0.0000000000 0 0 0 0 0 0 162 210 112 1 0 0 0 0 221219 193343.283
0.0000000000 0.0000000000 0 0 0 0 0 0 191 206 112 1 0 0 0 0 221219 193343.483
0.0000000000 0.0000000000 0 0 0 0 0 0 55 210 112 1 0 0 0 0 221219 193343.684
0.0000000000 0.0000000000 0 0 0 0 0 0 104 210 112 1 0 0 0 0 221219 193343.884
0.0000000000 0.0000000000 0 0 0 0 0 0 47 210 112 1 0 0 0 0 221219 193344.084
0.0000000000 0.0000000000 0 0 0 0 0 0 0 0 127 0 0 0 0 0 221219 193344.284
0.0000000000 0.0000000000 0 0 0 0 0 0 0 0 127 0 0 0 0 0 221219 193344.484
0.0000000000 0.0000000000 0 0 0 0 0 0 0 0 127 0 0 0 0 0 221219 193344.684
0.0000000000 0.0000000000 0 0 0 0 0 0 0 0 127 0 0 0 0 0 221219 193344.885
0.0000000000 0.0000000000 0 0 0 0 0 0 0 0 127 0 0 0 0 0 221219 193345.085
0.0000000000 0.0000000000 0 0 0 0 0 0 0 0 127 0 0 0 0 0 221219 193345.285
0.0000000000 0.0000000000 0 0 0 0 0 0 0 0 127 0 0 0 0 0 221219 193345.485
0.0000000000 0.0000000000 0 0 0 0 0 0 0 0 127 0 0 0 0 0 221219 193345.685
0.0000000000 0.0000000000 0 0 0 0 0 0 0 0 127 0 0 0 0 0 221219 193345.885
0.0000000000 0.0000000000 0 0 0 0 0 0 0 0 127 0 0 0 0 0 221219 193346.086
0.0000000000 0.0000000000 0 0 0 0 0 0 0 0 127 0 0 0 0 0 221219 193346.286
0.0000000000 0.0000000000 0 0 0 0 0 0 0 0 127 0 0 0 0 0 221219 193346.486
0.0000000000 0.0000000000 0 0 0 0 0 0 0 0 127 0 0 0 0 0 221219 193346.686
0.0000000000 0.0000000000 0 0 0 0 0 0 0 0 127 0 0 0 0 0 221219 193346.886
0.0000000000 0.0000000000 0 0 0 0 0 0 0 0 127 0 0 0 0 0 221219 193347.087
0.0000000000 0.0000000000 0 0 0 0 0 0 242 50 112 1 0 0 0 0 221219 193347.287
0.0000000000 0.0000000000 0 0 0 0 0 0 89 251 112 1 0 0 0 0 221219 193347.487
0.0000000000 0.0000000000 0 0 0 0 0 0 243 244 112 1 0 0 0 0 221219 193347.687
0.0000000000 0.0000000000 0 0 0 0 0 0 0 0 127 0 0 0 0 0 221219 193347.887
0.0000000000 0.0000000000 0 0 0 0 0 0 16 222 112 1 0 0 0 0 221219 193348.087
0.0000000000 0.0000000000 0 0 0 0 0 0 0 0 127 0 0 0 0 0 221219 193348.287
0.0000000000 0.0000000000 0 0 0 0 0 0 103 222 112 1 0 0 0 0 221219 193348.488
0.0000000000 0.0000000000 0 0 0 0 0 0 208 222 112 1 0 0 0 0 221219 193348.688
0.0000000000 0.0000000000 0 0 0 0 0 0 109 222 112 1 0 0 0 0 221219 193348.888
0.0000000000 0.0000000000 0 0 0 0 0 0 0 0 127 0 0 0 0 0 221219 193349.088
0.0000000000 0.0000000000 0 0 0 0 0 0 0 0 127 0 0 0 0 0 221219 193349.288
0.0000000000 0.0000000000 0 0 0 0 0 0 18 231 112 1 0 0 0 0 221219 193349.488
0.0000000000 0.0000000000 0 0 0 0 0 0 0 0 127 0 0 0 0 0 221219 193349.689
0.0000000000 0.0000000000 0 0 0 0 0 0 0 0 127 0 0 0 0 0 221219 193349.889
0.0000000000 0.0000000000 0 0 0 0 0 0 113 226 112 1 0 0 0 0 221219 193350.089
0.0000000000 0.0000000000 0 0 0 0 0 0 147 227 112 1 0 0 0 0 221219 193350.289
0.0000000000 0.0000000000 0 0 0 0 0 0 239 229 112 1 0 0 0 0 221219 193350.489
0.0000000000 0.0000000000 0 0 0 0 0 0 48 232 112 1 0 0 0 0 221219 193350.689
0.0000000000 0.0000000000 0 0 0 0 0 0 197 8 112 1 0 0 0 0 221219 193350.890
0.0000000000 0.0000000000 0 0 0 0 0 0 84 246 112 1 0 0 0 0 221219 193351.090
0.0000000000 0.0000000000 0 0 0 0 0 0 155 239 112 1 0 0 0 0 221219 193351.290
0.0000000000 0.0000000000 0 0 0 0 0 0 152 245 112 1 0 0 0 0 221219 193351.490
0.0000000000 0.0000000000 0 0 0 0 0 0 232 231 112 1 0 0 0 0 221219 193351.690
0.0000000000 0.0000000000 0 0 0 0 0 0 65 245 112 1 0 0 0 0 221219 193351.890
0.0000000000 0.0000000000 0 0 0 0 0 0 94 247 112 1 0 0 0 0 221219 193352.090
0.0000000000 0.0000000000 0 0 0 0 0 0 242 244 112 1 0 0 0 0 221219 193352.291
0.0000000000 0.0000000000 0 0 0 0 0 0 216 239 112 1 0 0 0 0 221219 193352.491
0.0000000000 0.0000000000 0 0 0 0 0 0 110 240 112 1 0 0 0 0 221219 193352.691
0.0000000000 0.0000000000 0 0 0 0 0 0 96 241 112 1 0 0 0 0 221219 193352.891
0.0000000000 0.0000000000 0 0 0 0 0 0 56 242 112 1 0 0 0 0 221219 193353.091
0.0000000000 0.0000000000 0 0 0 0 0 0 227 242 112 1 0 0 0 0 221219 193353.292
0.0000000000 0.0000000000 0 0 0 0 0 0 214 243 112 1 0 0 0 0 221219 193353.492
0.0000000000 0.0000000000 0 0 0 0 0 0 172 244 112 1 0 0 0 0 221219 193353.692
0.0000000000 0.0000000000 0 0 0 0 0 0 20 246 112 1 0 0 0 0 221219 193353.892
0.0000000000 0.0000000000 0 0 0 0 0 0 76 255 112 1 0 0 0 0 221219 193354.092
0.0000000000 0.0000000000 0 0 0 0 0 0 127 248 112 1 0 0 0 0 221219 193354.293
0.0000000000 0.0000000000 0 0 0 0 0 0 0 0 112 1 0 0 0 0 221219 193354.493
0.0000000000 0.0000000000 0 0 0 0 0 0 0 0 112 1 0 0 0 0 221219 193354.693
0.0000000000 0.0000000000 0 0 0 0 0 0 0 0 112 1 0 0 0 0 221219 193354.893
0.0000000000 0.0000000000 0 0 0 0 0 0 0 0 112 1 0 0 0 0 221219 193355.093
0.0000000000 0.0000000000 0 0 0 0 0 0 0 0 112 1 0 0 0 0 221219 193355.294
0.0000000000 0.0000000000 0 0 0 0 0 0 0 0 112 1 0 0 0 0 221219 193355.494
0.0000000000 0.0000000000 0 0 0 0 0 0 0 0 112 1 0 0 0 0 221219 193355.694
0.0000000000 0.0000000000 0 0 0 0 0 0 0 0 112 1 0 0 0 0 221219 193355.894
0.0000000000 0.0000000000 0 0 0 0 0 0 0 0 112 1 0 0 0 0 221219 193356.094
0.0000000000 0.0000000000 0 0 0 0 0 0 0 0 112 1 0 0 0 0 221219 193356.295
0.0000000000 0.0000000000 0 0 0 0 0 0 0 0 112 1 0 0 0 0 221219 193356.495
0.0000000000 0.0000000000 0 0 0 0 0 0 0 0 112 1 0 0 0 0 221219 193356.695
0.0000000000 0.0000000000 0 0 0 0 0 0 0 0 112 1 0 0 0 0 221219 193356.895
0.0000000000 0.0000000000 0 0 0 0 0 0 0 0 112 1 0 0 0 0 221219 193357.095
0.0000000000 0.0000000000 0 0 0 0 0 0 0 0 112 1 0 0 0 0 221219 193357.295
0.0000000000 0.0000000000 0 0 0 0 0 0 0 0 112 1 0 0 0 0 221219 193357.495
0.0000000000 0.0000000000 0 0 0 0 0 0 0 0 112 1 0 0 0 0 221219 193357.696
0.0000000000 0.0000000000 0 0 0 0 0 0 0 0 112 1 0 0 0 0 221219 193357.896
0.0000000000 0.0000000000 0 0 0 0 0 0 0 0 112 1 0 0 0 0 221219 193358.096
0.0000000000 0.0000000000 0 0 0 0 0 0 0 0 112 1 0 0 0 0 221219 193358.296
0.0000000000 0.0000000000 0 0 0 0 0 0 0 0 112 1 0 0 0 0 221219 193358.497
0.0000000000 0.0000000000 0 0 0 0 0 0 0 0 112 1 0 0 0 0 221219 193358.697
0.0000000000 0.0000000000 0 0 0 0 0 0 0 0 112 1 0 0 0 0 221219 193358.897
0.0000000000 0.0000000000 0 0 0 0 0 0 0 0 112 1 0 0 0 0 221219 193359.097
0.0000000000 0.0000000000 0 0 0 0 0 0 0 0 112 1 0 0 0 0 221219 193359.297
0.0000000000 0.0000000000 0 0 0 0 0 0 0 0 112 1 0 0 0 0 221219 193359.498
0.0000000000 0.0000000000 0 0 0 0 0 0 0 0 112 1 0 0 0 0 221219 193359.698
0.0000000000 0.0000000000 0 0 0 0 0 0 0 0 112 1 0 0 0 0 221219 193359.898
0.0000000000 0.0000000000 0 0 0 0 0 0 0 0 112 1 0 0 0 0 221219 193400.099
0.0000000000 0.0000000000 0 0 0 0 0 0 0 0 112 1 0 0 0 0 221219 193400.299
0.0000000000 0.0000000000 0 0 0 0 0 0 0 0 112 1 0 0 0 0 221219 193400.499
0.0000000000 0.0000000000 0 0 0 0 0 0 0 0 112 1 0 0 0 0 221219 193400.700
0.0000000000 0.0000000000 0 0 0 0 0 0 0 0 112 1 0 0 0 0 221219 193400.900
0.0000000000 0.0000000000 0 0 0 0 0 0 0 0 112 1 0 0 0 0 221219 193401.100
0.0000000000 0.0000000000 0 0 0 0 0 0 0 0 112 1 0 0 0 0 221219 193401.300
0.0000000000 0.0000000000 0 0 0 0 0 0 0 0 112 1 0 0 0 0 221219 193401.500
0.0000000000 0.0000000000 0 0 0 0 0 0 0 0 112 1 0 0 0 0 221219 193401.701
0.0000000000 0.0000000000 0 0 0 0 0 0 0 0 112 1 0 0 0 0 221219 193401.901
0.0000000000 0.0000000000 0 0 0 0 0 0 0 0 112 1 0 0 0 0 221219 193402.102
0.0000000000 0.0000000000 0 0 0 0 0 0 0 0 112 1 0 0 0 0 221219 193402.302
0.0000000000 0.0000000000 0 0 0 0 0 0 0 0 112 1 0 0 0 0 221219 193402.502
0.0000000000 0.0000000000 0 0 0 0 0 0 0 0 112 1 0 0 0 0 221219 193402.703
0.0000000000 0.0000000000 0 0 0 0 0 0 0 0 112 1 0 0 0 0 221219 193402.903
0.0000000000 0.0000000000 0 0 0 0 0 0 0 0 112 1 0 0 0 0 221219 193403.103
0.0000000000 0.0000000000 0 0 0 0 0 0 0 0 112 1 0 0 0 0 221219 193403.303
0.0000000000 0.0000000000 0 0 0 0 0 0 0 0 112 1 0 0 0 0 221219 193403.503
0.0000000000 0.0000000000 0 0 0 0 0 0 0 0 112 1 0 0 0 0 221219 193403.703
0.0000000000 0.0000000000 0 0 0 0 0 0 0 0 112 1 0 0 0 0 221219 193403.903
0.0000000000 0.0000000000 0 0 0 0 0 0 0 0 112 1 0 0 0 0 221219 193404.104
0.0000000000 0.0000000000 0 0 0 0 0 0 0 0 112 1 0 0 0 0 221219 193404.304
0.0000000000 0.0000000000 0 0 0 0 0 0 0 0 112 1 0 0 0 0 221219 193404.504
0.0000000000 0.0000000000 0 0 0 0 0 0 0 0 112 1 0 0 0 0 221219 193404.704
0.0000000000 0.0000000000 0 0 0 0 0 0 0 0 112 1 0 0 0 0 221219 193404.904
0.0000000000 0.0000000000 0 0 0 0 0 0 0 0 112 1 0 0 0 0 221219 193405.104
0.0000000000 0.0000000000 0 0 0 0 0 0 0 0 112 1 0 0 0 0 221219 193405.305
0.0000000000 0.0000000000 0 0 0 0 0 0 0 0 112 1 0 0 0 0 221219 193405.505
0.0000000000 0.0000000000 0 0 0 0 0 0 0 0 112 1 0 0 0 0 221219 193405.705
0.0000000000 0.0000000000 0 0 0 0 0 0 0 0 112 1 0 0 0 0 221219 193405.905
0.0000000000 0.0000000000 0 0 0 0 0 0 0 0 112 1 0 0 0 0 221219 193406.105
0.0000000000 0.0000000000 0 0 0 0 0 0 0 0 112 1 0 0 0 0 221219 193406.306
0.0000000000 0.0000000000 0 0 0 0 0 0 0 0 112 1 0 0 0 0 221219 193406.506
0.0000000000 0.0000000000 0 0 0 0 0 0 0 0 112 1 0 0 0 0 221219 193406.706
0.0000000000 0.0000000000 0 0 0 0 0 0 0 0 112 1 0 0 0 0 221219 193406.906
0.0000000000 0.0000000000 0 0 0 0 0 0 0 0 112 1 0 0 0 0 221219 193407.106
0.0000000000 0.0000000000 0 0 0 0 0 0 0 0 112 1 0 0 0 0 221219 193407.306
0.0000000000 0.0000000000 0 0 0 0 0 0 7 245 112 1 0 0 0 0 221219 193407.506
0.0000000000 0.0000000000 0 0 0 0 0 0 149 243 112 1 0 0 0 0 221219 193407.707
0.0000000000 0.0000000000 0 0 0 0 0 0 36 11 112 1 0 0 0 0 221219 193407.907
0.0000000000 0.0000000000 0 0 0 0 0 0 119 243 112 1 0 0 0 0 221219 193408.107
0.0000000000 0.0000000000 0 0 0 0 0 0 143 238 112 1 0 0 0 0 221219 193408.307
0.0000000000 0.0000000000 0 0 0 0 0 0 232 241 112 1 0 0 0 0 221219 193408.507
0.0000000000 0.0000000000 0 0 0 0 0 0 214 239 112 1 0 0 0 0 221219 193408.707
0.0000000000 0.0000000000 0 0 0 0 0 0 252 237 112 1 0 0 0 0 221219 193408.907
0.0000000000 0.0000000000 0 0 0 0 0 0 214 224 112 1 0 0 0 0 221219 193409.108
0.0000000000 0.0000000000 0 0 0 0 0 0 166 235 112 1 0 0 0 0 221219 193409.308
0.0000000000 0.0000000000 0 0 0 0 0 0 48 235 112 1 0 0 0 0 221219 193409.508
0.0000000000 0.0000000000 0 0 0 0 0 0 203 234 112 1 0 0 0 0 221219 193409.708
0.0000000000 0.0000000000 0 0 0 0 0 0 127 233 112 1 0 0 0 0 221219 193409.908
0.0000000000 0.0000000000 0 0 0 0 0 0 215 218 112 1 0 0 0 0 221219 193410.108
0.0000000000 0.0000000000 0 0 0 0 0 0 155 229 112 1 0 0 0 0 221219 193410.309
0.0000000000 0.0000000000 0 0 0 0 0 0 103 219 112 1 0 0 0 0 221219 193410.509
0.0000000000 0.0000000000 0 0 0 0 0 0 125 227 112 1 0 0 0 0 221219 193410.709
0.0000000000 0.0000000000 0 0 0 0 0 0 91 226 112 1 0 0 0 0 221219 193410.909
0.0000000000 0.0000000000 0 0 0 0 0 0 207 224 112 1 0 0 0 0 221219 193411.109
0.0000000000 0.0000000000 0 0 0 0 0 0 255 222 112 1 0 0 0 0 221219 193411.309
0.0000000000 0.0000000000 0 0 0 0 0 0 34 222 112 1 0 0 0 0 221219 193411.509
0.0000000000 0.0000000000 0 0 0 0 0 0 80 221 112 1 0 0 0 0 221219 193411.710
0.0000000000 0.0000000000 0 0 0 0 0 0 239 220 112 1 0 0 0 0 221219 193411.910
0.0000000000 0.0000000000 0 0 0 0 0 0 221 219 112 1 0 0 0 0 221219 193412.110
0.0000000000 0.0000000000 0 0 0 0 0 0 173 218 112 1 0 0 0 0 221219 193412.310
0.0000000000 0.0000000000 0 0 0 0 0 0 100 217 112 1 0 0 0 0 221219 193412.510
0.0000000000 0.0000000000 0 0 0 0 0 0 5 209 112 1 0 0 0 0 221219 193412.710
0.0000000000 0.0000000000 0 0 0 0 0 0 23 215 112 1 0 0 0 0 221219 193412.911
0.0000000000 0.0000000000 0 0 0 0 0 0 100 214 112 1 0 0 0 0 221219 193413.111
0.0000000000 0.0000000000 0 0 0 0 0 0 222 213 112 1 0 0 0 0 221219 193413.311
0.0000000000 0.0000000000 0 0 0 0 0 0 21 213 112 1 0 0 0 0 221219 193413.511
0.0000000000 0.0000000000 0 0 0 0 0 0 45 211 112 1 0 0 0 0 221219 193413.711
0.0000000000 0.0000000000 0 0 0 0 0 0 79 198 112 1 0 0 0 0 221219 193413.911
0.0000000000 0.0000000000 0 0 0 0 0 0 249 197 112 1 0 0 0 0 221219 193414.112
0.0000000000 0.0000000000 0 0 0 0 0 0 124 208 112 1 0 0 0 0 221219 193414.312
0.0000000000 0.0000000000 0 0 0 0 0 0 217 201 112 1 0 0 0 0 221219 193414.512
0.0000000000 0.0000000000 0 0 0 0 0 0 212 206 112 1 0 0 0 0 221219 193414.712
0.0000000000 0.0000000000 0 0 0 0 0 0 176 205 112 1 0 0 0 0 221219 193414.912
0.0000000000 0.0000000000 0 0 0 0 0 0 186 198 112 1 0 0 0 0 221219 193415.112
0.0000000000 0.0000000000 0 0 0 0 0 0 96 205 112 1 0 0 0 0 221219 193415.312
0.0000000000 0.0000000000 0 0 0 0 0 0 25 204 112 1 0 0 0 0 221219 193415.513
0.0000000000 0.0000000000 0 0 0 0 0 0 109 203 112 1 0 0 0 0 221219 193415.713
0.0000000000 0.0000000000 0 0 0 0 0 0 29 203 112 1 0 0 0 0 221219 193415.913
0.0000000000 0.0000000000 0 0 0 0 0 0 156 203 112 1 0 0 0 0 221219 193416.113
0.0000000000 0.0000000000 0 0 0 0 0 0 249 206 112 1 0 0 0 0 221219 193416.313
0.0000000000 0.0000000000 0 0 0 0 0 0 99 202 112 1 0 0 0 0 221219 193416.513
0.0000000000 0.0000000000 0 0 0 0 0 0 136 202 112 1 0 0 0 0 221219 193416.714
0.0000000000 0.0000000000 0 0 0 0 0 0 204 202 112 1 0 0 0 0 221219 193416.914
0.0000000000 0.0000000000 0 0 0 0 0 0 46 202 112 1 0 0 0 0 221219 193417.114
0.0000000000 0.0000000000 0 0 0 0 0 0 123 202 112 1 0 0 0 0 221219 193417.314
0.0000000000 0.0000000000 0 0 0 0 0 0 195 201 112 1 0 0 0 0 221219 193417.514
0.0000000000 0.0000000000 0 0 0 0 0 0 155 202 112 1 0 0 0 0 221219 193417.714
0.0000000000 0.0000000000 0 0 0 0 0 0 171 202 112 1 0 0 0 0 221219 193417.914
0.0000000000 0.0000000000 0 0 0 0 0 0 191 202 112 1 0 0 0 0 221219 193418.114
0.0000000000 0.0000000000 0 0 0 0 0 0 88 202 112 1 0 0 0 0 221219 193418.315
0.0000000000 0.0000000000 0 0 0 0 0 0 179 202 112 1 0 0 0 0 221219 193418.515
0.0000000000 0.0000000000 0 0 0 0 0 0 246 203 112 1 0 0 0 0 221219 193418.715
0.0000000000 0.0000000000 0 0 0 0 0 0 44 204 112 1 0 0 0 0 221219 193418.915
0.0000000000 0.0000000000 0 0 0 0 0 0 89 205 112 1 0 0 0 0 221219 193419.115
0.0000000000 0.0000000000 0 0 0 0 0 0 250 202 112 1 0 0 0 0 221219 193419.315
0.0000000000 0.0000000000 0 0 0 0 0 0 207 204 112 1 0 0 0 0 221219 193419.515
0.0000000000 0.0000000000 0 0 0 0 0 0 82 205 112 1 0 0 0 0 221219 193419.716
0.0000000000 0.0000000000 0 0 0 0 0 0 207 205 112 1 0 0 0 0 221219 193419.916
0.0000000000 0.0000000000 0 0 0 0 0 0 101 205 112 1 0 0 0 0 221219 193420.116
0.0000000000 0.0000000000 0 0 0 0 0 0 64 205 112 1 0 0 0 0 221219 193420.316
0.0000000000 0.0000000000 0 0 0 0 0 0 194 205 112 1 0 0 0 0 221219 193420.516
0.0000000000 0.0000000000 0 0 0 0 0 0 36 206 112 1 0 0 0 0 221219 193420.716
0.0000000000 0.0000000000 0 0 0 0 0 0 191 206 112 1 0 0 0 0 221219 193420.916
0.0000000000 0.0000000000 0 0 0 0 0 0 28 208 112 1 0 0 0 0 221219 193421.117
0.0000000000 0.0000000000 0 0 0 0 0 0 32 208 112 1 0 0 0 0 221219 193421.317
0.0000000000 0.0000000000 0 0 0 0 0 0 250 209 112 1 0 0 0 0 221219 193421.517
0.0000000000 0.0000000000 0 0 0 0 0 0 109 208 112 1 0 0 0 0 221219 193421.717
0.0000000000 0.0000000000 0 0 0 0 0 0 34 209 112 1 0 0 0 0 221219 193421.917
0.0000000000 0.0000000000 0 0 0 0 0 0 158 210 112 1 0 0 0 0 221219 193422.117
0.0000000000 0.0000000000 0 0 0 0 0 0 200 210 112 1 0 0 0 0 221219 193422.317
0.0000000000 0.0000000000 0 0 0 0 0 0 23 219 112 1 0 0 0 0 221219 193422.518
0.0000000000 0.0000000000 0 0 0 0 0 0 71 221 112 1 0 0 0 0 221219 193422.718
0.0000000000 0.0000000000 0 0 0 0 0 0 10 219 112 1 0 0 0 0 221219 193422.918
0.0000000000 0.0000000000 0 0 0 0 0 0 37 212 112 1 0 0 0 0 221219 193423.118
0.0000000000 0.0000000000 0 0 0 0 0 0 175 219 112 1 0 0 0 0 221219 193423.318
0.0000000000 0.0000000000 0 0 0 0 0 0 60 220 112 1 0 0 0 0 221219 193423.518
0.0000000000 0.0000000000 0 0 0 0 0 0 115 217 112 1 0 0 0 0 221219 193423.719
0.0000000000 0.0000000000 0 0 0 0 0 0 227 218 112 1 0 0 0 0 221219 193423.919
0.0000000000 0.0000000000 0 0 0 0 0 0 170 219 112 1 0 0 0 0 221219 193424.119
0.0000000000 0.0000000000 0 0 0 0 0 0 234 219 112 1 0 0 0 0 221219 193424.319
0.0000000000 0.0000000000 0 0 0 0 0 0 88 221 112 1 0 0 0 0 221219 193424.519
0.0000000000 0.0000000000 0 0 0 0 0 0 179 222 112 1 0 0 0 0 221219 193424.719
0.0000000000 0.0000000000 0 0 0 0 0 0 30 223 112 1 0 0 0 0 221219 193424.920
0.0000000000 0.0000000000 0 0 0 0 0 0 86 230 112 1 0 0 0 0 221219 193425.120
0.0000000000 0.0000000000 0 0 0 0 0 0 70 231 112 1 0 0 0 0 221219 193425.320
0.0000000000 0.0000000000 0 0 0 0 0 0 90 228 112 1 0 0 0 0 221219 193425.520
0.0000000000 0.0000000000 0 0 0 0 0 0 252 235 112 1 0 0 0 0 221219 193425.721
0.0000000000 0.0000000000 0 0 0 0 0 0 209 245 112 1 0 0 0 0 221219 193425.921
0.0000000000 0.0000000000 0 0 0 0 0 0 226 229 112 1 0 0 0 0 221219 193426.121
0.0000000000 0.0000000000 0 0 0 0 0 0 150 240 112 1 0 0 0 0 221219 193426.321
0.0000000000 0.0000000000 0 0 0 0 0 0 97 240 112 1 0 0 0 0 221219 193426.521
0.0000000000 0.0000000000 0 0 0 0 0 0 90 243 112 1 0 0 0 0 221219 193426.722
0.0000000000 0.0000000000 0 0 0 0 0 0 7 248 112 1 0 0 0 0 221219 193426.922
0.0000000000 0.0000000000 0 0 0 0 0 0 217 246 112 1 0 0 0 0 221219 193427.122
0.0000000000 0.0000000000 0 0 0 0 0 0 113 248 112 1 0 0 0 0 221219 193427.322
0.0000000000 0.0000000000 0 0 0 0 0 0 187 249 112 1 0 0 0 0 221219 193427.522
0.0000000000 0.0000000000 0 0 0 0 0 0 182 241 112 1 0 0 0 0 221219 193427.722
0.0000000000 0.0000000000 0 0 0 0 0 0 160 251 112 1 0 0 0 0 221219 193427.923
0.0000000000 0.0000000000 0 0 0 0 0 0 236 252 112 1 0 0 0 0 221219 193428.123
0.0000000000 0.0000000000 0 0 0 0 0 0 228 1 112 1 0 0 0 0 221219 193428.323
0.0000000000 0.0000000000 0 0 0 0 0 0 35 3 112 1 0 0 0 0 221219 193428.523
0.0000000000 0.0000000000 0 0 0 0 0 0 22 13 112 1 0 0 0 0 221219 193428.724
0.0000000000 0.0000000000 0 0 0 0 0 0 0 0 112 1 0 0 0 0 221219 193428.924
0.0000000000 0.0000000000 0 0 0 0 0 0 0 0 112 1 0 0 0 0 221219 193429.124
0.0000000000 0.0000000000 0 0 0 0 0 0 0 0 112 1 0 0 0 0 221219 193429.324
0.0000000000 0.0000000000 0 0 0 0 0 0 0 0 112 1 0 0 0 0 221219 193429.525
0.0000000000 0.0000000000 0 0 0 0 0 0 0 0 112 1 0 0 0 0 221219 193429.725
0.0000000000 0.0000000000 0 0 0 0 0 0 0 0 112 1 0 0 0 0 221219 193429.925
0.0000000000 0.0000000000 0 0 0 0 0 0 0 0 112 1 0 0 0 0 221219 193430.125
0.0000000000 0.0000000000 0 0 0 0 0 0 0 0 112 1 0 0 0 0 221219 193430.325
0.0000000000 0.0000000000 0 0 0 0 0 0 0 0 112 1 0 0 0 0 221219 193430.526
0.0000000000 0.0000000000 0 0 0 0 0 0 0 0 112 1 0 0 0 0 221219 193430.726
0.0000000000 0.0000000000 0 0 0 0 0 0 0 0 112 1 0 0 0 0 221219 193430.926
0.0000000000 0.0000000000 0 0 0 0 0 0 0 0 112 1 0 0 0 0 221219 193431.126
0.0000000000 0.0000000000 0 0 0 0 0 0 0 0 112 1 0 0 0 0 221219 193431.326
0.0000000000 0.0000000000 0 0 0 0 0 0 81 18 112 1 0 0 0 0 221219 193431.526
0.0000000000 0.0000000000 0 0 0 0 0 0 8 11 112 1 0 0 0 0 221219 193431.726
0.0000000000 0.0000000000 0 0 0 0 0 0 204 97 112 1 0 0 0 0 221219 193431.927
