0.0000000000 0.0000000000 0 0 0 0 0 0 61 236 112 1 0 0 0 0 030619 160923.254
0.0000000000 0.0000000000 0 0 0 0 0 0 57 236 112 1 0 0 0 0 030619 160923.454
0.0000000000 0.0000000000 0 0 0 0 0 0 45 236 112 1 0 0 0 0 030619 160923.655
0.0000000000 0.0000000000 0 0 0 0 0 0 14 236 112 1 0 0 0 0 030619 160923.855
0.0000000000 0.0000000000 0 0 0 0 0 0 255 235 112 1 0 0 0 0 030619 160924.056
0.0000000000 0.0000000000 0 0 0 0 0 0 250 235 112 1 0 0 0 0 030619 160924.256
0.0000000000 0.0000000000 0 0 0 0 0 0 155 235 112 1 0 0 0 0 030619 160924.456
0.0000000000 0.0000000000 0 0 0 0 0 0 139 235 112 1 0 0 0 0 030619 160924.657
0.0000000000 0.0000000000 0 0 0 0 0 0 234 235 112 1 0 0 0 0 030619 160924.857
0.0000000000 0.0000000000 0 0 0 0 0 0 14 236 112 1 0 0 0 0 030619 160925.057
0.0000000000 0.0000000000 0 0 0 0 0 0 218 235 112 1 0 0 0 0 030619 160925.258
0.0000000000 0.0000000000 0 0 0 0 0 0 241 235 112 1 0 0 0 0 030619 160925.458
0.0000000000 0.0000000000 0 0 0 0 0 0 213 235 112 1 0 0 0 0 030619 160925.658
0.0000000000 0.0000000000 0 0 0 0 0 0 185 235 112 1 0 0 0 0 030619 160925.859
0.0000000000 0.0000000000 0 0 0 0 0 0 191 235 112 1 0 0 0 0 030619 160926.059
0.0000000000 0.0000000000 0 0 0 0 0 0 141 235 112 1 0 0 0 0 030619 160926.259
0.0000000000 0.0000000000 0 0 0 0 0 0 30 235 112 1 0 0 0 0 030619 160926.460
0.0000000000 0.0000000000 0 0 0 0 0 0 57 235 112 1 0 0 0 0 030619 160926.660
0.0000000000 0.0000000000 0 0 0 0 0 0 0 0 127 0 0 0 0 0 030619 160926.861
0.0000000000 0.0000000000 0 0 0 0 0 0 0 0 127 0 0 0 0 0 030619 160927.061
0.0000000000 0.0000000000 0 0 0 0 0 0 0 0 112 1 0 0 0 0 030619 160927.261
0.0000000000 0.0000000000 0 0 0 0 0 0 0 0 112 1 0 0 0 0 030619 160927.461
0.0000000000 0.0000000000 0 0 0 0 0 0 0 0 112 1 0 0 0 0 030619 160927.662
0.0000000000 0.0000000000 0 0 0 0 0 0 0 0 112 1 0 0 0 0 030619 160927.862
0.0000000000 0.0000000000 0 0 0 0 0 0 0 0 112 1 0 0 0 0 030619 160928.063
0.0000000000 0.0000000000 0 0 0 0 0 0 0 0 112 1 0 0 0 0 030619 160928.263
0.0000000000 0.0000000000 0 0 0 0 0 0 0 0 112 1 0 0 0 0 030619 160928.463
0.0000000000 0.0000000000 0 0 0 0 0 0 0 0 112 1 0 0 0 0 030619 160928.664
0.0000000000 0.0000000000 0 0 0 0 0 0 0 0 112 1 0 0 0 0 030619 160928.864
0.0000000000 0.0000000000 0 0 0 0 0 0 0 0 112 1 0 0 0 0 030619 160929.065
0.0000000000 0.0000000000 0 0 0 0 0 0 0 0 112 1 0 0 0 0 030619 160929.265
0.0000000000 0.0000000000 0 0 0 0 0 0 0 0 112 1 0 0 0 0 030619 160929.465
0.0000000000 0.0000000000 0 0 0 0 0 0 0 0 112 1 0 0 0 0 030619 160929.666
0.0000000000 0.0000000000 0 0 0 0 0 0 0 0 112 1 0 0 0 0 030619 160929.866
0.0000000000 0.0000000000 0 0 0 0 0 0 0 0 112 1 0 0 0 0 030619 160930.067
0.0000000000 0.0000000000 0 0 0 0 0 0 0 0 112 1 0 0 0 0 030619 160930.267
0.0000000000 0.0000000000 0 0 0 0 0 0 0 0 112 1 0 0 0 0 030619 160930.467
0.0000000000 0.0000000000 0 0 0 0 0 0 0 0 112 1 0 0 0 0 030619 160930.668
0.0000000000 0.0000000000 0 0 0 0 0 0 0 0 112 1 0 0 0 0 030619 160930.868
0.0000000000 0.0000000000 0 0 0 0 0 0 0 0 112 1 0 0 0 0 030619 160931.068
0.0000000000 0.0000000000 0 0 0 0 0 0 0 0 112 1 0 0 0 0 030619 160931.269
0.0000000000 0.0000000000 0 0 0 0 0 0 0 0 112 1 0 0 0 0 030619 160931.469
0.0000000000 0.0000000000 0 0 0 0 0 0 0 0 112 1 0 0 0 0 030619 160931.669
0.0000000000 0.0000000000 0 0 0 0 0 0 0 0 112 1 0 0 0 0 030619 160931.870
0.0000000000 0.0000000000 0 0 0 0 0 0 0 0 112 1 0 0 0 0 030619 160932.070
0.0000000000 0.0000000000 0 0 0 0 0 0 0 0 112 1 0 0 0 0 030619 160932.270
0.0000000000 0.0000000000 0 0 0 0 0 0 0 0 112 1 0 0 0 0 030619 160932.471
0.0000000000 0.0000000000 0 0 0 0 0 0 0 0 112 1 0 0 0 0 030619 160932.671
0.0000000000 0.0000000000 0 0 0 0 0 0 0 0 112 1 0 0 0 0 030619 160932.871
0.0000000000 0.0000000000 0 0 0 0 0 0 0 0 112 1 0 0 0 0 030619 160933.072
0.0000000000 0.0000000000 0 0 0 0 0 0 0 0 112 1 0 0 0 0 030619 160933.272
0.0000000000 0.0000000000 0 0 0 0 0 0 0 0 112 1 0 0 0 0 030619 160933.473
0.0000000000 0.0000000000 0 0 0 0 0 0 0 0 112 1 0 0 0 0 030619 160933.673
0.0000000000 0.0000000000 0 0 0 0 0 0 0 0 112 1 0 0 0 0 030619 160933.873
0.0000000000 0.0000000000 0 0 0 0 0 0 0 0 112 1 0 0 0 0 030619 160934.074
0.0000000000 0.0000000000 0 0 0 0 0 0 0 0 112 1 0 0 0 0 030619 160934.274
0.0000000000 0.0000000000 0 0 0 0 0 0 0 0 112 1 0 0 0 0 030619 160934.474
0.0000000000 0.0000000000 0 0 0 0 0 0 0 0 112 1 0 0 0 0 030619 160934.675
0.0000000000 0.0000000000 0 0 0 0 0 0 0 0 112 1 0 0 0 0 030619 160934.875
0.0000000000 0.0000000000 0 0 0 0 0 0 0 0 112 1 0 0 0 0 030619 160935.075
0.0000000000 0.0000000000 0 0 0 0 0 0 0 0 112 1 0 0 0 0 030619 160935.276
0.0000000000 0.0000000000 0 0 0 0 0 0 0 0 112 1 0 0 0 0 030619 160935.476
0.0000000000 0.0000000000 0 0 0 0 0 0 0 0 112 1 0 0 0 0 030619 160935.677
0.0000000000 0.0000000000 0 0 0 0 0 0 0 0 112 1 0 0 0 0 030619 160935.877
0.0000000000 0.0000000000 0 0 0 0 0 0 0 0 112 1 0 0 0 0 030619 160936.077
0.0000000000 0.0000000000 0 0 0 0 0 0 0 0 112 1 0 0 0 0 030619 160936.278
0.0000000000 0.0000000000 0 0 0 0 0 0 0 0 112 1 0 0 0 0 030619 160936.478
0.0000000000 0.0000000000 0 0 0 0 0 0 0 0 112 1 0 0 0 0 030619 160936.678
0.0000000000 0.0000000000 0 0 0 0 0 0 0 0 112 1 0 0 0 0 030619 160936.879
0.0000000000 0.0000000000 0 0 0 0 0 0 0 0 112 1 0 0 0 0 030619 160937.079
0.0000000000 0.0000000000 0 0 0 0 0 0 0 0 112 1 0 0 0 0 030619 160937.279
0.0000000000 0.0000000000 0 0 0 0 0 0 0 0 112 1 0 0 0 0 030619 160937.480
0.0000000000 0.0000000000 0 0 0 0 0 0 0 0 112 1 0 0 0 0 030619 160937.680
0.0000000000 0.0000000000 0 0 0 0 0 0 0 0 112 1 0 0 0 0 030619 160937.880
0.0000000000 0.0000000000 0 0 0 0 0 0 0 0 112 1 0 0 0 0 030619 160938.081
0.0000000000 0.0000000000 0 0 0 0 0 0 0 0 112 1 0 0 0 0 030619 160938.281
0.0000000000 0.0000000000 0 0 0 0 0 0 0 0 112 1 0 0 0 0 030619 160938.481
0.0000000000 0.0000000000 0 0 0 0 0 0 0 0 112 1 0 0 0 0 030619 160938.682
0.0000000000 0.0000000000 0 0 0 0 0 0 0 0 112 1 0 0 0 0 030619 160938.882
0.0000000000 0.0000000000 0 0 0 0 0 0 0 0 112 1 0 0 0 0 030619 160939.082
0.0000000000 0.0000000000 0 0 0 0 0 0 0 0 112 1 0 0 0 0 030619 160939.283
0.0000000000 0.0000000000 0 0 0 0 0 0 0 0 112 1 0 0 0 0 030619 160939.483
0.0000000000 0.0000000000 0 0 0 0 0 0 0 0 112 1 0 0 0 0 030619 160939.683
0.0000000000 0.0000000000 0 0 0 0 0 0 0 0 112 1 0 0 0 0 030619 160939.884
0.0000000000 0.0000000000 0 0 0 0 0 0 0 0 112 1 0 0 0 0 030619 160940.084
0.0000000000 0.0000000000 0 0 0 0 0 0 0 0 112 1 0 0 0 0 030619 160940.284
0.0000000000 0.0000000000 0 0 0 0 0 0 0 0 112 1 0 0 0 0 030619 160940.485
0.0000000000 0.0000000000 0 0 0 0 0 0 0 0 112 1 0 0 0 0 030619 160940.685
0.0000000000 0.0000000000 0 0 0 0 0 0 0 0 112 1 0 0 0 0 030619 160940.885
0.0000000000 0.0000000000 0 0 0 0 0 0 0 0 112 1 0 0 0 0 030619 160941.086
0.0000000000 0.0000000000 0 0 0 0 0 0 0 0 112 1 0 0 0 0 030619 160941.286
0.0000000000 0.0000000000 0 0 0 0 0 0 0 0 112 1 0 0 0 0 030619 160941.487
0.0000000000 0.0000000000 0 0 0 0 0 0 0 0 112 1 0 0 0 0 030619 160941.687
0.0000000000 0.0000000000 0 0 0 0 0 0 0 0 112 1 0 0 0 0 030619 160941.887
0.0000000000 0.0000000000 0 0 0 0 0 0 0 0 112 1 0 0 0 0 030619 160942.088
0.0000000000 0.0000000000 0 0 0 0 0 0 0 0 112 1 0 0 0 0 030619 160942.288
0.0000000000 0.0000000000 0 0 0 0 0 0 0 0 112 1 0 0 0 0 030619 160942.488
0.0000000000 0.0000000000 0 0 0 0 0 0 0 0 112 1 0 0 0 0 030619 160942.688
0.0000000000 0.0000000000 0 0 0 0 0 0 0 0 112 1 0 0 0 0 030619 160942.889
0.0000000000 0.0000000000 0 0 0 0 0 0 0 0 112 1 0 0 0 0 030619 160943.089
0.0000000000 0.0000000000 0 0 0 0 0 0 0 0 112 1 0 0 0 0 030619 160943.290
0.0000000000 0.0000000000 0 0 0 0 0 0 0 0 112 1 0 0 0 0 030619 160943.490
0.0000000000 0.0000000000 0 0 0 0 0 0 0 0 112 1 0 0 0 0 030619 160943.690
0.0000000000 0.0000000000 0 0 0 0 0 0 0 0 112 1 0 0 0 0 030619 160943.891
0.0000000000 0.0000000000 0 0 0 0 0 0 0 0 112 1 0 0 0 0 030619 160944.091
0.0000000000 0.0000000000 0 0 0 0 0 0 0 0 112 1 0 0 0 0 030619 160944.292
0.0000000000 0.0000000000 0 0 0 0 0 0 0 0 112 1 0 0 0 0 030619 160944.492
0.0000000000 0.0000000000 0 0 0 0 0 0 0 0 112 1 0 0 0 0 030619 160944.692
0.0000000000 0.0000000000 0 0 0 0 0 0 0 0 112 1 0 0 0 0 030619 160944.893
0.0000000000 0.0000000000 0 0 0 0 0 0 0 0 112 1 0 0 0 0 030619 160945.093
0.0000000000 0.0000000000 0 0 0 0 0 0 0 0 112 1 0 0 0 0 030619 160945.294
0.0000000000 0.0000000000 0 0 0 0 0 0 0 0 112 1 0 0 0 0 030619 160945.494
0.0000000000 0.0000000000 0 0 0 0 0 0 0 0 112 1 0 0 0 0 030619 160945.695
0.0000000000 0.0000000000 0 0 0 0 0 0 0 0 112 1 0 0 0 0 030619 160945.895
0.0000000000 0.0000000000 0 0 0 0 0 0 0 0 112 1 0 0 0 0 030619 160946.096
0.0000000000 0.0000000000 0 0 0 0 0 0 0 0 112 1 0 0 0 0 030619 160946.296
0.0000000000 0.0000000000 0 0 0 0 0 0 0 0 112 1 0 0 0 0 030619 160946.496
0.0000000000 0.0000000000 0 0 0 0 0 0 0 0 112 1 0 0 0 0 030619 160946.697
0.0000000000 0.0000000000 0 0 0 0 0 0 0 0 112 1 0 0 0 0 030619 160946.897
0.0000000000 0.0000000000 0 0 0 0 0 0 0 0 112 1 0 0 0 0 030619 160947.097
0.0000000000 0.0000000000 0 0 0 0 0 0 0 0 112 1 0 0 0 0 030619 160947.298
0.0000000000 0.0000000000 0 0 0 0 0 0 0 0 112 1 0 0 0 0 030619 160947.498
0.0000000000 0.0000000000 0 0 0 0 0 0 0 0 112 1 0 0 0 0 030619 160947.699
0.0000000000 0.0000000000 0 0 0 0 0 0 0 0 112 1 0 0 0 0 030619 160947.899
0.0000000000 0.0000000000 0 0 0 0 0 0 0 0 112 1 0 0 0 0 030619 160948.099
0.0000000000 0.0000000000 0 0 0 0 0 0 0 0 112 1 0 0 0 0 030619 160948.299
0.0000000000 0.0000000000 0 0 0 0 0 0 0 0 112 1 0 0 0 0 030619 160948.500
0.0000000000 0.0000000000 0 0 0 0 0 0 0 0 112 1 0 0 0 0 030619 160948.700
0.0000000000 0.0000000000 0 0 0 0 0 0 0 0 112 1 0 0 0 0 030619 160948.901
0.0000000000 0.0000000000 0 0 0 0 0 0 0 0 112 1 0 0 0 0 030619 160949.101
0.0000000000 0.0000000000 0 0 0 0 0 0 0 0 112 1 0 0 0 0 030619 160949.301
0.0000000000 0.0000000000 0 0 0 0 0 0 0 0 112 1 0 0 0 0 030619 160949.502
0.0000000000 0.0000000000 0 0 0 0 0 0 0 0 112 1 0 0 0 0 030619 160949.702
0.0000000000 0.0000000000 0 0 0 0 0 0 0 0 112 1 0 0 0 0 030619 160949.902
0.0000000000 0.0000000000 0 0 0 0 0 0 0 0 112 1 0 0 0 0 030619 160950.102
0.0000000000 0.0000000000 0 0 0 0 0 0 0 0 112 1 0 0 0 0 030619 160950.303
0.0000000000 0.0000000000 0 0 0 0 0 0 0 0 112 1 0 0 0 0 030619 160950.503
0.0000000000 0.0000000000 0 0 0 0 0 0 0 0 112 1 0 0 0 0 030619 160950.703
0.0000000000 0.0000000000 0 0 0 0 0 0 0 0 112 1 0 0 0 0 030619 160950.904
0.0000000000 0.0000000000 0 0 0 0 0 0 0 0 112 1 0 0 0 0 030619 160951.104
0.0000000000 0.0000000000 0 0 0 0 0 0 0 0 112 1 0 0 0 0 030619 160951.304
0.0000000000 0.0000000000 0 0 0 0 0 0 0 0 112 1 0 0 0 0 030619 160951.505
0.0000000000 0.0000000000 0 0 0 0 0 0 0 0 112 1 0 0 0 0 030619 160951.705
0.0000000000 0.0000000000 0 0 0 0 0 0 0 0 112 1 0 0 0 0 030619 160951.906
0.0000000000 0.0000000000 0 0 0 0 0 0 0 0 112 1 0 0 0 0 030619 160952.106
0.0000000000 0.0000000000 0 0 0 0 0 0 0 0 112 1 0 0 0 0 030619 160952.306
0.0000000000 0.0000000000 0 0 0 0 0 0 0 0 112 1 0 0 0 0 030619 160952.507
0.0000000000 0.0000000000 0 0 0 0 0 0 0 0 112 1 0 0 0 0 030619 160952.707
0.0000000000 0.0000000000 0 0 0 0 0 0 0 0 112 1 0 0 0 0 030619 160952.907
0.0000000000 0.0000000000 0 0 0 0 0 0 0 0 112 1 0 0 0 0 030619 160953.108
0.0000000000 0.0000000000 0 0 0 0 0 0 0 128 112 1 0 0 0 0 030619 160953.308
