0.0000000000 0.0000000000 0 0 0 0 0 0 0 0 127 0 0 0 0 0 040619 122024.275
0.0000000000 0.0000000000 0 0 0 0 0 0 0 0 127 0 0 0 0 0 040619 122024.476
0.0000000000 0.0000000000 0 0 0 0 0 0 0 0 127 0 0 0 0 0 040619 122024.676
0.0000000000 0.0000000000 0 0 0 0 0 0 0 0 127 0 0 0 0 0 040619 122024.876
0.0000000000 0.0000000000 0 0 0 0 0 0 0 0 127 0 0 0 0 0 040619 122025.076
0.0000000000 0.0000000000 0 0 0 0 0 0 0 0 127 0 0 0 0 0 040619 122025.276
0.0000000000 0.0000000000 0 0 0 0 0 0 0 0 127 0 0 0 0 0 040619 122025.477
0.0000000000 0.0000000000 0 0 0 0 0 0 0 0 127 0 0 0 0 0 040619 122025.677
0.0000000000 0.0000000000 0 0 0 0 0 0 0 0 127 0 0 0 0 0 040619 122025.877
0.0000000000 0.0000000000 0 0 0 0 0 0 0 0 127 0 0 0 0 0 040619 122026.078
0.0000000000 0.0000000000 0 0 0 0 0 0 0 0 127 0 0 0 0 0 040619 122026.278
0.0000000000 0.0000000000 0 0 0 0 0 0 0 0 127 0 0 0 0 0 040619 122026.478
0.0000000000 0.0000000000 0 0 0 0 0 0 0 0 127 0 0 0 0 0 040619 122026.678
0.0000000000 0.0000000000 0 0 0 0 0 0 0 0 127 0 0 0 0 0 040619 122026.879
0.0000000000 0.0000000000 0 0 0 0 0 0 0 0 127 0 0 0 0 0 040619 122027.079
0.0000000000 0.0000000000 0 0 0 0 0 0 0 0 127 0 0 0 0 0 040619 122027.279
0.0000000000 0.0000000000 0 0 0 0 0 0 0 0 127 0 0 0 0 0 040619 122027.479
0.0000000000 0.0000000000 0 0 0 0 0 0 0 0 127 0 0 0 0 0 040619 122027.680
0.0000000000 0.0000000000 0 0 0 0 0 0 0 0 127 0 0 0 0 0 040619 122027.880
0.0000000000 0.0000000000 0 0 0 0 0 0 0 0 127 0 0 0 0 0 040619 122028.080
0.0000000000 0.0000000000 0 0 0 0 0 0 0 0 127 0 0 0 0 0 040619 122028.280
