0.0000000000 0.0000000000 0 0 0 0 0 0 244 212 81 1 0 0 0 0 040619 164454.415
0.0000000000 0.0000000000 0 0 0 0 0 0 28 214 81 1 0 0 0 0 040619 164454.616
0.0000000000 0.0000000000 0 0 0 0 0 0 104 214 81 1 0 0 0 0 040619 164454.816
0.0000000000 0.0000000000 0 0 0 0 0 0 104 214 81 1 0 0 0 0 040619 164455.016
0.0000000000 0.0000000000 0 0 0 0 0 0 0 215 81 1 0 0 0 0 040619 164455.216
0.0000000000 0.0000000000 0 0 0 0 0 0 246 212 81 1 0 0 0 0 040619 164455.416
0.0000000000 0.0000000000 0 0 0 0 0 0 27 215 81 1 0 0 0 0 040619 164455.617
0.0000000000 0.0000000000 0 0 0 0 0 0 94 214 81 1 0 0 0 0 040619 164455.817
0.0000000000 0.0000000000 0 0 0 0 0 0 65 215 81 1 0 0 0 0 040619 164456.017
0.0000000000 0.0000000000 0 0 0 0 0 0 255 213 81 1 0 0 0 0 040619 164456.217
0.0000000000 0.0000000000 0 0 0 0 0 0 255 213 81 1 0 0 0 0 040619 164456.418
0.0000000000 0.0000000000 0 0 0 0 0 0 183 213 81 1 0 0 0 0 040619 164456.618
0.0000000000 0.0000000000 0 0 0 0 0 0 79 215 81 1 0 0 0 0 040619 164456.818
0.0000000000 0.0000000000 0 0 0 0 0 0 175 216 81 1 0 0 0 0 040619 164457.018
0.0000000000 0.0000000000 0 0 0 0 0 0 2 217 81 1 0 0 0 0 040619 164457.219
0.0000000000 0.0000000000 0 0 0 0 0 0 2 217 81 1 0 0 0 0 040619 164457.419
0.0000000000 0.0000000000 0 0 0 0 0 0 176 216 81 1 0 0 0 0 040619 164457.619
0.0000000000 0.0000000000 0 0 0 0 0 0 196 223 81 1 0 0 0 0 040619 164457.819
0.0000000000 0.0000000000 0 0 0 0 0 0 70 225 81 1 0 0 0 0 040619 164458.020
0.0000000000 0.0000000000 0 0 0 0 0 0 48 232 81 1 0 0 0 0 040619 164458.220
0.0000000000 0.0000000000 0 0 0 0 0 0 22 234 81 1 0 0 0 0 040619 164458.420
0.0000000000 0.0000000000 0 0 0 0 0 0 220 237 81 1 0 0 0 0 040619 164458.620
0.0000000000 0.0000000000 0 0 0 0 0 0 220 237 81 1 0 0 0 0 040619 164458.821
0.0000000000 0.0000000000 0 0 0 0 0 0 186 242 81 1 0 0 0 0 040619 164459.021
0.0000000000 0.0000000000 0 0 0 0 0 0 105 249 81 1 0 0 0 0 040619 164459.221
0.0000000000 0.0000000000 0 0 0 0 0 0 105 249 81 1 0 0 0 0 040619 164459.421
0.0000000000 0.0000000000 0 0 0 0 0 0 209 0 81 1 0 0 0 0 040619 164459.621
0.0000000000 0.0000000000 0 0 0 0 0 0 209 0 81 1 0 0 0 0 040619 164459.822
0.0000000000 0.0000000000 0 0 0 0 0 0 66 5 81 1 0 0 0 0 040619 164500.022
0.0000000000 0.0000000000 0 0 0 0 0 0 129 6 81 1 0 0 0 0 040619 164500.222
0.0000000000 0.0000000000 0 0 0 0 0 0 2 15 81 1 0 0 0 0 040619 164500.422
0.0000000000 0.0000000000 0 0 0 0 0 0 10 13 81 1 0 0 0 0 040619 164500.622
0.0000000000 0.0000000000 0 0 0 0 0 0 72 16 81 1 0 0 0 0 040619 164500.823
0.0000000000 0.0000000000 0 0 0 0 0 0 72 16 81 1 0 0 0 0 040619 164501.023
0.0000000000 0.0000000000 0 0 0 0 0 0 60 20 81 1 0 0 0 0 040619 164501.223
0.0000000000 0.0000000000 0 0 0 0 0 0 0 0 81 1 0 0 0 0 040619 164501.423
0.0000000000 0.0000000000 0 0 0 0 0 0 0 0 81 1 0 0 0 0 040619 164501.624
0.0000000000 0.0000000000 0 0 0 0 0 0 0 0 81 1 0 0 0 0 040619 164501.824
0.0000000000 0.0000000000 0 0 0 0 0 0 0 0 81 1 0 0 0 0 040619 164502.024
0.0000000000 0.0000000000 0 0 0 0 0 0 0 0 81 1 0 0 0 0 040619 164502.224
0.0000000000 0.0000000000 0 0 0 0 0 0 0 0 81 1 0 0 0 0 040619 164502.424
0.0000000000 0.0000000000 0 0 0 0 0 0 0 0 81 1 0 0 0 0 040619 164502.625
0.0000000000 0.0000000000 0 0 0 0 0 0 0 0 81 1 0 0 0 0 040619 164502.825
0.0000000000 0.0000000000 0 0 0 0 0 0 0 0 81 1 0 0 0 0 040619 164503.025
0.0000000000 0.0000000000 0 0 0 0 0 0 0 0 81 1 0 0 0 0 040619 164503.225
0.0000000000 0.0000000000 0 0 0 0 0 0 0 0 81 1 0 0 0 0 040619 164503.426
0.0000000000 0.0000000000 0 0 0 0 0 0 0 0 81 1 0 0 0 0 040619 164503.626
0.0000000000 0.0000000000 0 0 0 0 0 0 0 0 81 1 0 0 0 0 040619 164503.826
0.0000000000 0.0000000000 0 0 0 0 0 0 0 0 81 1 0 0 0 0 040619 164504.026
0.0000000000 0.0000000000 0 0 0 0 0 0 0 0 81 1 0 0 0 0 040619 164504.226
0.0000000000 0.0000000000 0 0 0 0 0 0 0 0 81 1 0 0 0 0 040619 164504.427
0.0000000000 0.0000000000 0 0 0 0 0 0 0 0 81 1 0 0 0 0 040619 164504.627
0.0000000000 0.0000000000 0 0 0 0 0 0 0 0 81 1 0 0 0 0 040619 164504.827
0.0000000000 0.0000000000 0 0 0 0 0 0 0 0 81 1 0 0 0 0 040619 164505.027
0.0000000000 0.0000000000 0 0 0 0 0 0 0 0 81 1 0 0 0 0 040619 164505.228
0.0000000000 0.0000000000 0 0 0 0 0 0 0 0 81 1 0 0 0 0 040619 164505.428
0.0000000000 0.0000000000 0 0 0 0 0 0 133 40 81 1 0 0 0 0 040619 164505.628
0.0000000000 0.0000000000 0 0 0 0 0 0 133 40 81 1 0 0 0 0 040619 164505.828
0.0000000000 0.0000000000 0 0 0 0 0 0 200 28 81 1 0 0 0 0 040619 164506.029
0.0000000000 0.0000000000 0 0 0 0 0 0 69 39 81 1 0 0 0 0 040619 164506.229
0.0000000000 0.0000000000 0 0 0 0 0 0 136 46 81 1 0 0 0 0 040619 164506.429
0.0000000000 0.0000000000 0 0 0 0 0 0 136 46 81 1 0 0 0 0 040619 164506.629
0.0000000000 0.0000000000 0 0 0 0 0 0 82 51 81 1 0 0 0 0 040619 164506.829
0.0000000000 0.0000000000 0 0 0 0 0 0 150 48 81 1 0 0 0 0 040619 164507.030
0.0000000000 0.0000000000 0 0 0 0 0 0 197 47 81 1 0 0 0 0 040619 164507.230
0.0000000000 0.0000000000 0 0 0 0 0 0 224 50 81 1 0 0 0 0 040619 164507.430
0.0000000000 0.0000000000 0 0 0 0 0 0 224 50 81 1 0 0 0 0 040619 164507.630
0.0000000000 0.0000000000 0 0 0 0 0 0 130 49 81 1 0 0 0 0 040619 164507.831
0.0000000000 0.0000000000 0 0 0 0 0 0 78 43 81 1 0 0 0 0 040619 164508.031
0.0000000000 0.0000000000 0 0 0 0 0 0 106 42 81 1 0 0 0 0 040619 164508.231
0.0000000000 0.0000000000 0 0 0 0 0 0 151 40 81 1 0 0 0 0 040619 164508.431
0.0000000000 0.0000000000 0 0 0 0 0 0 197 34 81 1 0 0 0 0 040619 164508.631
0.0000000000 0.0000000000 0 0 0 0 0 0 197 34 81 1 0 0 0 0 040619 164508.832
0.0000000000 0.0000000000 0 0 0 0 0 0 176 28 81 1 0 0 0 0 040619 164509.032
0.0000000000 0.0000000000 0 0 0 0 0 0 189 23 81 1 0 0 0 0 040619 164509.232
0.0000000000 0.0000000000 0 0 0 0 0 0 31 27 81 1 0 0 0 0 040619 164509.432
0.0000000000 0.0000000000 0 0 0 0 0 0 239 21 81 1 0 0 0 0 040619 164509.633
0.0000000000 0.0000000000 0 0 0 0 0 0 239 21 81 1 0 0 0 0 040619 164509.833
0.0000000000 0.0000000000 0 0 0 0 0 0 213 20 81 1 0 0 0 0 040619 164510.033
0.0000000000 0.0000000000 0 0 0 0 0 0 44 21 81 1 0 0 0 0 040619 164510.233
0.0000000000 0.0000000000 0 0 0 0 0 0 95 16 81 1 0 0 0 0 040619 164510.433
0.0000000000 0.0000000000 0 0 0 0 0 0 171 13 81 1 0 0 0 0 040619 164510.634
0.0000000000 0.0000000000 0 0 0 0 0 0 87 10 81 1 0 0 0 0 040619 164510.834
0.0000000000 0.0000000000 0 0 0 0 0 0 87 10 81 1 0 0 0 0 040619 164511.034
0.0000000000 0.0000000000 0 0 0 0 0 0 214 7 81 1 0 0 0 0 040619 164511.234
0.0000000000 0.0000000000 0 0 0 0 0 0 141 4 81 1 0 0 0 0 040619 164511.435
0.0000000000 0.0000000000 0 0 0 0 0 0 92 5 81 1 0 0 0 0 040619 164511.635
0.0000000000 0.0000000000 0 0 0 0 0 0 133 4 81 1 0 0 0 0 040619 164511.835
0.0000000000 0.0000000000 0 0 0 0 0 0 227 0 81 1 0 0 0 0 040619 164512.035
0.0000000000 0.0000000000 0 0 0 0 0 0 227 0 81 1 0 0 0 0 040619 164512.235
0.0000000000 0.0000000000 0 0 0 0 0 0 54 1 81 1 0 0 0 0 040619 164512.436
0.0000000000 0.0000000000 0 0 0 0 0 0 74 254 81 1 0 0 0 0 040619 164512.636
0.0000000000 0.0000000000 0 0 0 0 0 0 112 250 81 1 0 0 0 0 040619 164512.836
0.0000000000 0.0000000000 0 0 0 0 0 0 224 250 81 1 0 0 0 0 040619 164513.036
0.0000000000 0.0000000000 0 0 0 0 0 0 81 249 81 1 0 0 0 0 040619 164513.236
0.0000000000 0.0000000000 0 0 0 0 0 0 215 246 81 1 0 0 0 0 040619 164513.437
0.0000000000 0.0000000000 0 0 0 0 0 0 116 246 81 1 0 0 0 0 040619 164513.637
0.0000000000 0.0000000000 0 0 0 0 0 0 37 245 81 1 0 0 0 0 040619 164513.837
0.0000000000 0.0000000000 0 0 0 0 0 0 37 245 81 1 0 0 0 0 040619 164514.037
0.0000000000 0.0000000000 0 0 0 0 0 0 0 0 81 1 0 0 0 0 040619 164514.238
0.0000000000 0.0000000000 0 0 0 0 0 0 0 0 81 1 0 0 0 0 040619 164514.438
0.0000000000 0.0000000000 0 0 0 0 0 0 0 0 81 1 0 0 0 0 040619 164514.638
0.0000000000 0.0000000000 0 0 0 0 0 0 0 0 81 1 0 0 0 0 040619 164514.838
0.0000000000 0.0000000000 0 0 0 0 0 0 0 0 81 1 0 0 0 0 040619 164515.038
0.0000000000 0.0000000000 0 0 0 0 0 0 163 241 81 1 0 0 0 0 040619 164515.239
0.0000000000 0.0000000000 0 0 0 0 0 0 163 241 81 1 0 0 0 0 040619 164515.439
0.0000000000 0.0000000000 0 0 0 0 0 0 205 237 81 1 0 0 0 0 040619 164515.639
0.0000000000 0.0000000000 0 0 0 0 0 0 57 234 81 1 0 0 0 0 040619 164515.839
0.0000000000 0.0000000000 0 0 0 0 0 0 10 234 81 1 0 0 0 0 040619 164516.039
0.0000000000 0.0000000000 0 0 0 0 0 0 75 238 81 1 0 0 0 0 040619 164516.240
0.0000000000 0.0000000000 0 0 0 0 0 0 60 236 81 1 0 0 0 0 040619 164516.440
0.0000000000 0.0000000000 0 0 0 0 0 0 60 236 81 1 0 0 0 0 040619 164516.640
0.0000000000 0.0000000000 0 0 0 0 0 0 107 235 81 1 0 0 0 0 040619 164516.840
0.0000000000 0.0000000000 0 0 0 0 0 0 233 238 81 1 0 0 0 0 040619 164517.041
0.0000000000 0.0000000000 0 0 0 0 0 0 185 236 81 1 0 0 0 0 040619 164517.241
0.0000000000 0.0000000000 0 0 0 0 0 0 114 237 81 1 0 0 0 0 040619 164517.441
0.0000000000 0.0000000000 0 0 0 0 0 0 182 237 81 1 0 0 0 0 040619 164517.641
0.0000000000 0.0000000000 0 0 0 0 0 0 17 238 81 1 0 0 0 0 040619 164517.841
0.0000000000 0.0000000000 0 0 0 0 0 0 70 236 81 1 0 0 0 0 040619 164518.042
0.0000000000 0.0000000000 0 0 0 0 0 0 152 237 81 1 0 0 0 0 040619 164518.242
0.0000000000 0.0000000000 0 0 0 0 0 0 162 236 81 1 0 0 0 0 040619 164518.442
0.0000000000 0.0000000000 0 0 0 0 0 0 162 236 81 1 0 0 0 0 040619 164518.642
0.0000000000 0.0000000000 0 0 0 0 0 0 206 235 81 1 0 0 0 0 040619 164518.842
0.0000000000 0.0000000000 0 0 0 0 0 0 120 239 81 1 0 0 0 0 040619 164519.043
0.0000000000 0.0000000000 0 0 0 0 0 0 115 236 81 1 0 0 0 0 040619 164519.243
0.0000000000 0.0000000000 0 0 0 0 0 0 139 235 81 1 0 0 0 0 040619 164519.444
0.0000000000 0.0000000000 0 0 0 0 0 0 0 0 127 0 0 0 0 0 040619 164519.644
0.0000000000 0.0000000000 0 0 0 0 0 0 0 0 127 0 0 0 0 0 040619 164519.844
0.0000000000 0.0000000000 0 0 0 0 0 0 0 0 127 0 0 0 0 0 040619 164520.044
0.0000000000 0.0000000000 0 0 0 0 0 0 0 0 127 0 0 0 0 0 040619 164520.245
0.0000000000 0.0000000000 0 0 0 0 0 0 0 0 127 0 0 0 0 0 040619 164520.445
0.0000000000 0.0000000000 0 0 0 0 0 0 0 0 127 0 0 0 0 0 040619 164520.645
