0.0000000000 0.0000000000 0 0 0 0 0 0 45 236 112 1 0 0 0 0 030619 171354.808
0.0000000000 0.0000000000 0 0 0 0 0 0 14 236 112 1 0 0 0 0 030619 171355.009
0.0000000000 0.0000000000 0 0 0 0 0 0 255 235 112 1 0 0 0 0 030619 171355.209
0.0000000000 0.0000000000 0 0 0 0 0 0 250 235 112 1 0 0 0 0 030619 171355.410
0.0000000000 0.0000000000 0 0 0 0 0 0 155 235 112 1 0 0 0 0 030619 171355.610
0.0000000000 0.0000000000 0 0 0 0 0 0 139 235 112 1 0 0 0 0 030619 171355.811
0.0000000000 0.0000000000 0 0 0 0 0 0 223 235 112 1 0 0 0 0 030619 171356.011
0.0000000000 0.0000000000 0 0 0 0 0 0 234 235 112 1 0 0 0 0 030619 171356.212
0.0000000000 0.0000000000 0 0 0 0 0 0 14 236 112 1 0 0 0 0 030619 171356.412
0.0000000000 0.0000000000 0 0 0 0 0 0 241 235 112 1 0 0 0 0 030619 171356.612
0.0000000000 0.0000000000 0 0 0 0 0 0 213 235 112 1 0 0 0 0 030619 171356.813
0.0000000000 0.0000000000 0 0 0 0 0 0 185 235 112 1 0 0 0 0 030619 171357.013
0.0000000000 0.0000000000 0 0 0 0 0 0 191 235 112 1 0 0 0 0 030619 171357.214
0.0000000000 0.0000000000 0 0 0 0 0 0 141 235 112 1 0 0 0 0 030619 171357.414
0.0000000000 0.0000000000 0 0 0 0 0 0 88 235 112 1 0 0 0 0 030619 171357.615
0.0000000000 0.0000000000 0 0 0 0 0 0 30 235 112 1 0 0 0 0 030619 171357.815
0.0000000000 0.0000000000 0 0 0 0 0 0 0 0 127 0 0 0 0 0 030619 171358.016
0.0000000000 0.0000000000 0 0 0 0 0 0 0 0 127 0 0 0 0 0 030619 171358.216
0.0000000000 0.0000000000 0 0 0 0 0 0 0 0 112 1 0 0 0 0 030619 171358.416
0.0000000000 0.0000000000 0 0 0 0 0 0 0 0 112 1 0 0 0 0 030619 171358.617
0.0000000000 0.0000000000 0 0 0 0 0 0 0 0 112 1 0 0 0 0 030619 171358.817
0.0000000000 0.0000000000 0 0 0 0 0 0 0 0 112 1 0 0 0 0 030619 171359.018
0.0000000000 0.0000000000 0 0 0 0 0 0 0 0 112 1 0 0 0 0 030619 171359.218
0.0000000000 0.0000000000 0 0 0 0 0 0 0 0 112 1 0 0 0 0 030619 171359.419
0.0000000000 0.0000000000 0 0 0 0 0 0 0 0 112 1 0 0 0 0 030619 171359.619
0.0000000000 0.0000000000 0 0 0 0 0 0 0 0 112 1 0 0 0 0 030619 171359.820
0.0000000000 0.0000000000 0 0 0 0 0 0 0 0 112 1 0 0 0 0 030619 171400.020
0.0000000000 0.0000000000 0 0 0 0 0 0 0 0 112 1 0 0 0 0 030619 171400.221
0.0000000000 0.0000000000 0 0 0 0 0 0 0 0 112 1 0 0 0 0 030619 171400.422
0.0000000000 0.0000000000 0 0 0 0 0 0 0 0 112 1 0 0 0 0 030619 171400.622
0.0000000000 0.0000000000 0 0 0 0 0 0 0 0 112 1 0 0 0 0 030619 171400.823
0.0000000000 0.0000000000 0 0 0 0 0 0 0 0 112 1 0 0 0 0 030619 171401.023
0.0000000000 0.0000000000 0 0 0 0 0 0 0 0 112 1 0 0 0 0 030619 171401.224
0.0000000000 0.0000000000 0 0 0 0 0 0 0 0 112 1 0 0 0 0 030619 171401.424
0.0000000000 0.0000000000 0 0 0 0 0 0 0 0 112 1 0 0 0 0 030619 171401.625
0.0000000000 0.0000000000 0 0 0 0 0 0 0 0 112 1 0 0 0 0 030619 171401.825
0.0000000000 0.0000000000 0 0 0 0 0 0 0 0 112 1 0 0 0 0 030619 171402.026
0.0000000000 0.0000000000 0 0 0 0 0 0 0 0 112 1 0 0 0 0 030619 171402.227
0.0000000000 0.0000000000 0 0 0 0 0 0 0 0 112 1 0 0 0 0 030619 171402.427
0.0000000000 0.0000000000 0 0 0 0 0 0 0 0 112 1 0 0 0 0 030619 171402.628
0.0000000000 0.0000000000 0 0 0 0 0 0 0 0 112 1 0 0 0 0 030619 171402.828
0.0000000000 0.0000000000 0 0 0 0 0 0 0 0 112 1 0 0 0 0 030619 171403.029
0.0000000000 0.0000000000 0 0 0 0 0 0 0 0 112 1 0 0 0 0 030619 171403.229
0.0000000000 0.0000000000 0 0 0 0 0 0 0 0 112 1 0 0 0 0 030619 171403.429
0.0000000000 0.0000000000 0 0 0 0 0 0 0 0 112 1 0 0 0 0 030619 171403.630
0.0000000000 0.0000000000 0 0 0 0 0 0 0 0 112 1 0 0 0 0 030619 171403.831
0.0000000000 0.0000000000 0 0 0 0 0 0 0 0 112 1 0 0 0 0 030619 171404.031
0.0000000000 0.0000000000 0 0 0 0 0 0 0 0 112 1 0 0 0 0 030619 171404.232
0.0000000000 0.0000000000 0 0 0 0 0 0 0 0 112 1 0 0 0 0 030619 171404.432
0.0000000000 0.0000000000 0 0 0 0 0 0 0 0 112 1 0 0 0 0 030619 171404.633
0.0000000000 0.0000000000 0 0 0 0 0 0 0 0 112 1 0 0 0 0 030619 171404.833
0.0000000000 0.0000000000 0 0 0 0 0 0 0 0 112 1 0 0 0 0 030619 171405.034
0.0000000000 0.0000000000 0 0 0 0 0 0 0 0 112 1 0 0 0 0 030619 171405.234
0.0000000000 0.0000000000 0 0 0 0 0 0 0 0 112 1 0 0 0 0 030619 171405.435
0.0000000000 0.0000000000 0 0 0 0 0 0 0 0 112 1 0 0 0 0 030619 171405.635
0.0000000000 0.0000000000 0 0 0 0 0 0 0 0 112 1 0 0 0 0 030619 171405.836
0.0000000000 0.0000000000 0 0 0 0 0 0 0 0 112 1 0 0 0 0 030619 171406.036
0.0000000000 0.0000000000 0 0 0 0 0 0 0 0 112 1 0 0 0 0 030619 171406.237
0.0000000000 0.0000000000 0 0 0 0 0 0 0 0 112 1 0 0 0 0 030619 171406.437
0.0000000000 0.0000000000 0 0 0 0 0 0 0 0 112 1 0 0 0 0 030619 171406.638
0.0000000000 0.0000000000 0 0 0 0 0 0 0 0 112 1 0 0 0 0 030619 171406.838
0.0000000000 0.0000000000 0 0 0 0 0 0 0 0 112 1 0 0 0 0 030619 171407.039
0.0000000000 0.0000000000 0 0 0 0 0 0 0 0 112 1 0 0 0 0 030619 171407.239
0.0000000000 0.0000000000 0 0 0 0 0 0 0 0 112 1 0 0 0 0 030619 171407.440
0.0000000000 0.0000000000 0 0 0 0 0 0 0 0 112 1 0 0 0 0 030619 171407.640
0.0000000000 0.0000000000 0 0 0 0 0 0 0 0 112 1 0 0 0 0 030619 171407.841
0.0000000000 0.0000000000 0 0 0 0 0 0 0 0 112 1 0 0 0 0 030619 171408.041
0.0000000000 0.0000000000 0 0 0 0 0 0 0 0 112 1 0 0 0 0 030619 171408.242
0.0000000000 0.0000000000 0 0 0 0 0 0 0 0 112 1 0 0 0 0 030619 171408.442
0.0000000000 0.0000000000 0 0 0 0 0 0 0 0 112 1 0 0 0 0 030619 171408.643
0.0000000000 0.0000000000 0 0 0 0 0 0 0 0 112 1 0 0 0 0 030619 171408.843
0.0000000000 0.0000000000 0 0 0 0 0 0 0 0 112 1 0 0 0 0 030619 171409.043
0.0000000000 0.0000000000 0 0 0 0 0 0 0 0 112 1 0 0 0 0 030619 171409.244
0.0000000000 0.0000000000 0 0 0 0 0 0 0 0 112 1 0 0 0 0 030619 171409.445
0.0000000000 0.0000000000 0 0 0 0 0 0 0 0 112 1 0 0 0 0 030619 171409.645
0.0000000000 0.0000000000 0 0 0 0 0 0 0 0 112 1 0 0 0 0 030619 171409.846
0.0000000000 0.0000000000 0 0 0 0 0 0 0 0 112 1 0 0 0 0 030619 171410.046
0.0000000000 0.0000000000 0 0 0 0 0 0 0 0 112 1 0 0 0 0 030619 171410.247
0.0000000000 0.0000000000 0 0 0 0 0 0 0 0 112 1 0 0 0 0 030619 171410.447
0.0000000000 0.0000000000 0 0 0 0 0 0 0 0 112 1 0 0 0 0 030619 171410.648
0.0000000000 0.0000000000 0 0 0 0 0 0 0 0 112 1 0 0 0 0 030619 171410.848
0.0000000000 0.0000000000 0 0 0 0 0 0 0 0 112 1 0 0 0 0 030619 171411.049
0.0000000000 0.0000000000 0 0 0 0 0 0 0 0 112 1 0 0 0 0 030619 171411.249
0.0000000000 0.0000000000 0 0 0 0 0 0 0 0 112 1 0 0 0 0 030619 171411.449
0.0000000000 0.0000000000 0 0 0 0 0 0 0 0 112 1 0 0 0 0 030619 171411.650
0.0000000000 0.0000000000 0 0 0 0 0 0 0 0 112 1 0 0 0 0 030619 171411.850
0.0000000000 0.0000000000 0 0 0 0 0 0 0 0 112 1 0 0 0 0 030619 171412.051
0.0000000000 0.0000000000 0 0 0 0 0 0 0 0 112 1 0 0 0 0 030619 171412.251
0.0000000000 0.0000000000 0 0 0 0 0 0 0 0 112 1 0 0 0 0 030619 171412.452
0.0000000000 0.0000000000 0 0 0 0 0 0 0 0 112 1 0 0 0 0 030619 171412.652
0.0000000000 0.0000000000 0 0 0 0 0 0 0 0 112 1 0 0 0 0 030619 171412.852
0.0000000000 0.0000000000 0 0 0 0 0 0 0 0 112 1 0 0 0 0 030619 171413.053
0.0000000000 0.0000000000 0 0 0 0 0 0 0 0 112 1 0 0 0 0 030619 171413.254
0.0000000000 0.0000000000 0 0 0 0 0 0 0 0 112 1 0 0 0 0 030619 171413.454
0.0000000000 0.0000000000 0 0 0 0 0 0 0 0 112 1 0 0 0 0 030619 171413.654
0.0000000000 0.0000000000 0 0 0 0 0 0 0 0 112 1 0 0 0 0 030619 171413.855
0.0000000000 0.0000000000 0 0 0 0 0 0 0 0 112 1 0 0 0 0 030619 171414.055
0.0000000000 0.0000000000 0 0 0 0 0 0 0 0 112 1 0 0 0 0 030619 171414.256
0.0000000000 0.0000000000 0 0 0 0 0 0 0 0 112 1 0 0 0 0 030619 171414.456
0.0000000000 0.0000000000 0 0 0 0 0 0 0 0 112 1 0 0 0 0 030619 171414.657
0.0000000000 0.0000000000 0 0 0 0 0 0 0 0 112 1 0 0 0 0 030619 171414.857
0.0000000000 0.0000000000 0 0 0 0 0 0 0 0 112 1 0 0 0 0 030619 171415.058
0.0000000000 0.0000000000 0 0 0 0 0 0 0 0 112 1 0 0 0 0 030619 171415.258
0.0000000000 0.0000000000 0 0 0 0 0 0 0 0 112 1 0 0 0 0 030619 171415.458
0.0000000000 0.0000000000 0 0 0 0 0 0 0 0 112 1 0 0 0 0 030619 171415.659
0.0000000000 0.0000000000 0 0 0 0 0 0 0 0 112 1 0 0 0 0 030619 171415.860
0.0000000000 0.0000000000 0 0 0 0 0 0 0 0 112 1 0 0 0 0 030619 171416.060
0.0000000000 0.0000000000 0 0 0 0 0 0 0 0 112 1 0 0 0 0 030619 171416.261
0.0000000000 0.0000000000 0 0 0 0 0 0 0 0 112 1 0 0 0 0 030619 171416.461
0.0000000000 0.0000000000 0 0 0 0 0 0 0 0 112 1 0 0 0 0 030619 171416.662
0.0000000000 0.0000000000 0 0 0 0 0 0 0 0 112 1 0 0 0 0 030619 171416.862
0.0000000000 0.0000000000 0 0 0 0 0 0 0 0 112 1 0 0 0 0 030619 171417.062
0.0000000000 0.0000000000 0 0 0 0 0 0 0 0 112 1 0 0 0 0 030619 171417.263
0.0000000000 0.0000000000 0 0 0 0 0 0 0 0 112 1 0 0 0 0 030619 171417.463
0.0000000000 0.0000000000 0 0 0 0 0 0 0 0 112 1 0 0 0 0 030619 171417.664
0.0000000000 0.0000000000 0 0 0 0 0 0 0 0 112 1 0 0 0 0 030619 171417.864
0.0000000000 0.0000000000 0 0 0 0 0 0 0 0 112 1 0 0 0 0 030619 171418.065
0.0000000000 0.0000000000 0 0 0 0 0 0 0 0 112 1 0 0 0 0 030619 171418.265
0.0000000000 0.0000000000 0 0 0 0 0 0 0 0 112 1 0 0 0 0 030619 171418.466
0.0000000000 0.0000000000 0 0 0 0 0 0 0 0 112 1 0 0 0 0 030619 171418.666
0.0000000000 0.0000000000 0 0 0 0 0 0 0 0 112 1 0 0 0 0 030619 171418.867
0.0000000000 0.0000000000 0 0 0 0 0 0 0 0 112 1 0 0 0 0 030619 171419.067
0.0000000000 0.0000000000 0 0 0 0 0 0 0 0 112 1 0 0 0 0 030619 171419.268
0.0000000000 0.0000000000 0 0 0 0 0 0 0 0 112 1 0 0 0 0 030619 171419.468
0.0000000000 0.0000000000 0 0 0 0 0 0 0 0 112 1 0 0 0 0 030619 171419.669
0.0000000000 0.0000000000 0 0 0 0 0 0 0 0 112 1 0 0 0 0 030619 171419.869
0.0000000000 0.0000000000 0 0 0 0 0 0 0 0 112 1 0 0 0 0 030619 171420.070
0.0000000000 0.0000000000 0 0 0 0 0 0 0 0 112 1 0 0 0 0 030619 171420.270
0.0000000000 0.0000000000 0 0 0 0 0 0 0 0 112 1 0 0 0 0 030619 171420.471
0.0000000000 0.0000000000 0 0 0 0 0 0 0 0 112 1 0 0 0 0 030619 171420.671
0.0000000000 0.0000000000 0 0 0 0 0 0 0 0 112 1 0 0 0 0 030619 171420.872
0.0000000000 0.0000000000 0 0 0 0 0 0 0 0 112 1 0 0 0 0 030619 171421.072
0.0000000000 0.0000000000 0 0 0 0 0 0 0 0 112 1 0 0 0 0 030619 171421.273
0.0000000000 0.0000000000 0 0 0 0 0 0 0 0 112 1 0 0 0 0 030619 171421.473
0.0000000000 0.0000000000 0 0 0 0 0 0 0 0 112 1 0 0 0 0 030619 171421.673
0.0000000000 0.0000000000 0 0 0 0 0 0 0 0 112 1 0 0 0 0 030619 171421.874
0.0000000000 0.0000000000 0 0 0 0 0 0 0 0 112 1 0 0 0 0 030619 171422.074
0.0000000000 0.0000000000 0 0 0 0 0 0 0 0 112 1 0 0 0 0 030619 171422.275
0.0000000000 0.0000000000 0 0 0 0 0 0 0 0 112 1 0 0 0 0 030619 171422.475
0.0000000000 0.0000000000 0 0 0 0 0 0 0 0 112 1 0 0 0 0 030619 171422.676
0.0000000000 0.0000000000 0 0 0 0 0 0 0 0 112 1 0 0 0 0 030619 171422.876
0.0000000000 0.0000000000 0 0 0 0 0 0 0 0 112 1 0 0 0 0 030619 171423.077
0.0000000000 0.0000000000 0 0 0 0 0 0 0 0 112 1 0 0 0 0 030619 171423.277
0.0000000000 0.0000000000 0 0 0 0 0 0 0 0 112 1 0 0 0 0 030619 171423.478
0.0000000000 0.0000000000 0 0 0 0 0 0 0 0 112 1 0 0 0 0 030619 171423.678
0.0000000000 0.0000000000 0 0 0 0 0 0 0 0 112 1 0 0 0 0 030619 171423.879
0.0000000000 0.0000000000 0 0 0 0 0 0 0 0 112 1 0 0 0 0 030619 171424.079
0.0000000000 0.0000000000 0 0 0 0 0 0 0 0 112 1 0 0 0 0 030619 171424.280
0.0000000000 0.0000000000 0 0 0 0 0 0 0 128 112 1 0 0 0 0 030619 171424.480
