0.0000000000 0.0000000000 0 0 0 0 0 0 0 0 112 1 0 0 0 0 091219 144501.517
0.0000000000 0.0000000000 0 0 0 0 0 0 0 0 112 1 0 0 0 0 091219 144501.717
0.0000000000 0.0000000000 0 0 0 0 0 0 0 0 112 1 0 0 0 0 091219 144501.917
0.0000000000 0.0000000000 0 0 0 0 0 0 0 0 112 1 0 0 0 0 091219 144502.118
0.0000000000 0.0000000000 0 0 0 0 0 0 0 0 112 1 0 0 0 0 091219 144502.318
0.0000000000 0.0000000000 0 0 0 0 0 0 0 0 112 1 0 0 0 0 091219 144502.518
0.0000000000 0.0000000000 0 0 0 0 0 0 0 0 112 1 0 0 0 0 091219 144502.719
0.0000000000 0.0000000000 0 0 0 0 0 0 0 0 112 1 0 0 0 0 091219 144502.919
0.0000000000 0.0000000000 0 0 0 0 0 0 0 0 112 1 0 0 0 0 091219 144503.119
0.0000000000 0.0000000000 0 0 0 0 0 0 0 0 112 1 0 0 0 0 091219 144503.319
0.0000000000 0.0000000000 0 0 0 0 0 0 0 0 112 1 0 0 0 0 091219 144503.520
0.0000000000 0.0000000000 0 0 0 0 0 0 0 0 112 1 0 0 0 0 091219 144503.720
0.0000000000 0.0000000000 0 0 0 0 0 0 0 0 112 1 0 0 0 0 091219 144503.920
0.0000000000 0.0000000000 0 0 0 0 0 0 0 0 112 1 0 0 0 0 091219 144504.120
0.0000000000 0.0000000000 0 0 0 0 0 0 0 0 112 1 0 0 0 0 091219 144504.321
0.0000000000 0.0000000000 0 0 0 0 0 0 0 0 112 1 0 0 0 0 091219 144504.521
0.0000000000 0.0000000000 0 0 0 0 0 0 0 0 112 1 0 0 0 0 091219 144504.721
0.0000000000 0.0000000000 0 0 0 0 0 0 0 0 112 1 0 0 0 0 091219 144504.921
0.0000000000 0.0000000000 0 0 0 0 0 0 0 0 112 1 0 0 0 0 091219 144505.122
0.0000000000 0.0000000000 0 0 0 0 0 0 0 0 112 1 0 0 0 0 091219 144505.322
0.0000000000 0.0000000000 0 0 0 0 0 0 0 0 112 1 0 0 0 0 091219 144505.522
0.0000000000 0.0000000000 0 0 0 0 0 0 0 0 112 1 0 0 0 0 091219 144505.722
0.0000000000 0.0000000000 0 0 0 0 0 0 0 0 112 1 0 0 0 0 091219 144505.923
0.0000000000 0.0000000000 0 0 0 0 0 0 0 0 112 1 0 0 0 0 091219 144506.123
0.0000000000 0.0000000000 0 0 0 0 0 0 0 0 112 1 0 0 0 0 091219 144506.323
0.0000000000 0.0000000000 0 0 0 0 0 0 0 0 112 1 0 0 0 0 091219 144506.524
0.0000000000 0.0000000000 0 0 0 0 0 0 0 0 112 1 0 0 0 0 091219 144506.724
0.0000000000 0.0000000000 0 0 0 0 0 0 0 0 112 1 0 0 0 0 091219 144506.924
