0.0000000000 0.0000000000 0 0 0 0 0 0 0 0 112 1 0 0 0 0 030619 155203.035
0.0000000000 0.0000000000 0 0 0 0 0 0 0 0 112 1 0 0 0 0 030619 155203.236
0.0000000000 0.0000000000 0 0 0 0 0 0 0 0 112 1 0 0 0 0 030619 155203.436
0.0000000000 0.0000000000 0 0 0 0 0 0 0 0 112 1 0 0 0 0 030619 155203.636
0.0000000000 0.0000000000 0 0 0 0 0 0 0 0 112 1 0 0 0 0 030619 155203.836
0.0000000000 0.0000000000 0 0 0 0 0 0 0 0 112 1 0 0 0 0 030619 155204.037
0.0000000000 0.0000000000 0 0 0 0 0 0 0 0 112 1 0 0 0 0 030619 155204.237
0.0000000000 0.0000000000 0 0 0 0 0 0 0 0 112 1 0 0 0 0 030619 155204.437
0.0000000000 0.0000000000 0 0 0 0 0 0 0 0 112 1 0 0 0 0 030619 155204.638
0.0000000000 0.0000000000 0 0 0 0 0 0 70 2 112 1 0 0 0 0 030619 155204.838
0.0000000000 0.0000000000 0 0 0 0 0 0 91 2 112 1 0 0 0 0 030619 155205.038
0.0000000000 0.0000000000 0 0 0 0 0 0 0 0 127 0 0 0 0 0 030619 155205.239
0.0000000000 0.0000000000 0 0 0 0 0 0 0 0 127 0 0 0 0 0 030619 155205.439
0.0000000000 0.0000000000 0 0 0 0 0 0 0 0 127 0 0 0 0 0 030619 155205.639
0.0000000000 0.0000000000 0 0 0 0 0 0 0 0 127 0 0 0 0 0 030619 155205.840
0.0000000000 0.0000000000 0 0 0 0 0 0 0 0 127 0 0 0 0 0 030619 155206.040
0.0000000000 0.0000000000 0 0 0 0 0 0 0 0 127 0 0 0 0 0 030619 155206.241
0.0000000000 0.0000000000 0 0 0 0 0 0 0 0 127 0 0 0 0 0 030619 155206.441
0.0000000000 0.0000000000 0 0 0 0 0 0 0 0 127 0 0 0 0 0 030619 155206.642
0.0000000000 0.0000000000 0 0 0 0 0 0 0 0 127 0 0 0 0 0 030619 155206.842
0.0000000000 0.0000000000 0 0 0 0 0 0 0 0 127 0 0 0 0 0 030619 155207.042
0.0000000000 0.0000000000 0 0 0 0 0 0 0 0 127 0 0 0 0 0 030619 155207.243
0.0000000000 0.0000000000 0 0 0 0 0 0 0 0 127 0 0 0 0 0 030619 155207.443
0.0000000000 0.0000000000 0 0 0 0 0 0 0 0 127 0 0 0 0 0 030619 155207.644
0.0000000000 0.0000000000 0 0 0 0 0 0 0 0 127 0 0 0 0 0 030619 155207.844
0.0000000000 0.0000000000 0 0 0 0 0 0 108 2 112 1 0 0 0 0 030619 155208.044
0.0000000000 0.0000000000 0 0 0 0 0 0 211 6 112 1 0 0 0 0 030619 155208.245
0.0000000000 0.0000000000 0 0 0 0 0 0 1 7 112 1 0 0 0 0 030619 155208.445
0.0000000000 0.0000000000 0 0 0 0 0 0 37 7 112 1 0 0 0 0 030619 155208.645
0.0000000000 0.0000000000 0 0 0 0 0 0 84 7 112 1 0 0 0 0 030619 155208.846
0.0000000000 0.0000000000 0 0 0 0 0 0 116 7 112 1 0 0 0 0 030619 155209.046
0.0000000000 0.0000000000 0 0 0 0 0 0 184 7 112 1 0 0 0 0 030619 155209.246
0.0000000000 0.0000000000 0 0 0 0 0 0 213 7 112 1 0 0 0 0 030619 155209.447
0.0000000000 0.0000000000 0 0 0 0 0 0 1 8 112 1 0 0 0 0 030619 155209.647
0.0000000000 0.0000000000 0 0 0 0 0 0 53 8 112 1 0 0 0 0 030619 155209.847
0.0000000000 0.0000000000 0 0 0 0 0 0 89 8 112 1 0 0 0 0 030619 155210.047
0.0000000000 0.0000000000 0 0 0 0 0 0 129 8 112 1 0 0 0 0 030619 155210.248
0.0000000000 0.0000000000 0 0 0 0 0 0 181 8 112 1 0 0 0 0 030619 155210.448
0.0000000000 0.0000000000 0 0 0 0 0 0 223 8 112 1 0 0 0 0 030619 155210.649
