0.0000000000 0.0000000000 0 0 0 0 0 0 0 128 112 1 0 0 0 0 041019 155831.473
0.0000000000 0.0000000000 0 0 0 0 0 0 0 128 112 1 0 0 0 0 041019 155831.673
0.0000000000 0.0000000000 0 0 0 0 0 0 0 128 112 1 0 0 0 0 041019 155831.874
0.0000000000 0.0000000000 0 0 0 0 0 0 0 128 112 1 0 0 0 0 041019 155832.074
0.0000000000 0.0000000000 0 0 0 0 0 0 0 128 112 1 0 0 0 0 041019 155832.275
0.0000000000 0.0000000000 0 0 0 0 0 0 0 128 112 1 0 0 0 0 041019 155832.475
0.0000000000 0.0000000000 0 0 0 0 0 0 0 128 112 1 0 0 0 0 041019 155832.676
0.0000000000 0.0000000000 0 0 0 0 0 0 0 128 112 1 0 0 0 0 041019 155832.876
0.0000000000 0.0000000000 0 0 0 0 0 0 0 128 112 1 0 0 0 0 041019 155833.076
0.0000000000 0.0000000000 0 0 0 0 0 0 0 128 112 1 0 0 0 0 041019 155833.277
0.0000000000 0.0000000000 0 0 0 0 0 0 0 128 112 1 0 0 0 0 041019 155833.477
0.0000000000 0.0000000000 0 0 0 0 0 0 0 128 112 1 0 0 0 0 041019 155833.677
0.0000000000 0.0000000000 0 0 0 0 0 0 0 128 112 1 0 0 0 0 041019 155833.878
0.0000000000 0.0000000000 0 0 0 0 0 0 0 128 112 1 0 0 0 0 041019 155834.078
0.0000000000 0.0000000000 0 0 0 0 0 0 0 128 112 1 0 0 0 0 041019 155834.278
0.0000000000 0.0000000000 0 0 0 0 0 0 0 128 112 1 0 0 0 0 041019 155834.479
