0.0000000000 0.0000000000 0 0 0 0 0 0 27 10 112 1 0 0 0 0 261119 151404.578
0.0000000000 0.0000000000 0 0 0 0 0 0 109 8 112 1 0 0 0 0 261119 151404.778
0.0000000000 0.0000000000 0 0 0 0 0 0 10 4 112 1 0 0 0 0 261119 151404.978
0.0000000000 0.0000000000 0 0 0 0 0 0 0 0 112 1 0 0 0 0 261119 151405.178
0.0000000000 0.0000000000 0 0 0 0 0 0 0 0 112 1 0 0 0 0 261119 151405.378
0.0000000000 0.0000000000 0 0 0 0 0 0 0 0 112 1 0 0 0 0 261119 151405.578
0.0000000000 0.0000000000 0 0 0 0 0 0 0 0 112 1 0 0 0 0 261119 151405.778
0.0000000000 0.0000000000 0 0 0 0 0 0 0 0 112 1 0 0 0 0 261119 151405.978
0.0000000000 0.0000000000 0 0 0 0 0 0 0 0 112 1 0 0 0 0 261119 151406.179
0.0000000000 0.0000000000 0 0 0 0 0 0 0 0 112 1 0 0 0 0 261119 151406.379
0.0000000000 0.0000000000 0 0 0 0 0 0 0 0 112 1 0 0 0 0 261119 151406.579
0.0000000000 0.0000000000 0 0 0 0 0 0 0 0 112 1 0 0 0 0 261119 151406.779
0.0000000000 0.0000000000 0 0 0 0 0 0 0 0 112 1 0 0 0 0 261119 151406.979
0.0000000000 0.0000000000 0 0 0 0 0 0 0 0 112 1 0 0 0 0 261119 151407.179
0.0000000000 0.0000000000 0 0 0 0 0 0 0 0 112 1 0 0 0 0 261119 151407.380
0.0000000000 0.0000000000 0 0 0 0 0 0 0 0 112 1 0 0 0 0 261119 151407.580
0.0000000000 0.0000000000 0 0 0 0 0 0 0 0 112 1 0 0 0 0 261119 151407.780
0.0000000000 0.0000000000 0 0 0 0 0 0 0 0 112 1 0 0 0 0 261119 151407.980
0.0000000000 0.0000000000 0 0 0 0 0 0 0 0 112 1 0 0 0 0 261119 151408.180
0.0000000000 0.0000000000 0 0 0 0 0 0 0 0 112 1 0 0 0 0 261119 151408.380
0.0000000000 0.0000000000 0 0 0 0 0 0 0 0 112 1 0 0 0 0 261119 151408.580
0.0000000000 0.0000000000 0 0 0 0 0 0 0 0 112 1 0 0 0 0 261119 151408.780
0.0000000000 0.0000000000 0 0 0 0 0 0 0 0 112 1 0 0 0 0 261119 151408.981
0.0000000000 0.0000000000 0 0 0 0 0 0 0 0 112 1 0 0 0 0 261119 151409.181
0.0000000000 0.0000000000 0 0 0 0 0 0 0 0 112 1 0 0 0 0 261119 151409.381
0.0000000000 0.0000000000 0 0 0 0 0 0 0 0 112 1 0 0 0 0 261119 151409.581
0.0000000000 0.0000000000 0 0 0 0 0 0 0 0 112 1 0 0 0 0 261119 151409.781
0.0000000000 0.0000000000 0 0 0 0 0 0 0 0 112 1 0 0 0 0 261119 151409.981
0.0000000000 0.0000000000 0 0 0 0 0 0 0 0 112 1 0 0 0 0 261119 151410.182
0.0000000000 0.0000000000 0 0 0 0 0 0 0 0 112 1 0 0 0 0 261119 151410.382
0.0000000000 0.0000000000 0 0 0 0 0 0 0 0 112 1 0 0 0 0 261119 151410.582
0.0000000000 0.0000000000 0 0 0 0 0 0 0 0 112 1 0 0 0 0 261119 151410.782
0.0000000000 0.0000000000 0 0 0 0 0 0 0 0 112 1 0 0 0 0 261119 151410.982
0.0000000000 0.0000000000 0 0 0 0 0 0 0 0 112 1 0 0 0 0 261119 151411.182
0.0000000000 0.0000000000 0 0 0 0 0 0 0 0 112 1 0 0 0 0 261119 151411.383
0.0000000000 0.0000000000 0 0 0 0 0 0 0 0 112 1 0 0 0 0 261119 151411.583
0.0000000000 0.0000000000 0 0 0 0 0 0 0 0 112 1 0 0 0 0 261119 151411.783
0.0000000000 0.0000000000 0 0 0 0 0 0 0 0 112 1 0 0 0 0 261119 151411.983
0.0000000000 0.0000000000 0 0 0 0 0 0 0 0 112 1 0 0 0 0 261119 151412.183
0.0000000000 0.0000000000 0 0 0 0 0 0 0 0 112 1 0 0 0 0 261119 151412.383
0.0000000000 0.0000000000 0 0 0 0 0 0 0 0 112 1 0 0 0 0 261119 151412.583
0.0000000000 0.0000000000 0 0 0 0 0 0 0 0 112 1 0 0 0 0 261119 151412.783
0.0000000000 0.0000000000 0 0 0 0 0 0 0 0 112 1 0 0 0 0 261119 151412.984
0.0000000000 0.0000000000 0 0 0 0 0 0 0 0 112 1 0 0 0 0 261119 151413.184
0.0000000000 0.0000000000 0 0 0 0 0 0 0 0 112 1 0 0 0 0 261119 151413.384
0.0000000000 0.0000000000 0 0 0 0 0 0 0 0 112 1 0 0 0 0 261119 151413.584
0.0000000000 0.0000000000 0 0 0 0 0 0 0 0 112 1 0 0 0 0 261119 151413.784
0.0000000000 0.0000000000 0 0 0 0 0 0 0 0 112 1 0 0 0 0 261119 151413.984
0.0000000000 0.0000000000 0 0 0 0 0 0 0 0 112 1 0 0 0 0 261119 151414.184
0.0000000000 0.0000000000 0 0 0 0 0 0 249 245 112 1 0 0 0 0 261119 151414.385
0.0000000000 0.0000000000 0 0 0 0 0 0 33 245 112 1 0 0 0 0 261119 151414.585
0.0000000000 0.0000000000 0 0 0 0 0 0 31 248 112 1 0 0 0 0 261119 151414.785
0.0000000000 0.0000000000 0 0 0 0 0 0 90 243 112 1 0 0 0 0 261119 151414.985
0.0000000000 0.0000000000 0 0 0 0 0 0 105 243 112 1 0 0 0 0 261119 151415.185
0.0000000000 0.0000000000 0 0 0 0 0 0 225 237 112 1 0 0 0 0 261119 151415.385
0.0000000000 0.0000000000 0 0 0 0 0 0 46 245 112 1 0 0 0 0 261119 151415.586
0.0000000000 0.0000000000 0 0 0 0 0 0 119 238 112 1 0 0 0 0 261119 151415.786
0.0000000000 0.0000000000 0 0 0 0 0 0 217 242 112 1 0 0 0 0 261119 151415.986
0.0000000000 0.0000000000 0 0 0 0 0 0 69 243 112 1 0 0 0 0 261119 151416.186
0.0000000000 0.0000000000 0 0 0 0 0 0 32 245 112 1 0 0 0 0 261119 151416.386
0.0000000000 0.0000000000 0 0 0 0 0 0 119 241 112 1 0 0 0 0 261119 151416.586
0.0000000000 0.0000000000 0 0 0 0 0 0 140 241 112 1 0 0 0 0 261119 151416.786
0.0000000000 0.0000000000 0 0 0 0 0 0 37 243 112 1 0 0 0 0 261119 151416.986
0.0000000000 0.0000000000 0 0 0 0 0 0 193 240 112 1 0 0 0 0 261119 151417.187
0.0000000000 0.0000000000 0 0 0 0 0 0 35 241 112 1 0 0 0 0 261119 151417.387
0.0000000000 0.0000000000 0 0 0 0 0 0 147 236 112 1 0 0 0 0 261119 151417.587
0.0000000000 0.0000000000 0 0 0 0 0 0 7 237 112 1 0 0 0 0 261119 151417.787
0.0000000000 0.0000000000 0 0 0 0 0 0 10 245 112 1 0 0 0 0 261119 151417.987
0.0000000000 0.0000000000 0 0 0 0 0 0 215 240 112 1 0 0 0 0 261119 151418.187
0.0000000000 0.0000000000 0 0 0 0 0 0 35 244 112 1 0 0 0 0 261119 151418.388
0.0000000000 0.0000000000 0 0 0 0 0 0 98 249 112 1 0 0 0 0 261119 151418.588
0.0000000000 0.0000000000 0 0 0 0 0 0 33 239 112 1 0 0 0 0 261119 151418.788
0.0000000000 0.0000000000 0 0 0 0 0 0 187 242 112 1 0 0 0 0 261119 151418.988
0.0000000000 0.0000000000 0 0 0 0 0 0 242 239 112 1 0 0 0 0 261119 151419.188
0.0000000000 0.0000000000 0 0 0 0 0 0 157 244 112 1 0 0 0 0 261119 151419.388
0.0000000000 0.0000000000 0 0 0 0 0 0 48 243 112 1 0 0 0 0 261119 151419.588
0.0000000000 0.0000000000 0 0 0 0 0 0 185 246 112 1 0 0 0 0 261119 151419.789
0.0000000000 0.0000000000 0 0 0 0 0 0 254 244 112 1 0 0 0 0 261119 151419.989
0.0000000000 0.0000000000 0 0 0 0 0 0 149 240 112 1 0 0 0 0 261119 151420.189
0.0000000000 0.0000000000 0 0 0 0 0 0 5 255 112 1 0 0 0 0 261119 151420.389
0.0000000000 0.0000000000 0 0 0 0 0 0 214 247 112 1 0 0 0 0 261119 151420.589
0.0000000000 0.0000000000 0 0 0 0 0 0 32 246 112 1 0 0 0 0 261119 151420.789
0.0000000000 0.0000000000 0 0 0 0 0 0 174 249 112 1 0 0 0 0 261119 151420.990
0.0000000000 0.0000000000 0 0 0 0 0 0 228 247 112 1 0 0 0 0 261119 151421.190
0.0000000000 0.0000000000 0 0 0 0 0 0 116 248 112 1 0 0 0 0 261119 151421.390
0.0000000000 0.0000000000 0 0 0 0 0 0 179 235 112 1 0 0 0 0 261119 151421.590
0.0000000000 0.0000000000 0 0 0 0 0 0 200 243 112 1 0 0 0 0 261119 151421.790
0.0000000000 0.0000000000 0 0 0 0 0 0 206 253 112 1 0 0 0 0 261119 151421.990
0.0000000000 0.0000000000 0 0 0 0 0 0 65 247 112 1 0 0 0 0 261119 151422.190
0.0000000000 0.0000000000 0 0 0 0 0 0 75 249 112 1 0 0 0 0 261119 151422.391
0.0000000000 0.0000000000 0 0 0 0 0 0 72 242 112 1 0 0 0 0 261119 151422.591
0.0000000000 0.0000000000 0 0 0 0 0 0 142 240 112 1 0 0 0 0 261119 151422.791
0.0000000000 0.0000000000 0 0 0 0 0 0 245 247 112 1 0 0 0 0 261119 151422.991
0.0000000000 0.0000000000 0 0 0 0 0 0 191 249 112 1 0 0 0 0 261119 151423.191
0.0000000000 0.0000000000 0 0 0 0 0 0 234 255 112 1 0 0 0 0 261119 151423.391
0.0000000000 0.0000000000 0 0 0 0 0 0 251 252 112 1 0 0 0 0 261119 151423.592
0.0000000000 0.0000000000 0 0 0 0 0 0 187 241 112 1 0 0 0 0 261119 151423.792
0.0000000000 0.0000000000 0 0 0 0 0 0 30 249 112 1 0 0 0 0 261119 151423.992
0.0000000000 0.0000000000 0 0 0 0 0 0 0 0 112 1 0 0 0 0 261119 151424.192
0.0000000000 0.0000000000 0 0 0 0 0 0 0 0 112 1 0 0 0 0 261119 151424.392
0.0000000000 0.0000000000 0 0 0 0 0 0 0 0 112 1 0 0 0 0 261119 151424.592
0.0000000000 0.0000000000 0 0 0 0 0 0 0 0 112 1 0 0 0 0 261119 151424.792
0.0000000000 0.0000000000 0 0 0 0 0 0 0 0 112 1 0 0 0 0 261119 151424.993
0.0000000000 0.0000000000 0 0 0 0 0 0 0 0 112 1 0 0 0 0 261119 151425.193
0.0000000000 0.0000000000 0 0 0 0 0 0 0 0 112 1 0 0 0 0 261119 151425.393
0.0000000000 0.0000000000 0 0 0 0 0 0 0 0 112 1 0 0 0 0 261119 151425.593
0.0000000000 0.0000000000 0 0 0 0 0 0 0 0 112 1 0 0 0 0 261119 151425.793
0.0000000000 0.0000000000 0 0 0 0 0 0 0 0 112 1 0 0 0 0 261119 151425.993
0.0000000000 0.0000000000 0 0 0 0 0 0 0 0 112 1 0 0 0 0 261119 151426.194
0.0000000000 0.0000000000 0 0 0 0 0 0 0 0 112 1 0 0 0 0 261119 151426.394
0.0000000000 0.0000000000 0 0 0 0 0 0 0 0 112 1 0 0 0 0 261119 151426.594
0.0000000000 0.0000000000 0 0 0 0 0 0 0 0 112 1 0 0 0 0 261119 151426.794
0.0000000000 0.0000000000 0 0 0 0 0 0 0 0 112 1 0 0 0 0 261119 151426.994
0.0000000000 0.0000000000 0 0 0 0 0 0 0 0 112 1 0 0 0 0 261119 151427.194
0.0000000000 0.0000000000 0 0 0 0 0 0 0 0 112 1 0 0 0 0 261119 151427.394
0.0000000000 0.0000000000 0 0 0 0 0 0 0 0 112 1 0 0 0 0 261119 151427.595
0.0000000000 0.0000000000 0 0 0 0 0 0 0 0 112 1 0 0 0 0 261119 151427.795
0.0000000000 0.0000000000 0 0 0 0 0 0 0 0 112 1 0 0 0 0 261119 151427.995
0.0000000000 0.0000000000 0 0 0 0 0 0 0 0 112 1 0 0 0 0 261119 151428.195
0.0000000000 0.0000000000 0 0 0 0 0 0 0 0 112 1 0 0 0 0 261119 151428.395
0.0000000000 0.0000000000 0 0 0 0 0 0 0 0 112 1 0 0 0 0 261119 151428.595
0.0000000000 0.0000000000 0 0 0 0 0 0 0 0 112 1 0 0 0 0 261119 151428.796
0.0000000000 0.0000000000 0 0 0 0 0 0 0 0 112 1 0 0 0 0 261119 151428.996
0.0000000000 0.0000000000 0 0 0 0 0 0 0 0 112 1 0 0 0 0 261119 151429.196
0.0000000000 0.0000000000 0 0 0 0 0 0 0 0 112 1 0 0 0 0 261119 151429.396
0.0000000000 0.0000000000 0 0 0 0 0 0 0 0 112 1 0 0 0 0 261119 151429.596
0.0000000000 0.0000000000 0 0 0 0 0 0 0 0 112 1 0 0 0 0 261119 151429.796
0.0000000000 0.0000000000 0 0 0 0 0 0 0 0 112 1 0 0 0 0 261119 151429.996
0.0000000000 0.0000000000 0 0 0 0 0 0 0 0 112 1 0 0 0 0 261119 151430.197
0.0000000000 0.0000000000 0 0 0 0 0 0 0 0 112 1 0 0 0 0 261119 151430.397
0.0000000000 0.0000000000 0 0 0 0 0 0 0 0 112 1 0 0 0 0 261119 151430.597
0.0000000000 0.0000000000 0 0 0 0 0 0 0 0 112 1 0 0 0 0 261119 151430.797
0.0000000000 0.0000000000 0 0 0 0 0 0 0 0 112 1 0 0 0 0 261119 151430.997
0.0000000000 0.0000000000 0 0 0 0 0 0 0 0 112 1 0 0 0 0 261119 151431.197
0.0000000000 0.0000000000 0 0 0 0 0 0 232 24 112 1 0 0 0 0 261119 151431.398
0.0000000000 0.0000000000 0 0 0 0 0 0 161 18 112 1 0 0 0 0 261119 151431.598
0.0000000000 0.0000000000 0 0 0 0 0 0 199 10 112 1 0 0 0 0 261119 151431.798
0.0000000000 0.0000000000 0 0 0 0 0 0 147 23 112 1 0 0 0 0 261119 151431.998
0.0000000000 0.0000000000 0 0 0 0 0 0 12 9 112 1 0 0 0 0 261119 151432.198
0.0000000000 0.0000000000 0 0 0 0 0 0 225 19 112 1 0 0 0 0 261119 151432.399
0.0000000000 0.0000000000 0 0 0 0 0 0 59 12 112 1 0 0 0 0 261119 151432.599
0.0000000000 0.0000000000 0 0 0 0 0 0 92 16 112 1 0 0 0 0 261119 151432.799
0.0000000000 0.0000000000 0 0 0 0 0 0 151 22 112 1 0 0 0 0 261119 151432.999
0.0000000000 0.0000000000 0 0 0 0 0 0 51 17 112 1 0 0 0 0 261119 151433.199
0.0000000000 0.0000000000 0 0 0 0 0 0 232 9 112 1 0 0 0 0 261119 151433.399
0.0000000000 0.0000000000 0 0 0 0 0 0 172 15 112 1 0 0 0 0 261119 151433.600
0.0000000000 0.0000000000 0 0 0 0 0 0 117 20 112 1 0 0 0 0 261119 151433.800
0.0000000000 0.0000000000 0 0 0 0 0 0 174 19 112 1 0 0 0 0 261119 151434.000
0.0000000000 0.0000000000 0 0 0 0 0 0 186 17 112 1 0 0 0 0 261119 151434.200
0.0000000000 0.0000000000 0 0 0 0 0 0 102 21 112 1 0 0 0 0 261119 151434.400
0.0000000000 0.0000000000 0 0 0 0 0 0 15 6 112 1 0 0 0 0 261119 151434.600
0.0000000000 0.0000000000 0 0 0 0 0 0 6 22 112 1 0 0 0 0 261119 151434.800
0.0000000000 0.0000000000 0 0 0 0 0 0 219 24 112 1 0 0 0 0 261119 151435.000
0.0000000000 0.0000000000 0 0 0 0 0 0 59 25 112 1 0 0 0 0 261119 151435.201
0.0000000000 0.0000000000 0 0 0 0 0 0 198 22 112 1 0 0 0 0 261119 151435.401
0.0000000000 0.0000000000 0 0 0 0 0 0 10 12 112 1 0 0 0 0 261119 151435.601
0.0000000000 0.0000000000 0 0 0 0 0 0 30 22 112 1 0 0 0 0 261119 151435.801
0.0000000000 0.0000000000 0 0 0 0 0 0 251 22 112 1 0 0 0 0 261119 151436.001
0.0000000000 0.0000000000 0 0 0 0 0 0 16 16 112 1 0 0 0 0 261119 151436.201
0.0000000000 0.0000000000 0 0 0 0 0 0 221 18 112 1 0 0 0 0 261119 151436.401
0.0000000000 0.0000000000 0 0 0 0 0 0 45 18 112 1 0 0 0 0 261119 151436.602
0.0000000000 0.0000000000 0 0 0 0 0 0 255 11 112 1 0 0 0 0 261119 151436.802
0.0000000000 0.0000000000 0 0 0 0 0 0 227 19 112 1 0 0 0 0 261119 151437.002
0.0000000000 0.0000000000 0 0 0 0 0 0 103 15 112 1 0 0 0 0 261119 151437.202
0.0000000000 0.0000000000 0 0 0 0 0 0 171 17 112 1 0 0 0 0 261119 151437.402
0.0000000000 0.0000000000 0 0 0 0 0 0 100 22 112 1 0 0 0 0 261119 151437.602
0.0000000000 0.0000000000 0 0 0 0 0 0 121 17 112 1 0 0 0 0 261119 151437.802
0.0000000000 0.0000000000 0 0 0 0 0 0 80 14 112 1 0 0 0 0 261119 151438.003
0.0000000000 0.0000000000 0 0 0 0 0 0 20 17 112 1 0 0 0 0 261119 151438.203
0.0000000000 0.0000000000 0 0 0 0 0 0 142 19 112 1 0 0 0 0 261119 151438.403
0.0000000000 0.0000000000 0 0 0 0 0 0 152 19 112 1 0 0 0 0 261119 151438.603
0.0000000000 0.0000000000 0 0 0 0 0 0 134 17 112 1 0 0 0 0 261119 151438.803
0.0000000000 0.0000000000 0 0 0 0 0 0 140 9 112 1 0 0 0 0 261119 151439.003
0.0000000000 0.0000000000 0 0 0 0 0 0 113 13 112 1 0 0 0 0 261119 151439.204
0.0000000000 0.0000000000 0 0 0 0 0 0 34 21 112 1 0 0 0 0 261119 151439.404
0.0000000000 0.0000000000 0 0 0 0 0 0 98 18 112 1 0 0 0 0 261119 151439.604
0.0000000000 0.0000000000 0 0 0 0 0 0 35 11 112 1 0 0 0 0 261119 151439.804
0.0000000000 0.0000000000 0 0 0 0 0 0 230 11 112 1 0 0 0 0 261119 151440.004
0.0000000000 0.0000000000 0 0 0 0 0 0 127 13 112 1 0 0 0 0 261119 151440.204
0.0000000000 0.0000000000 0 0 0 0 0 0 241 5 112 1 0 0 0 0 261119 151440.405
0.0000000000 0.0000000000 0 0 0 0 0 0 187 11 112 1 0 0 0 0 261119 151440.605
0.0000000000 0.0000000000 0 0 0 0 0 0 35 9 112 1 0 0 0 0 261119 151440.805
0.0000000000 0.0000000000 0 0 0 0 0 0 106 12 112 1 0 0 0 0 261119 151441.005
0.0000000000 0.0000000000 0 0 0 0 0 0 64 13 112 1 0 0 0 0 261119 151441.205
0.0000000000 0.0000000000 0 0 0 0 0 0 26 6 112 1 0 0 0 0 261119 151441.406
0.0000000000 0.0000000000 0 0 0 0 0 0 10 9 112 1 0 0 0 0 261119 151441.606
0.0000000000 0.0000000000 0 0 0 0 0 0 56 8 112 1 0 0 0 0 261119 151441.806
0.0000000000 0.0000000000 0 0 0 0 0 0 118 5 112 1 0 0 0 0 261119 151442.006
0.0000000000 0.0000000000 0 0 0 0 0 0 78 8 112 1 0 0 0 0 261119 151442.206
0.0000000000 0.0000000000 0 0 0 0 0 0 58 12 112 1 0 0 0 0 261119 151442.406
0.0000000000 0.0000000000 0 0 0 0 0 0 62 8 112 1 0 0 0 0 261119 151442.606
0.0000000000 0.0000000000 0 0 0 0 0 0 221 7 112 1 0 0 0 0 261119 151442.807
0.0000000000 0.0000000000 0 0 0 0 0 0 8 5 112 1 0 0 0 0 261119 151443.007
0.0000000000 0.0000000000 0 0 0 0 0 0 88 5 112 1 0 0 0 0 261119 151443.207
0.0000000000 0.0000000000 0 0 0 0 0 0 88 5 112 1 0 0 0 0 261119 151443.407
0.0000000000 0.0000000000 0 0 0 0 0 0 183 7 112 1 0 0 0 0 261119 151443.607
0.0000000000 0.0000000000 0 0 0 0 0 0 147 3 112 1 0 0 0 0 261119 151443.807
0.0000000000 0.0000000000 0 0 0 0 0 0 199 9 112 1 0 0 0 0 261119 151444.008
0.0000000000 0.0000000000 0 0 0 0 0 0 0 0 112 1 0 0 0 0 261119 151444.208
0.0000000000 0.0000000000 0 0 0 0 0 0 0 0 112 1 0 0 0 0 261119 151444.408
0.0000000000 0.0000000000 0 0 0 0 0 0 0 0 112 1 0 0 0 0 261119 151444.608
0.0000000000 0.0000000000 0 0 0 0 0 0 0 0 112 1 0 0 0 0 261119 151444.808
0.0000000000 0.0000000000 0 0 0 0 0 0 0 0 112 1 0 0 0 0 261119 151445.008
0.0000000000 0.0000000000 0 0 0 0 0 0 0 0 112 1 0 0 0 0 261119 151445.209
0.0000000000 0.0000000000 0 0 0 0 0 0 0 0 112 1 0 0 0 0 261119 151445.409
0.0000000000 0.0000000000 0 0 0 0 0 0 0 0 112 1 0 0 0 0 261119 151445.609
0.0000000000 0.0000000000 0 0 0 0 0 0 0 0 112 1 0 0 0 0 261119 151445.809
0.0000000000 0.0000000000 0 0 0 0 0 0 0 0 112 1 0 0 0 0 261119 151446.009
0.0000000000 0.0000000000 0 0 0 0 0 0 0 0 112 1 0 0 0 0 261119 151446.209
0.0000000000 0.0000000000 0 0 0 0 0 0 0 0 112 1 0 0 0 0 261119 151446.409
0.0000000000 0.0000000000 0 0 0 0 0 0 0 0 112 1 0 0 0 0 261119 151446.609
0.0000000000 0.0000000000 0 0 0 0 0 0 0 0 112 1 0 0 0 0 261119 151446.810
0.0000000000 0.0000000000 0 0 0 0 0 0 0 0 112 1 0 0 0 0 261119 151447.010
0.0000000000 0.0000000000 0 0 0 0 0 0 0 0 112 1 0 0 0 0 261119 151447.210
0.0000000000 0.0000000000 0 0 0 0 0 0 0 0 112 1 0 0 0 0 261119 151447.410
0.0000000000 0.0000000000 0 0 0 0 0 0 0 0 112 1 0 0 0 0 261119 151447.610
0.0000000000 0.0000000000 0 0 0 0 0 0 0 0 112 1 0 0 0 0 261119 151447.810
0.0000000000 0.0000000000 0 0 0 0 0 0 0 0 112 1 0 0 0 0 261119 151448.011
0.0000000000 0.0000000000 0 0 0 0 0 0 0 0 112 1 0 0 0 0 261119 151448.211
0.0000000000 0.0000000000 0 0 0 0 0 0 0 0 112 1 0 0 0 0 261119 151448.411
0.0000000000 0.0000000000 0 0 0 0 0 0 0 0 112 1 0 0 0 0 261119 151448.611
0.0000000000 0.0000000000 0 0 0 0 0 0 0 0 112 1 0 0 0 0 261119 151448.811
0.0000000000 0.0000000000 0 0 0 0 0 0 0 0 112 1 0 0 0 0 261119 151449.011
0.0000000000 0.0000000000 0 0 0 0 0 0 0 0 112 1 0 0 0 0 261119 151449.212
0.0000000000 0.0000000000 0 0 0 0 0 0 0 0 112 1 0 0 0 0 261119 151449.412
0.0000000000 0.0000000000 0 0 0 0 0 0 0 0 112 1 0 0 0 0 261119 151449.612
0.0000000000 0.0000000000 0 0 0 0 0 0 0 0 112 1 0 0 0 0 261119 151449.812
0.0000000000 0.0000000000 0 0 0 0 0 0 0 0 112 1 0 0 0 0 261119 151450.012
0.0000000000 0.0000000000 0 0 0 0 0 0 0 0 112 1 0 0 0 0 261119 151450.212
0.0000000000 0.0000000000 0 0 0 0 0 0 0 0 112 1 0 0 0 0 261119 151450.412
0.0000000000 0.0000000000 0 0 0 0 0 0 0 0 112 1 0 0 0 0 261119 151450.613
0.0000000000 0.0000000000 0 0 0 0 0 0 0 0 112 1 0 0 0 0 261119 151450.813
0.0000000000 0.0000000000 0 0 0 0 0 0 0 0 112 1 0 0 0 0 261119 151451.013
0.0000000000 0.0000000000 0 0 0 0 0 0 0 0 112 1 0 0 0 0 261119 151451.213
0.0000000000 0.0000000000 0 0 0 0 0 0 0 0 112 1 0 0 0 0 261119 151451.413
0.0000000000 0.0000000000 0 0 0 0 0 0 0 0 112 1 0 0 0 0 261119 151451.613
0.0000000000 0.0000000000 0 0 0 0 0 0 0 0 112 1 0 0 0 0 261119 151451.813
0.0000000000 0.0000000000 0 0 0 0 0 0 0 0 112 1 0 0 0 0 261119 151452.014
0.0000000000 0.0000000000 0 0 0 0 0 0 0 0 112 1 0 0 0 0 261119 151452.214
0.0000000000 0.0000000000 0 0 0 0 0 0 0 0 112 1 0 0 0 0 261119 151452.414
0.0000000000 0.0000000000 0 0 0 0 0 0 0 0 112 1 0 0 0 0 261119 151452.614
0.0000000000 0.0000000000 0 0 0 0 0 0 0 0 112 1 0 0 0 0 261119 151452.814
0.0000000000 0.0000000000 0 0 0 0 0 0 0 0 112 1 0 0 0 0 261119 151453.014
0.0000000000 0.0000000000 0 0 0 0 0 0 0 0 112 1 0 0 0 0 261119 151453.214
0.0000000000 0.0000000000 0 0 0 0 0 0 0 0 112 1 0 0 0 0 261119 151453.415
0.0000000000 0.0000000000 0 0 0 0 0 0 170 23 112 1 0 0 0 0 261119 151453.615
0.0000000000 0.0000000000 0 0 0 0 0 0 72 22 112 1 0 0 0 0 261119 151453.815
0.0000000000 0.0000000000 0 0 0 0 0 0 231 11 112 1 0 0 0 0 261119 151454.015
0.0000000000 0.0000000000 0 0 0 0 0 0 90 20 112 1 0 0 0 0 261119 151454.215
0.0000000000 0.0000000000 0 0 0 0 0 0 228 23 112 1 0 0 0 0 261119 151454.415
0.0000000000 0.0000000000 0 0 0 0 0 0 160 15 112 1 0 0 0 0 261119 151454.615
0.0000000000 0.0000000000 0 0 0 0 0 0 96 21 112 1 0 0 0 0 261119 151454.816
0.0000000000 0.0000000000 0 0 0 0 0 0 77 19 112 1 0 0 0 0 261119 151455.016
0.0000000000 0.0000000000 0 0 0 0 0 0 133 19 112 1 0 0 0 0 261119 151455.216
0.0000000000 0.0000000000 0 0 0 0 0 0 227 17 112 1 0 0 0 0 261119 151455.416
0.0000000000 0.0000000000 0 0 0 0 0 0 208 24 112 1 0 0 0 0 261119 151455.616
0.0000000000 0.0000000000 0 0 0 0 0 0 28 30 112 1 0 0 0 0 261119 151455.816
0.0000000000 0.0000000000 0 0 0 0 0 0 188 29 112 1 0 0 0 0 261119 151456.016
0.0000000000 0.0000000000 0 0 0 0 0 0 199 28 112 1 0 0 0 0 261119 151456.217
0.0000000000 0.0000000000 0 0 0 0 0 0 221 29 112 1 0 0 0 0 261119 151456.417
0.0000000000 0.0000000000 0 0 0 0 0 0 13 32 112 1 0 0 0 0 261119 151456.617
0.0000000000 0.0000000000 0 0 0 0 0 0 29 28 112 1 0 0 0 0 261119 151456.817
0.0000000000 0.0000000000 0 0 0 0 0 0 19 34 112 1 0 0 0 0 261119 151457.017
0.0000000000 0.0000000000 0 0 0 0 0 0 101 30 112 1 0 0 0 0 261119 151457.217
0.0000000000 0.0000000000 0 0 0 0 0 0 230 31 112 1 0 0 0 0 261119 151457.417
0.0000000000 0.0000000000 0 0 0 0 0 0 241 29 112 1 0 0 0 0 261119 151457.618
0.0000000000 0.0000000000 0 0 0 0 0 0 245 33 112 1 0 0 0 0 261119 151457.818
0.0000000000 0.0000000000 0 0 0 0 0 0 13 30 112 1 0 0 0 0 261119 151458.018
0.0000000000 0.0000000000 0 0 0 0 0 0 10 35 112 1 0 0 0 0 261119 151458.218
0.0000000000 0.0000000000 0 0 0 0 0 0 122 40 112 1 0 0 0 0 261119 151458.418
0.0000000000 0.0000000000 0 0 0 0 0 0 42 37 112 1 0 0 0 0 261119 151458.618
0.0000000000 0.0000000000 0 0 0 0 0 0 139 37 112 1 0 0 0 0 261119 151458.818
0.0000000000 0.0000000000 0 0 0 0 0 0 250 39 112 1 0 0 0 0 261119 151459.018
0.0000000000 0.0000000000 0 0 0 0 0 0 106 34 112 1 0 0 0 0 261119 151459.219
0.0000000000 0.0000000000 0 0 0 0 0 0 224 37 112 1 0 0 0 0 261119 151459.419
0.0000000000 0.0000000000 0 0 0 0 0 0 84 34 112 1 0 0 0 0 261119 151459.619
0.0000000000 0.0000000000 0 0 0 0 0 0 47 34 112 1 0 0 0 0 261119 151459.819
0.0000000000 0.0000000000 0 0 0 0 0 0 249 36 112 1 0 0 0 0 261119 151500.019
0.0000000000 0.0000000000 0 0 0 0 0 0 192 36 112 1 0 0 0 0 261119 151500.219
0.0000000000 0.0000000000 0 0 0 0 0 0 106 42 112 1 0 0 0 0 261119 151500.420
0.0000000000 0.0000000000 0 0 0 0 0 0 141 28 112 1 0 0 0 0 261119 151500.620
0.0000000000 0.0000000000 0 0 0 0 0 0 241 36 112 1 0 0 0 0 261119 151500.820
0.0000000000 0.0000000000 0 0 0 0 0 0 48 37 112 1 0 0 0 0 261119 151501.020
0.0000000000 0.0000000000 0 0 0 0 0 0 193 37 112 1 0 0 0 0 261119 151501.220
0.0000000000 0.0000000000 0 0 0 0 0 0 74 41 112 1 0 0 0 0 261119 151501.420
0.0000000000 0.0000000000 0 0 0 0 0 0 168 36 112 1 0 0 0 0 261119 151501.621
0.0000000000 0.0000000000 0 0 0 0 0 0 161 43 112 1 0 0 0 0 261119 151501.821
0.0000000000 0.0000000000 0 0 0 0 0 0 14 41 112 1 0 0 0 0 261119 151502.021
0.0000000000 0.0000000000 0 0 0 0 0 0 128 36 112 1 0 0 0 0 261119 151502.221
0.0000000000 0.0000000000 0 0 0 0 0 0 151 41 112 1 0 0 0 0 261119 151502.421
0.0000000000 0.0000000000 0 0 0 0 0 0 1 41 112 1 0 0 0 0 261119 151502.621
0.0000000000 0.0000000000 0 0 0 0 0 0 83 35 112 1 0 0 0 0 261119 151502.821
0.0000000000 0.0000000000 0 0 0 0 0 0 245 35 112 1 0 0 0 0 261119 151503.022
0.0000000000 0.0000000000 0 0 0 0 0 0 171 36 112 1 0 0 0 0 261119 151503.222
0.0000000000 0.0000000000 0 0 0 0 0 0 233 30 112 1 0 0 0 0 261119 151503.422
0.0000000000 0.0000000000 0 0 0 0 0 0 153 40 112 1 0 0 0 0 261119 151503.622
0.0000000000 0.0000000000 0 0 0 0 0 0 121 42 112 1 0 0 0 0 261119 151503.822
0.0000000000 0.0000000000 0 0 0 0 0 0 189 44 112 1 0 0 0 0 261119 151504.022
0.0000000000 0.0000000000 0 0 0 0 0 0 199 38 112 1 0 0 0 0 261119 151504.222
0.0000000000 0.0000000000 0 0 0 0 0 0 97 39 112 1 0 0 0 0 261119 151504.423
0.0000000000 0.0000000000 0 0 0 0 0 0 144 35 112 1 0 0 0 0 261119 151504.623
0.0000000000 0.0000000000 0 0 0 0 0 0 77 39 112 1 0 0 0 0 261119 151504.823
0.0000000000 0.0000000000 0 0 0 0 0 0 110 41 112 1 0 0 0 0 261119 151505.023
0.0000000000 0.0000000000 0 0 0 0 0 0 206 36 112 1 0 0 0 0 261119 151505.223
0.0000000000 0.0000000000 0 0 0 0 0 0 2 35 112 1 0 0 0 0 261119 151505.423
0.0000000000 0.0000000000 0 0 0 0 0 0 40 37 112 1 0 0 0 0 261119 151505.623
0.0000000000 0.0000000000 0 0 0 0 0 0 95 38 112 1 0 0 0 0 261119 151505.824
0.0000000000 0.0000000000 0 0 0 0 0 0 227 33 112 1 0 0 0 0 261119 151506.024
0.0000000000 0.0000000000 0 0 0 0 0 0 147 35 112 1 0 0 0 0 261119 151506.224
0.0000000000 0.0000000000 0 0 0 0 0 0 66 36 112 1 0 0 0 0 261119 151506.424
0.0000000000 0.0000000000 0 0 0 0 0 0 113 34 112 1 0 0 0 0 261119 151506.624
0.0000000000 0.0000000000 0 0 0 0 0 0 238 32 112 1 0 0 0 0 261119 151506.825
0.0000000000 0.0000000000 0 0 0 0 0 0 134 29 112 1 0 0 0 0 261119 151507.025
0.0000000000 0.0000000000 0 0 0 0 0 0 212 32 112 1 0 0 0 0 261119 151507.225
0.0000000000 0.0000000000 0 0 0 0 0 0 181 8 112 1 0 0 0 0 261119 151507.425
0.0000000000 0.0000000000 0 0 0 0 0 0 110 36 112 1 0 0 0 0 261119 151507.625
0.0000000000 0.0000000000 0 0 0 0 0 0 236 37 112 1 0 0 0 0 261119 151507.825
0.0000000000 0.0000000000 0 0 0 0 0 0 198 34 112 1 0 0 0 0 261119 151508.026
0.0000000000 0.0000000000 0 0 0 0 0 0 129 38 112 1 0 0 0 0 261119 151508.226
0.0000000000 0.0000000000 0 0 0 0 0 0 95 31 112 1 0 0 0 0 261119 151508.426
0.0000000000 0.0000000000 0 0 0 0 0 0 157 28 112 1 0 0 0 0 261119 151508.626
0.0000000000 0.0000000000 0 0 0 0 0 0 218 27 112 1 0 0 0 0 261119 151508.826
0.0000000000 0.0000000000 0 0 0 0 0 0 39 32 112 1 0 0 0 0 261119 151509.026
0.0000000000 0.0000000000 0 0 0 0 0 0 221 29 112 1 0 0 0 0 261119 151509.227
0.0000000000 0.0000000000 0 0 0 0 0 0 181 29 112 1 0 0 0 0 261119 151509.427
0.0000000000 0.0000000000 0 0 0 0 0 0 73 23 112 1 0 0 0 0 261119 151509.627
0.0000000000 0.0000000000 0 0 0 0 0 0 112 29 112 1 0 0 0 0 261119 151509.827
0.0000000000 0.0000000000 0 0 0 0 0 0 104 20 112 1 0 0 0 0 261119 151510.027
0.0000000000 0.0000000000 0 0 0 0 0 0 183 24 112 1 0 0 0 0 261119 151510.227
0.0000000000 0.0000000000 0 0 0 0 0 0 107 25 112 1 0 0 0 0 261119 151510.427
0.0000000000 0.0000000000 0 0 0 0 0 0 50 29 112 1 0 0 0 0 261119 151510.628
0.0000000000 0.0000000000 0 0 0 0 0 0 71 29 112 1 0 0 0 0 261119 151510.828
0.0000000000 0.0000000000 0 0 0 0 0 0 240 23 112 1 0 0 0 0 261119 151511.028
0.0000000000 0.0000000000 0 0 0 0 0 0 7 26 112 1 0 0 0 0 261119 151511.228
0.0000000000 0.0000000000 0 0 0 0 0 0 2 23 112 1 0 0 0 0 261119 151511.428
0.0000000000 0.0000000000 0 0 0 0 0 0 143 31 112 1 0 0 0 0 261119 151511.628
0.0000000000 0.0000000000 0 0 0 0 0 0 224 26 112 1 0 0 0 0 261119 151511.828
0.0000000000 0.0000000000 0 0 0 0 0 0 23 28 112 1 0 0 0 0 261119 151512.029
0.0000000000 0.0000000000 0 0 0 0 0 0 66 25 112 1 0 0 0 0 261119 151512.229
0.0000000000 0.0000000000 0 0 0 0 0 0 252 24 112 1 0 0 0 0 261119 151512.429
0.0000000000 0.0000000000 0 0 0 0 0 0 53 24 112 1 0 0 0 0 261119 151512.629
0.0000000000 0.0000000000 0 0 0 0 0 0 230 23 112 1 0 0 0 0 261119 151512.829
0.0000000000 0.0000000000 0 0 0 0 0 0 132 22 112 1 0 0 0 0 261119 151513.029
0.0000000000 0.0000000000 0 0 0 0 0 0 45 19 112 1 0 0 0 0 261119 151513.230
0.0000000000 0.0000000000 0 0 0 0 0 0 14 23 112 1 0 0 0 0 261119 151513.430
0.0000000000 0.0000000000 0 0 0 0 0 0 214 20 112 1 0 0 0 0 261119 151513.630
0.0000000000 0.0000000000 0 0 0 0 0 0 75 18 112 1 0 0 0 0 261119 151513.830
0.0000000000 0.0000000000 0 0 0 0 0 0 58 20 112 1 0 0 0 0 261119 151514.030
0.0000000000 0.0000000000 0 0 0 0 0 0 19 19 112 1 0 0 0 0 261119 151514.230
0.0000000000 0.0000000000 0 0 0 0 0 0 147 16 112 1 0 0 0 0 261119 151514.431
0.0000000000 0.0000000000 0 0 0 0 0 0 95 21 112 1 0 0 0 0 261119 151514.631
0.0000000000 0.0000000000 0 0 0 0 0 0 51 16 112 1 0 0 0 0 261119 151514.831
0.0000000000 0.0000000000 0 0 0 0 0 0 157 12 112 1 0 0 0 0 261119 151515.031
0.0000000000 0.0000000000 0 0 0 0 0 0 66 17 112 1 0 0 0 0 261119 151515.231
0.0000000000 0.0000000000 0 0 0 0 0 0 57 18 112 1 0 0 0 0 261119 151515.431
0.0000000000 0.0000000000 0 0 0 0 0 0 246 18 112 1 0 0 0 0 261119 151515.631
0.0000000000 0.0000000000 0 0 0 0 0 0 62 16 112 1 0 0 0 0 261119 151515.832
0.0000000000 0.0000000000 0 0 0 0 0 0 224 14 112 1 0 0 0 0 261119 151516.032
0.0000000000 0.0000000000 0 0 0 0 0 0 104 14 112 1 0 0 0 0 261119 151516.232
0.0000000000 0.0000000000 0 0 0 0 0 0 40 17 112 1 0 0 0 0 261119 151516.432
0.0000000000 0.0000000000 0 0 0 0 0 0 159 6 112 1 0 0 0 0 261119 151516.632
0.0000000000 0.0000000000 0 0 0 0 0 0 251 15 112 1 0 0 0 0 261119 151516.832
0.0000000000 0.0000000000 0 0 0 0 0 0 255 6 112 1 0 0 0 0 261119 151517.033
0.0000000000 0.0000000000 0 0 0 0 0 0 146 13 112 1 0 0 0 0 261119 151517.233
0.0000000000 0.0000000000 0 0 0 0 0 0 225 5 112 1 0 0 0 0 261119 151517.433
0.0000000000 0.0000000000 0 0 0 0 0 0 105 9 112 1 0 0 0 0 261119 151517.633
0.0000000000 0.0000000000 0 0 0 0 0 0 48 9 112 1 0 0 0 0 261119 151517.833
0.0000000000 0.0000000000 0 0 0 0 0 0 138 8 112 1 0 0 0 0 261119 151518.033
0.0000000000 0.0000000000 0 0 0 0 0 0 24 5 112 1 0 0 0 0 261119 151518.233
0.0000000000 0.0000000000 0 0 0 0 0 0 58 9 112 1 0 0 0 0 261119 151518.434
0.0000000000 0.0000000000 0 0 0 0 0 0 243 8 112 1 0 0 0 0 261119 151518.634
0.0000000000 0.0000000000 0 0 0 0 0 0 59 5 112 1 0 0 0 0 261119 151518.834
0.0000000000 0.0000000000 0 0 0 0 0 0 26 6 112 1 0 0 0 0 261119 151519.034
0.0000000000 0.0000000000 0 0 0 0 0 0 28 3 112 1 0 0 0 0 261119 151519.234
0.0000000000 0.0000000000 0 0 0 0 0 0 39 5 112 1 0 0 0 0 261119 151519.434
0.0000000000 0.0000000000 0 0 0 0 0 0 4 6 112 1 0 0 0 0 261119 151519.635
0.0000000000 0.0000000000 0 0 0 0 0 0 16 4 112 1 0 0 0 0 261119 151519.835
0.0000000000 0.0000000000 0 0 0 0 0 0 10 2 112 1 0 0 0 0 261119 151520.035
0.0000000000 0.0000000000 0 0 0 0 0 0 60 255 112 1 0 0 0 0 261119 151520.235
0.0000000000 0.0000000000 0 0 0 0 0 0 0 0 112 1 0 0 0 0 261119 151520.435
0.0000000000 0.0000000000 0 0 0 0 0 0 0 0 112 1 0 0 0 0 261119 151520.635
0.0000000000 0.0000000000 0 0 0 0 0 0 0 0 112 1 0 0 0 0 261119 151520.836
0.0000000000 0.0000000000 0 0 0 0 0 0 0 0 112 1 0 0 0 0 261119 151521.036
0.0000000000 0.0000000000 0 0 0 0 0 0 0 0 112 1 0 0 0 0 261119 151521.236
0.0000000000 0.0000000000 0 0 0 0 0 0 0 0 112 1 0 0 0 0 261119 151521.436
0.0000000000 0.0000000000 0 0 0 0 0 0 0 0 112 1 0 0 0 0 261119 151521.636
0.0000000000 0.0000000000 0 0 0 0 0 0 0 0 112 1 0 0 0 0 261119 151521.836
0.0000000000 0.0000000000 0 0 0 0 0 0 0 0 112 1 0 0 0 0 261119 151522.036
0.0000000000 0.0000000000 0 0 0 0 0 0 0 0 112 1 0 0 0 0 261119 151522.237
0.0000000000 0.0000000000 0 0 0 0 0 0 0 0 112 1 0 0 0 0 261119 151522.437
0.0000000000 0.0000000000 0 0 0 0 0 0 0 0 112 1 0 0 0 0 261119 151522.637
0.0000000000 0.0000000000 0 0 0 0 0 0 0 0 112 1 0 0 0 0 261119 151522.837
0.0000000000 0.0000000000 0 0 0 0 0 0 0 0 112 1 0 0 0 0 261119 151523.037
0.0000000000 0.0000000000 0 0 0 0 0 0 0 0 112 1 0 0 0 0 261119 151523.237
0.0000000000 0.0000000000 0 0 0 0 0 0 0 0 112 1 0 0 0 0 261119 151523.438
0.0000000000 0.0000000000 0 0 0 0 0 0 0 0 112 1 0 0 0 0 261119 151523.638
0.0000000000 0.0000000000 0 0 0 0 0 0 0 0 112 1 0 0 0 0 261119 151523.838
0.0000000000 0.0000000000 0 0 0 0 0 0 0 0 112 1 0 0 0 0 261119 151524.038
0.0000000000 0.0000000000 0 0 0 0 0 0 0 0 112 1 0 0 0 0 261119 151524.238
0.0000000000 0.0000000000 0 0 0 0 0 0 0 0 112 1 0 0 0 0 261119 151524.438
0.0000000000 0.0000000000 0 0 0 0 0 0 0 0 112 1 0 0 0 0 261119 151524.638
0.0000000000 0.0000000000 0 0 0 0 0 0 200 235 112 1 0 0 0 0 261119 151524.839
0.0000000000 0.0000000000 0 0 0 0 0 0 49 236 112 1 0 0 0 0 261119 151525.039
0.0000000000 0.0000000000 0 0 0 0 0 0 97 239 112 1 0 0 0 0 261119 151525.239
0.0000000000 0.0000000000 0 0 0 0 0 0 187 241 112 1 0 0 0 0 261119 151525.439
0.0000000000 0.0000000000 0 0 0 0 0 0 198 240 112 1 0 0 0 0 261119 151525.639
0.0000000000 0.0000000000 0 0 0 0 0 0 119 242 112 1 0 0 0 0 261119 151525.839
0.0000000000 0.0000000000 0 0 0 0 0 0 52 241 112 1 0 0 0 0 261119 151526.039
0.0000000000 0.0000000000 0 0 0 0 0 0 230 237 112 1 0 0 0 0 261119 151526.240
0.0000000000 0.0000000000 0 0 0 0 0 0 108 236 112 1 0 0 0 0 261119 151526.440
0.0000000000 0.0000000000 0 0 0 0 0 0 180 240 112 1 0 0 0 0 261119 151526.640
0.0000000000 0.0000000000 0 0 0 0 0 0 139 239 112 1 0 0 0 0 261119 151526.840
0.0000000000 0.0000000000 0 0 0 0 0 0 82 236 112 1 0 0 0 0 261119 151527.040
0.0000000000 0.0000000000 0 0 0 0 0 0 37 229 112 1 0 0 0 0 261119 151527.240
0.0000000000 0.0000000000 0 0 0 0 0 0 31 233 112 1 0 0 0 0 261119 151527.441
0.0000000000 0.0000000000 0 0 0 0 0 0 191 234 112 1 0 0 0 0 261119 151527.641
0.0000000000 0.0000000000 0 0 0 0 0 0 254 234 112 1 0 0 0 0 261119 151527.841
0.0000000000 0.0000000000 0 0 0 0 0 0 234 232 112 1 0 0 0 0 261119 151528.041
0.0000000000 0.0000000000 0 0 0 0 0 0 186 229 112 1 0 0 0 0 261119 151528.241
0.0000000000 0.0000000000 0 0 0 0 0 0 17 241 112 1 0 0 0 0 261119 151528.441
0.0000000000 0.0000000000 0 0 0 0 0 0 105 233 112 1 0 0 0 0 261119 151528.642
0.0000000000 0.0000000000 0 0 0 0 0 0 68 230 112 1 0 0 0 0 261119 151528.842
0.0000000000 0.0000000000 0 0 0 0 0 0 22 233 112 1 0 0 0 0 261119 151529.042
0.0000000000 0.0000000000 0 0 0 0 0 0 139 236 112 1 0 0 0 0 261119 151529.242
0.0000000000 0.0000000000 0 0 0 0 0 0 49 234 112 1 0 0 0 0 261119 151529.442
0.0000000000 0.0000000000 0 0 0 0 0 0 210 234 112 1 0 0 0 0 261119 151529.642
0.0000000000 0.0000000000 0 0 0 0 0 0 125 226 112 1 0 0 0 0 261119 151529.843
0.0000000000 0.0000000000 0 0 0 0 0 0 205 233 112 1 0 0 0 0 261119 151530.043
0.0000000000 0.0000000000 0 0 0 0 0 0 114 233 112 1 0 0 0 0 261119 151530.243
0.0000000000 0.0000000000 0 0 0 0 0 0 183 231 112 1 0 0 0 0 261119 151530.443
0.0000000000 0.0000000000 0 0 0 0 0 0 167 234 112 1 0 0 0 0 261119 151530.643
0.0000000000 0.0000000000 0 0 0 0 0 0 226 230 112 1 0 0 0 0 261119 151530.843
0.0000000000 0.0000000000 0 0 0 0 0 0 125 232 112 1 0 0 0 0 261119 151531.044
0.0000000000 0.0000000000 0 0 0 0 0 0 6 236 112 1 0 0 0 0 261119 151531.244
0.0000000000 0.0000000000 0 0 0 0 0 0 136 236 112 1 0 0 0 0 261119 151531.444
0.0000000000 0.0000000000 0 0 0 0 0 0 72 237 112 1 0 0 0 0 261119 151531.644
0.0000000000 0.0000000000 0 0 0 0 0 0 2 235 112 1 0 0 0 0 261119 151531.844
0.0000000000 0.0000000000 0 0 0 0 0 0 236 235 112 1 0 0 0 0 261119 151532.044
0.0000000000 0.0000000000 0 0 0 0 0 0 214 235 112 1 0 0 0 0 261119 151532.245
0.0000000000 0.0000000000 0 0 0 0 0 0 174 236 112 1 0 0 0 0 261119 151532.445
0.0000000000 0.0000000000 0 0 0 0 0 0 247 235 112 1 0 0 0 0 261119 151532.645
0.0000000000 0.0000000000 0 0 0 0 0 0 9 240 112 1 0 0 0 0 261119 151532.845
0.0000000000 0.0000000000 0 0 0 0 0 0 220 235 112 1 0 0 0 0 261119 151533.045
0.0000000000 0.0000000000 0 0 0 0 0 0 103 239 112 1 0 0 0 0 261119 151533.245
0.0000000000 0.0000000000 0 0 0 0 0 0 19 237 112 1 0 0 0 0 261119 151533.445
0.0000000000 0.0000000000 0 0 0 0 0 0 61 242 112 1 0 0 0 0 261119 151533.646
0.0000000000 0.0000000000 0 0 0 0 0 0 32 240 112 1 0 0 0 0 261119 151533.846
0.0000000000 0.0000000000 0 0 0 0 0 0 200 238 112 1 0 0 0 0 261119 151534.046
0.0000000000 0.0000000000 0 0 0 0 0 0 36 236 112 1 0 0 0 0 261119 151534.246
0.0000000000 0.0000000000 0 0 0 0 0 0 29 239 112 1 0 0 0 0 261119 151534.446
0.0000000000 0.0000000000 0 0 0 0 0 0 125 239 112 1 0 0 0 0 261119 151534.646
0.0000000000 0.0000000000 0 0 0 0 0 0 103 241 112 1 0 0 0 0 261119 151534.846
0.0000000000 0.0000000000 0 0 0 0 0 0 19 238 112 1 0 0 0 0 261119 151535.047
0.0000000000 0.0000000000 0 0 0 0 0 0 62 239 112 1 0 0 0 0 261119 151535.247
0.0000000000 0.0000000000 0 0 0 0 0 0 34 238 112 1 0 0 0 0 261119 151535.447
0.0000000000 0.0000000000 0 0 0 0 0 0 197 244 112 1 0 0 0 0 261119 151535.647
0.0000000000 0.0000000000 0 0 0 0 0 0 39 246 112 1 0 0 0 0 261119 151535.847
0.0000000000 0.0000000000 0 0 0 0 0 0 77 244 112 1 0 0 0 0 261119 151536.047
0.0000000000 0.0000000000 0 0 0 0 0 0 119 242 112 1 0 0 0 0 261119 151536.247
0.0000000000 0.0000000000 0 0 0 0 0 0 169 241 112 1 0 0 0 0 261119 151536.448
0.0000000000 0.0000000000 0 0 0 0 0 0 46 244 112 1 0 0 0 0 261119 151536.648
0.0000000000 0.0000000000 0 0 0 0 0 0 212 245 112 1 0 0 0 0 261119 151536.848
0.0000000000 0.0000000000 0 0 0 0 0 0 146 244 112 1 0 0 0 0 261119 151537.048
0.0000000000 0.0000000000 0 0 0 0 0 0 40 251 112 1 0 0 0 0 261119 151537.248
0.0000000000 0.0000000000 0 0 0 0 0 0 173 249 112 1 0 0 0 0 261119 151537.448
0.0000000000 0.0000000000 0 0 0 0 0 0 29 1 112 1 0 0 0 0 261119 151537.649
0.0000000000 0.0000000000 0 0 0 0 0 0 103 253 112 1 0 0 0 0 261119 151537.849
0.0000000000 0.0000000000 0 0 0 0 0 0 173 253 112 1 0 0 0 0 261119 151538.049
0.0000000000 0.0000000000 0 0 0 0 0 0 130 250 112 1 0 0 0 0 261119 151538.249
0.0000000000 0.0000000000 0 0 0 0 0 0 29 2 112 1 0 0 0 0 261119 151538.449
0.0000000000 0.0000000000 0 0 0 0 0 0 132 0 112 1 0 0 0 0 261119 151538.649
0.0000000000 0.0000000000 0 0 0 0 0 0 252 2 112 1 0 0 0 0 261119 151538.849
0.0000000000 0.0000000000 0 0 0 0 0 0 0 0 112 1 0 0 0 0 261119 151539.050
0.0000000000 0.0000000000 0 0 0 0 0 0 0 0 112 1 0 0 0 0 261119 151539.250
0.0000000000 0.0000000000 0 0 0 0 0 0 0 0 112 1 0 0 0 0 261119 151539.450
0.0000000000 0.0000000000 0 0 0 0 0 0 0 0 112 1 0 0 0 0 261119 151539.650
0.0000000000 0.0000000000 0 0 0 0 0 0 0 0 112 1 0 0 0 0 261119 151539.850
0.0000000000 0.0000000000 0 0 0 0 0 0 0 0 112 1 0 0 0 0 261119 151540.050
0.0000000000 0.0000000000 0 0 0 0 0 0 0 0 112 1 0 0 0 0 261119 151540.250
0.0000000000 0.0000000000 0 0 0 0 0 0 0 0 112 1 0 0 0 0 261119 151540.451
0.0000000000 0.0000000000 0 0 0 0 0 0 0 0 112 1 0 0 0 0 261119 151540.651
0.0000000000 0.0000000000 0 0 0 0 0 0 0 0 112 1 0 0 0 0 261119 151540.851
0.0000000000 0.0000000000 0 0 0 0 0 0 0 0 112 1 0 0 0 0 261119 151541.051
0.0000000000 0.0000000000 0 0 0 0 0 0 0 0 112 1 0 0 0 0 261119 151541.251
0.0000000000 0.0000000000 0 0 0 0 0 0 0 0 112 1 0 0 0 0 261119 151541.451
0.0000000000 0.0000000000 0 0 0 0 0 0 0 0 112 1 0 0 0 0 261119 151541.652
0.0000000000 0.0000000000 0 0 0 0 0 0 0 0 112 1 0 0 0 0 261119 151541.852
0.0000000000 0.0000000000 0 0 0 0 0 0 0 0 112 1 0 0 0 0 261119 151542.052
0.0000000000 0.0000000000 0 0 0 0 0 0 0 0 112 1 0 0 0 0 261119 151542.252
0.0000000000 0.0000000000 0 0 0 0 0 0 0 0 112 1 0 0 0 0 261119 151542.452
0.0000000000 0.0000000000 0 0 0 0 0 0 0 0 112 1 0 0 0 0 261119 151542.652
0.0000000000 0.0000000000 0 0 0 0 0 0 0 0 112 1 0 0 0 0 261119 151542.852
0.0000000000 0.0000000000 0 0 0 0 0 0 0 0 112 1 0 0 0 0 261119 151543.053
0.0000000000 0.0000000000 0 0 0 0 0 0 0 0 112 1 0 0 0 0 261119 151543.253
0.0000000000 0.0000000000 0 0 0 0 0 0 234 12 112 1 0 0 0 0 261119 151543.453
0.0000000000 0.0000000000 0 0 0 0 0 0 194 8 112 1 0 0 0 0 261119 151543.653
0.0000000000 0.0000000000 0 0 0 0 0 0 207 14 112 1 0 0 0 0 261119 151543.853
0.0000000000 0.0000000000 0 0 0 0 0 0 41 15 112 1 0 0 0 0 261119 151544.053
0.0000000000 0.0000000000 0 0 0 0 0 0 42 16 112 1 0 0 0 0 261119 151544.254
0.0000000000 0.0000000000 0 0 0 0 0 0 25 18 112 1 0 0 0 0 261119 151544.454
0.0000000000 0.0000000000 0 0 0 0 0 0 41 16 112 1 0 0 0 0 261119 151544.654
0.0000000000 0.0000000000 0 0 0 0 0 0 3 16 112 1 0 0 0 0 261119 151544.854
0.0000000000 0.0000000000 0 0 0 0 0 0 120 13 112 1 0 0 0 0 261119 151545.054
0.0000000000 0.0000000000 0 0 0 0 0 0 179 12 112 1 0 0 0 0 261119 151545.254
0.0000000000 0.0000000000 0 0 0 0 0 0 10 23 112 1 0 0 0 0 261119 151545.455
0.0000000000 0.0000000000 0 0 0 0 0 0 163 18 112 1 0 0 0 0 261119 151545.655
0.0000000000 0.0000000000 0 0 0 0 0 0 131 20 112 1 0 0 0 0 261119 151545.855
0.0000000000 0.0000000000 0 0 0 0 0 0 99 19 112 1 0 0 0 0 261119 151546.055
0.0000000000 0.0000000000 0 0 0 0 0 0 154 17 112 1 0 0 0 0 261119 151546.255
0.0000000000 0.0000000000 0 0 0 0 0 0 158 20 112 1 0 0 0 0 261119 151546.455
0.0000000000 0.0000000000 0 0 0 0 0 0 2 23 112 1 0 0 0 0 261119 151546.655
0.0000000000 0.0000000000 0 0 0 0 0 0 241 11 112 1 0 0 0 0 261119 151546.856
0.0000000000 0.0000000000 0 0 0 0 0 0 78 22 112 1 0 0 0 0 261119 151547.056
0.0000000000 0.0000000000 0 0 0 0 0 0 48 22 112 1 0 0 0 0 261119 151547.256
0.0000000000 0.0000000000 0 0 0 0 0 0 243 20 112 1 0 0 0 0 261119 151547.456
0.0000000000 0.0000000000 0 0 0 0 0 0 48 19 112 1 0 0 0 0 261119 151547.656
0.0000000000 0.0000000000 0 0 0 0 0 0 70 21 112 1 0 0 0 0 261119 151547.856
0.0000000000 0.0000000000 0 0 0 0 0 0 95 20 112 1 0 0 0 0 261119 151548.057
0.0000000000 0.0000000000 0 0 0 0 0 0 80 19 112 1 0 0 0 0 261119 151548.257
0.0000000000 0.0000000000 0 0 0 0 0 0 169 19 112 1 0 0 0 0 261119 151548.457
0.0000000000 0.0000000000 0 0 0 0 0 0 86 22 112 1 0 0 0 0 261119 151548.657
0.0000000000 0.0000000000 0 0 0 0 0 0 123 16 112 1 0 0 0 0 261119 151548.857
0.0000000000 0.0000000000 0 0 0 0 0 0 16 25 112 1 0 0 0 0 261119 151549.057
0.0000000000 0.0000000000 0 0 0 0 0 0 123 15 112 1 0 0 0 0 261119 151549.257
0.0000000000 0.0000000000 0 0 0 0 0 0 11 20 112 1 0 0 0 0 261119 151549.458
0.0000000000 0.0000000000 0 0 0 0 0 0 56 20 112 1 0 0 0 0 261119 151549.658
0.0000000000 0.0000000000 0 0 0 0 0 0 93 20 112 1 0 0 0 0 261119 151549.858
0.0000000000 0.0000000000 0 0 0 0 0 0 19 19 112 1 0 0 0 0 261119 151550.058
0.0000000000 0.0000000000 0 0 0 0 0 0 190 19 112 1 0 0 0 0 261119 151550.258
0.0000000000 0.0000000000 0 0 0 0 0 0 150 16 112 1 0 0 0 0 261119 151550.458
0.0000000000 0.0000000000 0 0 0 0 0 0 177 17 112 1 0 0 0 0 261119 151550.658
0.0000000000 0.0000000000 0 0 0 0 0 0 216 18 112 1 0 0 0 0 261119 151550.858
0.0000000000 0.0000000000 0 0 0 0 0 0 175 19 112 1 0 0 0 0 261119 151551.059
0.0000000000 0.0000000000 0 0 0 0 0 0 217 16 112 1 0 0 0 0 261119 151551.259
0.0000000000 0.0000000000 0 0 0 0 0 0 78 18 112 1 0 0 0 0 261119 151551.459
0.0000000000 0.0000000000 0 0 0 0 0 0 219 17 112 1 0 0 0 0 261119 151551.659
0.0000000000 0.0000000000 0 0 0 0 0 0 72 13 112 1 0 0 0 0 261119 151551.859
0.0000000000 0.0000000000 0 0 0 0 0 0 207 15 112 1 0 0 0 0 261119 151552.059
0.0000000000 0.0000000000 0 0 0 0 0 0 232 13 112 1 0 0 0 0 261119 151552.259
0.0000000000 0.0000000000 0 0 0 0 0 0 39 16 112 1 0 0 0 0 261119 151552.460
0.0000000000 0.0000000000 0 0 0 0 0 0 66 14 112 1 0 0 0 0 261119 151552.660
0.0000000000 0.0000000000 0 0 0 0 0 0 247 16 112 1 0 0 0 0 261119 151552.860
0.0000000000 0.0000000000 0 0 0 0 0 0 165 15 112 1 0 0 0 0 261119 151553.060
0.0000000000 0.0000000000 0 0 0 0 0 0 60 14 112 1 0 0 0 0 261119 151553.261
0.0000000000 0.0000000000 0 0 0 0 0 0 227 13 112 1 0 0 0 0 261119 151553.461
0.0000000000 0.0000000000 0 0 0 0 0 0 161 15 112 1 0 0 0 0 261119 151553.661
0.0000000000 0.0000000000 0 0 0 0 0 0 109 14 112 1 0 0 0 0 261119 151553.861
0.0000000000 0.0000000000 0 0 0 0 0 0 3 11 112 1 0 0 0 0 261119 151554.061
0.0000000000 0.0000000000 0 0 0 0 0 0 252 12 112 1 0 0 0 0 261119 151554.261
0.0000000000 0.0000000000 0 0 0 0 0 0 154 10 112 1 0 0 0 0 261119 151554.462
0.0000000000 0.0000000000 0 0 0 0 0 0 225 11 112 1 0 0 0 0 261119 151554.662
0.0000000000 0.0000000000 0 0 0 0 0 0 153 9 112 1 0 0 0 0 261119 151554.862
0.0000000000 0.0000000000 0 0 0 0 0 0 51 10 112 1 0 0 0 0 261119 151555.062
0.0000000000 0.0000000000 0 0 0 0 0 0 165 10 112 1 0 0 0 0 261119 151555.262
0.0000000000 0.0000000000 0 0 0 0 0 0 191 5 112 1 0 0 0 0 261119 151555.462
0.0000000000 0.0000000000 0 0 0 0 0 0 119 3 112 1 0 0 0 0 261119 151555.663
0.0000000000 0.0000000000 0 0 0 0 0 0 180 9 112 1 0 0 0 0 261119 151555.863
0.0000000000 0.0000000000 0 0 0 0 0 0 238 6 112 1 0 0 0 0 261119 151556.063
0.0000000000 0.0000000000 0 0 0 0 0 0 7 5 112 1 0 0 0 0 261119 151556.263
0.0000000000 0.0000000000 0 0 0 0 0 0 16 5 112 1 0 0 0 0 261119 151556.463
0.0000000000 0.0000000000 0 0 0 0 0 0 211 2 112 1 0 0 0 0 261119 151556.663
0.0000000000 0.0000000000 0 0 0 0 0 0 187 3 112 1 0 0 0 0 261119 151556.863
0.0000000000 0.0000000000 0 0 0 0 0 0 111 255 112 1 0 0 0 0 261119 151557.064
0.0000000000 0.0000000000 0 0 0 0 0 0 0 0 112 1 0 0 0 0 261119 151557.264
0.0000000000 0.0000000000 0 0 0 0 0 0 0 0 112 1 0 0 0 0 261119 151557.464
0.0000000000 0.0000000000 0 0 0 0 0 0 0 0 112 1 0 0 0 0 261119 151557.664
0.0000000000 0.0000000000 0 0 0 0 0 0 0 0 112 1 0 0 0 0 261119 151557.864
0.0000000000 0.0000000000 0 0 0 0 0 0 0 0 112 1 0 0 0 0 261119 151558.064
0.0000000000 0.0000000000 0 0 0 0 0 0 0 0 112 1 0 0 0 0 261119 151558.264
0.0000000000 0.0000000000 0 0 0 0 0 0 0 0 112 1 0 0 0 0 261119 151558.465
0.0000000000 0.0000000000 0 0 0 0 0 0 0 0 112 1 0 0 0 0 261119 151558.665
0.0000000000 0.0000000000 0 0 0 0 0 0 0 0 112 1 0 0 0 0 261119 151558.865
0.0000000000 0.0000000000 0 0 0 0 0 0 0 0 112 1 0 0 0 0 261119 151559.065
0.0000000000 0.0000000000 0 0 0 0 0 0 0 0 112 1 0 0 0 0 261119 151559.265
0.0000000000 0.0000000000 0 0 0 0 0 0 0 0 112 1 0 0 0 0 261119 151559.465
0.0000000000 0.0000000000 0 0 0 0 0 0 0 0 112 1 0 0 0 0 261119 151559.665
0.0000000000 0.0000000000 0 0 0 0 0 0 0 0 112 1 0 0 0 0 261119 151559.866
0.0000000000 0.0000000000 0 0 0 0 0 0 0 0 112 1 0 0 0 0 261119 151600.066
0.0000000000 0.0000000000 0 0 0 0 0 0 0 0 112 1 0 0 0 0 261119 151600.266
0.0000000000 0.0000000000 0 0 0 0 0 0 0 0 112 1 0 0 0 0 261119 151600.466
0.0000000000 0.0000000000 0 0 0 0 0 0 0 0 112 1 0 0 0 0 261119 151600.666
0.0000000000 0.0000000000 0 0 0 0 0 0 0 0 112 1 0 0 0 0 261119 151600.866
0.0000000000 0.0000000000 0 0 0 0 0 0 0 0 112 1 0 0 0 0 261119 151601.066
0.0000000000 0.0000000000 0 0 0 0 0 0 0 0 112 1 0 0 0 0 261119 151601.267
0.0000000000 0.0000000000 0 0 0 0 0 0 0 0 112 1 0 0 0 0 261119 151601.467
0.0000000000 0.0000000000 0 0 0 0 0 0 0 0 112 1 0 0 0 0 261119 151601.667
0.0000000000 0.0000000000 0 0 0 0 0 0 0 0 112 1 0 0 0 0 261119 151601.867
0.0000000000 0.0000000000 0 0 0 0 0 0 0 0 112 1 0 0 0 0 261119 151602.067
0.0000000000 0.0000000000 0 0 0 0 0 0 0 0 112 1 0 0 0 0 261119 151602.267
0.0000000000 0.0000000000 0 0 0 0 0 0 0 0 112 1 0 0 0 0 261119 151602.468
0.0000000000 0.0000000000 0 0 0 0 0 0 0 0 112 1 0 0 0 0 261119 151602.668
0.0000000000 0.0000000000 0 0 0 0 0 0 0 0 112 1 0 0 0 0 261119 151602.868
0.0000000000 0.0000000000 0 0 0 0 0 0 0 0 112 1 0 0 0 0 261119 151603.068
0.0000000000 0.0000000000 0 0 0 0 0 0 0 0 112 1 0 0 0 0 261119 151603.268
0.0000000000 0.0000000000 0 0 0 0 0 0 0 0 112 1 0 0 0 0 261119 151603.468
0.0000000000 0.0000000000 0 0 0 0 0 0 0 0 112 1 0 0 0 0 261119 151603.668
0.0000000000 0.0000000000 0 0 0 0 0 0 0 0 112 1 0 0 0 0 261119 151603.868
0.0000000000 0.0000000000 0 0 0 0 0 0 0 0 112 1 0 0 0 0 261119 151604.069
0.0000000000 0.0000000000 0 0 0 0 0 0 0 0 112 1 0 0 0 0 261119 151604.269
0.0000000000 0.0000000000 0 0 0 0 0 0 0 0 112 1 0 0 0 0 261119 151604.469
0.0000000000 0.0000000000 0 0 0 0 0 0 48 243 112 1 0 0 0 0 261119 151604.669
0.0000000000 0.0000000000 0 0 0 0 0 0 86 241 112 1 0 0 0 0 261119 151604.869
0.0000000000 0.0000000000 0 0 0 0 0 0 106 243 112 1 0 0 0 0 261119 151605.069
0.0000000000 0.0000000000 0 0 0 0 0 0 44 242 112 1 0 0 0 0 261119 151605.269
0.0000000000 0.0000000000 0 0 0 0 0 0 222 241 112 1 0 0 0 0 261119 151605.470
0.0000000000 0.0000000000 0 0 0 0 0 0 116 241 112 1 0 0 0 0 261119 151605.670
0.0000000000 0.0000000000 0 0 0 0 0 0 239 238 112 1 0 0 0 0 261119 151605.870
0.0000000000 0.0000000000 0 0 0 0 0 0 20 242 112 1 0 0 0 0 261119 151606.070
0.0000000000 0.0000000000 0 0 0 0 0 0 180 242 112 1 0 0 0 0 261119 151606.270
0.0000000000 0.0000000000 0 0 0 0 0 0 120 240 112 1 0 0 0 0 261119 151606.470
0.0000000000 0.0000000000 0 0 0 0 0 0 124 240 112 1 0 0 0 0 261119 151606.670
0.0000000000 0.0000000000 0 0 0 0 0 0 161 239 112 1 0 0 0 0 261119 151606.870
0.0000000000 0.0000000000 0 0 0 0 0 0 40 238 112 1 0 0 0 0 261119 151607.071
0.0000000000 0.0000000000 0 0 0 0 0 0 54 239 112 1 0 0 0 0 261119 151607.271
0.0000000000 0.0000000000 0 0 0 0 0 0 103 240 112 1 0 0 0 0 261119 151607.471
0.0000000000 0.0000000000 0 0 0 0 0 0 105 238 112 1 0 0 0 0 261119 151607.671
0.0000000000 0.0000000000 0 0 0 0 0 0 14 238 112 1 0 0 0 0 261119 151607.871
0.0000000000 0.0000000000 0 0 0 0 0 0 10 238 112 1 0 0 0 0 261119 151608.071
0.0000000000 0.0000000000 0 0 0 0 0 0 77 237 112 1 0 0 0 0 261119 151608.272
0.0000000000 0.0000000000 0 0 0 0 0 0 213 238 112 1 0 0 0 0 261119 151608.472
0.0000000000 0.0000000000 0 0 0 0 0 0 27 239 112 1 0 0 0 0 261119 151608.672
0.0000000000 0.0000000000 0 0 0 0 0 0 174 236 112 1 0 0 0 0 261119 151608.872
0.0000000000 0.0000000000 0 0 0 0 0 0 40 237 112 1 0 0 0 0 261119 151609.072
0.0000000000 0.0000000000 0 0 0 0 0 0 212 238 112 1 0 0 0 0 261119 151609.272
0.0000000000 0.0000000000 0 0 0 0 0 0 251 238 112 1 0 0 0 0 261119 151609.472
0.0000000000 0.0000000000 0 0 0 0 0 0 172 240 112 1 0 0 0 0 261119 151609.673
0.0000000000 0.0000000000 0 0 0 0 0 0 26 238 112 1 0 0 0 0 261119 151609.873
0.0000000000 0.0000000000 0 0 0 0 0 0 172 239 112 1 0 0 0 0 261119 151610.073
0.0000000000 0.0000000000 0 0 0 0 0 0 233 239 112 1 0 0 0 0 261119 151610.273
0.0000000000 0.0000000000 0 0 0 0 0 0 184 239 112 1 0 0 0 0 261119 151610.473
0.0000000000 0.0000000000 0 0 0 0 0 0 223 237 112 1 0 0 0 0 261119 151610.673
0.0000000000 0.0000000000 0 0 0 0 0 0 108 239 112 1 0 0 0 0 261119 151610.873
0.0000000000 0.0000000000 0 0 0 0 0 0 10 238 112 1 0 0 0 0 261119 151611.074
0.0000000000 0.0000000000 0 0 0 0 0 0 74 241 112 1 0 0 0 0 261119 151611.274
0.0000000000 0.0000000000 0 0 0 0 0 0 76 242 112 1 0 0 0 0 261119 151611.474
0.0000000000 0.0000000000 0 0 0 0 0 0 21 238 112 1 0 0 0 0 261119 151611.674
0.0000000000 0.0000000000 0 0 0 0 0 0 93 241 112 1 0 0 0 0 261119 151611.874
0.0000000000 0.0000000000 0 0 0 0 0 0 140 240 112 1 0 0 0 0 261119 151612.074
0.0000000000 0.0000000000 0 0 0 0 0 0 239 239 112 1 0 0 0 0 261119 151612.275
0.0000000000 0.0000000000 0 0 0 0 0 0 112 241 112 1 0 0 0 0 261119 151612.475
0.0000000000 0.0000000000 0 0 0 0 0 0 209 244 112 1 0 0 0 0 261119 151612.675
0.0000000000 0.0000000000 0 0 0 0 0 0 141 240 112 1 0 0 0 0 261119 151612.875
0.0000000000 0.0000000000 0 0 0 0 0 0 94 241 112 1 0 0 0 0 261119 151613.075
0.0000000000 0.0000000000 0 0 0 0 0 0 14 244 112 1 0 0 0 0 261119 151613.275
0.0000000000 0.0000000000 0 0 0 0 0 0 174 241 112 1 0 0 0 0 261119 151613.476
0.0000000000 0.0000000000 0 0 0 0 0 0 46 239 112 1 0 0 0 0 261119 151613.676
0.0000000000 0.0000000000 0 0 0 0 0 0 120 244 112 1 0 0 0 0 261119 151613.876
0.0000000000 0.0000000000 0 0 0 0 0 0 204 244 112 1 0 0 0 0 261119 151614.076
0.0000000000 0.0000000000 0 0 0 0 0 0 96 248 112 1 0 0 0 0 261119 151614.276
0.0000000000 0.0000000000 0 0 0 0 0 0 150 243 112 1 0 0 0 0 261119 151614.476
0.0000000000 0.0000000000 0 0 0 0 0 0 251 243 112 1 0 0 0 0 261119 151614.677
0.0000000000 0.0000000000 0 0 0 0 0 0 76 244 112 1 0 0 0 0 261119 151614.877
0.0000000000 0.0000000000 0 0 0 0 0 0 97 253 112 1 0 0 0 0 261119 151615.077
0.0000000000 0.0000000000 0 0 0 0 0 0 148 245 112 1 0 0 0 0 261119 151615.277
0.0000000000 0.0000000000 0 0 0 0 0 0 34 250 112 1 0 0 0 0 261119 151615.477
0.0000000000 0.0000000000 0 0 0 0 0 0 172 246 112 1 0 0 0 0 261119 151615.677
0.0000000000 0.0000000000 0 0 0 0 0 0 111 248 112 1 0 0 0 0 261119 151615.877
0.0000000000 0.0000000000 0 0 0 0 0 0 56 252 112 1 0 0 0 0 261119 151616.078
0.0000000000 0.0000000000 0 0 0 0 0 0 122 249 112 1 0 0 0 0 261119 151616.278
0.0000000000 0.0000000000 0 0 0 0 0 0 124 249 112 1 0 0 0 0 261119 151616.478
0.0000000000 0.0000000000 0 0 0 0 0 0 23 251 112 1 0 0 0 0 261119 151616.678
0.0000000000 0.0000000000 0 0 0 0 0 0 49 250 112 1 0 0 0 0 261119 151616.878
0.0000000000 0.0000000000 0 0 0 0 0 0 8 253 112 1 0 0 0 0 261119 151617.078
0.0000000000 0.0000000000 0 0 0 0 0 0 9 252 112 1 0 0 0 0 261119 151617.279
0.0000000000 0.0000000000 0 0 0 0 0 0 0 0 112 1 0 0 0 0 261119 151617.479
0.0000000000 0.0000000000 0 0 0 0 0 0 0 0 112 1 0 0 0 0 261119 151617.679
0.0000000000 0.0000000000 0 0 0 0 0 0 0 0 112 1 0 0 0 0 261119 151617.879
0.0000000000 0.0000000000 0 0 0 0 0 0 0 0 112 1 0 0 0 0 261119 151618.079
0.0000000000 0.0000000000 0 0 0 0 0 0 0 0 112 1 0 0 0 0 261119 151618.279
0.0000000000 0.0000000000 0 0 0 0 0 0 0 0 112 1 0 0 0 0 261119 151618.479
0.0000000000 0.0000000000 0 0 0 0 0 0 0 0 112 1 0 0 0 0 261119 151618.680
0.0000000000 0.0000000000 0 0 0 0 0 0 0 0 112 1 0 0 0 0 261119 151618.880
0.0000000000 0.0000000000 0 0 0 0 0 0 0 0 112 1 0 0 0 0 261119 151619.080
0.0000000000 0.0000000000 0 0 0 0 0 0 0 0 112 1 0 0 0 0 261119 151619.280
0.0000000000 0.0000000000 0 0 0 0 0 0 0 0 112 1 0 0 0 0 261119 151619.480
0.0000000000 0.0000000000 0 0 0 0 0 0 0 0 112 1 0 0 0 0 261119 151619.680
0.0000000000 0.0000000000 0 0 0 0 0 0 0 0 112 1 0 0 0 0 261119 151619.880
0.0000000000 0.0000000000 0 0 0 0 0 0 0 0 112 1 0 0 0 0 261119 151620.081
0.0000000000 0.0000000000 0 0 0 0 0 0 0 0 112 1 0 0 0 0 261119 151620.281
0.0000000000 0.0000000000 0 0 0 0 0 0 0 0 112 1 0 0 0 0 261119 151620.481
0.0000000000 0.0000000000 0 0 0 0 0 0 0 0 112 1 0 0 0 0 261119 151620.681
0.0000000000 0.0000000000 0 0 0 0 0 0 0 0 112 1 0 0 0 0 261119 151620.881
0.0000000000 0.0000000000 0 0 0 0 0 0 0 0 112 1 0 0 0 0 261119 151621.081
0.0000000000 0.0000000000 0 0 0 0 0 0 0 0 112 1 0 0 0 0 261119 151621.281
0.0000000000 0.0000000000 0 0 0 0 0 0 0 0 112 1 0 0 0 0 261119 151621.482
0.0000000000 0.0000000000 0 0 0 0 0 0 0 0 112 1 0 0 0 0 261119 151621.682
0.0000000000 0.0000000000 0 0 0 0 0 0 0 0 112 1 0 0 0 0 261119 151621.882
0.0000000000 0.0000000000 0 0 0 0 0 0 0 0 112 1 0 0 0 0 261119 151622.082
0.0000000000 0.0000000000 0 0 0 0 0 0 0 0 112 1 0 0 0 0 261119 151622.282
0.0000000000 0.0000000000 0 0 0 0 0 0 0 0 112 1 0 0 0 0 261119 151622.482
0.0000000000 0.0000000000 0 0 0 0 0 0 0 0 112 1 0 0 0 0 261119 151622.683
0.0000000000 0.0000000000 0 0 0 0 0 0 71 12 112 1 0 0 0 0 261119 151622.883
0.0000000000 0.0000000000 0 0 0 0 0 0 184 12 112 1 0 0 0 0 261119 151623.083
0.0000000000 0.0000000000 0 0 0 0 0 0 193 18 112 1 0 0 0 0 261119 151623.283
0.0000000000 0.0000000000 0 0 0 0 0 0 42 9 112 1 0 0 0 0 261119 151623.483
0.0000000000 0.0000000000 0 0 0 0 0 0 2 17 112 1 0 0 0 0 261119 151623.683
0.0000000000 0.0000000000 0 0 0 0 0 0 155 13 112 1 0 0 0 0 261119 151623.883
0.0000000000 0.0000000000 0 0 0 0 0 0 195 14 112 1 0 0 0 0 261119 151624.084
0.0000000000 0.0000000000 0 0 0 0 0 0 163 19 112 1 0 0 0 0 261119 151624.284
0.0000000000 0.0000000000 0 0 0 0 0 0 179 13 112 1 0 0 0 0 261119 151624.484
0.0000000000 0.0000000000 0 0 0 0 0 0 39 15 112 1 0 0 0 0 261119 151624.684
0.0000000000 0.0000000000 0 0 0 0 0 0 228 19 112 1 0 0 0 0 261119 151624.884
0.0000000000 0.0000000000 0 0 0 0 0 0 165 19 112 1 0 0 0 0 261119 151625.084
0.0000000000 0.0000000000 0 0 0 0 0 0 92 20 112 1 0 0 0 0 261119 151625.285
0.0000000000 0.0000000000 0 0 0 0 0 0 0 12 112 1 0 0 0 0 261119 151625.485
0.0000000000 0.0000000000 0 0 0 0 0 0 108 12 112 1 0 0 0 0 261119 151625.685
0.0000000000 0.0000000000 0 0 0 0 0 0 1 13 112 1 0 0 0 0 261119 151625.885
0.0000000000 0.0000000000 0 0 0 0 0 0 204 13 112 1 0 0 0 0 261119 151626.085
0.0000000000 0.0000000000 0 0 0 0 0 0 198 15 112 1 0 0 0 0 261119 151626.285
0.0000000000 0.0000000000 0 0 0 0 0 0 90 17 112 1 0 0 0 0 261119 151626.485
0.0000000000 0.0000000000 0 0 0 0 0 0 235 19 112 1 0 0 0 0 261119 151626.686
0.0000000000 0.0000000000 0 0 0 0 0 0 50 17 112 1 0 0 0 0 261119 151626.886
0.0000000000 0.0000000000 0 0 0 0 0 0 118 19 112 1 0 0 0 0 261119 151627.086
0.0000000000 0.0000000000 0 0 0 0 0 0 228 15 112 1 0 0 0 0 261119 151627.286
0.0000000000 0.0000000000 0 0 0 0 0 0 41 17 112 1 0 0 0 0 261119 151627.486
0.0000000000 0.0000000000 0 0 0 0 0 0 213 20 112 1 0 0 0 0 261119 151627.686
0.0000000000 0.0000000000 0 0 0 0 0 0 15 17 112 1 0 0 0 0 261119 151627.886
0.0000000000 0.0000000000 0 0 0 0 0 0 180 21 112 1 0 0 0 0 261119 151628.087
0.0000000000 0.0000000000 0 0 0 0 0 0 75 15 112 1 0 0 0 0 261119 151628.287
0.0000000000 0.0000000000 0 0 0 0 0 0 249 15 112 1 0 0 0 0 261119 151628.487
0.0000000000 0.0000000000 0 0 0 0 0 0 253 19 112 1 0 0 0 0 261119 151628.687
0.0000000000 0.0000000000 0 0 0 0 0 0 227 17 112 1 0 0 0 0 261119 151628.887
0.0000000000 0.0000000000 0 0 0 0 0 0 208 16 112 1 0 0 0 0 261119 151629.087
0.0000000000 0.0000000000 0 0 0 0 0 0 68 21 112 1 0 0 0 0 261119 151629.287
0.0000000000 0.0000000000 0 0 0 0 0 0 44 15 112 1 0 0 0 0 261119 151629.488
0.0000000000 0.0000000000 0 0 0 0 0 0 52 19 112 1 0 0 0 0 261119 151629.688
0.0000000000 0.0000000000 0 0 0 0 0 0 40 18 112 1 0 0 0 0 261119 151629.888
0.0000000000 0.0000000000 0 0 0 0 0 0 196 19 112 1 0 0 0 0 261119 151630.089
0.0000000000 0.0000000000 0 0 0 0 0 0 255 127 112 1 0 0 0 0 261119 151630.289
0.0000000000 0.0000000000 0 0 0 0 0 0 169 233 112 1 0 0 0 0 261119 151630.489
0.0000000000 0.0000000000 0 0 0 0 0 0 202 234 112 1 0 0 0 0 261119 151630.689
0.0000000000 0.0000000000 0 0 0 0 0 0 27 229 112 1 0 0 0 0 261119 151630.889
0.0000000000 0.0000000000 0 0 0 0 0 0 42 232 112 1 0 0 0 0 261119 151631.089
0.0000000000 0.0000000000 0 0 0 0 0 0 118 231 112 1 0 0 0 0 261119 151631.289
0.0000000000 0.0000000000 0 0 0 0 0 0 77 231 112 1 0 0 0 0 261119 151631.490
0.0000000000 0.0000000000 0 0 0 0 0 0 252 228 112 1 0 0 0 0 261119 151631.690
0.0000000000 0.0000000000 0 0 0 0 0 0 181 232 112 1 0 0 0 0 261119 151631.890
0.0000000000 0.0000000000 0 0 0 0 0 0 81 232 112 1 0 0 0 0 261119 151632.090
0.0000000000 0.0000000000 0 0 0 0 0 0 14 233 112 1 0 0 0 0 261119 151632.290
0.0000000000 0.0000000000 0 0 0 0 0 0 249 231 112 1 0 0 0 0 261119 151632.490
0.0000000000 0.0000000000 0 0 0 0 0 0 120 230 112 1 0 0 0 0 261119 151632.690
0.0000000000 0.0000000000 0 0 0 0 0 0 35 224 112 1 0 0 0 0 261119 151632.890
0.0000000000 0.0000000000 0 0 0 0 0 0 199 233 112 1 0 0 0 0 261119 151633.091
0.0000000000 0.0000000000 0 0 0 0 0 0 119 3 112 1 0 0 0 0 261119 151633.291
0.0000000000 0.0000000000 0 0 0 0 0 0 16 240 112 1 0 0 0 0 261119 151633.491
0.0000000000 0.0000000000 0 0 0 0 0 0 116 238 112 1 0 0 0 0 261119 151633.691
0.0000000000 0.0000000000 0 0 0 0 0 0 250 238 112 1 0 0 0 0 261119 151633.891
0.0000000000 0.0000000000 0 0 0 0 0 0 184 250 112 1 0 0 0 0 261119 151634.091
0.0000000000 0.0000000000 0 0 0 0 0 0 154 244 112 1 0 0 0 0 261119 151634.291
0.0000000000 0.0000000000 0 0 0 0 0 0 234 240 112 1 0 0 0 0 261119 151634.492
0.0000000000 0.0000000000 0 0 0 0 0 0 144 249 112 1 0 0 0 0 261119 151634.692
0.0000000000 0.0000000000 0 0 0 0 0 0 155 242 112 1 0 0 0 0 261119 151634.892
0.0000000000 0.0000000000 0 0 0 0 0 0 253 243 112 1 0 0 0 0 261119 151635.092
0.0000000000 0.0000000000 0 0 0 0 0 0 145 1 112 1 0 0 0 0 261119 151635.292
0.0000000000 0.0000000000 0 0 0 0 0 0 88 244 112 1 0 0 0 0 261119 151635.492
0.0000000000 0.0000000000 0 0 0 0 0 0 70 248 112 1 0 0 0 0 261119 151635.693
0.0000000000 0.0000000000 0 0 0 0 0 0 169 251 112 1 0 0 0 0 261119 151635.893
0.0000000000 0.0000000000 0 0 0 0 0 0 37 4 112 1 0 0 0 0 261119 151636.093
0.0000000000 0.0000000000 0 0 0 0 0 0 43 1 112 1 0 0 0 0 261119 151636.293
0.0000000000 0.0000000000 0 0 0 0 0 0 209 2 112 1 0 0 0 0 261119 151636.493
0.0000000000 0.0000000000 0 0 0 0 0 0 27 7 112 1 0 0 0 0 261119 151636.694
0.0000000000 0.0000000000 0 0 0 0 0 0 0 0 112 1 0 0 0 0 261119 151636.894
0.0000000000 0.0000000000 0 0 0 0 0 0 0 0 112 1 0 0 0 0 261119 151637.094
0.0000000000 0.0000000000 0 0 0 0 0 0 0 0 112 1 0 0 0 0 261119 151637.294
0.0000000000 0.0000000000 0 0 0 0 0 0 0 0 112 1 0 0 0 0 261119 151637.494
0.0000000000 0.0000000000 0 0 0 0 0 0 0 0 112 1 0 0 0 0 261119 151637.694
0.0000000000 0.0000000000 0 0 0 0 0 0 0 0 112 1 0 0 0 0 261119 151637.894
0.0000000000 0.0000000000 0 0 0 0 0 0 0 0 112 1 0 0 0 0 261119 151638.095
0.0000000000 0.0000000000 0 0 0 0 0 0 0 0 112 1 0 0 0 0 261119 151638.295
0.0000000000 0.0000000000 0 0 0 0 0 0 0 0 112 1 0 0 0 0 261119 151638.495
0.0000000000 0.0000000000 0 0 0 0 0 0 0 0 112 1 0 0 0 0 261119 151638.695
0.0000000000 0.0000000000 0 0 0 0 0 0 0 0 112 1 0 0 0 0 261119 151638.895
0.0000000000 0.0000000000 0 0 0 0 0 0 36 27 112 1 0 0 0 0 261119 151639.095
0.0000000000 0.0000000000 0 0 0 0 0 0 241 26 112 1 0 0 0 0 261119 151639.296
0.0000000000 0.0000000000 0 0 0 0 0 0 10 23 112 1 0 0 0 0 261119 151639.496
0.0000000000 0.0000000000 0 0 0 0 0 0 222 28 112 1 0 0 0 0 261119 151639.696
0.0000000000 0.0000000000 0 0 0 0 0 0 137 38 112 1 0 0 0 0 261119 151639.896
0.0000000000 0.0000000000 0 0 0 0 0 0 136 37 112 1 0 0 0 0 261119 151640.096
0.0000000000 0.0000000000 0 0 0 0 0 0 76 34 112 1 0 0 0 0 261119 151640.296
0.0000000000 0.0000000000 0 0 0 0 0 0 237 38 112 1 0 0 0 0 261119 151640.496
0.0000000000 0.0000000000 0 0 0 0 0 0 108 30 112 1 0 0 0 0 261119 151640.697
0.0000000000 0.0000000000 0 0 0 0 0 0 212 35 112 1 0 0 0 0 261119 151640.897
0.0000000000 0.0000000000 0 0 0 0 0 0 89 40 112 1 0 0 0 0 261119 151641.097
0.0000000000 0.0000000000 0 0 0 0 0 0 58 38 112 1 0 0 0 0 261119 151641.297
0.0000000000 0.0000000000 0 0 0 0 0 0 201 43 112 1 0 0 0 0 261119 151641.497
0.0000000000 0.0000000000 0 0 0 0 0 0 244 41 112 1 0 0 0 0 261119 151641.697
0.0000000000 0.0000000000 0 0 0 0 0 0 184 44 112 1 0 0 0 0 261119 151641.897
0.0000000000 0.0000000000 0 0 0 0 0 0 32 44 112 1 0 0 0 0 261119 151642.097
0.0000000000 0.0000000000 0 0 0 0 0 0 189 45 112 1 0 0 0 0 261119 151642.298
0.0000000000 0.0000000000 0 0 0 0 0 0 114 49 112 1 0 0 0 0 261119 151642.498
0.0000000000 0.0000000000 0 0 0 0 0 0 178 36 112 1 0 0 0 0 261119 151642.698
0.0000000000 0.0000000000 0 0 0 0 0 0 75 50 112 1 0 0 0 0 261119 151642.898
0.0000000000 0.0000000000 0 0 0 0 0 0 233 43 112 1 0 0 0 0 261119 151643.098
0.0000000000 0.0000000000 0 0 0 0 0 0 57 63 112 1 0 0 0 0 261119 151643.298
0.0000000000 0.0000000000 0 0 0 0 0 0 180 49 112 1 0 0 0 0 261119 151643.498
0.0000000000 0.0000000000 0 0 0 0 0 0 129 50 112 1 0 0 0 0 261119 151643.699
0.0000000000 0.0000000000 0 0 0 0 0 0 59 52 112 1 0 0 0 0 261119 151643.899
0.0000000000 0.0000000000 0 0 0 0 0 0 19 53 112 1 0 0 0 0 261119 151644.099
0.0000000000 0.0000000000 0 0 0 0 0 0 84 53 112 1 0 0 0 0 261119 151644.299
0.0000000000 0.0000000000 0 0 0 0 0 0 229 53 112 1 0 0 0 0 261119 151644.500
0.0000000000 0.0000000000 0 0 0 0 0 0 237 55 112 1 0 0 0 0 261119 151644.700
0.0000000000 0.0000000000 0 0 0 0 0 0 120 67 112 1 0 0 0 0 261119 151644.900
0.0000000000 0.0000000000 0 0 0 0 0 0 134 59 112 1 0 0 0 0 261119 151645.100
0.0000000000 0.0000000000 0 0 0 0 0 0 9 63 112 1 0 0 0 0 261119 151645.300
0.0000000000 0.0000000000 0 0 0 0 0 0 146 58 112 1 0 0 0 0 261119 151645.500
0.0000000000 0.0000000000 0 0 0 0 0 0 109 68 112 1 0 0 0 0 261119 151645.701
0.0000000000 0.0000000000 0 0 0 0 0 0 214 56 112 1 0 0 0 0 261119 151645.901
0.0000000000 0.0000000000 0 0 0 0 0 0 198 60 112 1 0 0 0 0 261119 151646.101
0.0000000000 0.0000000000 0 0 0 0 0 0 75 65 112 1 0 0 0 0 261119 151646.301
0.0000000000 0.0000000000 0 0 0 0 0 0 70 61 112 1 0 0 0 0 261119 151646.501
0.0000000000 0.0000000000 0 0 0 0 0 0 37 61 112 1 0 0 0 0 261119 151646.701
0.0000000000 0.0000000000 0 0 0 0 0 0 149 62 112 1 0 0 0 0 261119 151646.902
0.0000000000 0.0000000000 0 0 0 0 0 0 108 64 112 1 0 0 0 0 261119 151647.102
0.0000000000 0.0000000000 0 0 0 0 0 0 66 62 112 1 0 0 0 0 261119 151647.302
0.0000000000 0.0000000000 0 0 0 0 0 0 138 62 112 1 0 0 0 0 261119 151647.502
0.0000000000 0.0000000000 0 0 0 0 0 0 221 68 112 1 0 0 0 0 261119 151647.702
0.0000000000 0.0000000000 0 0 0 0 0 0 27 60 112 1 0 0 0 0 261119 151647.902
0.0000000000 0.0000000000 0 0 0 0 0 0 75 63 112 1 0 0 0 0 261119 151648.103
0.0000000000 0.0000000000 0 0 0 0 0 0 215 60 112 1 0 0 0 0 261119 151648.303
0.0000000000 0.0000000000 0 0 0 0 0 0 136 66 112 1 0 0 0 0 261119 151648.503
0.0000000000 0.0000000000 0 0 0 0 0 0 93 59 112 1 0 0 0 0 261119 151648.703
0.0000000000 0.0000000000 0 0 0 0 0 0 189 59 112 1 0 0 0 0 261119 151648.903
0.0000000000 0.0000000000 0 0 0 0 0 0 251 62 112 1 0 0 0 0 261119 151649.103
0.0000000000 0.0000000000 0 0 0 0 0 0 93 62 112 1 0 0 0 0 261119 151649.304
0.0000000000 0.0000000000 0 0 0 0 0 0 82 26 112 1 0 0 0 0 261119 151649.504
0.0000000000 0.0000000000 0 0 0 0 0 0 219 61 112 1 0 0 0 0 261119 151649.704
0.0000000000 0.0000000000 0 0 0 0 0 0 244 59 112 1 0 0 0 0 261119 151649.904
0.0000000000 0.0000000000 0 0 0 0 0 0 153 59 112 1 0 0 0 0 261119 151650.104
0.0000000000 0.0000000000 0 0 0 0 0 0 20 60 112 1 0 0 0 0 261119 151650.304
0.0000000000 0.0000000000 0 0 0 0 0 0 15 59 112 1 0 0 0 0 261119 151650.504
0.0000000000 0.0000000000 0 0 0 0 0 0 177 58 112 1 0 0 0 0 261119 151650.705
0.0000000000 0.0000000000 0 0 0 0 0 0 163 56 112 1 0 0 0 0 261119 151650.905
0.0000000000 0.0000000000 0 0 0 0 0 0 164 60 112 1 0 0 0 0 261119 151651.105
0.0000000000 0.0000000000 0 0 0 0 0 0 1 48 112 1 0 0 0 0 261119 151651.305
0.0000000000 0.0000000000 0 0 0 0 0 0 89 57 112 1 0 0 0 0 261119 151651.505
0.0000000000 0.0000000000 0 0 0 0 0 0 127 53 112 1 0 0 0 0 261119 151651.705
0.0000000000 0.0000000000 0 0 0 0 0 0 73 55 112 1 0 0 0 0 261119 151651.906
0.0000000000 0.0000000000 0 0 0 0 0 0 165 55 112 1 0 0 0 0 261119 151652.106
0.0000000000 0.0000000000 0 0 0 0 0 0 108 46 112 1 0 0 0 0 261119 151652.306
0.0000000000 0.0000000000 0 0 0 0 0 0 198 54 112 1 0 0 0 0 261119 151652.506
0.0000000000 0.0000000000 0 0 0 0 0 0 10 45 112 1 0 0 0 0 261119 151652.706
0.0000000000 0.0000000000 0 0 0 0 0 0 162 44 112 1 0 0 0 0 261119 151652.906
0.0000000000 0.0000000000 0 0 0 0 0 0 98 42 112 1 0 0 0 0 261119 151653.107
0.0000000000 0.0000000000 0 0 0 0 0 0 85 48 112 1 0 0 0 0 261119 151653.307
0.0000000000 0.0000000000 0 0 0 0 0 0 6 42 112 1 0 0 0 0 261119 151653.507
0.0000000000 0.0000000000 0 0 0 0 0 0 208 44 112 1 0 0 0 0 261119 151653.707
0.0000000000 0.0000000000 0 0 0 0 0 0 184 46 112 1 0 0 0 0 261119 151653.907
0.0000000000 0.0000000000 0 0 0 0 0 0 18 41 112 1 0 0 0 0 261119 151654.107
0.0000000000 0.0000000000 0 0 0 0 0 0 90 45 112 1 0 0 0 0 261119 151654.307
0.0000000000 0.0000000000 0 0 0 0 0 0 189 40 112 1 0 0 0 0 261119 151654.508
0.0000000000 0.0000000000 0 0 0 0 0 0 89 39 112 1 0 0 0 0 261119 151654.708
0.0000000000 0.0000000000 0 0 0 0 0 0 192 40 112 1 0 0 0 0 261119 151654.908
0.0000000000 0.0000000000 0 0 0 0 0 0 234 40 112 1 0 0 0 0 261119 151655.108
0.0000000000 0.0000000000 0 0 0 0 0 0 244 38 112 1 0 0 0 0 261119 151655.308
0.0000000000 0.0000000000 0 0 0 0 0 0 122 42 112 1 0 0 0 0 261119 151655.508
0.0000000000 0.0000000000 0 0 0 0 0 0 197 29 112 1 0 0 0 0 261119 151655.709
0.0000000000 0.0000000000 0 0 0 0 0 0 122 37 112 1 0 0 0 0 261119 151655.909
0.0000000000 0.0000000000 0 0 0 0 0 0 87 35 112 1 0 0 0 0 261119 151656.109
0.0000000000 0.0000000000 0 0 0 0 0 0 251 33 112 1 0 0 0 0 261119 151656.309
0.0000000000 0.0000000000 0 0 0 0 0 0 57 31 112 1 0 0 0 0 261119 151656.509
0.0000000000 0.0000000000 0 0 0 0 0 0 254 30 112 1 0 0 0 0 261119 151656.709
0.0000000000 0.0000000000 0 0 0 0 0 0 127 19 112 1 0 0 0 0 261119 151656.910
0.0000000000 0.0000000000 0 0 0 0 0 0 197 28 112 1 0 0 0 0 261119 151657.110
0.0000000000 0.0000000000 0 0 0 0 0 0 74 27 112 1 0 0 0 0 261119 151657.310
0.0000000000 0.0000000000 0 0 0 0 0 0 84 16 112 1 0 0 0 0 261119 151657.510
0.0000000000 0.0000000000 0 0 0 0 0 0 145 24 112 1 0 0 0 0 261119 151657.710
0.0000000000 0.0000000000 0 0 0 0 0 0 100 8 112 1 0 0 0 0 261119 151657.910
0.0000000000 0.0000000000 0 0 0 0 0 0 21 19 112 1 0 0 0 0 261119 151658.110
0.0000000000 0.0000000000 0 0 0 0 0 0 78 22 112 1 0 0 0 0 261119 151658.311
0.0000000000 0.0000000000 0 0 0 0 0 0 35 17 112 1 0 0 0 0 261119 151658.511
0.0000000000 0.0000000000 0 0 0 0 0 0 233 17 112 1 0 0 0 0 261119 151658.711
0.0000000000 0.0000000000 0 0 0 0 0 0 123 4 112 1 0 0 0 0 261119 151658.911
0.0000000000 0.0000000000 0 0 0 0 0 0 232 9 112 1 0 0 0 0 261119 151659.111
0.0000000000 0.0000000000 0 0 0 0 0 0 152 12 112 1 0 0 0 0 261119 151659.311
0.0000000000 0.0000000000 0 0 0 0 0 0 132 5 112 1 0 0 0 0 261119 151659.511
0.0000000000 0.0000000000 0 0 0 0 0 0 136 15 112 1 0 0 0 0 261119 151659.711
0.0000000000 0.0000000000 0 0 0 0 0 0 174 15 112 1 0 0 0 0 261119 151659.912
0.0000000000 0.0000000000 0 0 0 0 0 0 16 8 112 1 0 0 0 0 261119 151700.112
0.0000000000 0.0000000000 0 0 0 0 0 0 227 7 112 1 0 0 0 0 261119 151700.312
0.0000000000 0.0000000000 0 0 0 0 0 0 226 6 112 1 0 0 0 0 261119 151700.512
0.0000000000 0.0000000000 0 0 0 0 0 0 12 6 112 1 0 0 0 0 261119 151700.712
0.0000000000 0.0000000000 0 0 0 0 0 0 97 6 112 1 0 0 0 0 261119 151700.912
0.0000000000 0.0000000000 0 0 0 0 0 0 187 3 112 1 0 0 0 0 261119 151701.112
0.0000000000 0.0000000000 0 0 0 0 0 0 93 3 112 1 0 0 0 0 261119 151701.312
0.0000000000 0.0000000000 0 0 0 0 0 0 236 2 112 1 0 0 0 0 261119 151701.513
0.0000000000 0.0000000000 0 0 0 0 0 0 195 254 112 1 0 0 0 0 261119 151701.713
0.0000000000 0.0000000000 0 0 0 0 0 0 14 252 112 1 0 0 0 0 261119 151701.913
0.0000000000 0.0000000000 0 0 0 0 0 0 140 255 112 1 0 0 0 0 261119 151702.113
0.0000000000 0.0000000000 0 0 0 0 0 0 0 0 112 1 0 0 0 0 261119 151702.313
0.0000000000 0.0000000000 0 0 0 0 0 0 0 0 112 1 0 0 0 0 261119 151702.513
0.0000000000 0.0000000000 0 0 0 0 0 0 0 0 112 1 0 0 0 0 261119 151702.714
0.0000000000 0.0000000000 0 0 0 0 0 0 0 0 112 1 0 0 0 0 261119 151702.914
0.0000000000 0.0000000000 0 0 0 0 0 0 0 0 112 1 0 0 0 0 261119 151703.114
0.0000000000 0.0000000000 0 0 0 0 0 0 0 0 112 1 0 0 0 0 261119 151703.314
0.0000000000 0.0000000000 0 0 0 0 0 0 0 0 112 1 0 0 0 0 261119 151703.514
0.0000000000 0.0000000000 0 0 0 0 0 0 0 0 112 1 0 0 0 0 261119 151703.714
0.0000000000 0.0000000000 0 0 0 0 0 0 0 0 112 1 0 0 0 0 261119 151703.914
0.0000000000 0.0000000000 0 0 0 0 0 0 0 0 112 1 0 0 0 0 261119 151704.115
0.0000000000 0.0000000000 0 0 0 0 0 0 157 233 112 1 0 0 0 0 261119 151704.315
0.0000000000 0.0000000000 0 0 0 0 0 0 112 232 112 1 0 0 0 0 261119 151704.515
0.0000000000 0.0000000000 0 0 0 0 0 0 191 232 112 1 0 0 0 0 261119 151704.715
0.0000000000 0.0000000000 0 0 0 0 0 0 109 212 112 1 0 0 0 0 261119 151704.915
0.0000000000 0.0000000000 0 0 0 0 0 0 188 228 112 1 0 0 0 0 261119 151705.115
0.0000000000 0.0000000000 0 0 0 0 0 0 174 226 112 1 0 0 0 0 261119 151705.316
0.0000000000 0.0000000000 0 0 0 0 0 0 19 226 112 1 0 0 0 0 261119 151705.516
0.0000000000 0.0000000000 0 0 0 0 0 0 179 226 112 1 0 0 0 0 261119 151705.716
0.0000000000 0.0000000000 0 0 0 0 0 0 167 224 112 1 0 0 0 0 261119 151705.916
0.0000000000 0.0000000000 0 0 0 0 0 0 24 225 112 1 0 0 0 0 261119 151706.116
0.0000000000 0.0000000000 0 0 0 0 0 0 190 214 112 1 0 0 0 0 261119 151706.316
0.0000000000 0.0000000000 0 0 0 0 0 0 173 212 112 1 0 0 0 0 261119 151706.517
0.0000000000 0.0000000000 0 0 0 0 0 0 55 225 112 1 0 0 0 0 261119 151706.717
0.0000000000 0.0000000000 0 0 0 0 0 0 173 223 112 1 0 0 0 0 261119 151706.917
0.0000000000 0.0000000000 0 0 0 0 0 0 51 228 112 1 0 0 0 0 261119 151707.117
0.0000000000 0.0000000000 0 0 0 0 0 0 136 215 112 1 0 0 0 0 261119 151707.317
0.0000000000 0.0000000000 0 0 0 0 0 0 207 215 112 1 0 0 0 0 261119 151707.517
0.0000000000 0.0000000000 0 0 0 0 0 0 181 224 112 1 0 0 0 0 261119 151707.717
0.0000000000 0.0000000000 0 0 0 0 0 0 254 220 112 1 0 0 0 0 261119 151707.918
0.0000000000 0.0000000000 0 0 0 0 0 0 198 215 112 1 0 0 0 0 261119 151708.118
0.0000000000 0.0000000000 0 0 0 0 0 0 100 216 112 1 0 0 0 0 261119 151708.318
0.0000000000 0.0000000000 0 0 0 0 0 0 89 219 112 1 0 0 0 0 261119 151708.518
0.0000000000 0.0000000000 0 0 0 0 0 0 71 203 112 1 0 0 0 0 261119 151708.718
0.0000000000 0.0000000000 0 0 0 0 0 0 163 218 112 1 0 0 0 0 261119 151708.918
0.0000000000 0.0000000000 0 0 0 0 0 0 152 215 112 1 0 0 0 0 261119 151709.118
0.0000000000 0.0000000000 0 0 0 0 0 0 79 220 112 1 0 0 0 0 261119 151709.319
0.0000000000 0.0000000000 0 0 0 0 0 0 88 216 112 1 0 0 0 0 261119 151709.519
0.0000000000 0.0000000000 0 0 0 0 0 0 87 207 112 1 0 0 0 0 261119 151709.719
0.0000000000 0.0000000000 0 0 0 0 0 0 181 211 112 1 0 0 0 0 261119 151709.919
0.0000000000 0.0000000000 0 0 0 0 0 0 2 211 112 1 0 0 0 0 261119 151710.119
0.0000000000 0.0000000000 0 0 0 0 0 0 62 217 112 1 0 0 0 0 261119 151710.319
0.0000000000 0.0000000000 0 0 0 0 0 0 28 216 112 1 0 0 0 0 261119 151710.520
0.0000000000 0.0000000000 0 0 0 0 0 0 185 208 112 1 0 0 0 0 261119 151710.720
0.0000000000 0.0000000000 0 0 0 0 0 0 215 208 112 1 0 0 0 0 261119 151710.920
0.0000000000 0.0000000000 0 0 0 0 0 0 93 211 112 1 0 0 0 0 261119 151711.120
0.0000000000 0.0000000000 0 0 0 0 0 0 238 214 112 1 0 0 0 0 261119 151711.320
0.0000000000 0.0000000000 0 0 0 0 0 0 0 0 127 0 0 0 0 0 261119 151711.520
0.0000000000 0.0000000000 0 0 0 0 0 0 0 0 127 0 0 0 0 0 261119 151711.720
0.0000000000 0.0000000000 0 0 0 0 0 0 0 0 127 0 0 0 0 0 261119 151711.921
0.0000000000 0.0000000000 0 0 0 0 0 0 0 0 127 0 0 0 0 0 261119 151712.121
0.0000000000 0.0000000000 0 0 0 0 0 0 0 0 127 0 0 0 0 0 261119 151712.321
0.0000000000 0.0000000000 0 0 0 0 0 0 0 0 127 0 0 0 0 0 261119 151712.521
0.0000000000 0.0000000000 0 0 0 0 0 0 0 0 127 0 0 0 0 0 261119 151712.721
0.0000000000 0.0000000000 0 0 0 0 0 0 0 0 127 0 0 0 0 0 261119 151712.922
0.0000000000 0.0000000000 0 0 0 0 0 0 0 0 127 0 0 0 0 0 261119 151713.122
0.0000000000 0.0000000000 0 0 0 0 0 0 0 0 127 0 0 0 0 0 261119 151713.322
0.0000000000 0.0000000000 0 0 0 0 0 0 0 0 127 0 0 0 0 0 261119 151713.522
0.0000000000 0.0000000000 0 0 0 0 0 0 0 0 127 0 0 0 0 0 261119 151713.722
0.0000000000 0.0000000000 0 0 0 0 0 0 0 0 127 0 0 0 0 0 261119 151713.922
