0.0000000000 0.0000000000 0 0 0 0 0 0 0 0 112 1 0 0 0 0 221219 161453.428
0.0000000000 0.0000000000 0 0 0 0 0 0 0 0 112 1 0 0 0 0 221219 161453.628
0.0000000000 0.0000000000 0 0 0 0 0 0 0 0 112 1 0 0 0 0 221219 161453.828
0.0000000000 0.0000000000 0 0 0 0 0 0 0 0 112 1 0 0 0 0 221219 161454.029
0.0000000000 0.0000000000 0 0 0 0 0 0 0 0 112 1 0 0 0 0 221219 161454.229
0.0000000000 0.0000000000 0 0 0 0 0 0 0 0 112 1 0 0 0 0 221219 161454.429
0.0000000000 0.0000000000 0 0 0 0 0 0 0 0 112 1 0 0 0 0 221219 161454.629
0.0000000000 0.0000000000 0 0 0 0 0 0 0 0 112 1 0 0 0 0 221219 161454.829
0.0000000000 0.0000000000 0 0 0 0 0 0 0 0 112 1 0 0 0 0 221219 161455.029
0.0000000000 0.0000000000 0 0 0 0 0 0 0 0 112 1 0 0 0 0 221219 161455.229
0.0000000000 0.0000000000 0 0 0 0 0 0 0 0 112 1 0 0 0 0 221219 161455.430
0.0000000000 0.0000000000 0 0 0 0 0 0 0 0 112 1 0 0 0 0 221219 161455.630
0.0000000000 0.0000000000 0 0 0 0 0 0 0 0 112 1 0 0 0 0 221219 161455.830
0.0000000000 0.0000000000 0 0 0 0 0 0 0 0 112 1 0 0 0 0 221219 161456.030
0.0000000000 0.0000000000 0 0 0 0 0 0 0 0 112 1 0 0 0 0 221219 161456.230
0.0000000000 0.0000000000 0 0 0 0 0 0 0 0 112 1 0 0 0 0 221219 161456.430
0.0000000000 0.0000000000 0 0 0 0 0 0 0 0 112 1 0 0 0 0 221219 161456.631
0.0000000000 0.0000000000 0 0 0 0 0 0 0 0 112 1 0 0 0 0 221219 161456.831
0.0000000000 0.0000000000 0 0 0 0 0 0 0 0 112 1 0 0 0 0 221219 161457.031
0.0000000000 0.0000000000 0 0 0 0 0 0 0 0 112 1 0 0 0 0 221219 161457.231
0.0000000000 0.0000000000 0 0 0 0 0 0 0 0 112 1 0 0 0 0 221219 161457.431
0.0000000000 0.0000000000 0 0 0 0 0 0 0 0 112 1 0 0 0 0 221219 161457.631
0.0000000000 0.0000000000 0 0 0 0 0 0 0 0 112 1 0 0 0 0 221219 161457.831
0.0000000000 0.0000000000 0 0 0 0 0 0 0 0 112 1 0 0 0 0 221219 161458.032
0.0000000000 0.0000000000 0 0 0 0 0 0 0 0 112 1 0 0 0 0 221219 161458.232
0.0000000000 0.0000000000 0 0 0 0 0 0 0 0 112 1 0 0 0 0 221219 161458.432
0.0000000000 0.0000000000 0 0 0 0 0 0 0 0 112 1 0 0 0 0 221219 161458.632
0.0000000000 0.0000000000 0 0 0 0 0 0 0 0 112 1 0 0 0 0 221219 161458.832
0.0000000000 0.0000000000 0 0 0 0 0 0 0 0 112 1 0 0 0 0 221219 161459.033
0.0000000000 0.0000000000 0 0 0 0 0 0 0 0 112 1 0 0 0 0 221219 161459.233
0.0000000000 0.0000000000 0 0 0 0 0 0 0 0 112 1 0 0 0 0 221219 161459.433
0.0000000000 0.0000000000 0 0 0 0 0 0 0 0 112 1 0 0 0 0 221219 161459.633
0.0000000000 0.0000000000 0 0 0 0 0 0 0 0 112 1 0 0 0 0 221219 161459.833
0.0000000000 0.0000000000 0 0 0 0 0 0 0 0 112 1 0 0 0 0 221219 161500.033
0.0000000000 0.0000000000 0 0 0 0 0 0 0 0 112 1 0 0 0 0 221219 161500.234
0.0000000000 0.0000000000 0 0 0 0 0 0 0 0 112 1 0 0 0 0 221219 161500.434
0.0000000000 0.0000000000 0 0 0 0 0 0 0 0 112 1 0 0 0 0 221219 161500.634
0.0000000000 0.0000000000 0 0 0 0 0 0 0 0 112 1 0 0 0 0 221219 161500.834
0.0000000000 0.0000000000 0 0 0 0 0 0 0 0 112 1 0 0 0 0 221219 161501.034
0.0000000000 0.0000000000 0 0 0 0 0 0 0 0 112 1 0 0 0 0 221219 161501.234
0.0000000000 0.0000000000 0 0 0 0 0 0 0 0 112 1 0 0 0 0 221219 161501.435
0.0000000000 0.0000000000 0 0 0 0 0 0 0 0 112 1 0 0 0 0 221219 161501.635
0.0000000000 0.0000000000 0 0 0 0 0 0 0 0 112 1 0 0 0 0 221219 161501.835
0.0000000000 0.0000000000 0 0 0 0 0 0 0 0 112 1 0 0 0 0 221219 161502.035
0.0000000000 0.0000000000 0 0 0 0 0 0 0 0 112 1 0 0 0 0 221219 161502.235
0.0000000000 0.0000000000 0 0 0 0 0 0 0 0 112 1 0 0 0 0 221219 161502.435
0.0000000000 0.0000000000 0 0 0 0 0 0 0 0 112 1 0 0 0 0 221219 161502.636
0.0000000000 0.0000000000 0 0 0 0 0 0 0 0 112 1 0 0 0 0 221219 161502.836
0.0000000000 0.0000000000 0 0 0 0 0 0 0 0 112 1 0 0 0 0 221219 161503.036
0.0000000000 0.0000000000 0 0 0 0 0 0 0 0 112 1 0 0 0 0 221219 161503.236
0.0000000000 0.0000000000 0 0 0 0 0 0 0 0 112 1 0 0 0 0 221219 161503.436
0.0000000000 0.0000000000 0 0 0 0 0 0 0 0 112 1 0 0 0 0 221219 161503.636
0.0000000000 0.0000000000 0 0 0 0 0 0 0 0 112 1 0 0 0 0 221219 161503.836
0.0000000000 0.0000000000 0 0 0 0 0 0 0 0 112 1 0 0 0 0 221219 161504.036
0.0000000000 0.0000000000 0 0 0 0 0 0 0 0 112 1 0 0 0 0 221219 161504.237
0.0000000000 0.0000000000 0 0 0 0 0 0 0 0 112 1 0 0 0 0 221219 161504.437
0.0000000000 0.0000000000 0 0 0 0 0 0 0 0 112 1 0 0 0 0 221219 161504.637
0.0000000000 0.0000000000 0 0 0 0 0 0 0 0 112 1 0 0 0 0 221219 161504.837
0.0000000000 0.0000000000 0 0 0 0 0 0 0 0 112 1 0 0 0 0 221219 161505.037
0.0000000000 0.0000000000 0 0 0 0 0 0 0 0 112 1 0 0 0 0 221219 161505.237
0.0000000000 0.0000000000 0 0 0 0 0 0 0 0 112 1 0 0 0 0 221219 161505.437
0.0000000000 0.0000000000 0 0 0 0 0 0 0 0 112 1 0 0 0 0 221219 161505.638
0.0000000000 0.0000000000 0 0 0 0 0 0 0 0 112 1 0 0 0 0 221219 161505.838
0.0000000000 0.0000000000 0 0 0 0 0 0 0 0 112 1 0 0 0 0 221219 161506.038
0.0000000000 0.0000000000 0 0 0 0 0 0 0 0 112 1 0 0 0 0 221219 161506.238
0.0000000000 0.0000000000 0 0 0 0 0 0 0 0 112 1 0 0 0 0 221219 161506.438
0.0000000000 0.0000000000 0 0 0 0 0 0 0 0 112 1 0 0 0 0 221219 161506.638
0.0000000000 0.0000000000 0 0 0 0 0 0 0 0 112 1 0 0 0 0 221219 161506.838
0.0000000000 0.0000000000 0 0 0 0 0 0 0 0 112 1 0 0 0 0 221219 161507.038
0.0000000000 0.0000000000 0 0 0 0 0 0 0 0 112 1 0 0 0 0 221219 161507.239
0.0000000000 0.0000000000 0 0 0 0 0 0 0 0 112 1 0 0 0 0 221219 161507.439
0.0000000000 0.0000000000 0 0 0 0 0 0 0 0 112 1 0 0 0 0 221219 161507.639
0.0000000000 0.0000000000 0 0 0 0 0 0 0 0 112 1 0 0 0 0 221219 161507.839
0.0000000000 0.0000000000 0 0 0 0 0 0 0 0 112 1 0 0 0 0 221219 161508.039
0.0000000000 0.0000000000 0 0 0 0 0 0 0 0 112 1 0 0 0 0 221219 161508.239
0.0000000000 0.0000000000 0 0 0 0 0 0 0 0 112 1 0 0 0 0 221219 161508.440
0.0000000000 0.0000000000 0 0 0 0 0 0 0 0 112 1 0 0 0 0 221219 161508.640
0.0000000000 0.0000000000 0 0 0 0 0 0 0 0 112 1 0 0 0 0 221219 161508.840
0.0000000000 0.0000000000 0 0 0 0 0 0 0 0 112 1 0 0 0 0 221219 161509.040
0.0000000000 0.0000000000 0 0 0 0 0 0 0 0 112 1 0 0 0 0 221219 161509.240
0.0000000000 0.0000000000 0 0 0 0 0 0 0 0 112 1 0 0 0 0 221219 161509.440
0.0000000000 0.0000000000 0 0 0 0 0 0 0 0 112 1 0 0 0 0 221219 161509.640
0.0000000000 0.0000000000 0 0 0 0 0 0 0 0 112 1 0 0 0 0 221219 161509.841
0.0000000000 0.0000000000 0 0 0 0 0 0 0 0 112 1 0 0 0 0 221219 161510.041
0.0000000000 0.0000000000 0 0 0 0 0 0 0 0 112 1 0 0 0 0 221219 161510.241
0.0000000000 0.0000000000 0 0 0 0 0 0 0 0 112 1 0 0 0 0 221219 161510.441
0.0000000000 0.0000000000 0 0 0 0 0 0 0 0 112 1 0 0 0 0 221219 161510.641
0.0000000000 0.0000000000 0 0 0 0 0 0 0 0 112 1 0 0 0 0 221219 161510.841
0.0000000000 0.0000000000 0 0 0 0 0 0 0 0 112 1 0 0 0 0 221219 161511.041
0.0000000000 0.0000000000 0 0 0 0 0 0 0 0 112 1 0 0 0 0 221219 161511.242
0.0000000000 0.0000000000 0 0 0 0 0 0 0 0 112 1 0 0 0 0 221219 161511.442
0.0000000000 0.0000000000 0 0 0 0 0 0 0 0 112 1 0 0 0 0 221219 161511.642
0.0000000000 0.0000000000 0 0 0 0 0 0 0 0 112 1 0 0 0 0 221219 161511.842
0.0000000000 0.0000000000 0 0 0 0 0 0 0 0 112 1 0 0 0 0 221219 161512.042
0.0000000000 0.0000000000 0 0 0 0 0 0 0 0 112 1 0 0 0 0 221219 161512.242
0.0000000000 0.0000000000 0 0 0 0 0 0 0 0 112 1 0 0 0 0 221219 161512.442
0.0000000000 0.0000000000 0 0 0 0 0 0 0 0 112 1 0 0 0 0 221219 161512.643
0.0000000000 0.0000000000 0 0 0 0 0 0 0 0 112 1 0 0 0 0 221219 161512.843
0.0000000000 0.0000000000 0 0 0 0 0 0 0 0 112 1 0 0 0 0 221219 161513.043
0.0000000000 0.0000000000 0 0 0 0 0 0 0 0 112 1 0 0 0 0 221219 161513.243
0.0000000000 0.0000000000 0 0 0 0 0 0 0 0 112 1 0 0 0 0 221219 161513.443
0.0000000000 0.0000000000 0 0 0 0 0 0 0 0 112 1 0 0 0 0 221219 161513.643
0.0000000000 0.0000000000 0 0 0 0 0 0 0 0 112 1 0 0 0 0 221219 161513.843
0.0000000000 0.0000000000 0 0 0 0 0 0 0 0 112 1 0 0 0 0 221219 161514.044
0.0000000000 0.0000000000 0 0 0 0 0 0 0 0 112 1 0 0 0 0 221219 161514.244
0.0000000000 0.0000000000 0 0 0 0 0 0 0 0 112 1 0 0 0 0 221219 161514.444
0.0000000000 0.0000000000 0 0 0 0 0 0 0 0 112 1 0 0 0 0 221219 161514.644
0.0000000000 0.0000000000 0 0 0 0 0 0 0 0 112 1 0 0 0 0 221219 161514.844
0.0000000000 0.0000000000 0 0 0 0 0 0 0 0 112 1 0 0 0 0 221219 161515.044
0.0000000000 0.0000000000 0 0 0 0 0 0 0 0 112 1 0 0 0 0 221219 161515.244
0.0000000000 0.0000000000 0 0 0 0 0 0 0 0 112 1 0 0 0 0 221219 161515.445
0.0000000000 0.0000000000 0 0 0 0 0 0 0 0 112 1 0 0 0 0 221219 161515.645
0.0000000000 0.0000000000 0 0 0 0 0 0 0 0 112 1 0 0 0 0 221219 161515.845
0.0000000000 0.0000000000 0 0 0 0 0 0 0 0 112 1 0 0 0 0 221219 161516.045
0.0000000000 0.0000000000 0 0 0 0 0 0 0 0 112 1 0 0 0 0 221219 161516.245
0.0000000000 0.0000000000 0 0 0 0 0 0 0 0 112 1 0 0 0 0 221219 161516.445
0.0000000000 0.0000000000 0 0 0 0 0 0 0 0 112 1 0 0 0 0 221219 161516.646
0.0000000000 0.0000000000 0 0 0 0 0 0 0 0 112 1 0 0 0 0 221219 161516.846
0.0000000000 0.0000000000 0 0 0 0 0 0 0 0 112 1 0 0 0 0 221219 161517.046
0.0000000000 0.0000000000 0 0 0 0 0 0 0 0 112 1 0 0 0 0 221219 161517.246
0.0000000000 0.0000000000 0 0 0 0 0 0 0 0 112 1 0 0 0 0 221219 161517.446
0.0000000000 0.0000000000 0 0 0 0 0 0 0 0 112 1 0 0 0 0 221219 161517.646
0.0000000000 0.0000000000 0 0 0 0 0 0 0 0 112 1 0 0 0 0 221219 161517.846
0.0000000000 0.0000000000 0 0 0 0 0 0 0 0 112 1 0 0 0 0 221219 161518.047
0.0000000000 0.0000000000 0 0 0 0 0 0 0 0 112 1 0 0 0 0 221219 161518.247
0.0000000000 0.0000000000 0 0 0 0 0 0 0 0 112 1 0 0 0 0 221219 161518.447
0.0000000000 0.0000000000 0 0 0 0 0 0 0 0 112 1 0 0 0 0 221219 161518.647
0.0000000000 0.0000000000 0 0 0 0 0 0 50 233 112 1 0 0 0 0 221219 161518.847
0.0000000000 0.0000000000 0 0 0 0 0 0 58 231 112 1 0 0 0 0 221219 161519.047
0.0000000000 0.0000000000 0 0 0 0 0 0 205 232 112 1 0 0 0 0 221219 161519.247
0.0000000000 0.0000000000 0 0 0 0 0 0 47 235 112 1 0 0 0 0 221219 161519.448
0.0000000000 0.0000000000 0 0 0 0 0 0 245 227 112 1 0 0 0 0 221219 161519.648
0.0000000000 0.0000000000 0 0 0 0 0 0 185 229 112 1 0 0 0 0 221219 161519.848
0.0000000000 0.0000000000 0 0 0 0 0 0 74 233 112 1 0 0 0 0 221219 161520.048
0.0000000000 0.0000000000 0 0 0 0 0 0 165 223 112 1 0 0 0 0 221219 161520.248
0.0000000000 0.0000000000 0 0 0 0 0 0 51 228 112 1 0 0 0 0 221219 161520.448
0.0000000000 0.0000000000 0 0 0 0 0 0 238 233 112 1 0 0 0 0 221219 161520.648
0.0000000000 0.0000000000 0 0 0 0 0 0 22 226 112 1 0 0 0 0 221219 161520.849
0.0000000000 0.0000000000 0 0 0 0 0 0 159 227 112 1 0 0 0 0 221219 161521.049
0.0000000000 0.0000000000 0 0 0 0 0 0 160 221 112 1 0 0 0 0 221219 161521.249
0.0000000000 0.0000000000 0 0 0 0 0 0 79 217 112 1 0 0 0 0 221219 161521.449
0.0000000000 0.0000000000 0 0 0 0 0 0 96 220 112 1 0 0 0 0 221219 161521.649
0.0000000000 0.0000000000 0 0 0 0 0 0 137 220 112 1 0 0 0 0 221219 161521.849
0.0000000000 0.0000000000 0 0 0 0 0 0 8 220 112 1 0 0 0 0 221219 161522.049
0.0000000000 0.0000000000 0 0 0 0 0 0 252 222 112 1 0 0 0 0 221219 161522.250
0.0000000000 0.0000000000 0 0 0 0 0 0 74 222 112 1 0 0 0 0 221219 161522.450
0.0000000000 0.0000000000 0 0 0 0 0 0 44 224 112 1 0 0 0 0 221219 161522.650
0.0000000000 0.0000000000 0 0 0 0 0 0 42 218 112 1 0 0 0 0 221219 161522.850
0.0000000000 0.0000000000 0 0 0 0 0 0 99 223 112 1 0 0 0 0 221219 161523.050
0.0000000000 0.0000000000 0 0 0 0 0 0 123 206 112 1 0 0 0 0 221219 161523.250
0.0000000000 0.0000000000 0 0 0 0 0 0 222 216 112 1 0 0 0 0 221219 161523.450
0.0000000000 0.0000000000 0 0 0 0 0 0 100 214 112 1 0 0 0 0 221219 161523.651
0.0000000000 0.0000000000 0 0 0 0 0 0 95 215 112 1 0 0 0 0 221219 161523.851
0.0000000000 0.0000000000 0 0 0 0 0 0 147 215 112 1 0 0 0 0 221219 161524.051
0.0000000000 0.0000000000 0 0 0 0 0 0 156 216 112 1 0 0 0 0 221219 161524.251
0.0000000000 0.0000000000 0 0 0 0 0 0 35 212 112 1 0 0 0 0 221219 161524.451
0.0000000000 0.0000000000 0 0 0 0 0 0 86 216 112 1 0 0 0 0 221219 161524.651
0.0000000000 0.0000000000 0 0 0 0 0 0 183 212 112 1 0 0 0 0 221219 161524.851
0.0000000000 0.0000000000 0 0 0 0 0 0 67 216 112 1 0 0 0 0 221219 161525.052
0.0000000000 0.0000000000 0 0 0 0 0 0 185 218 112 1 0 0 0 0 221219 161525.252
0.0000000000 0.0000000000 0 0 0 0 0 0 111 216 112 1 0 0 0 0 221219 161525.452
0.0000000000 0.0000000000 0 0 0 0 0 0 42 211 112 1 0 0 0 0 221219 161525.652
0.0000000000 0.0000000000 0 0 0 0 0 0 207 204 112 1 0 0 0 0 221219 161525.852
0.0000000000 0.0000000000 0 0 0 0 0 0 67 205 112 1 0 0 0 0 221219 161526.052
0.0000000000 0.0000000000 0 0 0 0 0 0 124 209 112 1 0 0 0 0 221219 161526.252
0.0000000000 0.0000000000 0 0 0 0 0 0 71 208 112 1 0 0 0 0 221219 161526.452
0.0000000000 0.0000000000 0 0 0 0 0 0 200 211 112 1 0 0 0 0 221219 161526.653
0.0000000000 0.0000000000 0 0 0 0 0 0 120 206 112 1 0 0 0 0 221219 161526.853
0.0000000000 0.0000000000 0 0 0 0 0 0 171 208 112 1 0 0 0 0 221219 161527.053
0.0000000000 0.0000000000 0 0 0 0 0 0 254 204 112 1 0 0 0 0 221219 161527.253
0.0000000000 0.0000000000 0 0 0 0 0 0 145 207 112 1 0 0 0 0 221219 161527.453
0.0000000000 0.0000000000 0 0 0 0 0 0 250 204 112 1 0 0 0 0 221219 161527.653
0.0000000000 0.0000000000 0 0 0 0 0 0 250 204 112 1 0 0 0 0 221219 161527.853
0.0000000000 0.0000000000 0 0 0 0 0 0 255 201 112 1 0 0 0 0 221219 161528.054
0.0000000000 0.0000000000 0 0 0 0 0 0 118 206 112 1 0 0 0 0 221219 161528.254
0.0000000000 0.0000000000 0 0 0 0 0 0 147 207 112 1 0 0 0 0 221219 161528.454
0.0000000000 0.0000000000 0 0 0 0 0 0 187 206 112 1 0 0 0 0 221219 161528.654
0.0000000000 0.0000000000 0 0 0 0 0 0 13 203 112 1 0 0 0 0 221219 161528.854
0.0000000000 0.0000000000 0 0 0 0 0 0 190 210 112 1 0 0 0 0 221219 161529.054
0.0000000000 0.0000000000 0 0 0 0 0 0 148 205 112 1 0 0 0 0 221219 161529.255
0.0000000000 0.0000000000 0 0 0 0 0 0 0 207 112 1 0 0 0 0 221219 161529.455
0.0000000000 0.0000000000 0 0 0 0 0 0 181 207 112 1 0 0 0 0 221219 161529.655
0.0000000000 0.0000000000 0 0 0 0 0 0 181 211 112 1 0 0 0 0 221219 161529.855
0.0000000000 0.0000000000 0 0 0 0 0 0 246 207 112 1 0 0 0 0 221219 161530.055
0.0000000000 0.0000000000 0 0 0 0 0 0 132 206 112 1 0 0 0 0 221219 161530.255
0.0000000000 0.0000000000 0 0 0 0 0 0 27 204 112 1 0 0 0 0 221219 161530.455
0.0000000000 0.0000000000 0 0 0 0 0 0 140 210 112 1 0 0 0 0 221219 161530.656
0.0000000000 0.0000000000 0 0 0 0 0 0 44 206 112 1 0 0 0 0 221219 161530.856
0.0000000000 0.0000000000 0 0 0 0 0 0 190 205 112 1 0 0 0 0 221219 161531.056
0.0000000000 0.0000000000 0 0 0 0 0 0 195 207 112 1 0 0 0 0 221219 161531.256
0.0000000000 0.0000000000 0 0 0 0 0 0 86 204 112 1 0 0 0 0 221219 161531.456
0.0000000000 0.0000000000 0 0 0 0 0 0 156 212 112 1 0 0 0 0 221219 161531.657
0.0000000000 0.0000000000 0 0 0 0 0 0 28 207 112 1 0 0 0 0 221219 161531.857
0.0000000000 0.0000000000 0 0 0 0 0 0 38 210 112 1 0 0 0 0 221219 161532.057
0.0000000000 0.0000000000 0 0 0 0 0 0 227 208 112 1 0 0 0 0 221219 161532.257
0.0000000000 0.0000000000 0 0 0 0 0 0 15 211 112 1 0 0 0 0 221219 161532.457
0.0000000000 0.0000000000 0 0 0 0 0 0 119 210 112 1 0 0 0 0 221219 161532.657
0.0000000000 0.0000000000 0 0 0 0 0 0 197 211 112 1 0 0 0 0 221219 161532.858
0.0000000000 0.0000000000 0 0 0 0 0 0 182 214 112 1 0 0 0 0 221219 161533.058
0.0000000000 0.0000000000 0 0 0 0 0 0 12 215 112 1 0 0 0 0 221219 161533.258
0.0000000000 0.0000000000 0 0 0 0 0 0 54 213 112 1 0 0 0 0 221219 161533.458
0.0000000000 0.0000000000 0 0 0 0 0 0 198 254 112 1 0 0 0 0 221219 161533.658
0.0000000000 0.0000000000 0 0 0 0 0 0 216 213 112 1 0 0 0 0 221219 161533.858
0.0000000000 0.0000000000 0 0 0 0 0 0 140 212 112 1 0 0 0 0 221219 161534.058
0.0000000000 0.0000000000 0 0 0 0 0 0 87 217 112 1 0 0 0 0 221219 161534.259
0.0000000000 0.0000000000 0 0 0 0 0 0 132 211 112 1 0 0 0 0 221219 161534.459
0.0000000000 0.0000000000 0 0 0 0 0 0 175 214 112 1 0 0 0 0 221219 161534.659
0.0000000000 0.0000000000 0 0 0 0 0 0 65 214 112 1 0 0 0 0 221219 161534.859
0.0000000000 0.0000000000 0 0 0 0 0 0 71 209 112 1 0 0 0 0 221219 161535.059
0.0000000000 0.0000000000 0 0 0 0 0 0 196 215 112 1 0 0 0 0 221219 161535.259
0.0000000000 0.0000000000 0 0 0 0 0 0 186 213 112 1 0 0 0 0 221219 161535.459
0.0000000000 0.0000000000 0 0 0 0 0 0 58 218 112 1 0 0 0 0 221219 161535.660
0.0000000000 0.0000000000 0 0 0 0 0 0 169 216 112 1 0 0 0 0 221219 161535.860
0.0000000000 0.0000000000 0 0 0 0 0 0 204 221 112 1 0 0 0 0 221219 161536.060
0.0000000000 0.0000000000 0 0 0 0 0 0 122 217 112 1 0 0 0 0 221219 161536.260
0.0000000000 0.0000000000 0 0 0 0 0 0 251 218 112 1 0 0 0 0 221219 161536.460
0.0000000000 0.0000000000 0 0 0 0 0 0 15 217 112 1 0 0 0 0 221219 161536.660
0.0000000000 0.0000000000 0 0 0 0 0 0 124 217 112 1 0 0 0 0 221219 161536.860
0.0000000000 0.0000000000 0 0 0 0 0 0 202 221 112 1 0 0 0 0 221219 161537.061
0.0000000000 0.0000000000 0 0 0 0 0 0 89 221 112 1 0 0 0 0 221219 161537.261
0.0000000000 0.0000000000 0 0 0 0 0 0 159 223 112 1 0 0 0 0 221219 161537.461
0.0000000000 0.0000000000 0 0 0 0 0 0 223 219 112 1 0 0 0 0 221219 161537.661
0.0000000000 0.0000000000 0 0 0 0 0 0 114 223 112 1 0 0 0 0 221219 161537.861
0.0000000000 0.0000000000 0 0 0 0 0 0 0 220 112 1 0 0 0 0 221219 161538.061
0.0000000000 0.0000000000 0 0 0 0 0 0 251 223 112 1 0 0 0 0 221219 161538.261
0.0000000000 0.0000000000 0 0 0 0 0 0 74 222 112 1 0 0 0 0 221219 161538.462
0.0000000000 0.0000000000 0 0 0 0 0 0 224 218 112 1 0 0 0 0 221219 161538.662
0.0000000000 0.0000000000 0 0 0 0 0 0 31 221 112 1 0 0 0 0 221219 161538.862
0.0000000000 0.0000000000 0 0 0 0 0 0 133 227 112 1 0 0 0 0 221219 161539.062
0.0000000000 0.0000000000 0 0 0 0 0 0 102 223 112 1 0 0 0 0 221219 161539.262
0.0000000000 0.0000000000 0 0 0 0 0 0 120 227 112 1 0 0 0 0 221219 161539.462
0.0000000000 0.0000000000 0 0 0 0 0 0 88 222 112 1 0 0 0 0 221219 161539.662
0.0000000000 0.0000000000 0 0 0 0 0 0 185 219 112 1 0 0 0 0 221219 161539.863
0.0000000000 0.0000000000 0 0 0 0 0 0 75 222 112 1 0 0 0 0 221219 161540.063
0.0000000000 0.0000000000 0 0 0 0 0 0 102 217 112 1 0 0 0 0 221219 161540.263
0.0000000000 0.0000000000 0 0 0 0 0 0 94 222 112 1 0 0 0 0 221219 161540.463
0.0000000000 0.0000000000 0 0 0 0 0 0 121 225 112 1 0 0 0 0 221219 161540.663
0.0000000000 0.0000000000 0 0 0 0 0 0 253 234 112 1 0 0 0 0 221219 161540.863
0.0000000000 0.0000000000 0 0 0 0 0 0 229 226 112 1 0 0 0 0 221219 161541.064
0.0000000000 0.0000000000 0 0 0 0 0 0 62 235 112 1 0 0 0 0 221219 161541.264
0.0000000000 0.0000000000 0 0 0 0 0 0 8 229 112 1 0 0 0 0 221219 161541.464
0.0000000000 0.0000000000 0 0 0 0 0 0 174 225 112 1 0 0 0 0 221219 161541.664
0.0000000000 0.0000000000 0 0 0 0 0 0 243 230 112 1 0 0 0 0 221219 161541.864
0.0000000000 0.0000000000 0 0 0 0 0 0 162 231 112 1 0 0 0 0 221219 161542.064
0.0000000000 0.0000000000 0 0 0 0 0 0 3 235 112 1 0 0 0 0 221219 161542.264
0.0000000000 0.0000000000 0 0 0 0 0 0 217 232 112 1 0 0 0 0 221219 161542.465
0.0000000000 0.0000000000 0 0 0 0 0 0 7 234 112 1 0 0 0 0 221219 161542.665
0.0000000000 0.0000000000 0 0 0 0 0 0 39 235 112 1 0 0 0 0 221219 161542.865
0.0000000000 0.0000000000 0 0 0 0 0 0 7 234 112 1 0 0 0 0 221219 161543.065
0.0000000000 0.0000000000 0 0 0 0 0 0 73 240 112 1 0 0 0 0 221219 161543.265
0.0000000000 0.0000000000 0 0 0 0 0 0 182 241 112 1 0 0 0 0 221219 161543.465
0.0000000000 0.0000000000 0 0 0 0 0 0 102 235 112 1 0 0 0 0 221219 161543.665
0.0000000000 0.0000000000 0 0 0 0 0 0 250 234 112 1 0 0 0 0 221219 161543.866
0.0000000000 0.0000000000 0 0 0 0 0 0 127 235 112 1 0 0 0 0 221219 161544.066
0.0000000000 0.0000000000 0 0 0 0 0 0 102 246 112 1 0 0 0 0 221219 161544.266
0.0000000000 0.0000000000 0 0 0 0 0 0 27 241 112 1 0 0 0 0 221219 161544.466
0.0000000000 0.0000000000 0 0 0 0 0 0 159 238 112 1 0 0 0 0 221219 161544.666
0.0000000000 0.0000000000 0 0 0 0 0 0 229 241 112 1 0 0 0 0 221219 161544.866
0.0000000000 0.0000000000 0 0 0 0 0 0 85 254 112 1 0 0 0 0 221219 161545.067
0.0000000000 0.0000000000 0 0 0 0 0 0 167 246 112 1 0 0 0 0 221219 161545.267
0.0000000000 0.0000000000 0 0 0 0 0 0 29 249 112 1 0 0 0 0 221219 161545.467
0.0000000000 0.0000000000 0 0 0 0 0 0 225 240 112 1 0 0 0 0 221219 161545.667
0.0000000000 0.0000000000 0 0 0 0 0 0 242 244 112 1 0 0 0 0 221219 161545.867
0.0000000000 0.0000000000 0 0 0 0 0 0 50 245 112 1 0 0 0 0 221219 161546.067
0.0000000000 0.0000000000 0 0 0 0 0 0 233 232 112 1 0 0 0 0 221219 161546.267
0.0000000000 0.0000000000 0 0 0 0 0 0 200 245 112 1 0 0 0 0 221219 161546.468
0.0000000000 0.0000000000 0 0 0 0 0 0 140 235 112 1 0 0 0 0 221219 161546.668
0.0000000000 0.0000000000 0 0 0 0 0 0 218 243 112 1 0 0 0 0 221219 161546.868
0.0000000000 0.0000000000 0 0 0 0 0 0 209 250 112 1 0 0 0 0 221219 161547.068
0.0000000000 0.0000000000 0 0 0 0 0 0 172 243 112 1 0 0 0 0 221219 161547.268
0.0000000000 0.0000000000 0 0 0 0 0 0 141 253 112 1 0 0 0 0 221219 161547.468
0.0000000000 0.0000000000 0 0 0 0 0 0 142 252 112 1 0 0 0 0 221219 161547.668
0.0000000000 0.0000000000 0 0 0 0 0 0 168 250 112 1 0 0 0 0 221219 161547.868
0.0000000000 0.0000000000 0 0 0 0 0 0 191 254 112 1 0 0 0 0 221219 161548.069
0.0000000000 0.0000000000 0 0 0 0 0 0 128 255 112 1 0 0 0 0 221219 161548.269
0.0000000000 0.0000000000 0 0 0 0 0 0 0 0 112 1 0 0 0 0 221219 161548.469
0.0000000000 0.0000000000 0 0 0 0 0 0 0 0 112 1 0 0 0 0 221219 161548.669
0.0000000000 0.0000000000 0 0 0 0 0 0 0 0 112 1 0 0 0 0 221219 161548.869
0.0000000000 0.0000000000 0 0 0 0 0 0 0 0 112 1 0 0 0 0 221219 161549.069
0.0000000000 0.0000000000 0 0 0 0 0 0 96 251 112 1 0 0 0 0 221219 161549.270
0.0000000000 0.0000000000 0 0 0 0 0 0 149 247 112 1 0 0 0 0 221219 161549.470
0.0000000000 0.0000000000 0 0 0 0 0 0 0 0 112 1 0 0 0 0 221219 161549.670
0.0000000000 0.0000000000 0 0 0 0 0 0 0 0 112 1 0 0 0 0 221219 161549.870
0.0000000000 0.0000000000 0 0 0 0 0 0 0 0 112 1 0 0 0 0 221219 161550.070
0.0000000000 0.0000000000 0 0 0 0 0 0 0 0 112 1 0 0 0 0 221219 161550.270
0.0000000000 0.0000000000 0 0 0 0 0 0 0 0 112 1 0 0 0 0 221219 161550.470
0.0000000000 0.0000000000 0 0 0 0 0 0 0 0 112 1 0 0 0 0 221219 161550.671
0.0000000000 0.0000000000 0 0 0 0 0 0 0 0 112 1 0 0 0 0 221219 161550.871
0.0000000000 0.0000000000 0 0 0 0 0 0 0 0 112 1 0 0 0 0 221219 161551.071
0.0000000000 0.0000000000 0 0 0 0 0 0 0 0 112 1 0 0 0 0 221219 161551.271
0.0000000000 0.0000000000 0 0 0 0 0 0 0 0 112 1 0 0 0 0 221219 161551.471
0.0000000000 0.0000000000 0 0 0 0 0 0 0 0 112 1 0 0 0 0 221219 161551.671
0.0000000000 0.0000000000 0 0 0 0 0 0 0 0 112 1 0 0 0 0 221219 161551.871
0.0000000000 0.0000000000 0 0 0 0 0 0 0 0 112 1 0 0 0 0 221219 161552.072
0.0000000000 0.0000000000 0 0 0 0 0 0 193 242 112 1 0 0 0 0 221219 161552.272
0.0000000000 0.0000000000 0 0 0 0 0 0 163 242 112 1 0 0 0 0 221219 161552.472
0.0000000000 0.0000000000 0 0 0 0 0 0 229 243 112 1 0 0 0 0 221219 161552.672
0.0000000000 0.0000000000 0 0 0 0 0 0 41 242 112 1 0 0 0 0 221219 161552.872
0.0000000000 0.0000000000 0 0 0 0 0 0 4 246 112 1 0 0 0 0 221219 161553.072
0.0000000000 0.0000000000 0 0 0 0 0 0 172 241 112 1 0 0 0 0 221219 161553.272
0.0000000000 0.0000000000 0 0 0 0 0 0 126 242 112 1 0 0 0 0 221219 161553.473
0.0000000000 0.0000000000 0 0 0 0 0 0 46 243 112 1 0 0 0 0 221219 161553.673
0.0000000000 0.0000000000 0 0 0 0 0 0 57 242 112 1 0 0 0 0 221219 161553.873
0.0000000000 0.0000000000 0 0 0 0 0 0 12 232 112 1 0 0 0 0 221219 161554.073
0.0000000000 0.0000000000 0 0 0 0 0 0 199 230 112 1 0 0 0 0 221219 161554.273
0.0000000000 0.0000000000 0 0 0 0 0 0 175 229 112 1 0 0 0 0 221219 161554.473
0.0000000000 0.0000000000 0 0 0 0 0 0 10 231 112 1 0 0 0 0 221219 161554.673
0.0000000000 0.0000000000 0 0 0 0 0 0 18 229 112 1 0 0 0 0 221219 161554.874
0.0000000000 0.0000000000 0 0 0 0 0 0 62 229 112 1 0 0 0 0 221219 161555.074
0.0000000000 0.0000000000 0 0 0 0 0 0 121 225 112 1 0 0 0 0 221219 161555.274
0.0000000000 0.0000000000 0 0 0 0 0 0 57 226 112 1 0 0 0 0 221219 161555.474
0.0000000000 0.0000000000 0 0 0 0 0 0 240 223 112 1 0 0 0 0 221219 161555.674
0.0000000000 0.0000000000 0 0 0 0 0 0 211 222 112 1 0 0 0 0 221219 161555.874
0.0000000000 0.0000000000 0 0 0 0 0 0 237 223 112 1 0 0 0 0 221219 161556.074
0.0000000000 0.0000000000 0 0 0 0 0 0 1 225 112 1 0 0 0 0 221219 161556.275
0.0000000000 0.0000000000 0 0 0 0 0 0 190 222 112 1 0 0 0 0 221219 161556.475
0.0000000000 0.0000000000 0 0 0 0 0 0 254 222 112 1 0 0 0 0 221219 161556.675
0.0000000000 0.0000000000 0 0 0 0 0 0 244 218 112 1 0 0 0 0 221219 161556.875
0.0000000000 0.0000000000 0 0 0 0 0 0 172 219 112 1 0 0 0 0 221219 161557.075
0.0000000000 0.0000000000 0 0 0 0 0 0 12 222 112 1 0 0 0 0 221219 161557.275
0.0000000000 0.0000000000 0 0 0 0 0 0 6 214 112 1 0 0 0 0 221219 161557.476
0.0000000000 0.0000000000 0 0 0 0 0 0 151 212 112 1 0 0 0 0 221219 161557.676
0.0000000000 0.0000000000 0 0 0 0 0 0 0 0 127 0 0 0 0 0 221219 161557.876
0.0000000000 0.0000000000 0 0 0 0 0 0 0 0 127 0 0 0 0 0 221219 161558.076
0.0000000000 0.0000000000 0 0 0 0 0 0 0 0 127 0 0 0 0 0 221219 161558.276
0.0000000000 0.0000000000 0 0 0 0 0 0 0 0 127 0 0 0 0 0 221219 161558.477
0.0000000000 0.0000000000 0 0 0 0 0 0 0 0 127 0 0 0 0 0 221219 161558.677
0.0000000000 0.0000000000 0 0 0 0 0 0 0 0 127 0 0 0 0 0 221219 161558.877
0.0000000000 0.0000000000 0 0 0 0 0 0 0 0 127 0 0 0 0 0 221219 161559.077
0.0000000000 0.0000000000 0 0 0 0 0 0 0 0 127 0 0 0 0 0 221219 161559.277
0.0000000000 0.0000000000 0 0 0 0 0 0 0 0 127 0 0 0 0 0 221219 161559.477
0.0000000000 0.0000000000 0 0 0 0 0 0 0 0 127 0 0 0 0 0 221219 161559.678
0.0000000000 0.0000000000 0 0 0 0 0 0 0 0 127 0 0 0 0 0 221219 161559.878
0.0000000000 0.0000000000 0 0 0 0 0 0 0 0 127 0 0 0 0 0 221219 161600.078
0.0000000000 0.0000000000 0 0 0 0 0 0 0 0 127 0 0 0 0 0 221219 161600.278
0.0000000000 0.0000000000 0 0 0 0 0 0 0 0 127 0 0 0 0 0 221219 161600.478
0.0000000000 0.0000000000 0 0 0 0 0 0 0 0 127 0 0 0 0 0 221219 161600.678
0.0000000000 0.0000000000 0 0 0 0 0 0 0 0 127 0 0 0 0 0 221219 161600.879
0.0000000000 0.0000000000 0 0 0 0 0 0 0 0 127 0 0 0 0 0 221219 161601.079
0.0000000000 0.0000000000 0 0 0 0 0 0 0 0 127 0 0 0 0 0 221219 161601.279
0.0000000000 0.0000000000 0 0 0 0 0 0 0 0 127 0 0 0 0 0 221219 161601.479
0.0000000000 0.0000000000 0 0 0 0 0 0 0 0 127 0 0 0 0 0 221219 161601.679
0.0000000000 0.0000000000 0 0 0 0 0 0 0 0 127 0 0 0 0 0 221219 161601.879
0.0000000000 0.0000000000 0 0 0 0 0 0 0 0 127 0 0 0 0 0 221219 161602.079
0.0000000000 0.0000000000 0 0 0 0 0 0 0 0 127 0 0 0 0 0 221219 161602.280
0.0000000000 0.0000000000 0 0 0 0 0 0 0 0 127 0 0 0 0 0 221219 161602.480
0.0000000000 0.0000000000 0 0 0 0 0 0 0 0 127 0 0 0 0 0 221219 161602.680
0.0000000000 0.0000000000 0 0 0 0 0 0 0 0 127 0 0 0 0 0 221219 161602.880
0.0000000000 0.0000000000 0 0 0 0 0 0 0 0 127 0 0 0 0 0 221219 161603.080
0.0000000000 0.0000000000 0 0 0 0 0 0 0 0 127 0 0 0 0 0 221219 161603.280
0.0000000000 0.0000000000 0 0 0 0 0 0 0 0 127 0 0 0 0 0 221219 161603.480
0.0000000000 0.0000000000 0 0 0 0 0 0 0 0 127 0 0 0 0 0 221219 161603.680
0.0000000000 0.0000000000 0 0 0 0 0 0 0 0 127 0 0 0 0 0 221219 161603.881
0.0000000000 0.0000000000 0 0 0 0 0 0 0 0 127 0 0 0 0 0 221219 161604.081
0.0000000000 0.0000000000 0 0 0 0 0 0 0 0 127 0 0 0 0 0 221219 161604.281
0.0000000000 0.0000000000 0 0 0 0 0 0 0 0 127 0 0 0 0 0 221219 161604.481
0.0000000000 0.0000000000 0 0 0 0 0 0 0 0 127 0 0 0 0 0 221219 161604.681
0.0000000000 0.0000000000 0 0 0 0 0 0 0 0 127 0 0 0 0 0 221219 161604.881
0.0000000000 0.0000000000 0 0 0 0 0 0 0 0 127 0 0 0 0 0 221219 161605.082
0.0000000000 0.0000000000 0 0 0 0 0 0 0 0 127 0 0 0 0 0 221219 161605.282
0.0000000000 0.0000000000 0 0 0 0 0 0 0 0 127 0 0 0 0 0 221219 161605.482
0.0000000000 0.0000000000 0 0 0 0 0 0 0 0 127 0 0 0 0 0 221219 161605.682
0.0000000000 0.0000000000 0 0 0 0 0 0 0 0 127 0 0 0 0 0 221219 161605.882
0.0000000000 0.0000000000 0 0 0 0 0 0 0 0 127 0 0 0 0 0 221219 161606.082
0.0000000000 0.0000000000 0 0 0 0 0 0 0 0 127 0 0 0 0 0 221219 161606.283
0.0000000000 0.0000000000 0 0 0 0 0 0 0 0 127 0 0 0 0 0 221219 161606.483
0.0000000000 0.0000000000 0 0 0 0 0 0 0 0 127 0 0 0 0 0 221219 161606.683
0.0000000000 0.0000000000 0 0 0 0 0 0 0 0 127 0 0 0 0 0 221219 161606.883
0.0000000000 0.0000000000 0 0 0 0 0 0 0 0 127 0 0 0 0 0 221219 161607.083
0.0000000000 0.0000000000 0 0 0 0 0 0 0 0 127 0 0 0 0 0 221219 161607.283
