0.0000000000 0.0000000000 0 0 0 0 0 0 143 7 112 1 0 0 0 0 071219 153938.719
0.0000000000 0.0000000000 0 0 0 0 0 0 244 8 112 1 0 0 0 0 071219 153938.919
0.0000000000 0.0000000000 0 0 0 0 0 0 39 9 112 1 0 0 0 0 071219 153939.119
0.0000000000 0.0000000000 0 0 0 0 0 0 120 8 112 1 0 0 0 0 071219 153939.319
0.0000000000 0.0000000000 0 0 0 0 0 0 232 7 112 1 0 0 0 0 071219 153939.519
0.0000000000 0.0000000000 0 0 0 0 0 0 247 10 112 1 0 0 0 0 071219 153939.720
0.0000000000 0.0000000000 0 0 0 0 0 0 87 8 112 1 0 0 0 0 071219 153939.920
0.0000000000 0.0000000000 0 0 0 0 0 0 104 10 112 1 0 0 0 0 071219 153940.120
0.0000000000 0.0000000000 0 0 0 0 0 0 12 9 112 1 0 0 0 0 071219 153940.320
0.0000000000 0.0000000000 0 0 0 0 0 0 93 5 112 1 0 0 0 0 071219 153940.520
0.0000000000 0.0000000000 0 0 0 0 0 0 82 12 112 1 0 0 0 0 071219 153940.720
0.0000000000 0.0000000000 0 0 0 0 0 0 204 8 112 1 0 0 0 0 071219 153940.920
0.0000000000 0.0000000000 0 0 0 0 0 0 8 9 112 1 0 0 0 0 071219 153941.121
0.0000000000 0.0000000000 0 0 0 0 0 0 139 9 112 1 0 0 0 0 071219 153941.321
0.0000000000 0.0000000000 0 0 0 0 0 0 77 9 112 1 0 0 0 0 071219 153941.521
0.0000000000 0.0000000000 0 0 0 0 0 0 109 9 112 1 0 0 0 0 071219 153941.721
0.0000000000 0.0000000000 0 0 0 0 0 0 197 9 112 1 0 0 0 0 071219 153941.921
0.0000000000 0.0000000000 0 0 0 0 0 0 162 10 112 1 0 0 0 0 071219 153942.121
0.0000000000 0.0000000000 0 0 0 0 0 0 101 8 112 1 0 0 0 0 071219 153942.321
0.0000000000 0.0000000000 0 0 0 0 0 0 171 9 112 1 0 0 0 0 071219 153942.522
0.0000000000 0.0000000000 0 0 0 0 0 0 205 9 112 1 0 0 0 0 071219 153942.722
0.0000000000 0.0000000000 0 0 0 0 0 0 137 8 112 1 0 0 0 0 071219 153942.922
0.0000000000 0.0000000000 0 0 0 0 0 0 249 8 112 1 0 0 0 0 071219 153943.122
0.0000000000 0.0000000000 0 0 0 0 0 0 144 7 112 1 0 0 0 0 071219 153943.322
0.0000000000 0.0000000000 0 0 0 0 0 0 117 10 112 1 0 0 0 0 071219 153943.522
0.0000000000 0.0000000000 0 0 0 0 0 0 106 9 112 1 0 0 0 0 071219 153943.722
0.0000000000 0.0000000000 0 0 0 0 0 0 139 7 112 1 0 0 0 0 071219 153943.923
0.0000000000 0.0000000000 0 0 0 0 0 0 211 7 112 1 0 0 0 0 071219 153944.123
0.0000000000 0.0000000000 0 0 0 0 0 0 158 9 112 1 0 0 0 0 071219 153944.323
0.0000000000 0.0000000000 0 0 0 0 0 0 134 9 112 1 0 0 0 0 071219 153944.523
0.0000000000 0.0000000000 0 0 0 0 0 0 123 8 112 1 0 0 0 0 071219 153944.723
0.0000000000 0.0000000000 0 0 0 0 0 0 87 9 112 1 0 0 0 0 071219 153944.923
0.0000000000 0.0000000000 0 0 0 0 0 0 107 8 112 1 0 0 0 0 071219 153945.123
0.0000000000 0.0000000000 0 0 0 0 0 0 44 10 112 1 0 0 0 0 071219 153945.324
0.0000000000 0.0000000000 0 0 0 0 0 0 233 8 112 1 0 0 0 0 071219 153945.524
0.0000000000 0.0000000000 0 0 0 0 0 0 79 9 112 1 0 0 0 0 071219 153945.724
0.0000000000 0.0000000000 0 0 0 0 0 0 109 9 112 1 0 0 0 0 071219 153945.924
0.0000000000 0.0000000000 0 0 0 0 0 0 29 8 112 1 0 0 0 0 071219 153946.124
0.0000000000 0.0000000000 0 0 0 0 0 0 60 9 112 1 0 0 0 0 071219 153946.324
0.0000000000 0.0000000000 0 0 0 0 0 0 166 9 112 1 0 0 0 0 071219 153946.524
0.0000000000 0.0000000000 0 0 0 0 0 0 73 9 112 1 0 0 0 0 071219 153946.725
0.0000000000 0.0000000000 0 0 0 0 0 0 84 9 112 1 0 0 0 0 071219 153946.925
0.0000000000 0.0000000000 0 0 0 0 0 0 220 7 112 1 0 0 0 0 071219 153947.125
0.0000000000 0.0000000000 0 0 0 0 0 0 121 9 112 1 0 0 0 0 071219 153947.325
0.0000000000 0.0000000000 0 0 0 0 0 0 189 8 112 1 0 0 0 0 071219 153947.525
0.0000000000 0.0000000000 0 0 0 0 0 0 110 11 112 1 0 0 0 0 071219 153947.725
0.0000000000 0.0000000000 0 0 0 0 0 0 46 8 112 1 0 0 0 0 071219 153947.925
0.0000000000 0.0000000000 0 0 0 0 0 0 178 8 112 1 0 0 0 0 071219 153948.126
0.0000000000 0.0000000000 0 0 0 0 0 0 71 8 112 1 0 0 0 0 071219 153948.326
0.0000000000 0.0000000000 0 0 0 0 0 0 212 10 112 1 0 0 0 0 071219 153948.526
0.0000000000 0.0000000000 0 0 0 0 0 0 48 10 112 1 0 0 0 0 071219 153948.726
0.0000000000 0.0000000000 0 0 0 0 0 0 77 9 112 1 0 0 0 0 071219 153948.926
0.0000000000 0.0000000000 0 0 0 0 0 0 100 7 112 1 0 0 0 0 071219 153949.126
0.0000000000 0.0000000000 0 0 0 0 0 0 157 8 112 1 0 0 0 0 071219 153949.327
0.0000000000 0.0000000000 0 0 0 0 0 0 186 9 112 1 0 0 0 0 071219 153949.527
0.0000000000 0.0000000000 0 0 0 0 0 0 173 9 112 1 0 0 0 0 071219 153949.727
0.0000000000 0.0000000000 0 0 0 0 0 0 71 10 112 1 0 0 0 0 071219 153949.927
0.0000000000 0.0000000000 0 0 0 0 0 0 134 8 112 1 0 0 0 0 071219 153950.127
0.0000000000 0.0000000000 0 0 0 0 0 0 165 8 112 1 0 0 0 0 071219 153950.328
0.0000000000 0.0000000000 0 0 0 0 0 0 188 7 112 1 0 0 0 0 071219 153950.528
0.0000000000 0.0000000000 0 0 0 0 0 0 185 8 112 1 0 0 0 0 071219 153950.728
0.0000000000 0.0000000000 0 0 0 0 0 0 209 9 112 1 0 0 0 0 071219 153950.928
0.0000000000 0.0000000000 0 0 0 0 0 0 5 10 112 1 0 0 0 0 071219 153951.128
0.0000000000 0.0000000000 0 0 0 0 0 0 213 9 112 1 0 0 0 0 071219 153951.328
0.0000000000 0.0000000000 0 0 0 0 0 0 78 10 112 1 0 0 0 0 071219 153951.529
0.0000000000 0.0000000000 0 0 0 0 0 0 163 6 112 1 0 0 0 0 071219 153951.729
0.0000000000 0.0000000000 0 0 0 0 0 0 17 10 112 1 0 0 0 0 071219 153951.929
0.0000000000 0.0000000000 0 0 0 0 0 0 153 8 112 1 0 0 0 0 071219 153952.129
0.0000000000 0.0000000000 0 0 0 0 0 0 54 9 112 1 0 0 0 0 071219 153952.329
0.0000000000 0.0000000000 0 0 0 0 0 0 152 9 112 1 0 0 0 0 071219 153952.529
0.0000000000 0.0000000000 0 0 0 0 0 0 104 10 112 1 0 0 0 0 071219 153952.729
0.0000000000 0.0000000000 0 0 0 0 0 0 37 8 112 1 0 0 0 0 071219 153952.930
0.0000000000 0.0000000000 0 0 0 0 0 0 72 10 112 1 0 0 0 0 071219 153953.130
0.0000000000 0.0000000000 0 0 0 0 0 0 67 8 112 1 0 0 0 0 071219 153953.330
0.0000000000 0.0000000000 0 0 0 0 0 0 126 9 112 1 0 0 0 0 071219 153953.530
0.0000000000 0.0000000000 0 0 0 0 0 0 98 9 112 1 0 0 0 0 071219 153953.730
0.0000000000 0.0000000000 0 0 0 0 0 0 94 8 112 1 0 0 0 0 071219 153953.930
0.0000000000 0.0000000000 0 0 0 0 0 0 86 8 112 1 0 0 0 0 071219 153954.130
0.0000000000 0.0000000000 0 0 0 0 0 0 186 9 112 1 0 0 0 0 071219 153954.331
0.0000000000 0.0000000000 0 0 0 0 0 0 4 8 112 1 0 0 0 0 071219 153954.531
0.0000000000 0.0000000000 0 0 0 0 0 0 121 8 112 1 0 0 0 0 071219 153954.731
0.0000000000 0.0000000000 0 0 0 0 0 0 60 11 112 1 0 0 0 0 071219 153954.931
0.0000000000 0.0000000000 0 0 0 0 0 0 136 9 112 1 0 0 0 0 071219 153955.131
0.0000000000 0.0000000000 0 0 0 0 0 0 18 10 112 1 0 0 0 0 071219 153955.331
0.0000000000 0.0000000000 0 0 0 0 0 0 90 7 112 1 0 0 0 0 071219 153955.531
0.0000000000 0.0000000000 0 0 0 0 0 0 202 9 112 1 0 0 0 0 071219 153955.731
0.0000000000 0.0000000000 0 0 0 0 0 0 128 10 112 1 0 0 0 0 071219 153955.932
0.0000000000 0.0000000000 0 0 0 0 0 0 33 8 112 1 0 0 0 0 071219 153956.132
