0.0000000000 0.0000000000 0 0 0 0 0 0 174 10 112 1 0 0 0 0 030619 155213.365
0.0000000000 0.0000000000 0 0 0 0 0 0 119 10 112 1 0 0 0 0 030619 155213.565
0.0000000000 0.0000000000 0 0 0 0 0 0 90 10 112 1 0 0 0 0 030619 155213.766
0.0000000000 0.0000000000 0 0 0 0 0 0 61 10 112 1 0 0 0 0 030619 155213.966
0.0000000000 0.0000000000 0 0 0 0 0 0 41 10 112 1 0 0 0 0 030619 155214.166
0.0000000000 0.0000000000 0 0 0 0 0 0 19 10 112 1 0 0 0 0 030619 155214.366
0.0000000000 0.0000000000 0 0 0 0 0 0 248 9 112 1 0 0 0 0 030619 155214.567
0.0000000000 0.0000000000 0 0 0 0 0 0 227 9 112 1 0 0 0 0 030619 155214.767
0.0000000000 0.0000000000 0 0 0 0 0 0 205 9 112 1 0 0 0 0 030619 155214.967
0.0000000000 0.0000000000 0 0 0 0 0 0 180 9 112 1 0 0 0 0 030619 155215.168
0.0000000000 0.0000000000 0 0 0 0 0 0 150 9 112 1 0 0 0 0 030619 155215.368
0.0000000000 0.0000000000 0 0 0 0 0 0 114 9 112 1 0 0 0 0 030619 155215.568
0.0000000000 0.0000000000 0 0 0 0 0 0 88 9 112 1 0 0 0 0 030619 155215.769
0.0000000000 0.0000000000 0 0 0 0 0 0 40 9 112 1 0 0 0 0 030619 155215.969
0.0000000000 0.0000000000 0 0 0 0 0 0 244 8 112 1 0 0 0 0 030619 155216.169
0.0000000000 0.0000000000 0 0 0 0 0 0 214 8 112 1 0 0 0 0 030619 155216.370
0.0000000000 0.0000000000 0 0 0 0 0 0 181 8 112 1 0 0 0 0 030619 155216.570
0.0000000000 0.0000000000 0 0 0 0 0 0 126 8 112 1 0 0 0 0 030619 155216.770
0.0000000000 0.0000000000 0 0 0 0 0 0 81 8 112 1 0 0 0 0 030619 155216.970
0.0000000000 0.0000000000 0 0 0 0 0 0 47 8 112 1 0 0 0 0 030619 155217.171
0.0000000000 0.0000000000 0 0 0 0 0 0 21 8 112 1 0 0 0 0 030619 155217.371
