0.0000000000 0.0000000000 0 0 0 0 0 0 25 12 112 1 0 0 0 0 040619 144401.309
0.0000000000 0.0000000000 0 0 0 0 0 0 0 17 112 1 0 0 0 0 040619 144401.509
0.0000000000 0.0000000000 0 0 0 0 0 0 154 10 112 1 0 0 0 0 040619 144401.709
0.0000000000 0.0000000000 0 0 0 0 0 0 137 14 112 1 0 0 0 0 040619 144401.909
0.0000000000 0.0000000000 0 0 0 0 0 0 164 15 112 1 0 0 0 0 040619 144402.110
0.0000000000 0.0000000000 0 0 0 0 0 0 142 14 112 1 0 0 0 0 040619 144402.310
0.0000000000 0.0000000000 0 0 0 0 0 0 95 12 112 1 0 0 0 0 040619 144402.510
0.0000000000 0.0000000000 0 0 0 0 0 0 155 12 112 1 0 0 0 0 040619 144402.710
0.0000000000 0.0000000000 0 0 0 0 0 0 120 14 112 1 0 0 0 0 040619 144402.911
0.0000000000 0.0000000000 0 0 0 0 0 0 27 13 112 1 0 0 0 0 040619 144403.111
0.0000000000 0.0000000000 0 0 0 0 0 0 217 12 112 1 0 0 0 0 040619 144403.311
0.0000000000 0.0000000000 0 0 0 0 0 0 53 8 112 1 0 0 0 0 040619 144403.511
0.0000000000 0.0000000000 0 0 0 0 0 0 128 16 112 1 0 0 0 0 040619 144403.712
0.0000000000 0.0000000000 0 0 0 0 0 0 161 33 112 1 0 0 0 0 040619 144403.912
0.0000000000 0.0000000000 0 0 0 0 0 0 80 12 112 1 0 0 0 0 040619 144404.112
0.0000000000 0.0000000000 0 0 0 0 0 0 66 22 112 1 0 0 0 0 040619 144404.312
0.0000000000 0.0000000000 0 0 0 0 0 0 45 4 112 1 0 0 0 0 040619 144404.513
0.0000000000 0.0000000000 0 0 0 0 0 0 7 10 112 1 0 0 0 0 040619 144404.713
0.0000000000 0.0000000000 0 0 0 0 0 0 52 16 112 1 0 0 0 0 040619 144404.913
0.0000000000 0.0000000000 0 0 0 0 0 0 229 27 112 1 0 0 0 0 040619 144405.113
0.0000000000 0.0000000000 0 0 0 0 0 0 189 6 112 1 0 0 0 0 040619 144405.314
0.0000000000 0.0000000000 0 0 0 0 0 0 28 38 112 1 0 0 0 0 040619 144405.514
0.0000000000 0.0000000000 0 0 0 0 0 0 250 34 112 1 0 0 0 0 040619 144405.714
0.0000000000 0.0000000000 0 0 0 0 0 0 166 255 112 1 0 0 0 0 040619 144405.914
0.0000000000 0.0000000000 0 0 0 0 0 0 163 5 112 1 0 0 0 0 040619 144406.115
0.0000000000 0.0000000000 0 0 0 0 0 0 89 250 112 1 0 0 0 0 040619 144406.315
0.0000000000 0.0000000000 0 0 0 0 0 0 30 1 112 1 0 0 0 0 040619 144406.515
0.0000000000 0.0000000000 0 0 0 0 0 0 203 244 112 1 0 0 0 0 040619 144406.715
0.0000000000 0.0000000000 0 0 0 0 0 0 73 37 112 1 0 0 0 0 040619 144406.915
0.0000000000 0.0000000000 0 0 0 0 0 0 131 22 112 1 0 0 0 0 040619 144407.116
0.0000000000 0.0000000000 0 0 0 0 0 0 27 10 112 1 0 0 0 0 040619 144407.316
0.0000000000 0.0000000000 0 0 0 0 0 0 59 255 112 1 0 0 0 0 040619 144407.516
0.0000000000 0.0000000000 0 0 0 0 0 0 196 19 112 1 0 0 0 0 040619 144407.717
0.0000000000 0.0000000000 0 0 0 0 0 0 69 20 112 1 0 0 0 0 040619 144407.917
0.0000000000 0.0000000000 0 0 0 0 0 0 117 35 112 1 0 0 0 0 040619 144408.117
0.0000000000 0.0000000000 0 0 0 0 0 0 116 16 112 1 0 0 0 0 040619 144408.317
0.0000000000 0.0000000000 0 0 0 0 0 0 122 254 112 1 0 0 0 0 040619 144408.518
0.0000000000 0.0000000000 0 0 0 0 0 0 31 253 112 1 0 0 0 0 040619 144408.718
0.0000000000 0.0000000000 0 0 0 0 0 0 143 251 112 1 0 0 0 0 040619 144408.918
0.0000000000 0.0000000000 0 0 0 0 0 0 180 249 112 1 0 0 0 0 040619 144409.118
0.0000000000 0.0000000000 0 0 0 0 0 0 2 8 112 1 0 0 0 0 040619 144409.319
0.0000000000 0.0000000000 0 0 0 0 0 0 203 1 112 1 0 0 0 0 040619 144409.519
0.0000000000 0.0000000000 0 0 0 0 0 0 25 7 112 1 0 0 0 0 040619 144409.719
0.0000000000 0.0000000000 0 0 0 0 0 0 200 10 112 1 0 0 0 0 040619 144409.919
0.0000000000 0.0000000000 0 0 0 0 0 0 82 15 112 1 0 0 0 0 040619 144410.120
0.0000000000 0.0000000000 0 0 0 0 0 0 183 16 112 1 0 0 0 0 040619 144410.320
0.0000000000 0.0000000000 0 0 0 0 0 0 40 249 112 1 0 0 0 0 040619 144410.520
0.0000000000 0.0000000000 0 0 0 0 0 0 185 244 112 1 0 0 0 0 040619 144410.720
0.0000000000 0.0000000000 0 0 0 0 0 0 20 6 112 1 0 0 0 0 040619 144410.921
0.0000000000 0.0000000000 0 0 0 0 0 0 197 3 112 1 0 0 0 0 040619 144411.121
0.0000000000 0.0000000000 0 0 0 0 0 0 174 241 112 1 0 0 0 0 040619 144411.321
0.0000000000 0.0000000000 0 0 0 0 0 0 138 0 112 1 0 0 0 0 040619 144411.521
0.0000000000 0.0000000000 0 0 0 0 0 0 0 0 112 1 0 0 0 0 040619 144411.722
0.0000000000 0.0000000000 0 0 0 0 0 0 0 0 112 1 0 0 0 0 040619 144411.922
0.0000000000 0.0000000000 0 0 0 0 0 0 0 0 112 1 0 0 0 0 040619 144412.122
0.0000000000 0.0000000000 0 0 0 0 0 0 0 0 112 1 0 0 0 0 040619 144412.322
0.0000000000 0.0000000000 0 0 0 0 0 0 0 0 112 1 0 0 0 0 040619 144412.523
0.0000000000 0.0000000000 0 0 0 0 0 0 0 0 112 1 0 0 0 0 040619 144412.723
0.0000000000 0.0000000000 0 0 0 0 0 0 0 0 112 1 0 0 0 0 040619 144412.923
0.0000000000 0.0000000000 0 0 0 0 0 0 0 0 112 1 0 0 0 0 040619 144413.123
0.0000000000 0.0000000000 0 0 0 0 0 0 0 0 112 1 0 0 0 0 040619 144413.323
0.0000000000 0.0000000000 0 0 0 0 0 0 0 0 112 1 0 0 0 0 040619 144413.524
0.0000000000 0.0000000000 0 0 0 0 0 0 0 0 112 1 0 0 0 0 040619 144413.724
0.0000000000 0.0000000000 0 0 0 0 0 0 17 239 112 1 0 0 0 0 040619 144413.925
0.0000000000 0.0000000000 0 0 0 0 0 0 81 235 112 1 0 0 0 0 040619 144414.125
0.0000000000 0.0000000000 0 0 0 0 0 0 185 4 112 1 0 0 0 0 040619 144414.325
0.0000000000 0.0000000000 0 0 0 0 0 0 1 247 112 1 0 0 0 0 040619 144414.525
0.0000000000 0.0000000000 0 0 0 0 0 0 13 244 112 1 0 0 0 0 040619 144414.726
0.0000000000 0.0000000000 0 0 0 0 0 0 125 4 112 1 0 0 0 0 040619 144414.926
0.0000000000 0.0000000000 0 0 0 0 0 0 233 7 112 1 0 0 0 0 040619 144415.126
0.0000000000 0.0000000000 0 0 0 0 0 0 160 249 112 1 0 0 0 0 040619 144415.326
0.0000000000 0.0000000000 0 0 0 0 0 0 197 242 112 1 0 0 0 0 040619 144415.527
0.0000000000 0.0000000000 0 0 0 0 0 0 91 250 112 1 0 0 0 0 040619 144415.727
0.0000000000 0.0000000000 0 0 0 0 0 0 115 1 112 1 0 0 0 0 040619 144415.927
0.0000000000 0.0000000000 0 0 0 0 0 0 42 247 112 1 0 0 0 0 040619 144416.127
0.0000000000 0.0000000000 0 0 0 0 0 0 35 229 112 1 0 0 0 0 040619 144416.327
0.0000000000 0.0000000000 0 0 0 0 0 0 76 231 112 1 0 0 0 0 040619 144416.528
0.0000000000 0.0000000000 0 0 0 0 0 0 121 240 112 1 0 0 0 0 040619 144416.728
0.0000000000 0.0000000000 0 0 0 0 0 0 166 255 112 1 0 0 0 0 040619 144416.928
0.0000000000 0.0000000000 0 0 0 0 0 0 134 9 112 1 0 0 0 0 040619 144417.128
0.0000000000 0.0000000000 0 0 0 0 0 0 48 12 112 1 0 0 0 0 040619 144417.329
0.0000000000 0.0000000000 0 0 0 0 0 0 95 10 112 1 0 0 0 0 040619 144417.529
0.0000000000 0.0000000000 0 0 0 0 0 0 30 255 112 1 0 0 0 0 040619 144417.729
0.0000000000 0.0000000000 0 0 0 0 0 0 80 7 112 1 0 0 0 0 040619 144417.929
0.0000000000 0.0000000000 0 0 0 0 0 0 0 0 112 1 0 0 0 0 040619 144418.130
0.0000000000 0.0000000000 0 0 0 0 0 0 0 0 112 1 0 0 0 0 040619 144418.330
0.0000000000 0.0000000000 0 0 0 0 0 0 0 0 112 1 0 0 0 0 040619 144418.530
0.0000000000 0.0000000000 0 0 0 0 0 0 0 0 112 1 0 0 0 0 040619 144418.730
0.0000000000 0.0000000000 0 0 0 0 0 0 0 0 112 1 0 0 0 0 040619 144418.931
0.0000000000 0.0000000000 0 0 0 0 0 0 0 0 112 1 0 0 0 0 040619 144419.131
0.0000000000 0.0000000000 0 0 0 0 0 0 0 0 112 1 0 0 0 0 040619 144419.331
0.0000000000 0.0000000000 0 0 0 0 0 0 0 0 112 1 0 0 0 0 040619 144419.531
0.0000000000 0.0000000000 0 0 0 0 0 0 0 0 112 1 0 0 0 0 040619 144419.732
0.0000000000 0.0000000000 0 0 0 0 0 0 0 0 112 1 0 0 0 0 040619 144419.932
0.0000000000 0.0000000000 0 0 0 0 0 0 0 0 112 1 0 0 0 0 040619 144420.132
0.0000000000 0.0000000000 0 0 0 0 0 0 0 0 112 1 0 0 0 0 040619 144420.332
0.0000000000 0.0000000000 0 0 0 0 0 0 0 0 112 1 0 0 0 0 040619 144420.532
0.0000000000 0.0000000000 0 0 0 0 0 0 0 0 112 1 0 0 0 0 040619 144420.733
0.0000000000 0.0000000000 0 0 0 0 0 0 0 0 112 1 0 0 0 0 040619 144420.933
0.0000000000 0.0000000000 0 0 0 0 0 0 0 0 112 1 0 0 0 0 040619 144421.133
0.0000000000 0.0000000000 0 0 0 0 0 0 0 0 112 1 0 0 0 0 040619 144421.333
0.0000000000 0.0000000000 0 0 0 0 0 0 0 0 112 1 0 0 0 0 040619 144421.533
0.0000000000 0.0000000000 0 0 0 0 0 0 0 0 112 1 0 0 0 0 040619 144421.734
0.0000000000 0.0000000000 0 0 0 0 0 0 0 0 112 1 0 0 0 0 040619 144421.934
0.0000000000 0.0000000000 0 0 0 0 0 0 0 0 112 1 0 0 0 0 040619 144422.134
0.0000000000 0.0000000000 0 0 0 0 0 0 0 0 112 1 0 0 0 0 040619 144422.334
0.0000000000 0.0000000000 0 0 0 0 0 0 0 0 112 1 0 0 0 0 040619 144422.535
0.0000000000 0.0000000000 0 0 0 0 0 0 0 0 112 1 0 0 0 0 040619 144422.735
0.0000000000 0.0000000000 0 0 0 0 0 0 0 0 112 1 0 0 0 0 040619 144422.935
0.0000000000 0.0000000000 0 0 0 0 0 0 191 14 112 1 0 0 0 0 040619 144423.135
0.0000000000 0.0000000000 0 0 0 0 0 0 60 28 112 1 0 0 0 0 040619 144423.336
0.0000000000 0.0000000000 0 0 0 0 0 0 29 30 112 1 0 0 0 0 040619 144423.536
0.0000000000 0.0000000000 0 0 0 0 0 0 103 16 112 1 0 0 0 0 040619 144423.736
0.0000000000 0.0000000000 0 0 0 0 0 0 103 10 112 1 0 0 0 0 040619 144423.936
0.0000000000 0.0000000000 0 0 0 0 0 0 252 247 112 1 0 0 0 0 040619 144424.137
0.0000000000 0.0000000000 0 0 0 0 0 0 26 0 112 1 0 0 0 0 040619 144424.337
0.0000000000 0.0000000000 0 0 0 0 0 0 246 239 112 1 0 0 0 0 040619 144424.537
0.0000000000 0.0000000000 0 0 0 0 0 0 9 5 112 1 0 0 0 0 040619 144424.737
0.0000000000 0.0000000000 0 0 0 0 0 0 30 18 112 1 0 0 0 0 040619 144424.937
0.0000000000 0.0000000000 0 0 0 0 0 0 76 10 112 1 0 0 0 0 040619 144425.138
0.0000000000 0.0000000000 0 0 0 0 0 0 217 3 112 1 0 0 0 0 040619 144425.338
0.0000000000 0.0000000000 0 0 0 0 0 0 112 13 112 1 0 0 0 0 040619 144425.538
0.0000000000 0.0000000000 0 0 0 0 0 0 177 7 112 1 0 0 0 0 040619 144425.738
0.0000000000 0.0000000000 0 0 0 0 0 0 254 10 112 1 0 0 0 0 040619 144425.939
0.0000000000 0.0000000000 0 0 0 0 0 0 26 30 112 1 0 0 0 0 040619 144426.139
0.0000000000 0.0000000000 0 0 0 0 0 0 79 0 112 1 0 0 0 0 040619 144426.339
0.0000000000 0.0000000000 0 0 0 0 0 0 218 21 112 1 0 0 0 0 040619 144426.539
0.0000000000 0.0000000000 0 0 0 0 0 0 138 11 112 1 0 0 0 0 040619 144426.740
0.0000000000 0.0000000000 0 0 0 0 0 0 28 232 112 1 0 0 0 0 040619 144426.940
0.0000000000 0.0000000000 0 0 0 0 0 0 138 2 112 1 0 0 0 0 040619 144427.140
0.0000000000 0.0000000000 0 0 0 0 0 0 223 8 112 1 0 0 0 0 040619 144427.340
0.0000000000 0.0000000000 0 0 0 0 0 0 76 7 112 1 0 0 0 0 040619 144427.541
0.0000000000 0.0000000000 0 0 0 0 0 0 252 11 112 1 0 0 0 0 040619 144427.741
0.0000000000 0.0000000000 0 0 0 0 0 0 14 15 112 1 0 0 0 0 040619 144427.941
0.0000000000 0.0000000000 0 0 0 0 0 0 34 18 112 1 0 0 0 0 040619 144428.141
0.0000000000 0.0000000000 0 0 0 0 0 0 55 18 112 1 0 0 0 0 040619 144428.341
0.0000000000 0.0000000000 0 0 0 0 0 0 88 23 112 1 0 0 0 0 040619 144428.542
0.0000000000 0.0000000000 0 0 0 0 0 0 151 11 112 1 0 0 0 0 040619 144428.742
0.0000000000 0.0000000000 0 0 0 0 0 0 240 9 112 1 0 0 0 0 040619 144428.942
0.0000000000 0.0000000000 0 0 0 0 0 0 208 19 112 1 0 0 0 0 040619 144429.143
0.0000000000 0.0000000000 0 0 0 0 0 0 26 12 112 1 0 0 0 0 040619 144429.343
0.0000000000 0.0000000000 0 0 0 0 0 0 92 5 112 1 0 0 0 0 040619 144429.543
0.0000000000 0.0000000000 0 0 0 0 0 0 135 242 112 1 0 0 0 0 040619 144429.743
0.0000000000 0.0000000000 0 0 0 0 0 0 245 27 112 1 0 0 0 0 040619 144429.944
0.0000000000 0.0000000000 0 0 0 0 0 0 174 253 112 1 0 0 0 0 040619 144430.144
0.0000000000 0.0000000000 0 0 0 0 0 0 250 3 112 1 0 0 0 0 040619 144430.344
0.0000000000 0.0000000000 0 0 0 0 0 0 124 247 112 1 0 0 0 0 040619 144430.544
0.0000000000 0.0000000000 0 0 0 0 0 0 158 229 112 1 0 0 0 0 040619 144430.745
0.0000000000 0.0000000000 0 0 0 0 0 0 54 0 112 1 0 0 0 0 040619 144430.945
0.0000000000 0.0000000000 0 0 0 0 0 0 195 3 112 1 0 0 0 0 040619 144431.145
0.0000000000 0.0000000000 0 0 0 0 0 0 193 4 112 1 0 0 0 0 040619 144431.345
0.0000000000 0.0000000000 0 0 0 0 0 0 151 3 112 1 0 0 0 0 040619 144431.546
0.0000000000 0.0000000000 0 0 0 0 0 0 0 0 112 1 0 0 0 0 040619 144431.746
0.0000000000 0.0000000000 0 0 0 0 0 0 0 0 112 1 0 0 0 0 040619 144431.946
0.0000000000 0.0000000000 0 0 0 0 0 0 0 0 112 1 0 0 0 0 040619 144432.146
0.0000000000 0.0000000000 0 0 0 0 0 0 0 0 112 1 0 0 0 0 040619 144432.347
0.0000000000 0.0000000000 0 0 0 0 0 0 0 0 112 1 0 0 0 0 040619 144432.547
0.0000000000 0.0000000000 0 0 0 0 0 0 0 0 112 1 0 0 0 0 040619 144432.747
0.0000000000 0.0000000000 0 0 0 0 0 0 0 0 112 1 0 0 0 0 040619 144432.947
0.0000000000 0.0000000000 0 0 0 0 0 0 0 0 112 1 0 0 0 0 040619 144433.148
0.0000000000 0.0000000000 0 0 0 0 0 0 0 0 112 1 0 0 0 0 040619 144433.348
0.0000000000 0.0000000000 0 0 0 0 0 0 0 0 112 1 0 0 0 0 040619 144433.548
0.0000000000 0.0000000000 0 0 0 0 0 0 0 0 112 1 0 0 0 0 040619 144433.748
0.0000000000 0.0000000000 0 0 0 0 0 0 0 0 112 1 0 0 0 0 040619 144433.948
0.0000000000 0.0000000000 0 0 0 0 0 0 0 0 112 1 0 0 0 0 040619 144434.149
0.0000000000 0.0000000000 0 0 0 0 0 0 250 245 112 1 0 0 0 0 040619 144434.349
0.0000000000 0.0000000000 0 0 0 0 0 0 176 240 112 1 0 0 0 0 040619 144434.549
0.0000000000 0.0000000000 0 0 0 0 0 0 131 2 112 1 0 0 0 0 040619 144434.749
0.0000000000 0.0000000000 0 0 0 0 0 0 215 253 112 1 0 0 0 0 040619 144434.950
0.0000000000 0.0000000000 0 0 0 0 0 0 239 239 112 1 0 0 0 0 040619 144435.150
0.0000000000 0.0000000000 0 0 0 0 0 0 126 254 112 1 0 0 0 0 040619 144435.350
0.0000000000 0.0000000000 0 0 0 0 0 0 86 250 112 1 0 0 0 0 040619 144435.550
0.0000000000 0.0000000000 0 0 0 0 0 0 175 250 112 1 0 0 0 0 040619 144435.751
0.0000000000 0.0000000000 0 0 0 0 0 0 243 251 112 1 0 0 0 0 040619 144435.951
0.0000000000 0.0000000000 0 0 0 0 0 0 199 15 112 1 0 0 0 0 040619 144436.151
0.0000000000 0.0000000000 0 0 0 0 0 0 5 245 112 1 0 0 0 0 040619 144436.351
0.0000000000 0.0000000000 0 0 0 0 0 0 38 243 112 1 0 0 0 0 040619 144436.551
0.0000000000 0.0000000000 0 0 0 0 0 0 251 226 112 1 0 0 0 0 040619 144436.752
0.0000000000 0.0000000000 0 0 0 0 0 0 255 233 112 1 0 0 0 0 040619 144436.952
0.0000000000 0.0000000000 0 0 0 0 0 0 151 5 112 1 0 0 0 0 040619 144437.152
0.0000000000 0.0000000000 0 0 0 0 0 0 180 211 112 1 0 0 0 0 040619 144437.352
0.0000000000 0.0000000000 0 0 0 0 0 0 198 242 112 1 0 0 0 0 040619 144437.553
0.0000000000 0.0000000000 0 0 0 0 0 0 210 252 112 1 0 0 0 0 040619 144437.753
0.0000000000 0.0000000000 0 0 0 0 0 0 168 7 112 1 0 0 0 0 040619 144437.953
0.0000000000 0.0000000000 0 0 0 0 0 0 64 249 112 1 0 0 0 0 040619 144438.153
0.0000000000 0.0000000000 0 0 0 0 0 0 71 231 112 1 0 0 0 0 040619 144438.354
0.0000000000 0.0000000000 0 0 0 0 0 0 173 1 112 1 0 0 0 0 040619 144438.554
0.0000000000 0.0000000000 0 0 0 0 0 0 146 220 112 1 0 0 0 0 040619 144438.754
0.0000000000 0.0000000000 0 0 0 0 0 0 129 219 112 1 0 0 0 0 040619 144438.954
0.0000000000 0.0000000000 0 0 0 0 0 0 223 7 112 1 0 0 0 0 040619 144439.155
0.0000000000 0.0000000000 0 0 0 0 0 0 164 248 112 1 0 0 0 0 040619 144439.355
0.0000000000 0.0000000000 0 0 0 0 0 0 211 238 112 1 0 0 0 0 040619 144439.555
0.0000000000 0.0000000000 0 0 0 0 0 0 56 244 112 1 0 0 0 0 040619 144439.755
0.0000000000 0.0000000000 0 0 0 0 0 0 121 230 112 1 0 0 0 0 040619 144439.956
0.0000000000 0.0000000000 0 0 0 0 0 0 96 247 112 1 0 0 0 0 040619 144440.156
0.0000000000 0.0000000000 0 0 0 0 0 0 214 243 112 1 0 0 0 0 040619 144440.356
0.0000000000 0.0000000000 0 0 0 0 0 0 171 241 112 1 0 0 0 0 040619 144440.556
0.0000000000 0.0000000000 0 0 0 0 0 0 10 242 112 1 0 0 0 0 040619 144440.757
0.0000000000 0.0000000000 0 0 0 0 0 0 99 243 112 1 0 0 0 0 040619 144440.957
0.0000000000 0.0000000000 0 0 0 0 0 0 240 6 112 1 0 0 0 0 040619 144441.157
0.0000000000 0.0000000000 0 0 0 0 0 0 181 246 112 1 0 0 0 0 040619 144441.357
0.0000000000 0.0000000000 0 0 0 0 0 0 207 250 112 1 0 0 0 0 040619 144441.558
0.0000000000 0.0000000000 0 0 0 0 0 0 205 253 112 1 0 0 0 0 040619 144441.758
0.0000000000 0.0000000000 0 0 0 0 0 0 205 236 112 1 0 0 0 0 040619 144441.958
0.0000000000 0.0000000000 0 0 0 0 0 0 164 146 112 1 0 0 0 0 040619 144442.158
0.0000000000 0.0000000000 0 0 0 0 0 0 13 234 112 1 0 0 0 0 040619 144442.359
0.0000000000 0.0000000000 0 0 0 0 0 0 72 248 112 1 0 0 0 0 040619 144442.559
0.0000000000 0.0000000000 0 0 0 0 0 0 53 250 112 1 0 0 0 0 040619 144442.759
0.0000000000 0.0000000000 0 0 0 0 0 0 62 245 112 1 0 0 0 0 040619 144442.959
0.0000000000 0.0000000000 0 0 0 0 0 0 116 240 112 1 0 0 0 0 040619 144443.160
0.0000000000 0.0000000000 0 0 0 0 0 0 174 239 112 1 0 0 0 0 040619 144443.360
0.0000000000 0.0000000000 0 0 0 0 0 0 94 238 112 1 0 0 0 0 040619 144443.560
0.0000000000 0.0000000000 0 0 0 0 0 0 194 199 112 1 0 0 0 0 040619 144443.760
0.0000000000 0.0000000000 0 0 0 0 0 0 235 180 112 1 0 0 0 0 040619 144443.960
0.0000000000 0.0000000000 0 0 0 0 0 0 106 171 112 1 0 0 0 0 040619 144444.161
0.0000000000 0.0000000000 0 0 0 0 0 0 97 194 112 1 0 0 0 0 040619 144444.361
0.0000000000 0.0000000000 0 0 0 0 0 0 192 159 112 1 0 0 0 0 040619 144444.561
0.0000000000 0.0000000000 0 0 0 0 0 0 236 220 112 1 0 0 0 0 040619 144444.761
0.0000000000 0.0000000000 0 0 0 0 0 0 126 213 112 1 0 0 0 0 040619 144444.962
0.0000000000 0.0000000000 0 0 0 0 0 0 61 223 112 1 0 0 0 0 040619 144445.162
0.0000000000 0.0000000000 0 0 0 0 0 0 254 207 112 1 0 0 0 0 040619 144445.362
0.0000000000 0.0000000000 0 0 0 0 0 0 120 211 112 1 0 0 0 0 040619 144445.562
0.0000000000 0.0000000000 0 0 0 0 0 0 47 132 112 1 0 0 0 0 040619 144445.763
0.0000000000 0.0000000000 0 0 0 0 0 0 0 128 112 1 0 0 0 0 040619 144445.963
0.0000000000 0.0000000000 0 0 0 0 0 0 32 183 112 1 0 0 0 0 040619 144446.163
0.0000000000 0.0000000000 0 0 0 0 0 0 0 128 112 1 0 0 0 0 040619 144446.363
0.0000000000 0.0000000000 0 0 0 0 0 0 0 128 112 1 0 0 0 0 040619 144446.564
0.0000000000 0.0000000000 0 0 0 0 0 0 255 127 112 1 0 0 0 0 040619 144446.764
0.0000000000 0.0000000000 0 0 0 0 0 0 255 127 112 1 0 0 0 0 040619 144446.964
0.0000000000 0.0000000000 0 0 0 0 0 0 207 194 112 1 0 0 0 0 040619 144447.164
0.0000000000 0.0000000000 0 0 0 0 0 0 84 213 112 1 0 0 0 0 040619 144447.365
0.0000000000 0.0000000000 0 0 0 0 0 0 248 218 112 1 0 0 0 0 040619 144447.565
0.0000000000 0.0000000000 0 0 0 0 0 0 139 212 112 1 0 0 0 0 040619 144447.765
0.0000000000 0.0000000000 0 0 0 0 0 0 243 197 112 1 0 0 0 0 040619 144447.965
0.0000000000 0.0000000000 0 0 0 0 0 0 189 234 112 1 0 0 0 0 040619 144448.166
0.0000000000 0.0000000000 0 0 0 0 0 0 178 224 112 1 0 0 0 0 040619 144448.366
0.0000000000 0.0000000000 0 0 0 0 0 0 129 214 112 1 0 0 0 0 040619 144448.566
0.0000000000 0.0000000000 0 0 0 0 0 0 122 216 112 1 0 0 0 0 040619 144448.766
0.0000000000 0.0000000000 0 0 0 0 0 0 198 211 112 1 0 0 0 0 040619 144448.967
0.0000000000 0.0000000000 0 0 0 0 0 0 0 0 127 0 0 0 0 0 040619 144449.167
0.0000000000 0.0000000000 0 0 0 0 0 0 0 0 127 0 0 0 0 0 040619 144449.367
0.0000000000 0.0000000000 0 0 0 0 0 0 0 0 127 0 0 0 0 0 040619 144449.567
0.0000000000 0.0000000000 0 0 0 0 0 0 0 0 127 0 0 0 0 0 040619 144449.767
0.0000000000 0.0000000000 0 0 0 0 0 0 0 0 127 0 0 0 0 0 040619 144449.968
0.0000000000 0.0000000000 0 0 0 0 0 0 0 0 127 0 0 0 0 0 040619 144450.168
0.0000000000 0.0000000000 0 0 0 0 0 0 0 0 127 0 0 0 0 0 040619 144450.368
0.0000000000 0.0000000000 0 0 0 0 0 0 0 0 127 0 0 0 0 0 040619 144450.568
0.0000000000 0.0000000000 0 0 0 0 0 0 0 0 127 0 0 0 0 0 040619 144450.769
0.0000000000 0.0000000000 0 0 0 0 0 0 0 0 127 0 0 0 0 0 040619 144450.969
0.0000000000 0.0000000000 0 0 0 0 0 0 0 0 127 0 0 0 0 0 040619 144451.169
0.0000000000 0.0000000000 0 0 0 0 0 0 0 0 127 0 0 0 0 0 040619 144451.369
0.0000000000 0.0000000000 0 0 0 0 0 0 0 0 127 0 0 0 0 0 040619 144451.570
0.0000000000 0.0000000000 0 0 0 0 0 0 0 0 127 0 0 0 0 0 040619 144451.770
0.0000000000 0.0000000000 0 0 0 0 0 0 0 0 127 0 0 0 0 0 040619 144451.970
0.0000000000 0.0000000000 0 0 0 0 0 0 0 0 127 0 0 0 0 0 040619 144452.170
0.0000000000 0.0000000000 0 0 0 0 0 0 0 0 127 0 0 0 0 0 040619 144452.371
0.0000000000 0.0000000000 0 0 0 0 0 0 0 0 127 0 0 0 0 0 040619 144452.571
0.0000000000 0.0000000000 0 0 0 0 0 0 0 0 127 0 0 0 0 0 040619 144452.771
