0.0000000000 0.0000000000 0 0 0 0 0 0 0 0 112 1 0 0 0 0 091219 144404.712
0.0000000000 0.0000000000 0 0 0 0 0 0 0 0 112 1 0 0 0 0 091219 144404.912
0.0000000000 0.0000000000 0 0 0 0 0 0 0 0 112 1 0 0 0 0 091219 144405.113
0.0000000000 0.0000000000 0 0 0 0 0 0 0 0 112 1 0 0 0 0 091219 144405.313
0.0000000000 0.0000000000 0 0 0 0 0 0 0 0 112 1 0 0 0 0 091219 144405.513
0.0000000000 0.0000000000 0 0 0 0 0 0 0 0 112 1 0 0 0 0 091219 144405.713
0.0000000000 0.0000000000 0 0 0 0 0 0 0 0 112 1 0 0 0 0 091219 144405.914
0.0000000000 0.0000000000 0 0 0 0 0 0 0 0 112 1 0 0 0 0 091219 144406.114
0.0000000000 0.0000000000 0 0 0 0 0 0 0 0 112 1 0 0 0 0 091219 144406.314
0.0000000000 0.0000000000 0 0 0 0 0 0 0 0 112 1 0 0 0 0 091219 144406.514
0.0000000000 0.0000000000 0 0 0 0 0 0 0 0 112 1 0 0 0 0 091219 144406.715
0.0000000000 0.0000000000 0 0 0 0 0 0 0 0 112 1 0 0 0 0 091219 144406.915
0.0000000000 0.0000000000 0 0 0 0 0 0 0 0 112 1 0 0 0 0 091219 144407.115
0.0000000000 0.0000000000 0 0 0 0 0 0 0 0 112 1 0 0 0 0 091219 144407.315
0.0000000000 0.0000000000 0 0 0 0 0 0 0 0 112 1 0 0 0 0 091219 144407.516
0.0000000000 0.0000000000 0 0 0 0 0 0 0 0 112 1 0 0 0 0 091219 144407.716
0.0000000000 0.0000000000 0 0 0 0 0 0 0 0 112 1 0 0 0 0 091219 144407.916
0.0000000000 0.0000000000 0 0 0 0 0 0 0 0 112 1 0 0 0 0 091219 144408.116
0.0000000000 0.0000000000 0 0 0 0 0 0 0 0 112 1 0 0 0 0 091219 144408.316
0.0000000000 0.0000000000 0 0 0 0 0 0 0 0 112 1 0 0 0 0 091219 144408.517
0.0000000000 0.0000000000 0 0 0 0 0 0 0 0 112 1 0 0 0 0 091219 144408.717
0.0000000000 0.0000000000 0 0 0 0 0 0 0 0 112 1 0 0 0 0 091219 144408.917
0.0000000000 0.0000000000 0 0 0 0 0 0 0 0 112 1 0 0 0 0 091219 144409.117
0.0000000000 0.0000000000 0 0 0 0 0 0 0 0 112 1 0 0 0 0 091219 144409.318
0.0000000000 0.0000000000 0 0 0 0 0 0 0 0 112 1 0 0 0 0 091219 144409.518
0.0000000000 0.0000000000 0 0 0 0 0 0 0 0 112 1 0 0 0 0 091219 144409.718
0.0000000000 0.0000000000 0 0 0 0 0 0 0 0 112 1 0 0 0 0 091219 144409.918
0.0000000000 0.0000000000 0 0 0 0 0 0 0 0 112 1 0 0 0 0 091219 144410.118
0.0000000000 0.0000000000 0 0 0 0 0 0 0 0 112 1 0 0 0 0 091219 144410.318
0.0000000000 0.0000000000 0 0 0 0 0 0 0 0 112 1 0 0 0 0 091219 144410.519
0.0000000000 0.0000000000 0 0 0 0 0 0 0 0 112 1 0 0 0 0 091219 144410.719
0.0000000000 0.0000000000 0 0 0 0 0 0 0 0 112 1 0 0 0 0 091219 144410.919
0.0000000000 0.0000000000 0 0 0 0 0 0 0 0 112 1 0 0 0 0 091219 144411.119
0.0000000000 0.0000000000 0 0 0 0 0 0 0 0 112 1 0 0 0 0 091219 144411.320
0.0000000000 0.0000000000 0 0 0 0 0 0 0 0 112 1 0 0 0 0 091219 144411.520
0.0000000000 0.0000000000 0 0 0 0 0 0 0 0 112 1 0 0 0 0 091219 144411.720
0.0000000000 0.0000000000 0 0 0 0 0 0 0 0 112 1 0 0 0 0 091219 144411.920
0.0000000000 0.0000000000 0 0 0 0 0 0 0 0 112 1 0 0 0 0 091219 144412.120
0.0000000000 0.0000000000 0 0 0 0 0 0 0 0 112 1 0 0 0 0 091219 144412.320
0.0000000000 0.0000000000 0 0 0 0 0 0 0 0 112 1 0 0 0 0 091219 144412.521
0.0000000000 0.0000000000 0 0 0 0 0 0 0 0 112 1 0 0 0 0 091219 144412.721
0.0000000000 0.0000000000 0 0 0 0 0 0 0 0 112 1 0 0 0 0 091219 144412.921
0.0000000000 0.0000000000 0 0 0 0 0 0 0 0 112 1 0 0 0 0 091219 144413.121
0.0000000000 0.0000000000 0 0 0 0 0 0 0 0 112 1 0 0 0 0 091219 144413.322
0.0000000000 0.0000000000 0 0 0 0 0 0 0 0 112 1 0 0 0 0 091219 144413.522
0.0000000000 0.0000000000 0 0 0 0 0 0 0 0 112 1 0 0 0 0 091219 144413.722
0.0000000000 0.0000000000 0 0 0 0 0 0 0 0 112 1 0 0 0 0 091219 144413.923
0.0000000000 0.0000000000 0 0 0 0 0 0 0 0 112 1 0 0 0 0 091219 144414.123
0.0000000000 0.0000000000 0 0 0 0 0 0 0 0 112 1 0 0 0 0 091219 144414.323
0.0000000000 0.0000000000 0 0 0 0 0 0 0 0 112 1 0 0 0 0 091219 144414.523
0.0000000000 0.0000000000 0 0 0 0 0 0 0 0 112 1 0 0 0 0 091219 144414.723
0.0000000000 0.0000000000 0 0 0 0 0 0 0 0 112 1 0 0 0 0 091219 144414.924
0.0000000000 0.0000000000 0 0 0 0 0 0 0 0 112 1 0 0 0 0 091219 144415.124
0.0000000000 0.0000000000 0 0 0 0 0 0 0 0 112 1 0 0 0 0 091219 144415.324
0.0000000000 0.0000000000 0 0 0 0 0 0 0 0 112 1 0 0 0 0 091219 144415.524
0.0000000000 0.0000000000 0 0 0 0 0 0 0 0 112 1 0 0 0 0 091219 144415.725
0.0000000000 0.0000000000 0 0 0 0 0 0 0 0 112 1 0 0 0 0 091219 144415.925
0.0000000000 0.0000000000 0 0 0 0 0 0 0 0 112 1 0 0 0 0 091219 144416.125
0.0000000000 0.0000000000 0 0 0 0 0 0 0 0 112 1 0 0 0 0 091219 144416.325
0.0000000000 0.0000000000 0 0 0 0 0 0 0 0 112 1 0 0 0 0 091219 144416.526
0.0000000000 0.0000000000 0 0 0 0 0 0 0 0 112 1 0 0 0 0 091219 144416.726
0.0000000000 0.0000000000 0 0 0 0 0 0 0 0 112 1 0 0 0 0 091219 144416.926
0.0000000000 0.0000000000 0 0 0 0 0 0 0 0 112 1 0 0 0 0 091219 144417.126
0.0000000000 0.0000000000 0 0 0 0 0 0 0 0 112 1 0 0 0 0 091219 144417.327
0.0000000000 0.0000000000 0 0 0 0 0 0 0 0 112 1 0 0 0 0 091219 144417.527
0.0000000000 0.0000000000 0 0 0 0 0 0 0 0 112 1 0 0 0 0 091219 144417.727
0.0000000000 0.0000000000 0 0 0 0 0 0 0 0 112 1 0 0 0 0 091219 144417.927
0.0000000000 0.0000000000 0 0 0 0 0 0 0 0 112 1 0 0 0 0 091219 144418.127
0.0000000000 0.0000000000 0 0 0 0 0 0 0 0 112 1 0 0 0 0 091219 144418.328
0.0000000000 0.0000000000 0 0 0 0 0 0 0 0 112 1 0 0 0 0 091219 144418.528
0.0000000000 0.0000000000 0 0 0 0 0 0 0 0 112 1 0 0 0 0 091219 144418.728
0.0000000000 0.0000000000 0 0 0 0 0 0 0 0 112 1 0 0 0 0 091219 144418.928
0.0000000000 0.0000000000 0 0 0 0 0 0 0 0 112 1 0 0 0 0 091219 144419.129
0.0000000000 0.0000000000 0 0 0 0 0 0 0 0 112 1 0 0 0 0 091219 144419.329
0.0000000000 0.0000000000 0 0 0 0 0 0 0 0 112 1 0 0 0 0 091219 144419.529
0.0000000000 0.0000000000 0 0 0 0 0 0 0 0 112 1 0 0 0 0 091219 144419.729
0.0000000000 0.0000000000 0 0 0 0 0 0 0 0 112 1 0 0 0 0 091219 144419.930
0.0000000000 0.0000000000 0 0 0 0 0 0 0 0 112 1 0 0 0 0 091219 144420.130
0.0000000000 0.0000000000 0 0 0 0 0 0 0 0 112 1 0 0 0 0 091219 144420.330
0.0000000000 0.0000000000 0 0 0 0 0 0 0 0 112 1 0 0 0 0 091219 144420.530
0.0000000000 0.0000000000 0 0 0 0 0 0 0 0 112 1 0 0 0 0 091219 144420.731
0.0000000000 0.0000000000 0 0 0 0 0 0 0 0 112 1 0 0 0 0 091219 144420.931
0.0000000000 0.0000000000 0 0 0 0 0 0 0 0 112 1 0 0 0 0 091219 144421.131
0.0000000000 0.0000000000 0 0 0 0 0 0 0 0 112 1 0 0 0 0 091219 144421.331
0.0000000000 0.0000000000 0 0 0 0 0 0 0 0 112 1 0 0 0 0 091219 144421.532
0.0000000000 0.0000000000 0 0 0 0 0 0 0 0 112 1 0 0 0 0 091219 144421.732
0.0000000000 0.0000000000 0 0 0 0 0 0 0 0 112 1 0 0 0 0 091219 144421.932
0.0000000000 0.0000000000 0 0 0 0 0 0 0 0 112 1 0 0 0 0 091219 144422.132
0.0000000000 0.0000000000 0 0 0 0 0 0 0 0 112 1 0 0 0 0 091219 144422.332
0.0000000000 0.0000000000 0 0 0 0 0 0 0 0 112 1 0 0 0 0 091219 144422.533
0.0000000000 0.0000000000 0 0 0 0 0 0 0 0 112 1 0 0 0 0 091219 144422.733
0.0000000000 0.0000000000 0 0 0 0 0 0 0 0 112 1 0 0 0 0 091219 144422.933
0.0000000000 0.0000000000 0 0 0 0 0 0 0 0 112 1 0 0 0 0 091219 144423.133
0.0000000000 0.0000000000 0 0 0 0 0 0 0 0 112 1 0 0 0 0 091219 144423.334
0.0000000000 0.0000000000 0 0 0 0 0 0 0 0 112 1 0 0 0 0 091219 144423.534
0.0000000000 0.0000000000 0 0 0 0 0 0 0 0 112 1 0 0 0 0 091219 144423.734
0.0000000000 0.0000000000 0 0 0 0 0 0 0 0 112 1 0 0 0 0 091219 144423.935
0.0000000000 0.0000000000 0 0 0 0 0 0 0 0 112 1 0 0 0 0 091219 144424.135
0.0000000000 0.0000000000 0 0 0 0 0 0 0 0 112 1 0 0 0 0 091219 144424.335
0.0000000000 0.0000000000 0 0 0 0 0 0 0 0 112 1 0 0 0 0 091219 144424.536
0.0000000000 0.0000000000 0 0 0 0 0 0 0 0 112 1 0 0 0 0 091219 144424.736
0.0000000000 0.0000000000 0 0 0 0 0 0 0 0 112 1 0 0 0 0 091219 144424.936
0.0000000000 0.0000000000 0 0 0 0 0 0 0 0 112 1 0 0 0 0 091219 144425.137
0.0000000000 0.0000000000 0 0 0 0 0 0 0 0 112 1 0 0 0 0 091219 144425.337
0.0000000000 0.0000000000 0 0 0 0 0 0 0 0 112 1 0 0 0 0 091219 144425.537
0.0000000000 0.0000000000 0 0 0 0 0 0 0 0 112 1 0 0 0 0 091219 144425.737
0.0000000000 0.0000000000 0 0 0 0 0 0 0 0 112 1 0 0 0 0 091219 144425.938
0.0000000000 0.0000000000 0 0 0 0 0 0 0 0 112 1 0 0 0 0 091219 144426.138
0.0000000000 0.0000000000 0 0 0 0 0 0 0 0 112 1 0 0 0 0 091219 144426.338
0.0000000000 0.0000000000 0 0 0 0 0 0 0 0 112 1 0 0 0 0 091219 144426.539
0.0000000000 0.0000000000 0 0 0 0 0 0 0 0 112 1 0 0 0 0 091219 144426.739
0.0000000000 0.0000000000 0 0 0 0 0 0 0 0 112 1 0 0 0 0 091219 144426.939
0.0000000000 0.0000000000 0 0 0 0 0 0 0 0 112 1 0 0 0 0 091219 144427.140
0.0000000000 0.0000000000 0 0 0 0 0 0 0 0 112 1 0 0 0 0 091219 144427.340
0.0000000000 0.0000000000 0 0 0 0 0 0 0 0 112 1 0 0 0 0 091219 144427.540
0.0000000000 0.0000000000 0 0 0 0 0 0 0 0 112 1 0 0 0 0 091219 144427.740
0.0000000000 0.0000000000 0 0 0 0 0 0 0 0 112 1 0 0 0 0 091219 144427.940
0.0000000000 0.0000000000 0 0 0 0 0 0 0 0 112 1 0 0 0 0 091219 144428.141
0.0000000000 0.0000000000 0 0 0 0 0 0 0 0 112 1 0 0 0 0 091219 144428.341
0.0000000000 0.0000000000 0 0 0 0 0 0 0 0 112 1 0 0 0 0 091219 144428.541
0.0000000000 0.0000000000 0 0 0 0 0 0 0 0 112 1 0 0 0 0 091219 144428.742
0.0000000000 0.0000000000 0 0 0 0 0 0 0 0 112 1 0 0 0 0 091219 144428.942
0.0000000000 0.0000000000 0 0 0 0 0 0 0 0 112 1 0 0 0 0 091219 144429.142
0.0000000000 0.0000000000 0 0 0 0 0 0 0 0 112 1 0 0 0 0 091219 144429.342
0.0000000000 0.0000000000 0 0 0 0 0 0 0 0 112 1 0 0 0 0 091219 144429.542
0.0000000000 0.0000000000 0 0 0 0 0 0 0 0 112 1 0 0 0 0 091219 144429.743
0.0000000000 0.0000000000 0 0 0 0 0 0 0 0 112 1 0 0 0 0 091219 144429.943
0.0000000000 0.0000000000 0 0 0 0 0 0 0 0 112 1 0 0 0 0 091219 144430.143
0.0000000000 0.0000000000 0 0 0 0 0 0 0 0 112 1 0 0 0 0 091219 144430.343
