0.0000000000 0.0000000000 0 0 0 0 0 0 107 40 112 1 0 0 0 0 040619 121838.398
0.0000000000 0.0000000000 0 0 0 0 0 0 188 39 112 1 0 0 0 0 040619 121838.598
0.0000000000 0.0000000000 0 0 0 0 0 0 114 39 112 1 0 0 0 0 040619 121838.798
0.0000000000 0.0000000000 0 0 0 0 0 0 43 39 112 1 0 0 0 0 040619 121838.999
0.0000000000 0.0000000000 0 0 0 0 0 0 96 41 112 1 0 0 0 0 040619 121839.199
0.0000000000 0.0000000000 0 0 0 0 0 0 17 41 112 1 0 0 0 0 040619 121839.399
0.0000000000 0.0000000000 0 0 0 0 0 0 235 38 112 1 0 0 0 0 040619 121839.599
0.0000000000 0.0000000000 0 0 0 0 0 0 218 39 112 1 0 0 0 0 040619 121839.799
0.0000000000 0.0000000000 0 0 0 0 0 0 234 36 112 1 0 0 0 0 040619 121840.000
0.0000000000 0.0000000000 0 0 0 0 0 0 58 40 112 1 0 0 0 0 040619 121840.200
0.0000000000 0.0000000000 0 0 0 0 0 0 152 41 112 1 0 0 0 0 040619 121840.400
0.0000000000 0.0000000000 0 0 0 0 0 0 6 37 112 1 0 0 0 0 040619 121840.600
0.0000000000 0.0000000000 0 0 0 0 0 0 25 41 112 1 0 0 0 0 040619 121840.801
0.0000000000 0.0000000000 0 0 0 0 0 0 61 40 112 1 0 0 0 0 040619 121841.001
0.0000000000 0.0000000000 0 0 0 0 0 0 112 39 112 1 0 0 0 0 040619 121841.201
0.0000000000 0.0000000000 0 0 0 0 0 0 98 37 112 1 0 0 0 0 040619 121841.401
0.0000000000 0.0000000000 0 0 0 0 0 0 197 36 112 1 0 0 0 0 040619 121841.602
0.0000000000 0.0000000000 0 0 0 0 0 0 18 38 112 1 0 0 0 0 040619 121841.802
0.0000000000 0.0000000000 0 0 0 0 0 0 94 35 112 1 0 0 0 0 040619 121842.002
0.0000000000 0.0000000000 0 0 0 0 0 0 23 41 112 1 0 0 0 0 040619 121842.202
0.0000000000 0.0000000000 0 0 0 0 0 0 220 39 112 1 0 0 0 0 040619 121842.402
0.0000000000 0.0000000000 0 0 0 0 0 0 151 39 112 1 0 0 0 0 040619 121842.603
0.0000000000 0.0000000000 0 0 0 0 0 0 55 39 112 1 0 0 0 0 040619 121842.803
0.0000000000 0.0000000000 0 0 0 0 0 0 181 39 112 1 0 0 0 0 040619 121843.003
0.0000000000 0.0000000000 0 0 0 0 0 0 195 39 112 1 0 0 0 0 040619 121843.203
0.0000000000 0.0000000000 0 0 0 0 0 0 115 41 112 1 0 0 0 0 040619 121843.404
0.0000000000 0.0000000000 0 0 0 0 0 0 166 40 112 1 0 0 0 0 040619 121843.604
0.0000000000 0.0000000000 0 0 0 0 0 0 22 39 112 1 0 0 0 0 040619 121843.804
0.0000000000 0.0000000000 0 0 0 0 0 0 232 37 112 1 0 0 0 0 040619 121844.004
0.0000000000 0.0000000000 0 0 0 0 0 0 43 42 112 1 0 0 0 0 040619 121844.205
0.0000000000 0.0000000000 0 0 0 0 0 0 24 39 112 1 0 0 0 0 040619 121844.405
0.0000000000 0.0000000000 0 0 0 0 0 0 2 40 112 1 0 0 0 0 040619 121844.605
0.0000000000 0.0000000000 0 0 0 0 0 0 9 40 112 1 0 0 0 0 040619 121844.805
0.0000000000 0.0000000000 0 0 0 0 0 0 23 41 112 1 0 0 0 0 040619 121845.006
0.0000000000 0.0000000000 0 0 0 0 0 0 219 38 112 1 0 0 0 0 040619 121845.206
0.0000000000 0.0000000000 0 0 0 0 0 0 58 40 112 1 0 0 0 0 040619 121845.406
0.0000000000 0.0000000000 0 0 0 0 0 0 146 39 112 1 0 0 0 0 040619 121845.606
0.0000000000 0.0000000000 0 0 0 0 0 0 62 39 112 1 0 0 0 0 040619 121845.806
0.0000000000 0.0000000000 0 0 0 0 0 0 253 40 112 1 0 0 0 0 040619 121846.007
0.0000000000 0.0000000000 0 0 0 0 0 0 131 39 112 1 0 0 0 0 040619 121846.207
0.0000000000 0.0000000000 0 0 0 0 0 0 26 40 112 1 0 0 0 0 040619 121846.407
0.0000000000 0.0000000000 0 0 0 0 0 0 32 40 112 1 0 0 0 0 040619 121846.607
0.0000000000 0.0000000000 0 0 0 0 0 0 253 41 112 1 0 0 0 0 040619 121846.807
0.0000000000 0.0000000000 0 0 0 0 0 0 5 36 112 1 0 0 0 0 040619 121847.008
0.0000000000 0.0000000000 0 0 0 0 0 0 207 37 112 1 0 0 0 0 040619 121847.208
0.0000000000 0.0000000000 0 0 0 0 0 0 19 42 112 1 0 0 0 0 040619 121847.408
0.0000000000 0.0000000000 0 0 0 0 0 0 234 35 112 1 0 0 0 0 040619 121847.608
0.0000000000 0.0000000000 0 0 0 0 0 0 2 39 112 1 0 0 0 0 040619 121847.809
0.0000000000 0.0000000000 0 0 0 0 0 0 231 39 112 1 0 0 0 0 040619 121848.009
