0.0000000000 0.0000000000 0 0 0 0 0 0 0 0 127 0 0 0 0 0 040619 123109.570
0.0000000000 0.0000000000 0 0 0 0 0 0 0 0 127 0 0 0 0 0 040619 123109.770
0.0000000000 0.0000000000 0 0 0 0 0 0 0 0 127 0 0 0 0 0 040619 123109.971
0.0000000000 0.0000000000 0 0 0 0 0 0 0 0 127 0 0 0 0 0 040619 123110.171
0.0000000000 0.0000000000 0 0 0 0 0 0 0 0 127 0 0 0 0 0 040619 123110.371
0.0000000000 0.0000000000 0 0 0 0 0 0 0 0 127 0 0 0 0 0 040619 123110.571
0.0000000000 0.0000000000 0 0 0 0 0 0 0 0 127 0 0 0 0 0 040619 123110.771
0.0000000000 0.0000000000 0 0 0 0 0 0 0 0 127 0 0 0 0 0 040619 123110.971
0.0000000000 0.0000000000 0 0 0 0 0 0 0 0 127 0 0 0 0 0 040619 123111.172
0.0000000000 0.0000000000 0 0 0 0 0 0 0 0 127 0 0 0 0 0 040619 123111.372
0.0000000000 0.0000000000 0 0 0 0 0 0 0 0 127 0 0 0 0 0 040619 123111.572
0.0000000000 0.0000000000 0 0 0 0 0 0 0 0 127 0 0 0 0 0 040619 123111.772
0.0000000000 0.0000000000 0 0 0 0 0 0 0 0 127 0 0 0 0 0 040619 123111.972
0.0000000000 0.0000000000 0 0 0 0 0 0 0 0 127 0 0 0 0 0 040619 123112.172
0.0000000000 0.0000000000 0 0 0 0 0 0 0 0 127 0 0 0 0 0 040619 123112.373
0.0000000000 0.0000000000 0 0 0 0 0 0 0 0 127 0 0 0 0 0 040619 123112.573
0.0000000000 0.0000000000 0 0 0 0 0 0 0 0 127 0 0 0 0 0 040619 123112.773
0.0000000000 0.0000000000 0 0 0 0 0 0 0 0 127 0 0 0 0 0 040619 123112.973
0.0000000000 0.0000000000 0 0 0 0 0 0 0 0 127 0 0 0 0 0 040619 123113.173
0.0000000000 0.0000000000 0 0 0 0 0 0 0 0 127 0 0 0 0 0 040619 123113.373
0.0000000000 0.0000000000 0 0 0 0 0 0 0 0 127 0 0 0 0 0 040619 123113.574
0.0000000000 0.0000000000 0 0 0 0 0 0 0 0 127 0 0 0 0 0 040619 123113.774
0.0000000000 0.0000000000 0 0 0 0 0 0 0 0 127 0 0 0 0 0 040619 123113.974
0.0000000000 0.0000000000 0 0 0 0 0 0 0 0 127 0 0 0 0 0 040619 123114.174
0.0000000000 0.0000000000 0 0 0 0 0 0 0 0 127 0 0 0 0 0 040619 123114.374
0.0000000000 0.0000000000 0 0 0 0 0 0 0 0 127 0 0 0 0 0 040619 123114.574
0.0000000000 0.0000000000 0 0 0 0 0 0 0 0 127 0 0 0 0 0 040619 123114.774
0.0000000000 0.0000000000 0 0 0 0 0 0 0 0 127 0 0 0 0 0 040619 123114.975
0.0000000000 0.0000000000 0 0 0 0 0 0 0 0 127 0 0 0 0 0 040619 123115.175
0.0000000000 0.0000000000 0 0 0 0 0 0 0 0 127 0 0 0 0 0 040619 123115.375
0.0000000000 0.0000000000 0 0 0 0 0 0 0 0 127 0 0 0 0 0 040619 123115.575
0.0000000000 0.0000000000 0 0 0 0 0 0 0 0 127 0 0 0 0 0 040619 123115.775
0.0000000000 0.0000000000 0 0 0 0 0 0 0 0 127 0 0 0 0 0 040619 123115.975
0.0000000000 0.0000000000 0 0 0 0 0 0 0 0 127 0 0 0 0 0 040619 123116.176
0.0000000000 0.0000000000 0 0 0 0 0 0 0 0 127 0 0 0 0 0 040619 123116.376
0.0000000000 0.0000000000 0 0 0 0 0 0 0 0 127 0 0 0 0 0 040619 123116.576
0.0000000000 0.0000000000 0 0 0 0 0 0 0 0 127 0 0 0 0 0 040619 123116.776
0.0000000000 0.0000000000 0 0 0 0 0 0 0 0 127 0 0 0 0 0 040619 123116.976
0.0000000000 0.0000000000 0 0 0 0 0 0 0 0 127 0 0 0 0 0 040619 123117.176
0.0000000000 0.0000000000 0 0 0 0 0 0 0 0 127 0 0 0 0 0 040619 123117.377
0.0000000000 0.0000000000 0 0 0 0 0 0 0 0 127 0 0 0 0 0 040619 123117.577
0.0000000000 0.0000000000 0 0 0 0 0 0 0 0 127 0 0 0 0 0 040619 123117.777
0.0000000000 0.0000000000 0 0 0 0 0 0 0 0 127 0 0 0 0 0 040619 123117.977
0.0000000000 0.0000000000 0 0 0 0 0 0 0 0 127 0 0 0 0 0 040619 123118.177
0.0000000000 0.0000000000 0 0 0 0 0 0 0 0 127 0 0 0 0 0 040619 123118.378
0.0000000000 0.0000000000 0 0 0 0 0 0 0 0 127 0 0 0 0 0 040619 123118.578
0.0000000000 0.0000000000 0 0 0 0 0 0 0 0 127 0 0 0 0 0 040619 123118.778
0.0000000000 0.0000000000 0 0 0 0 0 0 0 0 127 0 0 0 0 0 040619 123118.978
0.0000000000 0.0000000000 0 0 0 0 0 0 0 0 127 0 0 0 0 0 040619 123119.178
0.0000000000 0.0000000000 0 0 0 0 0 0 0 0 127 0 0 0 0 0 040619 123119.378
0.0000000000 0.0000000000 0 0 0 0 0 0 0 0 127 0 0 0 0 0 040619 123119.579
0.0000000000 0.0000000000 0 0 0 0 0 0 0 0 127 0 0 0 0 0 040619 123119.779
0.0000000000 0.0000000000 0 0 0 0 0 0 0 0 127 0 0 0 0 0 040619 123119.979
0.0000000000 0.0000000000 0 0 0 0 0 0 0 0 127 0 0 0 0 0 040619 123120.179
0.0000000000 0.0000000000 0 0 0 0 0 0 0 0 127 0 0 0 0 0 040619 123120.379
0.0000000000 0.0000000000 0 0 0 0 0 0 0 0 127 0 0 0 0 0 040619 123120.579
0.0000000000 0.0000000000 0 0 0 0 0 0 0 0 127 0 0 0 0 0 040619 123120.780
0.0000000000 0.0000000000 0 0 0 0 0 0 0 0 127 0 0 0 0 0 040619 123120.980
0.0000000000 0.0000000000 0 0 0 0 0 0 0 0 127 0 0 0 0 0 040619 123121.180
0.0000000000 0.0000000000 0 0 0 0 0 0 0 0 127 0 0 0 0 0 040619 123121.380
0.0000000000 0.0000000000 0 0 0 0 0 0 0 0 127 0 0 0 0 0 040619 123121.580
0.0000000000 0.0000000000 0 0 0 0 0 0 0 0 127 0 0 0 0 0 040619 123121.780
0.0000000000 0.0000000000 0 0 0 0 0 0 0 0 127 0 0 0 0 0 040619 123121.981
0.0000000000 0.0000000000 0 0 0 0 0 0 0 0 127 0 0 0 0 0 040619 123122.181
0.0000000000 0.0000000000 0 0 0 0 0 0 0 0 127 0 0 0 0 0 040619 123122.381
0.0000000000 0.0000000000 0 0 0 0 0 0 0 0 127 0 0 0 0 0 040619 123122.581
0.0000000000 0.0000000000 0 0 0 0 0 0 0 0 127 0 0 0 0 0 040619 123122.781
0.0000000000 0.0000000000 0 0 0 0 0 0 0 0 127 0 0 0 0 0 040619 123122.981
0.0000000000 0.0000000000 0 0 0 0 0 0 0 0 127 0 0 0 0 0 040619 123123.182
0.0000000000 0.0000000000 0 0 0 0 0 0 0 0 127 0 0 0 0 0 040619 123123.382
0.0000000000 0.0000000000 0 0 0 0 0 0 0 0 127 0 0 0 0 0 040619 123123.582
0.0000000000 0.0000000000 0 0 0 0 0 0 0 0 127 0 0 0 0 0 040619 123123.782
0.0000000000 0.0000000000 0 0 0 0 0 0 0 0 127 0 0 0 0 0 040619 123123.982
0.0000000000 0.0000000000 0 0 0 0 0 0 0 0 127 0 0 0 0 0 040619 123124.182
0.0000000000 0.0000000000 0 0 0 0 0 0 0 0 127 0 0 0 0 0 040619 123124.383
0.0000000000 0.0000000000 0 0 0 0 0 0 0 0 127 0 0 0 0 0 040619 123124.583
0.0000000000 0.0000000000 0 0 0 0 0 0 0 0 127 0 0 0 0 0 040619 123124.783
0.0000000000 0.0000000000 0 0 0 0 0 0 0 0 127 0 0 0 0 0 040619 123124.983
0.0000000000 0.0000000000 0 0 0 0 0 0 0 0 127 0 0 0 0 0 040619 123125.183
0.0000000000 0.0000000000 0 0 0 0 0 0 0 0 127 0 0 0 0 0 040619 123125.383
0.0000000000 0.0000000000 0 0 0 0 0 0 0 0 127 0 0 0 0 0 040619 123125.584
0.0000000000 0.0000000000 0 0 0 0 0 0 0 0 127 0 0 0 0 0 040619 123125.784
0.0000000000 0.0000000000 0 0 0 0 0 0 0 0 127 0 0 0 0 0 040619 123125.984
0.0000000000 0.0000000000 0 0 0 0 0 0 0 0 127 0 0 0 0 0 040619 123126.184
0.0000000000 0.0000000000 0 0 0 0 0 0 0 0 127 0 0 0 0 0 040619 123126.384
0.0000000000 0.0000000000 0 0 0 0 0 0 0 0 127 0 0 0 0 0 040619 123126.584
0.0000000000 0.0000000000 0 0 0 0 0 0 0 0 127 0 0 0 0 0 040619 123126.785
0.0000000000 0.0000000000 0 0 0 0 0 0 0 0 127 0 0 0 0 0 040619 123126.985
0.0000000000 0.0000000000 0 0 0 0 0 0 0 0 127 0 0 0 0 0 040619 123127.185
0.0000000000 0.0000000000 0 0 0 0 0 0 0 0 127 0 0 0 0 0 040619 123127.385
0.0000000000 0.0000000000 0 0 0 0 0 0 0 0 127 0 0 0 0 0 040619 123127.585
0.0000000000 0.0000000000 0 0 0 0 0 0 0 0 127 0 0 0 0 0 040619 123127.785
0.0000000000 0.0000000000 0 0 0 0 0 0 0 0 127 0 0 0 0 0 040619 123127.986
0.0000000000 0.0000000000 0 0 0 0 0 0 0 0 127 0 0 0 0 0 040619 123128.186
0.0000000000 0.0000000000 0 0 0 0 0 0 0 0 127 0 0 0 0 0 040619 123128.386
0.0000000000 0.0000000000 0 0 0 0 0 0 0 0 127 0 0 0 0 0 040619 123128.586
0.0000000000 0.0000000000 0 0 0 0 0 0 0 0 127 0 0 0 0 0 040619 123128.786
0.0000000000 0.0000000000 0 0 0 0 0 0 0 0 127 0 0 0 0 0 040619 123128.986
0.0000000000 0.0000000000 0 0 0 0 0 0 0 0 127 0 0 0 0 0 040619 123129.186
0.0000000000 0.0000000000 0 0 0 0 0 0 255 127 112 1 0 0 0 0 040619 123129.387
0.0000000000 0.0000000000 0 0 0 0 0 0 212 20 112 1 0 0 0 0 040619 123129.587
0.0000000000 0.0000000000 0 0 0 0 0 0 8 31 112 1 0 0 0 0 040619 123129.787
0.0000000000 0.0000000000 0 0 0 0 0 0 89 20 112 1 0 0 0 0 040619 123129.987
0.0000000000 0.0000000000 0 0 0 0 0 0 107 22 112 1 0 0 0 0 040619 123130.187
0.0000000000 0.0000000000 0 0 0 0 0 0 201 18 112 1 0 0 0 0 040619 123130.387
0.0000000000 0.0000000000 0 0 0 0 0 0 176 23 112 1 0 0 0 0 040619 123130.587
0.0000000000 0.0000000000 0 0 0 0 0 0 71 27 112 1 0 0 0 0 040619 123130.788
0.0000000000 0.0000000000 0 0 0 0 0 0 54 22 112 1 0 0 0 0 040619 123130.988
0.0000000000 0.0000000000 0 0 0 0 0 0 110 19 112 1 0 0 0 0 040619 123131.188
0.0000000000 0.0000000000 0 0 0 0 0 0 96 22 112 1 0 0 0 0 040619 123131.388
0.0000000000 0.0000000000 0 0 0 0 0 0 130 20 112 1 0 0 0 0 040619 123131.588
0.0000000000 0.0000000000 0 0 0 0 0 0 57 20 112 1 0 0 0 0 040619 123131.788
0.0000000000 0.0000000000 0 0 0 0 0 0 253 20 112 1 0 0 0 0 040619 123131.989
0.0000000000 0.0000000000 0 0 0 0 0 0 117 23 112 1 0 0 0 0 040619 123132.189
0.0000000000 0.0000000000 0 0 0 0 0 0 195 20 112 1 0 0 0 0 040619 123132.389
0.0000000000 0.0000000000 0 0 0 0 0 0 137 18 112 1 0 0 0 0 040619 123132.589
0.0000000000 0.0000000000 0 0 0 0 0 0 196 28 112 1 0 0 0 0 040619 123132.789
0.0000000000 0.0000000000 0 0 0 0 0 0 10 22 112 1 0 0 0 0 040619 123132.989
0.0000000000 0.0000000000 0 0 0 0 0 0 187 22 112 1 0 0 0 0 040619 123133.189
0.0000000000 0.0000000000 0 0 0 0 0 0 214 21 112 1 0 0 0 0 040619 123133.390
0.0000000000 0.0000000000 0 0 0 0 0 0 182 23 112 1 0 0 0 0 040619 123133.590
0.0000000000 0.0000000000 0 0 0 0 0 0 247 20 112 1 0 0 0 0 040619 123133.790
0.0000000000 0.0000000000 0 0 0 0 0 0 220 20 112 1 0 0 0 0 040619 123133.990
0.0000000000 0.0000000000 0 0 0 0 0 0 193 21 112 1 0 0 0 0 040619 123134.190
0.0000000000 0.0000000000 0 0 0 0 0 0 142 21 112 1 0 0 0 0 040619 123134.390
0.0000000000 0.0000000000 0 0 0 0 0 0 227 22 112 1 0 0 0 0 040619 123134.591
0.0000000000 0.0000000000 0 0 0 0 0 0 6 18 112 1 0 0 0 0 040619 123134.791
0.0000000000 0.0000000000 0 0 0 0 0 0 41 22 112 1 0 0 0 0 040619 123134.991
0.0000000000 0.0000000000 0 0 0 0 0 0 118 19 112 1 0 0 0 0 040619 123135.191
0.0000000000 0.0000000000 0 0 0 0 0 0 59 20 112 1 0 0 0 0 040619 123135.391
0.0000000000 0.0000000000 0 0 0 0 0 0 132 21 112 1 0 0 0 0 040619 123135.591
0.0000000000 0.0000000000 0 0 0 0 0 0 86 28 112 1 0 0 0 0 040619 123135.791
0.0000000000 0.0000000000 0 0 0 0 0 0 32 22 112 1 0 0 0 0 040619 123135.992
0.0000000000 0.0000000000 0 0 0 0 0 0 249 18 112 1 0 0 0 0 040619 123136.192
0.0000000000 0.0000000000 0 0 0 0 0 0 205 24 112 1 0 0 0 0 040619 123136.392
0.0000000000 0.0000000000 0 0 0 0 0 0 217 18 112 1 0 0 0 0 040619 123136.592
0.0000000000 0.0000000000 0 0 0 0 0 0 187 21 112 1 0 0 0 0 040619 123136.792
0.0000000000 0.0000000000 0 0 0 0 0 0 171 24 112 1 0 0 0 0 040619 123136.992
0.0000000000 0.0000000000 0 0 0 0 0 0 241 20 112 1 0 0 0 0 040619 123137.193
0.0000000000 0.0000000000 0 0 0 0 0 0 92 20 112 1 0 0 0 0 040619 123137.393
0.0000000000 0.0000000000 0 0 0 0 0 0 255 20 112 1 0 0 0 0 040619 123137.593
0.0000000000 0.0000000000 0 0 0 0 0 0 201 21 112 1 0 0 0 0 040619 123137.793
0.0000000000 0.0000000000 0 0 0 0 0 0 161 25 112 1 0 0 0 0 040619 123137.993
0.0000000000 0.0000000000 0 0 0 0 0 0 163 25 112 1 0 0 0 0 040619 123138.194
0.0000000000 0.0000000000 0 0 0 0 0 0 152 24 112 1 0 0 0 0 040619 123138.394
0.0000000000 0.0000000000 0 0 0 0 0 0 182 22 112 1 0 0 0 0 040619 123138.594
0.0000000000 0.0000000000 0 0 0 0 0 0 84 22 112 1 0 0 0 0 040619 123138.794
0.0000000000 0.0000000000 0 0 0 0 0 0 201 19 112 1 0 0 0 0 040619 123138.994
0.0000000000 0.0000000000 0 0 0 0 0 0 182 21 112 1 0 0 0 0 040619 123139.194
0.0000000000 0.0000000000 0 0 0 0 0 0 115 21 112 1 0 0 0 0 040619 123139.395
0.0000000000 0.0000000000 0 0 0 0 0 0 20 15 112 1 0 0 0 0 040619 123139.595
0.0000000000 0.0000000000 0 0 0 0 0 0 194 19 112 1 0 0 0 0 040619 123139.795
0.0000000000 0.0000000000 0 0 0 0 0 0 246 19 112 1 0 0 0 0 040619 123139.995
0.0000000000 0.0000000000 0 0 0 0 0 0 248 21 112 1 0 0 0 0 040619 123140.195
0.0000000000 0.0000000000 0 0 0 0 0 0 221 19 112 1 0 0 0 0 040619 123140.395
0.0000000000 0.0000000000 0 0 0 0 0 0 195 27 112 1 0 0 0 0 040619 123140.595
0.0000000000 0.0000000000 0 0 0 0 0 0 15 25 112 1 0 0 0 0 040619 123140.796
0.0000000000 0.0000000000 0 0 0 0 0 0 129 21 112 1 0 0 0 0 040619 123140.996
0.0000000000 0.0000000000 0 0 0 0 0 0 65 22 112 1 0 0 0 0 040619 123141.196
0.0000000000 0.0000000000 0 0 0 0 0 0 219 20 112 1 0 0 0 0 040619 123141.396
0.0000000000 0.0000000000 0 0 0 0 0 0 144 22 112 1 0 0 0 0 040619 123141.596
0.0000000000 0.0000000000 0 0 0 0 0 0 234 22 112 1 0 0 0 0 040619 123141.797
0.0000000000 0.0000000000 0 0 0 0 0 0 249 29 112 1 0 0 0 0 040619 123141.997
0.0000000000 0.0000000000 0 0 0 0 0 0 218 19 112 1 0 0 0 0 040619 123142.197
0.0000000000 0.0000000000 0 0 0 0 0 0 151 21 112 1 0 0 0 0 040619 123142.397
0.0000000000 0.0000000000 0 0 0 0 0 0 37 20 112 1 0 0 0 0 040619 123142.597
0.0000000000 0.0000000000 0 0 0 0 0 0 235 8 112 1 0 0 0 0 040619 123142.797
0.0000000000 0.0000000000 0 0 0 0 0 0 21 26 112 1 0 0 0 0 040619 123142.997
0.0000000000 0.0000000000 0 0 0 0 0 0 201 21 112 1 0 0 0 0 040619 123143.198
0.0000000000 0.0000000000 0 0 0 0 0 0 222 21 112 1 0 0 0 0 040619 123143.398
0.0000000000 0.0000000000 0 0 0 0 0 0 57 22 112 1 0 0 0 0 040619 123143.598
0.0000000000 0.0000000000 0 0 0 0 0 0 238 21 112 1 0 0 0 0 040619 123143.798
0.0000000000 0.0000000000 0 0 0 0 0 0 67 24 112 1 0 0 0 0 040619 123143.998
0.0000000000 0.0000000000 0 0 0 0 0 0 85 19 112 1 0 0 0 0 040619 123144.199
0.0000000000 0.0000000000 0 0 0 0 0 0 159 24 112 1 0 0 0 0 040619 123144.399
0.0000000000 0.0000000000 0 0 0 0 0 0 55 22 112 1 0 0 0 0 040619 123144.599
0.0000000000 0.0000000000 0 0 0 0 0 0 249 19 112 1 0 0 0 0 040619 123144.799
0.0000000000 0.0000000000 0 0 0 0 0 0 100 23 112 1 0 0 0 0 040619 123144.999
0.0000000000 0.0000000000 0 0 0 0 0 0 239 22 112 1 0 0 0 0 040619 123145.199
0.0000000000 0.0000000000 0 0 0 0 0 0 78 26 112 1 0 0 0 0 040619 123145.400
0.0000000000 0.0000000000 0 0 0 0 0 0 76 22 112 1 0 0 0 0 040619 123145.600
0.0000000000 0.0000000000 0 0 0 0 0 0 86 21 112 1 0 0 0 0 040619 123145.800
0.0000000000 0.0000000000 0 0 0 0 0 0 51 24 112 1 0 0 0 0 040619 123146.000
0.0000000000 0.0000000000 0 0 0 0 0 0 162 20 112 1 0 0 0 0 040619 123146.200
0.0000000000 0.0000000000 0 0 0 0 0 0 65 15 112 1 0 0 0 0 040619 123146.400
0.0000000000 0.0000000000 0 0 0 0 0 0 120 19 112 1 0 0 0 0 040619 123146.601
0.0000000000 0.0000000000 0 0 0 0 0 0 26 20 112 1 0 0 0 0 040619 123146.801
0.0000000000 0.0000000000 0 0 0 0 0 0 251 25 112 1 0 0 0 0 040619 123147.001
0.0000000000 0.0000000000 0 0 0 0 0 0 105 20 112 1 0 0 0 0 040619 123147.201
0.0000000000 0.0000000000 0 0 0 0 0 0 70 22 112 1 0 0 0 0 040619 123147.401
0.0000000000 0.0000000000 0 0 0 0 0 0 215 21 112 1 0 0 0 0 040619 123147.601
0.0000000000 0.0000000000 0 0 0 0 0 0 227 23 112 1 0 0 0 0 040619 123147.802
0.0000000000 0.0000000000 0 0 0 0 0 0 21 22 112 1 0 0 0 0 040619 123148.002
0.0000000000 0.0000000000 0 0 0 0 0 0 90 19 112 1 0 0 0 0 040619 123148.202
0.0000000000 0.0000000000 0 0 0 0 0 0 130 27 112 1 0 0 0 0 040619 123148.402
0.0000000000 0.0000000000 0 0 0 0 0 0 14 20 112 1 0 0 0 0 040619 123148.602
0.0000000000 0.0000000000 0 0 0 0 0 0 111 21 112 1 0 0 0 0 040619 123148.802
0.0000000000 0.0000000000 0 0 0 0 0 0 151 24 112 1 0 0 0 0 040619 123149.003
0.0000000000 0.0000000000 0 0 0 0 0 0 130 21 112 1 0 0 0 0 040619 123149.203
0.0000000000 0.0000000000 0 0 0 0 0 0 80 22 112 1 0 0 0 0 040619 123149.403
0.0000000000 0.0000000000 0 0 0 0 0 0 153 16 112 1 0 0 0 0 040619 123149.603
0.0000000000 0.0000000000 0 0 0 0 0 0 201 29 112 1 0 0 0 0 040619 123149.803
0.0000000000 0.0000000000 0 0 0 0 0 0 111 22 112 1 0 0 0 0 040619 123150.003
0.0000000000 0.0000000000 0 0 0 0 0 0 219 20 112 1 0 0 0 0 040619 123150.203
0.0000000000 0.0000000000 0 0 0 0 0 0 34 22 112 1 0 0 0 0 040619 123150.404
0.0000000000 0.0000000000 0 0 0 0 0 0 209 20 112 1 0 0 0 0 040619 123150.604
0.0000000000 0.0000000000 0 0 0 0 0 0 62 20 112 1 0 0 0 0 040619 123150.804
0.0000000000 0.0000000000 0 0 0 0 0 0 241 20 112 1 0 0 0 0 040619 123151.004
0.0000000000 0.0000000000 0 0 0 0 0 0 221 20 112 1 0 0 0 0 040619 123151.204
0.0000000000 0.0000000000 0 0 0 0 0 0 192 20 112 1 0 0 0 0 040619 123151.405
0.0000000000 0.0000000000 0 0 0 0 0 0 194 21 112 1 0 0 0 0 040619 123151.605
0.0000000000 0.0000000000 0 0 0 0 0 0 246 20 112 1 0 0 0 0 040619 123151.805
0.0000000000 0.0000000000 0 0 0 0 0 0 99 19 112 1 0 0 0 0 040619 123152.005
0.0000000000 0.0000000000 0 0 0 0 0 0 183 22 112 1 0 0 0 0 040619 123152.205
0.0000000000 0.0000000000 0 0 0 0 0 0 202 21 112 1 0 0 0 0 040619 123152.405
0.0000000000 0.0000000000 0 0 0 0 0 0 142 24 112 1 0 0 0 0 040619 123152.606
0.0000000000 0.0000000000 0 0 0 0 0 0 46 18 112 1 0 0 0 0 040619 123152.806
0.0000000000 0.0000000000 0 0 0 0 0 0