0.0000000000 0.0000000000 0 0 0 0 0 0 0 0 112 1 0 0 0 0 231119 164227.621
0.0000000000 0.0000000000 0 0 0 0 0 0 0 0 112 1 0 0 0 0 231119 164227.822
0.0000000000 0.0000000000 0 0 0 0 0 0 0 0 112 1 0 0 0 0 231119 164228.022
0.0000000000 0.0000000000 0 0 0 0 0 0 0 0 112 1 0 0 0 0 231119 164228.222
0.0000000000 0.0000000000 0 0 0 0 0 0 0 0 112 1 0 0 0 0 231119 164228.422
0.0000000000 0.0000000000 0 0 0 0 0 0 0 0 112 1 0 0 0 0 231119 164228.622
0.0000000000 0.0000000000 0 0 0 0 0 0 0 0 112 1 0 0 0 0 231119 164228.823
0.0000000000 0.0000000000 0 0 0 0 0 0 0 0 112 1 0 0 0 0 231119 164229.023
0.0000000000 0.0000000000 0 0 0 0 0 0 0 0 112 1 0 0 0 0 231119 164229.223
0.0000000000 0.0000000000 0 0 0 0 0 0 0 0 112 1 0 0 0 0 231119 164229.423
0.0000000000 0.0000000000 0 0 0 0 0 0 0 0 112 1 0 0 0 0 231119 164229.623
0.0000000000 0.0000000000 0 0 0 0 0 0 0 0 112 1 0 0 0 0 231119 164229.823
0.0000000000 0.0000000000 0 0 0 0 0 0 0 0 112 1 0 0 0 0 231119 164230.023
0.0000000000 0.0000000000 0 0 0 0 0 0 0 0 112 1 0 0 0 0 231119 164230.224
0.0000000000 0.0000000000 0 0 0 0 0 0 0 0 112 1 0 0 0 0 231119 164230.424
0.0000000000 0.0000000000 0 0 0 0 0 0 0 0 112 1 0 0 0 0 231119 164230.624
0.0000000000 0.0000000000 0 0 0 0 0 0 0 0 112 1 0 0 0 0 231119 164230.824
0.0000000000 0.0000000000 0 0 0 0 0 0 0 0 112 1 0 0 0 0 231119 164231.024
0.0000000000 0.0000000000 0 0 0 0 0 0 0 0 112 1 0 0 0 0 231119 164231.224
0.0000000000 0.0000000000 0 0 0 0 0 0 0 0 112 1 0 0 0 0 231119 164231.424
0.0000000000 0.0000000000 0 0 0 0 0 0 0 0 112 1 0 0 0 0 231119 164231.625
0.0000000000 0.0000000000 0 0 0 0 0 0 0 0 112 1 0 0 0 0 231119 164231.825
0.0000000000 0.0000000000 0 0 0 0 0 0 0 0 112 1 0 0 0 0 231119 164232.025
0.0000000000 0.0000000000 0 0 0 0 0 0 0 0 112 1 0 0 0 0 231119 164232.225
0.0000000000 0.0000000000 0 0 0 0 0 0 0 0 112 1 0 0 0 0 231119 164232.425
0.0000000000 0.0000000000 0 0 0 0 0 0 0 0 112 1 0 0 0 0 231119 164232.625
0.0000000000 0.0000000000 0 0 0 0 0 0 0 0 112 1 0 0 0 0 231119 164232.825
0.0000000000 0.0000000000 0 0 0 0 0 0 0 0 112 1 0 0 0 0 231119 164233.026
0.0000000000 0.0000000000 0 0 0 0 0 0 0 0 112 1 0 0 0 0 231119 164233.226
0.0000000000 0.0000000000 0 0 0 0 0 0 0 0 112 1 0 0 0 0 231119 164233.426
0.0000000000 0.0000000000 0 0 0 0 0 0 0 0 112 1 0 0 0 0 231119 164233.626
0.0000000000 0.0000000000 0 0 0 0 0 0 0 0 112 1 0 0 0 0 231119 164233.826
0.0000000000 0.0000000000 0 0 0 0 0 0 0 0 112 1 0 0 0 0 231119 164234.026
0.0000000000 0.0000000000 0 0 0 0 0 0 0 0 112 1 0 0 0 0 231119 164234.226
0.0000000000 0.0000000000 0 0 0 0 0 0 0 0 112 1 0 0 0 0 231119 164234.427
0.0000000000 0.0000000000 0 0 0 0 0 0 0 0 112 1 0 0 0 0 231119 164234.627
0.0000000000 0.0000000000 0 0 0 0 0 0 0 0 112 1 0 0 0 0 231119 164234.827
0.0000000000 0.0000000000 0 0 0 0 0 0 0 0 112 1 0 0 0 0 231119 164235.027
0.0000000000 0.0000000000 0 0 0 0 0 0 0 0 112 1 0 0 0 0 231119 164235.227
0.0000000000 0.0000000000 0 0 0 0 0 0 0 0 112 1 0 0 0 0 231119 164235.427
0.0000000000 0.0000000000 0 0 0 0 0 0 0 0 112 1 0 0 0 0 231119 164235.627
0.0000000000 0.0000000000 0 0 0 0 0 0 0 0 112 1 0 0 0 0 231119 164235.828
0.0000000000 0.0000000000 0 0 0 0 0 0 0 0 112 1 0 0 0 0 231119 164236.028
0.0000000000 0.0000000000 0 0 0 0 0 0 0 0 112 1 0 0 0 0 231119 164236.228
0.0000000000 0.0000000000 0 0 0 0 0 0 0 0 112 1 0 0 0 0 231119 164236.428
0.0000000000 0.0000000000 0 0 0 0 0 0 0 0 112 1 0 0 0 0 231119 164236.628
0.0000000000 0.0000000000 0 0 0 0 0 0 0 0 112 1 0 0 0 0 231119 164236.828
0.0000000000 0.0000000000 0 0 0 0 0 0 0 0 112 1 0 0 0 0 231119 164237.028
0.0000000000 0.0000000000 0 0 0 0 0 0 0 0 112 1 0 0 0 0 231119 164237.229
0.0000000000 0.0000000000 0 0 0 0 0 0 0 0 112 1 0 0 0 0 231119 164237.429
0.0000000000 0.0000000000 0 0 0 0 0 0 0 0 112 1 0 0 0 0 231119 164237.629
0.0000000000 0.0000000000 0 0 0 0 0 0 0 0 112 1 0 0 0 0 231119 164237.829
0.0000000000 0.0000000000 0 0 0 0 0 0 0 0 112 1 0 0 0 0 231119 164238.029
0.0000000000 0.0000000000 0 0 0 0 0 0 0 0 112 1 0 0 0 0 231119 164238.229
0.0000000000 0.0000000000 0 0 0 0 0 0 0 0 112 1 0 0 0 0 231119 164238.429
0.0000000000 0.0000000000 0 0 0 0 0 0 0 0 112 1 0 0 0 0 231119 164238.630
0.0000000000 0.0000000000 0 0 0 0 0 0 0 0 112 1 0 0 0 0 231119 164238.830
0.0000000000 0.0000000000 0 0 0 0 0 0 0 0 112 1 0 0 0 0 231119 164239.030
0.0000000000 0.0000000000 0 0 0 0 0 0 0 0 112 1 0 0 0 0 231119 164239.230
0.0000000000 0.0000000000 0 0 0 0 0 0 0 0 112 1 0 0 0 0 231119 164239.430
0.0000000000 0.0000000000 0 0 0 0 0 0 0 0 112 1 0 0 0 0 231119 164239.630
0.0000000000 0.0000000000 0 0 0 0 0 0 0 0 112 1 0 0 0 0 231119 164239.831
0.0000000000 0.0000000000 0 0 0 0 0 0 0 0 112 1 0 0 0 0 231119 164240.031
0.0000000000 0.0000000000 0 0 0 0 0 0 0 0 112 1 0 0 0 0 231119 164240.231
0.0000000000 0.0000000000 0 0 0 0 0 0 0 0 112 1 0 0 0 0 231119 164240.431
0.0000000000 0.0000000000 0 0 0 0 0 0 0 0 112 1 0 0 0 0 231119 164240.631
0.0000000000 0.0000000000 0 0 0 0 0 0 0 0 112 1 0 0 0 0 231119 164240.831
0.0000000000 0.0000000000 0 0 0 0 0 0 0 0 112 1 0 0 0 0 231119 164241.032
0.0000000000 0.0000000000 0 0 0 0 0 0 0 0 112 1 0 0 0 0 231119 164241.232
0.0000000000 0.0000000000 0 0 0 0 0 0 0 0 112 1 0 0 0 0 231119 164241.432
0.0000000000 0.0000000000 0 0 0 0 0 0 0 0 112 1 0 0 0 0 231119 164241.632
0.0000000000 0.0000000000 0 0 0 0 0 0 0 0 112 1 0 0 0 0 231119 164241.832
0.0000000000 0.0000000000 0 0 0 0 0 0 0 0 112 1 0 0 0 0 231119 164242.032
0.0000000000 0.0000000000 0 0 0 0 0 0 0 0 112 1 0 0 0 0 231119 164242.232
0.0000000000 0.0000000000 0 0 0 0 0 0 0 0 112 1 0 0 0 0 231119 164242.433
0.0000000000 0.0000000000 0 0 0 0 0 0 0 0 112 1 0 0 0 0 231119 164242.633
0.0000000000 0.0000000000 0 0 0 0 0 0 0 0 112 1 0 0 0 0 231119 164242.833
0.0000000000 0.0000000000 0 0 0 0 0 0 0 0 112 1 0 0 0 0 231119 164243.033
0.0000000000 0.0000000000 0 0 0 0 0 0 0 0 112 1 0 0 0 0 231119 164243.233
0.0000000000 0.0000000000 0 0 0 0 0 0 0 0 112 1 0 0 0 0 231119 164243.433
0.0000000000 0.0000000000 0 0 0 0 0 0 0 0 112 1 0 0 0 0 231119 164243.634
0.0000000000 0.0000000000 0 0 0 0 0 0 0 0 112 1 0 0 0 0 231119 164243.834
0.0000000000 0.0000000000 0 0 0 0 0 0 0 0 112 1 0 0 0 0 231119 164244.034
0.0000000000 0.0000000000 0 0 0 0 0 0 0 0 112 1 0 0 0 0 231119 164244.234
0.0000000000 0.0000000000 0 0 0 0 0 0 0 0 112 1 0 0 0 0 231119 164244.434
0.0000000000 0.0000000000 0 0 0 0 0 0 0 0 112 1 0 0 0 0 231119 164244.634
0.0000000000 0.0000000000 0 0 0 0 0 0 0 0 112 1 0 0 0 0 231119 164244.834
0.0000000000 0.0000000000 0 0 0 0 0 0 0 0 112 1 0 0 0 0 231119 164245.034
0.0000000000 0.0000000000 0 0 0 0 0 0 0 0 112 1 0 0 0 0 231119 164245.235
0.0000000000 0.0000000000 0 0 0 0 0 0 0 0 112 1 0 0 0 0 231119 164245.435
0.0000000000 0.0000000000 0 0 0 0 0 0 0 0 112 1 0 0 0 0 231119 164245.635
0.0000000000 0.0000000000 0 0 0 0 0 0 0 0 112 1 0 0 0 0 231119 164245.835
0.0000000000 0.0000000000 0 0 0 0 0 0 0 0 112 1 0 0 0 0 231119 164246.035
0.0000000000 0.0000000000 0 0 0 0 0 0 0 0 112 1 0 0 0 0 231119 164246.235
0.0000000000 0.0000000000 0 0 0 0 0 0 0 0 112 1 0 0 0 0 231119 164246.436
0.0000000000 0.0000000000 0 0 0 0 0 0 0 0 112 1 0 0 0 0 231119 164246.636
0.0000000000 0.0000000000 0 0 0 0 0 0 0 0 112 1 0 0 0 0 231119 164246.836
0.0000000000 0.0000000000 0 0 0 0 0 0 241 234 112 1 0 0 0 0 231119 164247.036
0.0000000000 0.0000000000 0 0 0 0 0 0 144 237 112 1 0 0 0 0 231119 164247.236
0.0000000000 0.0000000000 0 0 0 0 0 0 155 232 112 1 0 0 0 0 231119 164247.436
0.0000000000 0.0000000000 0 0 0 0 0 0 151 229 112 1 0 0 0 0 231119 164247.636
0.0000000000 0.0000000000 0 0 0 0 0 0 94 230 112 1 0 0 0 0 231119 164247.837
0.0000000000 0.0000000000 0 0 0 0 0 0 190 230 112 1 0 0 0 0 231119 164248.037
0.0000000000 0.0000000000 0 0 0 0 0 0 88 227 112 1 0 0 0 0 231119 164248.237
0.0000000000 0.0000000000 0 0 0 0 0 0 178 231 112 1 0 0 0 0 231119 164248.437
0.0000000000 0.0000000000 0 0 0 0 0 0 159 226 112 1 0 0 0 0 231119 164248.637
0.0000000000 0.0000000000 0 0 0 0 0 0 129 226 112 1 0 0 0 0 231119 164248.837
0.0000000000 0.0000000000 0 0 0 0 0 0 230 214 112 1 0 0 0 0 231119 164249.038
0.0000000000 0.0000000000 0 0 0 0 0 0 113 211 112 1 0 0 0 0 231119 164249.238
0.0000000000 0.0000000000 0 0 0 0 0 0 52 226 112 1 0 0 0 0 231119 164249.438
0.0000000000 0.0000000000 0 0 0 0 0 0 51 213 112 1 0 0 0 0 231119 164249.638
0.0000000000 0.0000000000 0 0 0 0 0 0 218 214 112 1 0 0 0 0 231119 164249.838
0.0000000000 0.0000000000 0 0 0 0 0 0 128 214 112 1 0 0 0 0 231119 164250.038
0.0000000000 0.0000000000 0 0 0 0 0 0 145 211 112 1 0 0 0 0 231119 164250.238
0.0000000000 0.0000000000 0 0 0 0 0 0 75 227 112 1 0 0 0 0 231119 164250.438
0.0000000000 0.0000000000 0 0 0 0 0 0 86 220 112 1 0 0 0 0 231119 164250.639
0.0000000000 0.0000000000 0 0 0 0 0 0 248 222 112 1 0 0 0 0 231119 164250.839
0.0000000000 0.0000000000 0 0 0 0 0 0 94 213 112 1 0 0 0 0 231119 164251.039
0.0000000000 0.0000000000 0 0 0 0 0 0 97 222 112 1 0 0 0 0 231119 164251.239
0.0000000000 0.0000000000 0 0 0 0 0 0 20 211 112 1 0 0 0 0 231119 164251.439
0.0000000000 0.0000000000 0 0 0 0 0 0 20 220 112 1 0 0 0 0 231119 164251.639
0.0000000000 0.0000000000 0 0 0 0 0 0 204 215 112 1 0 0 0 0 231119 164251.839
0.0000000000 0.0000000000 0 0 0 0 0 0 173 218 112 1 0 0 0 0 231119 164252.039
0.0000000000 0.0000000000 0 0 0 0 0 0 15 215 112 1 0 0 0 0 231119 164252.240
0.0000000000 0.0000000000 0 0 0 0 0 0 146 209 112 1 0 0 0 0 231119 164252.440
0.0000000000 0.0000000000 0 0 0 0 0 0 160 210 112 1 0 0 0 0 231119 164252.640
0.0000000000 0.0000000000 0 0 0 0 0 0 14 210 112 1 0 0 0 0 231119 164252.840
0.0000000000 0.0000000000 0 0 0 0 0 0 128 211 112 1 0 0 0 0 231119 164253.040
0.0000000000 0.0000000000 0 0 0 0 0 0 105 209 112 1 0 0 0 0 231119 164253.240
0.0000000000 0.0000000000 0 0 0 0 0 0 246 205 112 1 0 0 0 0 231119 164253.441
0.0000000000 0.0000000000 0 0 0 0 0 0 157 211 112 1 0 0 0 0 231119 164253.641
0.0000000000 0.0000000000 0 0 0 0 0 0 82 212 112 1 0 0 0 0 231119 164253.841
0.0000000000 0.0000000000 0 0 0 0 0 0 149 217 112 1 0 0 0 0 231119 164254.041
0.0000000000 0.0000000000 0 0 0 0 0 0 47 204 112 1 0 0 0 0 231119 164254.241
0.0000000000 0.0000000000 0 0 0 0 0 0 246 194 112 1 0 0 0 0 231119 164254.441
0.0000000000 0.0000000000 0 0 0 0 0 0 216 203 112 1 0 0 0 0 231119 164254.641
0.0000000000 0.0000000000 0 0 0 0 0 0 100 208 112 1 0 0 0 0 231119 164254.842
0.0000000000 0.0000000000 0 0 0 0 0 0 18 213 112 1 0 0 0 0 231119 164255.042
0.0000000000 0.0000000000 0 0 0 0 0 0 141 212 112 1 0 0 0 0 231119 164255.242
0.0000000000 0.0000000000 0 0 0 0 0 0 211 206 112 1 0 0 0 0 231119 164255.442
0.0000000000 0.0000000000 0 0 0 0 0 0 165 207 112 1 0 0 0 0 231119 164255.642
0.0000000000 0.0000000000 0 0 0 0 0 0 81 203 112 1 0 0 0 0 231119 164255.842
0.0000000000 0.0000000000 0 0 0 0 0 0 234 206 112 1 0 0 0 0 231119 164256.042
0.0000000000 0.0000000000 0 0 0 0 0 0 205 197 112 1 0 0 0 0 231119 164256.242
0.0000000000 0.0000000000 0 0 0 0 0 0 191 204 112 1 0 0 0 0 231119 164256.443
0.0000000000 0.0000000000 0 0 0 0 0 0 240 202 112 1 0 0 0 0 231119 164256.643
0.0000000000 0.0000000000 0 0 0 0 0 0 122 200 112 1 0 0 0 0 231119 164256.843
0.0000000000 0.0000000000 0 0 0 0 0 0 7 204 112 1 0 0 0 0 231119 164257.043
0.0000000000 0.0000000000 0 0 0 0 0 0 234 197 112 1 0 0 0 0 231119 164257.243
0.0000000000 0.0000000000 0 0 0 0 0 0 120 194 112 1 0 0 0 0 231119 164257.444
0.0000000000 0.0000000000 0 0 0 0 0 0 31 204 112 1 0 0 0 0 231119 164257.644
0.0000000000 0.0000000000 0 0 0 0 0 0 177 204 112 1 0 0 0 0 231119 164257.844
0.0000000000 0.0000000000 0 0 0 0 0 0 46 203 112 1 0 0 0 0 231119 164258.044
0.0000000000 0.0000000000 0 0 0 0 0 0 59 202 112 1 0 0 0 0 231119 164258.244
0.0000000000 0.0000000000 0 0 0 0 0 0 121 194 112 1 0 0 0 0 231119 164258.444
0.0000000000 0.0000000000 0 0 0 0 0 0 164 201 112 1 0 0 0 0 231119 164258.645
0.0000000000 0.0000000000 0 0 0 0 0 0 105 192 112 1 0 0 0 0 231119 164258.845
0.0000000000 0.0000000000 0 0 0 0 0 0 113 205 112 1 0 0 0 0 231119 164259.045
0.0000000000 0.0000000000 0 0 0 0 0 0 186 198 112 1 0 0 0 0 231119 164259.245
0.0000000000 0.0000000000 0 0 0 0 0 0 239 206 112 1 0 0 0 0 231119 164259.445
0.0000000000 0.0000000000 0 0 0 0 0 0 208 204 112 1 0 0 0 0 231119 164259.645
0.0000000000 0.0000000000 0 0 0 0 0 0 139 196 112 1 0 0 0 0 231119 164259.846
0.0000000000 0.0000000000 0 0 0 0 0 0 2 200 112 1 0 0 0 0 231119 164300.046
0.0000000000 0.0000000000 0 0 0 0 0 0 187 206 112 1 0 0 0 0 231119 164300.246
0.0000000000 0.0000000000 0 0 0 0 0 0 47 206 112 1 0 0 0 0 231119 164300.446
0.0000000000 0.0000000000 0 0 0 0 0 0 183 206 112 1 0 0 0 0 231119 164300.646
0.0000000000 0.0000000000 0 0 0 0 0 0 140 202 112 1 0 0 0 0 231119 164300.847
0.0000000000 0.0000000000 0 0 0 0 0 0 124 206 112 1 0 0 0 0 231119 164301.047
0.0000000000 0.0000000000 0 0 0 0 0 0 164 203 112 1 0 0 0 0 231119 164301.247
0.0000000000 0.0000000000 0 0 0 0 0 0 165 207 112 1 0 0 0 0 231119 164301.447
0.0000000000 0.0000000000 0 0 0 0 0 0 212 207 112 1 0 0 0 0 231119 164301.647
0.0000000000 0.0000000000 0 0 0 0 0 0 73 204 112 1 0 0 0 0 231119 164301.847
0.0000000000 0.0000000000 0 0 0 0 0 0 209 203 112 1 0 0 0 0 231119 164302.048
0.0000000000 0.0000000000 0 0 0 0 0 0 118 209 112 1 0 0 0 0 231119 164302.248
0.0000000000 0.0000000000 0 0 0 0 0 0 186 205 112 1 0 0 0 0 231119 164302.448
0.0000000000 0.0000000000 0 0 0 0 0 0 205 204 112 1 0 0 0 0 231119 164302.648
0.0000000000 0.0000000000 0 0 0 0 0 0 69 209 112 1 0 0 0 0 231119 164302.848
0.0000000000 0.0000000000 0 0 0 0 0 0 7 205 112 1 0 0 0 0 231119 164303.049
0.0000000000 0.0000000000 0 0 0 0 0 0 252 207 112 1 0 0 0 0 231119 164303.249
0.0000000000 0.0000000000 0 0 0 0 0 0 193 208 112 1 0 0 0 0 231119 164303.449
0.0000000000 0.0000000000 0 0 0 0 0 0 214 209 112 1 0 0 0 0 231119 164303.649
0.0000000000 0.0000000000 0 0 0 0 0 0 231 206 112 1 0 0 0 0 231119 164303.849
0.0000000000 0.0000000000 0 0 0 0 0 0 3 213 112 1 0 0 0 0 231119 164304.050
0.0000000000 0.0000000000 0 0 0 0 0 0 29 210 112 1 0 0 0 0 231119 164304.250
0.0000000000 0.0000000000 0 0 0 0 0 0 110 206 112 1 0 0 0 0 231119 164304.450
0.0000000000 0.0000000000 0 0 0 0 0 0 251 210 112 1 0 0 0 0 231119 164304.650
0.0000000000 0.0000000000 0 0 0 0 0 0 112 210 112 1 0 0 0 0 231119 164304.850
0.0000000000 0.0000000000 0 0 0 0 0 0 194 212 112 1 0 0 0 0 231119 164305.050
0.0000000000 0.0000000000 0 0 0 0 0 0 197 212 112 1 0 0 0 0 231119 164305.250
0.0000000000 0.0000000000 0 0 0 0 0 0 23 212 112 1 0 0 0 0 231119 164305.451
0.0000000000 0.0000000000 0 0 0 0 0 0 246 212 112 1 0 0 0 0 231119 164305.651
0.0000000000 0.0000000000 0 0 0 0 0 0 188 209 112 1 0 0 0 0 231119 164305.851
0.0000000000 0.0000000000 0 0 0 0 0 0 100 217 112 1 0 0 0 0 231119 164306.051
0.0000000000 0.0000000000 0 0 0 0 0 0 80 220 112 1 0 0 0 0 231119 164306.251
0.0000000000 0.0000000000 0 0 0 0 0 0 47 219 112 1 0 0 0 0 231119 164306.451
0.0000000000 0.0000000000 0 0 0 0 0 0 71 217 112 1 0 0 0 0 231119 164306.651
0.0000000000 0.0000000000 0 0 0 0 0 0 98 210 112 1 0 0 0 0 231119 164306.852
0.0000000000 0.0000000000 0 0 0 0 0 0 53 223 112 1 0 0 0 0 231119 164307.052
0.0000000000 0.0000000000 0 0 0 0 0 0 250 223 112 1 0 0 0 0 231119 164307.252
0.0000000000 0.0000000000 0 0 0 0 0 0 12 231 112 1 0 0 0 0 231119 164307.452
0.0000000000 0.0000000000 0 0 0 0 0 0 219 223 112 1 0 0 0 0 231119 164307.652
0.0000000000 0.0000000000 0 0 0 0 0 0 186 223 112 1 0 0 0 0 231119 164307.852
0.0000000000 0.0000000000 0 0 0 0 0 0 221 220 112 1 0 0 0 0 231119 164308.052
0.0000000000 0.0000000000 0 0 0 0 0 0 153 230 112 1 0 0 0 0 231119 164308.253
0.0000000000 0.0000000000 0 0 0 0 0 0 120 234 112 1 0 0 0 0 231119 164308.453
0.0000000000 0.0000000000 0 0 0 0 0 0 10 228 112 1 0 0 0 0 231119 164308.653
0.0000000000 0.0000000000 0 0 0 0 0 0 101 233 112 1 0 0 0 0 231119 164308.853
0.0000000000 0.0000000000 0 0 0 0 0 0 124 233 112 1 0 0 0 0 231119 164309.053
0.0000000000 0.0000000000 0 0 0 0 0 0 127 230 112 1 0 0 0 0 231119 164309.253
0.0000000000 0.0000000000 0 0 0 0 0 0 128 232 112 1 0 0 0 0 231119 164309.454
0.0000000000 0.0000000000 0 0 0 0 0 0 185 236 112 1 0 0 0 0 231119 164309.654
0.0000000000 0.0000000000 0 0 0 0 0 0 82 236 112 1 0 0 0 0 231119 164309.854
0.0000000000 0.0000000000 0 0 0 0 0 0 95 230 112 1 0 0 0 0 231119 164310.054
0.0000000000 0.0000000000 0 0 0 0 0 0 133 244 112 1 0 0 0 0 231119 164310.254
0.0000000000 0.0000000000 0 0 0 0 0 0 63 245 112 1 0 0 0 0 231119 164310.454
0.0000000000 0.0000000000 0 0 0 0 0 0 199 243 112 1 0 0 0 0 231119 164310.655
0.0000000000 0.0000000000 0 0 0 0 0 0 225 237 112 1 0 0 0 0 231119 164310.855
0.0000000000 0.0000000000 0 0 0 0 0 0 95 243 112 1 0 0 0 0 231119 164311.055
0.0000000000 0.0000000000 0 0 0 0 0 0 23 246 112 1 0 0 0 0 231119 164311.255
0.0000000000 0.0000000000 0 0 0 0 0 0 223 236 112 1 0 0 0 0 231119 164311.455
0.0000000000 0.0000000000 0 0 0 0 0 0 47 249 112 1 0 0 0 0 231119 164311.655
0.0000000000 0.0000000000 0 0 0 0 0 0 33 250 112 1 0 0 0 0 231119 164311.855
0.0000000000 0.0000000000 0 0 0 0 0 0 184 248 112 1 0 0 0 0 231119 164312.056
0.0000000000 0.0000000000 0 0 0 0 0 0 58 3 112 1 0 0 0 0 231119 164312.256
0.0000000000 0.0000000000 0 0 0 0 0 0 103 252 112 1 0 0 0 0 231119 164312.456
0.0000000000 0.0000000000 0 0 0 0 0 0 87 255 112 1 0 0 0 0 231119 164312.656
0.0000000000 0.0000000000 0 0 0 0 0 0 70 4 112 1 0 0 0 0 231119 164312.856
0.0000000000 0.0000000000 0 0 0 0 0 0 0 0 112 1 0 0 0 0 231119 164313.056
0.0000000000 0.0000000000 0 0 0 0 0 0 0 0 112 1 0 0 0 0 231119 164313.257
0.0000000000 0.0000000000 0 0 0 0 0 0 0 0 112 1 0 0 0 0 231119 164313.457
0.0000000000 0.0000000000 0 0 0 0 0 0 0 0 112 1 0 0 0 0 231119 164313.657
0.0000000000 0.0000000000 0 0 0 0 0 0 0 0 112 1 0 0 0 0 231119 164313.857
0.0000000000 0.0000000000 0 0 0 0 0 0 0 0 112 1 0 0 0 0 231119 164314.057
0.0000000000 0.0000000000 0 0 0 0 0 0 0 0 112 1 0 0 0 0 231119 164314.257
0.0000000000 0.0000000000 0 0 0 0 0 0 0 0 112 1 0 0 0 0 231119 164314.457
0.0000000000 0.0000000000 0 0 0 0 0 0 0 0 112 1 0 0 0 0 231119 164314.658
0.0000000000 0.0000000000 0 0 0 0 0 0 0 0 112 1 0 0 0 0 231119 164314.858
0.0000000000 0.0000000000 0 0 0 0 0 0 0 0 112 1 0 0 0 0 231119 164315.058
0.0000000000 0.0000000000 0 0 0 0 0 0 0 0 112 1 0 0 0 0 231119 164315.258
0.0000000000 0.0000000000 0 0 0 0 0 0 96 20 112 1 0 0 0 0 231119 164315.458
0.0000000000 0.0000000000 0 0 0 0 0 0 3 20 112 1 0 0 0 0 231119 164315.658
0.0000000000 0.0000000000 0 0 0 0 0 0 242 12 112 1 0 0 0 0 231119 164315.858
0.0000000000 0.0000000000 0 0 0 0 0 0 65 19 112 1 0 0 0 0 231119 164316.059
0.0000000000 0.0000000000 0 0 0 0 0 0 92 26 112 1 0 0 0 0 231119 164316.259
0.0000000000 0.0000000000 0 0 0 0 0 0 166 24 112 1 0 0 0 0 231119 164316.459
0.0000000000 0.0000000000 0 0 0 0 0 0 175 26 112 1 0 0 0 0 231119 164316.659
0.0000000000 0.0000000000 0 0 0 0 0 0 75 26 112 1 0 0 0 0 231119 164316.859
0.0000000000 0.0000000000 0 0 0 0 0 0 8 25 112 1 0 0 0 0 231119 164317.059
0.0000000000 0.0000000000 0 0 0 0 0 0 226 30 112 1 0 0 0 0 231119 164317.260
0.0000000000 0.0000000000 0 0 0 0 0 0 132 32 112 1 0 0 0 0 231119 164317.460
0.0000000000 0.0000000000 0 0 0 0 0 0 61 35 112 1 0 0 0 0 231119 164317.660
0.0000000000 0.0000000000 0 0 0 0 0 0 114 32 112 1 0 0 0 0 231119 164317.860
0.0000000000 0.0000000000 0 0 0 0 0 0 90 35 112 1 0 0 0 0 231119 164318.060
0.0000000000 0.0000000000 0 0 0 0 0 0 222 26 112 1 0 0 0 0 231119 164318.260
0.0000000000 0.0000000000 0 0 0 0 0 0 107 37 112 1 0 0 0 0 231119 164318.460
0.0000000000 0.0000000000 0 0 0 0 0 0 112 30 112 1 0 0 0 0 231119 164318.661
0.0000000000 0.0000000000 0 0 0 0 0 0 192 35 112 1 0 0 0 0 231119 164318.861
0.0000000000 0.0000000000 0 0 0 0 0 0 162 36 112 1 0 0 0 0 231119 164319.061
0.0000000000 0.0000000000 0 0 0 0 0 0 203 33 112 1 0 0 0 0 231119 164319.261
0.0000000000 0.0000000000 0 0 0 0 0 0 104 35 112 1 0 0 0 0 231119 164319.461
0.0000000000 0.0000000000 0 0 0 0 0 0 135 36 112 1 0 0 0 0 231119 164319.661
0.0000000000 0.0000000000 0 0 0 0 0 0 247 37 112 1 0 0 0 0 231119 164319.861
0.0000000000 0.0000000000 0 0 0 0 0 0 26 41 112 1 0 0 0 0 231119 164320.062
0.0000000000 0.0000000000 0 0 0 0 0 0 35 35 112 1 0 0 0 0 231119 164320.262
0.0000000000 0.0000000000 0 0 0 0 0 0 130 38 112 1 0 0 0 0 231119 164320.462
0.0000000000 0.0000000000 0 0 0 0 0 0 248 37 112 1 0 0 0 0 231119 164320.662
0.0000000000 0.0000000000 0 0 0 0 0 0 32 42 112 1 0 0 0 0 231119 164320.862
0.0000000000 0.0000000000 0 0 0 0 0 0 156 39 112 1 0 0 0 0 231119 164321.062
0.0000000000 0.0000000000 0 0 0 0 0 0 204 42 112 1 0 0 0 0 231119 164321.262
0.0000000000 0.0000000000 0 0 0 0 0 0 201 43 112 1 0 0 0 0 231119 164321.463
0.0000000000 0.0000000000 0 0 0 0 0 0 250 37 112 1 0 0 0 0 231119 164321.663
0.0000000000 0.0000000000 0 0 0 0 0 0 227 40 112 1 0 0 0 0 231119 164321.863
0.0000000000 0.0000000000 0 0 0 0 0 0 242 41 112 1 0 0 0 0 231119 164322.063
0.0000000000 0.0000000000 0 0 0 0 0 0 73 42 112 1 0 0 0 0 231119 164322.263
0.0000000000 0.0000000000 0 0 0 0 0 0 30 44 112 1 0 0 0 0 231119 164322.463
0.0000000000 0.0000000000 0 0 0 0 0 0 53 43 112 1 0 0 0 0 231119 164322.663
0.0000000000 0.0000000000 0 0 0 0 0 0 153 41 112 1 0 0 0 0 231119 164322.864
0.0000000000 0.0000000000 0 0 0 0 0 0 209 40 112 1 0 0 0 0 231119 164323.064
0.0000000000 0.0000000000 0 0 0 0 0 0 15 40 112 1 0 0 0 0 231119 164323.264
0.0000000000 0.0000000000 0 0 0 0 0 0 51 35 112 1 0 0 0 0 231119 164323.464
0.0000000000 0.0000000000 0 0 0 0 0 0 145 45 112 1 0 0 0 0 231119 164323.664
0.0000000000 0.0000000000 0 0 0 0 0 0 106 43 112 1 0 0 0 0 231119 164323.864
0.0000000000 0.0000000000 0 0 0 0 0 0 255 127 112 1 0 0 0 0 231119 164324.065
