0.0000000000 0.0000000000 0 0 0 0 0 0 255 6 112 1 0 0 0 0 030619 155218.142
0.0000000000 0.0000000000 0 0 0 0 0 0 185 6 112 1 0 0 0 0 030619 155218.342
0.0000000000 0.0000000000 0 0 0 0 0 0 110 6 112 1 0 0 0 0 030619 155218.542
0.0000000000 0.0000000000 0 0 0 0 0 0 38 6 112 1 0 0 0 0 030619 155218.743
0.0000000000 0.0000000000 0 0 0 0 0 0 220 5 112 1 0 0 0 0 030619 155218.943
0.0000000000 0.0000000000 0 0 0 0 0 0 177 5 112 1 0 0 0 0 030619 155219.143
0.0000000000 0.0000000000 0 0 0 0 0 0 117 5 112 1 0 0 0 0 030619 155219.344
0.0000000000 0.0000000000 0 0 0 0 0 0 59 5 112 1 0 0 0 0 030619 155219.544
0.0000000000 0.0000000000 0 0 0 0 0 0 244 4 112 1 0 0 0 0 030619 155219.745
0.0000000000 0.0000000000 0 0 0 0 0 0 92 4 112 1 0 0 0 0 030619 155219.945
0.0000000000 0.0000000000 0 0 0 0 0 0 180 3 112 1 0 0 0 0 030619 155220.145
0.0000000000 0.0000000000 0 0 0 0 0 0 55 3 112 1 0 0 0 0 030619 155220.346
0.0000000000 0.0000000000 0 0 0 0 0 0 0 0 127 0 0 0 0 0 030619 155220.546
0.0000000000 0.0000000000 0 0 0 0 0 0 0 0 127 0 0 0 0 0 030619 155220.746
0.0000000000 0.0000000000 0 0 0 0 0 0 0 0 127 0 0 0 0 0 030619 155220.947
0.0000000000 0.0000000000 0 0 0 0 0 0 0 0 127 0 0 0 0 0 030619 155221.147
0.0000000000 0.0000000000 0 0 0 0 0 0 0 0 127 0 0 0 0 0 030619 155221.347
0.0000000000 0.0000000000 0 0 0 0 0 0 0 0 127 0 0 0 0 0 030619 155221.548
0.0000000000 0.0000000000 0 0 0 0 0 0 0 0 127 0 0 0 0 0 030619 155221.748
0.0000000000 0.0000000000 0 0 0 0 0 0 0 0 127 0 0 0 0 0 030619 155221.948
0.0000000000 0.0000000000 0 0 0 0 0 0 0 0 127 0 0 0 0 0 030619 155222.148
0.0000000000 0.0000000000 0 0 0 0 0 0 0 0 127 0 0 0 0 0 030619 155222.349
0.0000000000 0.0000000000 0 0 0 0 0 0 0 0 127 0 0 0 0 0 030619 155222.549
0.0000000000 0.0000000000 0 0 0 0 0 0 0 0 112 1 0 0 0 0 030619 155222.749
0.0000000000 0.0000000000 0 0 0 0 0 0 0 0 112 1 0 0 0 0 030619 155222.949
0.0000000000 0.0000000000 0 0 0 0 0 0 0 0 112 1 0 0 0 0 030619 155223.150
0.0000000000 0.0000000000 0 0 0 0 0 0 154 253 112 1 0 0 0 0 030619 155223.350
0.0000000000 0.0000000000 0 0 0 0 0 0 135 253 112 1 0 0 0 0 030619 155223.550
0.0000000000 0.0000000000 0 0 0 0 0 0 164 253 112 1 0 0 0 0 030619 155223.750
0.0000000000 0.0000000000 0 0 0 0 0 0 169 253 112 1 0 0 0 0 030619 155223.951
0.0000000000 0.0000000000 0 0 0 0 0 0 162 253 112 1 0 0 0 0 030619 155224.151
0.0000000000 0.0000000000 0 0 0 0 0 0 155 253 112 1 0 0 0 0 030619 155224.351
0.0000000000 0.0000000000 0 0 0 0 0 0 143 253 112 1 0 0 0 0 030619 155224.552
0.0000000000 0.0000000000 0 0 0 0 0 0 143 253 112 1 0 0 0 0 030619 155224.752
0.0000000000 0.0000000000 0 0 0 0 0 0 129 253 112 1 0 0 0 0 030619 155224.952
