0.0000000000 0.0000000000 0 0 0 0 0 0 0 0 112 1 0 0 0 0 191119 124325.104
0.0000000000 0.0000000000 0 0 0 0 0 0 0 0 112 1 0 0 0 0 191119 124325.304
0.0000000000 0.0000000000 0 0 0 0 0 0 0 0 112 1 0 0 0 0 191119 124325.505
0.0000000000 0.0000000000 0 0 0 0 0 0 0 0 112 1 0 0 0 0 191119 124325.705
0.0000000000 0.0000000000 0 0 0 0 0 0 5 217 112 1 0 0 0 0 191119 124325.906
0.0000000000 0.0000000000 0 0 0 0 0 0 233 218 112 1 0 0 0 0 191119 124326.106
0.0000000000 0.0000000000 0 0 0 0 0 0 26 233 112 1 0 0 0 0 191119 124326.306
0.0000000000 0.0000000000 0 0 0 0 0 0 225 216 112 1 0 0 0 0 191119 124326.507
0.0000000000 0.0000000000 0 0 0 0 0 0 3 216 112 1 0 0 0 0 191119 124326.707
0.0000000000 0.0000000000 0 0 0 0 0 0 94 207 112 1 0 0 0 0 191119 124326.907
0.0000000000 0.0000000000 0 0 0 0 0 0 26 209 112 1 0 0 0 0 191119 124327.108
0.0000000000 0.0000000000 0 0 0 0 0 0 62 210 112 1 0 0 0 0 191119 124327.308
0.0000000000 0.0000000000 0 0 0 0 0 0 235 224 112 1 0 0 0 0 191119 124327.508
0.0000000000 0.0000000000 0 0 0 0 0 0 0 0 127 0 0 0 0 0 191119 124327.709
0.0000000000 0.0000000000 0 0 0 0 0 0 0 0 127 0 0 0 0 0 191119 124327.909
0.0000000000 0.0000000000 0 0 0 0 0 0 0 0 127 0 0 0 0 0 191119 124328.109
0.0000000000 0.0000000000 0 0 0 0 0 0 0 0 127 0 0 0 0 0 191119 124328.310
0.0000000000 0.0000000000 0 0 0 0 0 0 0 0 127 0 0 0 0 0 191119 124328.510
0.0000000000 0.0000000000 0 0 0 0 0 0 0 0 127 0 0 0 0 0 191119 124328.711
0.0000000000 0.0000000000 0 0 0 0 0 0 0 0 127 0 0 0 0 0 191119 124328.911
0.0000000000 0.0000000000 0 0 0 0 0 0 0 0 127 0 0 0 0 0 191119 124329.111
0.0000000000 0.0000000000 0 0 0 0 0 0 0 0 127 0 0 0 0 0 191119 124329.312
0.0000000000 0.0000000000 0 0 0 0 0 0 0 0 127 0 0 0 0 0 191119 124329.512
0.0000000000 0.0000000000 0 0 0 0 0 0 0 0 127 0 0 0 0 0 191119 124329.713
0.0000000000 0.0000000000 0 0 0 0 0 0 0 0 127 0 0 0 0 0 191119 124329.913
