0.0000000000 0.0000000000 0 0 0 0 0 0 0 0 112 1 0 0 0 0 041019 162040.911
0.0000000000 0.0000000000 0 0 0 0 0 0 0 0 112 1 0 0 0 0 041019 162041.111
0.0000000000 0.0000000000 0 0 0 0 0 0 0 0 112 1 0 0 0 0 041019 162041.311
0.0000000000 0.0000000000 0 0 0 0 0 0 0 0 112 1 0 0 0 0 041019 162041.511
0.0000000000 0.0000000000 0 0 0 0 0 0 0 0 112 1 0 0 0 0 041019 162041.711
0.0000000000 0.0000000000 0 0 0 0 0 0 0 0 112 1 0 0 0 0 041019 162041.911
0.0000000000 0.0000000000 0 0 0 0 0 0 0 0 112 1 0 0 0 0 041019 162042.111
0.0000000000 0.0000000000 0 0 0 0 0 0 0 0 112 1 0 0 0 0 041019 162042.312
0.0000000000 0.0000000000 0 0 0 0 0 0 0 0 112 1 0 0 0 0 041019 162042.512
0.0000000000 0.0000000000 0 0 0 0 0 0 0 0 112 1 0 0 0 0 041019 162042.712
0.0000000000 0.0000000000 0 0 0 0 0 0 0 0 112 1 0 0 0 0 041019 162042.912
0.0000000000 0.0000000000 0 0 0 0 0 0 0 0 112 1 0 0 0 0 041019 162043.112
0.0000000000 0.0000000000 0 0 0 0 0 0 0 0 112 1 0 0 0 0 041019 162043.312
0.0000000000 0.0000000000 0 0 0 0 0 0 0 0 112 1 0 0 0 0 041019 162043.513
0.0000000000 0.0000000000 0 0 0 0 0 0 0 0 112 1 0 0 0 0 041019 162043.713
0.0000000000 0.0000000000 0 0 0 0 0 0 0 0 112 1 0 0 0 0 041019 162043.913
0.0000000000 0.0000000000 0 0 0 0 0 0 0 0 112 1 0 0 0 0 041019 162044.113
0.0000000000 0.0000000000 0 0 0 0 0 0 0 0 112 1 0 0 0 0 041019 162044.313
0.0000000000 0.0000000000 0 0 0 0 0 0 0 0 112 1 0 0 0 0 041019 162044.514
0.0000000000 0.0000000000 0 0 0 0 0 0 0 0 112 1 0 0 0 0 041019 162044.714
0.0000000000 0.0000000000 0 0 0 0 0 0 0 0 112 1 0 0 0 0 041019 162044.914
0.0000000000 0.0000000000 0 0 0 0 0 0 0 0 112 1 0 0 0 0 041019 162045.114
0.0000000000 0.0000000000 0 0 0 0 0 0 0 0 112 1 0 0 0 0 041019 162045.314
0.0000000000 0.0000000000 0 0 0 0 0 0 0 0 112 1 0 0 0 0 041019 162045.515
0.0000000000 0.0000000000 0 0 0 0 0 0 0 0 112 1 0 0 0 0 041019 162045.715
0.0000000000 0.0000000000 0 0 0 0 0 0 0 0 112 1 0 0 0 0 041019 162045.915
0.0000000000 0.0000000000 0 0 0 0 0 0 0 0 112 1 0 0 0 0 041019 162046.115
0.0000000000 0.0000000000 0 0 0 0 0 0 0 0 112 1 0 0 0 0 041019 162046.315
