0.0000000000 0.0000000000 0 0 0 0 0 0 0 0 127 0 0 0 0 0 250519 101506.627
0.0000000000 0.0000000000 0 0 0 0 0 0 0 0 112 1 0 0 0 0 250519 101506.828
0.0000000000 0.0000000000 0 0 0 0 0 0 0 0 112 1 0 0 0 0 250519 101507.028
0.0000000000 0.0000000000 0 0 0 0 0 0 0 0 112 1 0 0 0 0 250519 101507.229
0.0000000000 0.0000000000 0 0 0 0 0 0 0 0 112 1 0 0 0 0 250519 101507.429
0.0000000000 0.0000000000 0 0 0 0 0 0 0 0 127 0 0 0 0 0 250519 101507.630
0.0000000000 0.0000000000 0 0 0 0 0 0 0 0 127 0 0 0 0 0 250519 101507.831
0.0000000000 0.0000000000 0 0 0 0 0 0 0 0 112 1 0 0 0 0 250519 101508.031
0.0000000000 0.0000000000 0 0 0 0 0 0 0 0 112 1 0 0 0 0 250519 101508.231
0.0000000000 0.0000000000 0 0 0 0 0 0 0 0 112 1 0 0 0 0 250519 101508.432
0.0000000000 0.0000000000 0 0 0 0 0 0 0 0 112 1 0 0 0 0 250519 101508.632
0.0000000000 0.0000000000 0 0 0 0 0 0 0 0 127 0 0 0 0 0 250519 101508.833
0.0000000000 0.0000000000 0 0 0 0 0 0 0 0 127 0 0 0 0 0 250519 101509.034
0.0000000000 0.0000000000 0 0 0 0 0 0 0 0 112 1 0 0 0 0 250519 101509.234
0.0000000000 0.0000000000 0 0 0 0 0 0 0 0 112 1 0 0 0 0 250519 101509.435
0.0000000000 0.0000000000 0 0 0 0 0 0 0 0 127 0 0 0 0 0 250519 101509.635
0.0000000000 0.0000000000 0 0 0 0 0 0 0 0 112 1 0 0 0 0 250519 101509.836
0.0000000000 0.0000000000 0 0 0 0 0 0 0 0 112 1 0 0 0 0 250519 101510.036
0.0000000000 0.0000000000 0 0 0 0 0 0 0 0 112 1 0 0 0 0 250519 101510.237
0.0000000000 0.0000000000 0 0 0 0 0 0 0 0 127 0 0 0 0 0 250519 101510.438
0.0000000000 0.0000000000 0 0 0 0 0 0 0 0 127 0 0 0 0 0 250519 101510.638
0.0000000000 0.0000000000 0 0 0 0 0 0 0 0 127 0 0 0 0 0 250519 101510.839
0.0000000000 0.0000000000 0 0 0 0 0 0 0 0 127 0 0 0 0 0 250519 101511.039
0.0000000000 0.0000000000 0 0 0 0 0 0 0 0 127 0 0 0 0 0 250519 101511.240
0.0000000000 0.0000000000 0 0 0 0 0 0 0 0 127 0 0 0 0 0 250519 101511.440
0.0000000000 0.0000000000 0 0 0 0 0 0 0 0 112 1 0 0 0 0 250519 101511.641
0.0000000000 0.0000000000 0 0 0 0 0 0 0 0 127 0 0 0 0 0 250519 101511.841
0.0000000000 0.0000000000 0 0 0 0 0 0 0 0 127 0 0 0 0 0 250519 101512.042
0.0000000000 0.0000000000 0 0 0 0 0 0 0 0 127 0 0 0 0 0 250519 101512.243
0.0000000000 0.0000000000 0 0 0 0 0 0 0 0 127 0 0 0 0 0 250519 101512.444
0.0000000000 0.0000000000 0 0 0 0 0 0 0 0 127 0 0 0 0 0 250519 101512.645
0.0000000000 0.0000000000 0 0 0 0 0 0 0 0 112 1 0 0 0 0 250519 101512.845
0.0000000000 0.0000000000 0 0 0 0 0 0 0 0 112 1 0 0 0 0 250519 101513.046
0.0000000000 0.0000000000 0 0 0 0 0 0 0 0 127 0 0 0 0 0 250519 101513.246
0.0000000000 0.0000000000 0 0 0 0 0 0 0 0 127 0 0 0 0 0 250519 101513.447
0.0000000000 0.0000000000 0 0 0 0 0 0 0 0 127 0 0 0 0 0 250519 101513.648
0.0000000000 0.0000000000 0 0 0 0 0 0 0 0 127 0 0 0 0 0 250519 101513.848
0.0000000000 0.0000000000 0 0 0 0 0 0 0 0 127 0 0 0 0 0 250519 101514.049
0.0000000000 0.0000000000 0 0 0 0 0 0 0 0 127 0 0 0 0 0 250519 101514.250
0.0000000000 0.0000000000 0 0 0 0 0 0 0 0 112 1 0 0 0 0 250519 101514.450
0.0000000000 0.0000000000 0 0 0 0 0 0 0 0 127 0 0 0 0 0 250519 101514.651
0.0000000000 0.0000000000 0 0 0 0 0 0 0 0 127 0 0 0 0 0 250519 101514.851
0.0000000000 0.0000000000 0 0 0 0 0 0 0 0 127 0 0 0 0 0 250519 101515.052
0.0000000000 0.0000000000 0 0 0 0 0 0 0 0 127 0 0 0 0 0 250519 101515.253
0.0000000000 0.0000000000 0 0 0 0 0 0 0 0 127 0 0 0 0 0 250519 101515.453
0.0000000000 0.0000000000 0 0 0 0 0 0 0 0 127 0 0 0 0 0 250519 101515.654
0.0000000000 0.0000000000 0 0 0 0 0 0 0 0 112 1 0 0 0 0 250519 101515.855
0.0000000000 0.0000000000 0 0 0 0 0 0 0 0 112 1 0 0 0 0 250519 101516.055
0.0000000000 0.0000000000 0 0 0 0 0 0 0 0 127 0 0 0 0 0 250519 101516.256
0.0000000000 0.0000000000 0 0 0 0 0 0 0 0 127 0 0 0 0 0 250519 101516.456
0.0000000000 0.0000000000 0 0 0 0 0 0 0 0 127 0 0 0 0 0 250519 101516.657
0.0000000000 0.0000000000 0 0 0 0 0 0 0 0 112 1 0 0 0 0 250519 101516.857
0.0000000000 0.0000000000 0 0 0 0 0 0 0 0 112 1 0 0 0 0 250519 101517.058
0.0000000000 0.0000000000 0 0 0 0 0 0 0 0 112 1 0 0 0 0 250519 101517.259
0.0000000000 0.0000000000 0 0 0 0 0 0 0 0 112 1 0 0 0 0 250519 101517.459
0.0000000000 0.0000000000 0 0 0 0 0 0 0 0 127 0 0 0 0 0 250519 101517.660
0.0000000000 0.0000000000 0 0 0 0 0 0 0 0 112 1 0 0 0 0 250519 101517.860
0.0000000000 0.0000000000 0 0 0 0 0 0 0 0 112 1 0 0 0 0 250519 101518.061
0.0000000000 0.0000000000 0 0 0 0 0 0 0 0 112 1 0 0 0 0 250519 101518.261
0.0000000000 0.0000000000 0 0 0 0 0 0 0 0 127 0 0 0 0 0 250519 101518.462
0.0000000000 0.0000000000 0 0 0 0 0 0 0 0 127 0 0 0 0 0 250519 101518.662
0.0000000000 0.0000000000 0 0 0 0 0 0 0 0 127 0 0 0 0 0 250519 101518.863
0.0000000000 0.0000000000 0 0 0 0 0 0 0 0 127 0 0 0 0 0 250519 101519.064
0.0000000000 0.0000000000 0 0 0 0 0 0 0 0 127 0 0 0 0 0 250519 101519.264
0.0000000000 0.0000000000 0 0 0 0 0 0 0 0 127 0 0 0 0 0 250519 101519.465
0.0000000000 0.0000000000 0 0 0 0 0 0 0 0 112 1 0 0 0 0 250519 101519.665
0.0000000000 0.0000000000 0 0 0 0 0 0 0 0 127 0 0 0 0 0 250519 101519.866
0.0000000000 0.0000000000 0 0 0 0 0 0 0 0 127 0 0 0 0 0 250519 101520.067
0.0000000000 0.0000000000 0 0 0 0 0 0 0 0 127 0 0 0 0 0 250519 101520.267
0.0000000000 0.0000000000 0 0 0 0 0 0 0 0 112 1 0 0 0 0 250519 101520.468
0.0000000000 0.0000000000 0 0 0 0 0 0 0 0 112 1 0 0 0 0 250519 101520.669
0.0000000000 0.0000000000 0 0 0 0 0 0 0 0 127 0 0 0 0 0 250519 101520.870
0.0000000000 0.0000000000 0 0 0 0 0 0 0 0 127 0 0 0 0 0 250519 101521.070
0.0000000000 0.0000000000 0 0 0 0 0 0 0 0 127 0 0 0 0 0 250519 101521.271
0.0000000000 0.0000000000 0 0 0 0 0 0 0 0 127 0 0 0 0 0 250519 101521.472
0.0000000000 0.0000000000 0 0 0 0 0 0 0 0 127 0 0 0 0 0 250519 101521.672
0.0000000000 0.0000000000 0 0 0 0 0 0 0 0 127 0 0 0 0 0 250519 101521.873
0.0000000000 0.0000000000 0 0 0 0 0 0 0 0 112 1 0 0 0 0 250519 101522.073
0.0000000000 0.0000000000 0 0 0 0 0 0 0 0 112 1 0 0 0 0 250519 101522.274
0.0000000000 0.0000000000 0 0 0 0 0 0 0 0 127 0 0 0 0 0 250519 101522.475
0.0000000000 0.0000000000 0 0 0 0 0 0 0 0 127 0 0 0 0 0 250519 101522.675
0.0000000000 0.0000000000 0 0 0 0 0 0 0 0 127 0 0 0 0 0 250519 101522.876
0.0000000000 0.0000000000 0 0 0 0 0 0 0 0 112 1 0 0 0 0 250519 101523.076
0.0000000000 0.0000000000 0 0 0 0 0 0 0 0 112 1 0 0 0 0 250519 101523.277
0.0000000000 0.0000000000 0 0 0 0 0 0 0 0 127 0 0 0 0 0 250519 101523.477
0.0000000000 0.0000000000 0 0 0 0 0 0 0 0 127 0 0 0 0 0 250519 101523.678
0.0000000000 0.0000000000 0 0 0 0 0 0 0 0 127 0 0 0 0 0 250519 101523.878
0.0000000000 0.0000000000 0 0 0 0 0 0 0 0 127 0 0 0 0 0 250519 101524.079
0.0000000000 0.0000000000 0 0 0 0 0 0 0 0 112 1 0 0 0 0 250519 101524.279
0.0000000000 0.0000000000 0 0 0 0 0 0 0 0 112 1 0 0 0 0 250519 101524.480
0.0000000000 0.0000000000 0 0 0 0 0 0 0 0 112 1 0 0 0 0 250519 101524.680
0.0000000000 0.0000000000 0 0 0 0 0 0 0 0 112 1 0 0 0 0 250519 101524.881
0.0000000000 0.0000000000 0 0 0 0 0 0 0 0 112 1 0 0 0 0 250519 101525.082
0.0000000000 0.0000000000 0 0 0 0 0 0 0 0 112 1 0 0 0 0 250519 101525.282
0.0000000000 0.0000000000 0 0 0 0 0 0 0 0 127 0 0 0 0 0 250519 101525.483
0.0000000000 0.0000000000 0 0 0 0 0 0 0 0 127 0 0 0 0 0 250519 101525.683
0.0000000000 0.0000000000 0 0 0 0 0 0 0 0 127 0 0 0 0 0 250519 101525.884
0.0000000000 0.0000000000 0 0 0 0 0 0 0 0 127 0 0 0 0 0 250519 101526.085
0.0000000000 0.0000000000 0 0 0 0 0 0 0 0 112 1 0 0 0 0 250519 101526.285
0.0000000000 0.0000000000 0 0 0 0 0 0 0 0 127 0 0 0 0 0 250519 101526.486
0.0000000000 0.0000000000 0 0 0 0 0 0 0 0 112 1 0 0 0 0 250519 101526.686
0.0000000000 0.0000000000 0 0 0 0 0 0 0 0 112 1 0 0 0 0 250519 101526.886
0.0000000000 0.0000000000 0 0 0 0 0 0 0 0 127 0 0 0 0 0 250519 101527.087
0.0000000000 0.0000000000 0 0 0 0 0 0 0 0 127 0 0 0 0 0 250519 101527.288
0.0000000000 0.0000000000 0 0 0 0 0 0 0 0 127 0 0 0 0 0 250519 101527.488
0.0000000000 0.0000000000 0 0 0 0 0 0 0 0 127 0 0 0 0 0 250519 101527.689
0.0000000000 0.0000000000 0 0 0 0 0 0 0 0 127 0 0 0 0 0 250519 101527.889
0.0000000000 0.0000000000 0 0 0 0 0 0 0 0 127 0 0 0 0 0 250519 101528.090
0.0000000000 0.0000000000 0 0 0 0 0 0 0 0 127 0 0 0 0 0 250519 101528.291
0.0000000000 0.0000000000 0 0 0 0 0 0 0 0 112 1 0 0 0 0 250519 101528.492
0.0000000000 0.0000000000 0 0 0 0 0 0 0 0 127 0 0 0 0 0 250519 101528.692
0.0000000000 0.0000000000 0 0 0 0 0 0 0 0 127 0 0 0 0 0 250519 101528.893
0.0000000000 0.0000000000 0 0 0 0 0 0 0 0 112 1 0 0 0 0 250519 101529.094
0.0000000000 0.0000000000 0 0 0 0 0 0 0 0 127 0 0 0 0 0 250519 101529.295
0.0000000000 0.0000000000 0 0 0 0 0 0 0 0 127 0 0 0 0 0 250519 101529.495
0.0000000000 0.0000000000 0 0 0 0 0 0 0 0 127 0 0 0 0 0 250519 101529.696
0.0000000000 0.0000000000 0 0 0 0 0 0 0 0 112 1 0 0 0 0 250519 101529.896
0.0000000000 0.0000000000 0 0 0 0 0 0 0 0 127 0 0 0 0 0 250519 101530.097
0.0000000000 0.0000000000 0 0 0 0 0 0 0 0 127 0 0 0 0 0 250519 101530.298
0.0000000000 0.0000000000 0 0 0 0 0 0 0 0 127 0 0 0 0 0 250519 101530.498
0.0000000000 0.0000000000 0 0 0 0 0 0 0 0 127 0 0 0 0 0 250519 101530.699
0.0000000000 0.0000000000 0 0 0 0 0 0 0 0 127 0 0 0 0 0 250519 101530.900
0.0000000000 0.0000000000 0 0 0 0 0 0 0 0 127 0 0 0 0 0 250519 101531.100
0.0000000000 0.0000000000 0 0 0 0 0 0 0 0 127 0 0 0 0 0 250519 101531.301
0.0000000000 0.0000000000 0 0 0 0 0 0 0 0 127 0 0 0 0 0 250519 101531.501
0.0000000000 0.0000000000 0 0 0 0 0 0 0 0 127 0 0 0 0 0 250519 101531.702
0.0000000000 0.0000000000 0 0 0 0 0 0 0 0 127 0 0 0 0 0 250519 101531.903
0.0000000000 0.0000000000 0 0 0 0 0 0 0 0 112 1 0 0 0 0 250519 101532.103
0.0000000000 0.0000000000 0 0 0 0 0 0 0 0 127 0 0 0 0 0 250519 101532.304
0.0000000000 0.0000000000 0 0 0 0 0 0 0 0 127 0 0 0 0 0 250519 101532.505
0.0000000000 0.0000000000 0 0 0 0 0 0 0 0 127 0 0 0 0 0 250519 101532.705
0.0000000000 0.0000000000 0 0 0 0 0 0 0 0 127 0 0 0 0 0 250519 101532.906
0.0000000000 0.0000000000 0 0 0 0 0 0 0 0 112 1 0 0 0 0 250519 101533.106
0.0000000000 0.0000000000 0 0 0 0 0 0 0 0 112 1 0 0 0 0 250519 101533.307
0.0000000000 0.0000000000 0 0 0 0 0 0 0 0 112 1 0 0 0 0 250519 101533.508
0.0000000000 0.0000000000 0 0 0 0 0 0 0 0 127 0 0 0 0 0 250519 101533.708
0.0000000000 0.0000000000 0 0 0 0 0 0 0 0 127 0 0 0 0 0 250519 101533.909
0.0000000000 0.0000000000 0 0 0 0 0 0 0 0 112 1 0 0 0 0 250519 101534.109
0.0000000000 0.0000000000 0 0 0 0 0 0 0 0 112 1 0 0 0 0 250519 101534.310
0.0000000000 0.0000000000 0 0 0 0 0 0 0 0 127 0 0 0 0 0 250519 101534.511
0.0000000000 0.0000000000 0 0 0 0 0 0 0 0 127 0 0 0 0 0 250519 101534.711
0.0000000000 0.0000000000 0 0 0 0 0 0 0 0 127 0 0 0 0 0 250519 101534.912
0.0000000000 0.0000000000 0 0 0 0 0 0 0 0 127 0 0 0 0 0 250519 101535.112
0.0000000000 0.0000000000 0 0 0 0 0 0 0 0 112 1 0 0 0 0 250519 101535.313
0.0000000000 0.0000000000 0 0 0 0 0 0 0 0 112 1 0 0 0 0 250519 101535.513
0.0000000000 0.0000000000 0 0 0 0 0 0 0 0 112 1 0 0 0 0 250519 101535.714
0.0000000000 0.0000000000 0 0 0 0 0 0 0 0 112 1 0 0 0 0 250519 101535.914
0.0000000000 0.0000000000 0 0 0 0 0 0 0 0 127 0 0 0 0 0 250519 101536.115
0.0000000000 0.0000000000 0 0 0 0 0 0 0 0 127 0 0 0 0 0 250519 101536.315
0.0000000000 0.0000000000 0 0 0 0 0 0 0 0 127 0 0 0 0 0 250519 101536.516
0.0000000000 0.0000000000 0 0 0 0 0 0 0 0 112 1 0 0 0 0 250519 101536.716
0.0000000000 0.0000000000 0 0 0 0 0 0 0 0 112 1 0 0 0 0 250519 101536.917
0.0000000000 0.0000000000 0 0 0 0 0 0 0 0 127 0 0 0 0 0 250519 101537.117
