0.0000000000 0.0000000000 0 0 0 0 0 0 0 0 127 0 0 0 0 0 230919 161804.105
0.0000000000 0.0000000000 0 0 0 0 0 0 0 0 127 0 0 0 0 0 230919 161804.305
0.0000000000 0.0000000000 0 0 0 0 0 0 0 0 127 0 0 0 0 0 230919 161804.505
0.0000000000 0.0000000000 0 0 0 0 0 0 0 0 127 0 0 0 0 0 230919 161804.705
0.0000000000 0.0000000000 0 0 0 0 0 0 0 0 127 0 0 0 0 0 230919 161804.906
0.0000000000 0.0000000000 0 0 0 0 0 0 0 0 127 0 0 0 0 0 230919 161805.106
0.0000000000 0.0000000000 0 0 0 0 0 0 0 0 127 0 0 0 0 0 230919 161805.306
0.0000000000 0.0000000000 0 0 0 0 0 0 0 0 127 0 0 0 0 0 230919 161805.506
0.0000000000 0.0000000000 0 0 0 0 0 0 0 0 127 0 0 0 0 0 230919 161805.706
0.0000000000 0.0000000000 0 0 0 0 0 0 0 0 127 0 0 0 0 0 230919 161805.907
0.0000000000 0.0000000000 0 0 0 0 0 0 0 0 127 0 0 0 0 0 230919 161806.107
0.0000000000 0.0000000000 0 0 0 0 0 0 0 0 127 0 0 0 0 0 230919 161806.307
0.0000000000 0.0000000000 0 0 0 0 0 0 0 0 127 0 0 0 0 0 230919 161806.507
0.0000000000 0.0000000000 0 0 0 0 0 0 0 0 127 0 0 0 0 0 230919 161806.708
0.0000000000 0.0000000000 0 0 0 0 0 0 0 0 127 0 0 0 0 0 230919 161806.908
0.0000000000 0.0000000000 0 0 0 0 0 0 0 0 127 0 0 0 0 0 230919 161807.108
0.0000000000 0.0000000000 0 0 0 0 0 0 0 0 127 0 0 0 0 0 230919 161807.308
0.0000000000 0.0000000000 0 0 0 0 0 0 0 0 127 0 0 0 0 0 230919 161807.509
0.0000000000 0.0000000000 0 0 0 0 0 0 0 0 127 0 0 0 0 0 230919 161807.709
0.0000000000 0.0000000000 0 0 0 0 0 0 0 0 127 0 0 0 0 0 230919 161807.909
0.0000000000 0.0000000000 0 0 0 0 0 0 0 0 127 0 0 0 0 0 230919 161808.110
0.0000000000 0.0000000000 0 0 0 0 0 0 0 0 127 0 0 0 0 0 230919 161808.310
0.0000000000 0.0000000000 0 0 0 0 0 0 0 0 127 0 0 0 0 0 230919 161808.510
0.0000000000 0.0000000000 0 0 0 0 0 0 0 0 127 0 0 0 0 0 230919 161808.710
0.0000000000 0.0000000000 0 0 0 0 0 0 0 0 127 0 0 0 0 0 230919 161808.910
0.0000000000 0.0000000000 0 0 0 0 0 0 0 0 127 0 0 0 0 0 230919 161809.111
0.0000000000 0.0000000000 0 0 0 0 0 0 0 0 127 0 0 0 0 0 230919 161809.311
0.0000000000 0.0000000000 0 0 0 0 0 0 0 0 127 0 0 0 0 0 230919 161809.511
0.0000000000 0.0000000000 0 0 0 0 0 0 0 0 127 0 0 0 0 0 230919 161809.712
0.0000000000 0.0000000000 0 0 0 0 0 0 0 0 127 0 0 0 0 0 230919 161809.912
0.0000000000 0.0000000000 0 0 0 0 0 0 0 0 127 0 0 0 0 0 230919 161810.112
0.0000000000 0.0000000000 0 0 0 0 0 0 0 0 127 0 0 0 0 0 230919 161810.312
0.0000000000 0.0000000000 0 0 0 0 0 0 0 0 127 0 0 0 0 0 230919 161810.513
0.0000000000 0.0000000000 0 0 0 0 0 0 0 0 127 0 0 0 0 0 230919 161810.713
0.0000000000 0.0000000000 0 0 0 0 0 0 0 0 127 0 0 0 0 0 230919 161810.913
0.0000000000 0.0000000000 0 0 0 0 0 0 0 0 127 0 0 0 0 0 230919 161811.113
0.0000000000 0.0000000000 0 0 0 0 0 0 0 0 127 0 0 0 0 0 230919 161811.313
0.0000000000 0.0000000000 0 0 0 0 0 0 0 0 127 0 0 0 0 0 230919 161811.514
0.0000000000 0.0000000000 0 0 0 0 0 0 0 0 127 0 0 0 0 0 230919 161811.714
0.0000000000 0.0000000000 0 0 0 0 0 0 0 0 127 0 0 0 0 0 230919 161811.914
0.0000000000 0.0000000000 0 0 0 0 0 0 0 0 127 0 0 0 0 0 230919 161812.115
0.0000000000 0.0000000000 0 0 0 0 0 0 0 0 127 0 0 0 0 0 230919 161812.315
0.0000000000 0.0000000000 0 0 0 0 0 0 0 0 127 0 0 0 0 0 230919 161812.515
0.0000000000 0.0000000000 0 0 0 0 0 0 0 0 127 0 0 0 0 0 230919 161812.716
0.0000000000 0.0000000000 0 0 0 0 0 0 0 0 127 0 0 0 0 0 230919 161812.916
0.0000000000 0.0000000000 0 0 0 0 0 0 0 0 127 0 0 0 0 0 230919 161813.116
0.0000000000 0.0000000000 0 0 0 0 0 0 0 0 127 0 0 0 0 0 230919 161813.316
0.0000000000 0.0000000000 0 0 0 0 0 0 0 0 127 0 0 0 0 0 230919 161813.517
0.0000000000 0.0000000000 0 0 0 0 0 0 0 0 127 0 0 0 0 0 230919 161813.717
0.0000000000 0.0000000000 0 0 0 0 0 0 0 0 127 0 0 0 0 0 230919 161813.917
0.0000000000 0.0000000000 0 0 0 0 0 0 0 0 127 0 0 0 0 0 230919 161814.118
0.0000000000 0.0000000000 0 0 0 0 0 0 0 0 127 0 0 0 0 0 230919 161814.318
0.0000000000 0.0000000000 0 0 0 0 0 0 0 0 127 0 0 0 0 0 230919 161814.518
0.0000000000 0.0000000000 0 0 0 0 0 0 0 0 127 0 0 0 0 0 230919 161814.719
0.0000000000 0.0000000000 0 0 0 0 0 0 0 0 127 0 0 0 0 0 230919 161814.919
0.0000000000 0.0000000000 0 0 0 0 0 0 0 0 127 0 0 0 0 0 230919 161815.119
0.0000000000 0.0000000000 0 0 0 0 0 0 0 0 127 0 0 0 0 0 230919 161815.320
0.0000000000 0.0000000000 0 0 0 0 0 0 0 0 127 0 0 0 0 0 230919 161815.520
0.0000000000 0.0000000000 0 0 0 0 0 0 0 0 127 0 0 0 0 0 230919 161815.720
0.0000000000 0.0000000000 0 0 0 0 0 0 0 0 127 0 0 0 0 0 230919 161815.920
0.0000000000 0.0000000000 0 0 0 0 0 0 0 0 127 0 0 0 0 0 230919 161816.121
0.0000000000 0.0000000000 0 0 0 0 0 0 0 0 127 0 0 0 0 0 230919 161816.321
0.0000000000 0.0000000000 0 0 0 0 0 0 0 0 127 0 0 0 0 0 230919 161816.521
0.0000000000 0.0000000000 0 0 0 0 0 0 0 0 127 0 0 0 0 0 230919 161816.721
0.0000000000 0.0000000000 0 0 0 0 0 0 0 0 127 0 0 0 0 0 230919 161816.922
0.0000000000 0.0000000000 0 0 0 0 0 0 0 0 127 0 0 0 0 0 230919 161817.122
0.0000000000 0.0000000000 0 0 0 0 0 0 0 0 127 0 0 0 0 0 230919 161817.322
0.0000000000 0.0000000000 0 0 0 0 0 0 0 0 127 0 0 0 0 0 230919 161817.522
0.0000000000 0.0000000000 0 0 0 0 0 0 0 0 127 0 0 0 0 0 230919 161817.723
0.0000000000 0.0000000000 0 0 0 0 0 0 0 0 127 0 0 0 0 0 230919 161817.923
0.0000000000 0.0000000000 0 0 0 0 0 0 0 0 127 0 0 0 0 0 230919 161818.123
0.0000000000 0.0000000000 0 0 0 0 0 0 0 0 127 0 0 0 0 0 230919 161818.323
0.0000000000 0.0000000000 0 0 0 0 0 0 0 0 127 0 0 0 0 0 230919 161818.524
0.0000000000 0.0000000000 0 0 0 0 0 0 0 0 127 0 0 0 0 0 230919 161818.724
0.0000000000 0.0000000000 0 0 0 0 0 0 0 0 127 0 0 0 0 0 230919 161818.924
0.0000000000 0.0000000000 0 0 0 0 0 0 0 0 127 0 0 0 0 0 230919 161819.124
0.0000000000 0.0000000000 0 0 0 0 0 0 0 0 127 0 0 0 0 0 230919 161819.325
0.0000000000 0.0000000000 0 0 0 0 0 0 0 0 127 0 0 0 0 0 230919 161819.525
0.0000000000 0.0000000000 0 0 0 0 0 0 0 0 127 0 0 0 0 0 230919 161819.725
0.0000000000 0.0000000000 0 0 0 0 0 0 0 0 127 0 0 0 0 0 230919 161819.925
0.0000000000 0.0000000000 0 0 0 0 0 0 0 0 127 0 0 0 0 0 230919 161820.126
0.0000000000 0.0000000000 0 0 0 0 0 0 0 0 127 0 0 0 0 0 230919 161820.326
0.0000000000 0.0000000000 0 0 0 0 0 0 0 0 127 0 0 0 0 0 230919 161820.526
0.0000000000 0.0000000000 0 0 0 0 0 0 0 0 127 0 0 0 0 0 230919 161820.726
0.0000000000 0.0000000000 0 0 0 0 0 0 0 0 127 0 0 0 0 0 230919 161820.927
0.0000000000 0.0000000000 0 0 0 0 0 0 0 0 127 0 0 0 0 0 230919 161821.127
0.0000000000 0.0000000000 0 0 0 0 0 0 0 0 127 0 0 0 0 0 230919 161821.327
0.0000000000 0.0000000000 0 0 0 0 0 0 0 0 127 0 0 0 0 0 230919 161821.527
0.0000000000 0.0000000000 0 0 0 0 0 0 0 0 127 0 0 0 0 0 230919 161821.728
0.0000000000 0.0000000000 0 0 0 0 0 0 0 0 127 0 0 0 0 0 230919 161821.928
0.0000000000 0.0000000000 0 0 0 0 0 0 0 0 127 0 0 0 0 0 230919 161822.128
0.0000000000 0.0000000000 0 0 0 0 0 0 0 0 127 0 0 0 0 0 230919 161822.328
0.0000000000 0.0000000000 0 0 0 0 0 0 0 0 127 0 0 0 0 0 230919 161822.529
0.0000000000 0.0000000000 0 0 0 0 0 0 0 0 127 0 0 0 0 0 230919 161822.729
0.0000000000 0.0000000000 0 0 0 0 0 0 0 0 127 0 0 0 0 0 230919 161822.929
0.0000000000 0.0000000000 0 0 0 0 0 0 0 0 127 0 0 0 0 0 230919 161823.130
0.0000000000 0.0000000000 0 0 0 0 0 0 0 0 127 0 0 0 0 0 230919 161823.330
0.0000000000 0.0000000000 0 0 0 0 0 0 0 0 127 0 0 0 0 0 230919 161823.530
0.0000000000 0.0000000000 0 0 0 0 0 0 0 0 127 0 0 0 0 0 230919 161823.730
0.0000000000 0.0000000000 0 0 0 0 0 0 0 0 127 0 0 0 0 0 230919 161823.931
0.0000000000 0.0000000000 0 0 0 0 0 0 0 0 127 0 0 0 0 0 230919 161824.131
0.0000000000 0.0000000000 0 0 0 0 0 0 0 0 127 0 0 0 0 0 230919 161824.331
0.0000000000 0.0000000000 0 0 0 0 0 0 0 0 127 0 0 0 0 0 230919 161824.531
0.0000000000 0.0000000000 0 0 0 0 0 0 0 0 127 0 0 0 0 0 230919 161824.732
0.0000000000 0.0000000000 0 0 0 0 0 0 0 0 127 0 0 0 0 0 230919 161824.932
0.0000000000 0.0000000000 0 0 0 0 0 0 0 0 127 0 0 0 0 0 230919 161825.132
0.0000000000 0.0000000000 0 0 0 0 0 0 0 0 127 0 0 0 0 0 230919 161825.332
0.0000000000 0.0000000000 0 0 0 0 0 0 0 0 127 0 0 0 0 0 230919 161825.532
0.0000000000 0.0000000000 0 0 0 0 0 0 0 0 127 0 0 0 0 0 230919 161825.733
0.0000000000 0.0000000000 0 0 0 0 0 0 0 0 127 0 0 0 0 0 230919 161825.933
0.0000000000 0.0000000000 0 0 0 0 0 0 0 0 127 0 0 0 0 0 230919 161826.133
0.0000000000 0.0000000000 0 0 0 0 0 0 0 0 127 0 0 0 0 0 230919 161826.333
0.0000000000 0.0000000000 0 0 0 0 0 0 0 0 127 0 0 0 0 0 230919 161826.534
0.0000000000 0.0000000000 0 0 0 0 0 0 0 0 127 0 0 0 0 0 230919 161826.734
0.0000000000 0.0000000000 0 0 0 0 0 0 0 0 127 0 0 0 0 0 230919 161826.934
0.0000000000 0.0000000000 0 0 0 0 0 0 0 0 127 0 0 0 0 0 230919 161827.134
0.0000000000 0.0000000000 0 0 0 0 0 0 0 0 127 0 0 0 0 0 230919 161827.334
0.0000000000 0.0000000000 0 0 0 0 0 0 0 0 127 0 0 0 0 0 230919 161827.535
0.0000000000 0.0000000000 0 0 0 0 0 0 0 0 127 0 0 0 0 0 230919 161827.735
0.0000000000 0.0000000000 0 0 0 0 0 0 0 0 127 0 0 0 0 0 230919 161827.935
0.0000000000 0.0000000000 0 0 0 0 0 0 0 0 127 0 0 0 0 0 230919 161828.135
0.0000000000 0.0000000000 0 0 0 0 0 0 0 0 127 0 0 0 0 0 230919 161828.335
0.0000000000 0.0000000000 0 0 0 0 0 0 0 0 127 0 0 0 0 0 230919 161828.536
0.0000000000 0.0000000000 0 0 0 0 0 0 0 0 127 0 0 0 0 0 230919 161828.736
0.0000000000 0.0000000000 0 0 0 0 0 0 0 0 127 0 0 0 0 0 230919 161828.936
0.0000000000 0.0000000000 0 0 0 0 0 0 0 0 127 0 0 0 0 0 230919 161829.136
0.0000000000 0.0000000000 0 0 0 0 0 0 0 0 127 0 0 0 0 0 230919 161829.337
0.0000000000 0.0000000000 0 0 0 0 0 0 0 0 127 0 0 0 0 0 230919 161829.537
0.0000000000 0.0000000000 0 0 0 0 0 0 0 0 127 0 0 0 0 0 230919 161829.737
0.0000000000 0.0000000000 0 0 0 0 0 0 0 0 127 0 0 0 0 0 230919 161829.938
0.0000000000 0.0000000000 0 0 0 0 0 0 0 0 127 0 0 0 0 0 230919 161830.138
0.0000000000 0.0000000000 0 0 0 0 0 0 0 0 127 0 0 0 0 0 230919 161830.338
0.0000000000 0.0000000000 0 0 0 0 0 0 0 0 127 0 0 0 0 0 230919 161830.539
0.0000000000 0.0000000000 0 0 0 0 0 0 0 0 127 0 0 0 0 0 230919 161830.739
0.0000000000 0.0000000000 0 0 0 0 0 0 0 0 127 0 0 0 0 0 230919 161830.939
0.0000000000 0.0000000000 0 0 0 0 0 0 0 0 127 0 0 0 0 0 230919 161831.139
0.0000000000 0.0000000000 0 0 0 0 0 0 0 0 127 0 0 0 0 0 230919 161831.340
0.0000000000 0.0000000000 0 0 0 0 0 0 0 0 127 0 0 0 0 0 230919 161831.540
0.0000000000 0.0000000000 0 0 0 0 0 0 0 0 127 0 0 0 0 0 230919 161831.740
0.0000000000 0.0000000000 0 0 0 0 0 0 0 0 127 0 0 0 0 0 230919 161831.940
0.0000000000 0.0000000000 0 0 0 0 0 0 0 0 127 0 0 0 0 0 230919 161832.141
0.0000000000 0.0000000000 0 0 0 0 0 0 0 0 127 0 0 0 0 0 230919 161832.341
0.0000000000 0.0000000000 0 0 0 0 0 0 0 0 127 0 0 0 0 0 230919 161832.541
0.0000000000 0.0000000000 0 0 0 0 0 0 0 0 127 0 0 0 0 0 230919 161832.741
0.0000000000 0.0000000000 0 0 0 0 0 0 0 0 127 0 0 0 0 0 230919 161832.942
0.0000000000 0.0000000000 0 0 0 0 0 0 0 0 127 0 0 0 0 0 230919 161833.142
0.0000000000 0.0000000000 0 0 0 0 0 0 0 0 127 0 0 0 0 0 230919 161833.342
0.0000000000 0.0000000000 0 0 0 0 0 0 0 0 127 0 0 0 0 0 230919 161833.542
0.0000000000 0.0000000000 0 0 0 0 0 0 0 0 127 0 0 0 0 0 230919 161833.743
0.0000000000 0.0000000000 0 0 0 0 0 0 0 0 127 0 0 0 0 0 230919 161833.943
0.0000000000 0.0000000000 0 0 0 0 0 0 0 0 127 0 0 0 0 0 230919 161834.143
0.0000000000 0.0000000000 0 0 0 0 0 0 0 0 127 0 0 0 0 0 230919 161834.344
0.0000000000 0.0000000000 0 0 0 0 0 0 0 0 127 0 0 0 0 0 230919 161834.544
0.0000000000 0.0000000000 0 0 0 0 0 0 0 0 127 0 0 0 0 0 230919 161834.744
0.0000000000 0.0000000000 0 0 0 0 0 0 0 0 127 0 0 0 0 0 230919 161834.944
0.0000000000 0.0000000000 0 0 0 0 0 0 0 0 127 0 0 0 0 0 230919 161835.145
0.0000000000 0.0000000000 0 0 0 0 0 0 0 0 127 0 0 0 0 0 230919 161835.345
0.0000000000 0.0000000000 0 0 0 0 0 0 0 0 127 0 0 0 0 0 230919 161835.545
0.0000000000 0.0000000000 0 0 0 0 0 0 0 0 127 0 0 0 0 0 230919 161835.746
0.0000000000 0.0000000000 0 0 0 0 0 0 0 0 127 0 0 0 0 0 230919 161835.946
0.0000000000 0.0000000000 0 0 0 0 0 0 0 0 127 0 0 0 0 0 230919 161836.146
0.0000000000 0.0000000000 0 0 0 0 0 0 0 0 127 0 0 0 0 0 230919 161836.346
0.0000000000 0.0000000000 0 0 0 0 0 0 0 0 127 0 0 0 0 0 230919 161836.547
0.0000000000 0.0000000000 0 0 0 0 0 0 0 0 127 0 0 0 0 0 230919 161836.747
0.0000000000 0.0000000000 0 0 0 0 0 0 0 0 127 0 0 0 0 0 230919 161836.947
0.0000000000 0.0000000000 0 0 0 0 0 0 0 0 127 0 0 0 0 0 230919 161837.147
0.0000000000 0.0000000000 0 0 0 0 0 0 0 0 127 0 0 0 0 0 230919 161837.348
0.0000000000 0.0000000000 0 0 0 0 0 0 0 0 127 0 0 0 0 0 230919 161837.548
0.0000000000 0.0000000000 0 0 0 0 0 0 0 0 127 0 0 0 0 0 230919 161837.748
0.0000000000 0.0000000000 0 0 0 0 0 0 0 0 127 0 0 0 0 0 230919 161837.948
0.0000000000 0.0000000000 0 0 0 0 0 0 0 0 127 0 0 0 0 0 230919 161838.149
0.0000000000 0.0000000000 0 0 0 0 0 0 0 0 127 0 0 0 0 0 230919 161838.349
0.0000000000 0.0000000000 0 0 0 0 0 0 0 0 127 0 0 0 0 0 230919 161838.549
0.0000000000 0.0000000000 0 0 0 0 0 0 0 0 127 0 0 0 0 0 230919 161838.749
0.0000000000 0.0000000000 0 0 0 0 0 0 0 0 127 0 0 0 0 0 230919 161838.950
0.0000000000 0.0000000000 0 0 0 0 0 0 0 0 127 0 0 0 0 0 230919 161839.150
0.0000000000 0.0000000000 0 0 0 0 0 0 0 0 127 0 0 0 0 0 230919 161839.350
0.0000000000 0.0000000000 0 0 0 0 0 0 0 0 127 0 0 0 0 0 230919 161839.550
0.0000000000 0.0000000000 0 0 0 0 0 0 0 0 127 0 0 0 0 0 230919 161839.751
0.0000000000 0.0000000000 0 0 0 0 0 0 0 0 127 0 0 0 0 0 230919 161839.951
0.0000000000 0.0000000000 0 0 0 0 0 0 0 0 127 0 0 0 0 0 230919 161840.152
0.0000000000 0.0000000000 0 0 0 0 0 0 0 0 127 0 0 0 0 0 230919 161840.352
0.0000000000 0.0000000000 0 0 0 0 0 0 0 0 127 0 0 0 0 0 230919 161840.552
0.0000000000 0.0000000000 0 0 0 0 0 0 0 0 127 0 0 0 0 0 230919 161840.752
0.0000000000 0.0000000000 0 0 0 0 0 0 0 0 127 0 0 0 0 0 230919 161840.952
0.0000000000 0.0000000000 0 0 0 0 0 0 0 0 127 0 0 0 0 0 230919 161841.153
0.0000000000 0.0000000000 0 0 0 0 0 0 0 0 127 0 0 0 0 0 230919 161841.353
0.0000000000 0.0000000000 0 0 0 0 0 0 0 0 127 0 0 0 0 0 230919 161841.553
0.0000000000 0.0000000000 0 0 0 0 0 0 0 0 127 0 0 0 0 0 230919 161841.753
0.0000000000 0.0000000000 0 0 0 0 0 0 0 0 127 0 0 0 0 0 230919 161841.953
0.0000000000 0.0000000000 0 0 0 0 0 0 0 0 127 0 0 0 0 0 230919 161842.154
0.0000000000 0.0000000000 0 0 0 0 0 0 0 0 127 0 0 0 0 0 230919 161842.354
0.0000000000 0.0000000000 0 0 0 0 0 0 0 0 127 0 0 0 0 0 230919 161842.554
0.0000000000 0.0000000000 0 0 0 0 0 0 0 0 127 0 0 0 0 0 230919 161842.754
0.0000000000 0.0000000000 0 0 0 0 0 0 0 0 127 0 0 0 0 0 230919 161842.954
0.0000000000 0.0000000000 0 0 0 0 0 0 0 0 127 0 0 0 0 0 230919 161843.155
0.0000000000 0.0000000000 0 0 0 0 0 0 0 0 127 0 0 0 0 0 230919 161843.355
0.0000000000 0.0000000000 0 0 0 0 0 0 0 0 127 0 0 0 0 0 230919 161843.555
0.0000000000 0.0000000000 0 0 0 0 0 0 0 0 127 0 0 0 0 0 230919 161843.755
0.0000000000 0.0000000000 0 0 0 0 0 0 0 0 127 0 0 0 0 0 230919 161843.955
0.0000000000 0.0000000000 0 0 0 0 0 0 0 0 127 0 0 0 0 0 230919 161844.156
0.0000000000 0.0000000000 0 0 0 0 0 0 0 0 127 0 0 0 0 0 230919 161844.356
0.0000000000 0.0000000000 0 0 0 0 0 0 0 0 127 0 0 0 0 0 230919 161844.556
0.0000000000 0.0000000000 0 0 0 0 0 0 0 0 127 0 0 0 0 0 230919 161844.757
0.0000000000 0.0000000000 0 0 0 0 0 0 0 0 127 0 0 0 0 0 230919 161844.957
0.0000000000 0.0000000000 0 0 0 0 0 0 0 0 127 0 0 0 0 0 230919 161845.158
0.0000000000 0.0000000000 0 0 0 0 0 0 0 0 127 0 0 0 0 0 230919 161845.358
0.0000000000 0.0000000000 0 0 0 0 0 0 0 0 127 0 0 0 0 0 230919 161845.558
0.0000000000 0.0000000000 0 0 0 0 0 0 0 0 127 0 0 0 0 0 230919 161845.758
0.0000000000 0.0000000000 0 0 0 0 0 0 0 0 127 0 0 0 0 0 230919 161845.958
0.0000000000 0.0000000000 0 0 0 0 0 0 0 0 127 0 0 0 0 0 230919 161846.159
0.0000000000 0.0000000000 0 0 0 0 0 0 0 0 127 0 0 0 0 0 230919 161846.359
0.0000000000 0.0000000000 0 0 0 0 0 0 0 0 127 0 0 0 0 0 230919 161846.559
0.0000000000 0.0000000000 0 0 0 0 0 0 0 0 127 0 0 0 0 0 230919 161846.759
0.0000000000 0.0000000000 0 0 0 0 0 0 0 0 127 0 0 0 0 0 230919 161846.959
0.0000000000 0.0000000000 0 0 0 0 0 0 0 0 127 0 0 0 0 0 230919 161847.160
0.0000000000 0.0000000000 0 0 0 0 0 0 0 0 127 0 0 0 0 0 230919 161847.360
0.0000000000 0.0000000000 0 0 0 0 0 0 0 0 127 0 0 0 0 0 230919 161847.560
0.0000000000 0.0000000000 0 0 0 0 0 0 0 0 127 0 0 0 0 0 230919 161847.761
0.0000000000 0.0000000000 0 0 0 0 0 0 0 0 127 0 0 0 0 0 230919 161847.961
0.0000000000 0.0000000000 0 0 0 0 0 0 0 0 127 0 0 0 0 0 230919 161848.161
0.0000000000 0.0000000000 0 0 0 0 0 0