0.0000000000 0.0000000000 0 0 0 0 0 0 133 205 112 1 0 0 0 0 030619 155332.684
0.0000000000 0.0000000000 0 0 0 0 0 0 169 205 112 1 0 0 0 0 030619 155332.884
0.0000000000 0.0000000000 0 0 0 0 0 0 218 205 112 1 0 0 0 0 030619 155333.084
0.0000000000 0.0000000000 0 0 0 0 0 0 249 205 112 1 0 0 0 0 030619 155333.285
0.0000000000 0.0000000000 0 0 0 0 0 0 37 206 112 1 0 0 0 0 030619 155333.485
0.0000000000 0.0000000000 0 0 0 0 0 0 62 206 112 1 0 0 0 0 030619 155333.685
0.0000000000 0.0000000000 0 0 0 0 0 0 120 206 112 1 0 0 0 0 030619 155333.886
0.0000000000 0.0000000000 0 0 0 0 0 0 142 206 112 1 0 0 0 0 030619 155334.086
0.0000000000 0.0000000000 0 0 0 0 0 0 174 206 112 1 0 0 0 0 030619 155334.286
0.0000000000 0.0000000000 0 0 0 0 0 0 231 206 112 1 0 0 0 0 030619 155334.487
