0.0000000000 0.0000000000 0 0 0 0 0 0 0 0 112 1 0 0 0 0 041019 164401.547
0.0000000000 0.0000000000 0 0 0 0 0 0 0 0 112 1 0 0 0 0 041019 164401.747
0.0000000000 0.0000000000 0 0 0 0 0 0 0 0 112 1 0 0 0 0 041019 164401.947
0.0000000000 0.0000000000 0 0 0 0 0 0 0 0 112 1 0 0 0 0 041019 164402.147
0.0000000000 0.0000000000 0 0 0 0 0 0 0 0 112 1 0 0 0 0 041019 164402.348
0.0000000000 0.0000000000 0 0 0 0 0 0 0 0 112 1 0 0 0 0 041019 164402.548
0.0000000000 0.0000000000 0 0 0 0 0 0 0 0 112 1 0 0 0 0 041019 164402.748
0.0000000000 0.0000000000 0 0 0 0 0 0 0 0 112 1 0 0 0 0 041019 164402.948
0.0000000000 0.0000000000 0 0 0 0 0 0 0 0 112 1 0 0 0 0 041019 164403.148
0.0000000000 0.0000000000 0 0 0 0 0 0 0 0 112 1 0 0 0 0 041019 164403.348
0.0000000000 0.0000000000 0 0 0 0 0 0 0 0 112 1 0 0 0 0 041019 164403.549
0.0000000000 0.0000000000 0 0 0 0 0 0 0 0 112 1 0 0 0 0 041019 164403.749
0.0000000000 0.0000000000 0 0 0 0 0 0 0 0 112 1 0 0 0 0 041019 164403.949
0.0000000000 0.0000000000 0 0 0 0 0 0 0 0 112 1 0 0 0 0 041019 164404.149
0.0000000000 0.0000000000 0 0 0 0 0 0 0 0 112 1 0 0 0 0 041019 164404.349
0.0000000000 0.0000000000 0 0 0 0 0 0 0 0 112 1 0 0 0 0 041019 164404.550
0.0000000000 0.0000000000 0 0 0 0 0 0 0 0 112 1 0 0 0 0 041019 164404.750
0.0000000000 0.0000000000 0 0 0 0 0 0 0 0 112 1 0 0 0 0 041019 164404.950
0.0000000000 0.0000000000 0 0 0 0 0 0 0 0 112 1 0 0 0 0 041019 164405.150
0.0000000000 0.0000000000 0 0 0 0 0 0 0 0 112 1 0 0 0 0 041019 164405.350
0.0000000000 0.0000000000 0 0 0 0 0 0 0 0 112 1 0 0 0 0 041019 164405.550
0.0000000000 0.0000000000 0 0 0 0 0 0 0 0 112 1 0 0 0 0 041019 164405.751
0.0000000000 0.0000000000 0 0 0 0 0 0 0 0 112 1 0 0 0 0 041019 164405.951
0.0000000000 0.0000000000 0 0 0 0 0 0 0 0 112 1 0 0 0 0 041019 164406.151
0.0000000000 0.0000000000 0 0 0 0 0 0 0 0 112 1 0 0 0 0 041019 164406.351
0.0000000000 0.0000000000 0 0 0 0 0 0 0 0 112 1 0 0 0 0 041019 164406.551
0.0000000000 0.0000000000 0 0 0 0 0 0 0 0 112 1 0 0 0 0 041019 164406.751
0.0000000000 0.0000000000 0 0 0 0 0 0 0 0 112 1 0 0 0 0 041019 164406.952
0.0000000000 0.0000000000 0 0 0 0 0 0 0 0 112 1 0 0 0 0 041019 164407.152
0.0000000000 0.0000000000 0 0 0 0 0 0 0 0 112 1 0 0 0 0 041019 164407.352
0.0000000000 0.0000000000 0 0 0 0 0 0 0 0 112 1 0 0 0 0 041019 164407.552
0.0000000000 0.0000000000 0 0 0 0 0 0 0 0 112 1 0 0 0 0 041019 164407.752
0.0000000000 0.0000000000 0 0 0 0 0 0 0 0 112 1 0 0 0 0 041019 164407.952
0.0000000000 0.0000000000 0 0 0 0 0 0 0 0 112 1 0 0 0 0 041019 164408.153
0.0000000000 0.0000000000 0 0 0 0 0 0 0 0 112 1 0 0 0 0 041019 164408.353
0.0000000000 0.0000000000 0 0 0 0 0 0 0 0 112 1 0 0 0 0 041019 164408.553
0.0000000000 0.0000000000 0 0 0 0 0 0 0 0 112 1 0 0 0 0 041019 164408.753
0.0000000000 0.0000000000 0 0 0 0 0 0 0 0 112 1 0 0 0 0 041019 164408.953
0.0000000000 0.0000000000 0 0 0 0 0 0 0 0 112 1 0 0 0 0 041019 164409.153
0.0000000000 0.0000000000 0 0 0 0 0 0 0 0 112 1 0 0 0 0 041019 164409.354
0.0000000000 0.0000000000 0 0 0 0 0 0 0 0 112 1 0 0 0 0 041019 164409.554
0.0000000000 0.0000000000 0 0 0 0 0 0 0 0 112 1 0 0 0 0 041019 164409.754
0.0000000000 0.0000000000 0 0 0 0 0 0 0 0 112 1 0 0 0 0 041019 164409.954
0.0000000000 0.0000000000 0 0 0 0 0 0 0 0 112 1 0 0 0 0 041019 164410.155
0.0000000000 0.0000000000 0 0 0 0 0 0 0 0 112 1 0 0 0 0 041019 164410.355
0.0000000000 0.0000000000 0 0 0 0 0 0 0 0 112 1 0 0 0 0 041019 164410.555
0.0000000000 0.0000000000 0 0 0 0 0 0 0 0 112 1 0 0 0 0 041019 164410.755
0.0000000000 0.0000000000 0 0 0 0 0 0 0 0 112 1 0 0 0 0 041019 164410.955
0.0000000000 0.0000000000 0 0 0 0 0 0 0 0 112 1 0 0 0 0 041019 164411.155
0.0000000000 0.0000000000 0 0 0 0 0 0 0 0 112 1 0 0 0 0 041019 164411.356
0.0000000000 0.0000000000 0 0 0 0 0 0 0 0 112 1 0 0 0 0 041019 164411.556
0.0000000000 0.0000000000 0 0 0 0 0 0 0 0 112 1 0 0 0 0 041019 164411.756
0.0000000000 0.0000000000 0 0 0 0 0 0 0 0 112 1 0 0 0 0 041019 164411.956
0.0000000000 0.0000000000 0 0 0 0 0 0 0 0 112 1 0 0 0 0 041019 164412.156
0.0000000000 0.0000000000 0 0 0 0 0 0 0 0 112 1 0 0 0 0 041019 164412.357
0.0000000000 0.0000000000 0 0 0 0 0 0 0 0 112 1 0 0 0 0 041019 164412.557
0.0000000000 0.0000000000 0 0 0 0 0 0 0 0 112 1 0 0 0 0 041019 164412.757
0.0000000000 0.0000000000 0 0 0 0 0 0 0 0 112 1 0 0 0 0 041019 164412.957
0.0000000000 0.0000000000 0 0 0 0 0 0 0 0 112 1 0 0 0 0 041019 164413.157
0.0000000000 0.0000000000 0 0 0 0 0 0 0 0 112 1 0 0 0 0 041019 164413.357
0.0000000000 0.0000000000 0 0 0 0 0 0 0 0 112 1 0 0 0 0 041019 164413.558
0.0000000000 0.0000000000 0 0 0 0 0 0 0 0 112 1 0 0 0 0 041019 164413.758
0.0000000000 0.0000000000 0 0 0 0 0 0 0 0 112 1 0 0 0 0 041019 164413.958
0.0000000000 0.0000000000 0 0 0 0 0 0 0 0 112 1 0 0 0 0 041019 164414.158
0.0000000000 0.0000000000 0 0 0 0 0 0 0 0 112 1 0 0 0 0 041019 164414.358
0.0000000000 0.0000000000 0 0 0 0 0 0 0 0 112 1 0 0 0 0 041019 164414.558
0.0000000000 0.0000000000 0 0 0 0 0 0 0 0 112 1 0 0 0 0 041019 164414.759
0.0000000000 0.0000000000 0 0 0 0 0 0 0 0 112 1 0 0 0 0 041019 164414.959
0.0000000000 0.0000000000 0 0 0 0 0 0 0 0 112 1 0 0 0 0 041019 164415.159
0.0000000000 0.0000000000 0 0 0 0 0 0 0 0 112 1 0 0 0 0 041019 164415.359
0.0000000000 0.0000000000 0 0 0 0 0 0 0 0 112 1 0 0 0 0 041019 164415.559
0.0000000000 0.0000000000 0 0 0 0 0 0 0 0 112 1 0 0 0 0 041019 164415.759
0.0000000000 0.0000000000 0 0 0 0 0 0 0 0 112 1 0 0 0 0 041019 164415.960
0.0000000000 0.0000000000 0 0 0 0 0 0 0 0 112 1 0 0 0 0 041019 164416.160
0.0000000000 0.0000000000 0 0 0 0 0 0 0 0 112 1 0 0 0 0 041019 164416.360
0.0000000000 0.0000000000 0 0 0 0 0 0 0 0 112 1 0 0 0 0 041019 164416.560
0.0000000000 0.0000000000 0 0 0 0 0 0 0 0 112 1 0 0 0 0 041019 164416.760
0.0000000000 0.0000000000 0 0 0 0 0 0 0 0 112 1 0 0 0 0 041019 164416.961
0.0000000000 0.0000000000 0 0 0 0 0 0 0 0 112 1 0 0 0 0 041019 164417.161
0.0000000000 0.0000000000 0 0 0 0 0 0 0 0 112 1 0 0 0 0 041019 164417.361
0.0000000000 0.0000000000 0 0 0 0 0 0 0 0 112 1 0 0 0 0 041019 164417.561
0.0000000000 0.0000000000 0 0 0 0 0 0 0 0 112 1 0 0 0 0 041019 164417.761
0.0000000000 0.0000000000 0 0 0 0 0 0 0 0 112 1 0 0 0 0 041019 164417.962
0.0000000000 0.0000000000 0 0 0 0 0 0 0 0 112 1 0 0 0 0 041019 164418.162
0.0000000000 0.0000000000 0 0 0 0 0 0 0 0 112 1 0 0 0 0 041019 164418.362
0.0000000000 0.0000000000 0 0 0 0 0 0 0 0 112 1 0 0 0 0 041019 164418.562
0.0000000000 0.0000000000 0 0 0 0 0 0 0 0 112 1 0 0 0 0 041019 164418.762
0.0000000000 0.0000000000 0 0 0 0 0 0 0 0 112 1 0 0 0 0 041019 164418.963
0.0000000000 0.0000000000 0 0 0 0 0 0 0 0 112 1 0 0 0 0 041019 164419.163
0.0000000000 0.0000000000 0 0 0 0 0 0 0 0 112 1 0 0 0 0 041019 164419.363
0.0000000000 0.0000000000 0 0 0 0 0 0 0 0 112 1 0 0 0 0 041019 164419.563
0.0000000000 0.0000000000 0 0 0 0 0 0 0 0 112 1 0 0 0 0 041019 164419.763
0.0000000000 0.0000000000 0 0 0 0 0 0 0 0 112 1 0 0 0 0 041019 164419.963
0.0000000000 0.0000000000 0 0 0 0 0 0 0 0 112 1 0 0 0 0 041019 164420.164
0.0000000000 0.0000000000 0 0 0 0 0 0 0 0 112 1 0 0 0 0 041019 164420.364
0.0000000000 0.0000000000 0 0 0 0 0 0 0 0 112 1 0 0 0 0 041019 164420.564
0.0000000000 0.0000000000 0 0 0 0 0 0 0 0 112 1 0 0 0 0 041019 164420.764
0.0000000000 0.0000000000 0 0 0 0 0 0 0 0 112 1 0 0 0 0 041019 164420.964
0.0000000000 0.0000000000 0 0 0 0 0 0 0 0 112 1 0 0 0 0 041019 164421.164
0.0000000000 0.0000000000 0 0 0 0 0 0 0 0 112 1 0 0 0 0 041019 164421.364
0.0000000000 0.0000000000 0 0 0 0 0 0 0 0 112 1 0 0 0 0 041019 164421.565
0.0000000000 0.0000000000 0 0 0 0 0 0 0 0 112 1 0 0 0 0 041019 164421.765
0.0000000000 0.0000000000 0 0 0 0 0 0 0 0 112 1 0 0 0 0 041019 164421.965
0.0000000000 0.0000000000 0 0 0 0 0 0 0 0 112 1 0 0 0 0 041019 164422.165
0.0000000000 0.0000000000 0 0 0 0 0 0 0 0 112 1 0 0 0 0 041019 164422.365
0.0000000000 0.0000000000 0 0 0 0 0 0 0 0 112 1 0 0 0 0 041019 164422.565
0.0000000000 0.0000000000 0 0 0 0 0 0 0 0 112 1 0 0 0 0 041019 164422.766
0.0000000000 0.0000000000 0 0 0 0 0 0 0 0 112 1 0 0 0 0 041019 164422.966
0.0000000000 0.0000000000 0 0 0 0 0 0 0 0 112 1 0 0 0 0 041019 164423.166
0.0000000000 0.0000000000 0 0 0 0 0 0 0 0 112 1 0 0 0 0 041019 164423.366
0.0000000000 0.0000000000 0 0 0 0 0 0 0 0 112 1 0 0 0 0 041019 164423.566
0.0000000000 0.0000000000 0 0 0 0 0 0 0 0 112 1 0 0 0 0 041019 164423.767
0.0000000000 0.0000000000 0 0 0 0 0 0 0 0 112 1 0 0 0 0 041019 164423.967
0.0000000000 0.0000000000 0 0 0 0 0 0 0 0 112 1 0 0 0 0 041019 164424.167
0.0000000000 0.0000000000 0 0 0 0 0 0 0 0 112 1 0 0 0 0 041019 164424.367
0.0000000000 0.0000000000 0 0 0 0 0 0 0 0 112 1 0 0 0 0 041019 164424.567
0.0000000000 0.0000000000 0 0 0 0 0 0 0 0 112 1 0 0 0 0 041019 164424.767
0.0000000000 0.0000000000 0 0 0 0 0 0 0 0 112 1 0 0 0 0 041019 164424.968
0.0000000000 0.0000000000 0 0 0 0 0 0 0 0 112 1 0 0 0 0 041019 164425.168
0.0000000000 0.0000000000 0 0 0 0 0 0 0 0 112 1 0 0 0 0 041019 164425.368
0.0000000000 0.0000000000 0 0 0 0 0 0 0 0 112 1 0 0 0 0 041019 164425.568
0.0000000000 0.0000000000 0 0 0 0 0 0 0 0 112 1 0 0 0 0 041019 164425.768
0.0000000000 0.0000000000 0 0 0 0 0 0 0 0 112 1 0 0 0 0 041019 164425.968
0.0000000000 0.0000000000 0 0 0 0 0 0 0 0 112 1 0 0 0 0 041019 164426.169
0.0000000000 0.0000000000 0 0 0 0 0 0 0 0 112 1 0 0 0 0 041019 164426.369
0.0000000000 0.0000000000 0 0 0 0 0 0 0 0 112 1 0 0 0 0 041019 164426.569
0.0000000000 0.0000000000 0 0 0 0 0 0 0 0 112 1 0 0 0 0 041019 164426.769
0.0000000000 0.0000000000 0 0 0 0 0 0 0 0 112 1 0 0 0 0 041019 164426.969
0.0000000000 0.0000000000 0 0 0 0 0 0 0 0 112 1 0 0 0 0 041019 164427.169
0.0000000000 0.0000000000 0 0 0 0 0 0 0 0 112 1 0 0 0 0 041019 164427.370
0.0000000000 0.0000000000 0 0 0 0 0 0 0 0 112 1 0 0 0 0 041019 164427.570
0.0000000000 0.0000000000 0 0 0 0 0 0 0 0 112 1 0 0 0 0 041019 164427.770
0.0000000000 0.0000000000 0 0 0 0 0 0 0 0 112 1 0 0 0 0 041019 164427.970
0.0000000000 0.0000000000 0 0 0 0 0 0 0 0 112 1 0 0 0 0 041019 164428.171
0.0000000000 0.0000000000 0 0 0 0 0 0 0 0 112 1 0 0 0 0 041019 164428.371
0.0000000000 0.0000000000 0 0 0 0 0 0 0 0 112 1 0 0 0 0 041019 164428.571
0.0000000000 0.0000000000 0 0 0 0 0 0 0 0 112 1 0 0 0 0 041019 164428.771
0.0000000000 0.0000000000 0 0 0 0 0 0 0 0 112 1 0 0 0 0 041019 164428.971
0.0000000000 0.0000000000 0 0 0 0 0 0 0 0 112 1 0 0 0 0 041019 164429.172
0.0000000000 0.0000000000 0 0 0 0 0 0 0 0 112 1 0 0 0 0 041019 164429.372
0.0000000000 0.0000000000 0 0 0 0 0 0 0 0 112 1 0 0 0 0 041019 164429.572
0.0000000000 0.0000000000 0 0 0 0 0 0 0 0 112 1 0 0 0 0 041019 164429.772
0.0000000000 0.0000000000 0 0 0 0 0 0 0 0 112 1 0 0 0 0 041019 164429.973
0.0000000000 0.0000000000 0 0 0 0 0 0 0 0 112 1 0 0 0 0 041019 164430.173
0.0000000000 0.0000000000 0 0 0 0 0 0 0 0 112 1 0 0 0 0 041019 164430.373
0.0000000000 0.0000000000 0 0 0 0 0 0 0 0 112 1 0 0 0 0 041019 164430.573
0.0000000000 0.0000000000 0 0 0 0 0 0 0 0 112 1 0 0 0 0 041019 164430.773
0.0000000000 0.0000000000 0 0 0 0 0 0 0 0 112 1 0 0 0 0 041019 164430.974
0.0000000000 0.0000000000 0 0 0 0 0 0 0 0 112 1 0 0 0 0 041019 164431.174
0.0000000000 0.0000000000 0 0 0 0 0 0 0 0 112 1 0 0 0 0 041019 164431.374
0.0000000000 0.0000000000 0 0 0 0 0 0 0 0 112 1 0 0 0 0 041019 164431.574
0.0000000000 0.0000000000 0 0 0 0 0 0 0 0 112 1 0 0 0 0 041019 164431.774
0.0000000000 0.0000000000 0 0 0 0 0 0 0 0 112 1 0 0 0 0 041019 164431.974
0.0000000000 0.0000000000 0 0 0 0 0 0 0 0 112 1 0 0 0 0 041019 164432.174
0.0000000000 0.0000000000 0 0 0 0 0 0 0 0 112 1 0 0 0 0 041019 164432.375
0.0000000000 0.0000000000 0 0 0 0 0 0 0 0 112 1 0 0 0 0 041019 164432.575
0.0000000000 0.0000000000 0 0 0 0 0 0 0 0 112 1 0 0 0 0 041019 164432.775
0.0000000000 0.0000000000 0 0 0 0 0 0 0 0 112 1 0 0 0 0 041019 164432.975
0.0000000000 0.0000000000 0 0 0 0 0 0 0 0 112 1 0 0 0 0 041019 164433.176
0.0000000000 0.0000000000 0 0 0 0 0 0 0 0 112 1 0 0 0 0 041019 164433.376
0.0000000000 0.0000000000 0 0 0 0 0 0 0 0 112 1 0 0 0 0 041019 164433.576
0.0000000000 0.0000000000 0 0 0 0 0 0 0 0 112 1 0 0 0 0 041019 164433.776
0.0000000000 0.0000000000 0 0 0 0 0 0 0 0 112 1 0 0 0 0 041019 164433.976
0.0000000000 0.0000000000 0 0 0 0 0 0 0 0 112 1 0 0 0 0 041019 164434.176
0.0000000000 0.0000000000 0 0 0 0 0 0 0 0 112 1 0 0 0 0 041019 164434.377
0.0000000000 0.0000000000 0 0 0 0 0 0 0 0 112 1 0 0 0 0 041019 164434.577
0.0000000000 0.0000000000 0 0 0 0 0 0 0 0 112 1 0 0 0 0 041019 164434.777
0.0000000000 0.0000000000 0 0 0 0 0 0 0 0 112 1 0 0 0 0 041019 164434.977
0.0000000000 0.0000000000 0 0 0 0 0 0 0 0 112 1 0 0 0 0 041019 164435.177
0.0000000000 0.0000000000 0 0 0 0 0 0 0 0 112 1 0 0 0 0 041019 164435.378
0.0000000000 0.0000000000 0 0 0 0 0 0 0 0 112 1 0 0 0 0 041019 164435.578
0.0000000000 0.0000000000 0 0 0 0 0 0 0 0 112 1 0 0 0 0 041019 164435.778
0.0000000000 0.0000000000 0 0 0 0 0 0 0 0 112 1 0 0 0 0 041019 164435.978
0.0000000000 0.0000000000 0 0 0 0 0 0 0 0 112 1 0 0 0 0 041019 164436.178
0.0000000000 0.0000000000 0 0 0 0 0 0 0 0 112 1 0 0 0 0 041019 164436.379
0.0000000000 0.0000000000 0 0 0 0 0 0 0 0 112 1 0 0 0 0 041019 164436.579
0.0000000000 0.0000000000 0 0 0 0 0 0 0 0 112 1 0 0 0 0 041019 164436.779
0.0000000000 0.0000000000 0 0 0 0 0 0 0 0 112 1 0 0 0 0 041019 164436.979
0.0000000000 0.0000000000 0 0 0 0 0 0 0 0 112 1 0 0 0 0 041019 164437.179
0.0000000000 0.0000000000 0 0 0 0 0 0 0 0 112 1 0 0 0 0 041019 164437.379
0.0000000000 0.0000000000 0 0 0 0 0 0 0 0 112 1 0 0 0 0 041019 164437.580
0.0000000000 0.0000000000 0 0 0 0 0 0 0 0 112 1 0 0 0 0 041019 164437.780
0.0000000000 0.0000000000 0 0 0 0 0 0 0 0 112 1 0 0 0 0 041019 164437.980
0.0000000000 0.0000000000 0 0 0 0 0 0 0 0 112 1 0 0 0 0 041019 164438.180
0.0000000000 0.0000000000 0 0 0 0 0 0 0 0 112 1 0 0 0 0 041019 164438.381
0.0000000000 0.0000000000 0 0 0 0 0 0 0 0 112 1 0 0 0 0 041019 164438.581
0.0000000000 0.0000000000 0 0 0 0 0 0 0 0 112 1 0 0 0 0 041019 164438.781
0.0000000000 0.0000000000 0 0 0 0 0 0 0 0 112 1 0 0 0 0 041019 164438.981
0.0000000000 0.0000000000 0 0 0 0 0 0 0 0 112 1 0 0 0 0 041019 164439.181
0.0000000000 0.0000000000 0 0 0 0 0 0 0 0 112 1 0 0 0 0 041019 164439.382
0.0000000000 0.0000000000 0 0 0 0 0 0 0 0 112 1 0 0 0 0 041019 164439.582
0.0000000000 0.0000000000 0 0 0 0 0 0 0 0 112 1 0 0 0 0 041019 164439.782
0.0000000000 0.0000000000 0 0 0 0 0 0 0 0 112 1 0 0 0 0 041019 164439.982
0.0000000000 0.0000000000 0 0 0 0 0 0 0 0 112 1 0 0 0 0 041019 164440.183
0.0000000000 0.0000000000 0 0 0 0 0 0 0 0 112 1 0 0 0 0 041019 164440.383
0.0000000000 0.0000000000 0 0 0 0 0 0 0 0 112 1 0 0 0 0 041019 164440.583
0.0000000000 0.0000000000 0 0 0 0 0 0 0 0 112 1 0 0 0 0 041019 164440.783
0.0000000000 0.0000000000 0 0 0 0 0 0 0 0 112 1 0 0 0 0 041019 164440.983
0.0000000000 0.0000000000 0 0 0 0 0 0 0 0 112 1 0 0 0 0 041019 164441.183
0.0000000000 0.0000000000 0 0 0 0 0 0 0 0 112 1 0 0 0 0 041019 164441.383
0.0000000000 0.0000000000 0 0 0 0 0 0 0 0 112 1 0 0 0 0 041019 164441.584
0.0000000000 0.0000000000 0 0 0 0 0 0 0 0 112 1 0 0 0 0 041019 164441.784
0.0000000000 0.0000000000 0 0 0 0 0 0 0 0 112 1 0 0 0 0 041019 164441.984
0.0000000000 0.0000000000 0 0 0 0 0 0 0 0 112 1 0 0 0 0 041019 164442.184
0.0000000000 0.0000000000 0 0 0 0 0 0 0 0 112 1 0 0 0 0 041019 164442.385
0.0000000000 0.0000000000 0 0 0 0 0 0 0 0 112 1 0 0 0 0 041019 164442.585
0.0000000000 0.0000000000 0 0 0 0 0 0 0 0 112 1 0 0 0 0 041019 164442.785
0.0000000000 0.0000000000 0 0 0 0 0 0 0 0 112 1 0 0 0 0 041019 164442.985
0.0000000000 0.0000000000 0 0 0 0 0 0 0 0 112 1 0 0 0 0 041019 164443.185
0.0000000000 0.0000000000 0 0 0 0 0 0 0 0 112 1 0 0 0 0 041019 164443.385
0.0000000000 0.0000000000 0 0 0 0 0 0 0 0 112 1 0 0 0 0 041019 164443.585
0.0000000000 0.0000000000 0 0 0 0 0 0 0 0 112 1 0 0 0 0 041019 164443.786
0.0000000000 0.0000000000 0 0 0 0 0 0 0 0 112 1 0 0 0 0 041019 164443.986
0.0000000000 0.0000000000 0 0 0 0 0 0 0 0 112 1 0 0 0 0 041019 164444.186
0.0000000000 0.0000000000 0 0 0 0 0 0 0 0 112 1 0 0 0 0 041019 164444.386
0.0000000000 0.0000000000 0 0 0 0 0 0 0 0 112 1 0 0 0 0 041019 164444.586
0.0000000000 0.0000000000 0 0 0 0 0 0 0 0 112 1 0 0 0 0 041019 164444.786
0.0000000000 0.0000000000 0 0 0 0 0 0 0 0 112 1 0 0 0 0 041019 164444.987
0.0000000000 0.0000000000 0 0 0 0 0 0 0 0 112 1 0 0 0 0 041019 164445.187
0.0000000000 0.0000000000 0 0 0 0 0 0 0 0 112 1 0 0 0 0 041019 164445.387
0.0000000000 0.0000000000 0 0 0 0 0 0 0 0 112 1 0 0 0 0 041019 164445.587
0.0000000000 0.0000000000 0 0 0 0 0 0 0 0 112 1 0 0 0 0 041019 164445.788
0.0000000000 0.0000000000 0 0 0 0 0 0 0 0 112 1 0 0 0 0 041019 164445.988
0.0000000000 0.0000000000 0 0 0 0 0 0 0 0 112 1 0 0 0 0 041019 164446.188
0.0000000000 0.0000000000 0 0 0 0 0 0 0 0 112 1 0 0 0 0 041019 164446.388
0.0000000000 0.0000000000 0 0 0 0 0 0 0 0 112 1 0 0 0 0 041019 164446.588
0.0000000000 0.0000000000 0 0 0 0 0 0 0 0 112 1 0 0 0 0 041019 164446.789
0.0000000000 0.0000000000 0 0 0 0 0 0 0 0 112 1 0 0 0 0 041019 164446.989
0.0000000000 0.0000000000 0 0 0 0 0 0 0 0 112 1 0 0 0 0 041019 164447.189
0.0000000000 0.0000000000 0 0 0 0 0 0 0 0 112 1 0 0 0 0 041019 164447.389
0.0000000000 0.0000000000 0 0 0 0 0 0 0 0 112 1 0 0 0 0 041019 164447.589
0.0000000000 0.0000000000 0 0 0 0 0 0 0 0 112 1 0 0 0 0 041019 164447.789
0.0000000000 0.0000000000 0 0 0 0 0 0 0 0 112 1 0 0 0 0 041019 164447.990
0.0000000000 0.0000000000 0 0 0 0 0 0 0 0 112 1 0 0 0 0 041019 164448.190
0.0000000000 0.0000000000 0 0 0 0 0 0 0 0 112 1 0 0 0 0 041019 164448.390
0.0000000000 0.0000000000 0 0 0 0 0 0 0 0 112 1 0 0 0 0 041019 164448.590
0.0000000000 0.0000000000 0 0 0 0 0 0 0 0 112 1 0 0 0 0 041019 164448.790
0.0000000000 0.0000000000 0 0 0 0 0 0 0 0 112 1 0 0 0 0 041019 164448.990
0.0000000000 0.0000000000 0 0 0 0 0 0 0 0 112 1 0 0 0 0 041019 164449.191
0.0000000000 0.0000000000 0 0 0 0 0 0 0 0 112 1 0 0 0 0 041019 164449.391
0.0000000000 0.0000000000 0 0 0 0 0 0 0 0 112 1 0 0 0 0 041019 164449.591
0.0000000000 0.0000000000 0 0 0 0 0 0 0 0 112 1 0 0 0 0 041019 164449.791
0.0000000000 0.0000000000 0 0 0 0 0 0 0 0 112 1 0 0 0 0 041019 164449.991
0.0000000000 0.0000000000 0 0 0 0 0 0 0 0 112 1 0 0 0 0 041019 164450.191
0.0000000000 0.0000000000 0 0 0 0 0 0 0 0 112 1 0 0 0 0 041019 164450.392
0.0000000000 0.0000000000 0 0 0 0 0 0 0 0 112 1 0 0 0 0 041019 164450.592
0.0000000000 0.0000000000 0 0 0 0 0 0 0 0 112 1 0 0 0 0 041019 164450.792
0.0000000000 0.0000000000 0 0 0 0 0 0 0 0 112 1 0 0 0 0 041019 164450.992
0.0000000000 0.0000000000 0 0 0 0 0 0 0 0 112 1 0 0 0 0 041019 164451.192
0.0000000000 0.0000000000 0 0 0 0 0 0 0 0 112 1 0 0 0 0 041019 164451.393
0.0000000000 0.0000000000 0 0 0 0 0 0 0 0 112 1 0 0 0 0 041019 164451.593
0.0000000000 0.0000000000 0 0 0 0 0 0 0 0 112 1 0 0 0 0 041019 164451.793
0.0000000000 0.0000000000 0 0 0 0 0 0 0 0 112 1 0 0 0 0 041019 164451.993
0.0000000000 0.0000000000 0 0 0 0 0 0 0 0 112 1 0 0 0 0 041019 164452.193
0.0000000000 0.0000000000 0 0 0 0 0 0 0 0 112 1 0 0 0 0 041019 164452.393
0.0000000000 0.0000000000 0 0 0 0 0 0 0 0 112 1 0 0 0 0 041019 164452.594
0.0000000000 0.0000000000 0 0 0 0 0 0 0 0 112 1 0 0 0 0 041019 164452.794
0.0000000000 0.0000000000 0 0 0 0 0 0 0 0 112 1 0 0 0 0 041019 164452.994
0.0000000000 0.0000000000 0 0 0 0 0 0 0 0 112 1 0 0 0 0 041019 164453.194
0.0000000000 0.0000000000 0 0 0 0 0 0 0 0 112 1 0 0 0 0 041019 164453.394
0.0000000000 0.0000000000 0 0 0 0 0 0 0 0 112 1 0 0 0 0 041019 164453.594
0.0000000000 0.0000000000 0 0 0 0 0 0 0 0 112 1 0 0 0 0 041019 164453.795
0.0000000000 0.0000000000 0 0 0 0 0 0 0 0 112 1 0 0 0 0 041019 164453.995
0.0000000000 0.0000000000 0 0 0 0 0 0 0 0 112 1 0 0 0 0 041019 164454.195
0.0000000000 0.0000000000 0 0 0 0 0 0 0 0 112 1 0 0 0 0 041019 164454.395
0.0000000000 0.0000000000 0 0 0 0 0 0 0 0 112 1 0 0 0 0 041019 164454.595
0.0000000000 0.0000000000 0 0 0 0 0 0 0 0 112 1 0 0 0 0 041019 164454.796
0.0000000000 0.0000000000 0 0 0 0 0 0 0 0 112 1 0 0 0 0 041019 164454.996
0.0000000000 0.0000000000 0 0 0 0 0 0 0 0 112 1 0 0 0 0 041019 164455.196
0.0000000000 0.0000000000 0 0 0 0 0 0 0 0 112 1 0 0 0 0 041019 164455.396
0.0000000000 0.0000000000 0 0 0 0 0 0 0 0 112 1 0 0 0 0 041019 164455.596
0.0000000000 0.0000000000 0 0 0 0 0 0 0 0 112 1 0 0 0 0 041019 164455.796
0.0000000000 0.0000000000 0 0 0 0 0 0 0 0 112 1 0 0 0 0 041019 164455.997
0.0000000000 0.0000000000 0 0 0 0 0 0 0 0 112 1 0 0 0 0 041019 164456.197
0.0000000000 0.0000000000 0 0 0 0 0 0 0 0 112 1 0 0 0 0 041019 164456.397
0.0000000000 0.0000000000 0 0 0 0 0 0 0 0 112 1 0 0 0 0 041019 164456.597
0.0000000000 0.0000000000 0 0 0 0 0 0 0 0 112 1 0 0 0 0 041019 164456.797
0.0000000000 0.0000000000 0 0 0 0 0 0 0 0 112 1 0 0 0 0 041019 164456.997
0.0000000000 0.0000000000 0 0 0 0 0 0 0 0 112 1 0 0 0 0 041019 164457.198
0.0000000000 0.0000000000 0 0 0 0 0 0 0 0 112 1 0 0 0 0 041019 164457.398
0.0000000000 0.0000000000 0 0 0 0 0 0 0 0 112 1 0 0 0 0 041019 164457.598
0.0000000000 0.0000000000 0 0 0 0 0 0 0 0 112 1 0 0 0 0 041019 164457.798
0.0000000000 0.0000000000 0 0 0 0 0 0 0 0 112 1 0 0 0 0 041019 164457.998
0.0000000000 0.0000000000 0 0 0 0 0 0 0 0 112 1 0 0 0 0 041019 164458.199
0.0000000000 0.0000000000 0 0 0 0 0 0 0 0 112 1 0 0 0 0 041019 164458.399
0.0000000000 0.0000000000 0 0 0 0 0 0 0 0 112 1 0 0 0 0 041019 164458.599
0.0000000000 0.0000000000 0 0 0 0 0 0 0 0 112 1 0 0 0 0 041019 164458.799
0.0000000000 0.0000000000 0 0 0 0 0 0 0 0 112 1 0 0 0 0 041019 164458.999
0.0000000000 0.0000000000 0 0 0 0 0 0 0 0 112 1 0 0 0 0 041019 164459.200
0.0000000000 0.0000000000 0 0 0 0 0 0 0 0 112 1 0 0 0 0 041019 164459.400
0.0000000000 0.0000000000 0 0 0 0 0 0 0 0 112 1 0 0 0 0 041019 164459.600
0.0000000000 0.0000000000 0 0 0 0 0 0 0 0 112 1 0 0 0 0 041019 164459.800
0.0000000000 0.0000000000 0 0 0 0 0 0 0 0 112 1 0 0 0 0 041019 164500.000
0.0000000000 0.0000000000 0 0 0 0 0 0 0 0 112 1 0 0 0 0 041019 164500.200
0.0000000000 0.0000000000 0 0 0 0 0 0 0 0 112 1 0 0 0 0 041019 164500.400
0.0000000000 0.0000000000 0 0 0 0 0 0 0 0 112 1 0 0 0 0 041019 164500.601
0.0000000000 0.0000000000 0 0 0 0 0 0 0 0 112 1 0 0 0 0 041019 164500.801
0.0000000000 0.0000000000 0 0 0 0 0 0 0 0 112 1 0 0 0 0 041019 164501.001
0.0000000000 0.0000000000 0 0 0 0 0 0 0 0 112 1 0 0 0 0 041019 164501.201
0.0000000000 0.0000000000 0 0 0 0 0 0 0 0 112 1 0 0 0 0 041019 164501.401
0.0000000000 0.0000000000 0 0 0 0 0 0 0 0 112 1 0 0 0 0 041019 164501.601
0.0000000000 0.0000000000 0 0 0 0 0 0 0 0 112 1 0 0 0 0 041019 164501.802
0.0000000000 0.0000000000 0 0 0 0 0 0 0 0 112 1 0 0 0 0 041019 164502.002
0.0000000000 0.0000000000 0 0 0 0 0 0 0 0 112 1 0 0 0 0 041019 164502.202
0.0000000000 0.0000000000 0 0 0 0 0 0 0 0 112 1 0 0 0 0 041019 164502.402
0.0000000000 0.0000000000 0 0 0 0 0 0 0 0 112 1 0 0 0 0 041019 164502.602
0.0000000000 0.0000000000 0 0 0 0 0 0 0 0 112 1 0 0 0 0 041019 164502.803
0.0000000000 0.0000000000 0 0 0 0 0 0 0 0 112 1 0 0 0 0 041019 164503.003
0.0000000000 0.0000000000 0 0 0 0 0 0 0 0 112 1 0 0 0 0 041019 164503.203
0.0000000000 0.0000000000 0 0 0 0 0 0 0 0 112 1 0 0 0 0 041019 164503.403
0.0000000000 0.0000000000 0 0 0 0 0 0 0 0 112 1 0 0 0 0 041019 164503.603
0.0000000000 0.0000000000 0 0 0 0 0 0 0 0 112 1 0 0 0 0 041019 164503.803
0.0000000000 0.0000000000 0 0 0 0 0 0 0 0 112 1 0 0 0 0 041019 164504.004
0.0000000000 0.0000000000 0 0 0 0 0 0 0 0 112 1 0 0 0 0 041019 164504.204
0.0000000000 0.0000000000 0 0 0 0 0 0 0 0 112 1 0 0 0 0 041019 164504.404
0.0000000000 0.0000000000 0 0 0 0 0 0 0 0 112 1 0 0 0 0 041019 164504.604
0.0000000000 0.0000000000 0 0 0 0 0 0 0 0 112 1 0 0 0 0 041019 164504.804
0.0000000000 0.0000000000 0 0 0 0 0 0 0 0 112 1 0 0 0 0 041019 164505.004
0.0000000000 0.0000000000 0 0 0 0 0 0 0 0 112 1 0 0 0 0 041019 164505.205
0.0000000000 0.0000000000 0 0 0 0 0 0 0 0 112 1 0 0 0 0 041019 164505.405
0.0000000000 0.0000000000 0 0 0 0 0 0 0 0 112 1 0 0 0 0 041019 164505.605
0.0000000000 0.0000000000 0 0 0 0 0 0 0 0 112 1 0 0 0 0 041019 164505.805
0.0000000000 0.0000000000 0 0 0 0 0 0 0 0 112 1 0 0 0 0 041019 164506.005
0.0000000000 0.0000000000 0 0 0 0 0 0 0 0 112 1 0 0 0 0 041019 164506.205
0.0000000000 0.0000000000 0 0 0 0 0 0 0 0 112 1 0 0 0 0 041019 164506.405
0.0000000000 0.0000000000 0 0 0 0 0 0 0 0 112 1 0 0 0 0 041019 164506.606
0.0000000000 0.0000000000 0 0 0 0 0 0 0 0 112 1 0 0 0 0 041019 164506.806
0.0000000000 0.0000000000 0 0 0 0 0 0 0 0 112 1 0 0 0 0 041019 164507.006
0.0000000000 0.0000000000 0 0 0 0 0 0 0 0 112 1 0 0 0 0 041019 164507.206
