0.0000000000 0.0000000000 0 0 0 0 0 0 0 0 112 1 0 0 0 0 231119 154814.221
0.0000000000 0.0000000000 0 0 0 0 0 0 0 0 112 1 0 0 0 0 231119 154814.421
0.0000000000 0.0000000000 0 0 0 0 0 0 0 0 112 1 0 0 0 0 231119 154814.622
0.0000000000 0.0000000000 0 0 0 0 0 0 0 0 112 1 0 0 0 0 231119 154814.822
0.0000000000 0.0000000000 0 0 0 0 0 0 0 0 112 1 0 0 0 0 231119 154815.022
0.0000000000 0.0000000000 0 0 0 0 0 0 0 0 112 1 0 0 0 0 231119 154815.222
0.0000000000 0.0000000000 0 0 0 0 0 0 0 0 112 1 0 0 0 0 231119 154815.422
0.0000000000 0.0000000000 0 0 0 0 0 0 0 0 112 1 0 0 0 0 231119 154815.623
0.0000000000 0.0000000000 0 0 0 0 0 0 0 0 112 1 0 0 0 0 231119 154815.823
0.0000000000 0.0000000000 0 0 0 0 0 0 0 0 112 1 0 0 0 0 231119 154816.023
0.0000000000 0.0000000000 0 0 0 0 0 0 0 0 112 1 0 0 0 0 231119 154816.223
0.0000000000 0.0000000000 0 0 0 0 0 0 0 0 112 1 0 0 0 0 231119 154816.423
0.0000000000 0.0000000000 0 0 0 0 0 0 0 0 112 1 0 0 0 0 231119 154816.624
0.0000000000 0.0000000000 0 0 0 0 0 0 0 0 112 1 0 0 0 0 231119 154816.824
0.0000000000 0.0000000000 0 0 0 0 0 0 0 0 112 1 0 0 0 0 231119 154817.024
0.0000000000 0.0000000000 0 0 0 0 0 0 0 0 112 1 0 0 0 0 231119 154817.224
0.0000000000 0.0000000000 0 0 0 0 0 0 0 0 112 1 0 0 0 0 231119 154817.424
0.0000000000 0.0000000000 0 0 0 0 0 0 0 0 112 1 0 0 0 0 231119 154817.625
0.0000000000 0.0000000000 0 0 0 0 0 0 0 0 112 1 0 0 0 0 231119 154817.825
0.0000000000 0.0000000000 0 0 0 0 0 0 0 0 112 1 0 0 0 0 231119 154818.025
0.0000000000 0.0000000000 0 0 0 0 0 0 0 0 112 1 0 0 0 0 231119 154818.225
0.0000000000 0.0000000000 0 0 0 0 0 0 0 0 112 1 0 0 0 0 231119 154818.426
0.0000000000 0.0000000000 0 0 0 0 0 0 0 0 112 1 0 0 0 0 231119 154818.626
0.0000000000 0.0000000000 0 0 0 0 0 0 0 0 112 1 0 0 0 0 231119 154818.826
0.0000000000 0.0000000000 0 0 0 0 0 0 0 0 112 1 0 0 0 0 231119 154819.026
0.0000000000 0.0000000000 0 0 0 0 0 0 0 0 112 1 0 0 0 0 231119 154819.226
0.0000000000 0.0000000000 0 0 0 0 0 0 0 0 112 1 0 0 0 0 231119 154819.427
0.0000000000 0.0000000000 0 0 0 0 0 0 0 0 112 1 0 0 0 0 231119 154819.627
0.0000000000 0.0000000000 0 0 0 0 0 0 0 0 112 1 0 0 0 0 231119 154819.827
0.0000000000 0.0000000000 0 0 0 0 0 0 0 0 112 1 0 0 0 0 231119 154820.027
0.0000000000 0.0000000000 0 0 0 0 0 0 0 0 112 1 0 0 0 0 231119 154820.227
0.0000000000 0.0000000000 0 0 0 0 0 0 0 0 112 1 0 0 0 0 231119 154820.428
0.0000000000 0.0000000000 0 0 0 0 0 0 0 0 112 1 0 0 0 0 231119 154820.628
0.0000000000 0.0000000000 0 0 0 0 0 0 0 0 112 1 0 0 0 0 231119 154820.828
0.0000000000 0.0000000000 0 0 0 0 0 0 0 0 112 1 0 0 0 0 231119 154821.028
0.0000000000 0.0000000000 0 0 0 0 0 0 0 0 112 1 0 0 0 0 231119 154821.228
0.0000000000 0.0000000000 0 0 0 0 0 0 0 0 112 1 0 0 0 0 231119 154821.428
0.0000000000 0.0000000000 0 0 0 0 0 0 0 0 112 1 0 0 0 0 231119 154821.629
0.0000000000 0.0000000000 0 0 0 0 0 0 0 0 112 1 0 0 0 0 231119 154821.829
0.0000000000 0.0000000000 0 0 0 0 0 0 0 0 112 1 0 0 0 0 231119 154822.029
0.0000000000 0.0000000000 0 0 0 0 0 0 0 0 112 1 0 0 0 0 231119 154822.229
0.0000000000 0.0000000000 0 0 0 0 0 0 0 0 112 1 0 0 0 0 231119 154822.429
0.0000000000 0.0000000000 0 0 0 0 0 0 0 0 112 1 0 0 0 0 231119 154822.630
0.0000000000 0.0000000000 0 0 0 0 0 0 0 0 112 1 0 0 0 0 231119 154822.830
0.0000000000 0.0000000000 0 0 0 0 0 0 0 0 112 1 0 0 0 0 231119 154823.030
0.0000000000 0.0000000000 0 0 0 0 0 0 0 0 112 1 0 0 0 0 231119 154823.230
0.0000000000 0.0000000000 0 0 0 0 0 0 0 0 112 1 0 0 0 0 231119 154823.430
0.0000000000 0.0000000000 0 0 0 0 0 0 0 0 112 1 0 0 0 0 231119 154823.631
0.0000000000 0.0000000000 0 0 0 0 0 0 0 0 112 1 0 0 0 0 231119 154823.831
0.0000000000 0.0000000000 0 0 0 0 0 0 0 0 112 1 0 0 0 0 231119 154824.031
0.0000000000 0.0000000000 0 0 0 0 0 0 0 0 112 1 0 0 0 0 231119 154824.232
0.0000000000 0.0000000000 0 0 0 0 0 0 0 0 112 1 0 0 0 0 231119 154824.432
0.0000000000 0.0000000000 0 0 0 0 0 0 0 0 112 1 0 0 0 0 231119 154824.632
0.0000000000 0.0000000000 0 0 0 0 0 0 0 0 112 1 0 0 0 0 231119 154824.832
0.0000000000 0.0000000000 0 0 0 0 0 0 0 0 112 1 0 0 0 0 231119 154825.032
0.0000000000 0.0000000000 0 0 0 0 0 0 0 0 112 1 0 0 0 0 231119 154825.232
0.0000000000 0.0000000000 0 0 0 0 0 0 0 0 112 1 0 0 0 0 231119 154825.433
0.0000000000 0.0000000000 0 0 0 0 0 0 0 0 112 1 0 0 0 0 231119 154825.633
0.0000000000 0.0000000000 0 0 0 0 0 0 0 0 112 1 0 0 0 0 231119 154825.833
0.0000000000 0.0000000000 0 0 0 0 0 0 0 0 112 1 0 0 0 0 231119 154826.033
0.0000000000 0.0000000000 0 0 0 0 0 0 0 0 112 1 0 0 0 0 231119 154826.233
0.0000000000 0.0000000000 0 0 0 0 0 0 188 250 112 1 0 0 0 0 231119 154826.433
0.0000000000 0.0000000000 0 0 0 0 0 0 201 251 112 1 0 0 0 0 231119 154826.634
0.0000000000 0.0000000000 0 0 0 0 0 0 169 250 112 1 0 0 0 0 231119 154826.834
0.0000000000 0.0000000000 0 0 0 0 0 0 64 252 112 1 0 0 0 0 231119 154827.034
0.0000000000 0.0000000000 0 0 0 0 0 0 188 251 112 1 0 0 0 0 231119 154827.234
0.0000000000 0.0000000000 0 0 0 0 0 0 209 248 112 1 0 0 0 0 231119 154827.434
0.0000000000 0.0000000000 0 0 0 0 0 0 173 252 112 1 0 0 0 0 231119 154827.634
0.0000000000 0.0000000000 0 0 0 0 0 0 159 249 112 1 0 0 0 0 231119 154827.835
0.0000000000 0.0000000000 0 0 0 0 0 0 99 252 112 1 0 0 0 0 231119 154828.035
0.0000000000 0.0000000000 0 0 0 0 0 0 43 252 112 1 0 0 0 0 231119 154828.235
0.0000000000 0.0000000000 0 0 0 0 0 0 131 250 112 1 0 0 0 0 231119 154828.435
0.0000000000 0.0000000000 0 0 0 0 0 0 55 255 112 1 0 0 0 0 231119 154828.635
0.0000000000 0.0000000000 0 0 0 0 0 0 114 254 112 1 0 0 0 0 231119 154828.835
0.0000000000 0.0000000000 0 0 0 0 0 0 28 252 112 1 0 0 0 0 231119 154829.036
0.0000000000 0.0000000000 0 0 0 0 0 0 29 252 112 1 0 0 0 0 231119 154829.236
0.0000000000 0.0000000000 0 0 0 0 0 0 149 253 112 1 0 0 0 0 231119 154829.436
0.0000000000 0.0000000000 0 0 0 0 0 0 112 252 112 1 0 0 0 0 231119 154829.636
0.0000000000 0.0000000000 0 0 0 0 0 0 84 253 112 1 0 0 0 0 231119 154829.836
0.0000000000 0.0000000000 0 0 0 0 0 0 124 254 112 1 0 0 0 0 231119 154830.037
0.0000000000 0.0000000000 0 0 0 0 0 0 87 253 112 1 0 0 0 0 231119 154830.237
0.0000000000 0.0000000000 0 0 0 0 0 0 71 252 112 1 0 0 0 0 231119 154830.437
0.0000000000 0.0000000000 0 0 0 0 0 0 74 251 112 1 0 0 0 0 231119 154830.637
0.0000000000 0.0000000000 0 0 0 0 0 0 0 0 112 1 0 0 0 0 231119 154830.837
0.0000000000 0.0000000000 0 0 0 0 0 0 242 240 112 1 0 0 0 0 231119 154831.038
0.0000000000 0.0000000000 0 0 0 0 0 0 143 239 112 1 0 0 0 0 231119 154831.238
0.0000000000 0.0000000000 0 0 0 0 0 0 61 243 112 1 0 0 0 0 231119 154831.438
0.0000000000 0.0000000000 0 0 0 0 0 0 41 238 112 1 0 0 0 0 231119 154831.638
0.0000000000 0.0000000000 0 0 0 0 0 0 43 244 112 1 0 0 0 0 231119 154831.838
0.0000000000 0.0000000000 0 0 0 0 0 0 105 242 112 1 0 0 0 0 231119 154832.039
0.0000000000 0.0000000000 0 0 0 0 0 0 18 236 112 1 0 0 0 0 231119 154832.239
0.0000000000 0.0000000000 0 0 0 0 0 0 185 237 112 1 0 0 0 0 231119 154832.439
0.0000000000 0.0000000000 0 0 0 0 0 0 51 241 112 1 0 0 0 0 231119 154832.639
0.0000000000 0.0000000000 0 0 0 0 0 0 181 235 112 1 0 0 0 0 231119 154832.840
0.0000000000 0.0000000000 0 0 0 0 0 0 156 242 112 1 0 0 0 0 231119 154833.040
0.0000000000 0.0000000000 0 0 0 0 0 0 21 243 112 1 0 0 0 0 231119 154833.240
0.0000000000 0.0000000000 0 0 0 0 0 0 201 241 112 1 0 0 0 0 231119 154833.440
0.0000000000 0.0000000000 0 0 0 0 0 0 200 241 112 1 0 0 0 0 231119 154833.640
0.0000000000 0.0000000000 0 0 0 0 0 0 251 229 112 1 0 0 0 0 231119 154833.841
0.0000000000 0.0000000000 0 0 0 0 0 0 207 235 112 1 0 0 0 0 231119 154834.041
0.0000000000 0.0000000000 0 0 0 0 0 0 37 237 112 1 0 0 0 0 231119 154834.241
0.0000000000 0.0000000000 0 0 0 0 0 0 89 240 112 1 0 0 0 0 231119 154834.441
0.0000000000 0.0000000000 0 0 0 0 0 0 172 237 112 1 0 0 0 0 231119 154834.641
0.0000000000 0.0000000000 0 0 0 0 0 0 253 239 112 1 0 0 0 0 231119 154834.841
0.0000000000 0.0000000000 0 0 0 0 0 0 164 233 112 1 0 0 0 0 231119 154835.041
0.0000000000 0.0000000000 0 0 0 0 0 0 130 238 112 1 0 0 0 0 231119 154835.242
0.0000000000 0.0000000000 0 0 0 0 0 0 251 228 112 1 0 0 0 0 231119 154835.442
0.0000000000 0.0000000000 0 0 0 0 0 0 11 228 112 1 0 0 0 0 231119 154835.642
0.0000000000 0.0000000000 0 0 0 0 0 0 201 237 112 1 0 0 0 0 231119 154835.842
0.0000000000 0.0000000000 0 0 0 0 0 0 30 229 112 1 0 0 0 0 231119 154836.043
0.0000000000 0.0000000000 0 0 0 0 0 0 169 234 112 1 0 0 0 0 231119 154836.243
0.0000000000 0.0000000000 0 0 0 0 0 0 167 231 112 1 0 0 0 0 231119 154836.443
0.0000000000 0.0000000000 0 0 0 0 0 0 169 225 112 1 0 0 0 0 231119 154836.643
0.0000000000 0.0000000000 0 0 0 0 0 0 0 238 112 1 0 0 0 0 231119 154836.844
0.0000000000 0.0000000000 0 0 0 0 0 0 38 237 112 1 0 0 0 0 231119 154837.044
0.0000000000 0.0000000000 0 0 0 0 0 0 81 233 112 1 0 0 0 0 231119 154837.244
0.0000000000 0.0000000000 0 0 0 0 0 0 145 228 112 1 0 0 0 0 231119 154837.444
0.0000000000 0.0000000000 0 0 0 0 0 0 78 226 112 1 0 0 0 0 231119 154837.645
0.0000000000 0.0000000000 0 0 0 0 0 0 82 232 112 1 0 0 0 0 231119 154837.845
0.0000000000 0.0000000000 0 0 0 0 0 0 17 237 112 1 0 0 0 0 231119 154838.045
0.0000000000 0.0000000000 0 0 0 0 0 0 187 233 112 1 0 0 0 0 231119 154838.245
0.0000000000 0.0000000000 0 0 0 0 0 0 112 226 112 1 0 0 0 0 231119 154838.446
0.0000000000 0.0000000000 0 0 0 0 0 0 152 224 112 1 0 0 0 0 231119 154838.646
0.0000000000 0.0000000000 0 0 0 0 0 0 125 234 112 1 0 0 0 0 231119 154838.846
0.0000000000 0.0000000000 0 0 0 0 0 0 17 230 112 1 0 0 0 0 231119 154839.047
0.0000000000 0.0000000000 0 0 0 0 0 0 217 252 112 1 0 0 0 0 231119 154839.247
0.0000000000 0.0000000000 0 0 0 0 0 0 96 231 112 1 0 0 0 0 231119 154839.447
0.0000000000 0.0000000000 0 0 0 0 0 0 70 226 112 1 0 0 0 0 231119 154839.647
0.0000000000 0.0000000000 0 0 0 0 0 0 52 214 112 1 0 0 0 0 231119 154839.848
0.0000000000 0.0000000000 0 0 0 0 0 0 205 229 112 1 0 0 0 0 231119 154840.048
0.0000000000 0.0000000000 0 0 0 0 0 0 42 227 112 1 0 0 0 0 231119 154840.248
0.0000000000 0.0000000000 0 0 0 0 0 0 62 226 112 1 0 0 0 0 231119 154840.448
0.0000000000 0.0000000000 0 0 0 0 0 0 146 230 112 1 0 0 0 0 231119 154840.648
0.0000000000 0.0000000000 0 0 0 0 0 0 44 227 112 1 0 0 0 0 231119 154840.848
0.0000000000 0.0000000000 0 0 0 0 0 0 155 225 112 1 0 0 0 0 231119 154841.049
0.0000000000 0.0000000000 0 0 0 0 0 0 62 221 112 1 0 0 0 0 231119 154841.249
0.0000000000 0.0000000000 0 0 0 0 0 0 188 226 112 1 0 0 0 0 231119 154841.449
0.0000000000 0.0000000000 0 0 0 0 0 0 196 226 112 1 0 0 0 0 231119 154841.649
0.0000000000 0.0000000000 0 0 0 0 0 0 152 228 112 1 0 0 0 0 231119 154841.849
0.0000000000 0.0000000000 0 0 0 0 0 0 77 219 112 1 0 0 0 0 231119 154842.050
0.0000000000 0.0000000000 0 0 0 0 0 0 53 220 112 1 0 0 0 0 231119 154842.250
0.0000000000 0.0000000000 0 0 0 0 0 0 80 228 112 1 0 0 0 0 231119 154842.450
0.0000000000 0.0000000000 0 0 0 0 0 0 160 227 112 1 0 0 0 0 231119 154842.650
0.0000000000 0.0000000000 0 0 0 0 0 0 40 221 112 1 0 0 0 0 231119 154842.850
0.0000000000 0.0000000000 0 0 0 0 0 0 86 227 112 1 0 0 0 0 231119 154843.050
0.0000000000 0.0000000000 0 0 0 0 0 0 136 224 112 1 0 0 0 0 231119 154843.250
0.0000000000 0.0000000000 0 0 0 0 0 0 172 226 112 1 0 0 0 0 231119 154843.451
0.0000000000 0.0000000000 0 0 0 0 0 0 58 222 112 1 0 0 0 0 231119 154843.651
0.0000000000 0.0000000000 0 0 0 0 0 0 89 226 112 1 0 0 0 0 231119 154843.851
0.0000000000 0.0000000000 0 0 0 0 0 0 248 224 112 1 0 0 0 0 231119 154844.051
0.0000000000 0.0000000000 0 0 0 0 0 0 161 224 112 1 0 0 0 0 231119 154844.251
0.0000000000 0.0000000000 0 0 0 0 0 0 6 226 112 1 0 0 0 0 231119 154844.451
0.0000000000 0.0000000000 0 0 0 0 0 0 7 229 112 1 0 0 0 0 231119 154844.652
0.0000000000 0.0000000000 0 0 0 0 0 0 166 225 112 1 0 0 0 0 231119 154844.852
0.0000000000 0.0000000000 0 0 0 0 0 0 191 226 112 1 0 0 0 0 231119 154845.052
0.0000000000 0.0000000000 0 0 0 0 0 0 72 227 112 1 0 0 0 0 231119 154845.252
0.0000000000 0.0000000000 0 0 0 0 0 0 0 225 112 1 0 0 0 0 231119 154845.452
0.0000000000 0.0000000000 0 0 0 0 0 0 207 226 112 1 0 0 0 0 231119 154845.653
0.0000000000 0.0000000000 0 0 0 0 0 0 194 226 112 1 0 0 0 0 231119 154845.853
0.0000000000 0.0000000000 0 0 0 0 0 0 45 226 112 1 0 0 0 0 231119 154846.053
0.0000000000 0.0000000000 0 0 0 0 0 0 43 227 112 1 0 0 0 0 231119 154846.253
0.0000000000 0.0000000000 0 0 0 0 0 0 34 226 112 1 0 0 0 0 231119 154846.453
0.0000000000 0.0000000000 0 0 0 0 0 0 166 220 112 1 0 0 0 0 231119 154846.653
0.0000000000 0.0000000000 0 0 0 0 0 0 206 75 112 1 0 0 0 0 231119 154846.853
0.0000000000 0.0000000000 0 0 0 0 0 0 74 229 112 1 0 0 0 0 231119 154847.054
0.0000000000 0.0000000000 0 0 0 0 0 0 111 228 112 1 0 0 0 0 231119 154847.254
0.0000000000 0.0000000000 0 0 0 0 0 0 104 219 112 1 0 0 0 0 231119 154847.454
0.0000000000 0.0000000000 0 0 0 0 0 0 97 227 112 1 0 0 0 0 231119 154847.654
0.0000000000 0.0000000000 0 0 0 0 0 0 141 229 112 1 0 0 0 0 231119 154847.854
0.0000000000 0.0000000000 0 0 0 0 0 0 224 226 112 1 0 0 0 0 231119 154848.055
0.0000000000 0.0000000000 0 0 0 0 0 0 34 229 112 1 0 0 0 0 231119 154848.255
0.0000000000 0.0000000000 0 0 0 0 0 0 12 230 112 1 0 0 0 0 231119 154848.455
0.0000000000 0.0000000000 0 0 0 0 0 0 107 231 112 1 0 0 0 0 231119 154848.655
0.0000000000 0.0000000000 0 0 0 0 0 0 5 234 112 1 0 0 0 0 231119 154848.855
0.0000000000 0.0000000000 0 0 0 0 0 0 113 238 112 1 0 0 0 0 231119 154849.055
0.0000000000 0.0000000000 0 0 0 0 0 0 186 221 112 1 0 0 0 0 231119 154849.256
0.0000000000 0.0000000000 0 0 0 0 0 0 225 238 112 1 0 0 0 0 231119 154849.456
0.0000000000 0.0000000000 0 0 0 0 0 0 47 233 112 1 0 0 0 0 231119 154849.656
0.0000000000 0.0000000000 0 0 0 0 0 0 252 229 112 1 0 0 0 0 231119 154849.856
0.0000000000 0.0000000000 0 0 0 0 0 0 27 230 112 1 0 0 0 0 231119 154850.056
0.0000000000 0.0000000000 0 0 0 0 0 0 111 232 112 1 0 0 0 0 231119 154850.257
0.0000000000 0.0000000000 0 0 0 0 0 0 18 232 112 1 0 0 0 0 231119 154850.457
0.0000000000 0.0000000000 0 0 0 0 0 0 53 232 112 1 0 0 0 0 231119 154850.657
0.0000000000 0.0000000000 0 0 0 0 0 0 155 232 112 1 0 0 0 0 231119 154850.857
0.0000000000 0.0000000000 0 0 0 0 0 0 51 233 112 1 0 0 0 0 231119 154851.057
0.0000000000 0.0000000000 0 0 0 0 0 0 9 232 112 1 0 0 0 0 231119 154851.257
0.0000000000 0.0000000000 0 0 0 0 0 0 0 242 112 1 0 0 0 0 231119 154851.458
0.0000000000 0.0000000000 0 0 0 0 0 0 90 237 112 1 0 0 0 0 231119 154851.658
0.0000000000 0.0000000000 0 0 0 0 0 0 95 234 112 1 0 0 0 0 231119 154851.858
0.0000000000 0.0000000000 0 0 0 0 0 0 73 238 112 1 0 0 0 0 231119 154852.058
0.0000000000 0.0000000000 0 0 0 0 0 0 197 234 112 1 0 0 0 0 231119 154852.258
0.0000000000 0.0000000000 0 0 0 0 0 0 227 233 112 1 0 0 0 0 231119 154852.458
0.0000000000 0.0000000000 0 0 0 0 0 0 110 236 112 1 0 0 0 0 231119 154852.659
0.0000000000 0.0000000000 0 0 0 0 0 0 117 236 112 1 0 0 0 0 231119 154852.859
0.0000000000 0.0000000000 0 0 0 0 0 0 110 240 112 1 0 0 0 0 231119 154853.059
0.0000000000 0.0000000000 0 0 0 0 0 0 8 238 112 1 0 0 0 0 231119 154853.259
0.0000000000 0.0000000000 0 0 0 0 0 0 188 233 112 1 0 0 0 0 231119 154853.460
0.0000000000 0.0000000000 0 0 0 0 0 0 11 237 112 1 0 0 0 0 231119 154853.660
0.0000000000 0.0000000000 0 0 0 0 0 0 253 235 112 1 0 0 0 0 231119 154853.860
0.0000000000 0.0000000000 0 0 0 0 0 0 228 244 112 1 0 0 0 0 231119 154854.060
0.0000000000 0.0000000000 0 0 0 0 0 0 218 238 112 1 0 0 0 0 231119 154854.260
0.0000000000 0.0000000000 0 0 0 0 0 0 184 238 112 1 0 0 0 0 231119 154854.460
0.0000000000 0.0000000000 0 0 0 0 0 0 162 241 112 1 0 0 0 0 231119 154854.661
0.0000000000 0.0000000000 0 0 0 0 0 0 166 237 112 1 0 0 0 0 231119 154854.861
0.0000000000 0.0000000000 0 0 0 0 0 0 118 241 112 1 0 0 0 0 231119 154855.061
0.0000000000 0.0000000000 0 0 0 0 0 0 161 237 112 1 0 0 0 0 231119 154855.261
0.0000000000 0.0000000000 0 0 0 0 0 0 242 240 112 1 0 0 0 0 231119 154855.461
0.0000000000 0.0000000000 0 0 0 0 0 0 146 243 112 1 0 0 0 0 231119 154855.662
0.0000000000 0.0000000000 0 0 0 0 0 0 35 239 112 1 0 0 0 0 231119 154855.862
0.0000000000 0.0000000000 0 0 0 0 0 0 162 246 112 1 0 0 0 0 231119 154856.062
0.0000000000 0.0000000000 0 0 0 0 0 0 31 244 112 1 0 0 0 0 231119 154856.262
0.0000000000 0.0000000000 0 0 0 0 0 0 150 243 112 1 0 0 0 0 231119 154856.463
0.0000000000 0.0000000000 0 0 0 0 0 0 222 244 112 1 0 0 0 0 231119 154856.663
0.0000000000 0.0000000000 0 0 0 0 0 0 247 243 112 1 0 0 0 0 231119 154856.863
0.0000000000 0.0000000000 0 0 0 0 0 0 207 243 112 1 0 0 0 0 231119 154857.063
0.0000000000 0.0000000000 0 0 0 0 0 0 120 248 112 1 0 0 0 0 231119 154857.264
0.0000000000 0.0000000000 0 0 0 0 0 0 93 246 112 1 0 0 0 0 231119 154857.464
0.0000000000 0.0000000000 0 0 0 0 0 0 38 245 112 1 0 0 0 0 231119 154857.664
0.0000000000 0.0000000000 0 0 0 0 0 0 50 245 112 1 0 0 0 0 231119 154857.864
0.0000000000 0.0000000000 0 0 0 0 0 0 44 249 112 1 0 0 0 0 231119 154858.064
0.0000000000 0.0000000000 0 0 0 0 0 0 204 245 112 1 0 0 0 0 231119 154858.265
0.0000000000 0.0000000000 0 0 0 0 0 0 210 249 112 1 0 0 0 0 231119 154858.465
0.0000000000 0.0000000000 0 0 0 0 0 0 109 251 112 1 0 0 0 0 231119 154858.665
0.0000000000 0.0000000000 0 0 0 0 0 0 231 246 112 1 0 0 0 0 231119 154858.865
0.0000000000 0.0000000000 0 0 0 0 0 0 18 250 112 1 0 0 0 0 231119 154859.065
0.0000000000 0.0000000000 0 0 0 0 0 0 112 247 112 1 0 0 0 0 231119 154859.266
0.0000000000 0.0000000000 0 0 0 0 0 0 33 253 112 1 0 0 0 0 231119 154859.466
0.0000000000 0.0000000000 0 0 0 0 0 0 172 246 112 1 0 0 0 0 231119 154859.666
0.0000000000 0.0000000000 0 0 0 0 0 0 151 255 112 1 0 0 0 0 231119 154859.866
0.0000000000 0.0000000000 0 0 0 0 0 0 87 252 112 1 0 0 0 0 231119 154900.066
0.0000000000 0.0000000000 0 0 0 0 0 0 138 251 112 1 0 0 0 0 231119 154900.267
0.0000000000 0.0000000000 0 0 0 0 0 0 223 250 112 1 0 0 0 0 231119 154900.467
0.0000000000 0.0000000000 0 0 0 0 0 0 123 251 112 1 0 0 0 0 231119 154900.667
0.0000000000 0.0000000000 0 0 0 0 0 0 237 247 112 1 0 0 0 0 231119 154900.867
0.0000000000 0.0000000000 0 0 0 0 0 0 91 252 112 1 0 0 0 0 231119 154901.067
0.0000000000 0.0000000000 0 0 0 0 0 0 245 253 112 1 0 0 0 0 231119 154901.267
0.0000000000 0.0000000000 0 0 0 0 0 0 239 251 112 1 0 0 0 0 231119 154901.467
0.0000000000 0.0000000000 0 0 0 0 0 0 131 251 112 1 0 0 0 0 231119 154901.668
0.0000000000 0.0000000000 0 0 0 0 0 0 184 255 112 1 0 0 0 0 231119 154901.868
0.0000000000 0.0000000000 0 0 0 0 0 0 197 0 112 1 0 0 0 0 231119 154902.068
0.0000000000 0.0000000000 0 0 0 0 0 0 159 252 112 1 0 0 0 0 231119 154902.268
0.0000000000 0.0000000000 0 0 0 0 0 0 81 254 112 1 0 0 0 0 231119 154902.468
0.0000000000 0.0000000000 0 0 0 0 0 0 224 254 112 1 0 0 0 0 231119 154902.668
0.0000000000 0.0000000000 0 0 0 0 0 0 209 252 112 1 0 0 0 0 231119 154902.869
0.0000000000 0.0000000000 0 0 0 0 0 0 67 254 112 1 0 0 0 0 231119 154903.069
0.0000000000 0.0000000000 0 0 0 0 0 0 131 1 112 1 0 0 0 0 231119 154903.269
0.0000000000 0.0000000000 0 0 0 0 0 0 9 2 112 1 0 0 0 0 231119 154903.469
0.0000000000 0.0000000000 0 0 0 0 0 0 92 0 112 1 0 0 0 0 231119 154903.669
0.0000000000 0.0000000000 0 0 0 0 0 0 51 254 112 1 0 0 0 0 231119 154903.869
0.0000000000 0.0000000000 0 0 0 0 0 0 37 4 112 1 0 0 0 0 231119 154904.070
0.0000000000 0.0000000000 0 0 0 0 0 0 27 0 112 1 0 0 0 0 231119 154904.270
0.0000000000 0.0000000000 0 0 0 0 0 0 0 0 112 1 0 0 0 0 231119 154904.470
0.0000000000 0.0000000000 0 0 0 0 0 0 0 0 112 1 0 0 0 0 231119 154904.670
0.0000000000 0.0000000000 0 0 0 0 0 0 0 0 112 1 0 0 0 0 231119 154904.870
0.0000000000 0.0000000000 0 0 0 0 0 0 0 0 112 1 0 0 0 0 231119 154905.071
0.0000000000 0.0000000000 0 0 0 0 0 0 0 0 112 1 0 0 0 0 231119 154905.271
0.0000000000 0.0000000000 0 0 0 0 0 0 0 0 112 1 0 0 0 0 231119 154905.471
0.0000000000 0.0000000000 0 0 0 0 0 0 0 0 112 1 0 0 0 0 231119 154905.671
0.0000000000 0.0000000000 0 0 0 0 0 0 0 0 112 1 0 0 0 0 231119 154905.871
0.0000000000 0.0000000000 0 0 0 0 0 0 0 0 112 1 0 0 0 0 231119 154906.072
0.0000000000 0.0000000000 0 0 0 0 0 0 0 0 112 1 0 0 0 0 231119 154906.272
0.0000000000 0.0000000000 0 0 0 0 0 0 0 0 112 1 0 0 0 0 231119 154906.472
0.0000000000 0.0000000000 0 0 0 0 0 0 0 0 112 1 0 0 0 0 231119 154906.672
0.0000000000 0.0000000000 0 0 0 0 0 0 0 0 112 1 0 0 0 0 231119 154906.872
0.0000000000 0.0000000000 0 0 0 0 0 0 0 0 112 1 0 0 0 0 231119 154907.073
0.0000000000 0.0000000000 0 0 0 0 0 0 199 13 112 1 0 0 0 0 231119 154907.273
0.0000000000 0.0000000000 0 0 0 0 0 0 10 9 112 1 0 0 0 0 231119 154907.473
0.0000000000 0.0000000000 0 0 0 0 0 0 157 5 112 1 0 0 0 0 231119 154907.673
0.0000000000 0.0000000000 0 0 0 0 0 0 8 11 112 1 0 0 0 0 231119 154907.873
0.0000000000 0.0000000000 0 0 0 0 0 0 116 16 112 1 0 0 0 0 231119 154908.073
0.0000000000 0.0000000000 0 0 0 0 0 0 99 11 112 1 0 0 0 0 231119 154908.274
0.0000000000 0.0000000000 0 0 0 0 0 0 151 6 112 1 0 0 0 0 231119 154908.474
0.0000000000 0.0000000000 0 0 0 0 0 0 117 10 112 1 0 0 0 0 231119 154908.674
0.0000000000 0.0000000000 0 0 0 0 0 0 255 127 112 1 0 0 0 0 231119 154908.874
