0.0000000000 0.0000000000 0 0 0 0 0 0 0 0 112 1 0 0 0 0 040619 153007.149
0.0000000000 0.0000000000 0 0 0 0 0 0 0 0 112 1 0 0 0 0 040619 153007.350
0.0000000000 0.0000000000 0 0 0 0 0 0 0 0 112 1 0 0 0 0 040619 153007.550
0.0000000000 0.0000000000 0 0 0 0 0 0 0 0 112 1 0 0 0 0 040619 153007.750
0.0000000000 0.0000000000 0 0 0 0 0 0 0 0 112 1 0 0 0 0 040619 153007.950
0.0000000000 0.0000000000 0 0 0 0 0 0 0 0 112 1 0 0 0 0 040619 153008.151
0.0000000000 0.0000000000 0 0 0 0 0 0 0 0 112 1 0 0 0 0 040619 153008.351
0.0000000000 0.0000000000 0 0 0 0 0 0 0 0 112 1 0 0 0 0 040619 153008.552
0.0000000000 0.0000000000 0 0 0 0 0 0 0 0 112 1 0 0 0 0 040619 153008.752
0.0000000000 0.0000000000 0 0 0 0 0 0 0 0 112 1 0 0 0 0 040619 153008.952
0.0000000000 0.0000000000 0 0 0 0 0 0 0 0 112 1 0 0 0 0 040619 153009.152
0.0000000000 0.0000000000 0 0 0 0 0 0 0 0 112 1 0 0 0 0 040619 153009.353
0.0000000000 0.0000000000 0 0 0 0 0 0 0 0 112 1 0 0 0 0 040619 153009.553
0.0000000000 0.0000000000 0 0 0 0 0 0 0 0 112 1 0 0 0 0 040619 153009.753
0.0000000000 0.0000000000 0 0 0 0 0 0 0 0 112 1 0 0 0 0 040619 153009.953
0.0000000000 0.0000000000 0 0 0 0 0 0 0 0 112 1 0 0 0 0 040619 153010.154
0.0000000000 0.0000000000 0 0 0 0 0 0 0 0 112 1 0 0 0 0 040619 153010.354
0.0000000000 0.0000000000 0 0 0 0 0 0 0 0 112 1 0 0 0 0 040619 153010.554
0.0000000000 0.0000000000 0 0 0 0 0 0 0 0 112 1 0 0 0 0 040619 153010.754
0.0000000000 0.0000000000 0 0 0 0 0 0 0 0 112 1 0 0 0 0 040619 153010.955
0.0000000000 0.0000000000 0 0 0 0 0 0 0 0 112 1 0 0 0 0 040619 153011.155
0.0000000000 0.0000000000 0 0 0 0 0 0 0 0 112 1 0 0 0 0 040619 153011.355
0.0000000000 0.0000000000 0 0 0 0 0 0 0 0 112 1 0 0 0 0 040619 153011.555
0.0000000000 0.0000000000 0 0 0 0 0 0 0 0 112 1 0 0 0 0 040619 153011.756
0.0000000000 0.0000000000 0 0 0 0 0 0 0 0 112 1 0 0 0 0 040619 153011.956
0.0000000000 0.0000000000 0 0 0 0 0 0 0 0 112 1 0 0 0 0 040619 153012.156
0.0000000000 0.0000000000 0 0 0 0 0 0 0 0 112 1 0 0 0 0 040619 153012.356
0.0000000000 0.0000000000 0 0 0 0 0 0 0 0 112 1 0 0 0 0 040619 153012.557
0.0000000000 0.0000000000 0 0 0 0 0 0 0 0 112 1 0 0 0 0 040619 153012.757
0.0000000000 0.0000000000 0 0 0 0 0 0 0 0 112 1 0 0 0 0 040619 153012.957
0.0000000000 0.0000000000 0 0 0 0 0 0 0 0 112 1 0 0 0 0 040619 153013.157
0.0000000000 0.0000000000 0 0 0 0 0 0 0 0 112 1 0 0 0 0 040619 153013.357
0.0000000000 0.0000000000 0 0 0 0 0 0 0 0 112 1 0 0 0 0 040619 153013.558
0.0000000000 0.0000000000 0 0 0 0 0 0 0 0 112 1 0 0 0 0 040619 153013.758
0.0000000000 0.0000000000 0 0 0 0 0 0 0 0 112 1 0 0 0 0 040619 153013.958
0.0000000000 0.0000000000 0 0 0 0 0 0 0 0 112 1 0 0 0 0 040619 153014.158
0.0000000000 0.0000000000 0 0 0 0 0 0 0 0 112 1 0 0 0 0 040619 153014.359
0.0000000000 0.0000000000 0 0 0 0 0 0 0 0 112 1 0 0 0 0 040619 153014.559
0.0000000000 0.0000000000 0 0 0 0 0 0 0 0 112 1 0 0 0 0 040619 153014.759
0.0000000000 0.0000000000 0 0 0 0 0 0 0 0 112 1 0 0 0 0 040619 153014.959
0.0000000000 0.0000000000 0 0 0 0 0 0 0 0 112 1 0 0 0 0 040619 153015.160
0.0000000000 0.0000000000 0 0 0 0 0 0 0 0 112 1 0 0 0 0 040619 153015.360
0.0000000000 0.0000000000 0 0 0 0 0 0 0 0 112 1 0 0 0 0 040619 153015.560
0.0000000000 0.0000000000 0 0 0 0 0 0 0 0 112 1 0 0 0 0 040619 153015.760
0.0000000000 0.0000000000 0 0 0 0 0 0 0 0 112 1 0 0 0 0 040619 153015.961
0.0000000000 0.0000000000 0 0 0 0 0 0 0 0 112 1 0 0 0 0 040619 153016.161
0.0000000000 0.0000000000 0 0 0 0 0 0 0 0 112 1 0 0 0 0 040619 153016.361
0.0000000000 0.0000000000 0 0 0 0 0 0 0 0 112 1 0 0 0 0 040619 153016.561
0.0000000000 0.0000000000 0 0 0 0 0 0 0 0 112 1 0 0 0 0 040619 153016.762
0.0000000000 0.0000000000 0 0 0 0 0 0 0 0 112 1 0 0 0 0 040619 153016.962
0.0000000000 0.0000000000 0 0 0 0 0 0 0 0 112 1 0 0 0 0 040619 153017.162
0.0000000000 0.0000000000 0 0 0 0 0 0 0 0 112 1 0 0 0 0 040619 153017.362
0.0000000000 0.0000000000 0 0 0 0 0 0 0 0 112 1 0 0 0 0 040619 153017.562
0.0000000000 0.0000000000 0 0 0 0 0 0 0 0 112 1 0 0 0 0 040619 153017.763
0.0000000000 0.0000000000 0 0 0 0 0 0 0 0 112 1 0 0 0 0 040619 153017.963
0.0000000000 0.0000000000 0 0 0 0 0 0 0 0 112 1 0 0 0 0 040619 153018.163
0.0000000000 0.0000000000 0 0 0 0 0 0 0 0 112 1 0 0 0 0 040619 153018.363
0.0000000000 0.0000000000 0 0 0 0 0 0 0 0 112 1 0 0 0 0 040619 153018.564
0.0000000000 0.0000000000 0 0 0 0 0 0 0 0 112 1 0 0 0 0 040619 153018.764
0.0000000000 0.0000000000 0 0 0 0 0 0 0 0 112 1 0 0 0 0 040619 153018.964
0.0000000000 0.0000000000 0 0 0 0 0 0 0 0 112 1 0 0 0 0 040619 153019.164
0.0000000000 0.0000000000 0 0 0 0 0 0 0 0 112 1 0 0 0 0 040619 153019.365
0.0000000000 0.0000000000 0 0 0 0 0 0 0 0 112 1 0 0 0 0 040619 153019.565
0.0000000000 0.0000000000 0 0 0 0 0 0 0 0 112 1 0 0 0 0 040619 153019.765
0.0000000000 0.0000000000 0 0 0 0 0 0 0 0 112 1 0 0 0 0 040619 153019.965
0.0000000000 0.0000000000 0 0 0 0 0 0 0 0 112 1 0 0 0 0 040619 153020.165
0.0000000000 0.0000000000 0 0 0 0 0 0 0 0 112 1 0 0 0 0 040619 153020.366
0.0000000000 0.0000000000 0 0 0 0 0 0 0 0 112 1 0 0 0 0 040619 153020.566
0.0000000000 0.0000000000 0 0 0 0 0 0 0 0 112 1 0 0 0 0 040619 153020.766
0.0000000000 0.0000000000 0 0 0 0 0 0 0 0 112 1 0 0 0 0 040619 153020.966
0.0000000000 0.0000000000 0 0 0 0 0 0 0 0 112 1 0 0 0 0 040619 153021.167
0.0000000000 0.0000000000 0 0 0 0 0 0 0 0 112 1 0 0 0 0 040619 153021.367
0.0000000000 0.0000000000 0 0 0 0 0 0 0 0 112 1 0 0 0 0 040619 153021.567
0.0000000000 0.0000000000 0 0 0 0 0 0 0 0 112 1 0 0 0 0 040619 153021.767
0.0000000000 0.0000000000 0 0 0 0 0 0 0 0 112 1 0 0 0 0 040619 153021.968
0.0000000000 0.0000000000 0 0 0 0 0 0 0 0 112 1 0 0 0 0 040619 153022.168
0.0000000000 0.0000000000 0 0 0 0 0 0 0 0 112 1 0 0 0 0 040619 153022.368
0.0000000000 0.0000000000 0 0 0 0 0 0 0 0 112 1 0 0 0 0 040619 153022.568
0.0000000000 0.0000000000 0 0 0 0 0 0 0 0 112 1 0 0 0 0 040619 153022.769
0.0000000000 0.0000000000 0 0 0 0 0 0 0 0 112 1 0 0 0 0 040619 153022.969
0.0000000000 0.0000000000 0 0 0 0 0 0 0 0 112 1 0 0 0 0 040619 153023.169
0.0000000000 0.0000000000 0 0 0 0 0 0 0 0 112 1 0 0 0 0 040619 153023.369
0.0000000000 0.0000000000 0 0 0 0 0 0 0 0 112 1 0 0 0 0 040619 153023.570
0.0000000000 0.0000000000 0 0 0 0 0 0 0 0 112 1 0 0 0 0 040619 153023.770
0.0000000000 0.0000000000 0 0 0 0 0 0 0 0 112 1 0 0 0 0 040619 153023.970
0.0000000000 0.0000000000 0 0 0 0 0 0 0 0 112 1 0 0 0 0 040619 153024.170
0.0000000000 0.0000000000 0 0 0 0 0 0 0 0 112 1 0 0 0 0 040619 153024.371
0.0000000000 0.0000000000 0 0 0 0 0 0 0 0 112 1 0 0 0 0 040619 153024.571
0.0000000000 0.0000000000 0 0 0 0 0 0 0 0 112 1 0 0 0 0 040619 153024.771
0.0000000000 0.0000000000 0 0 0 0 0 0 0 0 112 1 0 0 0 0 040619 153024.971
0.0000000000 0.0000000000 0 0 0 0 0 0 0 0 112 1 0 0 0 0 040619 153025.172
0.0000000000 0.0000000000 0 0 0 0 0 0 0 0 112 1 0 0 0 0 040619 153025.372
0.0000000000 0.0000000000 0 0 0 0 0 0 0 0 112 1 0 0 0 0 040619 153025.572
0.0000000000 0.0000000000 0 0 0 0 0 0 0 0 112 1 0 0 0 0 040619 153025.772
0.0000000000 0.0000000000 0 0 0 0 0 0 0 0 112 1 0 0 0 0 040619 153025.972
0.0000000000 0.0000000000 0 0 0 0 0 0 0 0 112 1 0 0 0 0 040619 153026.173
0.0000000000 0.0000000000 0 0 0 0 0 0 0 0 112 1 0 0 0 0 040619 153026.373
0.0000000000 0.0000000000 0 0 0 0 0 0 0 0 112 1 0 0 0 0 040619 153026.573
0.0000000000 0.0000000000 0 0 0 0 0 0 0 0 112 1 0 0 0 0 040619 153026.774
0.0000000000 0.0000000000 0 0 0 0 0 0 0 0 112 1 0 0 0 0 040619 153026.974
0.0000000000 0.0000000000 0 0 0 0 0 0 0 0 112 1 0 0 0 0 040619 153027.174
0.0000000000 0.0000000000 0 0 0 0 0 0 0 0 112 1 0 0 0 0 040619 153027.374
0.0000000000 0.0000000000 0 0 0 0 0 0 0 0 112 1 0 0 0 0 040619 153027.574
0.0000000000 0.0000000000 0 0 0 0 0 0 0 0 112 1 0 0 0 0 040619 153027.775
0.0000000000 0.0000000000 0 0 0 0 0 0 0 0 112 1 0 0 0 0 040619 153027.975
0.0000000000 0.0000000000 0 0 0 0 0 0 0 0 112 1 0 0 0 0 040619 153028.175
0.0000000000 0.0000000000 0 0 0 0 0 0 0 0 112 1 0 0 0 0 040619 153028.375
0.0000000000 0.0000000000 0 0 0 0 0 0 0 0 112 1 0 0 0 0 040619 153028.576
0.0000000000 0.0000000000 0 0 0 0 0 0 0 0 112 1 0 0 0 0 040619 153028.776
0.0000000000 0.0000000000 0 0 0 0 0 0 0 0 112 1 0 0 0 0 040619 153028.976
0.0000000000 0.0000000000 0 0 0 0 0 0 0 0 112 1 0 0 0 0 040619 153029.176
0.0000000000 0.0000000000 0 0 0 0 0 0 0 0 112 1 0 0 0 0 040619 153029.377
0.0000000000 0.0000000000 0 0 0 0 0 0 0 0 112 1 0 0 0 0 040619 153029.577
0.0000000000 0.0000000000 0 0 0 0 0 0 0 0 112 1 0 0 0 0 040619 153029.777
0.0000000000 0.0000000000 0 0 0 0 0 0 0 0 112 1 0 0 0 0 040619 153029.977
0.0000000000 0.0000000000 0 0 0 0 0 0 0 0 112 1 0 0 0 0 040619 153030.177
0.0000000000 0.0000000000 0 0 0 0 0 0 0 0 112 1 0 0 0 0 040619 153030.378
0.0000000000 0.0000000000 0 0 0 0 0 0 0 0 112 1 0 0 0 0 040619 153030.578
0.0000000000 0.0000000000 0 0 0 0 0 0 0 0 112 1 0 0 0 0 040619 153030.778
0.0000000000 0.0000000000 0 0 0 0 0 0 0 0 112 1 0 0 0 0 040619 153030.978
0.0000000000 0.0000000000 0 0 0 0 0 0 0 0 112 1 0 0 0 0 040619 153031.179
0.0000000000 0.0000000000 0 0 0 0 0 0 0 0 112 1 0 0 0 0 040619 153031.379
0.0000000000 0.0000000000 0 0 0 0 0 0 0 0 112 1 0 0 0 0 040619 153031.579
0.0000000000 0.0000000000 0 0 0 0 0 0 0 0 112 1 0 0 0 0 040619 153031.780
0.0000000000 0.0000000000 0 0 0 0 0 0 0 0 112 1 0 0 0 0 040619 153031.980
0.0000000000 0.0000000000 0 0 0 0 0 0 0 0 112 1 0 0 0 0 040619 153032.180
0.0000000000 0.0000000000 0 0 0 0 0 0 0 0 112 1 0 0 0 0 040619 153032.380
0.0000000000 0.0000000000 0 0 0 0 0 0 0 0 112 1 0 0 0 0 040619 153032.581
0.0000000000 0.0000000000 0 0 0 0 0 0 0 0 112 1 0 0 0 0 040619 153032.781
0.0000000000 0.0000000000 0 0 0 0 0 0 0 0 112 1 0 0 0 0 040619 153032.981
0.0000000000 0.0000000000 0 0 0 0 0 0 0 0 112 1 0 0 0 0 040619 153033.181
0.0000000000 0.0000000000 0 0 0 0 0 0 0 0 112 1 0 0 0 0 040619 153033.382
0.0000000000 0.0000000000 0 0 0 0 0 0 0 0 112 1 0 0 0 0 040619 153033.582
0.0000000000 0.0000000000 0 0 0 0 0 0 0 0 112 1 0 0 0 0 040619 153033.782
0.0000000000 0.0000000000 0 0 0 0 0 0 0 0 112 1 0 0 0 0 040619 153033.982
0.0000000000 0.0000000000 0 0 0 0 0 0 0 0 112 1 0 0 0 0 040619 153034.183
0.0000000000 0.0000000000 0 0 0 0 0 0 0 0 112 1 0 0 0 0 040619 153034.383
0.0000000000 0.0000000000 0 0 0 0 0 0 205 12 112 1 0 0 0 0 040619 153034.583
0.0000000000 0.0000000000 0 0 0 0 0 0 205 12 112 1 0 0 0 0 040619 153034.783
0.0000000000 0.0000000000 0 0 0 0 0 0 219 4 112 1 0 0 0 0 040619 153034.983
0.0000000000 0.0000000000 0 0 0 0 0 0 10 13 112 1 0 0 0 0 040619 153035.184
0.0000000000 0.0000000000 0 0 0 0 0 0 10 13 112 1 0 0 0 0 040619 153035.384
0.0000000000 0.0000000000 0 0 0 0 0 0 90 4 112 1 0 0 0 0 040619 153035.584
0.0000000000 0.0000000000 0 0 0 0 0 0 90 4 112 1 0 0 0 0 040619 153035.784
0.0000000000 0.0000000000 0 0 0 0 0 0 78 19 112 1 0 0 0 0 040619 153035.985
0.0000000000 0.0000000000 0 0 0 0 0 0 229 6 112 1 0 0 0 0 040619 153036.185
0.0000000000 0.0000000000 0 0 0 0 0 0 229 6 112 1 0 0 0 0 040619 153036.386
0.0000000000 0.0000000000 0 0 0 0 0 0 57 253 112 1 0 0 0 0 040619 153036.587
0.0000000000 0.0000000000 0 0 0 0 0 0 53 4 112 1 0 0 0 0 040619 153036.787
0.0000000000 0.0000000000 0 0 0 0 0 0 53 4 112 1 0 0 0 0 040619 153036.987
0.0000000000 0.0000000000 0 0 0 0 0 0 84 8 112 1 0 0 0 0 040619 153037.187
0.0000000000 0.0000000000 0 0 0 0 0 0 164 6 112 1 0 0 0 0 040619 153037.388
0.0000000000 0.0000000000 0 0 0 0 0 0 164 6 112 1 0 0 0 0 040619 153037.588
0.0000000000 0.0000000000 0 0 0 0 0 0 39 4 112 1 0 0 0 0 040619 153037.788
0.0000000000 0.0000000000 0 0 0 0 0 0 88 8 112 1 0 0 0 0 040619 153037.988
0.0000000000 0.0000000000 0 0 0 0 0 0 88 8 112 1 0 0 0 0 040619 153038.189
0.0000000000 0.0000000000 0 0 0 0 0 0 75 3 112 1 0 0 0 0 040619 153038.389
0.0000000000 0.0000000000 0 0 0 0 0 0 238 253 112 1 0 0 0 0 040619 153038.589
0.0000000000 0.0000000000 0 0 0 0 0 0 108 11 112 1 0 0 0 0 040619 153038.789
0.0000000000 0.0000000000 0 0 0 0 0 0 108 11 112 1 0 0 0 0 040619 153038.990
0.0000000000 0.0000000000 0 0 0 0 0 0 36 255 112 1 0 0 0 0 040619 153039.190
0.0000000000 0.0000000000 0 0 0 0 0 0 221 3 112 1 0 0 0 0 040619 153039.390
0.0000000000 0.0000000000 0 0 0 0 0 0 221 3 112 1 0 0 0 0 040619 153039.590
0.0000000000 0.0000000000 0 0 0 0 0 0 172 5 112 1 0 0 0 0 040619 153039.791
0.0000000000 0.0000000000 0 0 0 0 0 0 172 5 112 1 0 0 0 0 040619 153039.991
0.0000000000 0.0000000000 0 0 0 0 0 0 215 249 112 1 0 0 0 0 040619 153040.191
0.0000000000 0.0000000000 0 0 0 0 0 0 215 249 112 1 0 0 0 0 040619 153040.391
0.0000000000 0.0000000000 0 0 0 0 0 0 63 3 112 1 0 0 0 0 040619 153040.591
0.0000000000 0.0000000000 0 0 0 0 0 0 4 5 112 1 0 0 0 0 040619 153040.792
0.0000000000 0.0000000000 0 0 0 0 0 0 60 254 112 1 0 0 0 0 040619 153040.992
0.0000000000 0.0000000000 0 0 0 0 0 0 60 254 112 1 0 0 0 0 040619 153041.192
0.0000000000 0.0000000000 0 0 0 0 0 0 142 6 112 1 0 0 0 0 040619 153041.392
0.0000000000 0.0000000000 0 0 0 0 0 0 212 1 112 1 0 0 0 0 040619 153041.593
0.0000000000 0.0000000000 0 0 0 0 0 0 212 1 112 1 0 0 0 0 040619 153041.793
0.0000000000 0.0000000000 0 0 0 0 0 0 91 2 112 1 0 0 0 0 040619 153041.993
0.0000000000 0.0000000000 0 0 0 0 0 0 52 1 112 1 0 0 0 0 040619 153042.193
0.0000000000 0.0000000000 0 0 0 0 0 0 35 5 112 1 0 0 0 0 040619 153042.394
0.0000000000 0.0000000000 0 0 0 0 0 0 35 5 112 1 0 0 0 0 040619 153042.594
0.0000000000 0.0000000000 0 0 0 0 0 0 12 5 112 1 0 0 0 0 040619 153042.794
0.0000000000 0.0000000000 0 0 0 0 0 0 12 5 112 1 0 0 0 0 040619 153042.994
0.0000000000 0.0000000000 0 0 0 0 0 0 221 5 112 1 0 0 0 0 040619 153043.195
0.0000000000 0.0000000000 0 0 0 0 0 0 152 253 112 1 0 0 0 0 040619 153043.395
0.0000000000 0.0000000000 0 0 0 0 0 0 141 6 112 1 0 0 0 0 040619 153043.595
0.0000000000 0.0000000000 0 0 0 0 0 0 141 6 112 1 0 0 0 0 040619 153043.795
0.0000000000 0.0000000000 0 0 0 0 0 0 193 5 112 1 0 0 0 0 040619 153043.995
0.0000000000 0.0000000000 0 0 0 0 0 0 0 0 112 1 0 0 0 0 040619 153044.196
0.0000000000 0.0000000000 0 0 0 0 0 0 0 0 112 1 0 0 0 0 040619 153044.396
0.0000000000 0.0000000000 0 0 0 0 0 0 0 0 112 1 0 0 0 0 040619 153044.596
0.0000000000 0.0000000000 0 0 0 0 0 0 0 0 112 1 0 0 0 0 040619 153044.796
0.0000000000 0.0000000000 0 0 0 0 0 0 0 0 112 1 0 0 0 0 040619 153044.997
0.0000000000 0.0000000000 0 0 0 0 0 0 0 0 112 1 0 0 0 0 040619 153045.197
0.0000000000 0.0000000000 0 0 0 0 0 0 0 0 112 1 0 0 0 0 040619 153045.397
0.0000000000 0.0000000000 0 0 0 0 0 0 0 0 112 1 0 0 0 0 040619 153045.597
0.0000000000 0.0000000000 0 0 0 0 0 0 0 0 112 1 0 0 0 0 040619 153045.798
0.0000000000 0.0000000000 0 0 0 0 0 0 0 0 112 1 0 0 0 0 040619 153045.998
0.0000000000 0.0000000000 0 0 0 0 0 0 0 0 112 1 0 0 0 0 040619 153046.198
0.0000000000 0.0000000000 0 0 0 0 0 0 0 0 112 1 0 0 0 0 040619 153046.398
0.0000000000 0.0000000000 0 0 0 0 0 0 0 0 112 1 0 0 0 0 040619 153046.598
0.0000000000 0.0000000000 0 0 0 0 0 0 0 0 112 1 0 0 0 0 040619 153046.799
0.0000000000 0.0000000000 0 0 0 0 0 0 0 0 112 1 0 0 0 0 040619 153046.999
0.0000000000 0.0000000000 0 0 0 0 0 0 0 0 112 1 0 0 0 0 040619 153047.199
0.0000000000 0.0000000000 0 0 0 0 0 0 0 0 112 1 0 0 0 0 040619 153047.399
0.0000000000 0.0000000000 0 0 0 0 0 0 0 0 112 1 0 0 0 0 040619 153047.600
0.0000000000 0.0000000000 0 0 0 0 0 0 0 0 112 1 0 0 0 0 040619 153047.800
0.0000000000 0.0000000000 0 0 0 0 0 0 0 0 112 1 0 0 0 0 040619 153048.000
0.0000000000 0.0000000000 0 0 0 0 0 0 0 0 112 1 0 0 0 0 040619 153048.200
0.0000000000 0.0000000000 0 0 0 0 0 0 0 0 112 1 0 0 0 0 040619 153048.401
0.0000000000 0.0000000000 0 0 0 0 0 0 0 0 112 1 0 0 0 0 040619 153048.601
0.0000000000 0.0000000000 0 0 0 0 0 0 0 0 112 1 0 0 0 0 040619 153048.801
0.0000000000 0.0000000000 0 0 0 0 0 0 47 11 112 1 0 0 0 0 040619 153049.001
0.0000000000 0.0000000000 0 0 0 0 0 0 0 0 112 1 0 0 0 0 040619 153049.202
0.0000000000 0.0000000000 0 0 0 0 0 0 0 0 112 1 0 0 0 0 040619 153049.402
0.0000000000 0.0000000000 0 0 0 0 0 0 106 8 112 1 0 0 0 0 040619 153049.602
0.0000000000 0.0000000000 0 0 0 0 0 0 13 7 112 1 0 0 0 0 040619 153049.802
0.0000000000 0.0000000000 0 0 0 0 0 0 70 6 112 1 0 0 0 0 040619 153050.002
0.0000000000 0.0000000000 0 0 0 0 0 0 70 6 112 1 0 0 0 0 040619 153050.203
0.0000000000 0.0000000000 0 0 0 0 0 0 240 13 112 1 0 0 0 0 040619 153050.403
0.0000000000 0.0000000000 0 0 0 0 0 0 191 254 112 1 0 0 0 0 040619 153050.603
0.0000000000 0.0000000000 0 0 0 0 0 0 223 4 112 1 0 0 0 0 040619 153050.803
0.0000000000 0.0000000000 0 0 0 0 0 0 230 7 112 1 0 0 0 0 040619 153051.004
0.0000000000 0.0000000000 0 0 0 0 0 0 111 252 112 1 0 0 0 0 040619 153051.204
0.0000000000 0.0000000000 0 0 0 0 0 0 130 7 112 1 0 0 0 0 040619 153051.404
0.0000000000 0.0000000000 0 0 0 0 0 0 130 7 112 1 0 0 0 0 040619 153051.604
0.0000000000 0.0000000000 0 0 0 0 0 0 180 251 112 1 0 0 0 0 040619 153051.805
0.0000000000 0.0000000000 0 0 0 0 0 0 0 0 112 1 0 0 0 0 040619 153052.005
0.0000000000 0.0000000000 0 0 0 0 0 0 0 0 112 1 0 0 0 0 040619 153052.205
0.0000000000 0.0000000000 0 0 0 0 0 0 0 0 112 1 0 0 0 0 040619 153052.405
0.0000000000 0.0000000000 0 0 0 0 0 0 0 0 112 1 0 0 0 0 040619 153052.606
0.0000000000 0.0000000000 0 0 0 0 0 0 0 0 112 1 0 0 0 0 040619 153052.806
0.0000000000 0.0000000000 0 0 0 0 0 0 0 0 112 1 0 0 0 0 040619 153053.006
0.0000000000 0.0000000000 0 0 0 0 0 0 0 0 112 1 0 0 0 0 040619 153053.206
0.0000000000 0.0000000000 0 0 0 0 0 0 0 0 112 1 0 0 0 0 040619 153053.407
0.0000000000 0.0000000000 0 0 0 0 0 0 0 0 112 1 0 0 0 0 040619 153053.607
0.0000000000 0.0000000000 0 0 0 0 0 0 0 0 112 1 0 0 0 0 040619 153053.807
0.0000000000 0.0000000000 0 0 0 0 0 0 0 0 112 1 0 0 0 0 040619 153054.007
0.0000000000 0.0000000000 0 0 0 0 0 0 0 0 112 1 0 0 0 0 040619 153054.207
0.0000000000 0.0000000000 0 0 0 0 0 0 0 0 112 1 0 0 0 0 040619 153054.408
0.0000000000 0.0000000000 0 0 0 0 0 0 0 0 112 1 0 0 0 0 040619 153054.608
0.0000000000 0.0000000000 0 0 0 0 0 0 0 0 112 1 0 0 0 0 040619 153054.808
0.0000000000 0.0000000000 0 0 0 0 0 0 0 0 112 1 0 0 0 0 040619 153055.008
0.0000000000 0.0000000000 0 0 0 0 0 0 0 0 112 1 0 0 0 0 040619 153055.209
0.0000000000 0.0000000000 0 0 0 0 0 0 0 0 112 1 0 0 0 0 040619 153055.409
0.0000000000 0.0000000000 0 0 0 0 0 0 0 0 112 1 0 0 0 0 040619 153055.609
0.0000000000 0.0000000000 0 0 0 0 0 0 0 0 112 1 0 0 0 0 040619 153055.809
0.0000000000 0.0000000000 0 0 0 0 0 0 0 0 112 1 0 0 0 0 040619 153056.010
0.0000000000 0.0000000000 0 0 0 0 0 0 0 0 112 1 0 0 0 0 040619 153056.210
0.0000000000 0.0000000000 0 0 0 0 0 0 0 0 112 1 0 0 0 0 040619 153056.410
0.0000000000 0.0000000000 0 0 0 0 0 0 0 0 112 1 0 0 0 0 040619 153056.610
0.0000000000 0.0000000000 0 0 0 0 0 0 0 0 112 1 0 0 0 0 040619 153056.811
0.0000000000 0.0000000000 0 0 0 0 0 0 0 0 112 1 0 0 0 0 040619 153057.011
0.0000000000 0.0000000000 0 0 0 0 0 0 0 0 112 1 0 0 0 0 040619 153057.211
0.0000000000 0.0000000000 0 0 0 0 0 0 0 0 112 1 0 0 0 0 040619 153057.411
0.0000000000 0.0000000000 0 0 0 0 0 0 0 0 112 1 0 0 0 0 040619 153057.611
0.0000000000 0.0000000000 0 0 0 0 0 0 0 0 112 1 0 0 0 0 040619 153057.812
0.0000000000 0.0000000000 0 0 0 0 0 0 0 0 112 1 0 0 0 0 040619 153058.012
0.0000000000 0.0000000000 0 0 0 0 0 0 0 0 112 1 0 0 0 0 040619 153058.212
0.0000000000 0.0000000000 0 0 0 0 0 0 0 0 112 1 0 0 0 0 040619 153058.412
0.0000000000 0.0000000000 0 0 0 0 0 0 0 0 112 1 0 0 0 0 040619 153058.613
0.0000000000 0.0000000000 0 0 0 0 0 0 0 0 112 1 0 0 0 0 040619 153058.813
0.0000000000 0.0000000000 0 0 0 0 0 0 0 0 112 1 0 0 0 0 040619 153059.013
0.0000000000 0.0000000000 0 0 0 0 0 0 0 0 112 1 0 0 0 0 040619 153059.213
0.0000000000 0.0000000000 0 0 0 0 0 0 0 0 112 1 0 0 0 0 040619 153059.414
0.0000000000 0.0000000000 0 0 0 0 0 0 0 0 112 1 0 0 0 0 040619 153059.614
0.0000000000 0.0000000000 0 0 0 0 0 0 0 0 112 1 0 0 0 0 040619 153059.814
0.0000000000 0.0000000000 0 0 0 0 0 0 0 0 112 1 0 0 0 0 040619 153100.014
0.0000000000 0.0000000000 0 0 0 0 0 0 0 0 112 1 0 0 0 0 040619 153100.215
0.0000000000 0.0000000000 0 0 0 0 0 0 0 0 112 1 0 0 0 0 040619 153100.415
0.0000000000 0.0000000000 0 0 0 0 0 0 0 0 112 1 0 0 0 0 040619 153100.615
0.0000000000 0.0000000000 0 0 0 0 0 0 0 0 112 1 0 0 0 0 040619 153100.815
0.0000000000 0.0000000000 0 0 0 0 0 0 0 0 112 1 0 0 0 0 040619 153101.016
0.0000000000 0.0000000000 0 0 0 0 0 0 0 0 112 1 0 0 0 0 040619 153101.216
0.0000000000 0.0000000000 0 0 0 0 0 0 0 0 112 1 0 0 0 0 040619 153101.416
0.0000000000 0.0000000000 0 0 0 0 0 0 0 0 112 1 0 0 0 0 040619 153101.617
0.0000000000 0.0000000000 0 0 0 0 0 0 0 0 112 1 0 0 0 0 040619 153101.817
0.0000000000 0.0000000000 0 0 0 0 0 0 0 0 112 1 0 0 0 0 040619 153102.017
0.0000000000 0.0000000000 0 0 0 0 0 0 0 0 112 1 0 0 0 0 040619 153102.217
0.0000000000 0.0000000000 0 0 0 0 0 0 0 0 112 1 0 0 0 0 040619 153102.418
0.0000000000 0.0000000000 0 0 0 0 0 0 0 0 112 1 0 0 0 0 040619 153102.618
0.0000000000 0.0000000000 0 0 0 0 0 0 0 0 112 1 0 0 0 0 040619 153102.818
0.0000000000 0.0000000000 0 0 0 0 0 0 0 0 112 1 0 0 0 0 040619 153103.018
0.0000000000 0.0000000000 0 0 0 0 0 0 103 244 112 1 0 0 0 0 040619 153103.219
0.0000000000 0.0000000000 0 0 0 0 0 0 142 239 112 1 0 0 0 0 040619 153103.419
0.0000000000 0.0000000000 0 0 0 0 0 0 248 246 112 1 0 0 0 0 040619 153103.619
0.0000000000 0.0000000000 0 0 0 0 0 0 233 240 112 1 0 0 0 0 040619 153103.819
0.0000000000 0.0000000000 0 0 0 0 0 0 249 252 112 1 0 0 0 0 040619 153104.020
0.0000000000 0.0000000000 0 0 0 0 0 0 49 241 112 1 0 0 0 0 040619 153104.220
0.0000000000 0.0000000000 0 0 0 0 0 0 203 241 112 1 0 0 0 0 040619 153104.420
0.0000000000 0.0000000000 0 0 0 0 0 0 203 241 112 1 0 0 0 0 040619 153104.620
0.0000000000 0.0000000000 0 0 0 0 0 0 43 0 112 1 0 0 0 0 040619 153104.821
0.0000000000 0.0000000000 0 0 0 0 0 0 86 251 112 1 0 0 0 0 040619 153105.022
0.0000000000 0.0000000000 0 0 0 0 0 0 86 251 112 1 0 0 0 0 040619 153105.222
0.0000000000 0.0000000000 0 0 0 0 0 0 246 252 112 1 0 0 0 0 040619 153105.422
0.0000000000 0.0000000000 0 0 0 0 0 0 246 252 112 1 0 0 0 0 040619 153105.623
0.0000000000 0.0000000000 0 0 0 0 0 0 7 9 112 1 0 0 0 0 040619 153105.823
0.0000000000 0.0000000000 0 0 0 0 0 0 213 1 112 1 0 0 0 0 040619 153106.023
0.0000000000 0.0000000000 0 0 0 0 0 0 253 253 112 1 0 0 0 0 040619 153106.223
0.0000000000 0.0000000000 0 0 0 0 0 0 101 1 112 1 0 0 0 0 040619 153106.424
0.0000000000 0.0000000000 0 0 0 0 0 0 101 1 112 1 0 0 0 0 040619 153106.624
0.0000000000 0.0000000000 0 0 0 0 0 0 192 250 112 1 0 0 0 0 040619 153106.824
0.0000000000 0.0000000000 0 0 0 0 0 0 65 0 112 1 0 0 0 0 040619 153107.024
0.0000000000 0.0000000000 0 0 0 0 0 0 65 0 112 1 0 0 0 0 040619 153107.225
0.0000000000 0.0000000000 0 0 0 0 0 0 179 6 112 1 0 0 0 0 040619 153107.425
0.0000000000 0.0000000000 0 0 0 0 0 0 226 255 112 1 0 0 0 0 040619 153107.625
0.0000000000 0.0000000000 0 0 0 0 0 0 197 239 112 1 0 0 0 0 040619 153107.825
0.0000000000 0.0000000000 0 0 0 0 0 0 14 245 112 1 0 0 0 0 040619 153108.026
0.0000000000 0.0000000000 0 0 0 0 0 0 184 255 112 1 0 0 0 0 040619 153108.226
0.0000000000 0.0000000000 0 0 0 0 0 0 41 236 112 1 0 0 0 0 040619 153108.426
0.0000000000 0.0000000000 0 0 0 0 0 0 178 3 112 1 0 0 0 0 040619 153108.626
0.0000000000 0.0000000000 0 0 0 0 0 0 251 244 112 1 0 0 0 0 040619 153108.827
0.0000000000 0.0000000000 0 0 0 0 0 0 57 250 112 1 0 0 0 0 040619 153109.027
0.0000000000 0.0000000000 0 0 0 0 0 0 12 247 112 1 0 0 0 0 040619 153109.227
0.0000000000 0.0000000000 0 0 0 0 0 0 12 247 112 1 0 0 0 0 040619 153109.427
0.0000000000 0.0000000000 0 0 0 0 0 0 235 252 112 1 0 0 0 0 040619 153109.628
0.0000000000 0.0000000000 0 0 0 0 0 0 235 252 112 1 0 0 0 0 040619 153109.828
0.0000000000 0.0000000000 0 0 0 0 0 0 203 247 112 1 0 0 0 0 040619 153110.028
0.0000000000 0.0000000000 0 0 0 0 0 0 54 244 112 1 0 0 0 0 040619 153110.228
0.0000000000 0.0000000000 0 0 0 0 0 0 25 249 112 1 0 0 0 0 040619 153110.429
0.0000000000 0.0000000000 0 0 0 0 0 0 25 249 112 1 0 0 0 0 040619 153110.629
0.0000000000 0.0000000000 0 0 0 0 0 0 63 241 112 1 0 0 0 0 040619 153110.829
0.0000000000 0.0000000000 0 0 0 0 0 0 25 252 112 1 0 0 0 0 040619 153111.029
0.0000000000 0.0000000000 0 0 0 0 0 0 217 244 112 1 0 0 0 0 040619 153111.230
0.0000000000 0.0000000000 0 0 0 0 0 0 174 244 112 1 0 0 0 0 040619 153111.430
0.0000000000 0.0000000000 0 0 0 0 0 0 207 241 112 1 0 0 0 0 040619 153111.630
0.0000000000 0.0000000000 0 0 0 0 0 0 141 248 112 1 0 0 0 0 040619 153111.830
0.0000000000 0.0000000000 0 0 0 0 0 0 31 241 112 1 0 0 0 0 040619 153112.030
0.0000000000 0.0000000000 0 0 0 0 0 0 31 241 112 1 0 0 0 0 040619 153112.231
0.0000000000 0.0000000000 0 0 0 0 0 0 209 242 112 1 0 0 0 0 040619 153112.431
0.0000000000 0.0000000000 0 0 0 0 0 0 80 238 112 1 0 0 0 0 040619 153112.631
0.0000000000 0.0000000000 0 0 0 0 0 0 200 251 112 1 0 0 0 0 040619 153112.831
0.0000000000 0.0000000000 0 0 0 0 0 0 200 251 112 1 0 0 0 0 040619 153113.032
0.0000000000 0.0000000000 0 0 0 0 0 0 67 236 112 1 0 0 0 0 040619 153113.232
0.0000000000 0.0000000000 0 0 0 0 0 0 208 241 112 1 0 0 0 0 040619 153113.432
0.0000000000 0.0000000000 0 0 0 0 0 0 208 241 112 1 0 0 0 0 040619 153113.632
0.0000000000 0.0000000000 0 0 0 0 0 0 91 233 112 1 0 0 0 0 040619 153113.833
0.0000000000 0.0000000000 0 0 0 0 0 0 140 235 112 1 0 0 0 0 040619 153114.033
0.0000000000 0.0000000000 0 0 0 0 0 0 140 235 112 1 0 0 0 0 040619 153114.233
0.0000000000 0.0000000000 0 0 0 0 0 0 42 230 112 1 0 0 0 0 040619 153114.433
0.0000000000 0.0000000000 0 0 0 0 0 0 42 230 112 1 0 0 0 0 040619 153114.634
0.0000000000 0.0000000000 0 0 0 0 0 0 194 232 112 1 0 0 0 0 040619 153114.834
0.0000000000 0.0000000000 0 0 0 0 0 0 194 232 112 1 0 0 0 0 040619 153115.034
0.0000000000 0.0000000000 0 0 0 0 0 0 89 238 112 1 0 0 0 0 040619 153115.234
0.0000000000 0.0000000000 0 0 0 0 0 0 124 234 112 1 0 0 0 0 040619 153115.435
0.0000000000 0.0000000000 0 0 0 0 0 0 124 234 112 1 0 0 0 0 040619 153115.635
0.0000000000 0.0000000000 0 0 0 0 0 0 129 225 112 1 0 0 0 0 040619 153115.835
0.0000000000 0.0000000000 0 0 0 0 0 0 24 224 112 1 0 0 0 0 040619 153116.035
0.0000000000 0.0000000000 0 0 0 0 0 0 73 219 112 1 0 0 0 0 040619 153116.235
0.0000000000 0.0000000000 0 0 0 0 0 0 73 219 112 1 0 0 0 0 040619 153116.436
0.0000000000 0.0000000000 0 0 0 0 0 0 23 227 112 1 0 0 0 0 040619 153116.636
0.0000000000 0.0000000000 0 0 0 0 0 0 236 227 112 1 0 0 0 0 040619 153116.836
0.0000000000 0.0000000000 0 0 0 0 0 0 236 227 112 1 0 0 0 0 040619 153117.037
0.0000000000 0.0000000000 0 0 0 0 0 0 165 223 112 1 0 0 0 0 040619 153117.237
0.0000000000 0.0000000000 0 0 0 0 0 0 228 217 112 1 0 0 0 0 040619 153117.437
0.0000000000 0.0000000000 0 0 0 0 0 0 228 217 112 1 0 0 0 0 040619 153117.638
0.0000000000 0.0000000000 0 0 0 0 0 0 86 227 112 1 0 0 0 0 040619 153117.838
0.0000000000 0.0000000000 0 0 0 0 0 0 255 227 112 1 0 0 0 0 040619 153118.038
0.0000000000 0.0000000000 0 0 0 0 0 0 122 228 112 1 0 0 0 0 040619 153118.238
0.0000000000 0.0000000000 0 0 0 0 0 0 165 223 112 1 0 0 0 0 040619 153118.439
0.0000000000 0.0000000000 0 0 0 0 0 0 179 232 112 1 0 0 0 0 040619 153118.639
0.0000000000 0.0000000000 0 0 0 0 0 0 49 214 112 1 0 0 0 0 040619 153118.839
0.0000000000 0.0000000000 0 0 0 0 0 0 43 221 112 1 0 0 0 0 040619 153119.039
0.0000000000 0.0000000000 0 0 0 0 0 0 43 221 112 1 0 0 0 0 040619 153119.239
0.0000000000 0.0000000000 0 0 0 0 0 0 143 211 112 1 0 0 0 0 040619 153119.440
0.0000000000 0.0000000000 0 0 0 0 0 0 143 228 112 1 0 0 0 0 040619 153119.640
0.0000000000 0.0000000000 0 0 0 0 0 0 206 217 112 1 0 0 0 0 040619 153119.840
0.0000000000 0.0000000000 0 0 0 0 0 0 63 222 112 1 0 0 0 0 040619 153120.040
0.0000000000 0.0000000000 0 0 0 0 0 0 64 235 112 1 0 0 0 0 040619 153120.241
0.0000000000 0.0000000000 0 0 0 0 0 0 64 235 112 1 0 0 0 0 040619 153120.441
0.0000000000 0.0000000000 0 0 0 0 0 0 171 207 112 1 0 0 0 0 040619 153120.641
0.0000000000 0.0000000000 0 0 0 0 0 0 16 212 112 1 0 0 0 0 040619 153120.841
0.0000000000 0.0000000000 0 0 0 0 0 0 16 212 112 1 0 0 0 0 040619 153121.042
0.0000000000 0.0000000000 0 0 0 0 0 0 110 212 112 1 0 0 0 0 040619 153121.242
0.0000000000 0.0000000000 0 0 0 0 0 0 118 203 112 1 0 0 0 0 040619 153121.442
0.0000000000 0.0000000000 0 0 0 0 0 0 87 217 112 1 0 0 0 0 040619 153121.642
0.0000000000 0.0000000000 0 0 0 0 0 0 87 217 112 1 0 0 0 0 040619 153121.843
0.0000000000 0.0000000000 0 0 0 0 0 0 159 210 112 1 0 0 0 0 040619 153122.043
0.0000000000 0.0000000000 0 0 0 0 0 0 236 205 112 1 0 0 0 0 040619 153122.243
0.0000000000 0.0000000000 0 0 0 0 0 0 236 205 112 1 0 0 0 0 040619 153122.443
0.0000000000 0.0000000000 0 0 0 0 0 0 186 212 112 1 0 0 0 0 040619 153122.643
0.0000000000 0.0000000000 0 0 0 0 0 0 62 223 112 1 0 0 0 0 040619 153122.844
0.0000000000 0.0000000000 0 0 0 0 0 0 62 223 112 1 0 0 0 0 040619 153123.044
0.0000000000 0.0000000000 0 0 0 0 0 0 133 224 112 1 0 0 0 0 040619 153123.244
0.0000000000 0.0000000000 0 0 0 0 0 0 103 223 112 1 0 0 0 0 040619 153123.444
0.0000000000 0.0000000000 0 0 0 0 0 0 139 234 112 1 0 0 0 0 040619 153123.645
0.0000000000 0.0000000000 0 0 0 0 0 0 179 210 112 1 0 0 0 0 040619 153123.845
0.0000000000 0.0000000000 0 0 0 0 0 0 10 214 112 1 0 0 0 0 040619 153124.045
0.0000000000 0.0000000000 0 0 0 0 0 0 10 214 112 1 0 0 0 0 040619 153124.245
0.0000000000 0.0000000000 0 0 0 0 0 0 42 210 112 1 0 0 0 0 040619 153124.446
0.0000000000 0.0000000000 0 0 0 0 0 0 237 212 112 1 0 0 0 0 040619 153124.646
0.0000000000 0.0000000000 0 0 0 0 0 0 179 188 112 1 0 0 0 0 040619 153124.846
0.0000000000 0.0000000000 0 0 0 0 0 0 179 188 112 1 0 0 0 0 040619 153125.047
0.0000000000 0.0000000000 0 0 0 0 0 0 54 226 112 1 0 0 0 0 040619 153125.247
0.0000000000 0.0000000000 0 0 0 0 0 0 17 214 112 1 0 0 0 0 040619 153125.447
0.0000000000 0.0000000000 0 0 0 0 0 0 233 205 112 1 0 0 0 0 040619 153125.647
0.0000000000 0.0000000000 0 0 0 0 0 0 5 209 112 1 0 0 0 0 040619 153125.847
0.0000000000 0.0000000000 0 0 0 0 0 0 10 208 112 1 0 0 0 0 040619 153126.048
0.0000000000 0.0000000000 0 0 0 0 0 0 148 220 112 1 0 0 0 0 040619 153126.248
0.0000000000 0.0000000000 0 0 0 0 0 0 148 220 112 1 0 0 0 0 040619 153126.448
0.0000000000 0.0000000000 0 0 0 0 0 0 120 220 112 1 0 0 0 0 040619 153126.648
0.0000000000 0.0000000000 0 0 0 0 0 0 248 224 112 1 0 0 0 0 040619 153126.849
0.0000000000 0.0000000000 0 0 0 0 0 0 248 224 112 1 0 0 0 0 040619 153127.049
0.0000000000 0.0000000000 0 0 0 0 0 0 146 203 112 1 0 0 0 0 040619 153127.249
0.0000000000 0.0000000000 0 0 0 0 0 0 146 203 112 1 0 0 0 0 040619 153127.449
0.0000000000 0.0000000000 0 0 0 0 0 0 228 203 112 1 0 0 0 0 040619 153127.650
0.0000000000 0.0000000000 0 0 0 0 0 0 150 199 112 1 0 0 0 0 040619 153127.850
0.0000000000 0.0000000000 0 0 0 0 0 0 133 198 112 1 0 0 0 0 040619 153128.050
0.0000000000 0.0000000000 0 0 0 0 0 0 147 203 112 1 0 0 0 0 040619 153128.250
0.0000000000 0.0000000000 0 0 0 0 0 0 90 203 112 1 0 0 0 0 040619 153128.450
0.0000000000 0.0000000000 0 0 0 0 0 0 90 203 112 1 0 0 0 0 040619 153128.651
0.0000000000 0.0000000000 0 0 0 0 0 0 41 217 112 1 0 0 0 0 040619 153128.851
0.0000000000 0.0000000000 0 0 0 0 0 0 188 193 112 1 0 0 0 0 040619 153129.051
0.0000000000 0.0000000000 0 0 0 0 0 0 24 198 112 1 0 0 0 0 040619 153129.251
0.0000000000 0.0000000000 0 0 0 0 0 0 24 198 112 1 0 0 0 0 040619 153129.452
0.0000000000 0.0000000000 0 0 0 0 0 0 71 212 112 1 0 0 0 0 040619 153129.652
0.0000000000 0.0000000000 0 0 0 0 0 0 35 212 112 1 0 0 0 0 040619 153129.852
0.0000000000 0.0000000000 0 0 0 0 0 0 113 219 112 1 0 0 0 0 040619 153130.052
0.0000000000 0.0000000000 0 0 0 0 0 0 165 223 112 1 0 0 0 0 040619 153130.253
0.0000000000 0.0000000000 0 0 0 0 0 0 212 229 112 1 0 0 0 0 040619 153130.454
0.0000000000 0.0000000000 0 0 0 0 0 0 212 229 112 1 0 0 0 0 040619 153130.654
0.0000000000 0.0000000000 0 0 0 0 0 0 254 205 112 1 0 0 0 0 040619 153130.854
0.0000000000 0.0000000000 0 0 0 0 0 0 70 208 112 1 0 0 0 0 040619 153131.055
0.0000000000 0.0000000000 0 0 0 0 0 0 70 208 112 1 0 0 0 0 040619 153131.255
0.0000000000 0.0000000000 0 0 0 0 0 0 100 212 112 1 0 0 0 0 040619 153131.455
0.0000000000 0.0000000000 0 0 0 0 0 0 146 207 112 1 0 0 0 0 040619 153131.656
0.0000000000 0.0000000000 0 0 0 0 0 0 129 212 112 1 0 0 0 0 040619 153131.856
0.0000000000 0.0000000000 0 0 0 0 0 0 43 227 112 1 0 0 0 0 040619 153132.056
0.0000000000 0.0000000000 0 0 0 0 0 0 89 229 112 1 0 0 0 0 040619 153132.256
0.0000000000 0.0000000000 0 0 0 0 0 0 128 202 112 1 0 0 0 0 040619 153132.457
0.0000000000 0.0000000000 0 0 0 0 0 0 149 208 112 1 0 0 0 0 040619 153132.657
0.0000000000 0.0000000000 0 0 0 0 0 0 57 210 112 1 0 0 0 0 040619 153132.857
0.0000000000 0.0000000000 0 0 0 0 0 0 152 201 112 1 0 0 0 0 040619 153133.057
0.0000000000 0.0000000000 0 0 0 0 0 0 212 210 112 1 0 0 0 0 040619 153133.258
0.0000000000 0.0000000000 0 0 0 0 0 0 212 210 112 1 0 0 0 0 040619 153133.458
0.0000000000 0.0000000000 0 0 0 0 0 0 59 209 112 1 0 0 0 0 040619 153133.658
0.0000000000 0.0000000000 0 0 0 0 0 0 223 215 112 1 0 0 0 0 040619 153133.858
0.0000000000 0.0000000000 0 0 0 0 0 0 241 222 112 1 0 0 0 0 040619 153134.059
0.0000000000 0.0000000000 0 0 0 0 0 0 55 212 112 1 0 0 0 0 040619 153134.259
0.0000000000 0.0000000000 0 0 0 0 0 0 129 208 112 1 0 0 0 0 040619 153134.459
0.0000000000 0.0000000000 0 0 0 0 0 0 58 219 112 1 0 0 0 0 040619 153134.659
0.0000000000 0.0000000000 0 0 0 0 0 0 160 216 112 1 0 0 0 0 040619 153134.860
0.0000000000 0.0000000000 0 0 0 0 0 0 54 222 112 1 0 0 0 0 040619 153135.060
0.0000000000 0.0000000000 0 0 0 0 0 0 60 220 112 1 0 0 0 0 040619 153135.260
0.0000000000 0.0000000000 0 0 0 0 0 0 168 225 112 1 0 0 0 0 040619 153135.460
0.0000000000 0.0000000000 0 0 0 0 0 0 147 235 112 1 0 0 0 0 040619 153135.661
0.0000000000 0.0000000000 0 0 0 0 0 0 100 220 112 1 0 0 0 0 040619 153135.861
0.0000000000 0.0000000000 0 0 0 0 0 0 160 212 112 1 0 0 0 0 040619 153136.061
0.0000000000 0.0000000000 0 0 0 0 0 0 252 202 112 1 0 0 0 0 040619 153136.261
0.0000000000 0.0000000000 0 0 0 0 0 0 110 214 112 1 0 0 0 0 040619 153136.461
0.0000000000 0.0000000000 0 0 0 0 0 0 110 214 112 1 0 0 0 0 040619 153136.662
0.0000000000 0.0000000000 0 0 0 0 0 0 16 214 112 1 0 0 0 0 040619 153136.862
0.0000000000 0.0000000000 0 0 0 0 0 0 64 218 112 1 0 0 0 0 040619 153137.062
0.0000000000 0.0000000000 0 0 0 0 0 0 205 212 112 1 0 0 0 0 040619 153137.262
0.0000000000 0.0000000000 0 0 0 0 0 0 215 226 112 1 0 0 0 0 040619 153137.463
0.0000000000 0.0000000000 0 0 0 0 0 0 215 226 112 1 0 0 0 0 040619 153137.663
0.0000000000 0.0000000000 0 0 0 0 0 0 113 212 112 1 0 0 0 0 040619 153137.863
0.0000000000 0.0000000000 0 0 0 0 0 0 153 212 112 1 0 0 0 0 040619 153138.063
0.0000000000 0.0000000000 0 0 0 0 0 0 255 219 112 1 0 0 0 0 040619 153138.264
0.0000000000 0.0000000000 0 0 0 0 0 0 160 219 112 1 0 0 0 0 040619 153138.464
0.0000000000 0.0000000000 0 0 0 0 0 0 87 215 112 1 0 0 0 0 040619 153138.664
0.0000000000 0.0000000000 0 0 0 0 0 0 99 218 112 1 0 0 0 0 040619 153138.865
0.0000000000 0.0000000000 0 0 0 0 0 0 99 218 112 1 0 0 0 0 040619 153139.065
0.0000000000 0.0000000000 0 0 0 0 0 0 230 220 112 1 0 0 0 0 040619 153139.265
0.0000000000 0.0000000000 0 0 0 0 0 0 255 208 112 1 0 0 0 0 040619 153139.465
0.0000000000 0.0000000000 0 0 0 0 0 0 195 210 112 1 0 0 0 0 040619 153139.665
0.0000000000 0.0000000000 0 0 0 0 0 0 233 212 112 1 0 0 0 0 040619 153139.866
0.0000000000 0.0000000000 0 0 0 0 0 0 126 215 112 1 0 0 0 0 040619 153140.066
0.0000000000 0.0000000000 0 0 0 0 0 0 215 216 112 1 0 0 0 0 040619 153140.266
0.0000000000 0.0000000000 0 0 0 0 0 0 215 216 112 1 0 0 0 0 040619 153140.466
0.0000000000 0.0000000000 0 0 0 0 0 0 46 223 112 1 0 0 0 0 040619 153140.667
0.0000000000 0.0000000000 0 0 0 0 0 0 228 228 112 1 0 0 0 0 040619 153140.867
0.0000000000 0.0000000000 0 0 0 0 0 0 110 219 112 1 0 0 0 0 040619 153141.067
0.0000000000 0.0000000000 0 0 0 0 0 0 110 219 112 1 0 0 0 0 040619 153141.267
0.0000000000 0.0000000000 0 0 0 0 0 0 150 229 112 1 0 0 0 0 040619 153141.467
0.0000000000 0.0000000000 0 0 0 0 0 0 229 222 112 1 0 0 0 0 040619 153141.668
0.0000000000 0.0000000000 0 0 0 0 0 0 45 220 112 1 0 0 0 0 040619 153141.868
0.0000000000 0.0000000000 0 0 0 0 0 0 45 220 112 1 0 0 0 0 040619 153142.068
0.0000000000 0.0000000000 0 0 0 0 0 0 147 223 112 1 0 0 0 0 040619 153142.268
0.0000000000 0.0000000000 0 0 0 0 0 0 140 228 112 1 0 0 0 0 040619 153142.469
0.0000000000 0.0000000000 0 0 0 0 0 0 176 222 112 1 0 0 0 0 040619 153142.670
0.0000000000 0.0000000000 0 0 0 0 0 0 237 221 112 1 0 0 0 0 040619 153142.870
0.0000000000 0.0000000000 0 0 0 0 0 0 107 224 112 1 0 0 0 0 040619 153143.070
0.0000000000 0.0000000000 0 0 0 0 0 0 85 224 112 1 0 0 0 0 040619 153143.270
0.0000000000 0.0000000000 0 0 0 0 0 0 196 224 112 1 0 0 0 0 040619 153143.471
0.0000000000 0.0000000000 0 0 0 0 0 0 107 231 112 1 0 0 0 0 040619 153143.671
0.0000000000 0.0000000000 0 0 0 0 0 0 205 231 112 1 0 0 0 0 040619 153143.871
0.0000000000 0.0000000000 0 0 0 0 0 0 157 229 112 1 0 0 0 0 040619 153144.071
0.0000000000 0.0000000000 0 0 0 0 0 0 84 233 112 1 0 0 0 0 040619 153144.271
0.0000000000 0.0000000000 0 0 0 0 0 0 170 216 112 1 0 0 0 0 040619 153144.472
0.0000000000 0.0000000000 0 0 0 0 0 0 170 216 112 1 0 0 0 0 040619 153144.672
0.0000000000 0.0000000000 0 0 0 0 0 0 241 224 112 1 0 0 0 0 040619 153144.872
0.0000000000 0.0000000000 0 0 0 0 0 0 225 220 112 1 0 0 0 0 040619 153145.072
0.0000000000 0.0000000000 0 0 0 0 0 0 139 218 112 1 0 0 0 0 040619 153145.272
0.0000000000 0.0000000000 0 0 0 0 0 0 205 230 112 1 0 0 0 0 040619 153145.473
0.0000000000 0.0000000000 0 0 0 0 0 0 92 229 112 1 0 0 0 0 040619 153145.673
0.0000000000 0.0000000000 0 0 0 0 0 0 108 229 112 1 0 0 0 0 040619 153145.873
0.0000000000 0.0000000000 0 0 0 0 0 0 108 229 112 1 0 0 0 0 040619 153146.073
0.0000000000 0.0000000000 0 0 0 0 0 0 164 221 112 1 0 0 0 0 040619 153146.274
0.0000000000 0.0000000000 0 0 0 0 0 0 219 224 112 1 0 0 0 0 040619 153146.474
0.0000000000 0.0000000000 0 0 0 0 0 0 199 224 112 1 0 0 0 0 040619 153146.674
0.0000000000 0.0000000000 0 0 0 0 0 0 124 228 112 1 0 0 0 0 040619 153146.874
0.0000000000 0.0000000000 0 0 0 0 0 0 95 231 112 1 0 0 0 0 040619 153147.075
0.0000000000 0.0000000000 0 0 0 0 0 0 232 229 112 1 0 0 0 0 040619 153147.275
0.0000000000 0.0000000000 0 0 0 0 0 0 10 229 112 1 0 0 0 0 040619 153147.475
0.0000000000 0.0000000000 0 0 0 0 0 0 75 231 112 1 0 0 0 0 040619 153147.675
0.0000000000 0.0000000000 0 0 0 0 0 0 240 222 112 1 0 0 0 0 040619 153147.875
0.0000000000 0.0000000000 0 0 0 0 0 0 8 219 112 1 0 0 0 0 040619 153148.076
0.0000000000 0.0000000000 0 0 0 0 0 0 86 224 112 1 0 0 0 0 040619 153148.276
0.0000000000 0.0000000000 0 0 0 0 0 0 247 228 112 1 0 0 0 0 040619 153148.476
0.0000000000 0.0000000000 0 0 0 0 0 0 85 216 112 1 0 0 0 0 040619 153148.676
0.0000000000 0.0000000000 0 0 0 0 0 0 197 228 112 1 0 0 0 0 040619 153148.877
0.0000000000 0.0000000000 0 0 0 0 0 0 41 231 112 1 0 0 0 0 040619 153149.077
0.0000000000 0.0000000000 0 0 0 0 0 0 100 232 112 1 0 0 0 0 040619 153149.277
0.0000000000 0.0000000000 0 0 0 0 0 0 220 219 112 1 0 0 0 0 040619 153149.477
0.0000000000 0.0000000000 0 0 0 0 0 0 105 224 112 1 0 0 0 0 040619 153149.678
0.0000000000 0.0000000000 0 0 0 0 0 0 105 224 112 1 0 0 0 0 040619 153149.878
0.0000000000 0.0000000000 0 0 0 0 0 0 72 223 112 1 0 0 0 0 040619 153150.079
0.0000000000 0.0000000000 0 0 0 0 0 0 255 232 112 1 0 0 0 0 040619 153150.279
0.0000000000 0.0000000000 0 0 0 0 0 0 77 225 112 1 0 0 0 0 040619 153150.479
0.0000000000 0.0000000000 0 0 0 0 0 0 49 227 112 1 0 0 0 0 040619 153150.679
0.0000000000 0.0000000000 0 0 0 0 0 0 170 233 112 1 0 0 0 0 040619 153150.880
0.0000000000 0.0000000000 0 0 0 0 0 0 82 225 112 1 0 0 0 0 040619 153151.080
0.0000000000 0.0000000000 0 0 0 0 0 0 82 225 112 1 0 0 0 0 040619 153151.280
0.0000000000 0.0000000000 0 0 0 0 0 0 55 221 112 1 0 0 0 0 040619 153151.480
0.0000000000 0.0000000000 0 0 0 0 0 0 110 227 112 1 0 0 0 0 040619 153151.681
0.0000000000 0.0000000000 0 0 0 0 0 0 167 227 112 1 0 0 0 0 040619 153151.881
0.0000000000 0.0000000000 0 0 0 0 0 0 167 227 112 1 0 0 0 0 040619 153152.081
0.0000000000 0.0000000000 0 0 0 0 0 0 38 235 112 1 0 0 0 0 040619 153152.281
0.0000000000 0.0000000000 0 0 0 0 0 0 185 235 112 1 0 0 0 0 040619 153152.481
0.0000000000 0.0000000000 0 0 0 0 0 0 87 232 112 1 0 0 0 0 040619 153152.682
0.0000000000 0.0000000000 0 0 0 0 0 0 67 218 112 1 0 0 0 0 040619 153152.882
0.0000000000 0.0000000000 0 0 0 0 0 0 189 219 112 1 0 0 0 0 040619 153153.082
0.0000000000 0.0000000000 0 0 0 0 0 0 66 225 112 1 0 0 0 0 040619 153153.282
0.0000000000 0.0000000000 0 0 0 0 0 0 17 223 112 1 0 0 0 0 040619 153153.483
0.0000000000 0.0000000000 0 0 0 0 0 0 3 217 112 1 0 0 0 0 040619 153153.683
0.0000000000 0.0000000000 0 0 0 0 0 0 188 223 112 1 0 0 0 0 040619 153153.883
0.0000000000 0.0000000000 0 0 0 0 0 0 228 230 112 1 0 0 0 0 040619 153154.083
0.0000000000 0.0000000000 0 0 0 0 0 0 210 228 112 1 0 0 0 0 040619 153154.284
0.0000000000 0.0000000000 0 0 0 0 0 0 29 219 112 1 0 0 0 0 040619 153154.484
0.0000000000 0.0000000000 0 0 0 0 0 0 57 222 112 1 0 0 0 0 040619 153154.684
0.0000000000 0.0000000000 0 0 0 0 0 0 98 224 112 1 0 0 0 0 040619 153154.884
0.0000000000 0.0000000000 0 0 0 0 0 0 98 224 112 1 0 0 0 0 040619 153155.085
0.0000000000 0.0000000000 0 0 0 0 0 0 141 231 112 1 0 0 0 0 040619 153155.285
0.0000000000 0.0000000000 0 0 0 0 0 0 86 243 112 1 0 0 0 0 040619 153155.485
0.0000000000 0.0000000000 0 0 0 0 0 0 126 231 112 1 0 0 0 0 040619 153155.685
0.0000000000 0.0000000000 0 0 0 0 0 0 72 234 112 1 0 0 0 0 040619 153155.886
0.0000000000 0.0000000000 0 0 0 0 0 0 168 226 112 1 0 0 0 0 040619 153156.086
0.0000000000 0.0000000000 0 0 0 0 0 0 4 215 112 1 0 0 0 0 040619 153156.286
0.0000000000 0.0000000000 0 0 0 0 0 0 4 215 112 1 0 0 0 0 040619 153156.486
0.0000000000 0.0000000000 0 0 0 0 0 0 126 215 112 1 0 0 0 0 040619 153156.687
0.0000000000 0.0000000000 0 0 0 0 0 0 13 223 112 1 0 0 0 0 040619 153156.887
0.0000000000 0.0000000000 0 0 0 0 0 0 167 228 112 1 0 0 0 0 040619 153157.087
0.0000000000 0.0000000000 0 0 0 0 0 0 167 228 112 1 0 0 0 0 040619 153157.287
0.0000000000 0.0000000000 0 0 0 0 0 0 64 235 112 1 0 0 0 0 040619 153157.488
0.0000000000 0.0000000000 0 0 0 0 0 0 255 127 112 1 0 0 0 0 040619 153157.688
