0.0000000000 0.0000000000 0 0 0 0 0 0 253 137 112 1 0 0 0 0 221219 142356.491
0.0000000000 0.0000000000 0 0 0 0 0 0 251 137 112 1 0 0 0 0 221219 142356.691
0.0000000000 0.0000000000 0 0 0 0 0 0 247 137 112 1 0 0 0 0 221219 142356.891
0.0000000000 0.0000000000 0 0 0 0 0 0 251 137 112 1 0 0 0 0 221219 142357.092
0.0000000000 0.0000000000 0 0 0 0 0 0 0 138 112 1 0 0 0 0 221219 142357.292
0.0000000000 0.0000000000 0 0 0 0 0 0 246 137 112 1 0 0 0 0 221219 142357.492
0.0000000000 0.0000000000 0 0 0 0 0 0 243 137 112 1 0 0 0 0 221219 142357.692
0.0000000000 0.0000000000 0 0 0 0 0 0 251 137 112 1 0 0 0 0 221219 142357.892
0.0000000000 0.0000000000 0 0 0 0 0 0 253 137 112 1 0 0 0 0 221219 142358.092
0.0000000000 0.0000000000 0 0 0 0 0 0 16 138 112 1 0 0 0 0 221219 142358.292
0.0000000000 0.0000000000 0 0 0 0 0 0 248 137 112 1 0 0 0 0 221219 142358.493
0.0000000000 0.0000000000 0 0 0 0 0 0 250 137 112 1 0 0 0 0 221219 142358.693
0.0000000000 0.0000000000 0 0 0 0 0 0 4 138 112 1 0 0 0 0 221219 142358.893
0.0000000000 0.0000000000 0 0 0 0 0 0 252 137 112 1 0 0 0 0 221219 142359.093
0.0000000000 0.0000000000 0 0 0 0 0 0 238 137 112 1 0 0 0 0 221219 142359.293
0.0000000000 0.0000000000 0 0 0 0 0 0 251 137 112 1 0 0 0 0 221219 142359.493
0.0000000000 0.0000000000 0 0 0 0 0 0 249 137 112 1 0 0 0 0 221219 142359.693
0.0000000000 0.0000000000 0 0 0 0 0 0 10 138 112 1 0 0 0 0 221219 142359.894
0.0000000000 0.0000000000 0 0 0 0 0 0 2 138 112 1 0 0 0 0 221219 142400.094
0.0000000000 0.0000000000 0 0 0 0 0 0 1 138 112 1 0 0 0 0 221219 142400.294
0.0000000000 0.0000000000 0 0 0 0 0 0 7 138 112 1 0 0 0 0 221219 142400.494
0.0000000000 0.0000000000 0 0 0 0 0 0 248 137 112 1 0 0 0 0 221219 142400.694
0.0000000000 0.0000000000 0 0 0 0 0 0 253 137 112 1 0 0 0 0 221219 142400.894
0.0000000000 0.0000000000 0 0 0 0 0 0 240 137 112 1 0 0 0 0 221219 142401.094
0.0000000000 0.0000000000 0 0 0 0 0 0 4 138 112 1 0 0 0 0 221219 142401.295
0.0000000000 0.0000000000 0 0 0 0 0 0 252 137 112 1 0 0 0 0 221219 142401.495
0.0000000000 0.0000000000 0 0 0 0 0 0 254 137 112 1 0 0 0 0 221219 142401.695
0.0000000000 0.0000000000 0 0 0 0 0 0 0 138 112 1 0 0 0 0 221219 142401.895
0.0000000000 0.0000000000 0 0 0 0 0 0 250 137 112 1 0 0 0 0 221219 142402.095
0.0000000000 0.0000000000 0 0 0 0 0 0 241 137 112 1 0 0 0 0 221219 142402.295
0.0000000000 0.0000000000 0 0 0 0 0 0 10 138 112 1 0 0 0 0 221219 142402.496
0.0000000000 0.0000000000 0 0 0 0 0 0 0 138 112 1 0 0 0 0 221219 142402.696
0.0000000000 0.0000000000 0 0 0 0 0 0 13 138 112 1 0 0 0 0 221219 142402.896
0.0000000000 0.0000000000 0 0 0 0 0 0 4 138 112 1 0 0 0 0 221219 142403.096
0.0000000000 0.0000000000 0 0 0 0 0 0 8 138 112 1 0 0 0 0 221219 142403.296
0.0000000000 0.0000000000 0 0 0 0 0 0 252 137 112 1 0 0 0 0 221219 142403.496
0.0000000000 0.0000000000 0 0 0 0 0 0 237 137 112 1 0 0 0 0 221219 142403.697
0.0000000000 0.0000000000 0 0 0 0 0 0 2 138 112 1 0 0 0 0 221219 142403.897
0.0000000000 0.0000000000 0 0 0 0 0 0 251 137 112 1 0 0 0 0 221219 142404.097
0.0000000000 0.0000000000 0 0 0 0 0 0 16 138 112 1 0 0 0 0 221219 142404.297
0.0000000000 0.0000000000 0 0 0 0 0 0 253 137 112 1 0 0 0 0 221219 142404.497
0.0000000000 0.0000000000 0 0 0 0 0 0 255 137 112 1 0 0 0 0 221219 142404.697
0.0000000000 0.0000000000 0 0 0 0 0 0 255 137 112 1 0 0 0 0 221219 142404.898
0.0000000000 0.0000000000 0 0 0 0 0 0 249 137 112 1 0 0 0 0 221219 142405.098
0.0000000000 0.0000000000 0 0 0 0 0 0 3 138 112 1 0 0 0 0 221219 142405.298
0.0000000000 0.0000000000 0 0 0 0 0 0 246 137 112 1 0 0 0 0 221219 142405.498
0.0000000000 0.0000000000 0 0 0 0 0 0 252 137 112 1 0 0 0 0 221219 142405.698
0.0000000000 0.0000000000 0 0 0 0 0 0 243 137 112 1 0 0 0 0 221219 142405.899
0.0000000000 0.0000000000 0 0 0 0 0 0 253 137 112 1 0 0 0 0 221219 142406.099
0.0000000000 0.0000000000 0 0 0 0 0 0 247 137 112 1 0 0 0 0 221219 142406.299
0.0000000000 0.0000000000 0 0 0 0 0 0 2 138 112 1 0 0 0 0 221219 142406.499
0.0000000000 0.0000000000 0 0 0 0 0 0 246 137 112 1 0 0 0 0 221219 142406.699
0.0000000000 0.0000000000 0 0 0 0 0 0 252 137 112 1 0 0 0 0 221219 142406.899
0.0000000000 0.0000000000 0 0 0 0 0 0 9 138 112 1 0 0 0 0 221219 142407.100
0.0000000000 0.0000000000 0 0 0 0 0 0 255 137 112 1 0 0 0 0 221219 142407.300
0.0000000000 0.0000000000 0 0 0 0 0 0 255 137 112 1 0 0 0 0 221219 142407.500
0.0000000000 0.0000000000 0 0 0 0 0 0 252 137 112 1 0 0 0 0 221219 142407.700
0.0000000000 0.0000000000 0 0 0 0 0 0 2 138 112 1 0 0 0 0 221219 142407.900
0.0000000000 0.0000000000 0 0 0 0 0 0 245 137 112 1 0 0 0 0 221219 142408.101
0.0000000000 0.0000000000 0 0 0 0 0 0 241 137 112 1 0 0 0 0 221219 142408.301
0.0000000000 0.0000000000 0 0 0 0 0 0 254 137 112 1 0 0 0 0 221219 142408.501
0.0000000000 0.0000000000 0 0 0 0 0 0 254 137 112 1 0 0 0 0 221219 142408.701
0.0000000000 0.0000000000 0 0 0 0 0 0 9 138 112 1 0 0 0 0 221219 142408.901
0.0000000000 0.0000000000 0 0 0 0 0 0 249 137 112 1 0 0 0 0 221219 142409.101
0.0000000000 0.0000000000 0 0 0 0 0 0 8 138 112 1 0 0 0 0 221219 142409.301
0.0000000000 0.0000000000 0 0 0 0 0 0 253 137 112 1 0 0 0 0 221219 142409.502
0.0000000000 0.0000000000 0 0 0 0 0 0 3 138 112 1 0 0 0 0 221219 142409.702
0.0000000000 0.0000000000 0 0 0 0 0 0 6 138 112 1 0 0 0 0 221219 142409.902
0.0000000000 0.0000000000 0 0 0 0 0 0 1 138 112 1 0 0 0 0 221219 142410.102
0.0000000000 0.0000000000 0 0 0 0 0 0 242 137 112 1 0 0 0 0 221219 142410.302
0.0000000000 0.0000000000 0 0 0 0 0 0 250 137 112 1 0 0 0 0 221219 142410.503
0.0000000000 0.0000000000 0 0 0 0 0 0 246 137 112 1 0 0 0 0 221219 142410.703
0.0000000000 0.0000000000 0 0 0 0 0 0 11 138 112 1 0 0 0 0 221219 142410.903
0.0000000000 0.0000000000 0 0 0 0 0 0 10 138 112 1 0 0 0 0 221219 142411.103
0.0000000000 0.0000000000 0 0 0 0 0 0 239 137 112 1 0 0 0 0 221219 142411.303
0.0000000000 0.0000000000 0 0 0 0 0 0 2 138 112 1 0 0 0 0 221219 142411.503
0.0000000000 0.0000000000 0 0 0 0 0 0 241 137 112 1 0 0 0 0 221219 142411.704
0.0000000000 0.0000000000 0 0 0 0 0 0 17 138 112 1 0 0 0 0 221219 142411.904
0.0000000000 0.0000000000 0 0 0 0 0 0 252 137 112 1 0 0 0 0 221219 142412.104
0.0000000000 0.0000000000 0 0 0 0 0 0 10 138 112 1 0 0 0 0 221219 142412.304
0.0000000000 0.0000000000 0 0 0 0 0 0 252 137 112 1 0 0 0 0 221219 142412.504
0.0000000000 0.0000000000 0 0 0 0 0 0 240 137 112 1 0 0 0 0 221219 142412.705
0.0000000000 0.0000000000 0 0 0 0 0 0 252 137 112 1 0 0 0 0 221219 142412.905
0.0000000000 0.0000000000 0 0 0 0 0 0 239 137 112 1 0 0 0 0 221219 142413.105
0.0000000000 0.0000000000 0 0 0 0 0 0 0 0 127 0 0 0 0 0 221219 142413.305
0.0000000000 0.0000000000 0 0 0 0 0 0 0 0 127 0 0 0 0 0 221219 142413.506
0.0000000000 0.0000000000 0 0 0 0 0 0 0 0 127 0 0 0 0 0 221219 142413.706
0.0000000000 0.0000000000 0 0 0 0 0 0 0 0 127 0 0 0 0 0 221219 142413.906
0.0000000000 0.0000000000 0 0 0 0 0 0 0 0 127 0 0 0 0 0 221219 142414.106
0.0000000000 0.0000000000 0 0 0 0 0 0 0 0 127 0 0 0 0 0 221219 142414.306
0.0000000000 0.0000000000 0 0 0 0 0 0 0 0 127 0 0 0 0 0 221219 142414.507
0.0000000000 0.0000000000 0 0 0 0 0 0 0 0 127 0 0 0 0 0 221219 142414.707
