0.0000000000 0.0000000000 0 0 0 0 0 0 0 0 112 1 0 0 0 0 221219 194853.172
0.0000000000 0.0000000000 0 0 0 0 0 0 0 0 112 1 0 0 0 0 221219 194853.372
0.0000000000 0.0000000000 0 0 0 0 0 0 0 0 112 1 0 0 0 0 221219 194853.572
0.0000000000 0.0000000000 0 0 0 0 0 0 0 0 112 1 0 0 0 0 221219 194853.772
0.0000000000 0.0000000000 0 0 0 0 0 0 0 0 112 1 0 0 0 0 221219 194853.973
0.0000000000 0.0000000000 0 0 0 0 0 0 0 0 112 1 0 0 0 0 221219 194854.173
0.0000000000 0.0000000000 0 0 0 0 0 0 0 0 112 1 0 0 0 0 221219 194854.373
0.0000000000 0.0000000000 0 0 0 0 0 0 0 0 112 1 0 0 0 0 221219 194854.573
0.0000000000 0.0000000000 0 0 0 0 0 0 0 0 112 1 0 0 0 0 221219 194854.774
0.0000000000 0.0000000000 0 0 0 0 0 0 0 0 112 1 0 0 0 0 221219 194854.974
0.0000000000 0.0000000000 0 0 0 0 0 0 0 0 112 1 0 0 0 0 221219 194855.174
0.0000000000 0.0000000000 0 0 0 0 0 0 0 0 112 1 0 0 0 0 221219 194855.374
0.0000000000 0.0000000000 0 0 0 0 0 0 0 0 112 1 0 0 0 0 221219 194855.574
0.0000000000 0.0000000000 0 0 0 0 0 0 0 0 112 1 0 0 0 0 221219 194855.774
0.0000000000 0.0000000000 0 0 0 0 0 0 0 0 112 1 0 0 0 0 221219 194855.974
0.0000000000 0.0000000000 0 0 0 0 0 0 0 0 112 1 0 0 0 0 221219 194856.175
0.0000000000 0.0000000000 0 0 0 0 0 0 0 0 112 1 0 0 0 0 221219 194856.375
0.0000000000 0.0000000000 0 0 0 0 0 0 0 0 112 1 0 0 0 0 221219 194856.575
0.0000000000 0.0000000000 0 0 0 0 0 0 0 0 112 1 0 0 0 0 221219 194856.775
0.0000000000 0.0000000000 0 0 0 0 0 0 0 0 112 1 0 0 0 0 221219 194856.976
0.0000000000 0.0000000000 0 0 0 0 0 0 0 0 112 1 0 0 0 0 221219 194857.176
0.0000000000 0.0000000000 0 0 0 0 0 0 0 0 112 1 0 0 0 0 221219 194857.376
0.0000000000 0.0000000000 0 0 0 0 0 0 0 0 112 1 0 0 0 0 221219 194857.576
0.0000000000 0.0000000000 0 0 0 0 0 0 0 0 112 1 0 0 0 0 221219 194857.776
0.0000000000 0.0000000000 0 0 0 0 0 0 0 0 112 1 0 0 0 0 221219 194857.977
0.0000000000 0.0000000000 0 0 0 0 0 0 0 0 112 1 0 0 0 0 221219 194858.177
0.0000000000 0.0000000000 0 0 0 0 0 0 0 0 112 1 0 0 0 0 221219 194858.377
0.0000000000 0.0000000000 0 0 0 0 0 0 0 0 112 1 0 0 0 0 221219 194858.577
0.0000000000 0.0000000000 0 0 0 0 0 0 0 0 112 1 0 0 0 0 221219 194858.778
0.0000000000 0.0000000000 0 0 0 0 0 0 0 0 112 1 0 0 0 0 221219 194858.978
0.0000000000 0.0000000000 0 0 0 0 0 0 0 0 112 1 0 0 0 0 221219 194859.178
0.0000000000 0.0000000000 0 0 0 0 0 0 0 0 112 1 0 0 0 0 221219 194859.378
0.0000000000 0.0000000000 0 0 0 0 0 0 0 0 112 1 0 0 0 0 221219 194859.578
0.0000000000 0.0000000000 0 0 0 0 0 0 0 0 112 1 0 0 0 0 221219 194859.778
0.0000000000 0.0000000000 0 0 0 0 0 0 0 0 112 1 0 0 0 0 221219 194859.979
0.0000000000 0.0000000000 0 0 0 0 0 0 0 0 112 1 0 0 0 0 221219 194900.179
0.0000000000 0.0000000000 0 0 0 0 0 0 0 0 112 1 0 0 0 0 221219 194900.379
0.0000000000 0.0000000000 0 0 0 0 0 0 0 0 112 1 0 0 0 0 221219 194900.579
0.0000000000 0.0000000000 0 0 0 0 0 0 0 0 112 1 0 0 0 0 221219 194900.779
0.0000000000 0.0000000000 0 0 0 0 0 0 0 0 112 1 0 0 0 0 221219 194900.980
0.0000000000 0.0000000000 0 0 0 0 0 0 0 0 112 1 0 0 0 0 221219 194901.180
0.0000000000 0.0000000000 0 0 0 0 0 0 0 0 112 1 0 0 0 0 221219 194901.380
0.0000000000 0.0000000000 0 0 0 0 0 0 0 0 112 1 0 0 0 0 221219 194901.580
0.0000000000 0.0000000000 0 0 0 0 0 0 0 0 112 1 0 0 0 0 221219 194901.780
0.0000000000 0.0000000000 0 0 0 0 0 0 0 0 112 1 0 0 0 0 221219 194901.980
0.0000000000 0.0000000000 0 0 0 0 0 0 0 0 112 1 0 0 0 0 221219 194902.181
0.0000000000 0.0000000000 0 0 0 0 0 0 0 0 112 1 0 0 0 0 221219 194902.381
0.0000000000 0.0000000000 0 0 0 0 0 0 0 0 112 1 0 0 0 0 221219 194902.581
0.0000000000 0.0000000000 0 0 0 0 0 0 0 0 112 1 0 0 0 0 221219 194902.781
0.0000000000 0.0000000000 0 0 0 0 0 0 0 0 112 1 0 0 0 0 221219 194902.981
0.0000000000 0.0000000000 0 0 0 0 0 0 0 0 112 1 0 0 0 0 221219 194903.181
0.0000000000 0.0000000000 0 0 0 0 0 0 0 0 112 1 0 0 0 0 221219 194903.381
0.0000000000 0.0000000000 0 0 0 0 0 0 0 0 112 1 0 0 0 0 221219 194903.582
0.0000000000 0.0000000000 0 0 0 0 0 0 0 0 112 1 0 0 0 0 221219 194903.782
0.0000000000 0.0000000000 0 0 0 0 0 0 0 0 112 1 0 0 0 0 221219 194903.982
0.0000000000 0.0000000000 0 0 0 0 0 0 0 0 112 1 0 0 0 0 221219 194904.182
0.0000000000 0.0000000000 0 0 0 0 0 0 0 0 112 1 0 0 0 0 221219 194904.382
0.0000000000 0.0000000000 0 0 0 0 0 0 0 0 112 1 0 0 0 0 221219 194904.582
0.0000000000 0.0000000000 0 0 0 0 0 0 0 0 112 1 0 0 0 0 221219 194904.782
0.0000000000 0.0000000000 0 0 0 0 0 0 162 4 112 1 0 0 0 0 221219 194904.983
0.0000000000 0.0000000000 0 0 0 0 0 0 0 0 112 1 0 0 0 0 221219 194905.183
0.0000000000 0.0000000000 0 0 0 0 0 0 186 8 112 1 0 0 0 0 221219 194905.383
0.0000000000 0.0000000000 0 0 0 0 0 0 0 0 112 1 0 0 0 0 221219 194905.583
0.0000000000 0.0000000000 0 0 0 0 0 0 103 9 112 1 0 0 0 0 221219 194905.783
0.0000000000 0.0000000000 0 0 0 0 0 0 109 9 112 1 0 0 0 0 221219 194905.983
0.0000000000 0.0000000000 0 0 0 0 0 0 245 9 112 1 0 0 0 0 221219 194906.183
0.0000000000 0.0000000000 0 0 0 0 0 0 180 9 112 1 0 0 0 0 221219 194906.383
0.0000000000 0.0000000000 0 0 0 0 0 0 110 9 112 1 0 0 0 0 221219 194906.584
0.0000000000 0.0000000000 0 0 0 0 0 0 41 10 112 1 0 0 0 0 221219 194906.784
0.0000000000 0.0000000000 0 0 0 0 0 0 54 10 112 1 0 0 0 0 221219 194906.984
0.0000000000 0.0000000000 0 0 0 0 0 0 128 9 112 1 0 0 0 0 221219 194907.184
0.0000000000 0.0000000000 0 0 0 0 0 0 133 9 112 1 0 0 0 0 221219 194907.384
0.0000000000 0.0000000000 0 0 0 0 0 0 47 9 112 1 0 0 0 0 221219 194907.585
0.0000000000 0.0000000000 0 0 0 0 0 0 97 10 112 1 0 0 0 0 221219 194907.785
0.0000000000 0.0000000000 0 0 0 0 0 0 26 10 112 1 0 0 0 0 221219 194907.985
0.0000000000 0.0000000000 0 0 0 0 0 0 49 10 112 1 0 0 0 0 221219 194908.185
0.0000000000 0.0000000000 0 0 0 0 0 0 223 10 112 1 0 0 0 0 221219 194908.385
0.0000000000 0.0000000000 0 0 0 0 0 0 181 9 112 1 0 0 0 0 221219 194908.585
0.0000000000 0.0000000000 0 0 0 0 0 0 82 8 112 1 0 0 0 0 221219 194908.786
0.0000000000 0.0000000000 0 0 0 0 0 0 111 9 112 1 0 0 0 0 221219 194908.986
0.0000000000 0.0000000000 0 0 0 0 0 0 118 9 112 1 0 0 0 0 221219 194909.186
0.0000000000 0.0000000000 0 0 0 0 0 0 236 6 112 1 0 0 0 0 221219 194909.386
0.0000000000 0.0000000000 0 0 0 0 0 0 142 8 112 1 0 0 0 0 221219 194909.586
0.0000000000 0.0000000000 0 0 0 0 0 0 128 8 112 1 0 0 0 0 221219 194909.787
0.0000000000 0.0000000000 0 0 0 0 0 0 4 9 112 1 0 0 0 0 221219 194909.987
0.0000000000 0.0000000000 0 0 0 0 0 0 75 7 112 1 0 0 0 0 221219 194910.187
0.0000000000 0.0000000000 0 0 0 0 0 0 27 7 112 1 0 0 0 0 221219 194910.387
0.0000000000 0.0000000000 0 0 0 0 0 0 0 0 112 1 0 0 0 0 221219 194910.587
0.0000000000 0.0000000000 0 0 0 0 0 0 0 0 112 1 0 0 0 0 221219 194910.788
0.0000000000 0.0000000000 0 0 0 0 0 0 0 0 112 1 0 0 0 0 221219 194910.988
0.0000000000 0.0000000000 0 0 0 0 0 0 0 0 112 1 0 0 0 0 221219 194911.188
0.0000000000 0.0000000000 0 0 0 0 0 0 0 0 112 1 0 0 0 0 221219 194911.388
0.0000000000 0.0000000000 0 0 0 0 0 0 0 0 112 1 0 0 0 0 221219 194911.589
0.0000000000 0.0000000000 0 0 0 0 0 0 0 0 112 1 0 0 0 0 221219 194911.789
0.0000000000 0.0000000000 0 0 0 0 0 0 0 0 112 1 0 0 0 0 221219 194911.989
0.0000000000 0.0000000000 0 0 0 0 0 0 0 0 112 1 0 0 0 0 221219 194912.189
0.0000000000 0.0000000000 0 0 0 0 0 0 0 0 112 1 0 0 0 0 221219 194912.389
0.0000000000 0.0000000000 0 0 0 0 0 0 0 0 112 1 0 0 0 0 221219 194912.590
0.0000000000 0.0000000000 0 0 0 0 0 0 0 0 112 1 0 0 0 0 221219 194912.790
0.0000000000 0.0000000000 0 0 0 0 0 0 0 0 112 1 0 0 0 0 221219 194912.990
0.0000000000 0.0000000000 0 0 0 0 0 0 0 0 112 1 0 0 0 0 221219 194913.190
0.0000000000 0.0000000000 0 0 0 0 0 0 0 0 112 1 0 0 0 0 221219 194913.391
0.0000000000 0.0000000000 0 0 0 0 0 0 0 0 112 1 0 0 0 0 221219 194913.591
0.0000000000 0.0000000000 0 0 0 0 0 0 0 0 112 1 0 0 0 0 221219 194913.791
0.0000000000 0.0000000000 0 0 0 0 0 0 0 0 112 1 0 0 0 0 221219 194913.991
0.0000000000 0.0000000000 0 0 0 0 0 0 0 0 112 1 0 0 0 0 221219 194914.191
0.0000000000 0.0000000000 0 0 0 0 0 0 0 0 112 1 0 0 0 0 221219 194914.392
0.0000000000 0.0000000000 0 0 0 0 0 0 0 0 112 1 0 0 0 0 221219 194914.592
0.0000000000 0.0000000000 0 0 0 0 0 0 0 0 112 1 0 0 0 0 221219 194914.792
0.0000000000 0.0000000000 0 0 0 0 0 0 0 0 112 1 0 0 0 0 221219 194914.992
0.0000000000 0.0000000000 0 0 0 0 0 0 0 0 112 1 0 0 0 0 221219 194915.193
0.0000000000 0.0000000000 0 0 0 0 0 0 0 0 112 1 0 0 0 0 221219 194915.393
0.0000000000 0.0000000000 0 0 0 0 0 0 0 0 112 1 0 0 0 0 221219 194915.593
0.0000000000 0.0000000000 0 0 0 0 0 0 0 0 112 1 0 0 0 0 221219 194915.793
0.0000000000 0.0000000000 0 0 0 0 0 0 0 0 112 1 0 0 0 0 221219 194915.993
0.0000000000 0.0000000000 0 0 0 0 0 0 0 0 112 1 0 0 0 0 221219 194916.193
0.0000000000 0.0000000000 0 0 0 0 0 0 0 0 112 1 0 0 0 0 221219 194916.394
0.0000000000 0.0000000000 0 0 0 0 0 0 0 0 112 1 0 0 0 0 221219 194916.594
0.0000000000 0.0000000000 0 0 0 0 0 0 0 0 112 1 0 0 0 0 221219 194916.794
0.0000000000 0.0000000000 0 0 0 0 0 0 0 0 112 1 0 0 0 0 221219 194916.994
0.0000000000 0.0000000000 0 0 0 0 0 0 0 0 112 1 0 0 0 0 221219 194917.194
0.0000000000 0.0000000000 0 0 0 0 0 0 0 0 112 1 0 0 0 0 221219 194917.395
0.0000000000 0.0000000000 0 0 0 0 0 0 0 0 112 1 0 0 0 0 221219 194917.595
0.0000000000 0.0000000000 0 0 0 0 0 0 0 0 112 1 0 0 0 0 221219 194917.795
0.0000000000 0.0000000000 0 0 0 0 0 0 0 0 112 1 0 0 0 0 221219 194917.995
0.0000000000 0.0000000000 0 0 0 0 0 0 54 240 112 1 0 0 0 0 221219 194918.195
0.0000000000 0.0000000000 0 0 0 0 0 0 117 238 112 1 0 0 0 0 221219 194918.396
0.0000000000 0.0000000000 0 0 0 0 0 0 230 236 112 1 0 0 0 0 221219 194918.596
0.0000000000 0.0000000000 0 0 0 0 0 0 167 241 112 1 0 0 0 0 221219 194918.796
0.0000000000 0.0000000000 0 0 0 0 0 0 133 240 112 1 0 0 0 0 221219 194918.996
0.0000000000 0.0000000000 0 0 0 0 0 0 6 239 112 1 0 0 0 0 221219 194919.196
0.0000000000 0.0000000000 0 0 0 0 0 0 151 238 112 1 0 0 0 0 221219 194919.397
0.0000000000 0.0000000000 0 0 0 0 0 0 2 221 112 1 0 0 0 0 221219 194919.597
0.0000000000 0.0000000000 0 0 0 0 0 0 122 229 112 1 0 0 0 0 221219 194919.797
0.0000000000 0.0000000000 0 0 0 0 0 0 228 231 112 1 0 0 0 0 221219 194919.997
0.0000000000 0.0000000000 0 0 0 0 0 0 111 226 112 1 0 0 0 0 221219 194920.197
0.0000000000 0.0000000000 0 0 0 0 0 0 126 220 112 1 0 0 0 0 221219 194920.397
0.0000000000 0.0000000000 0 0 0 0 0 0 255 223 112 1 0 0 0 0 221219 194920.597
0.0000000000 0.0000000000 0 0 0 0 0 0 211 221 112 1 0 0 0 0 221219 194920.798
0.0000000000 0.0000000000 0 0 0 0 0 0 69 221 112 1 0 0 0 0 221219 194920.998
0.0000000000 0.0000000000 0 0 0 0 0 0 170 217 112 1 0 0 0 0 221219 194921.198
0.0000000000 0.0000000000 0 0 0 0 0 0 195 221 112 1 0 0 0 0 221219 194921.398
0.0000000000 0.0000000000 0 0 0 0 0 0 117 231 112 1 0 0 0 0 221219 194921.598
0.0000000000 0.0000000000 0 0 0 0 0 0 251 218 112 1 0 0 0 0 221219 194921.798
0.0000000000 0.0000000000 0 0 0 0 0 0 97 222 112 1 0 0 0 0 221219 194921.999
0.0000000000 0.0000000000 0 0 0 0 0 0 239 219 112 1 0 0 0 0 221219 194922.199
0.0000000000 0.0000000000 0 0 0 0 0 0 125 213 112 1 0 0 0 0 221219 194922.399
0.0000000000 0.0000000000 0 0 0 0 0 0 7 217 112 1 0 0 0 0 221219 194922.599
0.0000000000 0.0000000000 0 0 0 0 0 0 80 215 112 1 0 0 0 0 221219 194922.799
0.0000000000 0.0000000000 0 0 0 0 0 0 199 214 112 1 0 0 0 0 221219 194922.999
0.0000000000 0.0000000000 0 0 0 0 0 0 147 214 112 1 0 0 0 0 221219 194923.199
0.0000000000 0.0000000000 0 0 0 0 0 0 55 221 112 1 0 0 0 0 221219 194923.399
0.0000000000 0.0000000000 0 0 0 0 0 0 168 213 112 1 0 0 0 0 221219 194923.600
0.0000000000 0.0000000000 0 0 0 0 0 0 55 207 112 1 0 0 0 0 221219 194923.800
0.0000000000 0.0000000000 0 0 0 0 0 0 163 210 112 1 0 0 0 0 221219 194924.000
0.0000000000 0.0000000000 0 0 0 0 0 0 163 214 112 1 0 0 0 0 221219 194924.200
0.0000000000 0.0000000000 0 0 0 0 0 0 162 211 112 1 0 0 0 0 221219 194924.400
0.0000000000 0.0000000000 0 0 0 0 0 0 138 218 112 1 0 0 0 0 221219 194924.600
0.0000000000 0.0000000000 0 0 0 0 0 0 157 212 112 1 0 0 0 0 221219 194924.801
0.0000000000 0.0000000000 0 0 0 0 0 0 124 210 112 1 0 0 0 0 221219 194925.001
0.0000000000 0.0000000000 0 0 0 0 0 0 85 210 112 1 0 0 0 0 221219 194925.201
0.0000000000 0.0000000000 0 0 0 0 0 0 70 210 112 1 0 0 0 0 221219 194925.401
0.0000000000 0.0000000000 0 0 0 0 0 0 220 212 112 1 0 0 0 0 221219 194925.601
0.0000000000 0.0000000000 0 0 0 0 0 0 56 212 112 1 0 0 0 0 221219 194925.801
0.0000000000 0.0000000000 0 0 0 0 0 0 202 212 112 1 0 0 0 0 221219 194926.002
0.0000000000 0.0000000000 0 0 0 0 0 0 183 211 112 1 0 0 0 0 221219 194926.202
0.0000000000 0.0000000000 0 0 0 0 0 0 78 211 112 1 0 0 0 0 221219 194926.402
0.0000000000 0.0000000000 0 0 0 0 0 0 55 211 112 1 0 0 0 0 221219 194926.602
0.0000000000 0.0000000000 0 0 0 0 0 0 240 206 112 1 0 0 0 0 221219 194926.802
0.0000000000 0.0000000000 0 0 0 0 0 0 214 209 112 1 0 0 0 0 221219 194927.002
0.0000000000 0.0000000000 0 0 0 0 0 0 64 210 112 1 0 0 0 0 221219 194927.203
0.0000000000 0.0000000000 0 0 0 0 0 0 254 209 112 1 0 0 0 0 221219 194927.403
0.0000000000 0.0000000000 0 0 0 0 0 0 134 209 112 1 0 0 0 0 221219 194927.603
0.0000000000 0.0000000000 0 0 0 0 0 0 13 209 112 1 0 0 0 0 221219 194927.803
0.0000000000 0.0000000000 0 0 0 0 0 0 25 209 112 1 0 0 0 0 221219 194928.003
0.0000000000 0.0000000000 0 0 0 0 0 0 125 208 112 1 0 0 0 0 221219 194928.203
0.0000000000 0.0000000000 0 0 0 0 0 0 44 208 112 1 0 0 0 0 221219 194928.404
0.0000000000 0.0000000000 0 0 0 0 0 0 184 207 112 1 0 0 0 0 221219 194928.604
0.0000000000 0.0000000000 0 0 0 0 0 0 181 208 112 1 0 0 0 0 221219 194928.804
0.0000000000 0.0000000000 0 0 0 0 0 0 236 204 112 1 0 0 0 0 221219 194929.004
0.0000000000 0.0000000000 0 0 0 0 0 0 152 208 112 1 0 0 0 0 221219 194929.204
0.0000000000 0.0000000000 0 0 0 0 0 0 27 208 112 1 0 0 0 0 221219 194929.404
0.0000000000 0.0000000000 0 0 0 0 0 0 19 208 112 1 0 0 0 0 221219 194929.605
0.0000000000 0.0000000000 0 0 0 0 0 0 78 207 112 1 0 0 0 0 221219 194929.805
0.0000000000 0.0000000000 0 0 0 0 0 0 224 207 112 1 0 0 0 0 221219 194930.005
0.0000000000 0.0000000000 0 0 0 0 0 0 101 208 112 1 0 0 0 0 221219 194930.205
0.0000000000 0.0000000000 0 0 0 0 0 0 220 208 112 1 0 0 0 0 221219 194930.405
0.0000000000 0.0000000000 0 0 0 0 0 0 128 210 112 1 0 0 0 0 221219 194930.606
0.0000000000 0.0000000000 0 0 0 0 0 0 51 210 112 1 0 0 0 0 221219 194930.806
0.0000000000 0.0000000000 0 0 0 0 0 0 77 210 112 1 0 0 0 0 221219 194931.006
0.0000000000 0.0000000000 0 0 0 0 0 0 2 211 112 1 0 0 0 0 221219 194931.206
0.0000000000 0.0000000000 0 0 0 0 0 0 115 210 112 1 0 0 0 0 221219 194931.406
0.0000000000 0.0000000000 0 0 0 0 0 0 197 211 112 1 0 0 0 0 221219 194931.606
0.0000000000 0.0000000000 0 0 0 0 0 0 219 211 112 1 0 0 0 0 221219 194931.807
0.0000000000 0.0000000000 0 0 0 0 0 0 27 212 112 1 0 0 0 0 221219 194932.007
0.0000000000 0.0000000000 0 0 0 0 0 0 17 213 112 1 0 0 0 0 221219 194932.207
0.0000000000 0.0000000000 0 0 0 0 0 0 229 212 112 1 0 0 0 0 221219 194932.407
0.0000000000 0.0000000000 0 0 0 0 0 0 163 214 112 1 0 0 0 0 221219 194932.607
0.0000000000 0.0000000000 0 0 0 0 0 0 81 214 112 1 0 0 0 0 221219 194932.808
0.0000000000 0.0000000000 0 0 0 0 0 0 189 214 112 1 0 0 0 0 221219 194933.008
0.0000000000 0.0000000000 0 0 0 0 0 0 206 214 112 1 0 0 0 0 221219 194933.208
0.0000000000 0.0000000000 0 0 0 0 0 0 115 215 112 1 0 0 0 0 221219 194933.408
0.0000000000 0.0000000000 0 0 0 0 0 0 185 215 112 1 0 0 0 0 221219 194933.608
0.0000000000 0.0000000000 0 0 0 0 0 0 156 222 112 1 0 0 0 0 221219 194933.808
0.0000000000 0.0000000000 0 0 0 0 0 0 96 218 112 1 0 0 0 0 221219 194934.008
0.0000000000 0.0000000000 0 0 0 0 0 0 186 217 112 1 0 0 0 0 221219 194934.209
0.0000000000 0.0000000000 0 0 0 0 0 0 36 218 112 1 0 0 0 0 221219 194934.409
0.0000000000 0.0000000000 0 0 0 0 0 0 24 219 112 1 0 0 0 0 221219 194934.609
0.0000000000 0.0000000000 0 0 0 0 0 0 121 219 112 1 0 0 0 0 221219 194934.809
0.0000000000 0.0000000000 0 0 0 0 0 0 159 219 112 1 0 0 0 0 221219 194935.009
0.0000000000 0.0000000000 0 0 0 0 0 0 228 220 112 1 0 0 0 0 221219 194935.209
0.0000000000 0.0000000000 0 0 0 0 0 0 203 221 112 1 0 0 0 0 221219 194935.409
0.0000000000 0.0000000000 0 0 0 0 0 0 33 232 112 1 0 0 0 0 221219 194935.610
0.0000000000 0.0000000000 0 0 0 0 0 0 202 223 112 1 0 0 0 0 221219 194935.810
0.0000000000 0.0000000000 0 0 0 0 0 0 171 225 112 1 0 0 0 0 221219 194936.010
0.0000000000 0.0000000000 0 0 0 0 0 0 37 226 112 1 0 0 0 0 221219 194936.210
0.0000000000 0.0000000000 0 0 0 0 0 0 219 227 112 1 0 0 0 0 221219 194936.410
0.0000000000 0.0000000000 0 0 0 0 0 0 236 227 112 1 0 0 0 0 221219 194936.610
0.0000000000 0.0000000000 0 0 0 0 0 0 172 228 112 1 0 0 0 0 221219 194936.810
0.0000000000 0.0000000000 0 0 0 0 0 0 136 229 112 1 0 0 0 0 221219 194937.011
0.0000000000 0.0000000000 0 0 0 0 0 0 48 230 112 1 0 0 0 0 221219 194937.211
0.0000000000 0.0000000000 0 0 0 0 0 0 145 232 112 1 0 0 0 0 221219 194937.411
0.0000000000 0.0000000000 0 0 0 0 0 0 91 233 112 1 0 0 0 0 221219 194937.611
0.0000000000 0.0000000000 0 0 0 0 0 0 130 234 112 1 0 0 0 0 221219 194937.811
0.0000000000 0.0000000000 0 0 0 0 0 0 117 235 112 1 0 0 0 0 221219 194938.012
0.0000000000 0.0000000000 0 0 0 0 0 0 153 249 112 1 0 0 0 0 221219 194938.212
0.0000000000 0.0000000000 0 0 0 0 0 0 6 237 112 1 0 0 0 0 221219 194938.412
0.0000000000 0.0000000000 0 0 0 0 0 0 51 237 112 1 0 0 0 0 221219 194938.612
0.0000000000 0.0000000000 0 0 0 0 0 0 51 241 112 1 0 0 0 0 221219 194938.812
0.0000000000 0.0000000000 0 0 0 0 0 0 8 241 112 1 0 0 0 0 221219 194939.013
0.0000000000 0.0000000000 0 0 0 0 0 0 136 240 112 1 0 0 0 0 221219 194939.213
0.0000000000 0.0000000000 0 0 0 0 0 0 90 241 112 1 0 0 0 0 221219 194939.413
0.0000000000 0.0000000000 0 0 0 0 0 0 241 242 112 1 0 0 0 0 221219 194939.613
0.0000000000 0.0000000000 0 0 0 0 0 0 184 244 112 1 0 0 0 0 221219 194939.813
0.0000000000 0.0000000000 0 0 0 0 0 0 63 245 112 1 0 0 0 0 221219 194940.013
0.0000000000 0.0000000000 0 0 0 0 0 0 147 245 112 1 0 0 0 0 221219 194940.214
0.0000000000 0.0000000000 0 0 0 0 0 0 217 249 112 1 0 0 0 0 221219 194940.414
0.0000000000 0.0000000000 0 0 0 0 0 0 19 248 112 1 0 0 0 0 221219 194940.614
0.0000000000 0.0000000000 0 0 0 0 0 0 15 249 112 1 0 0 0 0 221219 194940.814
0.0000000000 0.0000000000 0 0 0 0 0 0 0 0 112 1 0 0 0 0 221219 194941.015
0.0000000000 0.0000000000 0 0 0 0 0 0 0 0 112 1 0 0 0 0 221219 194941.215
0.0000000000 0.0000000000 0 0 0 0 0 0 0 0 112 1 0 0 0 0 221219 194941.415
0.0000000000 0.0000000000 0 0 0 0 0 0 0 0 112 1 0 0 0 0 221219 194941.615
0.0000000000 0.0000000000 0 0 0 0 0 0 0 0 112 1 0 0 0 0 221219 194941.815
0.0000000000 0.0000000000 0 0 0 0 0 0 0 0 112 1 0 0 0 0 221219 194942.015
0.0000000000 0.0000000000 0 0 0 0 0 0 0 0 112 1 0 0 0 0 221219 194942.215
0.0000000000 0.0000000000 0 0 0 0 0 0 0 0 112 1 0 0 0 0 221219 194942.416
0.0000000000 0.0000000000 0 0 0 0 0 0 0 0 112 1 0 0 0 0 221219 194942.616
0.0000000000 0.0000000000 0 0 0 0 0 0 0 0 112 1 0 0 0 0 221219 194942.816
0.0000000000 0.0000000000 0 0 0 0 0 0 0 0 112 1 0 0 0 0 221219 194943.016
0.0000000000 0.0000000000 0 0 0 0 0 0 0 0 112 1 0 0 0 0 221219 194943.216
0.0000000000 0.0000000000 0 0 0 0 0 0 0 0 112 1 0 0 0 0 221219 194943.417
0.0000000000 0.0000000000 0 0 0 0 0 0 0 0 112 1 0 0 0 0 221219 194943.617
0.0000000000 0.0000000000 0 0 0 0 0 0 0 0 112 1 0 0 0 0 221219 194943.817
0.0000000000 0.0000000000 0 0 0 0 0 0 0 0 112 1 0 0 0 0 221219 194944.017
0.0000000000 0.0000000000 0 0 0 0 0 0 0 0 112 1 0 0 0 0 221219 194944.217
0.0000000000 0.0000000000 0 0 0 0 0 0 0 0 112 1 0 0 0 0 221219 194944.417
0.0000000000 0.0000000000 0 0 0 0 0 0 0 0 112 1 0 0 0 0 221219 194944.617
0.0000000000 0.0000000000 0 0 0 0 0 0 0 0 112 1 0 0 0 0 221219 194944.818
0.0000000000 0.0000000000 0 0 0 0 0 0 0 0 112 1 0 0 0 0 221219 194945.018
0.0000000000 0.0000000000 0 0 0 0 0 0 0 0 112 1 0 0 0 0 221219 194945.218
0.0000000000 0.0000000000 0 0 0 0 0 0 0 0 112 1 0 0 0 0 221219 194945.418
0.0000000000 0.0000000000 0 0 0 0 0 0 0 0 112 1 0 0 0 0 221219 194945.618
0.0000000000 0.0000000000 0 0 0 0 0 0 0 0 112 1 0 0 0 0 221219 194945.819
0.0000000000 0.0000000000 0 0 0 0 0 0 0 0 112 1 0 0 0 0 221219 194946.019
0.0000000000 0.0000000000 0 0 0 0 0 0 0 0 112 1 0 0 0 0 221219 194946.219
0.0000000000 0.0000000000 0 0 0 0 0 0 0 0 112 1 0 0 0 0 221219 194946.419
0.0000000000 0.0000000000 0 0 0 0 0 0 0 0 112 1 0 0 0 0 221219 194946.619
0.0000000000 0.0000000000 0 0 0 0 0 0 0 0 112 1 0 0 0 0 221219 194946.820
0.0000000000 0.0000000000 0 0 0 0 0 0 0 0 112 1 0 0 0 0 221219 194947.020
0.0000000000 0.0000000000 0 0 0 0 0 0 0 0 112 1 0 0 0 0 221219 194947.220
0.0000000000 0.0000000000 0 0 0 0 0 0 0 0 112 1 0 0 0 0 221219 194947.420
0.0000000000 0.0000000000 0 0 0 0 0 0 0 0 112 1 0 0 0 0 221219 194947.620
0.0000000000 0.0000000000 0 0 0 0 0 0 0 0 112 1 0 0 0 0 221219 194947.820
0.0000000000 0.0000000000 0 0 0 0 0 0 0 0 112 1 0 0 0 0 221219 194948.021
0.0000000000 0.0000000000 0 0 0 0 0 0 0 0 112 1 0 0 0 0 221219 194948.221
0.0000000000 0.0000000000 0 0 0 0 0 0 0 0 112 1 0 0 0 0 221219 194948.421
0.0000000000 0.0000000000 0 0 0 0 0 0 0 0 112 1 0 0 0 0 221219 194948.621
0.0000000000 0.0000000000 0 0 0 0 0 0 0 0 112 1 0 0 0 0 221219 194948.821
0.0000000000 0.0000000000 0 0 0 0 0 0 0 0 112 1 0 0 0 0 221219 194949.021
0.0000000000 0.0000000000 0 0 0 0 0 0 0 0 112 1 0 0 0 0 221219 194949.221
0.0000000000 0.0000000000 0 0 0 0 0 0 0 0 112 1 0 0 0 0 221219 194949.422
0.0000000000 0.0000000000 0 0 0 0 0 0 0 0 112 1 0 0 0 0 221219 194949.622
0.0000000000 0.0000000000 0 0 0 0 0 0 0 0 112 1 0 0 0 0 221219 194949.822
0.0000000000 0.0000000000 0 0 0 0 0 0 0 0 112 1 0 0 0 0 221219 194950.022
0.0000000000 0.0000000000 0 0 0 0 0 0 79 245 112 1 0 0 0 0 221219 194950.222
0.0000000000 0.0000000000 0 0 0 0 0 0 165 244 112 1 0 0 0 0 221219 194950.422
0.0000000000 0.0000000000 0 0 0 0 0 0 54 242 112 1 0 0 0 0 221219 194950.622
0.0000000000 0.0000000000 0 0 0 0 0 0 176 240 112 1 0 0 0 0 221219 194950.823
0.0000000000 0.0000000000 0 0 0 0 0 0 192 244 112 1 0 0 0 0 221219 194951.023
0.0000000000 0.0000000000 0 0 0 0 0 0 41 240 112 1 0 0 0 0 221219 194951.223
0.0000000000 0.0000000000 0 0 0 0 0 0 126 238 112 1 0 0 0 0 221219 194951.423
0.0000000000 0.0000000000 0 0 0 0 0 0 59 236 112 1 0 0 0 0 221219 194951.623
0.0000000000 0.0000000000 0 0 0 0 0 0 47 234 112 1 0 0 0 0 221219 194951.823
0.0000000000 0.0000000000 0 0 0 0 0 0 108 234 112 1 0 0 0 0 221219 194952.024
0.0000000000 0.0000000000 0 0 0 0 0 0 67 233 112 1 0 0 0 0 221219 194952.224
0.0000000000 0.0000000000 0 0 0 0 0 0 104 231 112 1 0 0 0 0 221219 194952.424
0.0000000000 0.0000000000 0 0 0 0 0 0 151 229 112 1 0 0 0 0 221219 194952.624
0.0000000000 0.0000000000 0 0 0 0 0 0 65 228 112 1 0 0 0 0 221219 194952.824
0.0000000000 0.0000000000 0 0 0 0 0 0 208 225 112 1 0 0 0 0 221219 194953.025
0.0000000000 0.0000000000 0 0 0 0 0 0 212 229 112 1 0 0 0 0 221219 194953.225
0.0000000000 0.0000000000 0 0 0 0 0 0 115 223 112 1 0 0 0 0 221219 194953.425
0.0000000000 0.0000000000 0 0 0 0 0 0 109 221 112 1 0 0 0 0 221219 194953.625
0.0000000000 0.0000000000 0 0 0 0 0 0 76 220 112 1 0 0 0 0 221219 194953.825
0.0000000000 0.0000000000 0 0 0 0 0 0 114 219 112 1 0 0 0 0 221219 194954.026
0.0000000000 0.0000000000 0 0 0 0 0 0 249 216 112 1 0 0 0 0 221219 194954.226
0.0000000000 0.0000000000 0 0 0 0 0 0 8 216 112 1 0 0 0 0 221219 194954.426
0.0000000000 0.0000000000 0 0 0 0 0 0 47 215 112 1 0 0 0 0 221219 194954.626
0.0000000000 0.0000000000 0 0 0 0 0 0 23 214 112 1 0 0 0 0 221219 194954.826
0.0000000000 0.0000000000 0 0 0 0 0 0 206 193 112 1 0 0 0 0 221219 194955.026
0.0000000000 0.0000000000 0 0 0 0 0 0 117 210 112 1 0 0 0 0 221219 194955.227
0.0000000000 0.0000000000 0 0 0 0 0 0 35 211 112 1 0 0 0 0 221219 194955.427
0.0000000000 0.0000000000 0 0 0 0 0 0 15 209 112 1 0 0 0 0 221219 194955.627
0.0000000000 0.0000000000 0 0 0 0 0 0 35 207 112 1 0 0 0 0 221219 194955.827
0.0000000000 0.0000000000 0 0 0 0 0 0 138 205 112 1 0 0 0 0 221219 194956.027
0.0000000000 0.0000000000 0 0 0 0 0 0 67 204 112 1 0 0 0 0 221219 194956.227
0.0000000000 0.0000000000 0 0 0 0 0 0 145 203 112 1 0 0 0 0 221219 194956.427
0.0000000000 0.0000000000 0 0 0 0 0 0 75 202 112 1 0 0 0 0 221219 194956.627
0.0000000000 0.0000000000 0 0 0 0 0 0 106 201 112 1 0 0 0 0 221219 194956.828
0.0000000000 0.0000000000 0 0 0 0 0 0 106 200 112 1 0 0 0 0 221219 194957.028
0.0000000000 0.0000000000 0 0 0 0 0 0 207 198 112 1 0 0 0 0 221219 194957.228
0.0000000000 0.0000000000 0 0 0 0 0 0 107 197 112 1 0 0 0 0 221219 194957.428
0.0000000000 0.0000000000 0 0 0 0 0 0 79 199 112 1 0 0 0 0 221219 194957.628
0.0000000000 0.0000000000 0 0 0 0 0 0 135 200 112 1 0 0 0 0 221219 194957.828
0.0000000000 0.0000000000 0 0 0 0 0 0 223 203 112 1 0 0 0 0 221219 194958.028
0.0000000000 0.0000000000 0 0 0 0 0 0 202 3 112 1 0 0 0 0 221219 194958.229
0.0000000000 0.0000000000 0 0 0 0 0 0 106 236 112 1 0 0 0 0 221219 194958.429
0.0000000000 0.0000000000 0 0 0 0 0 0 251 220 112 1 0 0 0 0 221219 194958.629
0.0000000000 0.0000000000 0 0 0 0 0 0 100 240 112 1 0 0 0 0 221219 194958.829
0.0000000000 0.0000000000 0 0 0 0 0 0 187 173 112 1 0 0 0 0 221219 194959.029
0.0000000000 0.0000000000 0 0 0 0 0 0 124 207 112 1 0 0 0 0 221219 194959.229
0.0000000000 0.0000000000 0 0 0 0 0 0 157 213 112 1 0 0 0 0 221219 194959.430
0.0000000000 0.0000000000 0 0 0 0 0 0 88 210 112 1 0 0 0 0 221219 194959.630
0.0000000000 0.0000000000 0 0 0 0 0 0 232 213 112 1 0 0 0 0 221219 194959.830
0.0000000000 0.0000000000 0 0 0 0 0 0 71 227 112 1 0 0 0 0 221219 195000.030
0.0000000000 0.0000000000 0 0 0 0 0 0 28 215 112 1 0 0 0 0 221219 195000.230
0.0000000000 0.0000000000 0 0 0 0 0 0 226 218 112 1 0 0 0 0 221219 195000.430
0.0000000000 0.0000000000 0 0 0 0 0 0 10 218 112 1 0 0 0 0 221219 195000.630
0.0000000000 0.0000000000 0 0 0 0 0 0 39 219 112 1 0 0 0 0 221219 195000.831
0.0000000000 0.0000000000 0 0 0 0 0 0 99 218 112 1 0 0 0 0 221219 195001.031
0.0000000000 0.0000000000 0 0 0 0 0 0 13 220 112 1 0 0 0 0 221219 195001.231
0.0000000000 0.0000000000 0 0 0 0 0 0 209 218 112 1 0 0 0 0 221219 195001.431
0.0000000000 0.0000000000 0 0 0 0 0 0 231 215 112 1 0 0 0 0 221219 195001.631
0.0000000000 0.0000000000 0 0 0 0 0 0 11 219 112 1 0 0 0 0 221219 195001.831
0.0000000000 0.0000000000 0 0 0 0 0 0 30 219 112 1 0 0 0 0 221219 195002.031
0.0000000000 0.0000000000 0 0 0 0 0 0 127 219 112 1 0 0 0 0 221219 195002.232
0.0000000000 0.0000000000 0 0 0 0 0 0 252 219 112 1 0 0 0 0 221219 195002.432
0.0000000000 0.0000000000 0 0 0 0 0 0 79 221 112 1 0 0 0 0 221219 195002.632
0.0000000000 0.0000000000 0 0 0 0 0 0 32 222 112 1 0 0 0 0 221219 195002.832
0.0000000000 0.0000000000 0 0 0 0 0 0 55 223 112 1 0 0 0 0 221219 195003.032
0.0000000000 0.0000000000 0 0 0 0 0 0 36 224 112 1 0 0 0 0 221219 195003.232
0.0000000000 0.0000000000 0 0 0 0 0 0 144 224 112 1 0 0 0 0 221219 195003.432
0.0000000000 0.0000000000 0 0 0 0 0 0 62 227 112 1 0 0 0 0 221219 195003.633
0.0000000000 0.0000000000 0 0 0 0 0 0 125 228 112 1 0 0 0 0 221219 195003.833
0.0000000000 0.0000000000 0 0 0 0 0 0 130 231 112 1 0 0 0 0 221219 195004.033
0.0000000000 0.0000000000 0 0 0 0 0 0 203 245 112 1 0 0 0 0 221219 195004.233
0.0000000000 0.0000000000 0 0 0 0 0 0 138 234 112 1 0 0 0 0 221219 195004.433
0.0000000000 0.0000000000 0 0 0 0 0 0 127 241 112 1 0 0 0 0 221219 195004.633
0.0000000000 0.0000000000 0 0 0 0 0 0 165 238 112 1 0 0 0 0 221219 195004.833
0.0000000000 0.0000000000 0 0 0 0 0 0 139 231 112 1 0 0 0 0 221219 195005.034
0.0000000000 0.0000000000 0 0 0 0 0 0 99 241 112 1 0 0 0 0 221219 195005.234
0.0000000000 0.0000000000 0 0 0 0 0 0 157 240 112 1 0 0 0 0 221219 195005.434
0.0000000000 0.0000000000 0 0 0 0 0 0 49 241 112 1 0 0 0 0 221219 195005.634
0.0000000000 0.0000000000 0 0 0 0 0 0 195 241 112 1 0 0 0 0 221219 195005.834
0.0000000000 0.0000000000 0 0 0 0 0 0 234 247 112 1 0 0 0 0 221219 195006.034
0.0000000000 0.0000000000 0 0 0 0 0 0 170 244 112 1 0 0 0 0 221219 195006.234
0.0000000000 0.0000000000 0 0 0 0 0 0 111 246 112 1 0 0 0 0 221219 195006.435
0.0000000000 0.0000000000 0 0 0 0 0 0 130 2 112 1 0 0 0 0 221219 195006.635
0.0000000000 0.0000000000 0 0 0 0 0 0 216 234 112 1 0 0 0 0 221219 195006.835
0.0000000000 0.0000000000 0 0 0 0 0 0 251 246 112 1 0 0 0 0 221219 195007.035
0.0000000000 0.0000000000 0 0 0 0 0 0 146 249 112 1 0 0 0 0 221219 195007.235
0.0000000000 0.0000000000 0 0 0 0 0 0 53 251 112 1 0 0 0 0 221219 195007.435
0.0000000000 0.0000000000 0 0 0 0 0 0 94 251 112 1 0 0 0 0 221219 195007.636
0.0000000000 0.0000000000 0 0 0 0 0 0 219 252 112 1 0 0 0 0 221219 195007.836
0.0000000000 0.0000000000 0 0 0 0 0 0 129 254 112 1 0 0 0 0 221219 195008.036
0.0000000000 0.0000000000 0 0 0 0 0 0 0 0 112 1 0 0 0 0 221219 195008.236
0.0000000000 0.0000000000 0 0 0 0 0 0 0 0 112 1 0 0 0 0 221219 195008.436
0.0000000000 0.0000000000 0 0 0 0 0 0 0 0 112 1 0 0 0 0 221219 195008.636
0.0000000000 0.0000000000 0 0 0 0 0 0 0 0 112 1 0 0 0 0 221219 195008.836
0.0000000000 0.0000000000 0 0 0 0 0 0 0 0 112 1 0 0 0 0 221219 195009.036
0.0000000000 0.0000000000 0 0 0 0 0 0 0 0 112 1 0 0 0 0 221219 195009.237
0.0000000000 0.0000000000 0 0 0 0 0 0 0 0 112 1 0 0 0 0 221219 195009.437
0.0000000000 0.0000000000 0 0 0 0 0 0 0 0 112 1 0 0 0 0 221219 195009.637
0.0000000000 0.0000000000 0 0 0 0 0 0 0 0 112 1 0 0 0 0 221219 195009.837
0.0000000000 0.0000000000 0 0 0 0 0 0 0 0 112 1 0 0 0 0 221219 195010.037
0.0000000000 0.0000000000 0 0 0 0 0 0 0 0 112 1 0 0 0 0 221219 195010.237
0.0000000000 0.0000000000 0 0 0 0 0 0 0 0 112 1 0 0 0 0 221219 195010.437
0.0000000000 0.0000000000 0 0 0 0 0 0 0 0 112 1 0 0 0 0 221219 195010.638
0.0000000000 0.0000000000 0 0 0 0 0 0 66 13 112 1 0 0 0 0 221219 195010.838
0.0000000000 0.0000000000 0 0 0 0 0 0 140 13 112 1 0 0 0 0 221219 195011.038
0.0000000000 0.0000000000 0 0 0 0 0 0 68 15 112 1 0 0 0 0 221219 195011.238
0.0000000000 0.0000000000 0 0 0 0 0 0 191 17 112 1 0 0 0 0 221219 195011.438
0.0000000000 0.0000000000 0 0 0 0 0 0 109 17 112 1 0 0 0 0 221219 195011.638
0.0000000000 0.0000000000 0 0 0 0 0 0 204 18 112 1 0 0 0 0 221219 195011.838
0.0000000000 0.0000000000 0 0 0 0 0 0 241 19 112 1 0 0 0 0 221219 195012.039
0.0000000000 0.0000000000 0 0 0 0 0 0 130 20 112 1 0 0 0 0 221219 195012.239
0.0000000000 0.0000000000 0 0 0 0 0 0 223 22 112 1 0 0 0 0 221219 195012.439
0.0000000000 0.0000000000 0 0 0 0 0 0 153 21 112 1 0 0 0 0 221219 195012.639
0.0000000000 0.0000000000 0 0 0 0 0 0 78 19 112 1 0 0 0 0 221219 195012.839
0.0000000000 0.0000000000 0 0 0 0 0 0 85 19 112 1 0 0 0 0 221219 195013.040
0.0000000000 0.0000000000 0 0 0 0 0 0 80 18 112 1 0 0 0 0 221219 195013.240
0.0000000000 0.0000000000 0 0 0 0 0 0 111 18 112 1 0 0 0 0 221219 195013.440
0.0000000000 0.0000000000 0 0 0 0 0 0 31 250 112 1 0 0 0 0 221219 195013.640
0.0000000000 0.0000000000 0 0 0 0 0 0 201 12 112 1 0 0 0 0 221219 195013.841
0.0000000000 0.0000000000 0 0 0 0 0 0 163 12 112 1 0 0 0 0 221219 195014.041
0.0000000000 0.0000000000 0 0 0 0 0 0 163 14 112 1 0 0 0 0 221219 195014.241
0.0000000000 0.0000000000 0 0 0 0 0 0 120 8 112 1 0 0 0 0 221219 195014.441
0.0000000000 0.0000000000 0 0 0 0 0 0 166 12 112 1 0 0 0 0 221219 195014.641
0.0000000000 0.0000000000 0 0 0 0 0 0 95 12 112 1 0 0 0 0 221219 195014.841
