0.0000000000 0.0000000000 0 0 0 0 0 0 160 15 112 1 0 0 0 0 120120 152837.739
0.0000000000 0.0000000000 0 0 0 0 0 0 160 15 112 1 0 0 0 0 120120 152837.790
0.0000000000 0.0000000000 0 0 0 0 0 0 160 15 112 1 0 0 0 0 120120 152837.840
0.0000000000 0.0000000000 0 0 0 0 0 0 160 15 112 1 0 0 0 0 120120 152837.890
0.0000000000 0.0000000000 0 0 0 0 0 0 160 15 112 1 0 0 0 0 120120 152837.940
0.0000000000 0.0000000000 0 0 0 0 0 0 160 15 112 1 0 0 0 0 120120 152837.991
0.0000000000 0.0000000000 0 0 0 0 0 0 160 15 112 1 0 0 0 0 120120 152838.041
0.0000000000 0.0000000000 0 0 0 0 0 0 160 15 112 1 0 0 0 0 120120 152838.091
0.0000000000 0.0000000000 0 0 0 0 0 0 160 15 112 1 0 0 0 0 120120 152838.141
0.0000000000 0.0000000000 0 0 0 0 0 0 160 15 112 1 0 0 0 0 120120 152838.192
0.0000000000 0.0000000000 0 0 0 0 0 0 160 15 112 1 0 0 0 0 120120 152838.242
0.0000000000 0.0000000000 0 0 0 0 0 0 160 15 112 1 0 0 0 0 120120 152838.292
0.0000000000 0.0000000000 0 0 0 0 0 0 160 15 112 1 0 0 0 0 120120 152838.343
0.0000000000 0.0000000000 0 0 0 0 0 0 160 15 112 1 0 0 0 0 120120 152838.393
0.0000000000 0.0000000000 0 0 0 0 0 0 160 15 112 1 0 0 0 0 120120 152838.443
0.0000000000 0.0000000000 0 0 0 0 0 0 160 15 112 1 0 0 0 0 120120 152838.493
0.0000000000 0.0000000000 0 0 0 0 0 0 160 15 112 1 0 0 0 0 120120 152838.544
0.0000000000 0.0000000000 0 0 0 0 0 0 160 15 112 1 0 0 0 0 120120 152838.594
0.0000000000 0.0000000000 0 0 0 0 0 0 160 15 112 1 0 0 0 0 120120 152838.644
0.0000000000 0.0000000000 0 0 0 0 0 0 160 15 112 1 0 0 0 0 120120 152838.694
0.0000000000 0.0000000000 0 0 0 0 0 0 160 15 112 1 0 0 0 0 120120 152838.745
0.0000000000 0.0000000000 0 0 0 0 0 0 160 15 112 1 0 0 0 0 120120 152838.795
0.0000000000 0.0000000000 0 0 0 0 0 0 160 15 112 1 0 0 0 0 120120 152838.845
0.0000000000 0.0000000000 0 0 0 0 0 0 160 15 112 1 0 0 0 0 120120 152838.895
0.0000000000 0.0000000000 0 0 0 0 0 0 160 15 112 1 0 0 0 0 120120 152838.946
0.0000000000 0.0000000000 0 0 0 0 0 0 160 15 112 1 0 0 0 0 120120 152838.996
0.0000000000 0.0000000000 0 0 0 0 0 0 160 15 112 1 0 0 0 0 120120 152839.046
0.0000000000 0.0000000000 0 0 0 0 0 0 160 15 112 1 0 0 0 0 120120 152839.096
0.0000000000 0.0000000000 0 0 0 0 0 0 160 15 112 1 0 0 0 0 120120 152839.147
0.0000000000 0.0000000000 0 0 0 0 0 0 160 15 112 1 0 0 0 0 120120 152839.197
0.0000000000 0.0000000000 0 0 0 0 0 0 160 15 112 1 0 0 0 0 120120 152839.247
0.0000000000 0.0000000000 0 0 0 0 0 0 160 15 112 1 0 0 0 0 120120 152839.297
0.0000000000 0.0000000000 0 0 0 0 0 0 160 15 112 1 0 0 0 0 120120 152839.347
0.0000000000 0.0000000000 0 0 0 0 0 0 160 15 112 1 0 0 0 0 120120 152839.398
0.0000000000 0.0000000000 0 0 0 0 0 0 160 15 112 1 0 0 0 0 120120 152839.448
0.0000000000 0.0000000000 0 0 0 0 0 0 160 15 112 1 0 0 0 0 120120 152839.498
0.0000000000 0.0000000000 0 0 0 0 0 0 160 15 112 1 0 0 0 0 120120 152839.548
0.0000000000 0.0000000000 0 0 0 0 0 0 160 15 112 1 0 0 0 0 120120 152839.598
0.0000000000 0.0000000000 0 0 0 0 0 0 160 15 112 1 0 0 0 0 120120 152839.649
0.0000000000 0.0000000000 0 0 0 0 0 0 160 15 112 1 0 0 0 0 120120 152839.699
0.0000000000 0.0000000000 0 0 0 0 0 0 160 15 112 1 0 0 0 0 120120 152839.749
0.0000000000 0.0000000000 0 0 0 0 0 0 160 15 112 1 0 0 0 0 120120 152839.799
0.0000000000 0.0000000000 0 0 0 0 0 0 160 15 112 1 0 0 0 0 120120 152839.850
0.0000000000 0.0000000000 0 0 0 0 0 0 160 15 112 1 0 0 0 0 120120 152839.900
0.0000000000 0.0000000000 0 0 0 0 0 0 160 15 112 1 0 0 0 0 120120 152839.950
0.0000000000 0.0000000000 0 0 0 0 0 0 160 15 112 1 0 0 0 0 120120 152840.000
0.0000000000 0.0000000000 0 0 0 0 0 0 160 15 112 1 0 0 0 0 120120 152840.050
0.0000000000 0.0000000000 0 0 0 0 0 0 160 15 112 1 0 0 0 0 120120 152840.101
0.0000000000 0.0000000000 0 0 0 0 0 0 160 15 112 1 0 0 0 0 120120 152840.151
0.0000000000 0.0000000000 0 0 0 0 0 0 160 15 112 1 0 0 0 0 120120 152840.201
0.0000000000 0.0000000000 0 0 0 0 0 0 160 15 112 1 0 0 0 0 120120 152840.251
0.0000000000 0.0000000000 0 0 0 0 0 0 160 15 112 1 0 0 0 0 120120 152840.302
0.0000000000 0.0000000000 0 0 0 0 0 0 160 15 112 1 0 0 0 0 120120 152840.352
0.0000000000 0.0000000000 0 0 0 0 0 0 160 15 112 1 0 0 0 0 120120 152840.402
0.0000000000 0.0000000000 0 0 0 0 0 0 160 15 112 1 0 0 0 0 120120 152840.453
0.0000000000 0.0000000000 0 0 0 0 0 0 160 15 112 1 0 0 0 0 120120 152840.503
0.0000000000 0.0000000000 0 0 0 0 0 0 160 15 112 1 0 0 0 0 120120 152840.553
0.0000000000 0.0000000000 0 0 0 0 0 0 160 15 112 1 0 0 0 0 120120 152840.603
0.0000000000 0.0000000000 0 0 0 0 0 0 160 15 112 1 0 0 0 0 120120 152840.654
0.0000000000 0.0000000000 0 0 0 0 0 0 160 15 112 1 0 0 0 0 120120 152840.704
0.0000000000 0.0000000000 0 0 0 0 0 0 160 15 112 1 0 0 0 0 120120 152840.754
0.0000000000 0.0000000000 0 0 0 0 0 0 160 15 112 1 0 0 0 0 120120 152840.804
0.0000000000 0.0000000000 0 0 0 0 0 0 160 15 112 1 0 0 0 0 120120 152840.855
0.0000000000 0.0000000000 0 0 0 0 0 0 160 15 112 1 0 0 0 0 120120 152840.905
0.0000000000 0.0000000000 0 0 0 0 0 0 160 15 112 1 0 0 0 0 120120 152840.955
0.0000000000 0.0000000000 0 0 0 0 0 0 160 15 112 1 0 0 0 0 120120 152841.005
0.0000000000 0.0000000000 0 0 0 0 0 0 160 15 112 1 0 0 0 0 120120 152841.055
0.0000000000 0.0000000000 0 0 0 0 0 0 160 15 112 1 0 0 0 0 120120 152841.106
0.0000000000 0.0000000000 0 0 0 0 0 0 160 15 112 1 0 0 0 0 120120 152841.156
0.0000000000 0.0000000000 0 0 0 0 0 0 160 15 112 1 0 0 0 0 120120 152841.206
0.0000000000 0.0000000000 0 0 0 0 0 0 160 15 112 1 0 0 0 0 120120 152841.256
0.0000000000 0.0000000000 0 0 0 0 0 0 160 15 112 1 0 0 0 0 120120 152841.306
0.0000000000 0.0000000000 0 0 0 0 0 0 160 15 112 1 0 0 0 0 120120 152841.357
0.0000000000 0.0000000000 0 0 0 0 0 0 160 15 112 1 0 0 0 0 120120 152841.407
0.0000000000 0.0000000000 0 0 0 0 0 0 160 15 112 1 0 0 0 0 120120 152841.457
0.0000000000 0.0000000000 0 0 0 0 0 0 160 15 112 1 0 0 0 0 120120 152841.507
0.0000000000 0.0000000000 0 0 0 0 0 0 160 15 112 1 0 0 0 0 120120 152841.558
0.0000000000 0.0000000000 0 0 0 0 0 0 160 15 112 1 0 0 0 0 120120 152841.608
0.0000000000 0.0000000000 0 0 0 0 0 0 160 15 112 1 0 0 0 0 120120 152841.658
0.0000000000 0.0000000000 0 0 0 0 0 0 160 15 112 1 0 0 0 0 120120 152841.709
0.0000000000 0.0000000000 0 0 0 0 0 0 160 15 112 1 0 0 0 0 120120 152841.759
0.0000000000 0.0000000000 0 0 0 0 0 0 160 15 112 1 0 0 0 0 120120 152841.809
0.0000000000 0.0000000000 0 0 0 0 0 0 160 15 112 1 0 0 0 0 120120 152841.859
0.0000000000 0.0000000000 0 0 0 0 0 0 160 15 112 1 0 0 0 0 120120 152841.910
0.0000000000 0.0000000000 0 0 0 0 0 0 160 15 112 1 0 0 0 0 120120 152841.960
0.0000000000 0.0000000000 0 0 0 0 0 0 160 15 112 1 0 0 0 0 120120 152842.010
0.0000000000 0.0000000000 0 0 0 0 0 0 160 15 112 1 0 0 0 0 120120 152842.060
0.0000000000 0.0000000000 0 0 0 0 0 0 160 15 112 1 0 0 0 0 120120 152842.111
0.0000000000 0.0000000000 0 0 0 0 0 0 160 15 112 1 0 0 0 0 120120 152842.161
0.0000000000 0.0000000000 0 0 0 0 0 0 160 15 112 1 0 0 0 0 120120 152842.211
0.0000000000 0.0000000000 0 0 0 0 0 0 160 15 112 1 0 0 0 0 120120 152842.261
0.0000000000 0.0000000000 0 0 0 0 0 0 160 15 112 1 0 0 0 0 120120 152842.312
0.0000000000 0.0000000000 0 0 0 0 0 0 160 15 112 1 0 0 0 0 120120 152842.362
0.0000000000 0.0000000000 0 0 0 0 0 0 160 15 112 1 0 0 0 0 120120 152842.412
0.0000000000 0.0000000000 0 0 0 0 0 0 160 15 112 1 0 0 0 0 120120 152842.462
0.0000000000 0.0000000000 0 0 0 0 0 0 160 15 112 1 0 0 0 0 120120 152842.513
0.0000000000 0.0000000000 0 0 0 0 0 0 160 15 112 1 0 0 0 0 120120 152842.563
0.0000000000 0.0000000000 0 0 0 0 0 0 160 15 112 1 0 0 0 0 120120 152842.613
0.0000000000 0.0000000000 0 0 0 0 0 0 160 15 112 1 0 0 0 0 120120 152842.663
0.0000000000 0.0000000000 0 0 0 0 0 0 160 15 112 1 0 0 0 0 120120 152842.713
0.0000000000 0.0000000000 0 0 0 0 0 0 160 15 112 1 0 0 0 0 120120 152842.764
0.0000000000 0.0000000000 0 0 0 0 0 0 160 15 112 1 0 0 0 0 120120 152842.814
0.0000000000 0.0000000000 0 0 0 0 0 0 160 15 112 1 0 0 0 0 120120 152842.864
0.0000000000 0.0000000000 0 0 0 0 0 0 160 15 112 1 0 0 0 0 120120 152842.914
0.0000000000 0.0000000000 0 0 0 0 0 0 160 15 112 1 0 0 0 0 120120 152842.964
0.0000000000 0.0000000000 0 0 0 0 0 0 160 15 112 1 0 0 0 0 120120 152843.015
0.0000000000 0.0000000000 0 0 0 0 0 0 160 15 112 1 0 0 0 0 120120 152843.065
0.0000000000 0.0000000000 0 0 0 0 0 0 160 15 112 1 0 0 0 0 120120 152843.115
0.0000000000 0.0000000000 0 0 0 0 0 0 160 15 112 1 0 0 0 0 120120 152843.165
0.0000000000 0.0000000000 0 0 0 0 0 0 160 15 112 1 0 0 0 0 120120 152843.216
0.0000000000 0.0000000000 0 0 0 0 0 0 160 15 112 1 0 0 0 0 120120 152843.266
0.0000000000 0.0000000000 0 0 0 0 0 0 160 15 112 1 0 0 0 0 120120 152843.316
0.0000000000 0.0000000000 0 0 0 0 0 0 160 15 112 1 0 0 0 0 120120 152843.366
0.0000000000 0.0000000000 0 0 0 0 0 0 160 15 112 1 0 0 0 0 120120 152843.416
0.0000000000 0.0000000000 0 0 0 0 0 0 160 15 112 1 0 0 0 0 120120 152843.467
0.0000000000 0.0000000000 0 0 0 0 0 0 160 15 112 1 0 0 0 0 120120 152843.517
0.0000000000 0.0000000000 0 0 0 0 0 0 160 15 112 1 0 0 0 0 120120 152843.567
0.0000000000 0.0000000000 0 0 0 0 0 0 160 15 112 1 0 0 0 0 120120 152843.617
0.0000000000 0.0000000000 0 0 0 0 0 0 160 15 112 1 0 0 0 0 120120 152843.668
0.0000000000 0.0000000000 0 0 0 0 0 0 160 15 112 1 0 0 0 0 120120 152843.718
0.0000000000 0.0000000000 0 0 0 0 0 0 160 15 112 1 0 0 0 0 120120 152843.768
0.0000000000 0.0000000000 0 0 0 0 0 0 160 15 112 1 0 0 0 0 120120 152843.818
0.0000000000 0.0000000000 0 0 0 0 0 0 160 15 112 1 0 0 0 0 120120 152843.869
0.0000000000 0.0000000000 0 0 0 0 0 0 160 15 112 1 0 0 0 0 120120 152843.919
0.0000000000 0.0000000000 0 0 0 0 0 0 160 15 112 1 0 0 0 0 120120 152843.969
0.0000000000 0.0000000000 0 0 0 0 0 0 160 15 112 1 0 0 0 0 120120 152844.019
0.0000000000 0.0000000000 0 0 0 0 0 0 160 15 112 1 0 0 0 0 120120 152844.069
0.0000000000 0.0000000000 0 0 0 0 0 0 160 15 112 1 0 0 0 0 120120 152844.120
0.0000000000 0.0000000000 0 0 0 0 0 0 160 15 112 1 0 0 0 0 120120 152844.170
0.0000000000 0.0000000000 0 0 0 0 0 0 160 15 112 1 0 0 0 0 120120 152844.220
0.0000000000 0.0000000000 0 0 0 0 0 0 160 15 112 1 0 0 0 0 120120 152844.271
0.0000000000 0.0000000000 0 0 0 0 0 0 160 15 112 1 0 0 0 0 120120 152844.321
0.0000000000 0.0000000000 0 0 0 0 0 0 160 15 112 1 0 0 0 0 120120 152844.371
0.0000000000 0.0000000000 0 0 0 0 0 0 160 15 112 1 0 0 0 0 120120 152844.421
0.0000000000 0.0000000000 0 0 0 0 0 0 160 15 112 1 0 0 0 0 120120 152844.472
0.0000000000 0.0000000000 0 0 0 0 0 0 160 15 112 1 0 0 0 0 120120 152844.522
0.0000000000 0.0000000000 0 0 0 0 0 0 160 15 112 1 0 0 0 0 120120 152844.572
0.0000000000 0.0000000000 0 0 0 0 0 0 160 15 112 1 0 0 0 0 120120 152844.623
0.0000000000 0.0000000000 0 0 0 0 0 0 160 15 112 1 0 0 0 0 120120 152844.673
0.0000000000 0.0000000000 0 0 0 0 0 0 160 15 112 1 0 0 0 0 120120 152844.723
0.0000000000 0.0000000000 0 0 0 0 0 0 160 15 112 1 0 0 0 0 120120 152844.774
0.0000000000 0.0000000000 0 0 0 0 0 0 160 15 112 1 0 0 0 0 120120 152844.824
0.0000000000 0.0000000000 0 0 0 0 0 0 160 15 112 1 0 0 0 0 120120 152844.874
0.0000000000 0.0000000000 0 0 0 0 0 0 160 15 112 1 0 0 0 0 120120 152844.924
0.0000000000 0.0000000000 0 0 0 0 0 0 160 15 112 1 0 0 0 0 120120 152844.975
0.0000000000 0.0000000000 0 0 0 0 0 0 160 15 112 1 0 0 0 0 120120 152845.025
0.0000000000 0.0000000000 0 0 0 0 0 0 160 15 112 1 0 0 0 0 120120 152845.075
0.0000000000 0.0000000000 0 0 0 0 0 0 160 15 112 1 0 0 0 0 120120 152845.126
0.0000000000 0.0000000000 0 0 0 0 0 0 160 15 112 1 0 0 0 0 120120 152845.176
0.0000000000 0.0000000000 0 0 0 0 0 0 160 15 112 1 0 0 0 0 120120 152845.226
0.0000000000 0.0000000000 0 0 0 0 0 0 160 15 112 1 0 0 0 0 120120 152845.276
0.0000000000 0.0000000000 0 0 0 0 0 0 160 15 112 1 0 0 0 0 120120 152845.327
0.0000000000 0.0000000000 0 0 0 0 0 0 160 15 112 1 0 0 0 0 120120 152845.377
0.0000000000 0.0000000000 0 0 0 0 0 0 160 15 112 1 0 0 0 0 120120 152845.427
0.0000000000 0.0000000000 0 0 0 0 0 0 160 15 112 1 0 0 0 0 120120 152845.477
0.0000000000 0.0000000000 0 0 0 0 0 0 160 15 112 1 0 0 0 0 120120 152845.527
0.0000000000 0.0000000000 0 0 0 0 0 0 160 15 112 1 0 0 0 0 120120 152845.578
0.0000000000 0.0000000000 0 0 0 0 0 0 160 15 112 1 0 0 0 0 120120 152845.628
0.0000000000 0.0000000000 0 0 0 0 0 0 160 15 112 1 0 0 0 0 120120 152845.678
0.0000000000 0.0000000000 0 0 0 0 0 0 160 15 112 1 0 0 0 0 120120 152845.728
0.0000000000 0.0000000000 0 0 0 0 0 0 160 15 112 1 0 0 0 0 120120 152845.779
0.0000000000 0.0000000000 0 0 0 0 0 0 160 15 112 1 0 0 0 0 120120 152845.829
0.0000000000 0.0000000000 0 0 0 0 0 0 160 15 112 1 0 0 0 0 120120 152845.879
0.0000000000 0.0000000000 0 0 0 0 0 0 160 15 112 1 0 0 0 0 120120 152845.929
0.0000000000 0.0000000000 0 0 0 0 0 0 160 15 112 1 0 0 0 0 120120 152845.980
0.0000000000 0.0000000000 0 0 0 0 0 0 160 15 112 1 0 0 0 0 120120 152846.030
0.0000000000 0.0000000000 0 0 0 0 0 0 160 15 112 1 0 0 0 0 120120 152846.080
0.0000000000 0.0000000000 0 0 0 0 0 0 160 15 112 1 0 0 0 0 120120 152846.130
0.0000000000 0.0000000000 0 0 0 0 0 0 160 15 112 1 0 0 0 0 120120 152846.180
0.0000000000 0.0000000000 0 0 0 0 0 0 160 15 112 1 0 0 0 0 120120 152846.231
0.0000000000 0.0000000000 0 0 0 0 0 0 160 15 112 1 0 0 0 0 120120 152846.281
0.0000000000 0.0000000000 0 0 0 0 0 0 160 15 112 1 0 0 0 0 120120 152846.331
0.0000000000 0.0000000000 0 0 0 0 0 0 160 15 112 1 0 0 0 0 120120 152846.381
0.0000000000 0.0000000000 0 0 0 0 0 0 160 15 112 1 0 0 0 0 120120 152846.431
0.0000000000 0.0000000000 0 0 0 0 0 0 160 15 112 1 0 0 0 0 120120 152846.482
0.0000000000 0.0000000000 0 0 0 0 0 0 160 15 112 1 0 0 0 0 120120 152846.532
0.0000000000 0.0000000000 0 0 0 0 0 0 160 15 112 1 0 0 0 0 120120 152846.582
0.0000000000 0.0000000000 0 0 0 0 0 0 160 15 112 1 0 0 0 0 120120 152846.632
0.0000000000 0.0000000000 0 0 0 0 0 0 160 15 112 1 0 0 0 0 120120 152846.683
0.0000000000 0.0000000000 0 0 0 0 0 0 160 15 112 1 0 0 0 0 120120 152846.733
0.0000000000 0.0000000000 0 0 0 0 0 0 160 15 112 1 0 0 0 0 120120 152846.783
0.0000000000 0.0000000000 0 0 0 0 0 0 160 15 112 1 0 0 0 0 120120 152846.833
0.0000000000 0.0000000000 0 0 0 0 0 0 208 7 112 1 0 0 0 0 120120 152846.883
0.0000000000 0.0000000000 0 0 0 0 0 0 208 7 112 1 0 0 0 0 120120 152846.934
0.0000000000 0.0000000000 0 0 0 0 0 0 208 7 112 1 0 0 0 0 120120 152846.984
0.0000000000 0.0000000000 0 0 0 0 0 0 208 7 112 1 0 0 0 0 120120 152847.034
0.0000000000 0.0000000000 0 0 0 0 0 0 208 7 112 1 0 0 0 0 120120 152847.084
0.0000000000 0.0000000000 0 0 0 0 0 0 208 7 112 1 0 0 0 0 120120 152847.135
0.0000000000 0.0000000000 0 0 0 0 0 0 208 7 112 1 0 0 0 0 120120 152847.185
0.0000000000 0.0000000000 0 0 0 0 0 0 208 7 112 1 0 0 0 0 120120 152847.235
0.0000000000 0.0000000000 0 0 0 0 0 0 208 7 112 1 0 0 0 0 120120 152847.285
0.0000000000 0.0000000000 0 0 0 0 0 0 208 7 112 1 0 0 0 0 120120 152847.336
0.0000000000 0.0000000000 0 0 0 0 0 0 208 7 112 1 0 0 0 0 120120 152847.386
0.0000000000 0.0000000000 0 0 0 0 0 0 208 7 112 1 0 0 0 0 120120 152847.436
0.0000000000 0.0000000000 0 0 0 0 0 0 208 7 112 1 0 0 0 0 120120 152847.486
0.0000000000 0.0000000000 0 0 0 0 0 0 208 7 112 1 0 0 0 0 120120 152847.537
0.0000000000 0.0000000000 0 0 0 0 0 0 208 7 112 1 0 0 0 0 120120 152847.587
0.0000000000 0.0000000000 0 0 0 0 0 0 208 7 112 1 0 0 0 0 120120 152847.637
0.0000000000 0.0000000000 0 0 0 0 0 0 208 7 112 1 0 0 0 0 120120 152847.687
0.0000000000 0.0000000000 0 0 0 0 0 0 208 7 112 1 0 0 0 0 120120 152847.738
0.0000000000 0.0000000000 0 0 0 0 0 0 208 7 112 1 0 0 0 0 120120 152847.788
0.0000000000 0.0000000000 0 0 0 0 0 0 208 7 112 1 0 0 0 0 120120 152847.838
0.0000000000 0.0000000000 0 0 0 0 0 0 208 7 112 1 0 0 0 0 120120 152847.888
0.0000000000 0.0000000000 0 0 0 0 0 0 208 7 112 1 0 0 0 0 120120 152847.938
0.0000000000 0.0000000000 0 0 0 0 0 0 208 7 112 1 0 0 0 0 120120 152847.989
0.0000000000 0.0000000000 0 0 0 0 0 0 208 7 112 1 0 0 0 0 120120 152848.039
0.0000000000 0.0000000000 0 0 0 0 0 0 208 7 112 1 0 0 0 0 120120 152848.089
0.0000000000 0.0000000000 0 0 0 0 0 0 208 7 112 1 0 0 0 0 120120 152848.139
0.0000000000 0.0000000000 0 0 0 0 0 0 208 7 112 1 0 0 0 0 120120 152848.190
0.0000000000 0.0000000000 0 0 0 0 0 0 208 7 112 1 0 0 0 0 120120 152848.240
0.0000000000 0.0000000000 0 0 0 0 0 0 208 7 112 1 0 0 0 0 120120 152848.290
0.0000000000 0.0000000000 0 0 0 0 0 0 208 7 112 1 0 0 0 0 120120 152848.340
0.0000000000 0.0000000000 0 0 0 0 0 0 208 7 112 1 0 0 0 0 120120 152848.391
0.0000000000 0.0000000000 0 0 0 0 0 0 208 7 112 1 0 0 0 0 120120 152848.441
0.0000000000 0.0000000000 0 0 0 0 0 0 208 7 112 1 0 0 0 0 120120 152848.491
0.0000000000 0.0000000000 0 0 0 0 0 0 208 7 112 1 0 0 0 0 120120 152848.542
0.0000000000 0.0000000000 0 0 0 0 0 0 208 7 112 1 0 0 0 0 120120 152848.592
0.0000000000 0.0000000000 0 0 0 0 0 0 208 7 112 1 0 0 0 0 120120 152848.642
0.0000000000 0.0000000000 0 0 0 0 0 0 208 7 112 1 0 0 0 0 120120 152848.692
0.0000000000 0.0000000000 0 0 0 0 0 0 208 7 112 1 0 0 0 0 120120 152848.743
0.0000000000 0.0000000000 0 0 0 0 0 0 208 7 112 1 0 0 0 0 120120 152848.793
0.0000000000 0.0000000000 0 0 0 0 0 0 208 7 112 1 0 0 0 0 120120 152848.843
0.0000000000 0.0000000000 0 0 0 0 0 0 208 7 112 1 0 0 0 0 120120 152848.893
0.0000000000 0.0000000000 0 0 0 0 0 0 208 7 112 1 0 0 0 0 120120 152848.944
0.0000000000 0.0000000000 0 0 0 0 0 0 208 7 112 1 0 0 0 0 120120 152848.994
0.0000000000 0.0000000000 0 0 0 0 0 0 208 7 112 1 0 0 0 0 120120 152849.044
0.0000000000 0.0000000000 0 0 0 0 0 0 208 7 112 1 0 0 0 0 120120 152849.094
0.0000000000 0.0000000000 0 0 0 0 0 0 208 7 112 1 0 0 0 0 120120 152849.145
0.0000000000 0.0000000000 0 0 0 0 0 0 208 7 112 1 0 0 0 0 120120 152849.195
0.0000000000 0.0000000000 0 0 0 0 0 0 208 7 112 1 0 0 0 0 120120 152849.245
0.0000000000 0.0000000000 0 0 0 0 0 0 208 7 112 1 0 0 0 0 120120 152849.295
0.0000000000 0.0000000000 0 0 0 0 0 0 208 7 112 1 0 0 0 0 120120 152849.346
0.0000000000 0.0000000000 0 0 0 0 0 0 208 7 112 1 0 0 0 0 120120 152849.396
0.0000000000 0.0000000000 0 0 0 0 0 0 208 7 112 1 0 0 0 0 120120 152849.446
0.0000000000 0.0000000000 0 0 0 0 0 0 208 7 112 1 0 0 0 0 120120 152849.496
0.0000000000 0.0000000000 0 0 0 0 0 0 208 7 112 1 0 0 0 0 120120 152849.547
0.0000000000 0.0000000000 0 0 0 0 0 0 208 7 112 1 0 0 0 0 120120 152849.597
0.0000000000 0.0000000000 0 0 0 0 0 0 208 7 112 1 0 0 0 0 120120 152849.647
0.0000000000 0.0000000000 0 0 0 0 0 0 208 7 112 1 0 0 0 0 120120 152849.697
0.0000000000 0.0000000000 0 0 0 0 0 0 62 250 112 1 0 0 0 0 120120 152849.748
0.0000000000 0.0000000000 0 0 0 0 0 0 213 248 112 1 0 0 0 0 120120 152849.798
0.0000000000 0.0000000000 0 0 0 0 0 0 141 248 112 1 0 0 0 0 120120 152849.849
0.0000000000 0.0000000000 0 0 0 0 0 0 196 247 112 1 0 0 0 0 120120 152849.899
0.0000000000 0.0000000000 0 0 0 0 0 0 32 248 112 1 0 0 0 0 120120 152849.949
0.0000000000 0.0000000000 0 0 0 0 0 0 222 247 112 1 0 0 0 0 120120 152849.999
0.0000000000 0.0000000000 0 0 0 0 0 0 165 248 112 1 0 0 0 0 120120 152850.049
0.0000000000 0.0000000000 0 0 0 0 0 0 24 248 112 1 0 0 0 0 120120 152850.100
0.0000000000 0.0000000000 0 0 0 0 0 0 205 247 112 1 0 0 0 0 120120 152850.150
0.0000000000 0.0000000000 0 0 0 0 0 0 56 249 112 1 0 0 0 0 120120 152850.200
0.0000000000 0.0000000000 0 0 0 0 0 0 255 248 112 1 0 0 0 0 120120 152850.251
0.0000000000 0.0000000000 0 0 0 0 0 0 222 248 112 1 0 0 0 0 120120 152850.301
0.0000000000 0.0000000000 0 0 0 0 0 0 102 247 112 1 0 0 0 0 120120 152850.351
0.0000000000 0.0000000000 0 0 0 0 0 0 230 247 112 1 0 0 0 0 120120 152850.402
0.0000000000 0.0000000000 0 0 0 0 0 0 63 254 112 1 0 0 0 0 120120 152850.452
0.0000000000 0.0000000000 0 0 0 0 0 0 205 244 112 1 0 0 0 0 120120 152850.502
0.0000000000 0.0000000000 0 0 0 0 0 0 211 244 112 1 0 0 0 0 120120 152850.552
0.0000000000 0.0000000000 0 0 0 0 0 0 132 247 112 1 0 0 0 0 120120 152850.603
0.0000000000 0.0000000000 0 0 0 0 0 0 144 244 112 1 0 0 0 0 120120 152850.653
0.0000000000 0.0000000000 0 0 0 0 0 0 244 226 112 1 0 0 0 0 120120 152850.703
0.0000000000 0.0000000000 0 0 0 0 0 0 89 241 112 1 0 0 0 0 120120 152850.753
0.0000000000 0.0000000000 0 0 0 0 0 0 229 241 112 1 0 0 0 0 120120 152850.804
0.0000000000 0.0000000000 0 0 0 0 0 0 71 220 112 1 0 0 0 0 120120 152850.854
0.0000000000 0.0000000000 0 0 0 0 0 0 14 238 112 1 0 0 0 0 120120 152850.904
0.0000000000 0.0000000000 0 0 0 0 0 0 192 238 112 1 0 0 0 0 120120 152850.954
0.0000000000 0.0000000000 0 0 0 0 0 0 101 253 112 1 0 0 0 0 120120 152851.004
0.0000000000 0.0000000000 0 0 0 0 0 0 99 239 112 1 0 0 0 0 120120 152851.055
0.0000000000 0.0000000000 0 0 0 0 0 0 107 239 112 1 0 0 0 0 120120 152851.105
0.0000000000 0.0000000000 0 0 0 0 0 0 2 246 112 1 0 0 0 0 120120 152851.155
0.0000000000 0.0000000000 0 0 0 0 0 0 131 240 112 1 0 0 0 0 120120 152851.206
0.0000000000 0.0000000000 0 0 0 0 0 0 13 241 112 1 0 0 0 0 120120 152851.256
0.0000000000 0.0000000000 0 0 0 0 0 0 93 239 112 1 0 0 0 0 120120 152851.306
0.0000000000 0.0000000000 0 0 0 0 0 0 102 239 112 1 0 0 0 0 120120 152851.356
0.0000000000 0.0000000000 0 0 0 0 0 0 119 247 112 1 0 0 0 0 120120 152851.406
0.0000000000 0.0000000000 0 0 0 0 0 0 70 239 112 1 0 0 0 0 120120 152851.457
0.0000000000 0.0000000000 0 0 0 0 0 0 9 239 112 1 0 0 0 0 120120 152851.507
0.0000000000 0.0000000000 0 0 0 0 0 0 216 241 112 1 0 0 0 0 120120 152851.557
0.0000000000 0.0000000000 0 0 0 0 0 0 179 241 112 1 0 0 0 0 120120 152851.607
0.0000000000 0.0000000000 0 0 0 0 0 0 149 241 112 1 0 0 0 0 120120 152851.657
0.0000000000 0.0000000000 0 0 0 0 0 0 146 242 112 1 0 0 0 0 120120 152851.708
0.0000000000 0.0000000000 0 0 0 0 0 0 110 242 112 1 0 0 0 0 120120 152851.758
0.0000000000 0.0000000000 0 0 0 0 0 0 109 243 112 1 0 0 0 0 120120 152851.808
0.0000000000 0.0000000000 0 0 0 0 0 0 79 243 112 1 0 0 0 0 120120 152851.858
0.0000000000 0.0000000000 0 0 0 0 0 0 246 243 112 1 0 0 0 0 120120 152851.908
0.0000000000 0.0000000000 0 0 0 0 0 0 21 225 112 1 0 0 0 0 120120 152851.959
0.0000000000 0.0000000000 0 0 0 0 0 0 18 243 112 1 0 0 0 0 120120 152852.009
0.0000000000 0.0000000000 0 0 0 0 0 0 184 210 112 1 0 0 0 0 120120 152852.059
0.0000000000 0.0000000000 0 0 0 0 0 0 3 241 112 1 0 0 0 0 120120 152852.110
0.0000000000 0.0000000000 0 0 0 0 0 0 178 235 112 1 0 0 0 0 120120 152852.160
0.0000000000 0.0000000000 0 0 0 0 0 0 18 244 112 1 0 0 0 0 120120 152852.210
0.0000000000 0.0000000000 0 0 0 0 0 0 0 0 127 0 0 0 0 0 120120 152852.260
0.0000000000 0.0000000000 0 0 0 0 0 0 0 0 127 0 0 0 0 0 120120 152852.311
0.0000000000 0.0000000000 0 0 0 0 0 0 0 0 127 0 0 0 0 0 120120 152852.361
0.0000000000 0.0000000000 0 0 0 0 0 0 0 0 127 0 0 0 0 0 120120 152852.411
0.0000000000 0.0000000000 0 0 0 0 0 0 0 0 127 0 0 0 0 0 120120 152852.462
0.0000000000 0.0000000000 0 0 0 0 0 0 0 0 127 0 0 0 0 0 120120 152852.512
0.0000000000 0.0000000000 0 0 0 0 0 0 0 0 127 0 0 0 0 0 120120 152852.562
0.0000000000 0.0000000000 0 0 0 0 0 0 0 0 127 0 0 0 0 0 120120 152852.612
0.0000000000 0.0000000000 0 0 0 0 0 0 0 0 127 0 0 0 0 0 120120 152852.663
0.0000000000 0.0000000000 0 0 0 0 0 0 0 0 127 0 0 0 0 0 120120 152852.713
0.0000000000 0.0000000000 0 0 0 0 0 0 0 0 127 0 0 0 0 0 120120 152852.763
0.0000000000 0.0000000000 0 0 0 0 0 0 0 0 127 0 0 0 0 0 120120 152852.814
0.0000000000 0.0000000000 0 0 0 0 0 0 0 0 127 0 0 0 0 0 120120 152852.864
0.0000000000 0.0000000000 0 0 0 0 0 0 0 0 127 0 0 0 0 0 120120 152852.914
0.0000000000 0.0000000000 0 0 0 0 0 0 0 0 127 0 0 0 0 0 120120 152852.964
0.0000000000 0.0000000000 0 0 0 0 0 0 0 0 127 0 0 0 0 0 120120 152853.015
0.0000000000 0.0000000000 0 0 0 0 0 0 0 0 127 0 0 0 0 0 120120 152853.065
0.0000000000 0.0000000000 0 0 0 0 0 0 0 0 127 0 0 0 0 0 120120 152853.115
0.0000000000 0.0000000000 0 0 0 0 0 0 0 0 127 0 0 0 0 0 120120 152853.165
0.0000000000 0.0000000000 0 0 0 0 0 0 0 0 127 0 0 0 0 0 120120 152853.215
0.0000000000 0.0000000000 0 0 0 0 0 0 0 0 127 0 0 0 0 0 120120 152853.266
0.0000000000 0.0000000000 0 0 0 0 0 0 0 0 127 0 0 0 0 0 120120 152853.316
0.0000000000 0.0000000000 0 0 0 0 0 0 0 0 127 0 0 0 0 0 120120 152853.366
0.0000000000 0.0000000000 0 0 0 0 0 0 0 0 127 0 0 0 0 0 120120 152853.416
0.0000000000 0.0000000000 0 0 0 0 0 0 0 0 127 0 0 0 0 0 120120 152853.467
0.0000000000 0.0000000000 0 0 0 0 0 0 0 0 127 0 0 0 0 0 120120 152853.517
0.0000000000 0.0000000000 0 0 0 0 0 0 0 0 127 0 0 0 0 0 120120 152853.567
0.0000000000 0.0000000000 0 0 0 0 0 0 0 0 127 0 0 0 0 0 120120 152853.618
0.0000000000 0.0000000000 0 0 0 0 0 0 0 0 127 0 0 0 0 0 120120 152853.668
0.0000000000 0.0000000000 0 0 0 0 0 0 0 0 127 0 0 0 0 0 120120 152853.718
0.0000000000 0.0000000000 0 0 0 0 0 0 0 0 127 0 0 0 0 0 120120 152853.768
0.0000000000 0.0000000000 0 0 0 0 0 0 0 0 127 0 0 0 0 0 120120 152853.819
0.0000000000 0.0000000000 0 0 0 0 0 0 0 0 127 0 0 0 0 0 120120 152853.869
0.0000000000 0.0000000000 0 0 0 0 0 0 0 0 127 0 0 0 0 0 120120 152853.919
0.0000000000 0.0000000000 0 0 0 0 0 0 0 0 127 0 0 0 0 0 120120 152853.970
0.0000000000 0.0000000000 0 0 0 0 0 0 0 0 127 0 0 0 0 0 120120 152854.020
0.0000000000 0.0000000000 0 0 0 0 0 0 0 0 127 0 0 0 0 0 120120 152854.070
0.0000000000 0.0000000000 0 0 0 0 0 0 0 0 127 0 0 0 0 0 120120 152854.120
0.0000000000 0.0000000000 0 0 0 0 0 0 0 0 127 0 0 0 0 0 120120 152854.171
0.0000000000 0.0000000000 0 0 0 0 0 0 0 0 127 0 0 0 0 0 120120 152854.221
0.0000000000 0.0000000000 0 0 0 0 0 0 0 0 127 0 0 0 0 0 120120 152854.271
0.0000000000 0.0000000000 0 0 0 0 0 0 0 0 127 0 0 0 0 0 120120 152854.321
0.0000000000 0.0000000000 0 0 0 0 0 0 0 0 127 0 0 0 0 0 120120 152854.372
0.0000000000 0.0000000000 0 0 0 0 0 0 0 0 127 0 0 0 0 0 120120 152854.422
0.0000000000 0.0000000000 0 0 0 0 0 0 0 0 127 0 0 0 0 0 120120 152854.472
0.0000000000 0.0000000000 0 0 0 0 0 0 0 0 127 0 0 0 0 0 120120 152854.522
0.0000000000 0.0000000000 0 0 0 0 0 0 0 0 127 0 0 0 0 0 120120 152854.572
0.0000000000 0.0000000000 0 0 0 0 0 0 0 0 127 0 0 0 0 0 120120 152854.623
0.0000000000 0.0000000000 0 0 0 0 0 0 0 0 127 0 0 0 0 0 120120 152854.673
0.0000000000 0.0000000000 0 0 0 0 0 0 0 0 127 0 0 0 0 0 120120 152854.723
0.0000000000 0.0000000000 0 0 0 0 0 0 0 0 127 0 0 0 0 0 120120 152854.773
0.0000000000 0.0000000000 0 0 0 0 0 0 0 0 127 0 0 0 0 0 120120 152854.824
0.0000000000 0.0000000000 0 0 0 0 0 0 0 0 127 0 0 0 0 0 120120 152854.874
0.0000000000 0.0000000000 0 0 0 0 0 0 0 0 127 0 0 0 0 0 120120 152854.924
0.0000000000 0.0000000000 0 0 0 0 0 0 0 0 127 0 0 0 0 0 120120 152854.974
0.0000000000 0.0000000000 0 0 0 0 0 0 0 0 127 0 0 0 0 0 120120 152855.025
0.0000000000 0.0000000000 0 0 0 0 0 0 0 0 127 0 0 0 0 0 120120 152855.075
0.0000000000 0.0000000000 0 0 0 0 0 0 0 0 127 0 0 0 0 0 120120 152855.125
0.0000000000 0.0000000000 0 0 0 0 0 0 0 0 127 0 0 0 0 0 120120 152855.176
0.0000000000 0.0000000000 0 0 0 0 0 0 0 0 127 0 0 0 0 0 120120 152855.226
0.0000000000 0.0000000000 0 0 0 0 0 0 0 0 127 0 0 0 0 0 120120 152855.276
0.0000000000 0.0000000000 0 0 0 0 0 0 0 0 127 0 0 0 0 0 120120 152855.326
0.0000000000 0.0000000000 0 0 0 0 0 0 0 0 127 0 0 0 0 0 120120 152855.376
0.0000000000 0.0000000000 0 0 0 0 0 0 0 0 127 0 0 0 0 0 120120 152855.427
0.0000000000 0.0000000000 0 0 0 0 0 0 0 0 127 0 0 0 0 0 120120 152855.477
0.0000000000 0.0000000000 0 0 0 0 0 0 0 0 127 0 0 0 0 0 120120 152855.528
0.0000000000 0.0000000000 0 0 0 0 0 0 0 0 127 0 0 0 0 0 120120 152855.578
0.0000000000 0.0000000000 0 0 0 0 0 0 0 0 127 0 0 0 0 0 120120 152855.628
0.0000000000 0.0000000000 0 0 0 0 0 0 0 0 127 0 0 0 0 0 120120 152855.678
0.0000000000 0.0000000000 0 0 0 0 0 0 0 0 127 0 0 0 0 0 120120 152855.729
0.0000000000 0.0000000000 0 0 0 0 0 0 0 0 127 0 0 0 0 0 120120 152855.779
0.0000000000 0.0000000000 0 0 0 0 0 0 0 0 127 0 0 0 0 0 120120 152855.829
0.0000000000 0.0000000000 0 0 0 0 0 0 0 0 127 0 0 0 0 0 120120 152855.879
0.0000000000 0.0000000000 0 0 0 0 0 0 0 0 127 0 0 0 0 0 120120 152855.930
0.0000000000 0.0000000000 0 0 0 0 0 0 0 0 127 0 0 0 0 0 120120 152855.980
0.0000000000 0.0000000000 0 0 0 0 0 0 0 0 127 0 0 0 0 0 120120 152856.030
0.0000000000 0.0000000000 0 0 0 0 0 0 0 0 127 0 0 0 0 0 120120 152856.080
0.0000000000 0.0000000000 0 0 0 0 0 0 0 0 127 0 0 0 0 0 120120 152856.130
0.0000000000 0.0000000000 0 0 0 0 0 0 0 0 127 0 0 0 0 0 120120 152856.181
0.0000000000 0.0000000000 0 0 0 0 0 0 0 0 127 0 0 0 0 0 120120 152856.231
0.0000000000 0.0000000000 0 0 0 0 0 0 0 0 127 0 0 0 0 0 120120 152856.281
0.0000000000 0.0000000000 0 0 0 0 0 0 0 0 127 0 0 0 0 0 120120 152856.331
0.0000000000 0.0000000000 0 0 0 0 0 0 0 0 127 0 0 0 0 0 120120 152856.382
0.0000000000 0.0000000000 0 0 0 0 0 0 0 0 127 0 0 0 0 0 120120 152856.432
0.0000000000 0.0000000000 0 0 0 0 0 0 0 0 127 0 0 0 0 0 120120 152856.482
0.0000000000 0.0000000000 0 0 0 0 0 0 0 0 127 0 0 0 0 0 120120 152856.532
0.0000000000 0.0000000000 0 0 0 0 0 0 0 0 127 0 0 0 0 0 120120 152856.583
0.0000000000 0.0000000000 0 0 0 0 0 0 0 0 127 0 0 0 0 0 120120 152856.633
0.0000000000 0.0000000000 0 0 0 0 0 0 0 0 127 0 0 0 0 0 120120 152856.683
0.0000000000 0.0000000000 0 0 0 0 0 0 0 0 127 0 0 0 0 0 120120 152856.733
0.0000000000 0.0000000000 0 0 0 0 0 0 0 0 127 0 0 0 0 0 120120 152856.784
0.0000000000 0.0000000000 0 0 0 0 0 0 0 0 127 0 0 0 0 0 120120 152856.834
0.0000000000 0.0000000000 0 0 0 0 0 0 0 0 127 0 0 0 0 0 120120 152856.884
0.0000000000 0.0000000000 0 0 0 0 0 0 0 0 127 0 0 0 0 0 120120 152856.935
