0.0000000000 0.0000000000 0 0 0 0 0 0 213 239 112 1 0 0 0 0 231219 201021.815
0.0000000000 0.0000000000 0 0 0 0 0 0 230 239 112 1 0 0 0 0 231219 201022.015
0.0000000000 0.0000000000 0 0 0 0 0 0 40 240 112 1 0 0 0 0 231219 201022.215
0.0000000000 0.0000000000 0 0 0 0 0 0 231 239 112 1 0 0 0 0 231219 201022.415
0.0000000000 0.0000000000 0 0 0 0 0 0 235 239 112 1 0 0 0 0 231219 201022.616
0.0000000000 0.0000000000 0 0 0 0 0 0 222 239 112 1 0 0 0 0 231219 201022.816
0.0000000000 0.0000000000 0 0 0 0 0 0 209 239 112 1 0 0 0 0 231219 201023.016
0.0000000000 0.0000000000 0 0 0 0 0 0 148 240 112 1 0 0 0 0 231219 201023.216
0.0000000000 0.0000000000 0 0 0 0 0 0 241 239 112 1 0 0 0 0 231219 201023.416
0.0000000000 0.0000000000 0 0 0 0 0 0 148 240 112 1 0 0 0 0 231219 201023.616
0.0000000000 0.0000000000 0 0 0 0 0 0 21 241 112 1 0 0 0 0 231219 201023.817
0.0000000000 0.0000000000 0 0 0 0 0 0 50 241 112 1 0 0 0 0 231219 201024.017
0.0000000000 0.0000000000 0 0 0 0 0 0 190 240 112 1 0 0 0 0 231219 201024.217
0.0000000000 0.0000000000 0 0 0 0 0 0 152 239 112 1 0 0 0 0 231219 201024.417
0.0000000000 0.0000000000 0 0 0 0 0 0 221 252 112 1 0 0 0 0 231219 201024.617
0.0000000000 0.0000000000 0 0 0 0 0 0 179 241 112 1 0 0 0 0 231219 201024.817
0.0000000000 0.0000000000 0 0 0 0 0 0 245 241 112 1 0 0 0 0 231219 201025.018
0.0000000000 0.0000000000 0 0 0 0 0 0 140 248 112 1 0 0 0 0 231219 201025.218
0.0000000000 0.0000000000 0 0 0 0 0 0 185 245 112 1 0 0 0 0 231219 201025.418
0.0000000000 0.0000000000 0 0 0 0 0 0 110 244 112 1 0 0 0 0 231219 201025.618
0.0000000000 0.0000000000 0 0 0 0 0 0 170 244 112 1 0 0 0 0 231219 201025.819
0.0000000000 0.0000000000 0 0 0 0 0 0 171 244 112 1 0 0 0 0 231219 201026.019
0.0000000000 0.0000000000 0 0 0 0 0 0 69 244 112 1 0 0 0 0 231219 201026.219
0.0000000000 0.0000000000 0 0 0 0 0 0 225 244 112 1 0 0 0 0 231219 201026.419
0.0000000000 0.0000000000 0 0 0 0 0 0 192 244 112 1 0 0 0 0 231219 201026.620
0.0000000000 0.0000000000 0 0 0 0 0 0 201 245 112 1 0 0 0 0 231219 201026.820
0.0000000000 0.0000000000 0 0 0 0 0 0 94 246 112 1 0 0 0 0 231219 201027.020
0.0000000000 0.0000000000 0 0 0 0 0 0 250 249 112 1 0 0 0 0 231219 201027.220
0.0000000000 0.0000000000 0 0 0 0 0 0 48 251 112 1 0 0 0 0 231219 201027.421
0.0000000000 0.0000000000 0 0 0 0 0 0 104 251 112 1 0 0 0 0 231219 201027.621
0.0000000000 0.0000000000 0 0 0 0 0 0 0 0 112 1 0 0 0 0 231219 201027.821
0.0000000000 0.0000000000 0 0 0 0 0 0 0 0 112 1 0 0 0 0 231219 201028.021
0.0000000000 0.0000000000 0 0 0 0 0 0 0 0 112 1 0 0 0 0 231219 201028.222
0.0000000000 0.0000000000 0 0 0 0 0 0 0 0 112 1 0 0 0 0 231219 201028.422
0.0000000000 0.0000000000 0 0 0 0 0 0 0 0 127 0 0 0 0 0 231219 201028.622
0.0000000000 0.0000000000 0 0 0 0 0 0 0 0 127 0 0 0 0 0 231219 201028.822
0.0000000000 0.0000000000 0 0 0 0 0 0 0 0 127 0 0 0 0 0 231219 201029.023
0.0000000000 0.0000000000 0 0 0 0 0 0 0 0 127 0 0 0 0 0 231219 201029.223
0.0000000000 0.0000000000 0 0 0 0 0 0 0 0 127 0 0 0 0 0 231219 201029.423
0.0000000000 0.0000000000 0 0 0 0 0 0 0 0 127 0 0 0 0 0 231219 201029.623
0.0000000000 0.0000000000 0 0 0 0 0 0 0 0 127 0 0 0 0 0 231219 201029.824
0.0000000000 0.0000000000 0 0 0 0 0 0 0 0 127 0 0 0 0 0 231219 201030.024
0.0000000000 0.0000000000 0 0 0 0 0 0 0 0 127 0 0 0 0 0 231219 201030.224
0.0000000000 0.0000000000 0 0 0 0 0 0 0 0 127 0 0 0 0 0 231219 201030.425
