0.0000000000 0.0000000000 0 0 0 0 0 0 0 0 112 1 0 0 0 0 231119 155553.392
0.0000000000 0.0000000000 0 0 0 0 0 0 0 0 112 1 0 0 0 0 231119 155553.592
0.0000000000 0.0000000000 0 0 0 0 0 0 0 0 112 1 0 0 0 0 231119 155553.792
0.0000000000 0.0000000000 0 0 0 0 0 0 0 0 112 1 0 0 0 0 231119 155553.992
0.0000000000 0.0000000000 0 0 0 0 0 0 0 0 112 1 0 0 0 0 231119 155554.192
0.0000000000 0.0000000000 0 0 0 0 0 0 0 0 112 1 0 0 0 0 231119 155554.393
0.0000000000 0.0000000000 0 0 0 0 0 0 0 0 112 1 0 0 0 0 231119 155554.593
0.0000000000 0.0000000000 0 0 0 0 0 0 0 0 112 1 0 0 0 0 231119 155554.793
0.0000000000 0.0000000000 0 0 0 0 0 0 0 0 112 1 0 0 0 0 231119 155554.993
0.0000000000 0.0000000000 0 0 0 0 0 0 0 0 112 1 0 0 0 0 231119 155555.193
0.0000000000 0.0000000000 0 0 0 0 0 0 0 0 112 1 0 0 0 0 231119 155555.394
0.0000000000 0.0000000000 0 0 0 0 0 0 0 0 112 1 0 0 0 0 231119 155555.594
0.0000000000 0.0000000000 0 0 0 0 0 0 0 0 112 1 0 0 0 0 231119 155555.794
0.0000000000 0.0000000000 0 0 0 0 0 0 0 0 112 1 0 0 0 0 231119 155555.994
0.0000000000 0.0000000000 0 0 0 0 0 0 0 0 112 1 0 0 0 0 231119 155556.195
0.0000000000 0.0000000000 0 0 0 0 0 0 0 0 112 1 0 0 0 0 231119 155556.395
0.0000000000 0.0000000000 0 0 0 0 0 0 0 0 112 1 0 0 0 0 231119 155556.595
0.0000000000 0.0000000000 0 0 0 0 0 0 0 0 112 1 0 0 0 0 231119 155556.795
0.0000000000 0.0000000000 0 0 0 0 0 0 0 0 112 1 0 0 0 0 231119 155556.995
0.0000000000 0.0000000000 0 0 0 0 0 0 0 0 112 1 0 0 0 0 231119 155557.195
0.0000000000 0.0000000000 0 0 0 0 0 0 0 0 112 1 0 0 0 0 231119 155557.395
0.0000000000 0.0000000000 0 0 0 0 0 0 0 0 112 1 0 0 0 0 231119 155557.596
0.0000000000 0.0000000000 0 0 0 0 0 0 0 0 112 1 0 0 0 0 231119 155557.796
0.0000000000 0.0000000000 0 0 0 0 0 0 0 0 112 1 0 0 0 0 231119 155557.996
0.0000000000 0.0000000000 0 0 0 0 0 0 0 0 112 1 0 0 0 0 231119 155558.196
0.0000000000 0.0000000000 0 0 0 0 0 0 0 0 112 1 0 0 0 0 231119 155558.396
0.0000000000 0.0000000000 0 0 0 0 0 0 0 0 112 1 0 0 0 0 231119 155558.596
0.0000000000 0.0000000000 0 0 0 0 0 0 0 0 112 1 0 0 0 0 231119 155558.797
0.0000000000 0.0000000000 0 0 0 0 0 0 0 0 112 1 0 0 0 0 231119 155558.997
0.0000000000 0.0000000000 0 0 0 0 0 0 0 0 112 1 0 0 0 0 231119 155559.197
0.0000000000 0.0000000000 0 0 0 0 0 0 0 0 112 1 0 0 0 0 231119 155559.397
0.0000000000 0.0000000000 0 0 0 0 0 0 0 0 112 1 0 0 0 0 231119 155559.598
0.0000000000 0.0000000000 0 0 0 0 0 0 0 0 112 1 0 0 0 0 231119 155559.798
0.0000000000 0.0000000000 0 0 0 0 0 0 0 0 112 1 0 0 0 0 231119 155559.998
0.0000000000 0.0000000000 0 0 0 0 0 0 0 0 112 1 0 0 0 0 231119 155600.198
0.0000000000 0.0000000000 0 0 0 0 0 0 0 0 112 1 0 0 0 0 231119 155600.398
0.0000000000 0.0000000000 0 0 0 0 0 0 0 0 112 1 0 0 0 0 231119 155600.599
0.0000000000 0.0000000000 0 0 0 0 0 0 0 0 112 1 0 0 0 0 231119 155600.799
0.0000000000 0.0000000000 0 0 0 0 0 0 0 0 112 1 0 0 0 0 231119 155600.999
0.0000000000 0.0000000000 0 0 0 0 0 0 0 0 112 1 0 0 0 0 231119 155601.199
0.0000000000 0.0000000000 0 0 0 0 0 0 0 0 112 1 0 0 0 0 231119 155601.399
0.0000000000 0.0000000000 0 0 0 0 0 0 0 0 112 1 0 0 0 0 231119 155601.599
0.0000000000 0.0000000000 0 0 0 0 0 0 0 0 112 1 0 0 0 0 231119 155601.800
0.0000000000 0.0000000000 0 0 0 0 0 0 0 0 112 1 0 0 0 0 231119 155602.000
0.0000000000 0.0000000000 0 0 0 0 0 0 0 0 112 1 0 0 0 0 231119 155602.200
0.0000000000 0.0000000000 0 0 0 0 0 0 0 0 112 1 0 0 0 0 231119 155602.400
0.0000000000 0.0000000000 0 0 0 0 0 0 0 0 112 1 0 0 0 0 231119 155602.600
0.0000000000 0.0000000000 0 0 0 0 0 0 0 0 112 1 0 0 0 0 231119 155602.801
0.0000000000 0.0000000000 0 0 0 0 0 0 0 0 112 1 0 0 0 0 231119 155603.001
0.0000000000 0.0000000000 0 0 0 0 0 0 0 0 112 1 0 0 0 0 231119 155603.201
0.0000000000 0.0000000000 0 0 0 0 0 0 0 0 112 1 0 0 0 0 231119 155603.401
0.0000000000 0.0000000000 0 0 0 0 0 0 0 0 112 1 0 0 0 0 231119 155603.601
0.0000000000 0.0000000000 0 0 0 0 0 0 0 0 112 1 0 0 0 0 231119 155603.802
0.0000000000 0.0000000000 0 0 0 0 0 0 0 0 112 1 0 0 0 0 231119 155604.002
0.0000000000 0.0000000000 0 0 0 0 0 0 0 0 112 1 0 0 0 0 231119 155604.202
0.0000000000 0.0000000000 0 0 0 0 0 0 0 0 112 1 0 0 0 0 231119 155604.402
0.0000000000 0.0000000000 0 0 0 0 0 0 0 0 112 1 0 0 0 0 231119 155604.602
0.0000000000 0.0000000000 0 0 0 0 0 0 0 0 112 1 0 0 0 0 231119 155604.802
0.0000000000 0.0000000000 0 0 0 0 0 0 0 0 112 1 0 0 0 0 231119 155605.003
0.0000000000 0.0000000000 0 0 0 0 0 0 0 0 112 1 0 0 0 0 231119 155605.203
0.0000000000 0.0000000000 0 0 0 0 0 0 0 0 112 1 0 0 0 0 231119 155605.403
0.0000000000 0.0000000000 0 0 0 0 0 0 0 0 112 1 0 0 0 0 231119 155605.603
0.0000000000 0.0000000000 0 0 0 0 0 0 0 0 112 1 0 0 0 0 231119 155605.803
0.0000000000 0.0000000000 0 0 0 0 0 0 0 0 112 1 0 0 0 0 231119 155606.004
0.0000000000 0.0000000000 0 0 0 0 0 0 0 0 112 1 0 0 0 0 231119 155606.204
0.0000000000 0.0000000000 0 0 0 0 0 0 0 0 112 1 0 0 0 0 231119 155606.404
0.0000000000 0.0000000000 0 0 0 0 0 0 0 0 112 1 0 0 0 0 231119 155606.604
0.0000000000 0.0000000000 0 0 0 0 0 0 0 0 112 1 0 0 0 0 231119 155606.804
0.0000000000 0.0000000000 0 0 0 0 0 0 0 0 112 1 0 0 0 0 231119 155607.004
0.0000000000 0.0000000000 0 0 0 0 0 0 0 0 112 1 0 0 0 0 231119 155607.205
0.0000000000 0.0000000000 0 0 0 0 0 0 0 0 112 1 0 0 0 0 231119 155607.405
0.0000000000 0.0000000000 0 0 0 0 0 0 0 0 112 1 0 0 0 0 231119 155607.605
0.0000000000 0.0000000000 0 0 0 0 0 0 0 0 112 1 0 0 0 0 231119 155607.805
0.0000000000 0.0000000000 0 0 0 0 0 0 0 0 112 1 0 0 0 0 231119 155608.005
0.0000000000 0.0000000000 0 0 0 0 0 0 0 0 112 1 0 0 0 0 231119 155608.206
0.0000000000 0.0000000000 0 0 0 0 0 0 0 0 112 1 0 0 0 0 231119 155608.406
0.0000000000 0.0000000000 0 0 0 0 0 0 0 0 112 1 0 0 0 0 231119 155608.606
0.0000000000 0.0000000000 0 0 0 0 0 0 0 0 112 1 0 0 0 0 231119 155608.806
0.0000000000 0.0000000000 0 0 0 0 0 0 0 0 112 1 0 0 0 0 231119 155609.006
0.0000000000 0.0000000000 0 0 0 0 0 0 0 0 112 1 0 0 0 0 231119 155609.207
0.0000000000 0.0000000000 0 0 0 0 0 0 0 0 112 1 0 0 0 0 231119 155609.407
0.0000000000 0.0000000000 0 0 0 0 0 0 0 0 112 1 0 0 0 0 231119 155609.607
0.0000000000 0.0000000000 0 0 0 0 0 0 0 0 112 1 0 0 0 0 231119 155609.807
0.0000000000 0.0000000000 0 0 0 0 0 0 0 0 112 1 0 0 0 0 231119 155610.007
0.0000000000 0.0000000000 0 0 0 0 0 0 0 0 112 1 0 0 0 0 231119 155610.208
0.0000000000 0.0000000000 0 0 0 0 0 0 0 0 112 1 0 0 0 0 231119 155610.408
0.0000000000 0.0000000000 0 0 0 0 0 0 0 0 112 1 0 0 0 0 231119 155610.608
0.0000000000 0.0000000000 0 0 0 0 0 0 0 0 112 1 0 0 0 0 231119 155610.808
0.0000000000 0.0000000000 0 0 0 0 0 0 0 0 112 1 0 0 0 0 231119 155611.008
0.0000000000 0.0000000000 0 0 0 0 0 0 0 0 112 1 0 0 0 0 231119 155611.208
0.0000000000 0.0000000000 0 0 0 0 0 0 0 0 112 1 0 0 0 0 231119 155611.409
0.0000000000 0.0000000000 0 0 0 0 0 0 0 0 112 1 0 0 0 0 231119 155611.609
0.0000000000 0.0000000000 0 0 0 0 0 0 0 0 112 1 0 0 0 0 231119 155611.809
0.0000000000 0.0000000000 0 0 0 0 0 0 0 0 112 1 0 0 0 0 231119 155612.009
0.0000000000 0.0000000000 0 0 0 0 0 0 123 237 112 1 0 0 0 0 231119 155612.209
0.0000000000 0.0000000000 0 0 0 0 0 0 210 244 112 1 0 0 0 0 231119 155612.409
0.0000000000 0.0000000000 0 0 0 0 0 0 164 243 112 1 0 0 0 0 231119 155612.610
0.0000000000 0.0000000000 0 0 0 0 0 0 244 232 112 1 0 0 0 0 231119 155612.810
0.0000000000 0.0000000000 0 0 0 0 0 0 126 240 112 1 0 0 0 0 231119 155613.010
0.0000000000 0.0000000000 0 0 0 0 0 0 74 240 112 1 0 0 0 0 231119 155613.210
0.0000000000 0.0000000000 0 0 0 0 0 0 140 238 112 1 0 0 0 0 231119 155613.410
0.0000000000 0.0000000000 0 0 0 0 0 0 42 235 112 1 0 0 0 0 231119 155613.610
0.0000000000 0.0000000000 0 0 0 0 0 0 68 235 112 1 0 0 0 0 231119 155613.811
0.0000000000 0.0000000000 0 0 0 0 0 0 188 228 112 1 0 0 0 0 231119 155614.011
0.0000000000 0.0000000000 0 0 0 0 0 0 216 227 112 1 0 0 0 0 231119 155614.211
0.0000000000 0.0000000000 0 0 0 0 0 0 150 235 112 1 0 0 0 0 231119 155614.411
0.0000000000 0.0000000000 0 0 0 0 0 0 60 232 112 1 0 0 0 0 231119 155614.611
0.0000000000 0.0000000000 0 0 0 0 0 0 11 237 112 1 0 0 0 0 231119 155614.811
0.0000000000 0.0000000000 0 0 0 0 0 0 20 224 112 1 0 0 0 0 231119 155615.012
0.0000000000 0.0000000000 0 0 0 0 0 0 197 228 112 1 0 0 0 0 231119 155615.212
0.0000000000 0.0000000000 0 0 0 0 0 0 107 229 112 1 0 0 0 0 231119 155615.412
0.0000000000 0.0000000000 0 0 0 0 0 0 237 228 112 1 0 0 0 0 231119 155615.612
0.0000000000 0.0000000000 0 0 0 0 0 0 42 227 112 1 0 0 0 0 231119 155615.813
0.0000000000 0.0000000000 0 0 0 0 0 0 67 229 112 1 0 0 0 0 231119 155616.013
0.0000000000 0.0000000000 0 0 0 0 0 0 145 221 112 1 0 0 0 0 231119 155616.213
0.0000000000 0.0000000000 0 0 0 0 0 0 231 221 112 1 0 0 0 0 231119 155616.413
0.0000000000 0.0000000000 0 0 0 0 0 0 74 227 112 1 0 0 0 0 231119 155616.613
0.0000000000 0.0000000000 0 0 0 0 0 0 227 220 112 1 0 0 0 0 231119 155616.813
0.0000000000 0.0000000000 0 0 0 0 0 0 113 222 112 1 0 0 0 0 231119 155617.014
0.0000000000 0.0000000000 0 0 0 0 0 0 35 219 112 1 0 0 0 0 231119 155617.214
0.0000000000 0.0000000000 0 0 0 0 0 0 60 227 112 1 0 0 0 0 231119 155617.414
0.0000000000 0.0000000000 0 0 0 0 0 0 24 225 112 1 0 0 0 0 231119 155617.614
0.0000000000 0.0000000000 0 0 0 0 0 0 88 225 112 1 0 0 0 0 231119 155617.814
0.0000000000 0.0000000000 0 0 0 0 0 0 166 221 112 1 0 0 0 0 231119 155618.014
0.0000000000 0.0000000000 0 0 0 0 0 0 26 223 112 1 0 0 0 0 231119 155618.214
0.0000000000 0.0000000000 0 0 0 0 0 0 23 210 112 1 0 0 0 0 231119 155618.415
0.0000000000 0.0000000000 0 0 0 0 0 0 57 225 112 1 0 0 0 0 231119 155618.615
0.0000000000 0.0000000000 0 0 0 0 0 0 24 224 112 1 0 0 0 0 231119 155618.815
0.0000000000 0.0000000000 0 0 0 0 0 0 39 224 112 1 0 0 0 0 231119 155619.015
0.0000000000 0.0000000000 0 0 0 0 0 0 133 220 112 1 0 0 0 0 231119 155619.215
0.0000000000 0.0000000000 0 0 0 0 0 0 12 218 112 1 0 0 0 0 231119 155619.416
0.0000000000 0.0000000000 0 0 0 0 0 0 247 216 112 1 0 0 0 0 231119 155619.616
0.0000000000 0.0000000000 0 0 0 0 0 0 164 216 112 1 0 0 0 0 231119 155619.816
0.0000000000 0.0000000000 0 0 0 0 0 0 164 218 112 1 0 0 0 0 231119 155620.016
0.0000000000 0.0000000000 0 0 0 0 0 0 206 222 112 1 0 0 0 0 231119 155620.217
0.0000000000 0.0000000000 0 0 0 0 0 0 43 221 112 1 0 0 0 0 231119 155620.417
0.0000000000 0.0000000000 0 0 0 0 0 0 130 219 112 1 0 0 0 0 231119 155620.617
0.0000000000 0.0000000000 0 0 0 0 0 0 71 215 112 1 0 0 0 0 231119 155620.817
0.0000000000 0.0000000000 0 0 0 0 0 0 14 222 112 1 0 0 0 0 231119 155621.017
0.0000000000 0.0000000000 0 0 0 0 0 0 18 213 112 1 0 0 0 0 231119 155621.218
0.0000000000 0.0000000000 0 0 0 0 0 0 67 214 112 1 0 0 0 0 231119 155621.418
0.0000000000 0.0000000000 0 0 0 0 0 0 46 216 112 1 0 0 0 0 231119 155621.618
0.0000000000 0.0000000000 0 0 0 0 0 0 232 215 112 1 0 0 0 0 231119 155621.818
0.0000000000 0.0000000000 0 0 0 0 0 0 133 217 112 1 0 0 0 0 231119 155622.019
0.0000000000 0.0000000000 0 0 0 0 0 0 233 214 112 1 0 0 0 0 231119 155622.219
0.0000000000 0.0000000000 0 0 0 0 0 0 211 213 112 1 0 0 0 0 231119 155622.419
0.0000000000 0.0000000000 0 0 0 0 0 0 90 215 112 1 0 0 0 0 231119 155622.619
0.0000000000 0.0000000000 0 0 0 0 0 0 97 211 112 1 0 0 0 0 231119 155622.820
0.0000000000 0.0000000000 0 0 0 0 0 0 136 213 112 1 0 0 0 0 231119 155623.020
0.0000000000 0.0000000000 0 0 0 0 0 0 76 219 112 1 0 0 0 0 231119 155623.220
0.0000000000 0.0000000000 0 0 0 0 0 0 241 213 112 1 0 0 0 0 231119 155623.420
0.0000000000 0.0000000000 0 0 0 0 0 0 82 216 112 1 0 0 0 0 231119 155623.620
0.0000000000 0.0000000000 0 0 0 0 0 0 188 220 112 1 0 0 0 0 231119 155623.821
0.0000000000 0.0000000000 0 0 0 0 0 0 140 209 112 1 0 0 0 0 231119 155624.021
0.0000000000 0.0000000000 0 0 0 0 0 0 136 210 112 1 0 0 0 0 231119 155624.221
0.0000000000 0.0000000000 0 0 0 0 0 0 97 215 112 1 0 0 0 0 231119 155624.421
0.0000000000 0.0000000000 0 0 0 0 0 0 234 212 112 1 0 0 0 0 231119 155624.621
0.0000000000 0.0000000000 0 0 0 0 0 0 209 215 112 1 0 0 0 0 231119 155624.821
0.0000000000 0.0000000000 0 0 0 0 0 0 103 215 112 1 0 0 0 0 231119 155625.022
0.0000000000 0.0000000000 0 0 0 0 0 0 252 214 112 1 0 0 0 0 231119 155625.222
0.0000000000 0.0000000000 0 0 0 0 0 0 145 214 112 1 0 0 0 0 231119 155625.422
0.0000000000 0.0000000000 0 0 0 0 0 0 167 215 112 1 0 0 0 0 231119 155625.622
0.0000000000 0.0000000000 0 0 0 0 0 0 82 216 112 1 0 0 0 0 231119 155625.822
0.0000000000 0.0000000000 0 0 0 0 0 0 169 214 112 1 0 0 0 0 231119 155626.023
0.0000000000 0.0000000000 0 0 0 0 0 0 139 213 112 1 0 0 0 0 231119 155626.223
0.0000000000 0.0000000000 0 0 0 0 0 0 250 216 112 1 0 0 0 0 231119 155626.423
0.0000000000 0.0000000000 0 0 0 0 0 0 162 212 112 1 0 0 0 0 231119 155626.623
0.0000000000 0.0000000000 0 0 0 0 0 0 235 211 112 1 0 0 0 0 231119 155626.823
0.0000000000 0.0000000000 0 0 0 0 0 0 241 216 112 1 0 0 0 0 231119 155627.023
0.0000000000 0.0000000000 0 0 0 0 0 0 2 211 112 1 0 0 0 0 231119 155627.223
0.0000000000 0.0000000000 0 0 0 0 0 0 42 220 112 1 0 0 0 0 231119 155627.424
0.0000000000 0.0000000000 0 0 0 0 0 0 212 216 112 1 0 0 0 0 231119 155627.624
0.0000000000 0.0000000000 0 0 0 0 0 0 184 216 112 1 0 0 0 0 231119 155627.824
0.0000000000 0.0000000000 0 0 0 0 0 0 158 214 112 1 0 0 0 0 231119 155628.024
0.0000000000 0.0000000000 0 0 0 0 0 0 91 210 112 1 0 0 0 0 231119 155628.225
0.0000000000 0.0000000000 0 0 0 0 0 0 124 215 112 1 0 0 0 0 231119 155628.425
0.0000000000 0.0000000000 0 0 0 0 0 0 5 211 112 1 0 0 0 0 231119 155628.625
0.0000000000 0.0000000000 0 0 0 0 0 0 1 218 112 1 0 0 0 0 231119 155628.825
0.0000000000 0.0000000000 0 0 0 0 0 0 219 215 112 1 0 0 0 0 231119 155629.025
0.0000000000 0.0000000000 0 0 0 0 0 0 240 216 112 1 0 0 0 0 231119 155629.226
0.0000000000 0.0000000000 0 0 0 0 0 0 72 215 112 1 0 0 0 0 231119 155629.426
0.0000000000 0.0000000000 0 0 0 0 0 0 87 219 112 1 0 0 0 0 231119 155629.626
0.0000000000 0.0000000000 0 0 0 0 0 0 166 218 112 1 0 0 0 0 231119 155629.826
0.0000000000 0.0000000000 0 0 0 0 0 0 217 217 112 1 0 0 0 0 231119 155630.026
0.0000000000 0.0000000000 0 0 0 0 0 0 13 218 112 1 0 0 0 0 231119 155630.226
0.0000000000 0.0000000000 0 0 0 0 0 0 205 217 112 1 0 0 0 0 231119 155630.426
0.0000000000 0.0000000000 0 0 0 0 0 0 98 217 112 1 0 0 0 0 231119 155630.627
0.0000000000 0.0000000000 0 0 0 0 0 0 14 220 112 1 0 0 0 0 231119 155630.827
0.0000000000 0.0000000000 0 0 0 0 0 0 9 218 112 1 0 0 0 0 231119 155631.027
0.0000000000 0.0000000000 0 0 0 0 0 0 236 219 112 1 0 0 0 0 231119 155631.227
0.0000000000 0.0000000000 0 0 0 0 0 0 177 218 112 1 0 0 0 0 231119 155631.427
0.0000000000 0.0000000000 0 0 0 0 0 0 33 220 112 1 0 0 0 0 231119 155631.628
0.0000000000 0.0000000000 0 0 0 0 0 0 8 224 112 1 0 0 0 0 231119 155631.828
0.0000000000 0.0000000000 0 0 0 0 0 0 67 217 112 1 0 0 0 0 231119 155632.028
0.0000000000 0.0000000000 0 0 0 0 0 0 197 217 112 1 0 0 0 0 231119 155632.228
0.0000000000 0.0000000000 0 0 0 0 0 0 172 221 112 1 0 0 0 0 231119 155632.428
0.0000000000 0.0000000000 0 0 0 0 0 0 58 235 112 1 0 0 0 0 231119 155632.629
0.0000000000 0.0000000000 0 0 0 0 0 0 238 223 112 1 0 0 0 0 231119 155632.829
0.0000000000 0.0000000000 0 0 0 0 0 0 255 221 112 1 0 0 0 0 231119 155633.029
0.0000000000 0.0000000000 0 0 0 0 0 0 227 223 112 1 0 0 0 0 231119 155633.229
0.0000000000 0.0000000000 0 0 0 0 0 0 122 225 112 1 0 0 0 0 231119 155633.429
0.0000000000 0.0000000000 0 0 0 0 0 0 202 225 112 1 0 0 0 0 231119 155633.629
0.0000000000 0.0000000000 0 0 0 0 0 0 40 225 112 1 0 0 0 0 231119 155633.830
0.0000000000 0.0000000000 0 0 0 0 0 0 117 225 112 1 0 0 0 0 231119 155634.030
0.0000000000 0.0000000000 0 0 0 0 0 0 214 229 112 1 0 0 0 0 231119 155634.230
0.0000000000 0.0000000000 0 0 0 0 0 0 236 232 112 1 0 0 0 0 231119 155634.430
0.0000000000 0.0000000000 0 0 0 0 0 0 2 230 112 1 0 0 0 0 231119 155634.630
0.0000000000 0.0000000000 0 0 0 0 0 0 245 230 112 1 0 0 0 0 231119 155634.830
0.0000000000 0.0000000000 0 0 0 0 0 0 66 232 112 1 0 0 0 0 231119 155635.031
0.0000000000 0.0000000000 0 0 0 0 0 0 180 233 112 1 0 0 0 0 231119 155635.231
0.0000000000 0.0000000000 0 0 0 0 0 0 173 230 112 1 0 0 0 0 231119 155635.431
0.0000000000 0.0000000000 0 0 0 0 0 0 77 230 112 1 0 0 0 0 231119 155635.631
0.0000000000 0.0000000000 0 0 0 0 0 0 46 236 112 1 0 0 0 0 231119 155635.831
0.0000000000 0.0000000000 0 0 0 0 0 0 73 232 112 1 0 0 0 0 231119 155636.032
0.0000000000 0.0000000000 0 0 0 0 0 0 209 235 112 1 0 0 0 0 231119 155636.232
0.0000000000 0.0000000000 0 0 0 0 0 0 254 232 112 1 0 0 0 0 231119 155636.432
0.0000000000 0.0000000000 0 0 0 0 0 0 99 243 112 1 0 0 0 0 231119 155636.633
0.0000000000 0.0000000000 0 0 0 0 0 0 219 243 112 1 0 0 0 0 231119 155636.833
0.0000000000 0.0000000000 0 0 0 0 0 0 241 253 112 1 0 0 0 0 231119 155637.033
0.0000000000 0.0000000000 0 0 0 0 0 0 141 240 112 1 0 0 0 0 231119 155637.233
0.0000000000 0.0000000000 0 0 0 0 0 0 151 245 112 1 0 0 0 0 231119 155637.434
0.0000000000 0.0000000000 0 0 0 0 0 0 197 250 112 1 0 0 0 0 231119 155637.634
0.0000000000 0.0000000000 0 0 0 0 0 0 184 236 112 1 0 0 0 0 231119 155637.834
0.0000000000 0.0000000000 0 0 0 0 0 0 118 251 112 1 0 0 0 0 231119 155638.034
0.0000000000 0.0000000000 0 0 0 0 0 0 158 240 112 1 0 0 0 0 231119 155638.235
0.0000000000 0.0000000000 0 0 0 0 0 0 118 245 112 1 0 0 0 0 231119 155638.435
0.0000000000 0.0000000000 0 0 0 0 0 0 207 243 112 1 0 0 0 0 231119 155638.635
0.0000000000 0.0000000000 0 0 0 0 0 0 173 243 112 1 0 0 0 0 231119 155638.835
0.0000000000 0.0000000000 0 0 0 0 0 0 113 255 112 1 0 0 0 0 231119 155639.036
0.0000000000 0.0000000000 0 0 0 0 0 0 77 245 112 1 0 0 0 0 231119 155639.236
0.0000000000 0.0000000000 0 0 0 0 0 0 156 245 112 1 0 0 0 0 231119 155639.436
0.0000000000 0.0000000000 0 0 0 0 0 0 203 245 112 1 0 0 0 0 231119 155639.636
0.0000000000 0.0000000000 0 0 0 0 0 0 182 255 112 1 0 0 0 0 231119 155639.836
0.0000000000 0.0000000000 0 0 0 0 0 0 179 246 112 1 0 0 0 0 231119 155640.037
0.0000000000 0.0000000000 0 0 0 0 0 0 96 2 112 1 0 0 0 0 231119 155640.237
0.0000000000 0.0000000000 0 0 0 0 0 0 103 247 112 1 0 0 0 0 231119 155640.437
0.0000000000 0.0000000000 0 0 0 0 0 0 71 3 112 1 0 0 0 0 231119 155640.637
0.0000000000 0.0000000000 0 0 0 0 0 0 174 6 112 1 0 0 0 0 231119 155640.838
0.0000000000 0.0000000000 0 0 0 0 0 0 3 9 112 1 0 0 0 0 231119 155641.038
0.0000000000 0.0000000000 0 0 0 0 0 0 1 10 112 1 0 0 0 0 231119 155641.238
0.0000000000 0.0000000000 0 0 0 0 0 0 92 4 112 1 0 0 0 0 231119 155641.439
0.0000000000 0.0000000000 0 0 0 0 0 0 111 6 112 1 0 0 0 0 231119 155641.639
0.0000000000 0.0000000000 0 0 0 0 0 0 39 8 112 1 0 0 0 0 231119 155641.839
0.0000000000 0.0000000000 0 0 0 0 0 0 0 0 112 1 0 0 0 0 231119 155642.039
0.0000000000 0.0000000000 0 0 0 0 0 0 0 0 112 1 0 0 0 0 231119 155642.240
0.0000000000 0.0000000000 0 0 0 0 0 0 0 0 112 1 0 0 0 0 231119 155642.440
0.0000000000 0.0000000000 0 0 0 0 0 0 0 0 112 1 0 0 0 0 231119 155642.640
0.0000000000 0.0000000000 0 0 0 0 0 0 0 0 112 1 0 0 0 0 231119 155642.840
0.0000000000 0.0000000000 0 0 0 0 0 0 0 0 112 1 0 0 0 0 231119 155643.040
0.0000000000 0.0000000000 0 0 0 0 0 0 0 0 112 1 0 0 0 0 231119 155643.241
0.0000000000 0.0000000000 0 0 0 0 0 0 0 0 112 1 0 0 0 0 231119 155643.441
0.0000000000 0.0000000000 0 0 0 0 0 0 0 0 112 1 0 0 0 0 231119 155643.641
0.0000000000 0.0000000000 0 0 0 0 0 0 0 0 112 1 0 0 0 0 231119 155643.841
0.0000000000 0.0000000000 0 0 0 0 0 0 0 0 112 1 0 0 0 0 231119 155644.041
0.0000000000 0.0000000000 0 0 0 0 0 0 0 0 112 1 0 0 0 0 231119 155644.241
0.0000000000 0.0000000000 0 0 0 0 0 0 209 13 112 1 0 0 0 0 231119 155644.442
0.0000000000 0.0000000000 0 0 0 0 0 0 105 16 112 1 0 0 0 0 231119 155644.642
0.0000000000 0.0000000000 0 0 0 0 0 0 67 14 112 1 0 0 0 0 231119 155644.842
0.0000000000 0.0000000000 0 0 0 0 0 0 153 29 112 1 0 0 0 0 231119 155645.042
0.0000000000 0.0000000000 0 0 0 0 0 0 101 14 112 1 0 0 0 0 231119 155645.243
0.0000000000 0.0000000000 0 0 0 0 0 0 59 31 112 1 0 0 0 0 231119 155645.443
0.0000000000 0.0000000000 0 0 0 0 0 0 242 30 112 1 0 0 0 0 231119 155645.643
0.0000000000 0.0000000000 0 0 0 0 0 0 196 16 112 1 0 0 0 0 231119 155645.843
0.0000000000 0.0000000000 0 0 0 0 0 0 180 19 112 1 0 0 0 0 231119 155646.044
0.0000000000 0.0000000000 0 0 0 0 0 0 54 30 112 1 0 0 0 0 231119 155646.244
0.0000000000 0.0000000000 0 0 0 0 0 0 100 29 112 1 0 0 0 0 231119 155646.444
0.0000000000 0.0000000000 0 0 0 0 0 0 218 17 112 1 0 0 0 0 231119 155646.644
0.0000000000 0.0000000000 0 0 0 0 0 0 179 23 112 1 0 0 0 0 231119 155646.845
0.0000000000 0.0000000000 0 0 0 0 0 0 75 30 112 1 0 0 0 0 231119 155647.045
0.0000000000 0.0000000000 0 0 0 0 0 0 137 20 112 1 0 0 0 0 231119 155647.245
0.0000000000 0.0000000000 0 0 0 0 0 0 54 33 112 1 0 0 0 0 231119 155647.446
0.0000000000 0.0000000000 0 0 0 0 0 0 203 25 112 1 0 0 0 0 231119 155647.646
0.0000000000 0.0000000000 0 0 0 0 0 0 19 24 112 1 0 0 0 0 231119 155647.846
0.0000000000 0.0000000000 0 0 0 0 0 0 0 0 127 0 0 0 0 0 231119 155648.046
0.0000000000 0.0000000000 0 0 0 0 0 0 0 0 127 0 0 0 0 0 231119 155648.246
0.0000000000 0.0000000000 0 0 0 0 0 0 0 0 127 0 0 0 0 0 231119 155648.447
0.0000000000 0.0000000000 0 0 0 0 0 0 0 0 127 0 0 0 0 0 231119 155648.647
0.0000000000 0.0000000000 0 0 0 0 0 0 0 0 127 0 0 0 0 0 231119 155648.847
0.0000000000 0.0000000000 0 0 0 0 0 0 0 0 127 0 0 0 0 0 231119 155649.047
0.0000000000 0.0000000000 0 0 0 0 0 0 0 0 127 0 0 0 0 0 231119 155649.247
0.0000000000 0.0000000000 0 0 0 0 0 0 0 0 127 0 0 0 0 0 231119 155649.448
0.0000000000 0.0000000000 0 0 0 0 0 0 0 0 127 0 0 0 0 0 231119 155649.648
0.0000000000 0.0000000000 0 0 0 0 0 0 0 0 127 0 0 0 0 0 231119 155649.848
0.0000000000 0.0000000000 0 0 0 0 0 0 0 0 127 0 0 0 0 0 231119 155650.048
0.0000000000 0.0000000000 0 0 0 0 0 0 0 0 127 0 0 0 0 0 231119 155650.249
0.0000000000 0.0000000000 0 0 0 0 0 0 0 0 127 0 0 0 0 0 231119 155650.449
0.0000000000 0.0000000000 0 0 0 0 0 0 0 0 127 0 0 0 0 0 231119 155650.649
0.0000000000 0.0000000000 0 0 0 0 0 0 0 0 127 0 0 0 0 0 231119 155650.850
0.0000000000 0.0000000000 0 0 0 0 0 0 0 0 127 0 0 0 0 0 231119 155651.050
0.0000000000 0.0000000000 0 0 0 0 0 0 0 0 127 0 0 0 0 0 231119 155651.250
0.0000000000 0.0000000000 0 0 0 0 0 0 0 0 127 0 0 0 0 0 231119 155651.450
0.0000000000 0.0000000000 0 0 0 0 0 0 0 0 127 0 0 0 0 0 231119 155651.651
0.0000000000 0.0000000000 0 0 0 0 0 0 0 0 127 0 0 0 0 0 231119 155651.851
0.0000000000 0.0000000000 0 0 0 0 0 0 0 0 127 0 0 0 0 0 231119 155652.051
0.0000000000 0.0000000000 0 0 0 0 0 0 0 0 127 0 0 0 0 0 231119 155652.252
0.0000000000 0.0000000000 0 0 0 0 0 0 0 0 127 0 0 0 0 0 231119 155652.452
0.0000000000 0.0000000000 0 0 0 0 0 0 0 0 127 0 0 0 0 0 231119 155652.652
0.0000000000 0.0000000000 0 0 0 0 0 0 0 0 127 0 0 0 0 0 231119 155652.853
0.0000000000 0.0000000000 0 0 0 0 0 0 0 0 127 0 0 0 0 0 231119 155653.053
0.0000000000 0.0000000000 0 0 0 0 0 0 0 0 127 0 0 0 0 0 231119 155653.253
0.0000000000 0.0000000000 0 0 0 0 0 0 0 0 127 0 0 0 0 0 231119 155653.453
0.0000000000 0.0000000000 0 0 0 0 0 0 0 0 127 0 0 0 0 0 231119 155653.653
0.0000000000 0.0000000000 0 0 0 0 0 0 0 0 127 0 0 0 0 0 231119 155653.854
0.0000000000 0.0000000000 0 0 0 0 0 0 0 0 127 0 0 0 0 0 231119 155654.054
0.0000000000 0.0000000000 0 0 0 0 0 0 0 0 127 0 0 0 0 0 231119 155654.254
0.0000000000 0.0000000000 0 0 0 0 0 0 0 0 127 0 0 0 0 0 231119 155654.455
0.0000000000 0.0000000000 0 0 0 0 0 0 0 0 127 0 0 0 0 0 231119 155654.655
0.0000000000 0.0000000000 0 0 0 0 0 0 0 0 127 0 0 0 0 0 231119 155654.855
0.0000000000 0.0000000000 0 0 0 0 0 0 0 0 127 0 0 0 0 0 231119 155655.056
0.0000000000 0.0000000000 0 0 0 0 0 0 0 0 127 0 0 0 0 0 231119 155655.256
0.0000000000 0.0000000000 0 0 0 0 0 0 0 0 127 0 0 0 0 0 231119 155655.456
0.0000000000 0.0000000000 0 0 0 0 0 0 0 0 127 0 0 0 0 0 231119 155655.657
0.0000000000 0.0000000000 0 0 0 0 0 0 0 0 127 0 0 0 0 0 231119 155655.857
0.0000000000 0.0000000000 0 0 0 0 0 0 0 0 127 0 0 0 0 0 231119 155656.057
0.0000000000 0.0000000000 0 0 0 0 0 0 0 0 127 0 0 0 0 0 231119 155656.257
0.0000000000 0.0000000000 0 0 0 0 0 0 0 0 127 0 0 0 0 0 231119 155656.458
0.0000000000 0.0000000000 0 0 0 0 0 0 0 0 127 0 0 0 0 0 231119 155656.658
0.0000000000 0.0000000000 0 0 0 0 0 0 0 0 127 0 0 0 0 0 231119 155656.858
0.0000000000 0.0000000000 0 0 0 0 0 0 0 0 127 0 0 0 0 0 231119 155657.058
0.0000000000 0.0000000000 0 0 0 0 0 0 0 0 127 0 0 0 0 0 231119 155657.259
0.0000000000 0.0000000000 0 0 0 0 0 0 0 0 127 0 0 0 0 0 231119 155657.459
0.0000000000 0.0000000000 0 0 0 0 0 0 0 0 127 0 0 0 0 0 231119 155657.659
0.0000000000 0.0000000000 0 0 0 0 0 0 0 0 127 0 0 0 0 0 231119 155657.859
0.0000000000 0.0000000000 0 0 0 0 0 0 0 0 127 0 0 0 0 0 231119 155658.060
0.0000000000 0.0000000000 0 0 0 0 0 0 0 0 127 0 0 0 0 0 231119 155658.260
0.0000000000 0.0000000000 0 0 0 0 0 0 0 0 127 0 0 0 0 0 231119 155658.460
0.0000000000 0.0000000000 0 0 0 0 0 0 0 0 127 0 0 0 0 0 231119 155658.660
0.0000000000 0.0000000000 0 0 0 0 0 0 0 0 127 0 0 0 0 0 231119 155658.861
0.0000000000 0.0000000000 0 0 0 0 0 0 0 0 127 0 0 0 0 0 231119 155659.061
0.0000000000 0.0000000000 0 0 0 0 0 0 0 0 127 0 0 0 0 0 231119 155659.262
0.0000000000 0.0000000000 0 0 0 0 0 0 0 0 127 0 0 0 0 0 231119 155659.462
0.0000000000 0.0000000000 0 0 0 0 0 0 0 0 127 0 0 0 0 0 231119 155659.662
0.0000000000 0.0000000000 0 0 0 0 0 0 0 0 127 0 0 0 0 0 231119 155659.863
0.0000000000 0.0000000000 0 0 0 0 0 0 0 0 127 0 0 0 0 0 231119 155700.063
0.0000000000 0.0000000000 0 0 0 0 0 0 0 0 127 0 0 0 0 0 231119 155700.263
0.0000000000 0.0000000000 0 0 0 0 0 0 0 0 127 0 0 0 0 0 231119 155700.463
0.0000000000 0.0000000000 0 0 0 0 0 0 0 0 127 0 0 0 0 0 231119 155700.664
0.0000000000 0.0000000000 0 0 0 0 0 0 0 0 127 0 0 0 0 0 231119 155700.864
0.0000000000 0.0000000000 0 0 0 0 0 0 0 0 127 0 0 0 0 0 231119 155701.064
0.0000000000 0.0000000000 0 0 0 0 0 0 0 0 127 0 0 0 0 0 231119 155701.265
0.0000000000 0.0000000000 0 0 0 0 0 0 0 0 127 0 0 0 0 0 231119 155701.465
0.0000000000 0.0000000000 0 0 0 0 0 0 0 0 127 0 0 0 0 0 231119 155701.665
0.0000000000 0.0000000000 0 0 0 0 0 0 0 0 127 0 0 0 0 0 231119 155701.865
0.0000000000 0.0000000000 0 0 0 0 0 0 0 0 127 0 0 0 0 0 231119 155702.066
0.0000000000 0.0000000000 0 0 0 0 0 0 0 0 127 0 0 0 0 0 231119 155702.266
0.0000000000 0.0000000000 0 0 0 0 0 0 0 0 127 0 0 0 0 0 231119 155702.467
0.0000000000 0.0000000000 0 0 0 0 0 0 0 0 127 0 0 0 0 0 231119 155702.667
0.0000000000 0.0000000000 0 0 0 0 0 0 0 0 127 0 0 0 0 0 231119 155702.867
0.0000000000 0.0000000000 0 0 0 0 0 0 0 0 127 0 0 0 0 0 231119 155703.067
0.0000000000 0.0000000000 0 0 0 0 0 0 0 0 127 0 0 0 0 0 231119 155703.268
0.0000000000 0.0000000000 0 0 0 0 0 0 0 0 127 0 0 0 0 0 231119 155703.468
0.0000000000 0.0000000000 0 0 0 0 0 0 0 0 127 0 0 0 0 0 231119 155703.668
0.0000000000 0.0000000000 0 0 0 0 0 0 0 0 127 0 0 0 0 0 231119 155703.868
0.0000000000 0.0000000000 0 0 0 0 0 0 0 0 127 0 0 0 0 0 231119 155704.068
0.0000000000 0.0000000000 0 0 0 0 0 0 0 0 127 0 0 0 0 0 231119 155704.269
0.0000000000 0.0000000000 0 0 0 0 0 0 0 0 127 0 0 0 0 0 231119 155704.469
0.0000000000 0.0000000000 0 0 0 0 0 0 0 0 127 0 0 0 0 0 231119 155704.669
0.0000000000 0.0000000000 0 0 0 0 0 0 0 0 127 0 0 0 0 0 231119 155704.869
0.0000000000 0.0000000000 0 0 0 0 0 0 0 0 127 0 0 0 0 0 231119 155705.070
0.0000000000 0.0000000000 0 0 0 0 0 0 0 0 127 0 0 0 0 0 231119 155705.270
0.0000000000 0.0000000000 0 0 0 0 0 0 0 0 127 0 0 0 0 0 231119 155705.470
0.0000000000 0.0000000000 0 0 0 0 0 0 0 0 127 0 0 0 0 0 231119 155705.671
0.0000000000 0.0000000000 0 0 0 0 0 0 0 0 127 0 0 0 0 0 231119 155705.871
0.0000000000 0.0000000000 0 0 0 0 0 0 0 0 127 0 0 0 0 0 231119 155706.072
0.0000000000 0.0000000000 0 0 0 0 0 0 0 0 127 0 0 0 0 0 231119 155706.272
0.0000000000 0.0000000000 0 0 0 0 0 0 0 0 127 0 0 0 0 0 231119 155706.472
0.0000000000 0.0000000000 0 0 0 0 0 0 0 0 127 0 0 0 0 0 231119 155706.673
0.0000000000 0.0000000000 0 0 0 0 0 0 0 0 127 0 0 0 0 0 231119 155706.873
0.0000000000 0.0000000000 0 0 0 0 0 0 0 0 127 0 0 0 0 0 231119 155707.073
0.0000000000 0.0000000000 0 0 0 0 0 0 0 0 127 0 0 0 0 0 231119 155707.273
0.0000000000 0.0000000000 0 0 0 0 0 0 0 0 127 0 0 0 0 0 231119 155707.474
0.0000000000 0.0000000000 0 0 0 0 0 0 0 0 127 0 0 0 0 0 231119 155707.674
0.0000000000 0.0000000000 0 0 0 0 0 0 0 0 127 0 0 0 0 0 231119 155707.874
0.0000000000 0.0000000000 0 0 0 0 0 0 0 0 127 0 0 0 0 0 231119 155708.075
0.0000000000 0.0000000000 0 0 0 0 0 0 0 0 127 0 0 0 0 0 231119 155708.275
0.0000000000 0.0000000000 0 0 0 0 0 0 0 0 127 0 0 0 0 0 231119 155708.475
0.0000000000 0.0000000000 0 0 0 0 0 0 0 0 127 0 0 0 0 0 231119 155708.675
0.0000000000 0.0000000000 0 0 0 0 0 0 0 0 127 0 0 0 0 0 231119 155708.876
0.0000000000 0.0000000000 0 0 0 0 0 0 0 0 127 0 0 0 0 0 231119 155709.076
0.0000000000 0.0000000000 0 0 0 0 0 0 0 0 127 0 0 0 0 0 231119 155709.276
0.0000000000 0.0000000000 0 0 0 0 0 0 0 0 127 0 0 0 0 0 231119 155709.477
0.0000000000 0.0000000000 0 0 0 0 0 0 0 0 127 0 0 0 0 0 231119 155709.677
0.0000000000 0.0000000000 0 0 0 0 0 0 0 0 127 0 0 0 0 0 231119 155709.877
0.0000000000 0.0000000000 0 0 0 0 0 0 0 0 127 0 0 0 0 0 231119 155710.077
0.0000000000 0.0000000000 0 0 0 0 0 0 0 0 127 0 0 0 0 0 231119 155710.278
0.0000000000 0.0000000000 0 0 0 0 0 0 0 0 127 0 0 0 0 0 231119 155710.478
0.0000000000 0.0000000000 0 0 0 0 0 0 0 0 127 0 0 0 0 0 231119 155710.678
0.0000000000 0.0000000000 0 0 0 0 0 0 0 0 127 0 0 0 0 0 231119 155710.878
0.0000000000 0.0000000000 0 0 0 0 0 0 0 0 127 0 0 0 0 0 231119 155711.079
0.0000000000 0.0000000000 0 0 0 0 0 0 0 0 127 0 0 0 0 0 231119 155711.279
0.0000000000 0.0000000000 0 0 0 0 0 0 0 0 127 0 0 0 0 0 231119 155711.479
0.0000000000 0.0000000000 0 0 0 0 0 0 0 0 127 0 0 0 0 0 231119 155711.679
0.0000000000 0.0000000000 0 0 0 0 0 0 0 0 127 0 0 0 0 0 231119 155711.880
0.0000000000 0.0000000000 0 0 0 0 0 0 0 0 127 0 0 0 0 0 231119 155712.080
0.0000000000 0.0000000000 0 0 0 0 0 0 0 0 127 0 0 0 0 0 231119 155712.280
0.0000000000 0.0000000000 0 0 0 0 0 0 0 0 127 0 0 0 0 0 231119 155712.481
0.0000000000 0.0000000000 0 0 0 0 0 0 0 0 127 0 0 0 0 0 231119 155712.681
0.0000000000 0.0000000000 0 0 0 0 0 0 0 0 127 0 0 0 0 0 231119 155712.881
0.0000000000 0.0000000000 0 0 0 0 0 0 0 0 127 0 0 0 0 0 231119 155713.081
0.0000000000 0.0000000000 0 0 0 0 0 0 0 0 127 0 0 0 0 0 231119 155713.282
0.0000000000 0.0000000000 0 0 0 0 0 0 0 0 127 0 0 0 0 0 231119 155713.482
0.0000000000 0.0000000000 0 0 0 0 0 0 0 0 127 0 0 0 0 0 231119 155713.683
0.0000000000 0.0000000000 0 0 0 0 0 0 0 0 127 0 0 0 0 0 231119 155713.883
0.0000000000 0.0000000000 0 0 0 0 0 0 0 0 127 0 0 0 0 0 231119 155714.083
0.0000000000 0.0000000000 0 0 0 0 0 0 0 0 127 0 0 0 0 0 231119 155714.283
0.0000000000 0.0000000000 0 0 0 0 0 0 0 0 127 0 0 0 0 0 231119 155714.484
0.0000000000 0.0000000000 0 0 0 0 0 0 0 0 127 0 0 0 0 0 231119 155714.684
0.0000000000 0.0000000000 0 0 0 0 0 0 0 0 127 0 0 0 0 0 231119 155714.885
0.0000000000 0.0000000000 0 0 0 0 0 0 0 0 127 0 0 0 0 0 231119 155715.085
0.0000000000 0.0000000000 0 0 0 0 0 0 0 0 127 0 0 0 0 0 231119 155715.285
0.0000000000 0.0000000000 0 0 0 0 0 0 0 0 127 0 0 0 0 0 231119 155715.486
0.0000000000 0.0000000000 0 0 0 0 0 0 0 0 127 0 0 0 0 0 231119 155715.686
0.0000000000 0.0000000000 0 0 0 0 0 0 0 0 127 0 0 0 0 0 231119 155715.886
0.0000000000 0.0000000000 0 0 0 0 0 0 0 0 127 0 0 0 0 0 231119 155716.087
0.0000000000 0.0000000000 0 0 0 0 0 0 0 0 127 0 0 0 0 0 231119 155716.287
0.0000000000 0.0000000000 0 0 0 0 0 0 0 0 127 0 0 0 0 0 231119 155716.487
0.0000000000 0.0000000000 0 0 0 0 0 0 0 0 127 0 0 0 0 0 231119 155716.688
0.0000000000 0.0000000000 0 0 0 0 0 0 0 0 127 0 0 0 0 0 231119 155716.888
0.0000000000 0.0000000000 0 0 0 0 0 0 0 0 127 0 0 0 0 0 231119 155717.088
0.0000000000 0.0000000000 0 0 0 0 0 0 0 0 127 0 0 0 0 0 231119 155717.288
0.0000000000 0.0000000000 0 0 0 0 0 0 0 0 127 0 0 0 0 0 231119 155717.489
0.0000000000 0.0000000000 0 0 0 0 0 0 0 0 127 0 0 0 0 0 231119 155717.689
0.0000000000 0.0000000000 0 0 0 0 0 0 0 0 127 0 0 0 0 0 231119 155717.889
0.0000000000 0.0000000000 0 0 0 0 0 0 0 0 127 0 0 0 0 0 231119 155718.090
0.0000000000 0.0000000000 0 0 0 0 0 0 0 0 127 0 0 0 0 0 231119 155718.290
0.0000000000 0.0000000000 0 0 0 0 0 0 0 0 127 0 0 0 0 0 231119 155718.490
0.0000000000 0.0000000000 0 0 0 0 0 0 0 0 127 0 0 0 0 0 231119 155718.691
0.0000000000 0.0000000000 0 0 0 0 0 0 0 0 127 0 0 0 0 0 231119 155718.891
0.0000000000 0.0000000000 0 0 0 0 0 0 0 0 127 0 0 0 0 0 231119 155719.092
0.0000000000 0.0000000000 0 0 0 0 0 0 0 0 127 0 0 0 0 0 231119 155719.292
0.0000000000 0.0000000000 0 0 0 0 0 0 0 0 127 0 0 0 0 0 231119 155719.492
0.0000000000 0.0000000000 0 0 0 0 0 0 0 0 127 0 0 0 0 0 231119 155719.692
0.0000000000 0.0000000000 0 0 0 0 0 0 0 0 127 0 0 0 0 0 231119 155719.893
0.0000000000 0.0000000000 0 0 0 0 0 0 0 0 127 0 0 0 0 0 231119 155720.093
0.0000000000 0.0000000000 0 0 0 0 0 0 0 0 127 0 0 0 0 0 231119 155720.293
0.0000000000 0.0000000000 0 0 0 0 0 0 0 0 127 0 0 0 0 0 231119 155720.494
0.0000000000 0.0000000000 0 0 0 0 0 0 0 0 127 0 0 0 0 0 231119 155720.694
0.0000000000 0.0000000000 0 0 0 0 0 0 0 0 127 0 0 0 0 0 231119 155720.894
0.0000000000 0.0000000000 0 0 0 0 0 0 0 0 127 0 0 0 0 0 231119 155721.095
0.0000000000 0.0000000000 0 0 0 0 0 0 0 0 127 0 0 0 0 0 231119 155721.295
0.0000000000 0.0000000000 0 0 0 0 0 0 0 0 127 0 0 0 0 0 231119 155721.495
0.0000000000 0.0000000000 0 0 0 0 0 0 0 0 127 0 0 0 0 0 231119 155721.696
0.0000000000 0.0000000000 0 0 0 0 0 0 0 0 127 0 0 0 0 0 231119 155721.896
0.0000000000 0.0000000000 0 0 0 0 0 0 0 0 127 0 0 0 0 0 231119 155722.096
0.0000000000 0.0000000000 0 0 0 0 0 0 0 0 127 0 0 0 0 0 231119 155722.297
0.0000000000 0.0000000000 0 0 0 0 0 0 0 0 127 0 0 0 0 0 231119 155722.497
0.0000000000 0.0000000000 0 0 0 0 0 0 0 0 127 0 0 0 0 0 231119 155722.697
0.0000000000 0.0000000000 0 0 0 0 0 0 0 0 127 0 0 0 0 0 231119 155722.898
0.0000000000 0.0000000000 0 0 0 0 0 0 0 0 127 0 0 0 0 0 231119 155723.098
0.0000000000 0.0000000000 0 0 0 0 0 0 0 0 127 0 0 0 0 0 231119 155723.299
0.0000000000 0.0000000000 0 0 0 0 0 0 0 0 127 0 0 0 0 0 231119 155723.499
0.0000000000 0.0000000000 0 0 0 0 0 0 0 0 127 0 0 0 0 0 231119 155723.699
0.0000000000 0.0000000000 0 0 0 0 0 0 0 0 127 0 0 0 0 0 231119 155723.900
0.0000000000 0.0000000000 0 0 0 0 0 0 0 0 127 0 0 0 0 0 231119 155724.100
0.0000000000 0.0000000000 0 0 0 0 0 0 0 0 127 0 0 0 0 0 231119 155724.300
0.0000000000 0.0000000000 0 0 0 0 0 0 0 0 127 0 0 0 0 0 231119 155724.501
0.0000000000 0.0000000000 0 0 0 0 0 0 0 0 127 0 0 0 0 0 231119 155724.701
0.0000000000 0.0000000000 0 0 0 0 0 0 0 0 127 0 0 0 0 0 231119 155724.901
0.0000000000 0.0000000000 0 0 0 0 0 0 0 0 127 0 0 0 0 0 231119 155725.101
0.0000000000 0.0000000000 0 0 0 0 0 0 0 0 127 0 0 0 0 0 231119 155725.302
0.0000000000 0.0000000000 0 0 0 0 0 0 0 0 127 0 0 0 0 0 231119 155725.502
0.0000000000 0.0000000000 0 0 0 0 0 0 0 0 127 0 0 0 0 0 231119 155725.702
0.0000000000 0.0000000000 0 0 0 0 0 0 0 0 127 0 0 0 0 0 231119 155725.903
0.0000000000 0.0000000000 0 0 0 0 0 0 0 0 127 0 0 0 0 0 231119 155726.103
0.0000000000 0.0000000000 0 0 0 0 0 0 0 0 127 0 0 0 0 0 231119 155726.303
0.0000000000 0.0000000000 0 0 0 0 0 0 0 0 127 0 0 0 0 0 231119 155726.503
0.0000000000 0.0000000000 0 0 0 0 0 0 0 0 127 0 0 0 0 0 231119 155726.704
0.0000000000 0.0000000000 0 0 0 0 0 0 0 0 127 0 0 0 0 0 231119 155726.904
0.0000000000 0.0000000000 0 0 0 0 0 0 0 0 127 0 0 0 0 0 231119 155727.104
0.0000000000 0.0000000000 0 0 0 0 0 0 0 0 127 0 0 0 0 0 231119 155727.304
0.0000000000 0.0000000000 0 0 0 0 0 0 0 0 127 0 0 0 0 0 231119 155727.504
0.0000000000 0.0000000000 0 0 0 0 0 0 0 0 127 0 0 0 0 0 231119 155727.705
0.0000000000 0.0000000000 0 0 0 0 0 0 0 0 127 0 0 0 0 0 231119 155727.905
0.0000000000 0.0000000000 0 0 0 0 0 0 0 0 127 0 0 0 0 0 231119 155728.105
0.0000000000 0.0000000000 0 0 0 0 0 0 0 0 127 0 0 0 0 0 231119 155728.305
0.0000000000 0.0000000000 0 0 0 0 0 0 0 0 127 0 0 0 0 0 231119 155728.505
0.0000000000 0.0000000000 0 0 0 0 0 0 0 0 127 0 0 0 0 0 231119 155728.706
0.0000000000 0.0000000000 0 0 0 0 0 0 0 0 127 0 0 0 0 0 231119 155728.906
0.0000000000 0.0000000000 0 0 0 0 0 0 0 0 127 0 0 0 0 0 231119 155729.106
0.0000000000 0.0000000000 0 0 0 0 0 0 0 0 127 0 0 0 0 0 231119 155729.307
0.0000000000 0.0000000000 0 0 0 0 0 0 0 0 127 0 0 0 0 0 231119 155729.507
0.0000000000 0.0000000000 0 0 0 0 0 0 0 0 127 0 0 0 0 0 231119 155729.707
0.0000000000 0.0000000000 0 0 0 0 0 0 0 0 127 0 0 0 0 0 231119 155729.908
0.0000000000 0.0000000000 0 0 0 0 0 0 0 0 127 0 0 0 0 0 231119 155730.108
0.0000000000 0.0000000000 0 0 0 0 0 0 0 0 127 0 0 0 0 0 231119 155730.308
0.0000000000 0.0000000000 0 0 0 0 0 0 0 0 127 0 0 0 0 0 231119 155730.509
0.0000000000 0.0000000000 0 0 0 0 0 0 0 0 127 0 0 0 0 0 231119 155730.709
0.0000000000 0.0000000000 0 0 0 0 0 0 0 0 127 0 0 0 0 0 231119 155730.909
0.0000000000 0.0000000000 0 0 0 0 0 0 0 0 127 0 0 0 0 0 231119 155731.110
0.0000000000 0.0000000000 0 0 0 0 0 0 0 0 127 0 0 0 0 0 231119 155731.310
0.0000000000 0.0000000000 0 0 0 0 0 0 0 0 127 0 0 0 0 0 231119 155731.510
0.0000000000 0.0000000000 0 0 0 0 0 0 0 0 127 0 0 0 0 0 231119 155731.711
0.0000000000 0.0000000000 0 0 0 0 0 0 0 0 127 0 0 0 0 0 231119 155731.911
0.0000000000 0.0000000000 0 0 0 0 0 0 0 0 127 0 0 0 0 0 231119 155732.111
0.0000000000 0.0000000000 0 0 0 0 0 0 0 0 127 0 0 0 0 0 231119 155732.311
0.0000000000 0.0000000000 0 0 0 0 0 0 0 0 127 0 0 0 0 0 231119 155732.512
0.0000000000 0.0000000000 0 0 0 0 0 0 0 0 127 0 0 0 0 0 231119 155732.712
0.0000000000 0.0000000000 0 0 0 0 0 0 0 0 127 0 0 0 0 0 231119 155732.912
0.0000000000 0.0000000000 0 0 0 0 0 0 0 0 127 0 0 0 0 0 231119 155733.113
0.0000000000 0.0000000000 0 0 0 0 0 0 0 0 127 0 0 0 0 0 231119 155733.313
0.0000000000 0.0000000000 0 0 0 0 0 0 0 0 127 0 0 0 0 0 231119 155733.513
0.0000000000 0.0000000000 0 0 0 0 0 0 0 0 127 0 0 0 0 0 231119 155733.713
0.0000000000 0.0000000000 0 0 0 0 0 0 0 0 127 0 0 0 0 0 231119 155733.914
0.0000000000 0.0000000000 0 0 0 0 0 0 0 0 127 0 0 0 0 0 231119 155734.114
0.0000000000 0.0000000000 0 0 0 0 0 0 0 0 127 0 0 0 0 0 231119 155734.314
0.0000000000 0.0000000000 0 0 0 0 0 0 0 0 127 0 0 0 0 0 231119 155734.515
0.0000000000 0.0000000000 0 0 0 0 0 0 0 0 127 0 0 0 0 0 231119 155734.715
0.0000000000 0.0000000000 0 0 0 0 0 0 0 0 127 0 0 0 0 0 231119 155734.915
0.0000000000 0.0000000000 0 0 0 0 0 0 0 0 127 0 0 0 0 0 231119 155735.116
0.0000000000 0.0000000000 0 0 0 0 0 0 0 0 127 0 0 0 0 0 231119 155735.316
0.0000000000 0.0000000000 0 0 0 0 0 0 0 0 127 0 0 0 0 0 231119 155735.516
0.0000000000 0.0000000000 0 0 0 0 0 0 0 0 127 0 0 0 0 0 231119 155735.717
0.0000000000 0.0000000000 0 0 0 0 0 0 0 0 127 0 0 0 0 0 231119 155735.917
0.0000000000 0.0000000000 0 0 0 0 0 0 0 0 127 0 0 0 0 0 231119 155736.118
0.0000000000 0.0000000000 0 0 0 0 0 0 0 0 127 0 0 0 0 0 231119 155736.318
0.0000000000 0.0000000000 0 0 0 0 0 0 0 0 127 0 0 0 0 0 231119 155736.518
0.0000000000 0.0000000000 0 0 0 0 0 0 0 0 127 0 0 0 0 0 231119 155736.719
0.0000000000 0.0000000000 0 0 0 0 0 0 0 0 127 0 0 0 0 0 231119 155736.919
0.0000000000 0.0000000000 0 0 0 0 0 0 0 0 127 0 0 0 0 0 231119 155737.119
0.0000000000 0.0000000000 0 0 0 0 0 0 0 0 127 0 0 0 0 0 231119 155737.320
0.0000000000 0.0000000000 0 0 0 0 0 0 0 0 127 0 0 0 0 0 231119 155737.520
0.0000000000 0.0000000000 0 0 0 0 0 0 0 0 127 0 0 0 0 0 231119 155737.720
0.0000000000 0.0000000000 0 0 0 0 0 0 0 0 127 0 0 0 0 0 231119 155737.921
0.0000000000 0.0000000000 0 0 0 0 0 0 0 0 127 0 0 0 0 0 231119 155738.121
0.0000000000 0.0000000000 0 0 0 0 0 0 0 0 127 0 0 0 0 0 231119 155738.321
0.0000000000 0.0000000000 0 0 0 0 0 0 0 0 127 0 0 0 0 0 231119 155738.522
0.0000000000 0.0000000000 0 0 0 0 0 0 0 0 127 0 0 0 0 0 231119 155738.722
0.0000000000 0.0000000000 0 0 0 0 0 0 0 0 127 0 0 0 0 0 231119 155738.922
0.0000000000 0.0000000000 0 0 0 0 0 0 0 0 127 0 0 0 0 0 231119 155739.123
0.0000000000 0.0000000000 0 0 0 0 0 0 0 0 127 0 0 0 0 0 231119 155739.323
0.0000000000 0.0000000000 0 0 0 0 0 0 0 0 127 0 0 0 0 0 231119 155739.523
0.0000000000 0.0000000000 0 0 0 0 0 0 0 0 127 0 0 0 0 0 231119 155739.723
0.0000000000 0.0000000000 0 0 0 0 0 0 0 0 127 0 0 0 0 0 231119 155739.924
0.0000000000 0.0000000000 0 0 0 0 0 0 0 0 127 0 0 0 0 0 231119 155740.124
0.0000000000 0.0000000000 0 0 0 0 0 0 0 0 127 0 0 0 0 0 231119 155740.324
0.0000000000 0.0000000000 0 0 0 0 0 0 0 0 127 0 0 0 0 0 231119 155740.525
0.0000000000 0.0000000000 0 0 0 0 0 0 0 0 127 0 0 0 0 0 231119 155740.725
0.0000000000 0.0000000000 0 0 0 0 0 0 0 0 127 0 0 0 0 0 231119 155740.925
0.0000000000 0.0000000000 0 0 0 0 0 0 0 0 127 0 0 0 0 0 231119 155741.126
0.0000000000 0.0000000000 0 0 0 0 0 0 0 0 127 0 0 0 0 0 231119 155741.326
0.0000000000 0.0000000000 0 0 0 0 0 0 0 0 127 0 0 0 0 0 231119 155741.526
0.0000000000 0.0000000000 0 0 0 0 0 0 0 0 127 0 0 0 0 0 231119 155741.727
0.0000000000 0.0000000000 0 0 0 0 0 0 0 0 127 0 0 0 0 0 231119 155741.927
0.0000000000 0.0000000000 0 0 0 0 0 0 0 0 127 0 0 0 0 0 231119 155742.127
0.0000000000 0.0000000000 0 0 0 0 0 0 0 0 127 0 0 0 0 0 231119 155742.327
0.0000000000 0.0000000000 0 0 0 0 0 0 0 0 127 0 0 0 0 0 231119 155742.528
0.0000000000 0.0000000000 0 0 0 0 0 0 0 0 127 0 0 0 0 0 231119 155742.728
0.0000000000 0.0000000000 0 0 0 0 0 0 0 0 127 0 0 0 0 0 231119 155742.928
0.0000000000 0.0000000000 0 0 0 0 0 0 0 0 127 0 0 0 0 0 231119 155743.128
0.0000000000 0.0000000000 0 0 0 0 0 0 0 0 127 0 0 0 0 0 231119 155743.328
0.0000000000 0.0000000000 0 0 0 0 0 0 0 0 127 0 0 0 0 0 231119 155743.529
0.0000000000 0.0000000000 0 0 0 0 0 0 0 0 127 0 0 0 0 0 231119 155743.729
0.0000000000 0.0000000000 0 0 0 0 0 0 0 0 127 0 0 0 0 0 231119 155743.930
0.0000000000 0.0000000000 0 0 0 0 0 0 0 0 127 0 0 0 0 0 231119 155744.130
0.0000000000 0.0000000000 0 0 0 0 0 0 0 0 127 0 0 0 0 0 231119 155744.330
0.0000000000 0.0000000000 0 0 0 0 0 0 0 0 127 0 0 0 0 0 231119 155744.530
0.0000000000 0.0000000000 0 0 0 0 0 0 0 0 127 0 0 0 0 0 231119 155744.731
0.0000000000 0.0000000000 0 0 0 0 0 0 0 0 127 0 0 0 0 0 231119 155744.931
0.0000000000 0.0000000000 0 0 0 0 0 0 0 0 127 0 0 0 0 0 231119 155745.131
0.0000000000 0.0000000000 0 0 0 0 0 0 0 0 127 0 0 0 0 0 231119 155745.331
0.0000000000 0.0000000000 0 0 0 0 0 0 0 0 127 0 0 0 0 0 231119 155745.532
0.0000000000 0.0000000000 0 0 0 0 0 0 0 0 127 0 0 0 0 0 231119 155745.732
0.0000000000 0.0000000000 0 0 0 0 0 0 0 0 127 0 0 0 0 0 231119 155745.932
0.0000000000 0.0000000000 0 0 0 0 0 0 0 0 127 0 0 0 0 0 231119 155746.133
0.0000000000 0.0000000000 0 0 0 0 0 0 0 0 127 0 0 0 0 0 231119 155746.333
0.0000000000 0.0000000000 0 0 0 0 0 0 0 0 127 0 0 0 0 0 231119 155746.533
0.0000000000 0.0000000000 0 0 0 0 0 0 0 0 127 0 0 0 0 0 231119 155746.733
0.0000000000 0.0000000000 0 0 0 0 0 0 0 0 127 0 0 0 0 0 231119 155746.934
0.0000000000 0.0000000000 0 0 0 0 0 0 0 0 127 0 0 0 0 0 231119 155747.134
0.0000000000 0.0000000000 0 0 0 0 0 0 0 0 127 0 0 0 0 0 231119 155747.334
0.0000000000 0.0000000000 0 0 0 0 0 0 0 0 127 0 0 0 0 0 231119 155747.535
0.0000000000 0.0000000000 0 0 0 0 0 0 0 0 127 0 0 0 0 0 231119 155747.735
0.0000000000 0.0000000000 0 0 0 0 0 0 0 0 127 0 0 0 0 0 231119 155747.936
0.0000000000 0.0000000000 0 0 0 0 0 0 0 0 127 0 0 0 0 0 231119 155748.136
0.0000000000 0.0000000000 0 0 0 0 0 0 0 0 127 0 0 0 0 0 231119 155748.336
0.0000000000 0.0000000000 0 0 0 0 0 0 0 0 127 0 0 0 0 0 231119 155748.536
0.0000000000 0.0000000000 0 0 0 0 0 0 0 0 127 0 0 0 0 0 231119 155748.737
0.0000000000 0.0000000000 0 0 0 0 0 0 0 0 127 0 0 0 0 0 231119 155748.937
0.0000000000 0.0000000000 0 0 0 0 0 0 0 0 127 0 0 0 0 0 231119 155749.137
0.0000000000 0.0000000000 0 0 0 0 0 0 0 0 127 0 0 0 0 0 231119 155749.337
0.0000000000 0.0000000000 0 0 0 0 0 0 0 0 127 0 0 0 0 0 231119 155749.537
0.0000000000 0.0000000000 0 0 0 0 0 0 0 0 127 0 0 0 0 0 231119 155749.738
0.0000000000 0.0000000000 0 0 0 0 0 0 0 0 127 0 0 0 0 0 231119 155749.938
0.0000000000 0.0000000000 0 0 0 0 0 0 0 0 127 0 0 0 0 0 231119 155750.138
0.0000000000 0.0000000000 0 0 0 0 0 0 0 0 127 0 0 0 0 0 231119 155750.338
0.0000000000 0.0000000000 0 0 0 0 0 0 0 0 127 0 0 0 0 0 231119 155750.538
0.0000000000 0.0000000000 0 0 0 0 0 0 0 0 127 0 0 0 0 0 231119 155750.739
0.0000000000 0.0000000000 0 0 0 0 0 0 0 0 127 0 0 0 0 0 231119 155750.939
0.0000000000 0.0000000000 0 0 0 0 0 0 0 0 127 0 0 0 0 0 231119 155751.139
0.0000000000 0.0000000000 0 0 0 0 0 0 0 0 127 0 0 0 0 0 231119 155751.340
0.0000000000 0.0000000000 0 0 0 0 0 0 0 0 127 0 0 0 0 0 231119 155751.540
0.0000000000 0.0000000000 0 0 0 0 0 0 0 0 127 0 0 0 0 0 231119 155751.740
0.0000000000 0.0000000000 0 0 0 0 0 0 0 0 127 0 0 0 0 0 231119 155751.941
0.0000000000 0.0000000000 0 0 0 0 0 0 0 0 127 0 0 0 0 0 231119 155752.141
0.0000000000 0.0000000000 0 0 0 0 0 0 0 0 127 0 0 0 0 0 231119 155752.341
0.0000000000 0.0000000000 0 0 0 0 0 0 0 0 127 0 0 0 0 0 231119 155752.542
0.0000000000 0.0000000000 0 0 0 0 0 0 0 0 127 0 0 0 0 0 231119 155752.742
0.0000000000 0.0000000000 0 0 0 0 0 0 0 0 127 0 0 0 0 0 231119 155752.943
0.0000000000 0.0000000000 0 0 0 0 0 0 0 0 127 0 0 0 0 0 231119 155753.143
0.0000000000 0.0000000000 0 0 0 0 0 0 0 0 127 0 0 0 0 0 231119 155753.343
0.0000000000 0.0000000000 0 0 0 0 0 0 0 0 127 0 0 0 0 0 231119 155753.544
0.0000000000 0.0000000000 0 0 0 0 0 0 0 0 127 0 0 0 0 0 231119 155753.744
0.0000000000 0.0000000000 0 0 0 0 0 0 0 0 127 0 0 0 0 0 231119 155753.944
0.0000000000 0.0000000000 0 0 0 0 0 0 0 0 127 0 0 0 0 0 231119 155754.144
0.0000000000 0.0000000000 0 0 0 0 0 0 0 0 127 0 0 0 0 0 231119 155754.345
0.0000000000 0.0000000000 0 0 0 0 0 0 0 0 127 0 0 0 0 0 231119 155754.545
0.0000000000 0.0000000000 0 0 0 0 0 0 0 0 127 0 0 0 0 0 231119 155754.745
0.0000000000 0.0000000000 0 0 0 0 0 0 0 0 127 0 0 0 0 0 231119 155754.946
0.0000000000 0.0000000000 0 0 0 0 0 0 0 0 127 0 0 0 0 0 231119 155755.146
0.0000000000 0.0000000000 0 0 0 0 0 0 0 0 127 0 0 0 0 0 231119 155755.346
0.0000000000 0.0000000000 0 0 0 0 0 0 0 0 127 0 0 0 0 0 231119 155755.547
0.0000000000 0.0000000000 0 0 0 0 0 0 0 0 127 0 0 0 0 0 231119 155755.747
0.0000000000 0.0000000000 0 0 0 0 0 0 0 0 127 0 0 0 0 0 231119 155755.947
0.0000000000 0.0000000000 0 0 0 0 0 0 0 0 127 0 0 0 0 0 231119 155756.148
0.0000000000 0.0000000000 0 0 0 0 0 0 0 0 127 0 0 0 0 0 231119 155756.348
0.0000000000 0.0000000000 0 0 0 0 0 0 0 0 127 0 0 0 0 0 231119 155756.548
0.0000000000 0.0000000000 0 0 0 0 0 0 0 0 127 0 0 0 0 0 231119 155756.749
0.0000000000 0.0000000000 0 0 0 0 0 0 0 0 127 0 0 0 0 0 231119 155756.949
0.0000000000 0.0000000000 0 0 0 0 0 0 0 0 127 0 0 0 0 0 231119 155757.149
0.0000000000 0.0000000000 0 0 0 0 0 0 0 0 127 0 0 0 0 0 231119 155757.349
0.0000000000 0.0000000000 0 0 0 0 0 0 0 0 127 0 0 0 0 0 231119 155757.550
0.0000000000 0.0000000000 0 0 0 0 0 0 0 0 127 0 0 0 0 0 231119 155757.750
0.0000000000 0.0000000000 0 0 0 0 0 0 0 0 127 0 0 0 0 0 231119 155757.950
0.0000000000 0.0000000000 0 0 0 0 0 0 0 0 127 0 0 0 0 0 231119 155758.150
0.0000000000 0.0000000000 0 0 0 0 0 0 0 0 127 0 0 0 0 0 231119 155758.351
0.0000000000 0.0000000000 0 0 0 0 0 0 0 0 127 0 0 0 0 0 231119 155758.551
0.0000000000 0.0000000000 0 0 0 0 0 0 0 0 127 0 0 0 0 0 231119 155758.752
0.0000000000 0.0000000000 0 0 0 0 0 0 0 0 127 0 0 0 0 0 231119 155758.952
0.0000000000 0.0000000000 0 0 0 0 0 0 0 0 127 0 0 0 0 0 231119 155759.152
0.0000000000 0.0000000000 0 0 0 0 0 0 0 0 127 0 0 0 0 0 231119 155759.352
0.0000000000 0.0000000000 0 0 0 0 0 0 0 0 127 0 0 0 0 0 231119 155759.552
0.0000000000 0.0000000000 0 0 0 0 0 0 0 0 127 0 0 0 0 0 231119 155759.753
0.0000000000 0.0000000000 0 0 0 0 0 0 0 0 127 0 0 0 0 0 231119 155759.953
0.0000000000 0.0000000000 0 0 0 0 0 0 0 0 127 0 0 0 0 0 231119 155800.154
0.0000000000 0.0000000000 0 0 0 0 0 0 0 0 127 0 0 0 0 0 231119 155800.354
0.0000000000 0.0000000000 0 0 0 0 0 0 0 0 127 0 0 0 0 0 231119 155800.554
0.0000000000 0.0000000000 0 0 0 0 0 0 0 0 127 0 0 0 0 0 231119 155800.755
0.0000000000 0.0000000000 0 0 0 0 0 0 0 0 127 0 0 0 0 0 231119 155800.955
0.0000000000 0.0000000000 0 0 0 0 0 0 0 0 127 0 0 0 0 0 231119 155801.155
0.0000000000 0.0000000000 0 0 0 0 0 0 0 0 127 0 0 0 0 0 231119 155801.355
0.0000000000 0.0000000000 0 0 0 0 0 0 0 0 127 0 0 0 0 0 231119 155801.555
0.0000000000 0.0000000000 0 0 0 0 0 0 0 0 127 0 0 0 0 0 231119 155801.756
0.0000000000 0.0000000000 0 0 0 0 0 0 0 0 127 0 0 0 0 0 231119 155801.956
0.0000000000 0.0000000000 0 0 0 0 0 0 0 0 127 0 0 0 0 0 231119 155802.156
0.0000000000 0.0000000000 0 0 0 0 0 0 0 0 127 0 0 0 0 0 231119 155802.357
0.0000000000 0.0000000000 0 0 0 0 0 0 0 0 127 0 0 0 0 0 231119 155802.557
0.0000000000 0.0000000000 0 0 0 0 0 0 0 0 127 0 0 0 0 0 231119 155802.757
0.0000000000 0.0000000000 0 0 0 0 0 0 0 0 127 0 0 0 0 0 231119 155802.958
0.0000000000 0.0000000000 0 0 0 0 0 0 0 0 127 0 0 0 0 0 231119 155803.158
0.0000000000 0.0000000000 0 0 0 0 0 0 0 0 127 0 0 0 0 0 231119 155803.358
0.0000000000 0.0000000000 0 0 0 0 0 0 0 0 127 0 0 0 0 0 231119 155803.559
0.0000000000 0.0000000000 0 0 0 0 0 0 0 0 127 0 0 0 0 0 231119 155803.759
0.0000000000 0.0000000000 0 0 0 0 0 0 0 0 127 0 0 0 0 0 231119 155803.959
0.0000000000 0.0000000000 0 0 0 0 0 0 0 0 127 0 0 0 0 0 231119 155804.160
0.0000000000 0.0000000000 0 0 0 0 0 0 0 0 127 0 0 0 0 0 231119 155804.360
0.0000000000 0.0000000000 0 0 0 0 0 0 0 0 127 0 0 0 0 0 231119 155804.560
0.0000000000 0.0000000000 0 0 0 0 0 0 0 0 127 0 0 0 0 0 231119 155804.760
0.0000000000 0.0000000000 0 0 0 0 0 0 0 0 127 0 0 0 0 0 231119 155804.961
0.0000000000 0.0000000000 0 0 0 0 0 0 0 0 127 0 0 0 0 0 231119 155805.161
0.0000000000 0.0000000000 0 0 0 0 0 0 0 0 127 0 0 0 0 0 231119 155805.361
0.0000000000 0.0000000000 0 0 0 0 0 0 0 0 127 0 0 0 0 0 231119 155805.561
0.0000000000 0.0000000000 0 0 0 0 0 0 0 0 127 0 0 0 0 0 231119 155805.762
0.0000000000 0.0000000000 0 0 0 0 0 0 0 0 127 0 0 0 0 0 231119 155805.962
0.0000000000 0.0000000000 0 0 0 0 0 0 0 0 127 0 0 0 0 0 231119 155806.163
0.0000000000 0.0000000000 0 0 0 0 0 0 0 0 127 0 0 0 0 0 231119 155806.363
