0.0000000000 0.0000000000 0 0 0 0 0 0 186 18 112 1 0 0 0 0 030519 154832.650
0.0000000000 0.0000000000 0 0 0 0 0 0 109 16 112 1 0 0 0 0 030519 154832.852
0.0000000000 0.0000000000 0 0 0 0 0 0 106 18 112 1 0 0 0 0 030519 154833.061
0.0000000000 0.0000000000 0 0 0 0 0 0 91 18 112 1 0 0 0 0 030519 154833.264
0.0000000000 0.0000000000 0 0 0 0 0 0 73 15 112 1 0 0 0 0 030519 154833.467
0.0000000000 0.0000000000 0 0 0 0 0 0 32 17 112 1 0 0 0 0 030519 154833.670
0.0000000000 0.0000000000 0 0 0 0 0 0 245 15 112 1 0 0 0 0 030519 154833.873
0.0000000000 0.0000000000 0 0 0 0 0 0 165 15 112 1 0 0 0 0 030519 154834.074
0.0000000000 0.0000000000 0 0 0 0 0 0 222 16 112 1 0 0 0 0 030519 154834.275
0.0000000000 0.0000000000 0 0 0 0 0 0 56 17 112 1 0 0 0 0 030519 154834.475
0.0000000000 0.0000000000 0 0 0 0 0 0 96 17 112 1 0 0 0 0 030519 154834.676
0.0000000000 0.0000000000 0 0 0 0 0 0 249 12 112 1 0 0 0 0 030519 154834.877
0.0000000000 0.0000000000 0 0 0 0 0 0 217 16 112 1 0 0 0 0 030519 154835.077
0.0000000000 0.0000000000 0 0 0 0 0 0 68 16 112 1 0 0 0 0 030519 154835.278
0.0000000000 0.0000000000 0 0 0 0 0 0 32 17 112 1 0 0 0 0 030519 154835.479
0.0000000000 0.0000000000 0 0 0 0 0 0 251 13 112 1 0 0 0 0 030519 154835.680
0.0000000000 0.0000000000 0 0 0 0 0 0 81 17 112 1 0 0 0 0 030519 154835.881
0.0000000000 0.0000000000 0 0 0 0 0 0 212 16 112 1 0 0 0 0 030519 154836.082
0.0000000000 0.0000000000 0 0 0 0 0 0 57 16 112 1 0 0 0 0 030519 154836.283
0.0000000000 0.0000000000 0 0 0 0 0 0 19 18 112 1 0 0 0 0 030519 154836.483
0.0000000000 0.0000000000 0 0 0 0 0 0 186 17 112 1 0 0 0 0 030519 154836.684
0.0000000000 0.0000000000 0 0 0 0 0 0 2 18 112 1 0 0 0 0 030519 154836.884
0.0000000000 0.0000000000 0 0 0 0 0 0 129 14 112 1 0 0 0 0 030519 154837.088
0.0000000000 0.0000000000 0 0 0 0 0 0 238 15 112 1 0 0 0 0 030519 154837.294
0.0000000000 0.0000000000 0 0 0 0 0 0 248 15 112 1 0 0 0 0 030519 154837.497
0.0000000000 0.0000000000 0 0 0 0 0 0 167 17 112 1 0 0 0 0 030519 154837.700
0.0000000000 0.0000000000 0 0 0 0 0 0 37 16 112 1 0 0 0 0 030519 154837.903
0.0000000000 0.0000000000 0 0 0 0 0 0 30 15 112 1 0 0 0 0 030519 154838.106
0.0000000000 0.0000000000 0 0 0 0 0 0 98 18 112 1 0 0 0 0 030519 154838.309
0.0000000000 0.0000000000 0 0 0 0 0 0 98 18 112 1 0 0 0 0 030519 154838.514
0.0000000000 0.0000000000 0 0 0 0 0 0 25 18 112 1 0 0 0 0 030519 154838.717
0.0000000000 0.0000000000 0 0 0 0 0 0 17 12 112 1 0 0 0 0 030519 154838.920
0.0000000000 0.0000000000 0 0 0 0 0 0 219 17 112 1 0 0 0 0 030519 154839.123
0.0000000000 0.0000000000 0 0 0 0 0 0 27 16 112 1 0 0 0 0 030519 154839.326
0.0000000000 0.0000000000 0 0 0 0 0 0 191 16 112 1 0 0 0 0 030519 154839.529
0.0000000000 0.0000000000 0 0 0 0 0 0 194 16 112 1 0 0 0 0 030519 154839.732
0.0000000000 0.0000000000 0 0 0 0 0 0 228 16 112 1 0 0 0 0 030519 154839.935
0.0000000000 0.0000000000 0 0 0 0 0 0 240 13 112 1 0 0 0 0 030519 154840.138
0.0000000000 0.0000000000 0 0 0 0 0 0 118 17 112 1 0 0 0 0 030519 154840.343
0.0000000000 0.0000000000 0 0 0 0 0 0 11 17 112 1 0 0 0 0 030519 154840.546
0.0000000000 0.0000000000 0 0 0 0 0 0 177 16 112 1 0 0 0 0 030519 154840.749
0.0000000000 0.0000000000 0 0 0 0 0 0 48 18 112 1 0 0 0 0 030519 154840.952
0.0000000000 0.0000000000 0 0 0 0 0 0 184 17 112 1 0 0 0 0 030519 154841.154
0.0000000000 0.0000000000 0 0 0 0 0 0 24 16 112 1 0 0 0 0 030519 154841.365
0.0000000000 0.0000000000 0 0 0 0 0 0 24 16 112 1 0 0 0 0 030519 154841.568
0.0000000000 0.0000000000 0 0 0 0 0 0 188 14 112 1 0 0 0 0 030519 154841.772
0.0000000000 0.0000000000 0 0 0 0 0 0 42 16 112 1 0 0 0 0 030519 154841.975
0.0000000000 0.0000000000 0 0 0 0 0 0 189 16 112 1 0 0 0 0 030519 154842.178
0.0000000000 0.0000000000 0 0 0 0 0 0 225 18 112 1 0 0 0 0 030519 154842.381
0.0000000000 0.0000000000 0 0 0 0 0 0 81 14 112 1 0 0 0 0 030519 154842.582
0.0000000000 0.0000000000 0 0 0 0 0 0 195 17 112 1 0 0 0 0 030519 154842.783
0.0000000000 0.0000000000 0 0 0 0 0 0 193 15 112 1 0 0 0 0 030519 154842.998
0.0000000000 0.0000000000 0 0 0 0 0 0 236 14 112 1 0 0 0 0 030519 154843.201
0.0000000000 0.0000000000 0 0 0 0 0 0 110 16 112 1 0 0 0 0 030519 154843.406
0.0000000000 0.0000000000 0 0 0 0 0 0 63 16 112 1 0 0 0 0 030519 154843.609
0.0000000000 0.0000000000 0 0 0 0 0 0 8 15 112 1 0 0 0 0 030519 154843.812
0.0000000000 0.0000000000 0 0 0 0 0 0 161 19 112 1 0 0 0 0 030519 154844.015
0.0000000000 0.0000000000 0 0 0 0 0 0 8 14 112 1 0 0 0 0 030519 154844.218
0.0000000000 0.0000000000 0 0 0 0 0 0 145 17 112 1 0 0 0 0 030519 154844.421
0.0000000000 0.0000000000 0 0 0 0 0 0 25 17 112 1 0 0 0 0 030519 154844.624
0.0000000000 0.0000000000 0 0 0 0 0 0 225 17 112 1 0 0 0 0 030519 154844.827
0.0000000000 0.0000000000 0 0 0 0 0 0 158 14 112 1 0 0 0 0 030519 154845.030
0.0000000000 0.0000000000 0 0 0 0 0 0 158 14 112 1 0 0 0 0 030519 154845.236
0.0000000000 0.0000000000 0 0 0 0 0 0 61 20 112 1 0 0 0 0 030519 154845.440
0.0000000000 0.0000000000 0 0 0 0 0 0 51 15 112 1 0 0 0 0 030519 154845.643
0.0000000000 0.0000000000 0 0 0 0 0 0 245 15 112 1 0 0 0 0 030519 154845.846
0.0000000000 0.0000000000 0 0 0 0 0 0 186 15 112 1 0 0 0 0 030519 154846.049
0.0000000000 0.0000000000 0 0 0 0 0 0 160 15 112 1 0 0 0 0 030519 154846.252
0.0000000000 0.0000000000 0 0 0 0 0 0 203 16 112 1 0 0 0 0 030519 154846.455
0.0000000000 0.0000000000 0 0 0 0 0 0 248 19 112 1 0 0 0 0 030519 154846.658
0.0000000000 0.0000000000 0 0 0 0 0 0 29 14 112 1 0 0 0 0 030519 154846.861
0.0000000000 0.0000000000 0 0 0 0 0 0 197 17 112 1 0 0 0 0 030519 154847.064
0.0000000000 0.0000000000 0 0 0 0 0 0 86 17 112 1 0 0 0 0 030519 154847.271
0.0000000000 0.0000000000 0 0 0 0 0 0 165 14 112 1 0 0 0 0 030519 154847.474
0.0000000000 0.0000000000 0 0 0 0 0 0 6 17 112 1 0 0 0 0 030519 154847.677
0.0000000000 0.0000000000 0 0 0 0 0 0 98 16 112 1 0 0 0 0 030519 154847.880
0.0000000000 0.0000000000 0 0 0 0 0 0 226 15 112 1 0 0 0 0 030519 154848.083
0.0000000000 0.0000000000 0 0 0 0 0 0 226 15 112 1 0 0 0 0 030519 154848.286
0.0000000000 0.0000000000 0 0 0 0 0 0 236 16 112 1 0 0 0 0 030519 154848.490
0.0000000000 0.0000000000 0 0 0 0 0 0 25 16 112 1 0 0 0 0 030519 154848.693
0.0000000000 0.0000000000 0 0 0 0 0 0 213 14 112 1 0 0 0 0 030519 154848.896
0.0000000000 0.0000000000 0 0 0 0 0 0 217 18 112 1 0 0 0 0 030519 154849.099
0.0000000000 0.0000000000 0 0 0 0 0 0 3 17 112 1 0 0 0 0 030519 154849.302
0.0000000000 0.0000000000 0 0 0 0 0 0 118 13 112 1 0 0 0 0 030519 154849.505
0.0000000000 0.0000000000 0 0 0 0 0 0 118 18 112 1 0 0 0 0 030519 154849.708
0.0000000000 0.0000000000 0 0 0 0 0 0 20 14 112 1 0 0 0 0 030519 154849.911
0.0000000000 0.0000000000 0 0 0 0 0 0 20 16 112 1 0 0 0 0 030519 154850.114
0.0000000000 0.0000000000 0 0 0 0 0 0 237 16 112 1 0 0 0 0 030519 154850.320
0.0000000000 0.0000000000 0 0 0 0 0 0 222 16 112 1 0 0 0 0 030519 154850.523
0.0000000000 0.0000000000 0 0 0 0 0 0 18 15 112 1 0 0 0 0 030519 154850.726
0.0000000000 0.0000000000 0 0 0 0 0 0 18 15 112 1 0 0 0 0 030519 154850.929
0.0000000000 0.0000000000 0 0 0 0 0 0 94 13 112 1 0 0 0 0 030519 154851.133
0.0000000000 0.0000000000 0 0 0 0 0 0 94 13 112 1 0 0 0 0 030519 154851.336
0.0000000000 0.0000000000 0 0 0 0 0 0 203 16 112 1 0 0 0 0 030519 154851.539
0.0000000000 0.0000000000 0 0 0 0 0 0 189 16 112 1 0 0 0 0 030519 154851.742
0.0000000000 0.0000000000 0 0 0 0 0 0 114 16 112 1 0 0 0 0 030519 154851.945
0.0000000000 0.0000000000 0 0 0 0 0 0 64 17 112 1 0 0 0 0 030519 154852.148
0.0000000000 0.0000000000 0 0 0 0 0 0 218 16 112 1 0 0 0 0 030519 154852.356
0.0000000000 0.0000000000 0 0 0 0 0 0 2 18 112 1 0 0 0 0 030519 154852.559
0.0000000000 0.0000000000 0 0 0 0 0 0 43 18 112 1 0 0 0 0 030519 154852.762
0.0000000000 0.0000000000 0 0 0 0 0 0 209 12 112 1 0 0 0 0 030519 154852.965
0.0000000000 0.0000000000 0 0 0 0 0 0 74 17 112 1 0 0 0 0 030519 154853.170
0.0000000000 0.0000000000 0 0 0 0 0 0 159 17 112 1 0 0 0 0 030519 154853.373
0.0000000000 0.0000000000 0 0 0 0 0 0 26 13 112 1 0 0 0 0 030519 154853.576
0.0000000000 0.0000000000 0 0 0 0 0 0 139 17 112 1 0 0 0 0 030519 154853.779
0.0000000000 0.0000000000 0 0 0 0 0 0 139 17 112 1 0 0 0 0 030519 154853.983
0.0000000000 0.0000000000 0 0 0 0 0 0 93 14 112 1 0 0 0 0 030519 154854.186
0.0000000000 0.0000000000 0 0 0 0 0 0 93 14 112 1 0 0 0 0 030519 154854.389
0.0000000000 0.0000000000 0 0 0 0 0 0 227 18 112 1 0 0 0 0 030519 154854.592
0.0000000000 0.0000000000 0 0 0 0 0 0 164 17 112 1 0 0 0 0 030519 154854.795
0.0000000000 0.0000000000 0 0 0 0 0 0 217 15 112 1 0 0 0 0 030519 154854.998
0.0000000000 0.0000000000 0 0 0 0 0 0 38 15 112 1 0 0 0 0 030519 154855.204
0.0000000000 0.0000000000 0 0 0 0 0 0 80 17 112 1 0 0 0 0 030519 154855.407
0.0000000000 0.0000000000 0 0 0 0 0 0 39 15 112 1 0 0 0 0 030519 154855.610
0.0000000000 0.0000000000 0 0 0 0 0 0 239 17 112 1 0 0 0 0 030519 154855.813
0.0000000000 0.0000000000 0 0 0 0 0 0 165 16 112 1 0 0 0 0 030519 154856.016
0.0000000000 0.0000000000 0 0 0 0 0 0 79 17 112 1 0 0 0 0 030519 154856.219
0.0000000000 0.0000000000 0 0 0 0 0 0 122 17 112 1 0 0 0 0 030519 154856.422
0.0000000000 0.0000000000 0 0 0 0 0 0 63 17 112 1 0 0 0 0 030519 154856.625
0.0000000000 0.0000000000 0 0 0 0 0 0 228 13 112 1 0 0 0 0 030519 154856.829
0.0000000000 0.0000000000 0 0 0 0 0 0 228 13 112 1 0 0 0 0 030519 154857.032
0.0000000000 0.0000000000 0 0 0 0 0 0 62 17 112 1 0 0 0 0 030519 154857.238
0.0000000000 0.0000000000 0 0 0 0 0 0 62 17 112 1 0 0 0 0 030519 154857.441
0.0000000000 0.0000000000 0 0 0 0 0 0 1 15 112 1 0 0 0 0 030519 154857.644
0.0000000000 0.0000000000 0 0 0 0 0 0 19 17 112 1 0 0 0 0 030519 154857.847
0.0000000000 0.0000000000 0 0 0 0 0 0 69 16 112 1 0 0 0 0 030519 154858.050
0.0000000000 0.0000000000 0 0 0 0 0 0 48 17 112 1 0 0 0 0 030519 154858.253
0.0000000000 0.0000000000 0 0 0 0 0 0 126 17 112 1 0 0 0 0 030519 154858.456
0.0000000000 0.0000000000 0 0 0 0 0 0 177 12 112 1 0 0 0 0 030519 154858.659
0.0000000000 0.0000000000 0 0 0 0 0 0 63 16 112 1 0 0 0 0 030519 154858.862
0.0000000000 0.0000000000 0 0 0 0 0 0 151 18 112 1 0 0 0 0 030519 154859.066
0.0000000000 0.0000000000 0 0 0 0 0 0 83 12 112 1 0 0 0 0 030519 154859.271
0.0000000000 0.0000000000 0 0 0 0 0 0 197 18 112 1 0 0 0 0 030519 154859.474
0.0000000000 0.0000000000 0 0 0 0 0 0 17 14 112 1 0 0 0 0 030519 154859.677
0.0000000000 0.0000000000 0 0 0 0 0 0 146 16 112 1 0 0 0 0 030519 154859.888
0.0000000000 0.0000000000 0 0 0 0 0 0 146 16 112 1 0 0 0 0 030519 154900.091
0.0000000000 0.0000000000 0 0 0 0 0 0 1 20 112 1 0 0 0 0 030519 154900.294
0.0000000000 0.0000000000 0 0 0 0 0 0 249 13 112 1 0 0 0 0 030519 154900.497
0.0000000000 0.0000000000 0 0 0 0 0 0 109 16 112 1 0 0 0 0 030519 154900.698
0.0000000000 0.0000000000 0 0 0 0 0 0 241 16 112 1 0 0 0 0 030519 154900.899
0.0000000000 0.0000000000 0 0 0 0 0 0 37 17 112 1 0 0 0 0 030519 154901.100
0.0000000000 0.0000000000 0 0 0 0 0 0 236 14 112 1 0 0 0 0 030519 154901.307
0.0000000000 0.0000000000 0 0 0 0 0 0 236 14 112 1 0 0 0 0 030519 154901.510
0.0000000000 0.0000000000 0 0 0 0 0 0 127 18 112 1 0 0 0 0 030519 154901.713
0.0000000000 0.0000000000 0 0 0 0 0 0 127 18 112 1 0 0 0 0 030519 154901.916
0.0000000000 0.0000000000 0 0 0 0 0 0 181 13 112 1 0 0 0 0 030519 154902.119
0.0000000000 0.0000000000 0 0 0 0 0 0 142 15 112 1 0 0 0 0 030519 154902.325
0.0000000000 0.0000000000 0 0 0 0 0 0 178 17 112 1 0 0 0 0 030519 154902.528
0.0000000000 0.0000000000 0 0 0 0 0 0 91 15 112 1 0 0 0 0 030519 154902.731
0.0000000000 0.0000000000 0 0 0 0 0 0 4 14 112 1 0 0 0 0 030519 154902.934
0.0000000000 0.0000000000 0 0 0 0 0 0 184 2 112 1 0 0 0 0 030519 154903.137
0.0000000000 0.0000000000 0 0 0 0 0 0 120 25 112 1 0 0 0 0 030519 154903.340
0.0000000000 0.0000000000 0 0 0 0 0 0 3 30 112 1 0 0 0 0 030519 154903.559
0.0000000000 0.0000000000 0 0 0 0 0 0 139 16 112 1 0 0 0 0 030519 154903.762
0.0000000000 0.0000000000 0 0 0 0 0 0 219 9 112 1 0 0 0 0 030519 154903.965
0.0000000000 0.0000000000 0 0 0 0 0 0 129 13 112 1 0 0 0 0 030519 154904.168
0.0000000000 0.0000000000 0 0 0 0 0 0 172 15 112 1 0 0 0 0 030519 154904.371
0.0000000000 0.0000000000 0 0 0 0 0 0 96 17 112 1 0 0 0 0 030519 154904.574
0.0000000000 0.0000000000 0 0 0 0 0 0 194 15 112 1 0 0 0 0 030519 154904.777
0.0000000000 0.0000000000 0 0 0 0 0 0 143 19 112 1 0 0 0 0 030519 154904.981
0.0000000000 0.0000000000 0 0 0 0 0 0 104 16 112 1 0 0 0 0 030519 154905.184
0.0000000000 0.0000000000 0 0 0 0 0 0 104 16 112 1 0 0 0 0 030519 154905.387
0.0000000000 0.0000000000 0 0 0 0 0 0 177 13 112 1 0 0 0 0 030519 154905.590
0.0000000000 0.0000000000 0 0 0 0 0 0 177 13 112 1 0 0 0 0 030519 154905.793
0.0000000000 0.0000000000 0 0 0 0 0 0 86 16 112 1 0 0 0 0 030519 154905.996
0.0000000000 0.0000000000 0 0 0 0 0 0 82 17 112 1 0 0 0 0 030519 154906.199
0.0000000000 0.0000000000 0 0 0 0 0 0 30 18 112 1 0 0 0 0 030519 154906.402
0.0000000000 0.0000000000 0 0 0 0 0 0 252 13 112 1 0 0 0 0 030519 154906.605
0.0000000000 0.0000000000 0 0 0 0 0 0 35 19 112 1 0 0 0 0 030519 154906.808
0.0000000000 0.0000000000 0 0 0 0 0 0 218 11 112 1 0 0 0 0 030519 154907.011
0.0000000000 0.0000000000 0 0 0 0 0 0 81 19 112 1 0 0 0 0 030519 154907.218
0.0000000000 0.0000000000 0 0 0 0 0 0 181 20 112 1 0 0 0 0 030519 154907.421
0.0000000000 0.0000000000 0 0 0 0 0 0 1 20 112 1 0 0 0 0 030519 154907.624
0.0000000000 0.0000000000 0 0 0 0 0 0 1 20 112 1 0 0 0 0 030519 154907.827
0.0000000000 0.0000000000 0 0 0 0 0 0 119 15 112 1 0 0 0 0 030519 154908.030
0.0000000000 0.0000000000 0 0 0 0 0 0 42 14 112 1 0 0 0 0 030519 154908.233
0.0000000000 0.0000000000 0 0 0 0 0 0 42 14 112 1 0 0 0 0 030519 154908.436
0.0000000000 0.0000000000 0 0 0 0 0 0 53 21 112 1 0 0 0 0 030519 154908.639
0.0000000000 0.0000000000 0 0 0 0 0 0 122 16 112 1 0 0 0 0 030519 154908.842
0.0000000000 0.0000000000 0 0 0 0 0 0 169 24 112 1 0 0 0 0 030519 154909.045
0.0000000000 0.0000000000 0 0 0 0 0 0 188 14 112 1 0 0 0 0 030519 154909.258
0.0000000000 0.0000000000 0 0 0 0 0 0 181 20 112 1 0 0 0 0 030519 154909.461
0.0000000000 0.0000000000 0 0 0 0 0 0 165 24 112 1 0 0 0 0 030519 154909.664
0.0000000000 0.0000000000 0 0 0 0 0 0 233 9 112 1 0 0 0 0 030519 154909.867
0.0000000000 0.0000000000 0 0 0 0 0 0 242 17 112 1 0 0 0 0 030519 154910.070
0.0000000000 0.0000000000 0 0 0 0 0 0 36 15 112 1 0 0 0 0 030519 154910.273
0.0000000000 0.0000000000 0 0 0 0 0 0 36 15 112 1 0 0 0 0 030519 154910.476
0.0000000000 0.0000000000 0 0 0 0 0 0 240 23 112 1 0 0 0 0 030519 154910.679
0.0000000000 0.0000000000 0 0 0 0 0 0 240 23 112 1 0 0 0 0 030519 154910.891
0.0000000000 0.0000000000 0 0 0 0 0 0 219 24 112 1 0 0 0 0 030519 154911.094
0.0000000000 0.0000000000 0 0 0 0 0 0 219 24 112 1 0 0 0 0 030519 154911.297
0.0000000000 0.0000000000 0 0 0 0 0 0 160 14 112 1 0 0 0 0 030519 154911.500
0.0000000000 0.0000000000 0 0 0 0 0 0 229 29 112 1 0 0 0 0 030519 154911.703
0.0000000000 0.0000000000 0 0 0 0 0 0 39 20 112 1 0 0 0 0 030519 154911.906
0.0000000000 0.0000000000 0 0 0 0 0 0 72 19 112 1 0 0 0 0 030519 154912.109
0.0000000000 0.0000000000 0 0 0 0 0 0 225 9 112 1 0 0 0 0 030519 154912.313
0.0000000000 0.0000000000 0 0 0 0 0 0 94 7 112 1 0 0 0 0 030519 154912.516
0.0000000000 0.0000000000 0 0 0 0 0 0 5 23 112 1 0 0 0 0 030519 154912.719
0.0000000000 0.0000000000 0 0 0 0 0 0 15 28 112 1 0 0 0 0 030519 154912.922
0.0000000000 0.0000000000 0 0 0 0 0 0 111 25 112 1 0 0 0 0 030519 154913.125
0.0000000000 0.0000000000 0 0 0 0 0 0 136 31 112 1 0 0 0 0 030519 154913.328
0.0000000000 0.0000000000 0 0 0 0 0 0 213 15 112 1 0 0 0 0 030519 154913.530
0.0000000000 0.0000000000 0 0 0 0 0 0 233 22 112 1 0 0 0 0 030519 154913.733
0.0000000000 0.0000000000 0 0 0 0 0 0 233 22 112 1 0 0 0 0 030519 154913.936
0.0000000000 0.0000000000 0 0 0 0 0 0 165 17 112 1 0 0 0 0 030519 154914.139
0.0000000000 0.0000000000 0 0 0 0 0 0 165 17 112 1 0 0 0 0 030519 154914.350
0.0000000000 0.0000000000 0 0 0 0 0 0 206 27 112 1 0 0 0 0 030519 154914.553
0.0000000000 0.0000000000 0 0 0 0 0 0 84 26 112 1 0 0 0 0 030519 154914.756
0.0000000000 0.0000000000 0 0 0 0 0 0 33 23 112 1 0 0 0 0 030519 154914.959
0.0000000000 0.0000000000 0 0 0 0 0 0 117 11 112 1 0 0 0 0 030519 154915.162
0.0000000000 0.0000000000 0 0 0 0 0 0 253 18 112 1 0 0 0 0 030519 154915.365
0.0000000000 0.0000000000 0 0 0 0 0 0 65 24 112 1 0 0 0 0 030519 154915.568
0.0000000000 0.0000000000 0 0 0 0 0 0 75 23 112 1 0 0 0 0 030519 154915.771
0.0000000000 0.0000000000 0 0 0 0 0 0 217 24 112 1 0 0 0 0 030519 154915.974
0.0000000000 0.0000000000 0 0 0 0 0 0 91 16 112 1 0 0 0 0 030519 154916.178
0.0000000000 0.0000000000 0 0 0 0 0 0 27 8 112 1 0 0 0 0 030519 154916.381
0.0000000000 0.0000000000 0 0 0 0 0 0 49 19 112 1 0 0 0 0 030519 154916.584
0.0000000000 0.0000000000 0 0 0 0 0 0 73 14 112 1 0 0 0 0 030519 154916.787
0.0000000000 0.0000000000 0 0 0 0 0 0 73 14 112 1 0 0 0 0 030519 154916.990
0.0000000000 0.0000000000 0 0 0 0 0 0 201 19 112 1 0 0 0 0 030519 154917.195
0.0000000000 0.0000000000 0 0 0 0 0 0 201 19 112 1 0 0 0 0 030519 154917.398
0.0000000000 0.0000000000 0 0 0 0 0 0 129 15 112 1 0 0 0 0 030519 154917.601
0.0000000000 0.0000000000 0 0 0 0 0 0 103 8 112 1 0 0 0 0 030519 154917.804
0.0000000000 0.0000000000 0 0 0 0 0 0 43 14 112 1 0 0 0 0 030519 154918.007
0.0000000000 0.0000000000 0 0 0 0 0 0 198 21 112 1 0 0 0 0 030519 154918.210
0.0000000000 0.0000000000 0 0 0 0 0 0 220 21 112 1 0 0 0 0 030519 154918.414
0.0000000000 0.0000000000 0 0 0 0 0 0 67 16 112 1 0 0 0 0 030519 154918.617
0.0000000000 0.0000000000 0 0 0 0 0 0 164 10 112 1 0 0 0 0 030519 154918.820
0.0000000000 0.0000000000 0 0 0 0 0 0 128 6 112 1 0 0 0 0 030519 154919.023
0.0000000000 0.0000000000 0 0 0 0 0 0 119 15 112 1 0 0 0 0 030519 154919.226
0.0000000000 0.0000000000 0 0 0 0 0 0 132 12 112 1 0 0 0 0 030519 154919.429
0.0000000000 0.0000000000 0 0 0 0 0 0 6 11 112 1 0 0 0 0 030519 154919.632
0.0000000000 0.0000000000 0 0 0 0 0 0 118 4 112 1 0 0 0 0 030519 154919.835
0.0000000000 0.0000000000 0 0 0 0 0 0 118 4 112 1 0 0 0 0 030519 154920.038
0.0000000000 0.0000000000 0 0 0 0 0 0 22 6 112 1 0 0 0 0 030519 154920.246
0.0000000000 0.0000000000 0 0 0 0 0 0 22 6 112 1 0 0 0 0 030519 154920.449
0.0000000000 0.0000000000 0 0 0 0 0 0 129 240 112 1 0 0 0 0 030519 154920.652
0.0000000000 0.0000000000 0 0 0 0 0 0 109 2 112 1 0 0 0 0 030519 154920.855
0.0000000000 0.0000000000 0 0 0 0 0 0 6 250 112 1 0 0 0 0 030519 154921.068
0.0000000000 0.0000000000 0 0 0 0 0 0 47 255 112 1 0 0 0 0 030519 154921.271
0.0000000000 0.0000000000 0 0 0 0 0 0 3 251 112 1 0 0 0 0 030519 154921.474
0.0000000000 0.0000000000 0 0 0 0 0 0 250 239 112 1 0 0 0 0 030519 154921.677
0.0000000000 0.0000000000 0 0 0 0 0 0 219 240 112 1 0 0 0 0 030519 154921.880
0.0000000000 0.0000000000 0 0 0 0 0 0 160 247 112 1 0 0 0 0 030519 154922.083
0.0000000000 0.0000000000 0 0 0 0 0 0 84 254 112 1 0 0 0 0 030519 154922.290
0.0000000000 0.0000000000 0 0 0 0 0 0 117 251 112 1 0 0 0 0 030519 154922.493
0.0000000000 0.0000000000 0 0 0 0 0 0 234 0 112 1 0 0 0 0 030519 154922.696
0.0000000000 0.0000000000 0 0 0 0 0 0 112 243 112 1 0 0 0 0 030519 154922.900
0.0000000000 0.0000000000 0 0 0 0 0 0 53 255 112 1 0 0 0 0 030519 154923.103
0.0000000000 0.0000000000 0 0 0 0 0 0 53 255 112 1 0 0 0 0 030519 154923.306
0.0000000000 0.0000000000 0 0 0 0 0 0 37 243 112 1 0 0 0 0 030519 154923.515
0.0000000000 0.0000000000 0 0 0 0 0 0 37 243 112 1 0 0 0 0 030519 154923.719
0.0000000000 0.0000000000 0 0 0 0 0 0 8 248 112 1 0 0 0 0 030519 154923.922
0.0000000000 0.0000000000 0 0 0 0 0 0 226 246 112 1 0 0 0 0 030519 154924.125
0.0000000000 0.0000000000 0 0 0 0 0 0 80 240 112 1 0 0 0 0 030519 154924.328
0.0000000000 0.0000000000 0 0 0 0 0 0 233 248 112 1 0 0 0 0 030519 154924.531
0.0000000000 0.0000000000 0 0 0 0 0 0 34 243 112 1 0 0 0 0 030519 154924.734
0.0000000000 0.0000000000 0 0 0 0 0 0 97 250 112 1 0 0 0 0 030519 154924.937
0.0000000000 0.0000000000 0 0 0 0 0 0 253 246 112 1 0 0 0 0 030519 154925.140
0.0000000000 0.0000000000 0 0 0 0 0 0 169 249 112 1 0 0 0 0 030519 154925.346
0.0000000000 0.0000000000 0 0 0 0 0 0 1 250 112 1 0 0 0 0 030519 154925.549
0.0000000000 0.0000000000 0 0 0 0 0 0 13 253 112 1 0 0 0 0 030519 154925.752
0.0000000000 0.0000000000 0 0 0 0 0 0 13 253 112 1 0 0 0 0 030519 154925.956
0.0000000000 0.0000000000 0 0 0 0 0 0 126 250 112 1 0 0 0 0 030519 154926.159
0.0000000000 0.0000000000 0 0 0 0 0 0 13 246 112 1 0 0 0 0 030519 154926.362
0.0000000000 0.0000000000 0 0 0 0 0 0 92 238 112 1 0 0 0 0 030519 154926.565
0.0000000000 0.0000000000 0 0 0 0 0 0 198 239 112 1 0 0 0 0 030519 154926.768
0.0000000000 0.0000000000 0 0 0 0 0 0 123 233 112 1 0 0 0 0 030519 154926.971
0.0000000000 0.0000000000 0 0 0 0 0 0 152 232 112 1 0 0 0 0 030519 154927.180
0.0000000000 0.0000000000 0 0 0 0 0 0 195 229 112 1 0 0 0 0 030519 154927.383
0.0000000000 0.0000000000 0 0 0 0 0 0 75 233 112 1 0 0 0 0 030519 154927.586
0.0000000000 0.0000000000 0 0 0 0 0 0 166 237 112 1 0 0 0 0 030519 154927.789
0.0000000000 0.0000000000 0 0 0 0 0 0 184 231 112 1 0 0 0 0 030519 154927.992
0.0000000000 0.0000000000 0 0 0 0 0 0 149 235 112 1 0 0 0 0 030519 154928.195
0.0000000000 0.0000000000 0 0 0 0 0 0 216 234 112 1 0 0 0 0 030519 154928.398
0.0000000000 0.0000000000 0 0 0 0 0 0 108 234 112 1 0 0 0 0 030519 154928.601
0.0000000000 0.0000000000 0 0 0 0 0 0 48 239 112 1 0 0 0 0 030519 154928.805
0.0000000000 0.0000000000 0 0 0 0 0 0 48 239 112 1 0 0 0 0 030519 154929.008
0.0000000000 0.0000000000 0 0 0 0 0 0 168 226 112 1 0 0 0 0 030519 154929.211
0.0000000000 0.0000000000 0 0 0 0 0 0 234 228 112 1 0 0 0 0 030519 154929.414
0.0000000000 0.0000000000 0 0 0 0 0 0 163 237 112 1 0 0 0 0 030519 154929.617
0.0000000000 0.0000000000 0 0 0 0 0 0 89 240 112 1 0 0 0 0 030519 154929.820
0.0000000000 0.0000000000 0 0 0 0 0 0 28 236 112 1 0 0 0 0 030519 154930.023
0.0000000000 0.0000000000 0 0 0 0 0 0 204 234 112 1 0 0 0 0 030519 154930.226
0.0000000000 0.0000000000 0 0 0 0 0 0 53 228 112 1 0 0 0 0 030519 154930.429
0.0000000000 0.0000000000 0 0 0 0 0 0 219 229 112 1 0 0 0 0 030519 154930.632
0.0000000000 0.0000000000 0 0 0 0 0 0 235 233 112 1 0 0 0 0 030519 154930.835
0.0000000000 0.0000000000 0 0 0 0 0 0 82 232 112 1 0 0 0 0 030519 154931.038
0.0000000000 0.0000000000 0 0 0 0 0 0 147 229 112 1 0 0 0 0 030519 154931.241
0.0000000000 0.0000000000 0 0 0 0 0 0 0 0 112 1 0 0 0 0 030519 154931.445
0.0000000000 0.0000000000 0 0 0 0 0 0 0 0 112 1 0 0 0 0 030519 154931.648
0.0000000000 0.0000000000 0 0 0 0 0 0 0 0 112 1 0 0 0 0 030519 154931.851
0.0000000000 0.0000000000 0 0 0 0 0 0 0 0 112 1 0 0 0 0 030519 154932.054
0.0000000000 0.0000000000 0 0 0 0 0 0 0 0 112 1 0 0 0 0 030519 154932.261
0.0000000000 0.0000000000 0 0 0 0 0 0 0 0 112 1 0 0 0 0 030519 154932.464
0.0000000000 0.0000000000 0 0 0 0 0 0 0 0 112 1 0 0 0 0 030519 154932.667
0.0000000000 0.0000000000 0 0 0 0 0 0 0 0 112 1 0 0 0 0 030519 154932.870
0.0000000000 0.0000000000 0 0 0 0 0 0 0 0 112 1 0 0 0 0 030519 154933.073
0.0000000000 0.0000000000 0 0 0 0 0 0 0 0 112 1 0 0 0 0 030519 154933.277
0.0000000000 0.0000000000 0 0 0 0 0 0 0 0 112 1 0 0 0 0 030519 154933.480
0.0000000000 0.0000000000 0 0 0 0 0 0 0 0 112 1 0 0 0 0 030519 154933.683
0.0000000000 0.0000000000 0 0 0 0 0 0 0 0 112 1 0 0 0 0 030519 154933.886
0.0000000000 0.0000000000 0 0 0 0 0 0 11 231 112 1 0 0 0 0 030519 154934.089
0.0000000000 0.0000000000 0 0 0 0 0 0 84 235 112 1 0 0 0 0 030519 154934.292
0.0000000000 0.0000000000 0 0 0 0 0 0 84 235 112 1 0 0 0 0 030519 154934.495
0.0000000000 0.0000000000 0 0 0 0 0 0 2 222 112 1 0 0 0 0 030519 154934.698
0.0000000000 0.0000000000 0 0 0 0 0 0 88 221 112 1 0 0 0 0 030519 154934.901
0.0000000000 0.0000000000 0 0 0 0 0 0 224 227 112 1 0 0 0 0 030519 154935.104
0.0000000000 0.0000000000 0 0 0 0 0 0 48 223 112 1 0 0 0 0 030519 154935.312
0.0000000000 0.0000000000 0 0 0 0 0 0 33 229 112 1 0 0 0 0 030519 154935.515
0.0000000000 0.0000000000 0 0 0 0 0 0 116 231 112 1 0 0 0 0 030519 154935.718
0.0000000000 0.0000000000 0 0 0 0 0 0 85 231 112 1 0 0 0 0 030519 154935.921
0.0000000000 0.0000000000 0 0 0 0 0 0 23 219 112 1 0 0 0 0 030519 154936.124
0.0000000000 0.0000000000 0 0 0 0 0 0 111 223 112 1 0 0 0 0 030519 154936.327
0.0000000000 0.0000000000 0 0 0 0 0 0 89 218 112 1 0 0 0 0 030519 154936.530
0.0000000000 0.0000000000 0 0 0 0 0 0 1 224 112 1 0 0 0 0 030519 154936.733
0.0000000000 0.0000000000 0 0 0 0 0 0 231 223 112 1 0 0 0 0 030519 154936.936
0.0000000000 0.0000000000 0 0 0 0 0 0 231 223 112 1 0 0 0 0 030519 154937.140
0.0000000000 0.0000000000 0 0 0 0 0 0 250 220 112 1 0 0 0 0 030519 154937.348
0.0000000000 0.0000000000 0 0 0 0 0 0 250 220 112 1 0 0 0 0 030519 154937.551
0.0000000000 0.0000000000 0 0 0 0 0 0 205 221 112 1 0 0 0 0 030519 154937.755
0.0000000000 0.0000000000 0 0 0 0 0 0 20 223 112 1 0 0 0 0 030519 154937.958
0.0000000000 0.0000000000 0 0 0 0 0 0 205 223 112 1 0 0 0 0 030519 154938.161
0.0000000000 0.0000000000 0 0 0 0 0 0 90 223 112 1 0 0 0 0 030519 154938.362
0.0000000000 0.0000000000 0 0 0 0 0 0 174 225 112 1 0 0 0 0 030519 154938.563
0.0000000000 0.0000000000 0 0 0 0 0 0 87 216 112 1 0 0 0 0 030519 154938.764
0.0000000000 0.0000000000 0 0 0 0 0 0 203 218 112 1 0 0 0 0 030519 154938.964
0.0000000000 0.0000000000 0 0 0 0 0 0 70 223 112 1 0 0 0 0 030519 154939.166
0.0000000000 0.0000000000 0 0 0 0 0 0 61 217 112 1 0 0 0 0 030519 154939.369
0.0000000000 0.0000000000 0 0 0 0 0 0 76 219 112 1 0 0 0 0 030519 154939.571
0.0000000000 0.0000000000 0 0 0 0 0 0 170 221 112 1 0 0 0 0 030519 154939.771
0.0000000000 0.0000000000 0 0 0 0 0 0 46 226 112 1 0 0 0 0 030519 154939.972
0.0000000000 0.0000000000 0 0 0 0 0 0 182 217 112 1 0 0 0 0 030519 154940.173
0.0000000000 0.0000000000 0 0 0 0 0 0 139 221 112 1 0 0 0 0 030519 154940.374
0.0000000000 0.0000000000 0 0 0 0 0 0 139 221 112 1 0 0 0 0 030519 154940.575
