0.0000000000 0.0000000000 0 0 0 0 0 0 0 0 127 0 0 0 0 0 040619 122033.193
0.0000000000 0.0000000000 0 0 0 0 0 0 0 0 127 0 0 0 0 0 040619 122033.394
0.0000000000 0.0000000000 0 0 0 0 0 0 0 0 127 0 0 0 0 0 040619 122033.594
0.0000000000 0.0000000000 0 0 0 0 0 0 0 0 127 0 0 0 0 0 040619 122033.794
0.0000000000 0.0000000000 0 0 0 0 0 0 0 0 127 0 0 0 0 0 040619 122033.994
0.0000000000 0.0000000000 0 0 0 0 0 0 0 0 127 0 0 0 0 0 040619 122034.195
0.0000000000 0.0000000000 0 0 0 0 0 0 0 0 127 0 0 0 0 0 040619 122034.395
0.0000000000 0.0000000000 0 0 0 0 0 0 0 0 127 0 0 0 0 0 040619 122034.595
0.0000000000 0.0000000000 0 0 0 0 0 0 0 0 127 0 0 0 0 0 040619 122034.795
0.0000000000 0.0000000000 0 0 0 0 0 0 0 0 127 0 0 0 0 0 040619 122034.996
0.0000000000 0.0000000000 0 0 0 0 0 0 0 0 127 0 0 0 0 0 040619 122035.196
0.0000000000 0.0000000000 0 0 0 0 0 0 0 0 127 0 0 0 0 0 040619 122035.396
0.0000000000 0.0000000000 0 0 0 0 0 0 0 0 127 0 0 0 0 0 040619 122035.596
0.0000000000 0.0000000000 0 0 0 0 0 0 0 0 127 0 0 0 0 0 040619 122035.797
0.0000000000 0.0000000000 0 0 0 0 0 0 0 0 127 0 0 0 0 0 040619 122035.997
0.0000000000 0.0000000000 0 0 0 0 0 0 0 0 127 0 0 0 0 0 040619 122036.197
0.0000000000 0.0000000000 0 0 0 0 0 0 0 0 127 0 0 0 0 0 040619 122036.397
0.0000000000 0.0000000000 0 0 0 0 0 0 0 0 127 0 0 0 0 0 040619 122036.598
0.0000000000 0.0000000000 0 0 0 0 0 0 0 0 127 0 0 0 0 0 040619 122036.798
0.0000000000 0.0000000000 0 0 0 0 0 0 0 0 127 0 0 0 0 0 040619 122036.998
0.0000000000 0.0000000000 0 0 0 0 0 0 0 0 127 0 0 0 0 0 040619 122037.198
0.0000000000 0.0000000000 0 0 0 0 0 0 0 0 127 0 0 0 0 0 040619 122037.399
0.0000000000 0.0000000000 0 0 0 0 0 0 0 0 127 0 0 0 0 0 040619 122037.599
0.0000000000 0.0000000000 0 0 0 0 0 0 0 0 127 0 0 0 0 0 040619 122037.799
0.0000000000 0.0000000000 0 0 0 0 0 0 0 0 127 0 0 0 0 0 040619 122037.999
0.0000000000 0.0000000000 0 0 0 0 0 0 0 0 127 0 0 0 0 0 040619 122038.200
0.0000000000 0.0000000000 0 0 0 0 0 0 0 0 127 0 0 0 0 0 040619 122038.400
0.0000000000 0.0000000000 0 0 0 0 0 0 0 0 127 0 0 0 0 0 040619 122038.600
0.0000000000 0.0000000000 0 0 0 0 0 0 0 0 127 0 0 0 0 0 040619 122038.800
0.0000000000 0.0000000000 0 0 0 0 0 0 0 0 127 0 0 0 0 0 040619 122039.001
0.0000000000 0.0000000000 0 0 0 0 0 0 0 0 127 0 0 0 0 0 040619 122039.201
0.0000000000 0.0000000000 0 0 0 0 0 0 0 0 127 0 0 0 0 0 040619 122039.401
0.0000000000 0.0000000000 0 0 0 0 0 0 0 0 127 0 0 0 0 0 040619 122039.601
0.0000000000 0.0000000000 0 0 0 0 0 0 0 0 127 0 0 0 0 0 040619 122039.802
0.0000000000 0.0000000000 0 0 0 0 0 0 0 0 127 0 0 0 0 0 040619 122040.002
0.0000000000 0.0000000000 0 0 0 0 0 0 0 0 127 0 0 0 0 0 040619 122040.202
0.0000000000 0.0000000000 0 0 0 0 0 0 0 0 127 0 0 0 0 0 040619 122040.402
0.0000000000 0.0000000000 0 0 0 0 0 0 0 0 127 0 0 0 0 0 040619 122040.603
0.0000000000 0.0000000000 0 0 0 0 0 0 0 0 127 0 0 0 0 0 040619 122040.803
0.0000000000 0.0000000000 0 0 0 0 0 0 0 0 127 0 0 0 0 0 040619 122041.003
0.0000000000 0.0000000000 0 0 0 0 0 0 0 0 127 0 0 0 0 0 040619 122041.203
0.0000000000 0.0000000000 0 0 0 0 0 0 0 0 127 0 0 0 0 0 040619 122041.404
0.0000000000 0.0000000000 0 0 0 0 0 0 0 0 127 0 0 0 0 0 040619 122041.604
0.0000000000 0.0000000000 0 0 0 0 0 0 0 0 127 0 0 0 0 0 040619 122041.804
0.0000000000 0.0000000000 0 0 0 0 0 0 0 0 127 0 0 0 0 0 040619 122042.004
0.0000000000 0.0000000000 0 0 0 0 0 0 0 0 127 0 0 0 0 0 040619 122042.205
0.0000000000 0.0000000000 0 0 0 0 0 0 0 0 127 0 0 0 0 0 040619 122042.405
0.0000000000 0.0000000000 0 0 0 0 0 0 0 0 127 0 0 0 0 0 040619 122042.605
0.0000000000 0.0000000000 0 0 0 0 0 0 0 0 127 0 0 0 0 0 040619 122042.805
0.0000000000 0.0000000000 0 0 0 0 0 0 0 0 127 0 0 0 0 0 040619 122043.005
0.0000000000 0.0000000000 0 0 0 0 0 0 0 0 127 0 0 0 0 0 040619 122043.206
0.0000000000 0.0000000000 0 0 0 0 0 0 68 46 112 1 0 0 0 0 040619 122043.406
0.0000000000 0.0000000000 0 0 0 0 0 0 190 46 112 1 0 0 0 0 040619 122043.606
0.0000000000 0.0000000000 0 0 0 0 0 0 150 46 112 1 0 0 0 0 040619 122043.806
0.0000000000 0.0000000000 0 0 0 0 0 0 238 47 112 1 0 0 0 0 040619 122044.007
0.0000000000 0.0000000000 0 0 0 0 0 0 183 45 112 1 0 0 0 0 040619 122044.207
0.0000000000 0.0000000000 0 0 0 0 0 0 166 47 112 1 0 0 0 0 040619 122044.407
0.0000000000 0.0000000000 0 0 0 0 0 0 68 50 112 1 0 0 0 0 040619 122044.607
0.0000000000 0.0000000000 0 0 0 0 0 0 126 45 112 1 0 0 0 0 040619 122044.807
0.0000000000 0.0000000000 0 0 0 0 0 0 126 45 112 1 0 0 0 0 040619 122045.008
