0.0000000000 0.0000000000 0 0 0 0 0 0 22 9 112 1 0 0 0 0 221219 165337.801
0.0000000000 0.0000000000 0 0 0 0 0 0 252 7 112 1 0 0 0 0 221219 165338.001
0.0000000000 0.0000000000 0 0 0 0 0 0 0 0 112 1 0 0 0 0 221219 165338.201
0.0000000000 0.0000000000 0 0 0 0 0 0 0 0 112 1 0 0 0 0 221219 165338.401
0.0000000000 0.0000000000 0 0 0 0 0 0 0 0 112 1 0 0 0 0 221219 165338.601
0.0000000000 0.0000000000 0 0 0 0 0 0 0 0 112 1 0 0 0 0 221219 165338.801
0.0000000000 0.0000000000 0 0 0 0 0 0 0 0 112 1 0 0 0 0 221219 165339.002
0.0000000000 0.0000000000 0 0 0 0 0 0 0 0 112 1 0 0 0 0 221219 165339.202
0.0000000000 0.0000000000 0 0 0 0 0 0 0 0 112 1 0 0 0 0 221219 165339.402
0.0000000000 0.0000000000 0 0 0 0 0 0 0 0 112 1 0 0 0 0 221219 165339.602
0.0000000000 0.0000000000 0 0 0 0 0 0 0 0 112 1 0 0 0 0 221219 165339.802
0.0000000000 0.0000000000 0 0 0 0 0 0 0 0 112 1 0 0 0 0 221219 165340.002
0.0000000000 0.0000000000 0 0 0 0 0 0 0 0 112 1 0 0 0 0 221219 165340.203
0.0000000000 0.0000000000 0 0 0 0 0 0 0 0 112 1 0 0 0 0 221219 165340.403
0.0000000000 0.0000000000 0 0 0 0 0 0 0 0 112 1 0 0 0 0 221219 165340.603
0.0000000000 0.0000000000 0 0 0 0 0 0 0 0 112 1 0 0 0 0 221219 165340.803
0.0000000000 0.0000000000 0 0 0 0 0 0 0 0 112 1 0 0 0 0 221219 165341.003
0.0000000000 0.0000000000 0 0 0 0 0 0 0 0 112 1 0 0 0 0 221219 165341.203
0.0000000000 0.0000000000 0 0 0 0 0 0 0 0 112 1 0 0 0 0 221219 165341.403
0.0000000000 0.0000000000 0 0 0 0 0 0 0 0 112 1 0 0 0 0 221219 165341.604
0.0000000000 0.0000000000 0 0 0 0 0 0 0 0 112 1 0 0 0 0 221219 165341.804
0.0000000000 0.0000000000 0 0 0 0 0 0 0 0 112 1 0 0 0 0 221219 165342.004
0.0000000000 0.0000000000 0 0 0 0 0 0 0 0 112 1 0 0 0 0 221219 165342.204
0.0000000000 0.0000000000 0 0 0 0 0 0 0 0 112 1 0 0 0 0 221219 165342.404
0.0000000000 0.0000000000 0 0 0 0 0 0 0 0 112 1 0 0 0 0 221219 165342.604
0.0000000000 0.0000000000 0 0 0 0 0 0 0 0 112 1 0 0 0 0 221219 165342.804
0.0000000000 0.0000000000 0 0 0 0 0 0 0 0 112 1 0 0 0 0 221219 165343.005
0.0000000000 0.0000000000 0 0 0 0 0 0 0 0 112 1 0 0 0 0 221219 165343.205
0.0000000000 0.0000000000 0 0 0 0 0 0 0 0 112 1 0 0 0 0 221219 165343.405
0.0000000000 0.0000000000 0 0 0 0 0 0 0 0 112 1 0 0 0 0 221219 165343.605
0.0000000000 0.0000000000 0 0 0 0 0 0 0 0 112 1 0 0 0 0 221219 165343.805
0.0000000000 0.0000000000 0 0 0 0 0 0 0 0 112 1 0 0 0 0 221219 165344.006
0.0000000000 0.0000000000 0 0 0 0 0 0 0 0 112 1 0 0 0 0 221219 165344.206
0.0000000000 0.0000000000 0 0 0 0 0 0 0 0 112 1 0 0 0 0 221219 165344.406
0.0000000000 0.0000000000 0 0 0 0 0 0 0 0 112 1 0 0 0 0 221219 165344.606
0.0000000000 0.0000000000 0 0 0 0 0 0 0 0 112 1 0 0 0 0 221219 165344.806
0.0000000000 0.0000000000 0 0 0 0 0 0 0 0 112 1 0 0 0 0 221219 165345.006
0.0000000000 0.0000000000 0 0 0 0 0 0 0 0 112 1 0 0 0 0 221219 165345.207
0.0000000000 0.0000000000 0 0 0 0 0 0 0 0 112 1 0 0 0 0 221219 165345.407
0.0000000000 0.0000000000 0 0 0 0 0 0 0 0 112 1 0 0 0 0 221219 165345.607
0.0000000000 0.0000000000 0 0 0 0 0 0 0 0 112 1 0 0 0 0 221219 165345.807
0.0000000000 0.0000000000 0 0 0 0 0 0 0 0 112 1 0 0 0 0 221219 165346.007
0.0000000000 0.0000000000 0 0 0 0 0 0 0 0 112 1 0 0 0 0 221219 165346.207
0.0000000000 0.0000000000 0 0 0 0 0 0 0 0 112 1 0 0 0 0 221219 165346.407
0.0000000000 0.0000000000 0 0 0 0 0 0 0 0 112 1 0 0 0 0 221219 165346.607
0.0000000000 0.0000000000 0 0 0 0 0 0 0 0 112 1 0 0 0 0 221219 165346.808
0.0000000000 0.0000000000 0 0 0 0 0 0 0 0 112 1 0 0 0 0 221219 165347.008
0.0000000000 0.0000000000 0 0 0 0 0 0 0 0 112 1 0 0 0 0 221219 165347.208
0.0000000000 0.0000000000 0 0 0 0 0 0 0 0 112 1 0 0 0 0 221219 165347.408
0.0000000000 0.0000000000 0 0 0 0 0 0 0 0 112 1 0 0 0 0 221219 165347.608
0.0000000000 0.0000000000 0 0 0 0 0 0 0 0 112 1 0 0 0 0 221219 165347.808
0.0000000000 0.0000000000 0 0 0 0 0 0 0 0 112 1 0 0 0 0 221219 165348.008
0.0000000000 0.0000000000 0 0 0 0 0 0 0 0 112 1 0 0 0 0 221219 165348.208
0.0000000000 0.0000000000 0 0 0 0 0 0 0 0 112 1 0 0 0 0 221219 165348.409
0.0000000000 0.0000000000 0 0 0 0 0 0 0 0 112 1 0 0 0 0 221219 165348.609
0.0000000000 0.0000000000 0 0 0 0 0 0 0 0 112 1 0 0 0 0 221219 165348.809
0.0000000000 0.0000000000 0 0 0 0 0 0 0 0 112 1 0 0 0 0 221219 165349.009
0.0000000000 0.0000000000 0 0 0 0 0 0 0 0 112 1 0 0 0 0 221219 165349.209
0.0000000000 0.0000000000 0 0 0 0 0 0 0 0 112 1 0 0 0 0 221219 165349.409
0.0000000000 0.0000000000 0 0 0 0 0 0 0 0 112 1 0 0 0 0 221219 165349.609
0.0000000000 0.0000000000 0 0 0 0 0 0 0 0 112 1 0 0 0 0 221219 165349.810
0.0000000000 0.0000000000 0 0 0 0 0 0 0 0 127 0 0 0 0 0 221219 165350.010
0.0000000000 0.0000000000 0 0 0 0 0 0 0 0 127 0 0 0 0 0 221219 165350.210
0.0000000000 0.0000000000 0 0 0 0 0 0 0 0 127 0 0 0 0 0 221219 165350.410
0.0000000000 0.0000000000 0 0 0 0 0 0 0 0 127 0 0 0 0 0 221219 165350.610
0.0000000000 0.0000000000 0 0 0 0 0 0 0 0 127 0 0 0 0 0 221219 165350.811
0.0000000000 0.0000000000 0 0 0 0 0 0 0 0 127 0 0 0 0 0 221219 165351.011
0.0000000000 0.0000000000 0 0 0 0 0 0 0 0 127 0 0 0 0 0 221219 165351.211
0.0000000000 0.0000000000 0 0 0 0 0 0 0 0 112 1 0 0 0 0 221219 165351.411
0.0000000000 0.0000000000 0 0 0 0 0 0 0 0 112 1 0 0 0 0 221219 165351.611
0.0000000000 0.0000000000 0 0 0 0 0 0 0 0 112 1 0 0 0 0 221219 165351.811
0.0000000000 0.0000000000 0 0 0 0 0 0 0 0 127 0 0 0 0 0 221219 165352.012
0.0000000000 0.0000000000 0 0 0 0 0 0 0 0 127 0 0 0 0 0 221219 165352.212
0.0000000000 0.0000000000 0 0 0 0 0 0 0 0 112 1 0 0 0 0 221219 165352.412
0.0000000000 0.0000000000 0 0 0 0 0 0 0 0 112 1 0 0 0 0 221219 165352.612
0.0000000000 0.0000000000 0 0 0 0 0 0 0 0 127 0 0 0 0 0 221219 165352.812
0.0000000000 0.0000000000 0 0 0 0 0 0 0 0 127 0 0 0 0 0 221219 165353.012
0.0000000000 0.0000000000 0 0 0 0 0 0 0 0 127 0 0 0 0 0 221219 165353.213
0.0000000000 0.0000000000 0 0 0 0 0 0 0 0 127 0 0 0 0 0 221219 165353.413
0.0000000000 0.0000000000 0 0 0 0 0 0 0 0 127 0 0 0 0 0 221219 165353.613
0.0000000000 0.0000000000 0 0 0 0 0 0 0 0 127 0 0 0 0 0 221219 165353.813
0.0000000000 0.0000000000 0 0 0 0 0 0 0 0 127 0 0 0 0 0 221219 165354.013
0.0000000000 0.0000000000 0 0 0 0 0 0 0 0 127 0 0 0 0 0 221219 165354.213
0.0000000000 0.0000000000 0 0 0 0 0 0 0 0 127 0 0 0 0 0 221219 165354.414
0.0000000000 0.0000000000 0 0 0 0 0 0 0 0 127 0 0 0 0 0 221219 165354.614
0.0000000000 0.0000000000 0 0 0 0 0 0 0 0 127 0 0 0 0 0 221219 165354.814
0.0000000000 0.0000000000 0 0 0 0 0 0 0 0 127 0 0 0 0 0 221219 165355.014
0.0000000000 0.0000000000 0 0 0 0 0 0 0 0 127 0 0 0 0 0 221219 165355.214
0.0000000000 0.0000000000 0 0 0 0 0 0 0 0 127 0 0 0 0 0 221219 165355.414
0.0000000000 0.0000000000 0 0 0 0 0 0 0 0 112 1 0 0 0 0 221219 165355.615
0.0000000000 0.0000000000 0 0 0 0 0 0 0 0 127 0 0 0 0 0 221219 165355.815
0.0000000000 0.0000000000 0 0 0 0 0 0 0 0 127 0 0 0 0 0 221219 165356.015
0.0000000000 0.0000000000 0 0 0 0 0 0 0 0 127 0 0 0 0 0 221219 165356.215
0.0000000000 0.0000000000 0 0 0 0 0 0 0 0 127 0 0 0 0 0 221219 165356.415
0.0000000000 0.0000000000 0 0 0 0 0 0 0 0 127 0 0 0 0 0 221219 165356.615
0.0000000000 0.0000000000 0 0 0 0 0 0 0 0 127 0 0 0 0 0 221219 165356.816
0.0000000000 0.0000000000 0 0 0 0 0 0 0 0 127 0 0 0 0 0 221219 165357.016
0.0000000000 0.0000000000 0 0 0 0 0 0 0 0 127 0 0 0 0 0 221219 165357.216
0.0000000000 0.0000000000 0 0 0 0 0 0 0 0 127 0 0 0 0 0 221219 165357.416
0.0000000000 0.0000000000 0 0 0 0 0 0 0 0 127 0 0 0 0 0 221219 165357.616
0.0000000000 0.0000000000 0 0 0 0 0 0 0 0 127 0 0 0 0 0 221219 165357.816
0.0000000000 0.0000000000 0 0 0 0 0 0 0 0 127 0 0 0 0 0 221219 165358.017
0.0000000000 0.0000000000 0 0 0 0 0 0 0 0 127 0 0 0 0 0 221219 165358.217
0.0000000000 0.0000000000 0 0 0 0 0 0 0 0 127 0 0 0 0 0 221219 165358.417
0.0000000000 0.0000000000 0 0 0 0 0 0 0 0 127 0 0 0 0 0 221219 165358.617
0.0000000000 0.0000000000 0 0 0 0 0 0 0 0 127 0 0 0 0 0 221219 165358.817
0.0000000000 0.0000000000 0 0 0 0 0 0 0 0 127 0 0 0 0 0 221219 165359.017
0.0000000000 0.0000000000 0 0 0 0 0 0 0 0 127 0 0 0 0 0 221219 165359.218
0.0000000000 0.0000000000 0 0 0 0 0 0 0 0 112 1 0 0 0 0 221219 165359.418
0.0000000000 0.0000000000 0 0 0 0 0 0 0 0 112 1 0 0 0 0 221219 165359.618
0.0000000000 0.0000000000 0 0 0 0 0 0 0 0 112 1 0 0 0 0 221219 165359.818
0.0000000000 0.0000000000 0 0 0 0 0 0 0 0 112 1 0 0 0 0 221219 165400.018
0.0000000000 0.0000000000 0 0 0 0 0 0 0 0 112 1 0 0 0 0 221219 165400.218
0.0000000000 0.0000000000 0 0 0 0 0 0 0 0 112 1 0 0 0 0 221219 165400.418
0.0000000000 0.0000000000 0 0 0 0 0 0 0 0 112 1 0 0 0 0 221219 165400.619
0.0000000000 0.0000000000 0 0 0 0 0 0 0 0 112 1 0 0 0 0 221219 165400.819
0.0000000000 0.0000000000 0 0 0 0 0 0 0 0 112 1 0 0 0 0 221219 165401.019
0.0000000000 0.0000000000 0 0 0 0 0 0 0 0 112 1 0 0 0 0 221219 165401.219
0.0000000000 0.0000000000 0 0 0 0 0 0 0 0 112 1 0 0 0 0 221219 165401.419
0.0000000000 0.0000000000 0 0 0 0 0 0 0 0 112 1 0 0 0 0 221219 165401.619
0.0000000000 0.0000000000 0 0 0 0 0 0 0 0 112 1 0 0 0 0 221219 165401.819
0.0000000000 0.0000000000 0 0 0 0 0 0 0 0 112 1 0 0 0 0 221219 165402.020
0.0000000000 0.0000000000 0 0 0 0 0 0 0 0 112 1 0 0 0 0 221219 165402.220
0.0000000000 0.0000000000 0 0 0 0 0 0 0 0 112 1 0 0 0 0 221219 165402.420
0.0000000000 0.0000000000 0 0 0 0 0 0 0 0 112 1 0 0 0 0 221219 165402.620
0.0000000000 0.0000000000 0 0 0 0 0 0 0 0 112 1 0 0 0 0 221219 165402.820
0.0000000000 0.0000000000 0 0 0 0 0 0 0 0 112 1 0 0 0 0 221219 165403.020
0.0000000000 0.0000000000 0 0 0 0 0 0 0 0 112 1 0 0 0 0 221219 165403.220
0.0000000000 0.0000000000 0 0 0 0 0 0 0 0 112 1 0 0 0 0 221219 165403.420
0.0000000000 0.0000000000 0 0 0 0 0 0 0 0 112 1 0 0 0 0 221219 165403.621
0.0000000000 0.0000000000 0 0 0 0 0 0 0 0 112 1 0 0 0 0 221219 165403.821
0.0000000000 0.0000000000 0 0 0 0 0 0 0 0 112 1 0 0 0 0 221219 165404.021
0.0000000000 0.0000000000 0 0 0 0 0 0 0 0 112 1 0 0 0 0 221219 165404.221
0.0000000000 0.0000000000 0 0 0 0 0 0 0 0 112 1 0 0 0 0 221219 165404.421
0.0000000000 0.0000000000 0 0 0 0 0 0 0 0 112 1 0 0 0 0 221219 165404.621
0.0000000000 0.0000000000 0 0 0 0 0 0 0 0 112 1 0 0 0 0 221219 165404.821
0.0000000000 0.0000000000 0 0 0 0 0 0 0 0 112 1 0 0 0 0 221219 165405.022
0.0000000000 0.0000000000 0 0 0 0 0 0 0 0 112 1 0 0 0 0 221219 165405.222
0.0000000000 0.0000000000 0 0 0 0 0 0 0 0 112 1 0 0 0 0 221219 165405.422
0.0000000000 0.0000000000 0 0 0 0 0 0 0 0 112 1 0 0 0 0 221219 165405.622
0.0000000000 0.0000000000 0 0 0 0 0 0 0 0 112 1 0 0 0 0 221219 165405.822
0.0000000000 0.0000000000 0 0 0 0 0 0 0 0 112 1 0 0 0 0 221219 165406.022
0.0000000000 0.0000000000 0 0 0 0 0 0 0 0 112 1 0 0 0 0 221219 165406.222
0.0000000000 0.0000000000 0 0 0 0 0 0 0 0 112 1 0 0 0 0 221219 165406.423
0.0000000000 0.0000000000 0 0 0 0 0 0 0 0 112 1 0 0 0 0 221219 165406.623
0.0000000000 0.0000000000 0 0 0 0 0 0 0 0 112 1 0 0 0 0 221219 165406.823
0.0000000000 0.0000000000 0 0 0 0 0 0 0 0 112 1 0 0 0 0 221219 165407.023
0.0000000000 0.0000000000 0 0 0 0 0 0 0 0 112 1 0 0 0 0 221219 165407.223
0.0000000000 0.0000000000 0 0 0 0 0 0 0 0 112 1 0 0 0 0 221219 165407.423
0.0000000000 0.0000000000 0 0 0 0 0 0 0 0 112 1 0 0 0 0 221219 165407.624
0.0000000000 0.0000000000 0 0 0 0 0 0 0 0 112 1 0 0 0 0 221219 165407.824
0.0000000000 0.0000000000 0 0 0 0 0 0 0 0 112 1 0 0 0 0 221219 165408.024
0.0000000000 0.0000000000 0 0 0 0 0 0 0 0 112 1 0 0 0 0 221219 165408.224
0.0000000000 0.0000000000 0 0 0 0 0 0 0 0 112 1 0 0 0 0 221219 165408.424
0.0000000000 0.0000000000 0 0 0 0 0 0 0 0 112 1 0 0 0 0 221219 165408.624
0.0000000000 0.0000000000 0 0 0 0 0 0 0 0 112 1 0 0 0 0 221219 165408.824
0.0000000000 0.0000000000 0 0 0 0 0 0 0 0 112 1 0 0 0 0 221219 165409.025
0.0000000000 0.0000000000 0 0 0 0 0 0 0 0 112 1 0 0 0 0 221219 165409.225
0.0000000000 0.0000000000 0 0 0 0 0 0 0 0 112 1 0 0 0 0 221219 165409.425
0.0000000000 0.0000000000 0 0 0 0 0 0 0 0 112 1 0 0 0 0 221219 165409.625
0.0000000000 0.0000000000 0 0 0 0 0 0 0 0 112 1 0 0 0 0 221219 165409.825
0.0000000000 0.0000000000 0 0 0 0 0 0 0 0 112 1 0 0 0 0 221219 165410.025
0.0000000000 0.0000000000 0 0 0 0 0 0 0 0 112 1 0 0 0 0 221219 165410.226
0.0000000000 0.0000000000 0 0 0 0 0 0 0 0 112 1 0 0 0 0 221219 165410.426
0.0000000000 0.0000000000 0 0 0 0 0 0 0 0 112 1 0 0 0 0 221219 165410.626
0.0000000000 0.0000000000 0 0 0 0 0 0 0 0 112 1 0 0 0 0 221219 165410.826
0.0000000000 0.0000000000 0 0 0 0 0 0 0 0 112 1 0 0 0 0 221219 165411.026
0.0000000000 0.0000000000 0 0 0 0 0 0 0 0 112 1 0 0 0 0 221219 165411.226
0.0000000000 0.0000000000 0 0 0 0 0 0 0 0 112 1 0 0 0 0 221219 165411.427
0.0000000000 0.0000000000 0 0 0 0 0 0 0 0 112 1 0 0 0 0 221219 165411.627
0.0000000000 0.0000000000 0 0 0 0 0 0 0 0 112 1 0 0 0 0 221219 165411.827
0.0000000000 0.0000000000 0 0 0 0 0 0 0 0 112 1 0 0 0 0 221219 165412.027
0.0000000000 0.0000000000 0 0 0 0 0 0 0 0 112 1 0 0 0 0 221219 165412.227
0.0000000000 0.0000000000 0 0 0 0 0 0 0 0 112 1 0 0 0 0 221219 165412.427
0.0000000000 0.0000000000 0 0 0 0 0 0 0 0 112 1 0 0 0 0 221219 165412.628
0.0000000000 0.0000000000 0 0 0 0 0 0 0 0 112 1 0 0 0 0 221219 165412.828
0.0000000000 0.0000000000 0 0 0 0 0 0 0 0 112 1 0 0 0 0 221219 165413.028
0.0000000000 0.0000000000 0 0 0 0 0 0 0 0 112 1 0 0 0 0 221219 165413.228
0.0000000000 0.0000000000 0 0 0 0 0 0 0 0 112 1 0 0 0 0 221219 165413.428
0.0000000000 0.0000000000 0 0 0 0 0 0 0 0 112 1 0 0 0 0 221219 165413.628
0.0000000000 0.0000000000 0 0 0 0 0 0 0 0 112 1 0 0 0 0 221219 165413.829
0.0000000000 0.0000000000 0 0 0 0 0 0 0 0 112 1 0 0 0 0 221219 165414.029
0.0000000000 0.0000000000 0 0 0 0 0 0 0 0 112 1 0 0 0 0 221219 165414.229
0.0000000000 0.0000000000 0 0 0 0 0 0 0 0 112 1 0 0 0 0 221219 165414.429
0.0000000000 0.0000000000 0 0 0 0 0 0 0 0 112 1 0 0 0 0 221219 165414.629
0.0000000000 0.0000000000 0 0 0 0 0 0 0 0 112 1 0 0 0 0 221219 165414.829
0.0000000000 0.0000000000 0 0 0 0 0 0 0 0 112 1 0 0 0 0 221219 165415.030
0.0000000000 0.0000000000 0 0 0 0 0 0 178 241 112 1 0 0 0 0 221219 165415.230
0.0000000000 0.0000000000 0 0 0 0 0 0 99 241 112 1 0 0 0 0 221219 165415.430
0.0000000000 0.0000000000 0 0 0 0 0 0 66 233 112 1 0 0 0 0 221219 165415.630
0.0000000000 0.0000000000 0 0 0 0 0 0 83 230 112 1 0 0 0 0 221219 165415.830
0.0000000000 0.0000000000 0 0 0 0 0 0 79 229 112 1 0 0 0 0 221219 165416.030
0.0000000000 0.0000000000 0 0 0 0 0 0 240 233 112 1 0 0 0 0 221219 165416.230
0.0000000000 0.0000000000 0 0 0 0 0 0 125 232 112 1 0 0 0 0 221219 165416.431
0.0000000000 0.0000000000 0 0 0 0 0 0 8 232 112 1 0 0 0 0 221219 165416.631
0.0000000000 0.0000000000 0 0 0 0 0 0 47 230 112 1 0 0 0 0 221219 165416.831
0.0000000000 0.0000000000 0 0 0 0 0 0 218 217 112 1 0 0 0 0 221219 165417.031
0.0000000000 0.0000000000 0 0 0 0 0 0 125 235 112 1 0 0 0 0 221219 165417.231
0.0000000000 0.0000000000 0 0 0 0 0 0 75 228 112 1 0 0 0 0 221219 165417.431
0.0000000000 0.0000000000 0 0 0 0 0 0 65 229 112 1 0 0 0 0 221219 165417.632
0.0000000000 0.0000000000 0 0 0 0 0 0 136 225 112 1 0 0 0 0 221219 165417.832
0.0000000000 0.0000000000 0 0 0 0 0 0 51 226 112 1 0 0 0 0 221219 165418.032
0.0000000000 0.0000000000 0 0 0 0 0 0 245 217 112 1 0 0 0 0 221219 165418.232
0.0000000000 0.0000000000 0 0 0 0 0 0 215 224 112 1 0 0 0 0 221219 165418.432
0.0000000000 0.0000000000 0 0 0 0 0 0 37 223 112 1 0 0 0 0 221219 165418.632
0.0000000000 0.0000000000 0 0 0 0 0 0 172 225 112 1 0 0 0 0 221219 165418.832
0.0000000000 0.0000000000 0 0 0 0 0 0 35 217 112 1 0 0 0 0 221219 165419.033
0.0000000000 0.0000000000 0 0 0 0 0 0 222 222 112 1 0 0 0 0 221219 165419.233
0.0000000000 0.0000000000 0 0 0 0 0 0 92 224 112 1 0 0 0 0 221219 165419.433
0.0000000000 0.0000000000 0 0 0 0 0 0 204 223 112 1 0 0 0 0 221219 165419.633
0.0000000000 0.0000000000 0 0 0 0 0 0 41 211 112 1 0 0 0 0 221219 165419.833
0.0000000000 0.0000000000 0 0 0 0 0 0 186 227 112 1 0 0 0 0 221219 165420.033
0.0000000000 0.0000000000 0 0 0 0 0 0 200 220 112 1 0 0 0 0 221219 165420.233
0.0000000000 0.0000000000 0 0 0 0 0 0 194 215 112 1 0 0 0 0 221219 165420.434
0.0000000000 0.0000000000 0 0 0 0 0 0 30 221 112 1 0 0 0 0 221219 165420.634
0.0000000000 0.0000000000 0 0 0 0 0 0 103 222 112 1 0 0 0 0 221219 165420.834
0.0000000000 0.0000000000 0 0 0 0 0 0 64 223 112 1 0 0 0 0 221219 165421.034
0.0000000000 0.0000000000 0 0 0 0 0 0 140 214 112 1 0 0 0 0 221219 165421.234
0.0000000000 0.0000000000 0 0 0 0 0 0 225 221 112 1 0 0 0 0 221219 165421.434
0.0000000000 0.0000000000 0 0 0 0 0 0 8 221 112 1 0 0 0 0 221219 165421.635
0.0000000000 0.0000000000 0 0 0 0 0 0 51 222 112 1 0 0 0 0 221219 165421.835
0.0000000000 0.0000000000 0 0 0 0 0 0 182 213 112 1 0 0 0 0 221219 165422.035
0.0000000000 0.0000000000 0 0 0 0 0 0 38 222 112 1 0 0 0 0 221219 165422.235
0.0000000000 0.0000000000 0 0 0 0 0 0 222 219 112 1 0 0 0 0 221219 165422.435
0.0000000000 0.0000000000 0 0 0 0 0 0 109 218 112 1 0 0 0 0 221219 165422.635
0.0000000000 0.0000000000 0 0 0 0 0 0 24 213 112 1 0 0 0 0 221219 165422.835
0.0000000000 0.0000000000 0 0 0 0 0 0 94 210 112 1 0 0 0 0 221219 165423.036
0.0000000000 0.0000000000 0 0 0 0 0 0 206 208 112 1 0 0 0 0 221219 165423.236
0.0000000000 0.0000000000 0 0 0 0 0 0 93 219 112 1 0 0 0 0 221219 165423.436
0.0000000000 0.0000000000 0 0 0 0 0 0 193 211 112 1 0 0 0 0 221219 165423.636
0.0000000000 0.0000000000 0 0 0 0 0 0 230 214 112 1 0 0 0 0 221219 165423.836
0.0000000000 0.0000000000 0 0 0 0 0 0 174 209 112 1 0 0 0 0 221219 165424.036
0.0000000000 0.0000000000 0 0 0 0 0 0 66 212 112 1 0 0 0 0 221219 165424.237
0.0000000000 0.0000000000 0 0 0 0 0 0 170 213 112 1 0 0 0 0 221219 165424.437
0.0000000000 0.0000000000 0 0 0 0 0 0 213 209 112 1 0 0 0 0 221219 165424.637
0.0000000000 0.0000000000 0 0 0 0 0 0 75 207 112 1 0 0 0 0 221219 165424.837
0.0000000000 0.0000000000 0 0 0 0 0 0 48 207 112 1 0 0 0 0 221219 165425.037
0.0000000000 0.0000000000 0 0 0 0 0 0 242 207 112 1 0 0 0 0 221219 165425.237
0.0000000000 0.0000000000 0 0 0 0 0 0 199 208 112 1 0 0 0 0 221219 165425.437
0.0000000000 0.0000000000 0 0 0 0 0 0 11 210 112 1 0 0 0 0 221219 165425.638
0.0000000000 0.0000000000 0 0 0 0 0 0 57 209 112 1 0 0 0 0 221219 165425.838
0.0000000000 0.0000000000 0 0 0 0 0 0 66 203 112 1 0 0 0 0 221219 165426.038
0.0000000000 0.0000000000 0 0 0 0 0 0 138 207 112 1 0 0 0 0 221219 165426.238
0.0000000000 0.0000000000 0 0 0 0 0 0 80 206 112 1 0 0 0 0 221219 165426.438
0.0000000000 0.0000000000 0 0 0 0 0 0 50 202 112 1 0 0 0 0 221219 165426.638
0.0000000000 0.0000000000 0 0 0 0 0 0 239 207 112 1 0 0 0 0 221219 165426.838
0.0000000000 0.0000000000 0 0 0 0 0 0 55 207 112 1 0 0 0 0 221219 165427.039
0.0000000000 0.0000000000 0 0 0 0 0 0 169 203 112 1 0 0 0 0 221219 165427.239
0.0000000000 0.0000000000 0 0 0 0 0 0 118 209 112 1 0 0 0 0 221219 165427.439
0.0000000000 0.0000000000 0 0 0 0 0 0 154 204 112 1 0 0 0 0 221219 165427.639
0.0000000000 0.0000000000 0 0 0 0 0 0 250 209 112 1 0 0 0 0 221219 165427.839
0.0000000000 0.0000000000 0 0 0 0 0 0 5 199 112 1 0 0 0 0 221219 165428.039
0.0000000000 0.0000000000 0 0 0 0 0 0 247 206 112 1 0 0 0 0 221219 165428.239
0.0000000000 0.0000000000 0 0 0 0 0 0 183 206 112 1 0 0 0 0 221219 165428.440
0.0000000000 0.0000000000 0 0 0 0 0 0 96 207 112 1 0 0 0 0 221219 165428.640
0.0000000000 0.0000000000 0 0 0 0 0 0 240 205 112 1 0 0 0 0 221219 165428.840
0.0000000000 0.0000000000 0 0 0 0 0 0 78 208 112 1 0 0 0 0 221219 165429.040
0.0000000000 0.0000000000 0 0 0 0 0 0 210 215 112 1 0 0 0 0 221219 165429.240
0.0000000000 0.0000000000 0 0 0 0 0 0 199 210 112 1 0 0 0 0 221219 165429.440
0.0000000000 0.0000000000 0 0 0 0 0 0 105 209 112 1 0 0 0 0 221219 165429.641
0.0000000000 0.0000000000 0 0 0 0 0 0 31 214 112 1 0 0 0 0 221219 165429.841
0.0000000000 0.0000000000 0 0 0 0 0 0 181 215 112 1 0 0 0 0 221219 165430.041
0.0000000000 0.0000000000 0 0 0 0 0 0 237 212 112 1 0 0 0 0 221219 165430.241
0.0000000000 0.0000000000 0 0 0 0 0 0 240 212 112 1 0 0 0 0 221219 165430.441
0.0000000000 0.0000000000 0 0 0 0 0 0 249 215 112 1 0 0 0 0 221219 165430.641
0.0000000000 0.0000000000 0 0 0 0 0 0 113 210 112 1 0 0 0 0 221219 165430.841
0.0000000000 0.0000000000 0 0 0 0 0 0 185 208 112 1 0 0 0 0 221219 165431.042
0.0000000000 0.0000000000 0 0 0 0 0 0 228 206 112 1 0 0 0 0 221219 165431.242
0.0000000000 0.0000000000 0 0 0 0 0 0 178 214 112 1 0 0 0 0 221219 165431.442
0.0000000000 0.0000000000 0 0 0 0 0 0 22 210 112 1 0 0 0 0 221219 165431.642
0.0000000000 0.0000000000 0 0 0 0 0 0 237 212 112 1 0 0 0 0 221219 165431.842
0.0000000000 0.0000000000 0 0 0 0 0 0 199 215 112 1 0 0 0 0 221219 165432.042
0.0000000000 0.0000000000 0 0 0 0 0 0 23 213 112 1 0 0 0 0 221219 165432.242
0.0000000000 0.0000000000 0 0 0 0 0 0 223 211 112 1 0 0 0 0 221219 165432.443
0.0000000000 0.0000000000 0 0 0 0 0 0 71 218 112 1 0 0 0 0 221219 165432.643
0.0000000000 0.0000000000 0 0 0 0 0 0 211 217 112 1 0 0 0 0 221219 165432.843
0.0000000000 0.0000000000 0 0 0 0 0 0 79 213 112 1 0 0 0 0 221219 165433.043
0.0000000000 0.0000000000 0 0 0 0 0 0 184 216 112 1 0 0 0 0 221219 165433.243
0.0000000000 0.0000000000 0 0 0 0 0 0 229 216 112 1 0 0 0 0 221219 165433.443
0.0000000000 0.0000000000 0 0 0 0 0 0 125 221 112 1 0 0 0 0 221219 165433.643
0.0000000000 0.0000000000 0 0 0 0 0 0 43 216 112 1 0 0 0 0 221219 165433.844
0.0000000000 0.0000000000 0 0 0 0 0 0 173 218 112 1 0 0 0 0 221219 165434.044
0.0000000000 0.0000000000 0 0 0 0 0 0 240 219 112 1 0 0 0 0 221219 165434.244
0.0000000000 0.0000000000 0 0 0 0 0 0 214 219 112 1 0 0 0 0 221219 165434.444
0.0000000000 0.0000000000 0 0 0 0 0 0 255 224 112 1 0 0 0 0 221219 165434.644
0.0000000000 0.0000000000 0 0 0 0 0 0 96 217 112 1 0 0 0 0 221219 165434.844
0.0000000000 0.0000000000 0 0 0 0 0 0 204 222 112 1 0 0 0 0 221219 165435.044
0.0000000000 0.0000000000 0 0 0 0 0 0 108 218 112 1 0 0 0 0 221219 165435.245
0.0000000000 0.0000000000 0 0 0 0 0 0 46 225 112 1 0 0 0 0 221219 165435.445
0.0000000000 0.0000000000 0 0 0 0 0 0 213 222 112 1 0 0 0 0 221219 165435.645
0.0000000000 0.0000000000 0 0 0 0 0 0 221 222 112 1 0 0 0 0 221219 165435.845
0.0000000000 0.0000000000 0 0 0 0 0 0 204 223 112 1 0 0 0 0 221219 165436.046
0.0000000000 0.0000000000 0 0 0 0 0 0 29 224 112 1 0 0 0 0 221219 165436.246
0.0000000000 0.0000000000 0 0 0 0 0 0 38 225 112 1 0 0 0 0 221219 165436.446
0.0000000000 0.0000000000 0 0 0 0 0 0 220 222 112 1 0 0 0 0 221219 165436.646
0.0000000000 0.0000000000 0 0 0 0 0 0 11 223 112 1 0 0 0 0 221219 165436.846
0.0000000000 0.0000000000 0 0 0 0 0 0 126 222 112 1 0 0 0 0 221219 165437.046
0.0000000000 0.0000000000 0 0 0 0 0 0 128 221 112 1 0 0 0 0 221219 165437.247
0.0000000000 0.0000000000 0 0 0 0 0 0 165 222 112 1 0 0 0 0 221219 165437.447
0.0000000000 0.0000000000 0 0 0 0 0 0 237 223 112 1 0 0 0 0 221219 165437.647
0.0000000000 0.0000000000 0 0 0 0 0 0 236 223 112 1 0 0 0 0 221219 165437.847
0.0000000000 0.0000000000 0 0 0 0 0 0 215 222 112 1 0 0 0 0 221219 165438.047
0.0000000000 0.0000000000 0 0 0 0 0 0 199 230 112 1 0 0 0 0 221219 165438.247
0.0000000000 0.0000000000 0 0 0 0 0 0 112 230 112 1 0 0 0 0 221219 165438.448
0.0000000000 0.0000000000 0 0 0 0 0 0 57 233 112 1 0 0 0 0 221219 165438.648
0.0000000000 0.0000000000 0 0 0 0 0 0 242 231 112 1 0 0 0 0 221219 165438.848
0.0000000000 0.0000000000 0 0 0 0 0 0 159 233 112 1 0 0 0 0 221219 165439.048
0.0000000000 0.0000000000 0 0 0 0 0 0 255 228 112 1 0 0 0 0 221219 165439.248
0.0000000000 0.0000000000 0 0 0 0 0 0 221 226 112 1 0 0 0 0 221219 165439.448
0.0000000000 0.0000000000 0 0 0 0 0 0 252 235 112 1 0 0 0 0 221219 165439.649
0.0000000000 0.0000000000 0 0 0 0 0 0 65 227 112 1 0 0 0 0 221219 165439.849
0.0000000000 0.0000000000 0 0 0 0 0 0 89 242 112 1 0 0 0 0 221219 165440.049
0.0000000000 0.0000000000 0 0 0 0 0 0 225 229 112 1 0 0 0 0 221219 165440.249
0.0000000000 0.0000000000 0 0 0 0 0 0 84 227 112 1 0 0 0 0 221219 165440.449
0.0000000000 0.0000000000 0 0 0 0 0 0 141 229 112 1 0 0 0 0 221219 165440.649
0.0000000000 0.0000000000 0 0 0 0 0 0 80 237 112 1 0 0 0 0 221219 165440.849
0.0000000000 0.0000000000 0 0 0 0 0 0 202 243 112 1 0 0 0 0 221219 165441.050
0.0000000000 0.0000000000 0 0 0 0 0 0 67 228 112 1 0 0 0 0 221219 165441.250
0.0000000000 0.0000000000 0 0 0 0 0 0 223 229 112 1 0 0 0 0 221219 165441.450
0.0000000000 0.0000000000 0 0 0 0 0 0 65 236 112 1 0 0 0 0 221219 165441.650
0.0000000000 0.0000000000 0 0 0 0 0 0 169 241 112 1 0 0 0 0 221219 165441.850
0.0000000000 0.0000000000 0 0 0 0 0 0 144 236 112 1 0 0 0 0 221219 165442.050
0.0000000000 0.0000000000 0 0 0 0 0 0 141 231 112 1 0 0 0 0 221219 165442.251
0.0000000000 0.0000000000 0 0 0 0 0 0 196 230 112 1 0 0 0 0 221219 165442.451
0.0000000000 0.0000000000 0 0 0 0 0 0 49 236 112 1 0 0 0 0 221219 165442.651
0.0000000000 0.0000000000 0 0 0 0 0 0 183 238 112 1 0 0 0 0 221219 165442.851
0.0000000000 0.0000000000 0 0 0 0 0 0 83 241 112 1 0 0 0 0 221219 165443.051
0.0000000000 0.0000000000 0 0 0 0 0 0 204 234 112 1 0 0 0 0 221219 165443.251
0.0000000000 0.0000000000 0 0 0 0 0 0 88 230 112 1 0 0 0 0 221219 165443.451
0.0000000000 0.0000000000 0 0 0 0 0 0 49 233 112 1 0 0 0 0 221219 165443.652
0.0000000000 0.0000000000 0 0 0 0 0 0 226 233 112 1 0 0 0 0 221219 165443.852
0.0000000000 0.0000000000 0 0 0 0 0 0 199 228 112 1 0 0 0 0 221219 165444.052
0.0000000000 0.0000000000 0 0 0 0 0 0 214 230 112 1 0 0 0 0 221219 165444.252
0.0000000000 0.0000000000 0 0 0 0 0 0 189 227 112 1 0 0 0 0 221219 165444.452
0.0000000000 0.0000000000 0 0 0 0 0 0 244 232 112 1 0 0 0 0 221219 165444.653
0.0000000000 0.0000000000 0 0 0 0 0 0 50 230 112 1 0 0 0 0 221219 165444.853
0.0000000000 0.0000000000 0 0 0 0 0 0 225 227 112 1 0 0 0 0 221219 165445.053
0.0000000000 0.0000000000 0 0 0 0 0 0 3 229 112 1 0 0 0 0 221219 165445.253
0.0000000000 0.0000000000 0 0 0 0 0 0 39 231 112 1 0 0 0 0 221219 165445.453
0.0000000000 0.0000000000 0 0 0 0 0 0 70 232 112 1 0 0 0 0 221219 165445.654
0.0000000000 0.0000000000 0 0 0 0 0 0 192 229 112 1 0 0 0 0 221219 165445.854
0.0000000000 0.0000000000 0 0 0 0 0 0 169 227 112 1 0 0 0 0 221219 165446.054
0.0000000000 0.0000000000 0 0 0 0 0 0 244 223 112 1 0 0 0 0 221219 165446.254
0.0000000000 0.0000000000 0 0 0 0 0 0 45 225 112 1 0 0 0 0 221219 165446.454
0.0000000000 0.0000000000 0 0 0 0 0 0 200 221 112 1 0 0 0 0 221219 165446.654
0.0000000000 0.0000000000 0 0 0 0 0 0 155 225 112 1 0 0 0 0 221219 165446.854
0.0000000000 0.0000000000 0 0 0 0 0 0 32 227 112 1 0 0 0 0 221219 165447.055
0.0000000000 0.0000000000 0 0 0 0 0 0 245 225 112 1 0 0 0 0 221219 165447.255
0.0000000000 0.0000000000 0 0 0 0 0 0 76 228 112 1 0 0 0 0 221219 165447.455
0.0000000000 0.0000000000 0 0 0 0 0 0 119 228 112 1 0 0 0 0 221219 165447.655
0.0000000000 0.0000000000 0 0 0 0 0 0 86 225 112 1 0 0 0 0 221219 165447.855
0.0000000000 0.0000000000 0 0 0 0 0 0 8 229 112 1 0 0 0 0 221219 165448.055
0.0000000000 0.0000000000 0 0 0 0 0 0 250 229 112 1 0 0 0 0 221219 165448.255
0.0000000000 0.0000000000 0 0 0 0 0 0 173 225 112 1 0 0 0 0 221219 165448.456
0.0000000000 0.0000000000 0 0 0 0 0 0 147 233 112 1 0 0 0 0 221219 165448.656
0.0000000000 0.0000000000 0 0 0 0 0 0 98 232 112 1 0 0 0 0 221219 165448.856
0.0000000000 0.0000000000 0 0 0 0 0 0 180 235 112 1 0 0 0 0 221219 165449.056
0.0000000000 0.0000000000 0 0 0 0 0 0 47 234 112 1 0 0 0 0 221219 165449.256
0.0000000000 0.0000000000 0 0 0 0 0 0 12 229 112 1 0 0 0 0 221219 165449.456
0.0000000000 0.0000000000 0 0 0 0 0 0 249 228 112 1 0 0 0 0 221219 165449.657
0.0000000000 0.0000000000 0 0 0 0 0 0 52 236 112 1 0 0 0 0 221219 165449.857
0.0000000000 0.0000000000 0 0 0 0 0 0 147 238 112 1 0 0 0 0 221219 165450.057
0.0000000000 0.0000000000 0 0 0 0 0 0 222 237 112 1 0 0 0 0 221219 165450.257
0.0000000000 0.0000000000 0 0 0 0 0 0 14 233 112 1 0 0 0 0 221219 165450.457
0.0000000000 0.0000000000 0 0 0 0 0 0 192 233 112 1 0 0 0 0 221219 165450.657
0.0000000000 0.0000000000 0 0 0 0 0 0 138 238 112 1 0 0 0 0 221219 165450.857
0.0000000000 0.0000000000 0 0 0 0 0 0 2 229 112 1 0 0 0 0 221219 165451.058
0.0000000000 0.0000000000 0 0 0 0 0 0 34 232 112 1 0 0 0 0 221219 165451.258
0.0000000000 0.0000000000 0 0 0 0 0 0 186 234 112 1 0 0 0 0 221219 165451.458
0.0000000000 0.0000000000 0 0 0 0 0 0 149 230 112 1 0 0 0 0 221219 165451.658
0.0000000000 0.0000000000 0 0 0 0 0 0 169 230 112 1 0 0 0 0 221219 165451.858
0.0000000000 0.0000000000 0 0 0 0 0 0 186 233 112 1 0 0 0 0 221219 165452.058
0.0000000000 0.0000000000 0 0 0 0 0 0 79 239 112 1 0 0 0 0 221219 165452.259
0.0000000000 0.0000000000 0 0 0 0 0 0 53 236 112 1 0 0 0 0 221219 165452.459
0.0000000000 0.0000000000 0 0 0 0 0 0 189 235 112 1 0 0 0 0 221219 165452.659
0.0000000000 0.0000000000 0 0 0 0 0 0 99 237 112 1 0 0 0 0 221219 165452.859
0.0000000000 0.0000000000 0 0 0 0 0 0 141 237 112 1 0 0 0 0 221219 165453.059
0.0000000000 0.0000000000 0 0 0 0 0 0 208 238 112 1 0 0 0 0 221219 165453.259
0.0000000000 0.0000000000 0 0 0 0 0 0 81 234 112 1 0 0 0 0 221219 165453.459
0.0000000000 0.0000000000 0 0 0 0 0 0 205 230 112 1 0 0 0 0 221219 165453.660
0.0000000000 0.0000000000 0 0 0 0 0 0 75 236 112 1 0 0 0 0 221219 165453.860
0.0000000000 0.0000000000 0 0 0 0 0 0 180 236 112 1 0 0 0 0 221219 165454.060
0.0000000000 0.0000000000 0 0 0 0 0 0 60 237 112 1 0 0 0 0 221219 165454.260
0.0000000000 0.0000000000 0 0 0 0 0 0 37 235 112 1 0 0 0 0 221219 165454.460
0.0000000000 0.0000000000 0 0 0 0 0 0 219 235 112 1 0 0 0 0 221219 165454.660
0.0000000000 0.0000000000 0 0 0 0 0 0 204 242 112 1 0 0 0 0 221219 165454.861
0.0000000000 0.0000000000 0 0 0 0 0 0 2 236 112 1 0 0 0 0 221219 165455.061
0.0000000000 0.0000000000 0 0 0 0 0 0 145 239 112 1 0 0 0 0 221219 165455.261
0.0000000000 0.0000000000 0 0 0 0 0 0 219 239 112 1 0 0 0 0 221219 165455.461
0.0000000000 0.0000000000 0 0 0 0 0 0 213 237 112 1 0 0 0 0 221219 165455.661
0.0000000000 0.0000000000 0 0 0 0 0 0 85 242 112 1 0 0 0 0 221219 165455.861
0.0000000000 0.0000000000 0 0 0 0 0 0 234 237 112 1 0 0 0 0 221219 165456.061
0.0000000000 0.0000000000 0 0 0 0 0 0 27 243 112 1 0 0 0 0 221219 165456.262
0.0000000000 0.0000000000 0 0 0 0 0 0 54 242 112 1 0 0 0 0 221219 165456.462
0.0000000000 0.0000000000 0 0 0 0 0 0 40 238 112 1 0 0 0 0 221219 165456.662
0.0000000000 0.0000000000 0 0 0 0 0 0 113 245 112 1 0 0 0 0 221219 165456.862
0.0000000000 0.0000000000 0 0 0 0 0 0 14 243 112 1 0 0 0 0 221219 165457.062
0.0000000000 0.0000000000 0 0 0 0 0 0 5 240 112 1 0 0 0 0 221219 165457.262
0.0000000000 0.0000000000 0 0 0 0 0 0 107 236 112 1 0 0 0 0 221219 165457.463
0.0000000000 0.0000000000 0 0 0 0 0 0 60 237 112 1 0 0 0 0 221219 165457.663
0.0000000000 0.0000000000 0 0 0 0 0 0 18 241 112 1 0 0 0 0 221219 165457.863
0.0000000000 0.0000000000 0 0 0 0 0 0 95 244 112 1 0 0 0 0 221219 165458.063
0.0000000000 0.0000000000 0 0 0 0 0 0 98 242 112 1 0 0 0 0 221219 165458.263
0.0000000000 0.0000000000 0 0 0 0 0 0 13 238 112 1 0 0 0 0 221219 165458.463
0.0000000000 0.0000000000 0 0 0 0 0 0 133 232 112 1 0 0 0 0 221219 165458.663
0.0000000000 0.0000000000 0 0 0 0 0 0 80 238 112 1 0 0 0 0 221219 165458.863
0.0000000000 0.0000000000 0 0 0 0 0 0 249 226 112 1 0 0 0 0 221219 165459.064
0.0000000000 0.0000000000 0 0 0 0 0 0 243 233 112 1 0 0 0 0 221219 165459.264
0.0000000000 0.0000000000 0 0 0 0 0 0 73 230 112 1 0 0 0 0 221219 165459.464
0.0000000000 0.0000000000 0 0 0 0 0 0 10 233 112 1 0 0 0 0 221219 165459.664
0.0000000000 0.0000000000 0 0 0 0 0 0 167 235 112 1 0 0 0 0 221219 165459.864
0.0000000000 0.0000000000 0 0 0 0 0 0 108 228 112 1 0 0 0 0 221219 165500.064
0.0000000000 0.0000000000 0 0 0 0 0 0 192 233 112 1 0 0 0 0 221219 165500.265
0.0000000000 0.0000000000 0 0 0 0 0 0 68 237 112 1 0 0 0 0 221219 165500.465
0.0000000000 0.0000000000 0 0 0 0 0 0 171 229 112 1 0 0 0 0 221219 165500.665
0.0000000000 0.0000000000 0 0 0 0 0 0 232 228 112 1 0 0 0 0 221219 165500.865
0.0000000000 0.0000000000 0 0 0 0 0 0 28 225 112 1 0 0 0 0 221219 165501.065
0.0000000000 0.0000000000 0 0 0 0 0 0 123 235 112 1 0 0 0 0 221219 165501.265
0.0000000000 0.0000000000 0 0 0 0 0 0 101 235 112 1 0 0 0 0 221219 165501.465
0.0000000000 0.0000000000 0 0 0 0 0 0 152 225 112 1 0 0 0 0 221219 165501.666
0.0000000000 0.0000000000 0 0 0 0 0 0 194 233 112 1 0 0 0 0 221219 165501.866
0.0000000000 0.0000000000 0 0 0 0 0 0 245 238 112 1 0 0 0 0 221219 165502.066
0.0000000000 0.0000000000 0 0 0 0 0 0 213 230 112 1 0 0 0 0 221219 165502.266
0.0000000000 0.0000000000 0 0 0 0 0 0 201 227 112 1 0 0 0 0 221219 165502.466
0.0000000000 0.0000000000 0 0 0 0 0 0 101 235 112 1 0 0 0 0 221219 165502.666
0.0000000000 0.0000000000 0 0 0 0 0 0 81 222 112 1 0 0 0 0 221219 165502.866
0.0000000000 0.0000000000 0 0 0 0 0 0 231 218 112 1 0 0 0 0 221219 165503.067
0.0000000000 0.0000000000 0 0 0 0 0 0 13 223 112 1 0 0 0 0 221219 165503.267
0.0000000000 0.0000000000 0 0 0 0 0 0 220 217 112 1 0 0 0 0 221219 165503.467
0.0000000000 0.0000000000 0 0 0 0 0 0 204 227 112 1 0 0 0 0 221219 165503.667
0.0000000000 0.0000000000 0 0 0 0 0 0 179 230 112 1 0 0 0 0 221219 165503.867
0.0000000000 0.0000000000 0 0 0 0 0 0 171 226 112 1 0 0 0 0 221219 165504.067
0.0000000000 0.0000000000 0 0 0 0 0 0 70 217 112 1 0 0 0 0 221219 165504.268
0.0000000000 0.0000000000 0 0 0 0 0 0 112 222 112 1 0 0 0 0 221219 165504.468
0.0000000000 0.0000000000 0 0 0 0 0 0 85 223 112 1 0 0 0 0 221219 165504.668
0.0000000000 0.0000000000 0 0 0 0 0 0 95 216 112 1 0 0 0 0 221219 165504.868
0.0000000000 0.0000000000 0 0 0 0 0 0 73 226 112 1 0 0 0 0 221219 165505.068
0.0000000000 0.0000000000 0 0 0 0 0 0 220 211 112 1 0 0 0 0 221219 165505.268
0.0000000000 0.0000000000 0 0 0 0 0 0 1 214 112 1 0 0 0 0 221219 165505.468
0.0000000000 0.0000000000 0 0 0 0 0 0 184 221 112 1 0 0 0 0 221219 165505.669
0.0000000000 0.0000000000 0 0 0 0 0 0 169 225 112 1 0 0 0 0 221219 165505.869
0.0000000000 0.0000000000 0 0 0 0 0 0 24 227 112 1 0 0 0 0 221219 165506.069
0.0000000000 0.0000000000 0 0 0 0 0 0 196 224 112 1 0 0 0 0 221219 165506.269
0.0000000000 0.0000000000 0 0 0 0 0 0 219 224 112 1 0 0 0 0 221219 165506.469
0.0000000000 0.0000000000 0 0 0 0 0 0 50 227 112 1 0 0 0 0 221219 165506.669
0.0000000000 0.0000000000 0 0 0 0 0 0 223 228 112 1 0 0 0 0 221219 165506.869
0.0000000000 0.0000000000 0 0 0 0 0 0 153 225 112 1 0 0 0 0 221219 165507.069
0.0000000000 0.0000000000 0 0 0 0 0 0 164 232 112 1 0 0 0 0 221219 165507.270
0.0000000000 0.0000000000 0 0 0 0 0 0 227 226 112 1 0 0 0 0 221219 165507.470
0.0000000000 0.0000000000 0 0 0 0 0 0 136 231 112 1 0 0 0 0 221219 165507.670
0.0000000000 0.0000000000 0 0 0 0 0 0 250 229 112 1 0 0 0 0 221219 165507.870
0.0000000000 0.0000000000 0 0 0 0 0 0 186 228 112 1 0 0 0 0 221219 165508.070
0.0000000000 0.0000000000 0 0 0 0 0 0 97 230 112 1 0 0 0 0 221219 165508.271
0.0000000000 0.0000000000 0 0 0 0 0 0 9 234 112 1 0 0 0 0 221219 165508.471
0.0000000000 0.0000000000 0 0 0 0 0 0 138 235 112 1 0 0 0 0 221219 165508.671
0.0000000000 0.0000000000 0 0 0 0 0 0 238 234 112 1 0 0 0 0 221219 165508.871
0.0000000000 0.0000000000 0 0 0 0 0 0 58 235 112 1 0 0 0 0 221219 165509.071
0.0000000000 0.0000000000 0 0 0 0 0 0 85 229 112 1 0 0 0 0 221219 165509.271
0.0000000000 0.0000000000 0 0 0 0 0 0 17 237 112 1 0 0 0 0 221219 165509.471
0.0000000000 0.0000000000 0 0 0 0 0 0 171 238 112 1 0 0 0 0 221219 165509.672
0.0000000000 0.0000000000 0 0 0 0 0 0 67 235 112 1 0 0 0 0 221219 165509.872
0.0000000000 0.0000000000 0 0 0 0 0 0 133 240 112 1 0 0 0 0 221219 165510.072
0.0000000000 0.0000000000 0 0 0 0 0 0 251 241 112 1 0 0 0 0 221219 165510.272
0.0000000000 0.0000000000 0 0 0 0 0 0 207 236 112 1 0 0 0 0 221219 165510.472
0.0000000000 0.0000000000 0 0 0 0 0 0 46 240 112 1 0 0 0 0 221219 165510.672
0.0000000000 0.0000000000 0 0 0 0 0 0 120 246 112 1 0 0 0 0 221219 165510.872
0.0000000000 0.0000000000 0 0 0 0 0 0 64 246 112 1 0 0 0 0 221219 165511.073
0.0000000000 0.0000000000 0 0 0 0 0 0 225 251 112 1 0 0 0 0 221219 165511.273
0.0000000000 0.0000000000 0 0 0 0 0 0 53 240 112 1 0 0 0 0 221219 165511.473
0.0000000000 0.0000000000 0 0 0 0 0 0 228 245 112 1 0 0 0 0 221219 165511.673
0.0000000000 0.0000000000 0 0 0 0 0 0 227 1 112 1 0 0 0 0 221219 165511.873
0.0000000000 0.0000000000 0 0 0 0 0 0 123 244 112 1 0 0 0 0 221219 165512.073
0.0000000000 0.0000000000 0 0 0 0 0 0 52 254 112 1 0 0 0 0 221219 165512.274
0.0000000000 0.0000000000 0 0 0 0 0 0 47 247 112 1 0 0 0 0 221219 165512.474
0.0000000000 0.0000000000 0 0 0 0 0 0 29 251 112 1 0 0 0 0 221219 165512.674
0.0000000000 0.0000000000 0 0 0 0 0 0 76 252 112 1 0 0 0 0 221219 165512.874
0.0000000000 0.0000000000 0 0 0 0 0 0 230 0 112 1 0 0 0 0 221219 165513.074
0.0000000000 0.0000000000 0 0 0 0 0 0 58 3 112 1 0 0 0 0 221219 165513.274
0.0000000000 0.0000000000 0 0 0 0 0 0 183 253 112 1 0 0 0 0 221219 165513.475
0.0000000000 0.0000000000 0 0 0 0 0 0 140 1 112 1 0 0 0 0 221219 165513.675
0.0000000000 0.0000000000 0 0 0 0 0 0 71 249 112 1 0 0 0 0 221219 165513.875
0.0000000000 0.0000000000 0 0 0 0 0 0 96 253 112 1 0 0 0 0 221219 165514.075
0.0000000000 0.0000000000 0 0 0 0 0 0 218 253 112 1 0 0 0 0 221219 165514.275
0.0000000000 0.0000000000 0 0 0 0 0 0 0 0 112 1 0 0 0 0 221219 165514.475
0.0000000000 0.0000000000 0 0 0 0 0 0 0 0 112 1 0 0 0 0 221219 165514.675
0.0000000000 0.0000000000 0 0 0 0 0 0 0 0 112 1 0 0 0 0 221219 165514.875
0.0000000000 0.0000000000 0 0 0 0 0 0 0 0 112 1 0 0 0 0 221219 165515.076
0.0000000000 0.0000000000 0 0 0 0 0 0 0 0 112 1 0 0 0 0 221219 165515.276
0.0000000000 0.0000000000 0 0 0 0 0 0 0 0 112 1 0 0 0 0 221219 165515.476
0.0000000000 0.0000000000 0 0 0 0 0 0 0 0 112 1 0 0 0 0 221219 165515.676
0.0000000000 0.0000000000 0 0 0 0 0 0 0 0 112 1 0 0 0 0 221219 165515.876
0.0000000000 0.0000000000 0 0 0 0 0 0 0 0 112 1 0 0 0 0 221219 165516.076
0.0000000000 0.0000000000 0 0 0 0 0 0 0 0 112 1 0 0 0 0 221219 165516.276
0.0000000000 0.0000000000 0 0 0 0 0 0 0 0 112 1 0 0 0 0 221219 165516.477
0.0000000000 0.0000000000 0 0 0 0 0 0 0 0 112 1 0 0 0 0 221219 165516.677
0.0000000000 0.0000000000 0 0 0 0 0 0 0 0 112 1 0 0 0 0 221219 165516.877
0.0000000000 0.0000000000 0 0 0 0 0 0 0 0 112 1 0 0 0 0 221219 165517.077
0.0000000000 0.0000000000 0 0 0 0 0 0 0 0 112 1 0 0 0 0 221219 165517.277
0.0000000000 0.0000000000 0 0 0 0 0 0 0 0 112 1 0 0 0 0 221219 165517.477
0.0000000000 0.0000000000 0 0 0 0 0 0 0 0 112 1 0 0 0 0 221219 165517.677
0.0000000000 0.0000000000 0 0 0 0 0 0 0 0 112 1 0 0 0 0 221219 165517.878
0.0000000000 0.0000000000 0 0 0 0 0 0 0 0 112 1 0 0 0 0 221219 165518.078
0.0000000000 0.0000000000 0 0 0 0 0 0 0 0 112 1 0 0 0 0 221219 165518.278
0.0000000000 0.0000000000 0 0 0 0 0 0 0 0 112 1 0 0 0 0 221219 165518.478
0.0000000000 0.0000000000 0 0 0 0 0 0 0 0 112 1 0 0 0 0 221219 165518.678
0.0000000000 0.0000000000 0 0 0 0 0 0 0 0 112 1 0 0 0 0 221219 165518.878
0.0000000000 0.0000000000 0 0 0 0 0 0 0 0 112 1 0 0 0 0 221219 165519.079
0.0000000000 0.0000000000 0 0 0 0 0 0 0 0 112 1 0 0 0 0 221219 165519.279
0.0000000000 0.0000000000 0 0 0 0 0 0 0 0 112 1 0 0 0 0 221219 165519.479
0.0000000000 0.0000000000 0 0 0 0 0 0 0 0 112 1 0 0 0 0 221219 165519.679
0.0000000000 0.0000000000 0 0 0 0 0 0 0 0 112 1 0 0 0 0 221219 165519.879
0.0000000000 0.0000000000 0 0 0 0 0 0 0 0 112 1 0 0 0 0 221219 165520.079
0.0000000000 0.0000000000 0 0 0 0 0 0 0 0 112 1 0 0 0 0 221219 165520.280
0.0000000000 0.0000000000 0 0 0 0 0 0 0 0 112 1 0 0 0 0 221219 165520.480
0.0000000000 0.0000000000 0 0 0 0 0 0 0 0 112 1 0 0 0 0 221219 165520.680
0.0000000000 0.0000000000 0 0 0 0 0 0 236 236 112 1 0 0 0 0 221219 165520.880
0.0000000000 0.0000000000 0 0 0 0 0 0 173 233 112 1 0 0 0 0 221219 165521.080
0.0000000000 0.0000000000 0 0 0 0 0 0 105 243 112 1 0 0 0 0 221219 165521.280
0.0000000000 0.0000000000 0 0 0 0 0 0 102 245 112 1 0 0 0 0 221219 165521.480
0.0000000000 0.0000000000 0 0 0 0 0 0 147 225 112 1 0 0 0 0 221219 165521.681
0.0000000000 0.0000000000 0 0 0 0 0 0 174 228 112 1 0 0 0 0 221219 165521.881
0.0000000000 0.0000000000 0 0 0 0 0 0 102 230 112 1 0 0 0 0 221219 165522.081
0.0000000000 0.0000000000 0 0 0 0 0 0 221 231 112 1 0 0 0 0 221219 165522.281
0.0000000000 0.0000000000 0 0 0 0 0 0 176 239 112 1 0 0 0 0 221219 165522.481
0.0000000000 0.0000000000 0 0 0 0 0 0 82 233 112 1 0 0 0 0 221219 165522.681
0.0000000000 0.0000000000 0 0 0 0 0 0 213 232 112 1 0 0 0 0 221219 165522.882
0.0000000000 0.0000000000 0 0 0 0 0 0 78 221 112 1 0 0 0 0 221219 165523.082
0.0000000000 0.0000000000 0 0 0 0 0 0 67 226 112 1 0 0 0 0 221219 165523.282
0.0000000000 0.0000000000 0 0 0 0 0 0 243 235 112 1 0 0 0 0 221219 165523.482
0.0000000000 0.0000000000 0 0 0 0 0 0 242 226 112 1 0 0 0 0 221219 165523.682
0.0000000000 0.0000000000 0 0 0 0 0 0 147 223 112 1 0 0 0 0 221219 165523.882
0.0000000000 0.0000000000 0 0 0 0 0 0 43 224 112 1 0 0 0 0 221219 165524.082
0.0000000000 0.0000000000 0 0 0 0 0 0 66 222 112 1 0 0 0 0 221219 165524.283
0.0000000000 0.0000000000 0 0 0 0 0 0 81 217 112 1 0 0 0 0 221219 165524.483
0.0000000000 0.0000000000 0 0 0 0 0 0 174 230 112 1 0 0 0 0 221219 165524.683
0.0000000000 0.0000000000 0 0 0 0 0 0 147 221 112 1 0 0 0 0 221219 165524.883
0.0000000000 0.0000000000 0 0 0 0 0 0 60 217 112 1 0 0 0 0 221219 165525.083
0.0000000000 0.0000000000 0 0 0 0 0 0 0 227 112 1 0 0 0 0 221219 165525.283
0.0000000000 0.0000000000 0 0 0 0 0 0 196 212 112 1 0 0 0 0 221219 165525.484
0.0000000000 0.0000000000 0 0 0 0 0 0 130 216 112 1 0 0 0 0 221219 165525.684
0.0000000000 0.0000000000 0 0 0 0 0 0 138 211 112 1 0 0 0 0 221219 165525.884
0.0000000000 0.0000000000 0 0 0 0 0 0 155 220 112 1 0 0 0 0 221219 165526.084
0.0000000000 0.0000000000 0 0 0 0 0 0 57 222 112 1 0 0 0 0 221219 165526.284
0.0000000000 0.0000000000 0 0 0 0 0 0 168 217 112 1 0 0 0 0 221219 165526.484
0.0000000000 0.0000000000 0 0 0 0 0 0 98 219 112 1 0 0 0 0 221219 165526.684
0.0000000000 0.0000000000 0 0 0 0 0 0 206 218 112 1 0 0 0 0 221219 165526.885
0.0000000000 0.0000000000 0 0 0 0 0 0 227 212 112 1 0 0 0 0 221219 165527.085
0.0000000000 0.0000000000 0 0 0 0 0 0 46 205 112 1 0 0 0 0 221219 165527.285
0.0000000000 0.0000000000 0 0 0 0 0 0 125 216 112 1 0 0 0 0 221219 165527.485
0.0000000000 0.0000000000 0 0 0 0 0 0 125 219 112 1 0 0 0 0 221219 165527.685
0.0000000000 0.0000000000 0 0 0 0 0 0 78 214 112 1 0 0 0 0 221219 165527.885
0.0000000000 0.0000000000 0 0 0 0 0 0 91 212 112 1 0 0 0 0 221219 165528.085
0.0000000000 0.0000000000 0 0 0 0 0 0 200 217 112 1 0 0 0 0 221219 165528.286
0.0000000000 0.0000000000 0 0 0 0 0 0 77 209 112 1 0 0 0 0 221219 165528.486
0.0000000000 0.0000000000 0 0 0 0 0 0 59 212 112 1 0 0 0 0 221219 165528.686
0.0000000000 0.0000000000 0 0 0 0 0 0 166 212 112 1 0 0 0 0 221219 165528.886
0.0000000000 0.0000000000 0 0 0 0 0 0 108 206 112 1 0 0 0 0 221219 165529.086
0.0000000000 0.0000000000 0 0 0 0 0 0 51 209 112 1 0 0 0 0 221219 165529.286
0.0000000000 0.0000000000 0 0 0 0 0 0 243 211 112 1 0 0 0 0 221219 165529.486
0.0000000000 0.0000000000 0 0 0 0 0 0 201 212 112 1 0 0 0 0 221219 165529.687
0.0000000000 0.0000000000 0 0 0 0 0 0 174 212 112 1 0 0 0 0 221219 165529.887
0.0000000000 0.0000000000 0 0 0 0 0 0 210 212 112 1 0 0 0 0 221219 165530.087
0.0000000000 0.0000000000 0 0 0 0 0 0 27 213 112 1 0 0 0 0 221219 165530.287
0.0000000000 0.0000000000 0 0 0 0 0 0 172 211 112 1 0 0 0 0 221219 165530.487
0.0000000000 0.0000000000 0 0 0 0 0 0 33 211 112 1 0 0 0 0 221219 165530.687
0.0000000000 0.0000000000 0 0 0 0 0 0 110 213 112 1 0 0 0 0 221219 165530.887
0.0000000000 0.0000000000 0 0 0 0 0 0 167 209 112 1 0 0 0 0 221219 165531.088
0.0000000000 0.0000000000 0 0 0 0 0 0 192 213 112 1 0 0 0 0 221219 165531.288
0.0000000000 0.0000000000 0 0 0 0 0 0 141 208 112 1 0 0 0 0 221219 165531.488
0.0000000000 0.0000000000 0 0 0 0 0 0 7 209 112 1 0 0 0 0 221219 165531.688
0.0000000000 0.0000000000 0 0 0 0 0 0 192 205 112 1 0 0 0 0 221219 165531.888
0.0000000000 0.0000000000 0 0 0 0 0 0 61 208 112 1 0 0 0 0 221219 165532.088
0.0000000000 0.0000000000 0 0 0 0 0 0 104 211 112 1 0 0 0 0 221219 165532.288
0.0000000000 0.0000000000 0 0 0 0 0 0 202 206 112 1 0 0 0 0 221219 165532.489
0.0000000000 0.0000000000 0 0 0 0 0 0 106 208 112 1 0 0 0 0 221219 165532.689
0.0000000000 0.0000000000 0 0 0 0 0 0 170 209 112 1 0 0 0 0 221219 165532.889
0.0000000000 0.0000000000 0 0 0 0 0 0 171 210 112 1 0 0 0 0 221219 165533.089
0.0000000000 0.0000000000 0 0 0 0 0 0 64 205 112 1 0 0 0 0 221219 165533.289
0.0000000000 0.0000000000 0 0 0 0 0 0 188 206 112 1 0 0 0 0 221219 165533.489
0.0000000000 0.0000000000 0 0 0 0 0 0 49 212 112 1 0 0 0 0 221219 165533.689
0.0000000000 0.0000000000 0 0 0 0 0 0 115 201 112 1 0 0 0 0 221219 165533.889
0.0000000000 0.0000000000 0 0 0 0 0 0 133 209 112 1 0 0 0 0 221219 165534.090
0.0000000000 0.0000000000 0 0 0 0 0 0 136 206 112 1 0 0 0 0 221219 165534.290
0.0000000000 0.0000000000 0 0 0 0 0 0 152 209 112 1 0 0 0 0 221219 165534.490
0.0000000000 0.0000000000 0 0 0 0 0 0 70 212 112 1 0 0 0 0 221219 165534.690
0.0000000000 0.0000000000 0 0 0 0 0 0 133 206 112 1 0 0 0 0 221219 165534.890
0.0000000000 0.0000000000 0 0 0 0 0 0 175 207 112 1 0 0 0 0 221219 165535.090
0.0000000000 0.0000000000 0 0 0 0 0 0 157 216 112 1 0 0 0 0 221219 165535.291
0.0000000000 0.0000000000 0 0 0 0 0 0 253 205 112 1 0 0 0 0 221219 165535.491
0.0000000000 0.0000000000 0 0 0 0 0 0 136 209 112 1 0 0 0 0 221219 165535.691
0.0000000000 0.0000000000 0 0 0 0 0 0 7 209 112 1 0 0 0 0 221219 165535.891
0.0000000000 0.0000000000 0 0 0 0 0 0 241 214 112 1 0 0 0 0 221219 165536.091
0.0000000000 0.0000000000 0 0 0 0 0 0 15 207 112 1 0 0 0 0 221219 165536.291
0.0000000000 0.0000000000 0 0 0 0 0 0 198 207 112 1 0 0 0 0 221219 165536.491
0.0000000000 0.0000000000 0 0 0 0 0 0 15 215 112 1 0 0 0 0 221219 165536.692
0.0000000000 0.0000000000 0 0 0 0 0 0 80 207 112 1 0 0 0 0 221219 165536.892
0.0000000000 0.0000000000 0 0 0 0 0 0 255 211 112 1 0 0 0 0 221219 165537.092
0.0000000000 0.0000000000 0 0 0 0 0 0 235 211 112 1 0 0 0 0 221219 165537.292
0.0000000000 0.0000000000 0 0 0 0 0 0 1 212 112 1 0 0 0 0 221219 165537.492
0.0000000000 0.0000000000 0 0 0 0 0 0 170 216 112 1 0 0 0 0 221219 165537.692
0.0000000000 0.0000000000 0 0 0 0 0 0 196 210 112 1 0 0 0 0 221219 165537.892
0.0000000000 0.0000000000 0 0 0 0 0 0 187 213 112 1 0 0 0 0 221219 165538.093
0.0000000000 0.0000000000 0 0 0 0 0 0 106 212 112 1 0 0 0 0 221219 165538.293
0.0000000000 0.0000000000 0 0 0 0 0 0 149 220 112 1 0 0 0 0 221219 165538.493
0.0000000000 0.0000000000 0 0 0 0 0 0 223 216 112 1 0 0 0 0 221219 165538.693
0.0000000000 0.0000000000 0 0 0 0 0 0 99 217 112 1 0 0 0 0 221219 165538.893
0.0000000000 0.0000000000 0 0 0 0 0 0 156 222 112 1 0 0 0 0 221219 165539.093
0.0000000000 0.0000000000 0 0 0 0 0 0 211 216 112 1 0 0 0 0 221219 165539.293
0.0000000000 0.0000000000 0 0 0 0 0 0 108 220 112 1 0 0 0 0 221219 165539.494
0.0000000000 0.0000000000 0 0 0 0 0 0 63 221 112 1 0 0 0 0 221219 165539.694
0.0000000000 0.0000000000 0 0 0 0 0 0 85 220 112 1 0 0 0 0 221219 165539.894
0.0000000000 0.0000000000 0 0 0 0 0 0 193 218 112 1 0 0 0 0 221219 165540.094
0.0000000000 0.0000000000 0 0 0 0 0 0 26 223 112 1 0 0 0 0 221219 165540.294
0.0000000000 0.0000000000 0 0 0 0 0 0 42 225 112 1 0 0 0 0 221219 165540.494
0.0000000000 0.0000000000 0 0 0 0 0 0 218 221 112 1 0 0 0 0 221219 165540.695
0.0000000000 0.0000000000 0 0 0 0 0 0 69 221 112 1 0 0 0 0 221219 165540.895
0.0000000000 0.0000000000 0 0 0 0 0 0 104 224 112 1 0 0 0 0 221219 165541.095
0.0000000000 0.0000000000 0 0 0 0 0 0 239 220 112 1 0 0 0 0 221219 165541.295
0.0000000000 0.0000000000 0 0 0 0 0 0 175 220 112 1 0 0 0 0 221219 165541.495
0.0000000000 0.0000000000 0 0 0 0 0 0 137 222 112 1 0 0 0 0 221219 165541.695
0.0000000000 0.0000000000 0 0 0 0 0 0 105 218 112 1 0 0 0 0 221219 165541.896
0.0000000000 0.0000000000 0 0 0 0 0 0 249 219 112 1 0 0 0 0 221219 165542.096
0.0000000000 0.0000000000 0 0 0 0 0 0 43 227 112 1 0 0 0 0 221219 165542.296
0.0000000000 0.0000000000 0 0 0 0 0 0 191 226 112 1 0 0 0 0 221219 165542.496
0.0000000000 0.0000000000 0 0 0 0 0 0 154 232 112 1 0 0 0 0 221219 165542.696
0.0000000000 0.0000000000 0 0 0 0 0 0 164 228 112 1 0 0 0 0 221219 165542.896
0.0000000000 0.0000000000 0 0 0 0 0 0 104 232 112 1 0 0 0 0 221219 165543.096
0.0000000000 0.0000000000 0 0 0 0 0 0 231 228 112 1 0 0 0 0 221219 165543.297
0.0000000000 0.0000000000 0 0 0 0 0 0 84 230 112 1 0 0 0 0 221219 165543.497
0.0000000000 0.0000000000 0 0 0 0 0 0 175 238 112 1 0 0 0 0 221219 165543.697
0.0000000000 0.0000000000 0 0 0 0 0 0 30 232 112 1 0 0 0 0 221219 165543.897
0.0000000000 0.0000000000 0 0 0 0 0 0 223 238 112 1 0 0 0 0 221219 165544.097
0.0000000000 0.0000000000 0 0 0 0 0 0 136 240 112 1 0 0 0 0 221219 165544.297
0.0000000000 0.0000000000 0 0 0 0 0 0 51 241 112 1 0 0 0 0 221219 165544.498
0.0000000000 0.0000000000 0 0 0 0 0 0 36 247 112 1 0 0 0 0 221219 165544.698
0.0000000000 0.0000000000 0 0 0 0 0 0 226 242 112 1 0 0 0 0 221219 165544.898
0.0000000000 0.0000000000 0 0 0 0 0 0 119 249 112 1 0 0 0 0 221219 165545.098
0.0000000000 0.0000000000 0 0 0 0 0 0 28 241 112 1 0 0 0 0 221219 165545.298
0.0000000000 0.0000000000 0 0 0 0 0 0 226 240 112 1 0 0 0 0 221219 165545.498
0.0000000000 0.0000000000 0 0 0 0 0 0 82 240 112 1 0 0 0 0 221219 165545.699
0.0000000000 0.0000000000 0 0 0 0 0 0 253 242 112 1 0 0 0 0 221219 165545.899
0.0000000000 0.0000000000 0 0 0 0 0 0 24 245 112 1 0 0 0 0 221219 165546.099
0.0000000000 0.0000000000 0 0 0 0 0 0 227 247 112 1 0 0 0 0 221219 165546.299
0.0000000000 0.0000000000 0 0 0 0 0 0 116 253 112 1 0 0 0 0 221219 165546.499
0.0000000000 0.0000000000 0 0 0 0 0 0 82 1 112 1 0 0 0 0 221219 165546.699
0.0000000000 0.0000000000 0 0 0 0 0 0 213 255 112 1 0 0 0 0 221219 165546.900
0.0000000000 0.0000000000 0 0 0 0 0 0 173 252 112 1 0 0 0 0 221219 165547.100
0.0000000000 0.0000000000 0 0 0 0 0 0 213 6 112 1 0 0 0 0 221219 165547.300
0.0000000000 0.0000000000 0 0 0 0 0 0 0 0 112 1 0 0 0 0 221219 165547.500
0.0000000000 0.0000000000 0 0 0 0 0 0 0 0 112 1 0 0 0 0 221219 165547.700
0.0000000000 0.0000000000 0 0 0 0 0 0 163 66 112 1 0 0 0 0 221219 165547.900
