0.0000000000 0.0000000000 0 0 0 0 0 0 0 0 112 1 0 0 0 0 051019 191416.770
0.0000000000 0.0000000000 0 0 0 0 0 0 0 0 112 1 0 0 0 0 051019 191416.970
0.0000000000 0.0000000000 0 0 0 0 0 0 0 0 112 1 0 0 0 0 051019 191417.171
0.0000000000 0.0000000000 0 0 0 0 0 0 0 0 112 1 0 0 0 0 051019 191417.371
0.0000000000 0.0000000000 0 0 0 0 0 0 0 0 112 1 0 0 0 0 051019 191417.571
0.0000000000 0.0000000000 0 0 0 0 0 0 0 0 112 1 0 0 0 0 051019 191417.771
0.0000000000 0.0000000000 0 0 0 0 0 0 0 0 112 1 0 0 0 0 051019 191417.972
0.0000000000 0.0000000000 0 0 0 0 0 0 0 0 112 1 0 0 0 0 051019 191418.172
0.0000000000 0.0000000000 0 0 0 0 0 0 0 0 112 1 0 0 0 0 051019 191418.372
0.0000000000 0.0000000000 0 0 0 0 0 0 0 0 112 1 0 0 0 0 051019 191418.572
0.0000000000 0.0000000000 0 0 0 0 0 0 0 0 112 1 0 0 0 0 051019 191418.772
0.0000000000 0.0000000000 0 0 0 0 0 0 0 0 112 1 0 0 0 0 051019 191418.972
0.0000000000 0.0000000000 0 0 0 0 0 0 0 0 112 1 0 0 0 0 051019 191419.173
0.0000000000 0.0000000000 0 0 0 0 0 0 0 0 112 1 0 0 0 0 051019 191419.373
0.0000000000 0.0000000000 0 0 0 0 0 0 0 0 112 1 0 0 0 0 051019 191419.573
0.0000000000 0.0000000000 0 0 0 0 0 0 0 0 112 1 0 0 0 0 051019 191419.773
0.0000000000 0.0000000000 0 0 0 0 0 0 0 0 112 1 0 0 0 0 051019 191419.973
0.0000000000 0.0000000000 0 0 0 0 0 0 0 0 112 1 0 0 0 0 051019 191420.173
0.0000000000 0.0000000000 0 0 0 0 0 0 0 0 112 1 0 0 0 0 051019 191420.374
0.0000000000 0.0000000000 0 0 0 0 0 0 0 0 112 1 0 0 0 0 051019 191420.574
0.0000000000 0.0000000000 0 0 0 0 0 0 0 0 112 1 0 0 0 0 051019 191420.774
0.0000000000 0.0000000000 0 0 0 0 0 0 0 0 112 1 0 0 0 0 051019 191420.974
0.0000000000 0.0000000000 0 0 0 0 0 0 0 0 112 1 0 0 0 0 051019 191421.174
0.0000000000 0.0000000000 0 0 0 0 0 0 0 0 112 1 0 0 0 0 051019 191421.375
0.0000000000 0.0000000000 0 0 0 0 0 0 0 0 112 1 0 0 0 0 051019 191421.575
0.0000000000 0.0000000000 0 0 0 0 0 0 0 0 112 1 0 0 0 0 051019 191421.775
