0.0000000000 0.0000000000 0 0 0 0 0 0 0 0 112 1 0 0 0 0 221219 163023.841
0.0000000000 0.0000000000 0 0 0 0 0 0 0 0 112 1 0 0 0 0 221219 163024.041
0.0000000000 0.0000000000 0 0 0 0 0 0 0 0 112 1 0 0 0 0 221219 163024.241
0.0000000000 0.0000000000 0 0 0 0 0 0 0 0 112 1 0 0 0 0 221219 163024.441
0.0000000000 0.0000000000 0 0 0 0 0 0 0 0 112 1 0 0 0 0 221219 163024.642
0.0000000000 0.0000000000 0 0 0 0 0 0 0 0 112 1 0 0 0 0 221219 163024.842
0.0000000000 0.0000000000 0 0 0 0 0 0 0 0 112 1 0 0 0 0 221219 163025.042
0.0000000000 0.0000000000 0 0 0 0 0 0 0 0 112 1 0 0 0 0 221219 163025.242
0.0000000000 0.0000000000 0 0 0 0 0 0 0 0 112 1 0 0 0 0 221219 163025.442
0.0000000000 0.0000000000 0 0 0 0 0 0 0 0 112 1 0 0 0 0 221219 163025.642
0.0000000000 0.0000000000 0 0 0 0 0 0 0 0 112 1 0 0 0 0 221219 163025.843
0.0000000000 0.0000000000 0 0 0 0 0 0 0 0 112 1 0 0 0 0 221219 163026.043
0.0000000000 0.0000000000 0 0 0 0 0 0 0 0 112 1 0 0 0 0 221219 163026.243
0.0000000000 0.0000000000 0 0 0 0 0 0 0 0 112 1 0 0 0 0 221219 163026.443
0.0000000000 0.0000000000 0 0 0 0 0 0 0 0 112 1 0 0 0 0 221219 163026.643
0.0000000000 0.0000000000 0 0 0 0 0 0 0 0 112 1 0 0 0 0 221219 163026.843
0.0000000000 0.0000000000 0 0 0 0 0 0 0 0 112 1 0 0 0 0 221219 163027.043
0.0000000000 0.0000000000 0 0 0 0 0 0 0 0 112 1 0 0 0 0 221219 163027.244
0.0000000000 0.0000000000 0 0 0 0 0 0 0 0 112 1 0 0 0 0 221219 163027.444
0.0000000000 0.0000000000 0 0 0 0 0 0 0 0 112 1 0 0 0 0 221219 163027.644
0.0000000000 0.0000000000 0 0 0 0 0 0 0 0 112 1 0 0 0 0 221219 163027.844
0.0000000000 0.0000000000 0 0 0 0 0 0 0 0 112 1 0 0 0 0 221219 163028.044
0.0000000000 0.0000000000 0 0 0 0 0 0 0 0 112 1 0 0 0 0 221219 163028.244
0.0000000000 0.0000000000 0 0 0 0 0 0 0 0 112 1 0 0 0 0 221219 163028.445
0.0000000000 0.0000000000 0 0 0 0 0 0 0 0 112 1 0 0 0 0 221219 163028.645
0.0000000000 0.0000000000 0 0 0 0 0 0 0 0 112 1 0 0 0 0 221219 163028.845
0.0000000000 0.0000000000 0 0 0 0 0 0 0 0 112 1 0 0 0 0 221219 163029.045
0.0000000000 0.0000000000 0 0 0 0 0 0 0 0 112 1 0 0 0 0 221219 163029.245
0.0000000000 0.0000000000 0 0 0 0 0 0 0 0 112 1 0 0 0 0 221219 163029.445
0.0000000000 0.0000000000 0 0 0 0 0 0 0 0 112 1 0 0 0 0 221219 163029.645
0.0000000000 0.0000000000 0 0 0 0 0 0 0 0 112 1 0 0 0 0 221219 163029.846
0.0000000000 0.0000000000 0 0 0 0 0 0 0 0 112 1 0 0 0 0 221219 163030.046
0.0000000000 0.0000000000 0 0 0 0 0 0 0 0 112 1 0 0 0 0 221219 163030.246
0.0000000000 0.0000000000 0 0 0 0 0 0 0 0 112 1 0 0 0 0 221219 163030.446
0.0000000000 0.0000000000 0 0 0 0 0 0 0 0 112 1 0 0 0 0 221219 163030.646
0.0000000000 0.0000000000 0 0 0 0 0 0 0 0 112 1 0 0 0 0 221219 163030.846
0.0000000000 0.0000000000 0 0 0 0 0 0 0 0 112 1 0 0 0 0 221219 163031.046
0.0000000000 0.0000000000 0 0 0 0 0 0 0 0 112 1 0 0 0 0 221219 163031.247
0.0000000000 0.0000000000 0 0 0 0 0 0 0 0 112 1 0 0 0 0 221219 163031.447
0.0000000000 0.0000000000 0 0 0 0 0 0 0 0 112 1 0 0 0 0 221219 163031.647
0.0000000000 0.0000000000 0 0 0 0 0 0 0 0 112 1 0 0 0 0 221219 163031.847
0.0000000000 0.0000000000 0 0 0 0 0 0 0 0 112 1 0 0 0 0 221219 163032.047
0.0000000000 0.0000000000 0 0 0 0 0 0 0 0 112 1 0 0 0 0 221219 163032.247
0.0000000000 0.0000000000 0 0 0 0 0 0 0 0 112 1 0 0 0 0 221219 163032.448
0.0000000000 0.0000000000 0 0 0 0 0 0 0 0 112 1 0 0 0 0 221219 163032.648
0.0000000000 0.0000000000 0 0 0 0 0 0 0 0 112 1 0 0 0 0 221219 163032.848
0.0000000000 0.0000000000 0 0 0 0 0 0 161 7 112 1 0 0 0 0 221219 163033.048
0.0000000000 0.0000000000 0 0 0 0 0 0 240 4 112 1 0 0 0 0 221219 163033.248
0.0000000000 0.0000000000 0 0 0 0 0 0 150 15 112 1 0 0 0 0 221219 163033.448
0.0000000000 0.0000000000 0 0 0 0 0 0 174 16 112 1 0 0 0 0 221219 163033.649
0.0000000000 0.0000000000 0 0 0 0 0 0 234 7 112 1 0 0 0 0 221219 163033.849
0.0000000000 0.0000000000 0 0 0 0 0 0 42 11 112 1 0 0 0 0 221219 163034.049
0.0000000000 0.0000000000 0 0 0 0 0 0 151 14 112 1 0 0 0 0 221219 163034.249
0.0000000000 0.0000000000 0 0 0 0 0 0 210 11 112 1 0 0 0 0 221219 163034.449
0.0000000000 0.0000000000 0 0 0 0 0 0 173 9 112 1 0 0 0 0 221219 163034.649
0.0000000000 0.0000000000 0 0 0 0 0 0 8 1 112 1 0 0 0 0 221219 163034.849
0.0000000000 0.0000000000 0 0 0 0 0 0 85 9 112 1 0 0 0 0 221219 163035.050
0.0000000000 0.0000000000 0 0 0 0 0 0 253 9 112 1 0 0 0 0 221219 163035.250
0.0000000000 0.0000000000 0 0 0 0 0 0 252 11 112 1 0 0 0 0 221219 163035.450
0.0000000000 0.0000000000 0 0 0 0 0 0 228 10 112 1 0 0 0 0 221219 163035.650
0.0000000000 0.0000000000 0 0 0 0 0 0 172 10 112 1 0 0 0 0 221219 163035.850
0.0000000000 0.0000000000 0 0 0 0 0 0 244 7 112 1 0 0 0 0 221219 163036.050
0.0000000000 0.0000000000 0 0 0 0 0 0 119 8 112 1 0 0 0 0 221219 163036.250
0.0000000000 0.0000000000 0 0 0 0 0 0 151 8 112 1 0 0 0 0 221219 163036.450
0.0000000000 0.0000000000 0 0 0 0 0 0 3 11 112 1 0 0 0 0 221219 163036.651
0.0000000000 0.0000000000 0 0 0 0 0 0 201 7 112 1 0 0 0 0 221219 163036.851
0.0000000000 0.0000000000 0 0 0 0 0 0 179 10 112 1 0 0 0 0 221219 163037.051
0.0000000000 0.0000000000 0 0 0 0 0 0 217 6 112 1 0 0 0 0 221219 163037.251
0.0000000000 0.0000000000 0 0 0 0 0 0 216 1 112 1 0 0 0 0 221219 163037.451
0.0000000000 0.0000000000 0 0 0 0 0 0 124 5 112 1 0 0 0 0 221219 163037.651
0.0000000000 0.0000000000 0 0 0 0 0 0 0 0 112 1 0 0 0 0 221219 163037.851
0.0000000000 0.0000000000 0 0 0 0 0 0 0 0 112 1 0 0 0 0 221219 163038.052
0.0000000000 0.0000000000 0 0 0 0 0 0 0 0 112 1 0 0 0 0 221219 163038.252
0.0000000000 0.0000000000 0 0 0 0 0 0 0 0 112 1 0 0 0 0 221219 163038.452
0.0000000000 0.0000000000 0 0 0 0 0 0 0 0 112 1 0 0 0 0 221219 163038.652
0.0000000000 0.0000000000 0 0 0 0 0 0 0 0 112 1 0 0 0 0 221219 163038.852
0.0000000000 0.0000000000 0 0 0 0 0 0 0 0 112 1 0 0 0 0 221219 163039.052
0.0000000000 0.0000000000 0 0 0 0 0 0 0 0 112 1 0 0 0 0 221219 163039.253
0.0000000000 0.0000000000 0 0 0 0 0 0 0 0 112 1 0 0 0 0 221219 163039.453
0.0000000000 0.0000000000 0 0 0 0 0 0 0 0 112 1 0 0 0 0 221219 163039.653
0.0000000000 0.0000000000 0 0 0 0 0 0 0 0 112 1 0 0 0 0 221219 163039.853
0.0000000000 0.0000000000 0 0 0 0 0 0 0 0 112 1 0 0 0 0 221219 163040.053
0.0000000000 0.0000000000 0 0 0 0 0 0 0 0 112 1 0 0 0 0 221219 163040.253
0.0000000000 0.0000000000 0 0 0 0 0 0 0 0 112 1 0 0 0 0 221219 163040.453
0.0000000000 0.0000000000 0 0 0 0 0 0 0 0 112 1 0 0 0 0 221219 163040.654
0.0000000000 0.0000000000 0 0 0 0 0 0 0 0 112 1 0 0 0 0 221219 163040.854
0.0000000000 0.0000000000 0 0 0 0 0 0 0 0 112 1 0 0 0 0 221219 163041.054
0.0000000000 0.0000000000 0 0 0 0 0 0 0 0 112 1 0 0 0 0 221219 163041.254
0.0000000000 0.0000000000 0 0 0 0 0 0 0 0 112 1 0 0 0 0 221219 163041.454
0.0000000000 0.0000000000 0 0 0 0 0 0 0 0 112 1 0 0 0 0 221219 163041.654
0.0000000000 0.0000000000 0 0 0 0 0 0 0 0 112 1 0 0 0 0 221219 163041.854
0.0000000000 0.0000000000 0 0 0 0 0 0 0 0 112 1 0 0 0 0 221219 163042.055
0.0000000000 0.0000000000 0 0 0 0 0 0 0 0 112 1 0 0 0 0 221219 163042.255
0.0000000000 0.0000000000 0 0 0 0 0 0 0 0 112 1 0 0 0 0 221219 163042.455
0.0000000000 0.0000000000 0 0 0 0 0 0 0 0 112 1 0 0 0 0 221219 163042.655
0.0000000000 0.0000000000 0 0 0 0 0 0 0 0 112 1 0 0 0 0 221219 163042.855
0.0000000000 0.0000000000 0 0 0 0 0 0 0 0 112 1 0 0 0 0 221219 163043.055
0.0000000000 0.0000000000 0 0 0 0 0 0 0 0 112 1 0 0 0 0 221219 163043.256
0.0000000000 0.0000000000 0 0 0 0 0 0 0 0 112 1 0 0 0 0 221219 163043.456
0.0000000000 0.0000000000 0 0 0 0 0 0 0 0 112 1 0 0 0 0 221219 163043.656
0.0000000000 0.0000000000 0 0 0 0 0 0 0 0 112 1 0 0 0 0 221219 163043.856
0.0000000000 0.0000000000 0 0 0 0 0 0 0 0 112 1 0 0 0 0 221219 163044.056
0.0000000000 0.0000000000 0 0 0 0 0 0 0 0 112 1 0 0 0 0 221219 163044.256
0.0000000000 0.0000000000 0 0 0 0 0 0 0 0 112 1 0 0 0 0 221219 163044.456
0.0000000000 0.0000000000 0 0 0 0 0 0 0 0 112 1 0 0 0 0 221219 163044.657
0.0000000000 0.0000000000 0 0 0 0 0 0 0 0 112 1 0 0 0 0 221219 163044.857
0.0000000000 0.0000000000 0 0 0 0 0 0 0 0 112 1 0 0 0 0 221219 163045.057
0.0000000000 0.0000000000 0 0 0 0 0 0 0 0 112 1 0 0 0 0 221219 163045.257
0.0000000000 0.0000000000 0 0 0 0 0 0 0 0 112 1 0 0 0 0 221219 163045.457
0.0000000000 0.0000000000 0 0 0 0 0 0 0 0 112 1 0 0 0 0 221219 163045.657
0.0000000000 0.0000000000 0 0 0 0 0 0 0 0 112 1 0 0 0 0 221219 163045.858
0.0000000000 0.0000000000 0 0 0 0 0 0 0 0 112 1 0 0 0 0 221219 163046.058
0.0000000000 0.0000000000 0 0 0 0 0 0 0 0 112 1 0 0 0 0 221219 163046.258
0.0000000000 0.0000000000 0 0 0 0 0 0 0 0 112 1 0 0 0 0 221219 163046.458
0.0000000000 0.0000000000 0 0 0 0 0 0 0 0 112 1 0 0 0 0 221219 163046.658
0.0000000000 0.0000000000 0 0 0 0 0 0 0 0 112 1 0 0 0 0 221219 163046.858
0.0000000000 0.0000000000 0 0 0 0 0 0 0 0 112 1 0 0 0 0 221219 163047.058
0.0000000000 0.0000000000 0 0 0 0 0 0 0 0 112 1 0 0 0 0 221219 163047.259
0.0000000000 0.0000000000 0 0 0 0 0 0 0 0 112 1 0 0 0 0 221219 163047.459
0.0000000000 0.0000000000 0 0 0 0 0 0 0 0 112 1 0 0 0 0 221219 163047.659
0.0000000000 0.0000000000 0 0 0 0 0 0 0 0 112 1 0 0 0 0 221219 163047.859
0.0000000000 0.0000000000 0 0 0 0 0 0 0 0 112 1 0 0 0 0 221219 163048.059
0.0000000000 0.0000000000 0 0 0 0 0 0 0 0 112 1 0 0 0 0 221219 163048.259
0.0000000000 0.0000000000 0 0 0 0 0 0 0 0 112 1 0 0 0 0 221219 163048.459
0.0000000000 0.0000000000 0 0 0 0 0 0 0 0 112 1 0 0 0 0 221219 163048.659
0.0000000000 0.0000000000 0 0 0 0 0 0 0 0 112 1 0 0 0 0 221219 163048.860
0.0000000000 0.0000000000 0 0 0 0 0 0 0 0 112 1 0 0 0 0 221219 163049.060
0.0000000000 0.0000000000 0 0 0 0 0 0 0 0 112 1 0 0 0 0 221219 163049.260
0.0000000000 0.0000000000 0 0 0 0 0 0 0 0 112 1 0 0 0 0 221219 163049.460
0.0000000000 0.0000000000 0 0 0 0 0 0 0 0 112 1 0 0 0 0 221219 163049.660
0.0000000000 0.0000000000 0 0 0 0 0 0 0 0 112 1 0 0 0 0 221219 163049.860
0.0000000000 0.0000000000 0 0 0 0 0 0 0 0 112 1 0 0 0 0 221219 163050.061
0.0000000000 0.0000000000 0 0 0 0 0 0 0 0 112 1 0 0 0 0 221219 163050.261
0.0000000000 0.0000000000 0 0 0 0 0 0 195 243 112 1 0 0 0 0 221219 163050.461
0.0000000000 0.0000000000 0 0 0 0 0 0 51 238 112 1 0 0 0 0 221219 163050.661
0.0000000000 0.0000000000 0 0 0 0 0 0 255 234 112 1 0 0 0 0 221219 163050.861
0.0000000000 0.0000000000 0 0 0 0 0 0 33 240 112 1 0 0 0 0 221219 163051.061
0.0000000000 0.0000000000 0 0 0 0 0 0 65 232 112 1 0 0 0 0 221219 163051.261
0.0000000000 0.0000000000 0 0 0 0 0 0 220 233 112 1 0 0 0 0 221219 163051.462
0.0000000000 0.0000000000 0 0 0 0 0 0 146 227 112 1 0 0 0 0 221219 163051.662
0.0000000000 0.0000000000 0 0 0 0 0 0 29 231 112 1 0 0 0 0 221219 163051.862
0.0000000000 0.0000000000 0 0 0 0 0 0 137 234 112 1 0 0 0 0 221219 163052.062
0.0000000000 0.0000000000 0 0 0 0 0 0 39 232 112 1 0 0 0 0 221219 163052.262
0.0000000000 0.0000000000 0 0 0 0 0 0 164 232 112 1 0 0 0 0 221219 163052.462
0.0000000000 0.0000000000 0 0 0 0 0 0 118 231 112 1 0 0 0 0 221219 163052.662
0.0000000000 0.0000000000 0 0 0 0 0 0 130 225 112 1 0 0 0 0 221219 163052.863
0.0000000000 0.0000000000 0 0 0 0 0 0 177 219 112 1 0 0 0 0 221219 163053.063
0.0000000000 0.0000000000 0 0 0 0 0 0 2 223 112 1 0 0 0 0 221219 163053.263
0.0000000000 0.0000000000 0 0 0 0 0 0 58 225 112 1 0 0 0 0 221219 163053.463
0.0000000000 0.0000000000 0 0 0 0 0 0 33 225 112 1 0 0 0 0 221219 163053.663
0.0000000000 0.0000000000 0 0 0 0 0 0 116 221 112 1 0 0 0 0 221219 163053.863
0.0000000000 0.0000000000 0 0 0 0 0 0 151 224 112 1 0 0 0 0 221219 163054.064
0.0000000000 0.0000000000 0 0 0 0 0 0 110 224 112 1 0 0 0 0 221219 163054.264
0.0000000000 0.0000000000 0 0 0 0 0 0 37 224 112 1 0 0 0 0 221219 163054.464
0.0000000000 0.0000000000 0 0 0 0 0 0 181 222 112 1 0 0 0 0 221219 163054.664
0.0000000000 0.0000000000 0 0 0 0 0 0 100 222 112 1 0 0 0 0 221219 163054.864
0.0000000000 0.0000000000 0 0 0 0 0 0 216 225 112 1 0 0 0 0 221219 163055.064
0.0000000000 0.0000000000 0 0 0 0 0 0 191 221 112 1 0 0 0 0 221219 163055.265
0.0000000000 0.0000000000 0 0 0 0 0 0 250 215 112 1 0 0 0 0 221219 163055.465
0.0000000000 0.0000000000 0 0 0 0 0 0 152 219 112 1 0 0 0 0 221219 163055.665
0.0000000000 0.0000000000 0 0 0 0 0 0 67 220 112 1 0 0 0 0 221219 163055.865
0.0000000000 0.0000000000 0 0 0 0 0 0 221 220 112 1 0 0 0 0 221219 163056.065
0.0000000000 0.0000000000 0 0 0 0 0 0 248 220 112 1 0 0 0 0 221219 163056.265
0.0000000000 0.0000000000 0 0 0 0 0 0 153 219 112 1 0 0 0 0 221219 163056.465
0.0000000000 0.0000000000 0 0 0 0 0 0 25 218 112 1 0 0 0 0 221219 163056.666
0.0000000000 0.0000000000 0 0 0 0 0 0 248 212 112 1 0 0 0 0 221219 163056.866
0.0000000000 0.0000000000 0 0 0 0 0 0 213 218 112 1 0 0 0 0 221219 163057.066
0.0000000000 0.0000000000 0 0 0 0 0 0 79 208 112 1 0 0 0 0 221219 163057.266
0.0000000000 0.0000000000 0 0 0 0 0 0 17 224 112 1 0 0 0 0 221219 163057.466
0.0000000000 0.0000000000 0 0 0 0 0 0 137 216 112 1 0 0 0 0 221219 163057.666
0.0000000000 0.0000000000 0 0 0 0 0 0 73 219 112 1 0 0 0 0 221219 163057.866
0.0000000000 0.0000000000 0 0 0 0 0 0 234 208 112 1 0 0 0 0 221219 163058.067
0.0000000000 0.0000000000 0 0 0 0 0 0 170 214 112 1 0 0 0 0 221219 163058.267
0.0000000000 0.0000000000 0 0 0 0 0 0 204 213 112 1 0 0 0 0 221219 163058.467
0.0000000000 0.0000000000 0 0 0 0 0 0 160 214 112 1 0 0 0 0 221219 163058.667
0.0000000000 0.0000000000 0 0 0 0 0 0 193 212 112 1 0 0 0 0 221219 163058.867
0.0000000000 0.0000000000 0 0 0 0 0 0 242 209 112 1 0 0 0 0 221219 163059.068
0.0000000000 0.0000000000 0 0 0 0 0 0 246 211 112 1 0 0 0 0 221219 163059.268
0.0000000000 0.0000000000 0 0 0 0 0 0 159 214 112 1 0 0 0 0 221219 163059.468
0.0000000000 0.0000000000 0 0 0 0 0 0 204 217 112 1 0 0 0 0 221219 163059.668
0.0000000000 0.0000000000 0 0 0 0 0 0 99 209 112 1 0 0 0 0 221219 163059.868
0.0000000000 0.0000000000 0 0 0 0 0 0 77 215 112 1 0 0 0 0 221219 163100.068
0.0000000000 0.0000000000 0 0 0 0 0 0 153 208 112 1 0 0 0 0 221219 163100.268
0.0000000000 0.0000000000 0 0 0 0 0 0 200 211 112 1 0 0 0 0 221219 163100.469
0.0000000000 0.0000000000 0 0 0 0 0 0 239 204 112 1 0 0 0 0 221219 163100.669
0.0000000000 0.0000000000 0 0 0 0 0 0 44 216 112 1 0 0 0 0 221219 163100.869
0.0000000000 0.0000000000 0 0 0 0 0 0 142 203 112 1 0 0 0 0 221219 163101.069
0.0000000000 0.0000000000 0 0 0 0 0 0 209 240 112 1 0 0 0 0 221219 163101.269
0.0000000000 0.0000000000 0 0 0 0 0 0 100 205 112 1 0 0 0 0 221219 163101.469
0.0000000000 0.0000000000 0 0 0 0 0 0 31 208 112 1 0 0 0 0 221219 163101.669
0.0000000000 0.0000000000 0 0 0 0 0 0 146 215 112 1 0 0 0 0 221219 163101.870
0.0000000000 0.0000000000 0 0 0 0 0 0 157 209 112 1 0 0 0 0 221219 163102.070
0.0000000000 0.0000000000 0 0 0 0 0 0 90 212 112 1 0 0 0 0 221219 163102.270
0.0000000000 0.0000000000 0 0 0 0 0 0 243 215 112 1 0 0 0 0 221219 163102.470
0.0000000000 0.0000000000 0 0 0 0 0 0 241 211 112 1 0 0 0 0 221219 163102.670
0.0000000000 0.0000000000 0 0 0 0 0 0 144 209 112 1 0 0 0 0 221219 163102.870
0.0000000000 0.0000000000 0 0 0 0 0 0 10 212 112 1 0 0 0 0 221219 163103.070
0.0000000000 0.0000000000 0 0 0 0 0 0 16 211 112 1 0 0 0 0 221219 163103.271
0.0000000000 0.0000000000 0 0 0 0 0 0 200 211 112 1 0 0 0 0 221219 163103.471
0.0000000000 0.0000000000 0 0 0 0 0 0 21 208 112 1 0 0 0 0 221219 163103.671
0.0000000000 0.0000000000 0 0 0 0 0 0 134 215 112 1 0 0 0 0 221219 163103.871
0.0000000000 0.0000000000 0 0 0 0 0 0 32 215 112 1 0 0 0 0 221219 163104.071
0.0000000000 0.0000000000 0 0 0 0 0 0 52 215 112 1 0 0 0 0 221219 163104.271
0.0000000000 0.0000000000 0 0 0 0 0 0 53 216 112 1 0 0 0 0 221219 163104.472
0.0000000000 0.0000000000 0 0 0 0 0 0 86 211 112 1 0 0 0 0 221219 163104.672
0.0000000000 0.0000000000 0 0 0 0 0 0 244 202 112 1 0 0 0 0 221219 163104.872
0.0000000000 0.0000000000 0 0 0 0 0 0 35 210 112 1 0 0 0 0 221219 163105.072
0.0000000000 0.0000000000 0 0 0 0 0 0 154 207 112 1 0 0 0 0 221219 163105.272
0.0000000000 0.0000000000 0 0 0 0 0 0 188 210 112 1 0 0 0 0 221219 163105.472
0.0000000000 0.0000000000 0 0 0 0 0 0 1 210 112 1 0 0 0 0 221219 163105.672
0.0000000000 0.0000000000 0 0 0 0 0 0 200 214 112 1 0 0 0 0 221219 163105.873
0.0000000000 0.0000000000 0 0 0 0 0 0 31 214 112 1 0 0 0 0 221219 163106.073
0.0000000000 0.0000000000 0 0 0 0 0 0 180 209 112 1 0 0 0 0 221219 163106.273
0.0000000000 0.0000000000 0 0 0 0 0 0 82 210 112 1 0 0 0 0 221219 163106.473
0.0000000000 0.0000000000 0 0 0 0 0 0 136 218 112 1 0 0 0 0 221219 163106.673
0.0000000000 0.0000000000 0 0 0 0 0 0 175 216 112 1 0 0 0 0 221219 163106.873
0.0000000000 0.0000000000 0 0 0 0 0 0 162 214 112 1 0 0 0 0 221219 163107.074
0.0000000000 0.0000000000 0 0 0 0 0 0 88 238 112 1 0 0 0 0 221219 163107.274
0.0000000000 0.0000000000 0 0 0 0 0 0 202 213 112 1 0 0 0 0 221219 163107.474
0.0000000000 0.0000000000 0 0 0 0 0 0 244 207 112 1 0 0 0 0 221219 163107.674
0.0000000000 0.0000000000 0 0 0 0 0 0 54 216 112 1 0 0 0 0 221219 163107.874
0.0000000000 0.0000000000 0 0 0 0 0 0 17 216 112 1 0 0 0 0 221219 163108.074
0.0000000000 0.0000000000 0 0 0 0 0 0 199 216 112 1 0 0 0 0 221219 163108.274
0.0000000000 0.0000000000 0 0 0 0 0 0 239 214 112 1 0 0 0 0 221219 163108.475
0.0000000000 0.0000000000 0 0 0 0 0 0 142 216 112 1 0 0 0 0 221219 163108.675
0.0000000000 0.0000000000 0 0 0 0 0 0 17 219 112 1 0 0 0 0 221219 163108.875
0.0000000000 0.0000000000 0 0 0 0 0 0 152 212 112 1 0 0 0 0 221219 163109.075
0.0000000000 0.0000000000 0 0 0 0 0 0 20 221 112 1 0 0 0 0 221219 163109.275
0.0000000000 0.0000000000 0 0 0 0 0 0 101 221 112 1 0 0 0 0 221219 163109.475
0.0000000000 0.0000000000 0 0 0 0 0 0 72 220 112 1 0 0 0 0 221219 163109.675
0.0000000000 0.0000000000 0 0 0 0 0 0 151 220 112 1 0 0 0 0 221219 163109.876
0.0000000000 0.0000000000 0 0 0 0 0 0 194 215 112 1 0 0 0 0 221219 163110.076
0.0000000000 0.0000000000 0 0 0 0 0 0 221 222 112 1 0 0 0 0 221219 163110.276
0.0000000000 0.0000000000 0 0 0 0 0 0 76 218 112 1 0 0 0 0 221219 163110.476
0.0000000000 0.0000000000 0 0 0 0 0 0 20 212 112 1 0 0 0 0 221219 163110.676
0.0000000000 0.0000000000 0 0 0 0 0 0 32 220 112 1 0 0 0 0 221219 163110.876
0.0000000000 0.0000000000 0 0 0 0 0 0 225 214 112 1 0 0 0 0 221219 163111.076
0.0000000000 0.0000000000 0 0 0 0 0 0 123 225 112 1 0 0 0 0 221219 163111.277
0.0000000000 0.0000000000 0 0 0 0 0 0 153 224 112 1 0 0 0 0 221219 163111.477
0.0000000000 0.0000000000 0 0 0 0 0 0 228 225 112 1 0 0 0 0 221219 163111.677
0.0000000000 0.0000000000 0 0 0 0 0 0 16 222 112 1 0 0 0 0 221219 163111.877
0.0000000000 0.0000000000 0 0 0 0 0 0 10 227 112 1 0 0 0 0 221219 163112.077
0.0000000000 0.0000000000 0 0 0 0 0 0 5 228 112 1 0 0 0 0 221219 163112.277
0.0000000000 0.0000000000 0 0 0 0 0 0 33 228 112 1 0 0 0 0 221219 163112.478
0.0000000000 0.0000000000 0 0 0 0 0 0 51 231 112 1 0 0 0 0 221219 163112.678
0.0000000000 0.0000000000 0 0 0 0 0 0 49 226 112 1 0 0 0 0 221219 163112.878
0.0000000000 0.0000000000 0 0 0 0 0 0 249 233 112 1 0 0 0 0 221219 163113.078
0.0000000000 0.0000000000 0 0 0 0 0 0 224 228 112 1 0 0 0 0 221219 163113.278
0.0000000000 0.0000000000 0 0 0 0 0 0 52 228 112 1 0 0 0 0 221219 163113.478
0.0000000000 0.0000000000 0 0 0 0 0 0 167 227 112 1 0 0 0 0 221219 163113.678
0.0000000000 0.0000000000 0 0 0 0 0 0 70 225 112 1 0 0 0 0 221219 163113.879
0.0000000000 0.0000000000 0 0 0 0 0 0 31 223 112 1 0 0 0 0 221219 163114.079
0.0000000000 0.0000000000 0 0 0 0 0 0 138 224 112 1 0 0 0 0 221219 163114.279
0.0000000000 0.0000000000 0 0 0 0 0 0 13 228 112 1 0 0 0 0 221219 163114.479
0.0000000000 0.0000000000 0 0 0 0 0 0 152 228 112 1 0 0 0 0 221219 163114.679
0.0000000000 0.0000000000 0 0 0 0 0 0 61 229 112 1 0 0 0 0 221219 163114.879
0.0000000000 0.0000000000 0 0 0 0 0 0 249 235 112 1 0 0 0 0 221219 163115.079
0.0000000000 0.0000000000 0 0 0 0 0 0 206 225 112 1 0 0 0 0 221219 163115.280
0.0000000000 0.0000000000 0 0 0 0 0 0 68 230 112 1 0 0 0 0 221219 163115.480
0.0000000000 0.0000000000 0 0 0 0 0 0 248 228 112 1 0 0 0 0 221219 163115.680
0.0000000000 0.0000000000 0 0 0 0 0 0 73 228 112 1 0 0 0 0 221219 163115.880
0.0000000000 0.0000000000 0 0 0 0 0 0 211 227 112 1 0 0 0 0 221219 163116.080
0.0000000000 0.0000000000 0 0 0 0 0 0 52 233 112 1 0 0 0 0 221219 163116.280
0.0000000000 0.0000000000 0 0 0 0 0 0 85 235 112 1 0 0 0 0 221219 163116.480
0.0000000000 0.0000000000 0 0 0 0 0 0 69 239 112 1 0 0 0 0 221219 163116.681
0.0000000000 0.0000000000 0 0 0 0 0 0 117 229 112 1 0 0 0 0 221219 163116.881
0.0000000000 0.0000000000 0 0 0 0 0 0 178 226 112 1 0 0 0 0 221219 163117.081
0.0000000000 0.0000000000 0 0 0 0 0 0 211 242 112 1 0 0 0 0 221219 163117.281
0.0000000000 0.0000000000 0 0 0 0 0 0 163 228 112 1 0 0 0 0 221219 163117.481
0.0000000000 0.0000000000 0 0 0 0 0 0 71 230 112 1 0 0 0 0 221219 163117.681
0.0000000000 0.0000000000 0 0 0 0 0 0 93 238 112 1 0 0 0 0 221219 163117.881
0.0000000000 0.0000000000 0 0 0 0 0 0 209 227 112 1 0 0 0 0 221219 163118.082
0.0000000000 0.0000000000 0 0 0 0 0 0 207 239 112 1 0 0 0 0 221219 163118.282
0.0000000000 0.0000000000 0 0 0 0 0 0 40 246 112 1 0 0 0 0 221219 163118.482
0.0000000000 0.0000000000 0 0 0 0 0 0 227 234 112 1 0 0 0 0 221219 163118.682
0.0000000000 0.0000000000 0 0 0 0 0 0 181 234 112 1 0 0 0 0 221219 163118.882
0.0000000000 0.0000000000 0 0 0 0 0 0 77 231 112 1 0 0 0 0 221219 163119.082
0.0000000000 0.0000000000 0 0 0 0 0 0 92 231 112 1 0 0 0 0 221219 163119.282
0.0000000000 0.0000000000 0 0 0 0 0 0 150 237 112 1 0 0 0 0 221219 163119.482
0.0000000000 0.0000000000 0 0 0 0 0 0 169 225 112 1 0 0 0 0 221219 163119.683
0.0000000000 0.0000000000 0 0 0 0 0 0 142 242 112 1 0 0 0 0 221219 163119.883
0.0000000000 0.0000000000 0 0 0 0 0 0 183 226 112 1 0 0 0 0 221219 163120.083
0.0000000000 0.0000000000 0 0 0 0 0 0 22 233 112 1 0 0 0 0 221219 163120.283
0.0000000000 0.0000000000 0 0 0 0 0 0 82 230 112 1 0 0 0 0 221219 163120.483
0.0000000000 0.0000000000 0 0 0 0 0 0 246 235 112 1 0 0 0 0 221219 163120.683
0.0000000000 0.0000000000 0 0 0 0 0 0 208 230 112 1 0 0 0 0 221219 163120.883
0.0000000000 0.0000000000 0 0 0 0 0 0 213 223 112 1 0 0 0 0 221219 163121.084
0.0000000000 0.0000000000 0 0 0 0 0 0 30 232 112 1 0 0 0 0 221219 163121.284
0.0000000000 0.0000000000 0 0 0 0 0 0 237 228 112 1 0 0 0 0 221219 163121.484
0.0000000000 0.0000000000 0 0 0 0 0 0 168 227 112 1 0 0 0 0 221219 163121.684
0.0000000000 0.0000000000 0 0 0 0 0 0 176 228 112 1 0 0 0 0 221219 163121.884
0.0000000000 0.0000000000 0 0 0 0 0 0 56 225 112 1 0 0 0 0 221219 163122.084
0.0000000000 0.0000000000 0 0 0 0 0 0 235 224 112 1 0 0 0 0 221219 163122.284
0.0000000000 0.0000000000 0 0 0 0 0 0 243 224 112 1 0 0 0 0 221219 163122.485
0.0000000000 0.0000000000 0 0 0 0 0 0 173 229 112 1 0 0 0 0 221219 163122.685
0.0000000000 0.0000000000 0 0 0 0 0 0 1 223 112 1 0 0 0 0 221219 163122.885
0.0000000000 0.0000000000 0 0 0 0 0 0 60 227 112 1 0 0 0 0 221219 163123.085
0.0000000000 0.0000000000 0 0 0 0 0 0 251 232 112 1 0 0 0 0 221219 163123.285
0.0000000000 0.0000000000 0 0 0 0 0 0 179 224 112 1 0 0 0 0 221219 163123.485
0.0000000000 0.0000000000 0 0 0 0 0 0 178 233 112 1 0 0 0 0 221219 163123.685
0.0000000000 0.0000000000 0 0 0 0 0 0 209 233 112 1 0 0 0 0 221219 163123.886
0.0000000000 0.0000000000 0 0 0 0 0 0 79 229 112 1 0 0 0 0 221219 163124.086
0.0000000000 0.0000000000 0 0 0 0 0 0 118 230 112 1 0 0 0 0 221219 163124.286
0.0000000000 0.0000000000 0 0 0 0 0 0 94 227 112 1 0 0 0 0 221219 163124.486
0.0000000000 0.0000000000 0 0 0 0 0 0 205 234 112 1 0 0 0 0 221219 163124.686
0.0000000000 0.0000000000 0 0 0 0 0 0 88 228 112 1 0 0 0 0 221219 163124.886
0.0000000000 0.0000000000 0 0 0 0 0 0 47 227 112 1 0 0 0 0 221219 163125.086
0.0000000000 0.0000000000 0 0 0 0 0 0 205 224 112 1 0 0 0 0 221219 163125.286
0.0000000000 0.0000000000 0 0 0 0 0 0 189 225 112 1 0 0 0 0 221219 163125.487
0.0000000000 0.0000000000 0 0 0 0 0 0 111 231 112 1 0 0 0 0 221219 163125.687
0.0000000000 0.0000000000 0 0 0 0 0 0 70 230 112 1 0 0 0 0 221219 163125.887
0.0000000000 0.0000000000 0 0 0 0 0 0 36 227 112 1 0 0 0 0 221219 163126.087
0.0000000000 0.0000000000 0 0 0 0 0 0 156 224 112 1 0 0 0 0 221219 163126.287
0.0000000000 0.0000000000 0 0 0 0 0 0 154 228 112 1 0 0 0 0 221219 163126.487
0.0000000000 0.0000000000 0 0 0 0 0 0 103 226 112 1 0 0 0 0 221219 163126.687
0.0000000000 0.0000000000 0 0 0 0 0 0 244 224 112 1 0 0 0 0 221219 163126.888
0.0000000000 0.0000000000 0 0 0 0 0 0 64 219 112 1 0 0 0 0 221219 163127.088
0.0000000000 0.0000000000 0 0 0 0 0 0 45 219 112 1 0 0 0 0 221219 163127.288
0.0000000000 0.0000000000 0 0 0 0 0 0 104 215 112 1 0 0 0 0 221219 163127.488
0.0000000000 0.0000000000 0 0 0 0 0 0 202 229 112 1 0 0 0 0 221219 163127.688
0.0000000000 0.0000000000 0 0 0 0 0 0 200 215 112 1 0 0 0 0 221219 163127.888
0.0000000000 0.0000000000 0 0 0 0 0 0 216 232 112 1 0 0 0 0 221219 163128.088
0.0000000000 0.0000000000 0 0 0 0 0 0 184 228 112 1 0 0 0 0 221219 163128.289
0.0000000000 0.0000000000 0 0 0 0 0 0 226 219 112 1 0 0 0 0 221219 163128.489
0.0000000000 0.0000000000 0 0 0 0 0 0 163 227 112 1 0 0 0 0 221219 163128.689
0.0000000000 0.0000000000 0 0 0 0 0 0 54 227 112 1 0 0 0 0 221219 163128.889
0.0000000000 0.0000000000 0 0 0 0 0 0 99 229 112 1 0 0 0 0 221219 163129.089
0.0000000000 0.0000000000 0 0 0 0 0 0 129 225 112 1 0 0 0 0 221219 163129.289
0.0000000000 0.0000000000 0 0 0 0 0 0 69 227 112 1 0 0 0 0 221219 163129.489
0.0000000000 0.0000000000 0 0 0 0 0 0 209 228 112 1 0 0 0 0 221219 163129.690
0.0000000000 0.0000000000 0 0 0 0 0 0 174 227 112 1 0 0 0 0 221219 163129.890
0.0000000000 0.0000000000 0 0 0 0 0 0 186 230 112 1 0 0 0 0 221219 163130.090
0.0000000000 0.0000000000 0 0 0 0 0 0 217 229 112 1 0 0 0 0 221219 163130.290
0.0000000000 0.0000000000 0 0 0 0 0 0 175 227 112 1 0 0 0 0 221219 163130.490
0.0000000000 0.0000000000 0 0 0 0 0 0 203 224 112 1 0 0 0 0 221219 163130.690
0.0000000000 0.0000000000 0 0 0 0 0 0 77 226 112 1 0 0 0 0 221219 163130.890
0.0000000000 0.0000000000 0 0 0 0 0 0 62 231 112 1 0 0 0 0 221219 163131.091
0.0000000000 0.0000000000 0 0 0 0 0 0 136 230 112 1 0 0 0 0 221219 163131.291
0.0000000000 0.0000000000 0 0 0 0 0 0 35 229 112 1 0 0 0 0 221219 163131.491
0.0000000000 0.0000000000 0 0 0 0 0 0 168 228 112 1 0 0 0 0 221219 163131.691
0.0000000000 0.0000000000 0 0 0 0 0 0 156 230 112 1 0 0 0 0 221219 163131.891
0.0000000000 0.0000000000 0 0 0 0 0 0 182 227 112 1 0 0 0 0 221219 163132.091
0.0000000000 0.0000000000 0 0 0 0 0 0 223 228 112 1 0 0 0 0 221219 163132.291
0.0000000000 0.0000000000 0 0 0 0 0 0 198 237 112 1 0 0 0 0 221219 163132.492
0.0000000000 0.0000000000 0 0 0 0 0 0 92 233 112 1 0 0 0 0 221219 163132.692
0.0000000000 0.0000000000 0 0 0 0 0 0 94 229 112 1 0 0 0 0 221219 163132.892
0.0000000000 0.0000000000 0 0 0 0 0 0 204 232 112 1 0 0 0 0 221219 163133.092
0.0000000000 0.0000000000 0 0 0 0 0 0 230 229 112 1 0 0 0 0 221219 163133.292
0.0000000000 0.0000000000 0 0 0 0 0 0 195 230 112 1 0 0 0 0 221219 163133.492
0.0000000000 0.0000000000 0 0 0 0 0 0 244 232 112 1 0 0 0 0 221219 163133.692
0.0000000000 0.0000000000 0 0 0 0 0 0 178 244 112 1 0 0 0 0 221219 163133.893
0.0000000000 0.0000000000 0 0 0 0 0 0 93 237 112 1 0 0 0 0 221219 163134.093
0.0000000000 0.0000000000 0 0 0 0 0 0 124 229 112 1 0 0 0 0 221219 163134.293
0.0000000000 0.0000000000 0 0 0 0 0 0 102 238 112 1 0 0 0 0 221219 163134.493
0.0000000000 0.0000000000 0 0 0 0 0 0 239 228 112 1 0 0 0 0 221219 163134.693
0.0000000000 0.0000000000 0 0 0 0 0 0 23 235 112 1 0 0 0 0 221219 163134.893
0.0000000000 0.0000000000 0 0 0 0 0 0 56 229 112 1 0 0 0 0 221219 163135.093
0.0000000000 0.0000000000 0 0 0 0 0 0 4 234 112 1 0 0 0 0 221219 163135.293
0.0000000000 0.0000000000 0 0 0 0 0 0 1 231 112 1 0 0 0 0 221219 163135.494
0.0000000000 0.0000000000 0 0 0 0 0 0 164 235 112 1 0 0 0 0 221219 163135.694
0.0000000000 0.0000000000 0 0 0 0 0 0 130 241 112 1 0 0 0 0 221219 163135.894
0.0000000000 0.0000000000 0 0 0 0 0 0 150 240 112 1 0 0 0 0 221219 163136.094
0.0000000000 0.0000000000 0 0 0 0 0 0 216 225 112 1 0 0 0 0 221219 163136.294
0.0000000000 0.0000000000 0 0 0 0 0 0 88 225 112 1 0 0 0 0 221219 163136.494
0.0000000000 0.0000000000 0 0 0 0 0 0 31 233 112 1 0 0 0 0 221219 163136.695
0.0000000000 0.0000000000 0 0 0 0 0 0 254 222 112 1 0 0 0 0 221219 163136.895
0.0000000000 0.0000000000 0 0 0 0 0 0 158 227 112 1 0 0 0 0 221219 163137.095
0.0000000000 0.0000000000 0 0 0 0 0 0 222 228 112 1 0 0 0 0 221219 163137.295
0.0000000000 0.0000000000 0 0 0 0 0 0 255 229 112 1 0 0 0 0 221219 163137.495
0.0000000000 0.0000000000 0 0 0 0 0 0 195 232 112 1 0 0 0 0 221219 163137.695
0.0000000000 0.0000000000 0 0 0 0 0 0 144 229 112 1 0 0 0 0 221219 163137.895
0.0000000000 0.0000000000 0 0 0 0 0 0 254 229 112 1 0 0 0 0 221219 163138.095
0.0000000000 0.0000000000 0 0 0 0 0 0 248 230 112 1 0 0 0 0 221219 163138.296
0.0000000000 0.0000000000 0 0 0 0 0 0 116 233 112 1 0 0 0 0 221219 163138.496
0.0000000000 0.0000000000 0 0 0 0 0 0 21 225 112 1 0 0 0 0 221219 163138.696
0.0000000000 0.0000000000 0 0 0 0 0 0 187 230 112 1 0 0 0 0 221219 163138.896
0.0000000000 0.0000000000 0 0 0 0 0 0 246 161 112 1 0 0 0 0 221219 163139.096
0.0000000000 0.0000000000 0 0 0 0 0 0 252 226 112 1 0 0 0 0 221219 163139.296
0.0000000000 0.0000000000 0 0 0 0 0 0 15 231 112 1 0 0 0 0 221219 163139.497
0.0000000000 0.0000000000 0 0 0 0 0 0 145 230 112 1 0 0 0 0 221219 163139.697
0.0000000000 0.0000000000 0 0 0 0 0 0 237 225 112 1 0 0 0 0 221219 163139.897
0.0000000000 0.0000000000 0 0 0 0 0 0 95 233 112 1 0 0 0 0 221219 163140.097
0.0000000000 0.0000000000 0 0 0 0 0 0 246 231 112 1 0 0 0 0 221219 163140.297
0.0000000000 0.0000000000 0 0 0 0 0 0 116 234 112 1 0 0 0 0 221219 163140.497
0.0000000000 0.0000000000 0 0 0 0 0 0 66 230 112 1 0 0 0 0 221219 163140.697
0.0000000000 0.0000000000 0 0 0 0 0 0 48 230 112 1 0 0 0 0 221219 163140.898
0.0000000000 0.0000000000 0 0 0 0 0 0 33 233 112 1 0 0 0 0 221219 163141.098
0.0000000000 0.0000000000 0 0 0 0 0 0 113 235 112 1 0 0 0 0 221219 163141.298
0.0000000000 0.0000000000 0 0 0 0 0 0 216 231 112 1 0 0 0 0 221219 163141.498
0.0000000000 0.0000000000 0 0 0 0 0 0 112 225 112 1 0 0 0 0 221219 163141.698
0.0000000000 0.0000000000 0 0 0 0 0 0 117 236 112 1 0 0 0 0 221219 163141.898
0.0000000000 0.0000000000 0 0 0 0 0 0 16 231 112 1 0 0 0 0 221219 163142.098
0.0000000000 0.0000000000 0 0 0 0 0 0 63 235 112 1 0 0 0 0 221219 163142.299
0.0000000000 0.0000000000 0 0 0 0 0 0 149 229 112 1 0 0 0 0 221219 163142.499
0.0000000000 0.0000000000 0 0 0 0 0 0 159 234 112 1 0 0 0 0 221219 163142.699
0.0000000000 0.0000000000 0 0 0 0 0 0 49 243 112 1 0 0 0 0 221219 163142.899
0.0000000000 0.0000000000 0 0 0 0 0 0 225 240 112 1 0 0 0 0 221219 163143.099
0.0000000000 0.0000000000 0 0 0 0 0 0 68 237 112 1 0 0 0 0 221219 163143.299
0.0000000000 0.0000000000 0 0 0 0 0 0 241 232 112 1 0 0 0 0 221219 163143.499
0.0000000000 0.0000000000 0 0 0 0 0 0 177 237 112 1 0 0 0 0 221219 163143.700
0.0000000000 0.0000000000 0 0 0 0 0 0 232 238 112 1 0 0 0 0 221219 163143.900
0.0000000000 0.0000000000 0 0 0 0 0 0 40 240 112 1 0 0 0 0 221219 163144.100
0.0000000000 0.0000000000 0 0 0 0 0 0 22 241 112 1 0 0 0 0 221219 163144.300
0.0000000000 0.0000000000 0 0 0 0 0 0 40 235 112 1 0 0 0 0 221219 163144.500
0.0000000000 0.0000000000 0 0 0 0 0 0 136 246 112 1 0 0 0 0 221219 163144.700
0.0000000000 0.0000000000 0 0 0 0 0 0 156 240 112 1 0 0 0 0 221219 163144.900
0.0000000000 0.0000000000 0 0 0 0 0 0 125 238 112 1 0 0 0 0 221219 163145.101
0.0000000000 0.0000000000 0 0 0 0 0 0 108 249 112 1 0 0 0 0 221219 163145.301
0.0000000000 0.0000000000 0 0 0 0 0 0 103 245 112 1 0 0 0 0 221219 163145.501
0.0000000000 0.0000000000 0 0 0 0 0 0 13 243 112 1 0 0 0 0 221219 163145.701
0.0000000000 0.0000000000 0 0 0 0 0 0 74 244 112 1 0 0 0 0 221219 163145.901
0.0000000000 0.0000000000 0 0 0 0 0 0 57 254 112 1 0 0 0 0 221219 163146.101
0.0000000000 0.0000000000 0 0 0 0 0 0 2 250 112 1 0 0 0 0 221219 163146.301
0.0000000000 0.0000000000 0 0 0 0 0 0 107 254 112 1 0 0 0 0 221219 163146.502
0.0000000000 0.0000000000 0 0 0 0 0 0 244 244 112 1 0 0 0 0 221219 163146.702
0.0000000000 0.0000000000 0 0 0 0 0 0 93 251 112 1 0 0 0 0 221219 163146.902
0.0000000000 0.0000000000 0 0 0 0 0 0 42 252 112 1 0 0 0 0 221219 163147.102
0.0000000000 0.0000000000 0 0 0 0 0 0 84 255 112 1 0 0 0 0 221219 163147.302
0.0000000000 0.0000000000 0 0 0 0 0 0 9 255 112 1 0 0 0 0 221219 163147.502
0.0000000000 0.0000000000 0 0 0 0 0 0 201 246 112 1 0 0 0 0 221219 163147.702
0.0000000000 0.0000000000 0 0 0 0 0 0 223 254 112 1 0 0 0 0 221219 163147.903
0.0000000000 0.0000000000 0 0 0 0 0 0 4 252 112 1 0 0 0 0 221219 163148.103
0.0000000000 0.0000000000 0 0 0 0 0 0 200 254 112 1 0 0 0 0 221219 163148.303
0.0000000000 0.0000000000 0 0 0 0 0 0 0 0 112 1 0 0 0 0 221219 163148.503
0.0000000000 0.0000000000 0 0 0 0 0 0 0 0 112 1 0 0 0 0 221219 163148.703
0.0000000000 0.0000000000 0 0 0 0 0 0 0 0 112 1 0 0 0 0 221219 163148.903
0.0000000000 0.0000000000 0 0 0 0 0 0 0 0 112 1 0 0 0 0 221219 163149.103
0.0000000000 0.0000000000 0 0 0 0 0 0 0 0 112 1 0 0 0 0 221219 163149.303
0.0000000000 0.0000000000 0 0 0 0 0 0 0 0 112 1 0 0 0 0 221219 163149.504
0.0000000000 0.0000000000 0 0 0 0 0 0 0 0 112 1 0 0 0 0 221219 163149.704
0.0000000000 0.0000000000 0 0 0 0 0 0 0 0 112 1 0 0 0 0 221219 163149.904
0.0000000000 0.0000000000 0 0 0 0 0 0 0 0 112 1 0 0 0 0 221219 163150.104
0.0000000000 0.0000000000 0 0 0 0 0 0 0 0 112 1 0 0 0 0 221219 163150.304
0.0000000000 0.0000000000 0 0 0 0 0 0 0 0 112 1 0 0 0 0 221219 163150.504
0.0000000000 0.0000000000 0 0 0 0 0 0 0 0 112 1 0 0 0 0 221219 163150.704
0.0000000000 0.0000000000 0 0 0 0 0 0 0 0 112 1 0 0 0 0 221219 163150.905
0.0000000000 0.0000000000 0 0 0 0 0 0 0 0 112 1 0 0 0 0 221219 163151.105
0.0000000000 0.0000000000 0 0 0 0 0 0 0 0 112 1 0 0 0 0 221219 163151.305
0.0000000000 0.0000000000 0 0 0 0 0 0 0 0 112 1 0 0 0 0 221219 163151.505
0.0000000000 0.0000000000 0 0 0 0 0 0 0 0 112 1 0 0 0 0 221219 163151.705
0.0000000000 0.0000000000 0 0 0 0 0 0 0 0 112 1 0 0 0 0 221219 163151.905
0.0000000000 0.0000000000 0 0 0 0 0 0 0 0 112 1 0 0 0 0 221219 163152.105
0.0000000000 0.0000000000 0 0 0 0 0 0 0 0 112 1 0 0 0 0 221219 163152.306
0.0000000000 0.0000000000 0 0 0 0 0 0 0 0 112 1 0 0 0 0 221219 163152.506
0.0000000000 0.0000000000 0 0 0 0 0 0 0 0 112 1 0 0 0 0 221219 163152.706
0.0000000000 0.0000000000 0 0 0 0 0 0 0 0 112 1 0 0 0 0 221219 163152.906
0.0000000000 0.0000000000 0 0 0 0 0 0 0 0 112 1 0 0 0 0 221219 163153.106
0.0000000000 0.0000000000 0 0 0 0 0 0 0 0 112 1 0 0 0 0 221219 163153.306
0.0000000000 0.0000000000 0 0 0 0 0 0 0 0 112 1 0 0 0 0 221219 163153.506
0.0000000000 0.0000000000 0 0 0 0 0 0 0 0 112 1 0 0 0 0 221219 163153.707
0.0000000000 0.0000000000 0 0 0 0 0 0 0 0 112 1 0 0 0 0 221219 163153.907
0.0000000000 0.0000000000 0 0 0 0 0 0 0 0 112 1 0 0 0 0 221219 163154.107
0.0000000000 0.0000000000 0 0 0 0 0 0 0 0 112 1 0 0 0 0 221219 163154.307
0.0000000000 0.0000000000 0 0 0 0 0 0 0 0 112 1 0 0 0 0 221219 163154.507
0.0000000000 0.0000000000 0 0 0 0 0 0 0 0 112 1 0 0 0 0 221219 163154.707
0.0000000000 0.0000000000 0 0 0 0 0 0 0 0 112 1 0 0 0 0 221219 163154.907
0.0000000000 0.0000000000 0 0 0 0 0 0 0 0 112 1 0 0 0 0 221219 163155.108
0.0000000000 0.0000000000 0 0 0 0 0 0 0 0 112 1 0 0 0 0 221219 163155.308
0.0000000000 0.0000000000 0 0 0 0 0 0 0 0 112 1 0 0 0 0 221219 163155.508
0.0000000000 0.0000000000 0 0 0 0 0 0 0 0 112 1 0 0 0 0 221219 163155.708
0.0000000000 0.0000000000 0 0 0 0 0 0 0 0 112 1 0 0 0 0 221219 163155.908
0.0000000000 0.0000000000 0 0 0 0 0 0 0 0 112 1 0 0 0 0 221219 163156.108
0.0000000000 0.0000000000 0 0 0 0 0 0 0 0 112 1 0 0 0 0 221219 163156.309
0.0000000000 0.0000000000 0 0 0 0 0 0 0 0 112 1 0 0 0 0 221219 163156.509
0.0000000000 0.0000000000 0 0 0 0 0 0 0 0 112 1 0 0 0 0 221219 163156.709
0.0000000000 0.0000000000 0 0 0 0 0 0 0 0 112 1 0 0 0 0 221219 163156.909
0.0000000000 0.0000000000 0 0 0 0 0 0 0 0 112 1 0 0 0 0 221219 163157.109
0.0000000000 0.0000000000 0 0 0 0 0 0 0 0 112 1 0 0 0 0 221219 163157.309
0.0000000000 0.0000000000 0 0 0 0 0 0 0 0 112 1 0 0 0 0 221219 163157.509
0.0000000000 0.0000000000 0 0 0 0 0 0 0 0 112 1 0 0 0 0 221219 163157.710
0.0000000000 0.0000000000 0 0 0 0 0 0 148 227 112 1 0 0 0 0 221219 163157.910
0.0000000000 0.0000000000 0 0 0 0 0 0 112 233 112 1 0 0 0 0 221219 163158.110
0.0000000000 0.0000000000 0 0 0 0 0 0 83 227 112 1 0 0 0 0 221219 163158.310
0.0000000000 0.0000000000 0 0 0 0 0 0 117 237 112 1 0 0 0 0 221219 163158.510
0.0000000000 0.0000000000 0 0 0 0 0 0 197 226 112 1 0 0 0 0 221219 163158.710
0.0000000000 0.0000000000 0 0 0 0 0 0 86 224 112 1 0 0 0 0 221219 163158.910
0.0000000000 0.0000000000 0 0 0 0 0 0 13 227 112 1 0 0 0 0 221219 163159.111
0.0000000000 0.0000000000 0 0 0 0 0 0 233 226 112 1 0 0 0 0 221219 163159.311
0.0000000000 0.0000000000 0 0 0 0 0 0 44 227 112 1 0 0 0 0 221219 163159.511
0.0000000000 0.0000000000 0 0 0 0 0 0 83 220 112 1 0 0 0 0 221219 163159.711
0.0000000000 0.0000000000 0 0 0 0 0 0 143 231 112 1 0 0 0 0 221219 163159.911
0.0000000000 0.0000000000 0 0 0 0 0 0 29 218 112 1 0 0 0 0 221219 163200.111
0.0000000000 0.0000000000 0 0 0 0 0 0 194 226 112 1 0 0 0 0 221219 163200.312
0.0000000000 0.0000000000 0 0 0 0 0 0 125 229 112 1 0 0 0 0 221219 163200.512
0.0000000000 0.0000000000 0 0 0 0 0 0 44 218 112 1 0 0 0 0 221219 163200.712
0.0000000000 0.0000000000 0 0 0 0 0 0 82 222 112 1 0 0 0 0 221219 163200.912
0.0000000000 0.0000000000 0 0 0 0 0 0 26 214 112 1 0 0 0 0 221219 163201.112
0.0000000000 0.0000000000 0 0 0 0 0 0 60 225 112 1 0 0 0 0 221219 163201.312
0.0000000000 0.0000000000 0 0 0 0 0 0 37 212 112 1 0 0 0 0 221219 163201.512
0.0000000000 0.0000000000 0 0 0 0 0 0 15 218 112 1 0 0 0 0 221219 163201.712
0.0000000000 0.0000000000 0 0 0 0 0 0 105 218 112 1 0 0 0 0 221219 163201.913
0.0000000000 0.0000000000 0 0 0 0 0 0 188 217 112 1 0 0 0 0 221219 163202.113
0.0000000000 0.0000000000 0 0 0 0 0 0 179 216 112 1 0 0 0 0 221219 163202.313
0.0000000000 0.0000000000 0 0 0 0 0 0 56 223 112 1 0 0 0 0 221219 163202.513
0.0000000000 0.0000000000 0 0 0 0 0 0 137 217 112 1 0 0 0 0 221219 163202.713
0.0000000000 0.0000000000 0 0 0 0 0 0 34 220 112 1 0 0 0 0 221219 163202.913
0.0000000000 0.0000000000 0 0 0 0 0 0 98 209 112 1 0 0 0 0 221219 163203.114
0.0000000000 0.0000000000 0 0 0 0 0 0 147 210 112 1 0 0 0 0 221219 163203.314
0.0000000000 0.0000000000 0 0 0 0 0 0 45 213 112 1 0 0 0 0 221219 163203.514
0.0000000000 0.0000000000 0 0 0 0 0 0 144 212 112 1 0 0 0 0 221219 163203.714
0.0000000000 0.0000000000 0 0 0 0 0 0 254 213 112 1 0 0 0 0 221219 163203.914
0.0000000000 0.0000000000 0 0 0 0 0 0 155 212 112 1 0 0 0 0 221219 163204.114
0.0000000000 0.0000000000 0 0 0 0 0 0 143 210 112 1 0 0 0 0 221219 163204.314
0.0000000000 0.0000000000 0 0 0 0 0 0 63 212 112 1 0 0 0 0 221219 163204.515
0.0000000000 0.0000000000 0 0 0 0 0 0 239 203 112 1 0 0 0 0 221219 163204.715
0.0000000000 0.0000000000 0 0 0 0 0 0 29 211 112 1 0 0 0 0 221219 163204.915
0.0000000000 0.0000000000 0 0 0 0 0 0 135 206 112 1 0 0 0 0 221219 163205.115
0.0000000000 0.0000000000 0 0 0 0 0 0 142 205 112 1 0 0 0 0 221219 163205.315
0.0000000000 0.0000000000 0 0 0 0 0 0 102 207 112 1 0 0 0 0 221219 163205.515
0.0000000000 0.0000000000 0 0 0 0 0 0 206 205 112 1 0 0 0 0 221219 163205.716
0.0000000000 0.0000000000 0 0 0 0 0 0 83 213 112 1 0 0 0 0 221219 163205.916
0.0000000000 0.0000000000 0 0 0 0 0 0 208 209 112 1 0 0 0 0 221219 163206.116
0.0000000000 0.0000000000 0 0 0 0 0 0 184 201 112 1 0 0 0 0 221219 163206.316
0.0000000000 0.0000000000 0 0 0 0 0 0 166 205 112 1 0 0 0 0 221219 163206.516
0.0000000000 0.0000000000 0 0 0 0 0 0 120 204 112 1 0 0 0 0 221219 163206.716
0.0000000000 0.0000000000 0 0 0 0 0 0 45 202 112 1 0 0 0 0 221219 163206.916
0.0000000000 0.0000000000 0 0 0 0 0 0 45 204 112 1 0 0 0 0 221219 163207.117
0.0000000000 0.0000000000 0 0 0 0 0 0 254 205 112 1 0 0 0 0 221219 163207.317
0.0000000000 0.0000000000 0 0 0 0 0 0 139 205 112 1 0 0 0 0 221219 163207.517
0.0000000000 0.0000000000 0 0 0 0 0 0 241 205 112 1 0 0 0 0 221219 163207.717
0.0000000000 0.0000000000 0 0 0 0 0 0 196 207 112 1 0 0 0 0 221219 163207.917
0.0000000000 0.0000000000 0 0 0 0 0 0 206 207 112 1 0 0 0 0 221219 163208.117
0.0000000000 0.0000000000 0 0 0 0 0 0 76 209 112 1 0 0 0 0 221219 163208.317
0.0000000000 0.0000000000 0 0 0 0 0 0 26 210 112 1 0 0 0 0 221219 163208.518
0.0000000000 0.0000000000 0 0 0 0 0 0 80 206 112 1 0 0 0 0 221219 163208.718
0.0000000000 0.0000000000 0 0 0 0 0 0 130 203 112 1 0 0 0 0 221219 163208.918
0.0000000000 0.0000000000 0 0 0 0 0 0 79 209 112 1 0 0 0 0 221219 163209.118
0.0000000000 0.0000000000 0 0 0 0 0 0 5 202 112 1 0 0 0 0 221219 163209.318
0.0000000000 0.0000000000 0 0 0 0 0 0 53 205 112 1 0 0 0 0 221219 163209.518
0.0000000000 0.0000000000 0 0 0 0 0 0 160 203 112 1 0 0 0 0 221219 163209.718
0.0000000000 0.0000000000 0 0 0 0 0 0 169 205 112 1 0 0 0 0 221219 163209.919
0.0000000000 0.0000000000 0 0 0 0 0 0 212 205 112 1 0 0 0 0 221219 163210.119
0.0000000000 0.0000000000 0 0 0 0 0 0 191 206 112 1 0 0 0 0 221219 163210.319
0.0000000000 0.0000000000 0 0 0 0 0 0 129 206 112 1 0 0 0 0 221219 163210.519
0.0000000000 0.0000000000 0 0 0 0 0 0 69 204 112 1 0 0 0 0 221219 163210.719
0.0000000000 0.0000000000 0 0 0 0 0 0 164 202 112 1 0 0 0 0 221219 163210.919
0.0000000000 0.0000000000 0 0 0 0 0 0 87 208 112 1 0 0 0 0 221219 163211.119
0.0000000000 0.0000000000 0 0 0 0 0 0 20 207 112 1 0 0 0 0 221219 163211.320
0.0000000000 0.0000000000 0 0 0 0 0 0 182 207 112 1 0 0 0 0 221219 163211.520
0.0000000000 0.0000000000 0 0 0 0 0 0 215 210 112 1 0 0 0 0 221219 163211.720
0.0000000000 0.0000000000 0 0 0 0 0 0 88 198 112 1 0 0 0 0 221219 163211.920
0.0000000000 0.0000000000 0 0 0 0 0 0 129 213 112 1 0 0 0 0 221219 163212.120
0.0000000000 0.0000000000 0 0 0 0 0 0 57 210 112 1 0 0 0 0 221219 163212.320
0.0000000000 0.0000000000 0 0 0 0 0 0 36 211 112 1 0 0 0 0 221219 163212.520
0.0000000000 0.0000000000 0 0 0 0 0 0 217 208 112 1 0 0 0 0 221219 163212.721
0.0000000000 0.0000000000 0 0 0 0 0 0 120 210 112 1 0 0 0 0 221219 163212.921
0.0000000000 0.0000000000 0 0 0 0 0 0 144 208 112 1 0 0 0 0 221219 163213.121
0.0000000000 0.0000000000 0 0 0 0 0 0 182 207 112 1 0 0 0 0 221219 163213.321
0.0000000000 0.0000000000 0 0 0 0 0 0 214 208 112 1 0 0 0 0 221219 163213.521
0.0000000000 0.0000000000 0 0 0 0 0 0 57 215 112 1 0 0 0 0 221219 163213.721
0.0000000000 0.0000000000 0 0 0 0 0 0 63 212 112 1 0 0 0 0 221219 163213.921
0.0000000000 0.0000000000 0 0 0 0 0 0 126 208 112 1 0 0 0 0 221219 163214.122
0.0000000000 0.0000000000 0 0 0 0 0 0 230 212 112 1 0 0 0 0 221219 163214.322
0.0000000000 0.0000000000 0 0 0 0 0 0 140 213 112 1 0 0 0 0 221219 163214.522
0.0000000000 0.0000000000 0 0 0 0 0 0 129 213 112 1 0 0 0 0 221219 163214.722
0.0000000000 0.0000000000 0 0 0 0 0 0 34 215 112 1 0 0 0 0 221219 163214.922
0.0000000000 0.0000000000 0 0 0 0 0 0 190 214 112 1 0 0 0 0 221219 163215.122
0.0000000000 0.0000000000 0 0 0 0 0 0 30 211 112 1 0 0 0 0 221219 163215.322
0.0000000000 0.0000000000 0 0 0 0 0 0 32 213 112 1 0 0 0 0 221219 163215.523
0.0000000000 0.0000000000 0 0 0 0 0 0 217 217 112 1 0 0 0 0 221219 163215.723
0.0000000000 0.0000000000 0 0 0 0 0 0 176 215 112 1 0 0 0 0 221219 163215.923
0.0000000000 0.0000000000 0 0 0 0 0 0 249 213 112 1 0 0 0 0 221219 163216.123
0.0000000000 0.0000000000 0 0 0 0 0 0 125 214 112 1 0 0 0 0 221219 163216.323
0.0000000000 0.0000000000 0 0 0 0 0 0 182 215 112 1 0 0 0 0 221219 163216.523
0.0000000000 0.0000000000 0 0 0 0 0 0 184 221 112 1 0 0 0 0 221219 163216.723
0.0000000000 0.0000000000 0 0 0 0 0 0 142 215 112 1 0 0 0 0 221219 163216.924
0.0000000000 0.0000000000 0 0 0 0 0 0 230 221 112 1 0 0 0 0 221219 163217.124
0.0000000000 0.0000000000 0 0 0 0 0 0 190 223 112 1 0 0 0 0 221219 163217.324
0.0000000000 0.0000000000 0 0 0 0 0 0 242 219 112 1 0 0 0 0 221219 163217.524
0.0000000000 0.0000000000 0 0 0 0 0 0 101 214 112 1 0 0 0 0 221219 163217.724
0.0000000000 0.0000000000 0 0 0 0 0 0 152 218 112 1 0 0 0 0 221219 163217.924
0.0000000000 0.0000000000 0 0 0 0 0 0 34 222 112 1 0 0 0 0 221219 163218.124
0.0000000000 0.0000000000 0 0 0 0 0 0 131 223 112 1 0 0 0 0 221219 163218.325
0.0000000000 0.0000000000 0 0 0 0 0 0 113 222 112 1 0 0 0 0 221219 163218.525
0.0000000000 0.0000000000 0 0 0 0 0 0 168 227 112 1 0 0 0 0 221219 163218.725
0.0000000000 0.0000000000 0 0 0 0 0 0 54 229 112 1 0 0 0 0 221219 163218.925
0.0000000000 0.0000000000 0 0 0 0 0 0 243 227 112 1 0 0 0 0 221219 163219.125
0.0000000000 0.0000000000 0 0 0 0 0 0 100 233 112 1 0 0 0 0 221219 163219.325
0.0000000000 0.0000000000 0 0 0 0 0 0 143 235 112 1 0 0 0 0 221219 163219.526
0.0000000000 0.0000000000 0 0 0 0 0 0 36 232 112 1 0 0 0 0 221219 163219.726
0.0000000000 0.0000000000 0 0 0 0 0 0 204 236 112 1 0 0 0 0 221219 163219.926
0.0000000000 0.0000000000 0 0 0 0 0 0 85 239 112 1 0 0 0 0 221219 163220.126
0.0000000000 0.0000000000 0 0 0 0 0 0 228 232 112 1 0 0 0 0 221219 163220.326
0.0000000000 0.0000000000 0 0 0 0 0 0 122 236 112 1 0 0 0 0 221219 163220.526
0.0000000000 0.0000000000 0 0 0 0 0 0 115 247 112 1 0 0 0 0 221219 163220.726
0.0000000000 0.0000000000 0 0 0 0 0 0 31 241 112 1 0 0 0 0 221219 163220.927
0.0000000000 0.0000000000 0 0 0 0 0 0 219 238 112 1 0 0 0 0 221219 163221.127
0.0000000000 0.0000000000 0 0 0 0 0 0 102 244 112 1 0 0 0 0 221219 163221.327
0.0000000000 0.0000000000 0 0 0 0 0 0 230 243 112 1 0 0 0 0 221219 163221.527
0.0000000000 0.0000000000 0 0 0 0 0 0 106 243 112 1 0 0 0 0 221219 163221.727
0.0000000000 0.0000000000 0 0 0 0 0 0 143 251 112 1 0 0 0 0 221219 163221.927
0.0000000000 0.0000000000 0 0 0 0 0 0 233 252 112 1 0 0 0 0 221219 163222.127
0.0000000000 0.0000000000 0 0 0 0 0 0 124 249 112 1 0 0 0 0 221219 163222.328
0.0000000000 0.0000000000 0 0 0 0 0 0 55 2 112 1 0 0 0 0 221219 163222.528
0.0000000000 0.0000000000 0 0 0 0 0 0 196 253 112 1 0 0 0 0 221219 163222.728
0.0000000000 0.0000000000 0 0 0 0 0 0 233 3 112 1 0 0 0 0 221219 163222.928
0.0000000000 0.0000000000 0 0 0 0 0 0 11 255 112 1 0 0 0 0 221219 163223.128
0.0000000000 0.0000000000 0 0 0 0 0 0 214 4 112 1 0 0 0 0 221219 163223.328
0.0000000000 0.0000000000 0 0 0 0 0 0 215 85 112 1 0 0 0 0 221219 163223.528
