0.0000000000 0.0000000000 0 0 0 0 0 0 0 0 127 0 0 0 0 0 221219 143232.096
0.0000000000 0.0000000000 0 0 0 0 0 0 0 0 127 0 0 0 0 0 221219 143232.296
0.0000000000 0.0000000000 0 0 0 0 0 0 0 0 127 0 0 0 0 0 221219 143232.497
0.0000000000 0.0000000000 0 0 0 0 0 0 0 0 127 0 0 0 0 0 221219 143232.697
0.0000000000 0.0000000000 0 0 0 0 0 0 0 0 127 0 0 0 0 0 221219 143232.897
0.0000000000 0.0000000000 0 0 0 0 0 0 0 0 127 0 0 0 0 0 221219 143233.098
0.0000000000 0.0000000000 0 0 0 0 0 0 0 0 127 0 0 0 0 0 221219 143233.298
0.0000000000 0.0000000000 0 0 0 0 0 0 0 0 127 0 0 0 0 0 221219 143233.498
0.0000000000 0.0000000000 0 0 0 0 0 0 0 0 127 0 0 0 0 0 221219 143233.699
0.0000000000 0.0000000000 0 0 0 0 0 0 0 0 127 0 0 0 0 0 221219 143233.899
0.0000000000 0.0000000000 0 0 0 0 0 0 0 0 127 0 0 0 0 0 221219 143234.099
0.0000000000 0.0000000000 0 0 0 0 0 0 0 0 127 0 0 0 0 0 221219 143234.300
0.0000000000 0.0000000000 0 0 0 0 0 0 0 0 127 0 0 0 0 0 221219 143234.500
0.0000000000 0.0000000000 0 0 0 0 0 0 0 0 127 0 0 0 0 0 221219 143234.700
0.0000000000 0.0000000000 0 0 0 0 0 0 0 0 127 0 0 0 0 0 221219 143234.900
0.0000000000 0.0000000000 0 0 0 0 0 0 0 0 127 0 0 0 0 0 221219 143235.101
0.0000000000 0.0000000000 0 0 0 0 0 0 0 0 127 0 0 0 0 0 221219 143235.301
0.0000000000 0.0000000000 0 0 0 0 0 0 0 0 127 0 0 0 0 0 221219 143235.501
0.0000000000 0.0000000000 0 0 0 0 0 0 0 0 127 0 0 0 0 0 221219 143235.702
0.0000000000 0.0000000000 0 0 0 0 0 0 0 0 127 0 0 0 0 0 221219 143235.902
0.0000000000 0.0000000000 0 0 0 0 0 0 0 0 127 0 0 0 0 0 221219 143236.102
0.0000000000 0.0000000000 0 0 0 0 0 0 0 0 127 0 0 0 0 0 221219 143236.303
0.0000000000 0.0000000000 0 0 0 0 0 0 0 0 127 0 0 0 0 0 221219 143236.503
0.0000000000 0.0000000000 0 0 0 0 0 0 0 0 127 0 0 0 0 0 221219 143236.703
0.0000000000 0.0000000000 0 0 0 0 0 0 0 0 127 0 0 0 0 0 221219 143236.904
0.0000000000 0.0000000000 0 0 0 0 0 0 0 0 127 0 0 0 0 0 221219 143237.104
0.0000000000 0.0000000000 0 0 0 0 0 0 0 0 127 0 0 0 0 0 221219 143237.304
0.0000000000 0.0000000000 0 0 0 0 0 0 0 0 127 0 0 0 0 0 221219 143237.505
0.0000000000 0.0000000000 0 0 0 0 0 0 0 0 127 0 0 0 0 0 221219 143237.705
0.0000000000 0.0000000000 0 0 0 0 0 0 0 0 127 0 0 0 0 0 221219 143237.905
0.0000000000 0.0000000000 0 0 0 0 0 0 0 0 127 0 0 0 0 0 221219 143238.106
0.0000000000 0.0000000000 0 0 0 0 0 0 0 0 127 0 0 0 0 0 221219 143238.306
0.0000000000 0.0000000000 0 0 0 0 0 0 0 0 127 0 0 0 0 0 221219 143238.506
0.0000000000 0.0000000000 0 0 0 0 0 0 0 0 127 0 0 0 0 0 221219 143238.706
0.0000000000 0.0000000000 0 0 0 0 0 0 0 0 127 0 0 0 0 0 221219 143238.907
0.0000000000 0.0000000000 0 0 0 0 0 0 0 0 127 0 0 0 0 0 221219 143239.107
0.0000000000 0.0000000000 0 0 0 0 0 0 0 0 127 0 0 0 0 0 221219 143239.307
0.0000000000 0.0000000000 0 0 0 0 0 0 0 0 127 0 0 0 0 0 221219 143239.508
0.0000000000 0.0000000000 0 0 0 0 0 0 0 0 127 0 0 0 0 0 221219 143239.708
0.0000000000 0.0000000000 0 0 0 0 0 0 0 0 127 0 0 0 0 0 221219 143239.908
0.0000000000 0.0000000000 0 0 0 0 0 0 0 0 127 0 0 0 0 0 221219 143240.109
0.0000000000 0.0000000000 0 0 0 0 0 0 0 0 127 0 0 0 0 0 221219 143240.309
0.0000000000 0.0000000000 0 0 0 0 0 0 0 0 127 0 0 0 0 0 221219 143240.509
0.0000000000 0.0000000000 0 0 0 0 0 0 0 0 127 0 0 0 0 0 221219 143240.710
0.0000000000 0.0000000000 0 0 0 0 0 0 0 0 127 0 0 0 0 0 221219 143240.910
0.0000000000 0.0000000000 0 0 0 0 0 0 0 0 127 0 0 0 0 0 221219 143241.110
0.0000000000 0.0000000000 0 0 0 0 0 0 0 0 127 0 0 0 0 0 221219 143241.311
0.0000000000 0.0000000000 0 0 0 0 0 0 0 0 127 0 0 0 0 0 221219 143241.511
0.0000000000 0.0000000000 0 0 0 0 0 0 0 0 127 0 0 0 0 0 221219 143241.711
0.0000000000 0.0000000000 0 0 0 0 0 0 0 0 127 0 0 0 0 0 221219 143241.912
0.0000000000 0.0000000000 0 0 0 0 0 0 0 0 127 0 0 0 0 0 221219 143242.112
0.0000000000 0.0000000000 0 0 0 0 0 0 0 0 127 0 0 0 0 0 221219 143242.312
0.0000000000 0.0000000000 0 0 0 0 0 0 0 0 127 0 0 0 0 0 221219 143242.513
0.0000000000 0.0000000000 0 0 0 0 0 0 0 0 127 0 0 0 0 0 221219 143242.713
0.0000000000 0.0000000000 0 0 0 0 0 0 0 0 127 0 0 0 0 0 221219 143242.913
0.0000000000 0.0000000000 0 0 0 0 0 0 0 0 127 0 0 0 0 0 221219 143243.114
0.0000000000 0.0000000000 0 0 0 0 0 0 0 0 127 0 0 0 0 0 221219 143243.314
0.0000000000 0.0000000000 0 0 0 0 0 0 0 0 127 0 0 0 0 0 221219 143243.515
0.0000000000 0.0000000000 0 0 0 0 0 0 0 0 127 0 0 0 0 0 221219 143243.715
0.0000000000 0.0000000000 0 0 0 0 0 0 0 0 127 0 0 0 0 0 221219 143243.915
0.0000000000 0.0000000000 0 0 0 0 0 0 0 0 127 0 0 0 0 0 221219 143244.116
0.0000000000 0.0000000000 0 0 0 0 0 0 0 0 127 0 0 0 0 0 221219 143244.316
0.0000000000 0.0000000000 0 0 0 0 0 0 0 0 127 0 0 0 0 0 221219 143244.516
0.0000000000 0.0000000000 0 0 0 0 0 0 0 0 127 0 0 0 0 0 221219 143244.717
0.0000000000 0.0000000000 0 0 0 0 0 0 0 0 127 0 0 0 0 0 221219 143244.917
0.0000000000 0.0000000000 0 0 0 0 0 0 0 0 127 0 0 0 0 0 221219 143245.117
0.0000000000 0.0000000000 0 0 0 0 0 0 0 0 127 0 0 0 0 0 221219 143245.318
0.0000000000 0.0000000000 0 0 0 0 0 0 0 0 127 0 0 0 0 0 221219 143245.518
0.0000000000 0.0000000000 0 0 0 0 0 0 0 0 127 0 0 0 0 0 221219 143245.718
0.0000000000 0.0000000000 0 0 0 0 0 0 0 0 127 0 0 0 0 0 221219 143245.919
0.0000000000 0.0000000000 0 0 0 0 0 0 0 0 127 0 0 0 0 0 221219 143246.119
0.0000000000 0.0000000000 0 0 0 0 0 0 0 0 127 0 0 0 0 0 221219 143246.319
0.0000000000 0.0000000000 0 0 0 0 0 0 0 0 127 0 0 0 0 0 221219 143246.520
0.0000000000 0.0000000000 0 0 0 0 0 0 0 0 127 0 0 0 0 0 221219 143246.720
0.0000000000 0.0000000000 0 0 0 0 0 0 0 0 127 0 0 0 0 0 221219 143246.920
0.0000000000 0.0000000000 0 0 0 0 0 0 0 0 127 0 0 0 0 0 221219 143247.121
0.0000000000 0.0000000000 0 0 0 0 0 0 0 0 127 0 0 0 0 0 221219 143247.321
0.0000000000 0.0000000000 0 0 0 0 0 0 0 0 127 0 0 0 0 0 221219 143247.521
0.0000000000 0.0000000000 0 0 0 0 0 0 0 0 127 0 0 0 0 0 221219 143247.722
0.0000000000 0.0000000000 0 0 0 0 0 0 0 0 127 0 0 0 0 0 221219 143247.922
0.0000000000 0.0000000000 0 0 0 0 0 0 0 0 127 0 0 0 0 0 221219 143248.122
0.0000000000 0.0000000000 0 0 0 0 0 0 0 0 127 0 0 0 0 0 221219 143248.322
0.0000000000 0.0000000000 0 0 0 0 0 0 0 0 127 0 0 0 0 0 221219 143248.523
0.0000000000 0.0000000000 0 0 0 0 0 0 0 0 127 0 0 0 0 0 221219 143248.723
0.0000000000 0.0000000000 0 0 0 0 0 0 0 0 127 0 0 0 0 0 221219 143248.923
0.0000000000 0.0000000000 0 0 0 0 0 0 0 0 127 0 0 0 0 0 221219 143249.124
0.0000000000 0.0000000000 0 0 0 0 0 0 0 0 127 0 0 0 0 0 221219 143249.324
0.0000000000 0.0000000000 0 0 0 0 0 0 0 0 127 0 0 0 0 0 221219 143249.524
0.0000000000 0.0000000000 0 0 0 0 0 0 0 0 127 0 0 0 0 0 221219 143249.725
0.0000000000 0.0000000000 0 0 0 0 0 0 0 0 127 0 0 0 0 0 221219 143249.925
0.0000000000 0.0000000000 0 0 0 0 0 0 0 0 127 0 0 0 0 0 221219 143250.125
0.0000000000 0.0000000000 0 0 0 0 0 0 0 0 127 0 0 0 0 0 221219 143250.326
