0.0000000000 0.0000000000 0 0 0 0 0 0 160 15 112 1 0 0 0 0 010120 202910.088
0.0000000000 0.0000000000 0 0 0 0 0 0 6 26 112 1 0 0 0 0 010120 202910.138
0.0000000000 0.0000000000 0 0 0 0 0 0 238 25 112 1 0 0 0 0 010120 202910.189
0.0000000000 0.0000000000 0 0 0 0 0 0 190 22 112 1 0 0 0 0 010120 202910.239
0.0000000000 0.0000000000 0 0 0 0 0 0 199 25 112 1 0 0 0 0 010120 202910.289
0.0000000000 0.0000000000 0 0 0 0 0 0 203 25 112 1 0 0 0 0 010120 202910.339
0.0000000000 0.0000000000 0 0 0 0 0 0 236 21 112 1 0 0 0 0 010120 202910.390
0.0000000000 0.0000000000 0 0 0 0 0 0 114 25 112 1 0 0 0 0 010120 202910.440
0.0000000000 0.0000000000 0 0 0 0 0 0 112 25 112 1 0 0 0 0 010120 202910.490
0.0000000000 0.0000000000 0 0 0 0 0 0 44 26 112 1 0 0 0 0 010120 202910.540
0.0000000000 0.0000000000 0 0 0 0 0 0 47 26 112 1 0 0 0 0 010120 202910.590
0.0000000000 0.0000000000 0 0 0 0 0 0 249 25 112 1 0 0 0 0 010120 202910.641
0.0000000000 0.0000000000 0 0 0 0 0 0 206 25 112 1 0 0 0 0 010120 202910.691
0.0000000000 0.0000000000 0 0 0 0 0 0 209 25 112 1 0 0 0 0 010120 202910.741
0.0000000000 0.0000000000 0 0 0 0 0 0 160 15 112 1 0 0 0 0 010120 202910.792
0.0000000000 0.0000000000 0 0 0 0 0 0 160 15 112 1 0 0 0 0 010120 202910.842
0.0000000000 0.0000000000 0 0 0 0 0 0 160 15 112 1 0 0 0 0 010120 202910.892
0.0000000000 0.0000000000 0 0 0 0 0 0 160 15 112 1 0 0 0 0 010120 202910.942
0.0000000000 0.0000000000 0 0 0 0 0 0 160 15 112 1 0 0 0 0 010120 202910.993
0.0000000000 0.0000000000 0 0 0 0 0 0 160 15 112 1 0 0 0 0 010120 202911.043
0.0000000000 0.0000000000 0 0 0 0 0 0 160 15 112 1 0 0 0 0 010120 202911.093
0.0000000000 0.0000000000 0 0 0 0 0 0 160 15 112 1 0 0 0 0 010120 202911.143
0.0000000000 0.0000000000 0 0 0 0 0 0 160 15 112 1 0 0 0 0 010120 202911.194
0.0000000000 0.0000000000 0 0 0 0 0 0 145 25 112 1 0 0 0 0 010120 202911.244
0.0000000000 0.0000000000 0 0 0 0 0 0 150 25 112 1 0 0 0 0 010120 202911.294
0.0000000000 0.0000000000 0 0 0 0 0 0 188 27 112 1 0 0 0 0 010120 202911.344
0.0000000000 0.0000000000 0 0 0 0 0 0 216 25 112 1 0 0 0 0 010120 202911.394
0.0000000000 0.0000000000 0 0 0 0 0 0 220 25 112 1 0 0 0 0 010120 202911.445
0.0000000000 0.0000000000 0 0 0 0 0 0 160 15 112 1 0 0 0 0 010120 202911.495
0.0000000000 0.0000000000 0 0 0 0 0 0 160 15 112 1 0 0 0 0 010120 202911.545
0.0000000000 0.0000000000 0 0 0 0 0 0 160 15 112 1 0 0 0 0 010120 202911.595
0.0000000000 0.0000000000 0 0 0 0 0 0 160 15 112 1 0 0 0 0 010120 202911.646
0.0000000000 0.0000000000 0 0 0 0 0 0 160 15 112 1 0 0 0 0 010120 202911.696
0.0000000000 0.0000000000 0 0 0 0 0 0 160 15 112 1 0 0 0 0 010120 202911.746
0.0000000000 0.0000000000 0 0 0 0 0 0 160 15 112 1 0 0 0 0 010120 202911.796
0.0000000000 0.0000000000 0 0 0 0 0 0 160 15 112 1 0 0 0 0 010120 202911.847
0.0000000000 0.0000000000 0 0 0 0 0 0 160 15 112 1 0 0 0 0 010120 202911.897
0.0000000000 0.0000000000 0 0 0 0 0 0 160 15 112 1 0 0 0 0 010120 202911.947
0.0000000000 0.0000000000 0 0 0 0 0 0 160 15 112 1 0 0 0 0 010120 202911.997
0.0000000000 0.0000000000 0 0 0 0 0 0 160 15 112 1 0 0 0 0 010120 202912.047
0.0000000000 0.0000000000 0 0 0 0 0 0 160 15 112 1 0 0 0 0 010120 202912.098
0.0000000000 0.0000000000 0 0 0 0 0 0 160 15 112 1 0 0 0 0 010120 202912.148
0.0000000000 0.0000000000 0 0 0 0 0 0 160 15 112 1 0 0 0 0 010120 202912.198
0.0000000000 0.0000000000 0 0 0 0 0 0 160 15 112 1 0 0 0 0 010120 202912.248
0.0000000000 0.0000000000 0 0 0 0 0 0 160 15 112 1 0 0 0 0 010120 202912.299
0.0000000000 0.0000000000 0 0 0 0 0 0 160 15 112 1 0 0 0 0 010120 202912.349
0.0000000000 0.0000000000 0 0 0 0 0 0 160 15 112 1 0 0 0 0 010120 202912.399
0.0000000000 0.0000000000 0 0 0 0 0 0 160 15 112 1 0 0 0 0 010120 202912.449
0.0000000000 0.0000000000 0 0 0 0 0 0 160 15 112 1 0 0 0 0 010120 202912.500
0.0000000000 0.0000000000 0 0 0 0 0 0 160 15 112 1 0 0 0 0 010120 202912.550
0.0000000000 0.0000000000 0 0 0 0 0 0 160 15 112 1 0 0 0 0 010120 202912.600
0.0000000000 0.0000000000 0 0 0 0 0 0 160 15 112 1 0 0 0 0 010120 202912.650
0.0000000000 0.0000000000 0 0 0 0 0 0 160 15 112 1 0 0 0 0 010120 202912.700
0.0000000000 0.0000000000 0 0 0 0 0 0 160 15 112 1 0 0 0 0 010120 202912.751
0.0000000000 0.0000000000 0 0 0 0 0 0 160 15 112 1 0 0 0 0 010120 202912.801
0.0000000000 0.0000000000 0 0 0 0 0 0 160 15 112 1 0 0 0 0 010120 202912.851
0.0000000000 0.0000000000 0 0 0 0 0 0 160 15 112 1 0 0 0 0 010120 202912.901
0.0000000000 0.0000000000 0 0 0 0 0 0 160 15 112 1 0 0 0 0 010120 202912.952
0.0000000000 0.0000000000 0 0 0 0 0 0 160 15 112 1 0 0 0 0 010120 202913.002
0.0000000000 0.0000000000 0 0 0 0 0 0 160 15 112 1 0 0 0 0 010120 202913.052
0.0000000000 0.0000000000 0 0 0 0 0 0 160 15 112 1 0 0 0 0 010120 202913.102
0.0000000000 0.0000000000 0 0 0 0 0 0 160 15 112 1 0 0 0 0 010120 202913.152
0.0000000000 0.0000000000 0 0 0 0 0 0 160 15 112 1 0 0 0 0 010120 202913.203
0.0000000000 0.0000000000 0 0 0 0 0 0 160 15 112 1 0 0 0 0 010120 202913.253
0.0000000000 0.0000000000 0 0 0 0 0 0 160 15 112 1 0 0 0 0 010120 202913.303
0.0000000000 0.0000000000 0 0 0 0 0 0 160 15 112 1 0 0 0 0 010120 202913.353
0.0000000000 0.0000000000 0 0 0 0 0 0 160 15 112 1 0 0 0 0 010120 202913.404
0.0000000000 0.0000000000 0 0 0 0 0 0 160 15 112 1 0 0 0 0 010120 202913.454
0.0000000000 0.0000000000 0 0 0 0 0 0 160 15 112 1 0 0 0 0 010120 202913.504
0.0000000000 0.0000000000 0 0 0 0 0 0 160 15 112 1 0 0 0 0 010120 202913.554
0.0000000000 0.0000000000 0 0 0 0 0 0 160 15 112 1 0 0 0 0 010120 202913.605
0.0000000000 0.0000000000 0 0 0 0 0 0 160 15 112 1 0 0 0 0 010120 202913.655
0.0000000000 0.0000000000 0 0 0 0 0 0 160 15 112 1 0 0 0 0 010120 202913.705
0.0000000000 0.0000000000 0 0 0 0 0 0 160 15 112 1 0 0 0 0 010120 202913.755
0.0000000000 0.0000000000 0 0 0 0 0 0 160 15 112 1 0 0 0 0 010120 202913.805
0.0000000000 0.0000000000 0 0 0 0 0 0 160 15 112 1 0 0 0 0 010120 202913.856
0.0000000000 0.0000000000 0 0 0 0 0 0 160 15 112 1 0 0 0 0 010120 202913.906
0.0000000000 0.0000000000 0 0 0 0 0 0 160 15 112 1 0 0 0 0 010120 202913.956
0.0000000000 0.0000000000 0 0 0 0 0 0 160 15 112 1 0 0 0 0 010120 202914.006
0.0000000000 0.0000000000 0 0 0 0 0 0 160 15 112 1 0 0 0 0 010120 202914.056
0.0000000000 0.0000000000 0 0 0 0 0 0 160 15 112 1 0 0 0 0 010120 202914.107
0.0000000000 0.0000000000 0 0 0 0 0 0 160 15 112 1 0 0 0 0 010120 202914.157
0.0000000000 0.0000000000 0 0 0 0 0 0 160 15 112 1 0 0 0 0 010120 202914.207
0.0000000000 0.0000000000 0 0 0 0 0 0 160 15 112 1 0 0 0 0 010120 202914.258
0.0000000000 0.0000000000 0 0 0 0 0 0 160 15 112 1 0 0 0 0 010120 202914.308
0.0000000000 0.0000000000 0 0 0 0 0 0 160 15 112 1 0 0 0 0 010120 202914.358
0.0000000000 0.0000000000 0 0 0 0 0 0 160 15 112 1 0 0 0 0 010120 202914.408
0.0000000000 0.0000000000 0 0 0 0 0 0 160 15 112 1 0 0 0 0 010120 202914.459
0.0000000000 0.0000000000 0 0 0 0 0 0 160 15 112 1 0 0 0 0 010120 202914.509
0.0000000000 0.0000000000 0 0 0 0 0 0 160 15 112 1 0 0 0 0 010120 202914.559
0.0000000000 0.0000000000 0 0 0 0 0 0 160 15 112 1 0 0 0 0 010120 202914.609
0.0000000000 0.0000000000 0 0 0 0 0 0 160 15 112 1 0 0 0 0 010120 202914.659
0.0000000000 0.0000000000 0 0 0 0 0 0 160 15 112 1 0 0 0 0 010120 202914.710
0.0000000000 0.0000000000 0 0 0 0 0 0 160 15 112 1 0 0 0 0 010120 202914.760
0.0000000000 0.0000000000 0 0 0 0 0 0 160 15 112 1 0 0 0 0 010120 202914.810
0.0000000000 0.0000000000 0 0 0 0 0 0 160 15 112 1 0 0 0 0 010120 202914.860
0.0000000000 0.0000000000 0 0 0 0 0 0 160 15 112 1 0 0 0 0 010120 202914.911
0.0000000000 0.0000000000 0 0 0 0 0 0 160 15 112 1 0 0 0 0 010120 202914.961
0.0000000000 0.0000000000 0 0 0 0 0 0 160 15 112 1 0 0 0 0 010120 202915.011
0.0000000000 0.0000000000 0 0 0 0 0 0 160 15 112 1 0 0 0 0 010120 202915.061
0.0000000000 0.0000000000 0 0 0 0 0 0 160 15 112 1 0 0 0 0 010120 202915.111
0.0000000000 0.0000000000 0 0 0 0 0 0 160 15 112 1 0 0 0 0 010120 202915.162
0.0000000000 0.0000000000 0 0 0 0 0 0 160 15 112 1 0 0 0 0 010120 202915.212
0.0000000000 0.0000000000 0 0 0 0 0 0 160 15 112 1 0 0 0 0 010120 202915.262
0.0000000000 0.0000000000 0 0 0 0 0 0 160 15 112 1 0 0 0 0 010120 202915.312
0.0000000000 0.0000000000 0 0 0 0 0 0 160 15 112 1 0 0 0 0 010120 202915.362
0.0000000000 0.0000000000 0 0 0 0 0 0 160 15 112 1 0 0 0 0 010120 202915.413
0.0000000000 0.0000000000 0 0 0 0 0 0 160 15 112 1 0 0 0 0 010120 202915.463
0.0000000000 0.0000000000 0 0 0 0 0 0 160 15 112 1 0 0 0 0 010120 202915.513
0.0000000000 0.0000000000 0 0 0 0 0 0 160 15 112 1 0 0 0 0 010120 202915.563
0.0000000000 0.0000000000 0 0 0 0 0 0 160 15 112 1 0 0 0 0 010120 202915.614
0.0000000000 0.0000000000 0 0 0 0 0 0 160 15 112 1 0 0 0 0 010120 202915.664
0.0000000000 0.0000000000 0 0 0 0 0 0 160 15 112 1 0 0 0 0 010120 202915.714
0.0000000000 0.0000000000 0 0 0 0 0 0 160 15 112 1 0 0 0 0 010120 202915.764
0.0000000000 0.0000000000 0 0 0 0 0 0 160 15 112 1 0 0 0 0 010120 202915.814
0.0000000000 0.0000000000 0 0 0 0 0 0 160 15 112 1 0 0 0 0 010120 202915.865
0.0000000000 0.0000000000 0 0 0 0 0 0 160 15 112 1 0 0 0 0 010120 202915.915
0.0000000000 0.0000000000 0 0 0 0 0 0 160 15 112 1 0 0 0 0 010120 202915.965
0.0000000000 0.0000000000 0 0 0 0 0 0 160 15 112 1 0 0 0 0 010120 202916.016
0.0000000000 0.0000000000 0 0 0 0 0 0 160 15 112 1 0 0 0 0 010120 202916.066
0.0000000000 0.0000000000 0 0 0 0 0 0 160 15 112 1 0 0 0 0 010120 202916.116
0.0000000000 0.0000000000 0 0 0 0 0 0 160 15 112 1 0 0 0 0 010120 202916.166
0.0000000000 0.0000000000 0 0 0 0 0 0 160 15 112 1 0 0 0 0 010120 202916.217
0.0000000000 0.0000000000 0 0 0 0 0 0 160 15 112 1 0 0 0 0 010120 202916.267
0.0000000000 0.0000000000 0 0 0 0 0 0 160 15 112 1 0 0 0 0 010120 202916.317
0.0000000000 0.0000000000 0 0 0 0 0 0 160 15 112 1 0 0 0 0 010120 202916.367
0.0000000000 0.0000000000 0 0 0 0 0 0 160 15 112 1 0 0 0 0 010120 202916.417
0.0000000000 0.0000000000 0 0 0 0 0 0 160 15 112 1 0 0 0 0 010120 202916.467
0.0000000000 0.0000000000 0 0 0 0 0 0 160 15 112 1 0 0 0 0 010120 202916.518
0.0000000000 0.0000000000 0 0 0 0 0 0 160 15 112 1 0 0 0 0 010120 202916.568
0.0000000000 0.0000000000 0 0 0 0 0 0 160 15 112 1 0 0 0 0 010120 202916.618
0.0000000000 0.0000000000 0 0 0 0 0 0 160 15 112 1 0 0 0 0 010120 202916.668
0.0000000000 0.0000000000 0 0 0 0 0 0 160 15 112 1 0 0 0 0 010120 202916.719
0.0000000000 0.0000000000 0 0 0 0 0 0 160 15 112 1 0 0 0 0 010120 202916.769
0.0000000000 0.0000000000 0 0 0 0 0 0 160 15 112 1 0 0 0 0 010120 202916.819
0.0000000000 0.0000000000 0 0 0 0 0 0 160 15 112 1 0 0 0 0 010120 202916.869
0.0000000000 0.0000000000 0 0 0 0 0 0 160 15 112 1 0 0 0 0 010120 202916.920
0.0000000000 0.0000000000 0 0 0 0 0 0 160 15 112 1 0 0 0 0 010120 202916.970
0.0000000000 0.0000000000 0 0 0 0 0 0 160 15 112 1 0 0 0 0 010120 202917.020
0.0000000000 0.0000000000 0 0 0 0 0 0 160 15 112 1 0 0 0 0 010120 202917.070
0.0000000000 0.0000000000 0 0 0 0 0 0 160 15 112 1 0 0 0 0 010120 202917.121
0.0000000000 0.0000000000 0 0 0 0 0 0 160 15 112 1 0 0 0 0 010120 202917.171
0.0000000000 0.0000000000 0 0 0 0 0 0 160 15 112 1 0 0 0 0 010120 202917.221
0.0000000000 0.0000000000 0 0 0 0 0 0 160 15 112 1 0 0 0 0 010120 202917.271
0.0000000000 0.0000000000 0 0 0 0 0 0 160 15 112 1 0 0 0 0 010120 202917.321
0.0000000000 0.0000000000 0 0 0 0 0 0 160 15 112 1 0 0 0 0 010120 202917.372
0.0000000000 0.0000000000 0 0 0 0 0 0 160 15 112 1 0 0 0 0 010120 202917.422
0.0000000000 0.0000000000 0 0 0 0 0 0 160 15 112 1 0 0 0 0 010120 202917.472
0.0000000000 0.0000000000 0 0 0 0 0 0 160 15 112 1 0 0 0 0 010120 202917.522
0.0000000000 0.0000000000 0 0 0 0 0 0 160 15 112 1 0 0 0 0 010120 202917.572
0.0000000000 0.0000000000 0 0 0 0 0 0 160 15 112 1 0 0 0 0 010120 202917.623
0.0000000000 0.0000000000 0 0 0 0 0 0 160 15 112 1 0 0 0 0 010120 202917.673
0.0000000000 0.0000000000 0 0 0 0 0 0 160 15 112 1 0 0 0 0 010120 202917.723
0.0000000000 0.0000000000 0 0 0 0 0 0 160 15 112 1 0 0 0 0 010120 202917.773
0.0000000000 0.0000000000 0 0 0 0 0 0 160 15 112 1 0 0 0 0 010120 202917.824
0.0000000000 0.0000000000 0 0 0 0 0 0 160 15 112 1 0 0 0 0 010120 202917.874
0.0000000000 0.0000000000 0 0 0 0 0 0 160 15 112 1 0 0 0 0 010120 202917.924
0.0000000000 0.0000000000 0 0 0 0 0 0 160 15 112 1 0 0 0 0 010120 202917.974
0.0000000000 0.0000000000 0 0 0 0 0 0 160 15 112 1 0 0 0 0 010120 202918.024
0.0000000000 0.0000000000 0 0 0 0 0 0 160 15 112 1 0 0 0 0 010120 202918.075
0.0000000000 0.0000000000 0 0 0 0 0 0 160 15 112 1 0 0 0 0 010120 202918.125
0.0000000000 0.0000000000 0 0 0 0 0 0 160 15 112 1 0 0 0 0 010120 202918.175
0.0000000000 0.0000000000 0 0 0 0 0 0 160 15 112 1 0 0 0 0 010120 202918.225
0.0000000000 0.0000000000 0 0 0 0 0 0 160 15 112 1 0 0 0 0 010120 202918.276
0.0000000000 0.0000000000 0 0 0 0 0 0 160 15 112 1 0 0 0 0 010120 202918.326
0.0000000000 0.0000000000 0 0 0 0 0 0 160 15 112 1 0 0 0 0 010120 202918.376
0.0000000000 0.0000000000 0 0 0 0 0 0 160 15 112 1 0 0 0 0 010120 202918.426
0.0000000000 0.0000000000 0 0 0 0 0 0 160 15 112 1 0 0 0 0 010120 202918.477
0.0000000000 0.0000000000 0 0 0 0 0 0 160 15 112 1 0 0 0 0 010120 202918.527
0.0000000000 0.0000000000 0 0 0 0 0 0 160 15 112 1 0 0 0 0 010120 202918.577
0.0000000000 0.0000000000 0 0 0 0 0 0 160 15 112 1 0 0 0 0 010120 202918.627
0.0000000000 0.0000000000 0 0 0 0 0 0 160 15 112 1 0 0 0 0 010120 202918.677
0.0000000000 0.0000000000 0 0 0 0 0 0 160 15 112 1 0 0 0 0 010120 202918.728
0.0000000000 0.0000000000 0 0 0 0 0 0 160 15 112 1 0 0 0 0 010120 202918.778
0.0000000000 0.0000000000 0 0 0 0 0 0 160 15 112 1 0 0 0 0 010120 202918.828
0.0000000000 0.0000000000 0 0 0 0 0 0 160 15 112 1 0 0 0 0 010120 202918.878
0.0000000000 0.0000000000 0 0 0 0 0 0 160 15 112 1 0 0 0 0 010120 202918.928
0.0000000000 0.0000000000 0 0 0 0 0 0 230 252 112 1 0 0 0 0 010120 202918.978
0.0000000000 0.0000000000 0 0 0 0 0 0 179 2 112 1 0 0 0 0 010120 202919.029
0.0000000000 0.0000000000 0 0 0 0 0 0 102 2 112 1 0 0 0 0 010120 202919.079
0.0000000000 0.0000000000 0 0 0 0 0 0 196 0 112 1 0 0 0 0 010120 202919.129
0.0000000000 0.0000000000 0 0 0 0 0 0 191 0 112 1 0 0 0 0 010120 202919.179
0.0000000000 0.0000000000 0 0 0 0 0 0 81 255 112 1 0 0 0 0 010120 202919.229
0.0000000000 0.0000000000 0 0 0 0 0 0 80 0 112 1 0 0 0 0 010120 202919.280
0.0000000000 0.0000000000 0 0 0 0 0 0 137 255 112 1 0 0 0 0 010120 202919.330
0.0000000000 0.0000000000 0 0 0 0 0 0 129 1 112 1 0 0 0 0 010120 202919.380
0.0000000000 0.0000000000 0 0 0 0 0 0 121 255 112 1 0 0 0 0 010120 202919.430
0.0000000000 0.0000000000 0 0 0 0 0 0 65 250 112 1 0 0 0 0 010120 202919.481
0.0000000000 0.0000000000 0 0 0 0 0 0 133 9 112 1 0 0 0 0 010120 202919.531
0.0000000000 0.0000000000 0 0 0 0 0 0 160 255 112 1 0 0 0 0 010120 202919.581
0.0000000000 0.0000000000 0 0 0 0 0 0 80 255 112 1 0 0 0 0 010120 202919.631
0.0000000000 0.0000000000 0 0 0 0 0 0 72 255 112 1 0 0 0 0 010120 202919.682
0.0000000000 0.0000000000 0 0 0 0 0 0 246 253 112 1 0 0 0 0 010120 202919.732
0.0000000000 0.0000000000 0 0 0 0 0 0 205 253 112 1 0 0 0 0 010120 202919.782
0.0000000000 0.0000000000 0 0 0 0 0 0 239 254 112 1 0 0 0 0 010120 202919.832
0.0000000000 0.0000000000 0 0 0 0 0 0 172 254 112 1 0 0 0 0 010120 202919.883
0.0000000000 0.0000000000 0 0 0 0 0 0 133 255 112 1 0 0 0 0 010120 202919.933
0.0000000000 0.0000000000 0 0 0 0 0 0 23 252 112 1 0 0 0 0 010120 202919.983
0.0000000000 0.0000000000 0 0 0 0 0 0 3 252 112 1 0 0 0 0 010120 202920.033
0.0000000000 0.0000000000 0 0 0 0 0 0 89 236 112 1 0 0 0 0 010120 202920.083
0.0000000000 0.0000000000 0 0 0 0 0 0 16 250 112 1 0 0 0 0 010120 202920.134
0.0000000000 0.0000000000 0 0 0 0 0 0 134 249 112 1 0 0 0 0 010120 202920.184
0.0000000000 0.0000000000 0 0 0 0 0 0 80 2 112 1 0 0 0 0 010120 202920.234
0.0000000000 0.0000000000 0 0 0 0 0 0 45 250 112 1 0 0 0 0 010120 202920.284
0.0000000000 0.0000000000 0 0 0 0 0 0 5 250 112 1 0 0 0 0 010120 202920.334
0.0000000000 0.0000000000 0 0 0 0 0 0 46 249 112 1 0 0 0 0 010120 202920.385
0.0000000000 0.0000000000 0 0 0 0 0 0 178 248 112 1 0 0 0 0 010120 202920.435
0.0000000000 0.0000000000 0 0 0 0 0 0 50 1 112 1 0 0 0 0 010120 202920.485
0.0000000000 0.0000000000 0 0 0 0 0 0 102 249 112 1 0 0 0 0 010120 202920.536
0.0000000000 0.0000000000 0 0 0 0 0 0 15 249 112 1 0 0 0 0 010120 202920.586
0.0000000000 0.0000000000 0 0 0 0 0 0 223 245 112 1 0 0 0 0 010120 202920.636
0.0000000000 0.0000000000 0 0 0 0 0 0 139 249 112 1 0 0 0 0 010120 202920.686
0.0000000000 0.0000000000 0 0 0 0 0 0 88 248 112 1 0 0 0 0 010120 202920.736
0.0000000000 0.0000000000 0 0 0 0 0 0 221 248 112 1 0 0 0 0 010120 202920.787
0.0000000000 0.0000000000 0 0 0 0 0 0 204 247 112 1 0 0 0 0 010120 202920.837
0.0000000000 0.0000000000 0 0 0 0 0 0 77 249 112 1 0 0 0 0 010120 202920.887
0.0000000000 0.0000000000 0 0 0 0 0 0 61 247 112 1 0 0 0 0 010120 202920.937
0.0000000000 0.0000000000 0 0 0 0 0 0 229 246 112 1 0 0 0 0 010120 202920.988
0.0000000000 0.0000000000 0 0 0 0 0 0 238 3 112 1 0 0 0 0 010120 202921.038
0.0000000000 0.0000000000 0 0 0 0 0 0 98 247 112 1 0 0 0 0 010120 202921.088
0.0000000000 0.0000000000 0 0 0 0 0 0 132 242 112 1 0 0 0 0 010120 202921.138
0.0000000000 0.0000000000 0 0 0 0 0 0 241 3 112 1 0 0 0 0 010120 202921.189
0.0000000000 0.0000000000 0 0 0 0 0 0 201 247 112 1 0 0 0 0 010120 202921.239
0.0000000000 0.0000000000 0 0 0 0 0 0 143 247 112 1 0 0 0 0 010120 202921.289
0.0000000000 0.0000000000 0 0 0 0 0 0 160 246 112 1 0 0 0 0 010120 202921.339
0.0000000000 0.0000000000 0 0 0 0 0 0 93 245 112 1 0 0 0 0 010120 202921.390
0.0000000000 0.0000000000 0 0 0 0 0 0 169 246 112 1 0 0 0 0 010120 202921.440
0.0000000000 0.0000000000 0 0 0 0 0 0 203 243 112 1 0 0 0 0 010120 202921.490
0.0000000000 0.0000000000 0 0 0 0 0 0 179 244 112 1 0 0 0 0 010120 202921.540
0.0000000000 0.0000000000 0 0 0 0 0 0 44 252 112 1 0 0 0 0 010120 202921.591
0.0000000000 0.0000000000 0 0 0 0 0 0 220 243 112 1 0 0 0 0 010120 202921.641
0.0000000000 0.0000000000 0 0 0 0 0 0 105 243 112 1 0 0 0 0 010120 202921.691
0.0000000000 0.0000000000 0 0 0 0 0 0 55 232 112 1 0 0 0 0 010120 202921.741
0.0000000000 0.0000000000 0 0 0 0 0 0 81 243 112 1 0 0 0 0 010120 202921.791
0.0000000000 0.0000000000 0 0 0 0 0 0 249 242 112 1 0 0 0 0 010120 202921.841
0.0000000000 0.0000000000 0 0 0 0 0 0 216 242 112 1 0 0 0 0 010120 202921.892
0.0000000000 0.0000000000 0 0 0 0 0 0 166 242 112 1 0 0 0 0 010120 202921.942
0.0000000000 0.0000000000 0 0 0 0 0 0 219 240 112 1 0 0 0 0 010120 202921.992
0.0000000000 0.0000000000 0 0 0 0 0 0 210 242 112 1 0 0 0 0 010120 202922.042
0.0000000000 0.0000000000 0 0 0 0 0 0 162 242 112 1 0 0 0 0 010120 202922.092
0.0000000000 0.0000000000 0 0 0 0 0 0 114 2 112 1 0 0 0 0 010120 202922.143
0.0000000000 0.0000000000 0 0 0 0 0 0 103 243 112 1 0 0 0 0 010120 202922.193
0.0000000000 0.0000000000 0 0 0 0 0 0 68 243 112 1 0 0 0 0 010120 202922.244
0.0000000000 0.0000000000 0 0 0 0 0 0 111 242 112 1 0 0 0 0 010120 202922.294
0.0000000000 0.0000000000 0 0 0 0 0 0 20 242 112 1 0 0 0 0 010120 202922.344
0.0000000000 0.0000000000 0 0 0 0 0 0 194 241 112 1 0 0 0 0 010120 202922.394
0.0000000000 0.0000000000 0 0 0 0 0 0 228 239 112 1 0 0 0 0 010120 202922.444
0.0000000000 0.0000000000 0 0 0 0 0 0 27 242 112 1 0 0 0 0 010120 202922.495
0.0000000000 0.0000000000 0 0 0 0 0 0 199 240 112 1 0 0 0 0 010120 202922.545
0.0000000000 0.0000000000 0 0 0 0 0 0 137 237 112 1 0 0 0 0 010120 202922.595
0.0000000000 0.0000000000 0 0 0 0 0 0 216 236 112 1 0 0 0 0 010120 202922.645
0.0000000000 0.0000000000 0 0 0 0 0 0 235 240 112 1 0 0 0 0 010120 202922.695
0.0000000000 0.0000000000 0 0 0 0 0 0 47 238 112 1 0 0 0 0 010120 202922.746
0.0000000000 0.0000000000 0 0 0 0 0 0 151 236 112 1 0 0 0 0 010120 202922.796
0.0000000000 0.0000000000 0 0 0 0 0 0 175 238 112 1 0 0 0 0 010120 202922.846
0.0000000000 0.0000000000 0 0 0 0 0 0 146 237 112 1 0 0 0 0 010120 202922.896
0.0000000000 0.0000000000 0 0 0 0 0 0 43 238 112 1 0 0 0 0 010120 202922.946
0.0000000000 0.0000000000 0 0 0 0 0 0 96 237 112 1 0 0 0 0 010120 202922.997
0.0000000000 0.0000000000 0 0 0 0 0 0 216 235 112 1 0 0 0 0 010120 202923.047
0.0000000000 0.0000000000 0 0 0 0 0 0 139 232 112 1 0 0 0 0 010120 202923.097
0.0000000000 0.0000000000 0 0 0 0 0 0 112 234 112 1 0 0 0 0 010120 202923.147
0.0000000000 0.0000000000 0 0 0 0 0 0 120 234 112 1 0 0 0 0 010120 202923.198
0.0000000000 0.0000000000 0 0 0 0 0 0 206 246 112 1 0 0 0 0 010120 202923.248
0.0000000000 0.0000000000 0 0 0 0 0 0 18 233 112 1 0 0 0 0 010120 202923.298
0.0000000000 0.0000000000 0 0 0 0 0 0 150 234 112 1 0 0 0 0 010120 202923.348
0.0000000000 0.0000000000 0 0 0 0 0 0 221 242 112 1 0 0 0 0 010120 202923.398
0.0000000000 0.0000000000 0 0 0 0 0 0 181 235 112 1 0 0 0 0 010120 202923.449
0.0000000000 0.0000000000 0 0 0 0 0 0 132 235 112 1 0 0 0 0 010120 202923.499
0.0000000000 0.0000000000 0 0 0 0 0 0 45 235 112 1 0 0 0 0 010120 202923.549
0.0000000000 0.0000000000 0 0 0 0 0 0 63 235 112 1 0 0 0 0 010120 202923.599
0.0000000000 0.0000000000 0 0 0 0 0 0 222 236 112 1 0 0 0 0 010120 202923.649
0.0000000000 0.0000000000 0 0 0 0 0 0 243 235 112 1 0 0 0 0 010120 202923.700
0.0000000000 0.0000000000 0 0 0 0 0 0 187 235 112 1 0 0 0 0 010120 202923.750
0.0000000000 0.0000000000 0 0 0 0 0 0 196 235 112 1 0 0 0 0 010120 202923.800
0.0000000000 0.0000000000 0 0 0 0 0 0 177 235 112 1 0 0 0 0 010120 202923.850
0.0000000000 0.0000000000 0 0 0 0 0 0 127 235 112 1 0 0 0 0 010120 202923.900
0.0000000000 0.0000000000 0 0 0 0 0 0 67 234 112 1 0 0 0 0 010120 202923.951
0.0000000000 0.0000000000 0 0 0 0 0 0 28 234 112 1 0 0 0 0 010120 202924.001
0.0000000000 0.0000000000 0 0 0 0 0 0 192 234 112 1 0 0 0 0 010120 202924.051
0.0000000000 0.0000000000 0 0 0 0 0 0 48 233 112 1 0 0 0 0 010120 202924.101
0.0000000000 0.0000000000 0 0 0 0 0 0 17 232 112 1 0 0 0 0 010120 202924.152
0.0000000000 0.0000000000 0 0 0 0 0 0 162 234 112 1 0 0 0 0 010120 202924.202
0.0000000000 0.0000000000 0 0 0 0 0 0 60 232 112 1 0 0 0 0 010120 202924.252
0.0000000000 0.0000000000 0 0 0 0 0 0 245 231 112 1 0 0 0 0 010120 202924.302
0.0000000000 0.0000000000 0 0 0 0 0 0 253 244 112 1 0 0 0 0 010120 202924.352
0.0000000000 0.0000000000 0 0 0 0 0 0 144 232 112 1 0 0 0 0 010120 202924.403
0.0000000000 0.0000000000 0 0 0 0 0 0 98 232 112 1 0 0 0 0 010120 202924.453
0.0000000000 0.0000000000 0 0 0 0 0 0 28 232 112 1 0 0 0 0 010120 202924.503
0.0000000000 0.0000000000 0 0 0 0 0 0 242 231 112 1 0 0 0 0 010120 202924.553
0.0000000000 0.0000000000 0 0 0 0 0 0 164 223 112 1 0 0 0 0 010120 202924.603
0.0000000000 0.0000000000 0 0 0 0 0 0 84 224 112 1 0 0 0 0 010120 202924.654
0.0000000000 0.0000000000 0 0 0 0 0 0 55 224 112 1 0 0 0 0 010120 202924.704
0.0000000000 0.0000000000 0 0 0 0 0 0 38 224 112 1 0 0 0 0 010120 202924.754
0.0000000000 0.0000000000 0 0 0 0 0 0 126 223 112 1 0 0 0 0 010120 202924.805
0.0000000000 0.0000000000 0 0 0 0 0 0 120 223 112 1 0 0 0 0 010120 202924.855
0.0000000000 0.0000000000 0 0 0 0 0 0 129 217 112 1 0 0 0 0 010120 202924.905
0.0000000000 0.0000000000 0 0 0 0 0 0 114 223 112 1 0 0 0 0 010120 202924.955
0.0000000000 0.0000000000 0 0 0 0 0 0 30 223 112 1 0 0 0 0 010120 202925.005
0.0000000000 0.0000000000 0 0 0 0 0 0 120 223 112 1 0 0 0 0 010120 202925.056
0.0000000000 0.0000000000 0 0 0 0 0 0 91 223 112 1 0 0 0 0 010120 202925.106
0.0000000000 0.0000000000 0 0 0 0 0 0 215 223 112 1 0 0 0 0 010120 202925.156
0.0000000000 0.0000000000 0 0 0 0 0 0 14 221 112 1 0 0 0 0 010120 202925.206
0.0000000000 0.0000000000 0 0 0 0 0 0 216 220 112 1 0 0 0 0 010120 202925.257
0.0000000000 0.0000000000 0 0 0 0 0 0 233 224 112 1 0 0 0 0 010120 202925.307
0.0000000000 0.0000000000 0 0 0 0 0 0 242 220 112 1 0 0 0 0 010120 202925.357
0.0000000000 0.0000000000 0 0 0 0 0 0 212 220 112 1 0 0 0 0 010120 202925.407
0.0000000000 0.0000000000 0 0 0 0 0 0 213 220 112 1 0 0 0 0 010120 202925.458
0.0000000000 0.0000000000 0 0 0 0 0 0 180 220 112 1 0 0 0 0 010120 202925.508
0.0000000000 0.0000000000 0 0 0 0 0 0 141 220 112 1 0 0 0 0 010120 202925.558
0.0000000000 0.0000000000 0 0 0 0 0 0 90 220 112 1 0 0 0 0 010120 202925.608
0.0000000000 0.0000000000 0 0 0 0 0 0 61 220 112 1 0 0 0 0 010120 202925.658
0.0000000000 0.0000000000 0 0 0 0 0 0 200 220 112 1 0 0 0 0 010120 202925.709
0.0000000000 0.0000000000 0 0 0 0 0 0 101 219 112 1 0 0 0 0 010120 202925.759
0.0000000000 0.0000000000 0 0 0 0 0 0 60 219 112 1 0 0 0 0 010120 202925.809
0.0000000000 0.0000000000 0 0 0 0 0 0 213 227 112 1 0 0 0 0 010120 202925.859
0.0000000000 0.0000000000 0 0 0 0 0 0 200 219 112 1 0 0 0 0 010120 202925.910
0.0000000000 0.0000000000 0 0 0 0 0 0 146 219 112 1 0 0 0 0 010120 202925.960
0.0000000000 0.0000000000 0 0 0 0 0 0 183 217 112 1 0 0 0 0 010120 202926.010
0.0000000000 0.0000000000 0 0 0 0 0 0 133 219 112 1 0 0 0 0 010120 202926.060
0.0000000000 0.0000000000 0 0 0 0 0 0 242 219 112 1 0 0 0 0 010120 202926.110
0.0000000000 0.0000000000 0 0 0 0 0 0 134 220 112 1 0 0 0 0 010120 202926.161
0.0000000000 0.0000000000 0 0 0 0 0 0 125 220 112 1 0 0 0 0 010120 202926.211
0.0000000000 0.0000000000 0 0 0 0 0 0 236 220 112 1 0 0 0 0 010120 202926.261
0.0000000000 0.0000000000 0 0 0 0 0 0 142 219 112 1 0 0 0 0 010120 202926.311
0.0000000000 0.0000000000 0 0 0 0 0 0 105 219 112 1 0 0 0 0 010120 202926.362
0.0000000000 0.0000000000 0 0 0 0 0 0 91 219 112 1 0 0 0 0 010120 202926.412
0.0000000000 0.0000000000 0 0 0 0 0 0 26 219 112 1 0 0 0 0 010120 202926.462
0.0000000000 0.0000000000 0 0 0 0 0 0 20 219 112 1 0 0 0 0 010120 202926.512
0.0000000000 0.0000000000 0 0 0 0 0 0 4 220 112 1 0 0 0 0 010120 202926.562
0.0000000000 0.0000000000 0 0 0 0 0 0 4 220 112 1 0 0 0 0 010120 202926.613
0.0000000000 0.0000000000 0 0 0 0 0 0 219 217 112 1 0 0 0 0 010120 202926.663
0.0000000000 0.0000000000 0 0 0 0 0 0 167 219 112 1 0 0 0 0 010120 202926.713
0.0000000000 0.0000000000 0 0 0 0 0 0 136 219 112 1 0 0 0 0 010120 202926.763
0.0000000000 0.0000000000 0 0 0 0 0 0 241 228 112 1 0 0 0 0 010120 202926.813
0.0000000000 0.0000000000 0 0 0 0 0 0 77 220 112 1 0 0 0 0 010120 202926.864
0.0000000000 0.0000000000 0 0 0 0 0 0 74 220 112 1 0 0 0 0 010120 202926.914
0.0000000000 0.0000000000 0 0 0 0 0 0 184 211 112 1 0 0 0 0 010120 202926.964
0.0000000000 0.0000000000 0 0 0 0 0 0 114 219 112 1 0 0 0 0 010120 202927.014
0.0000000000 0.0000000000 0 0 0 0 0 0 64 220 112 1 0 0 0 0 010120 202927.065
0.0000000000 0.0000000000 0 0 0 0 0 0 217 217 112 1 0 0 0 0 010120 202927.115
0.0000000000 0.0000000000 0 0 0 0 0 0 171 214 112 1 0 0 0 0 010120 202927.165
0.0000000000 0.0000000000 0 0 0 0 0 0 93 217 112 1 0 0 0 0 010120 202927.215
0.0000000000 0.0000000000 0 0 0 0 0 0 55 219 112 1 0 0 0 0 010120 202927.265
0.0000000000 0.0000000000 0 0 0 0 0 0 53 219 112 1 0 0 0 0 010120 202927.316
0.0000000000 0.0000000000 0 0 0 0 0 0 194 241 112 1 0 0 0 0 010120 202927.366
0.0000000000 0.0000000000 0 0 0 0 0 0 219 220 112 1 0 0 0 0 010120 202927.416
0.0000000000 0.0000000000 0 0 0 0 0 0 237 220 112 1 0 0 0 0 010120 202927.467
0.0000000000 0.0000000000 0 0 0 0 0 0 42 230 112 1 0 0 0 0 010120 202927.517
0.0000000000 0.0000000000 0 0 0 0 0 0 93 221 112 1 0 0 0 0 010120 202927.567
0.0000000000 0.0000000000 0 0 0 0 0 0 0 0 127 0 0 0 0 0 010120 202927.617
0.0000000000 0.0000000000 0 0 0 0 0 0 0 0 127 0 0 0 0 0 010120 202927.668
0.0000000000 0.0000000000 0 0 0 0 0 0 0 0 127 0 0 0 0 0 010120 202927.718
0.0000000000 0.0000000000 0 0 0 0 0 0 0 0 127 0 0 0 0 0 010120 202927.768
0.0000000000 0.0000000000 0 0 0 0 0 0 0 0 127 0 0 0 0 0 010120 202927.819
0.0000000000 0.0000000000 0 0 0 0 0 0 0 0 127 0 0 0 0 0 010120 202927.869
0.0000000000 0.0000000000 0 0 0 0 0 0 0 0 127 0 0 0 0 0 010120 202927.919
0.0000000000 0.0000000000 0 0 0 0 0 0 0 0 127 0 0 0 0 0 010120 202927.969
0.0000000000 0.0000000000 0 0 0 0 0 0 0 0 127 0 0 0 0 0 010120 202928.020
0.0000000000 0.0000000000 0 0 0 0 0 0 0 0 127 0 0 0 0 0 010120 202928.070
0.0000000000 0.0000000000 0 0 0 0 0 0 0 0 127 0 0 0 0 0 010120 202928.120
0.0000000000 0.0000000000 0 0 0 0 0 0 0 0 127 0 0 0 0 0 010120 202928.170
0.0000000000 0.0000000000 0 0 0 0 0 0 0 0 127 0 0 0 0 0 010120 202928.221
0.0000000000 0.0000000000 0 0 0 0 0 0 0 0 127 0 0 0 0 0 010120 202928.271
0.0000000000 0.0000000000 0 0 0 0 0 0 0 0 127 0 0 0 0 0 010120 202928.321
0.0000000000 0.0000000000 0 0 0 0 0 0 0 0 127 0 0 0 0 0 010120 202928.371
0.0000000000 0.0000000000 0 0 0 0 0 0 0 0 127 0 0 0 0 0 010120 202928.422
0.0000000000 0.0000000000 0 0 0 0 0 0 0 0 127 0 0 0 0 0 010120 202928.472
0.0000000000 0.0000000000 0 0 0 0 0 0 0 0 127 0 0 0 0 0 010120 202928.522
0.0000000000 0.0000000000 0 0 0 0 0 0 0 0 127 0 0 0 0 0 010120 202928.572
0.0000000000 0.0000000000 0 0 0 0 0 0 0 0 127 0 0 0 0 0 010120 202928.623
0.0000000000 0.0000000000 0 0 0 0 0 0 0 0 127 0 0 0 0 0 010120 202928.673
0.0000000000 0.0000000000 0 0 0 0 0 0 0 0 127 0 0 0 0 0 010120 202928.723
0.0000000000 0.0000000000 0 0 0 0 0 0 0 0 127 0 0 0 0 0 010120 202928.773
0.0000000000 0.0000000000 0 0 0 0 0 0 0 0 127 0 0 0 0 0 010120 202928.824
0.0000000000 0.0000000000 0 0 0 0 0 0 0 0 127 0 0 0 0 0 010120 202928.874
0.0000000000 0.0000000000 0 0 0 0 0 0 0 0 127 0 0 0 0 0 010120 202928.924
