0.0000000000 0.0000000000 0 0 0 0 0 0 133 12 112 1 0 0 0 0 130120 154706.860
0.0000000000 0.0000000000 0 0 0 0 0 0 126 12 112 1 0 0 0 0 130120 154706.911
0.0000000000 0.0000000000 0 0 0 0 0 0 105 11 112 1 0 0 0 0 130120 154706.961
0.0000000000 0.0000000000 0 0 0 0 0 0 117 12 112 1 0 0 0 0 130120 154707.011
0.0000000000 0.0000000000 0 0 0 0 0 0 114 12 112 1 0 0 0 0 130120 154707.061
0.0000000000 0.0000000000 0 0 0 0 0 0 201 11 112 1 0 0 0 0 130120 154707.111
0.0000000000 0.0000000000 0 0 0 0 0 0 214 12 112 1 0 0 0 0 130120 154707.162
0.0000000000 0.0000000000 0 0 0 0 0 0 214 12 112 1 0 0 0 0 130120 154707.212
0.0000000000 0.0000000000 0 0 0 0 0 0 16 13 112 1 0 0 0 0 130120 154707.262
0.0000000000 0.0000000000 0 0 0 0 0 0 219 18 112 1 0 0 0 0 130120 154707.312
0.0000000000 0.0000000000 0 0 0 0 0 0 27 13 112 1 0 0 0 0 130120 154707.363
0.0000000000 0.0000000000 0 0 0 0 0 0 54 12 112 1 0 0 0 0 130120 154707.413
0.0000000000 0.0000000000 0 0 0 0 0 0 51 12 112 1 0 0 0 0 130120 154707.463
0.0000000000 0.0000000000 0 0 0 0 0 0 34 12 112 1 0 0 0 0 130120 154707.513
0.0000000000 0.0000000000 0 0 0 0 0 0 171 12 112 1 0 0 0 0 130120 154707.563
0.0000000000 0.0000000000 0 0 0 0 0 0 172 12 112 1 0 0 0 0 130120 154707.614
0.0000000000 0.0000000000 0 0 0 0 0 0 189 12 112 1 0 0 0 0 130120 154707.664
0.0000000000 0.0000000000 0 0 0 0 0 0 23 13 112 1 0 0 0 0 130120 154707.714
0.0000000000 0.0000000000 0 0 0 0 0 0 116 14 112 1 0 0 0 0 130120 154707.764
0.0000000000 0.0000000000 0 0 0 0 0 0 24 13 112 1 0 0 0 0 130120 154707.815
0.0000000000 0.0000000000 0 0 0 0 0 0 47 14 112 1 0 0 0 0 130120 154707.865
0.0000000000 0.0000000000 0 0 0 0 0 0 42 13 112 1 0 0 0 0 130120 154707.915
0.0000000000 0.0000000000 0 0 0 0 0 0 102 24 112 1 0 0 0 0 130120 154707.965
0.0000000000 0.0000000000 0 0 0 0 0 0 4 14 112 1 0 0 0 0 130120 154708.016
0.0000000000 0.0000000000 0 0 0 0 0 0 199 13 112 1 0 0 0 0 130120 154708.066
0.0000000000 0.0000000000 0 0 0 0 0 0 250 13 112 1 0 0 0 0 130120 154708.116
0.0000000000 0.0000000000 0 0 0 0 0 0 8 14 112 1 0 0 0 0 130120 154708.166
0.0000000000 0.0000000000 0 0 0 0 0 0 239 13 112 1 0 0 0 0 130120 154708.216
0.0000000000 0.0000000000 0 0 0 0 0 0 39 14 112 1 0 0 0 0 130120 154708.267
0.0000000000 0.0000000000 0 0 0 0 0 0 77 14 112 1 0 0 0 0 130120 154708.317
0.0000000000 0.0000000000 0 0 0 0 0 0 99 13 112 1 0 0 0 0 130120 154708.367
0.0000000000 0.0000000000 0 0 0 0 0 0 94 13 112 1 0 0 0 0 130120 154708.417
0.0000000000 0.0000000000 0 0 0 0 0 0 91 13 112 1 0 0 0 0 130120 154708.467
0.0000000000 0.0000000000 0 0 0 0 0 0 225 13 112 1 0 0 0 0 130120 154708.518
0.0000000000 0.0000000000 0 0 0 0 0 0 26 15 112 1 0 0 0 0 130120 154708.568
0.0000000000 0.0000000000 0 0 0 0 0 0 246 13 112 1 0 0 0 0 130120 154708.618
0.0000000000 0.0000000000 0 0 0 0 0 0 67 13 112 1 0 0 0 0 130120 154708.668
0.0000000000 0.0000000000 0 0 0 0 0 0 56 13 112 1 0 0 0 0 130120 154708.719
0.0000000000 0.0000000000 0 0 0 0 0 0 252 12 112 1 0 0 0 0 130120 154708.769
0.0000000000 0.0000000000 0 0 0 0 0 0 170 12 112 1 0 0 0 0 130120 154708.819
0.0000000000 0.0000000000 0 0 0 0 0 0 162 12 112 1 0 0 0 0 130120 154708.870
0.0000000000 0.0000000000 0 0 0 0 0 0 51 12 112 1 0 0 0 0 130120 154708.920
0.0000000000 0.0000000000 0 0 0 0 0 0 24 12 112 1 0 0 0 0 130120 154708.970
0.0000000000 0.0000000000 0 0 0 0 0 0 192 8 112 1 0 0 0 0 130120 154709.020
0.0000000000 0.0000000000 0 0 0 0 0 0 208 12 112 1 0 0 0 0 130120 154709.070
0.0000000000 0.0000000000 0 0 0 0 0 0 204 12 112 1 0 0 0 0 130120 154709.120
0.0000000000 0.0000000000 0 0 0 0 0 0 200 12 112 1 0 0 0 0 130120 154709.171
0.0000000000 0.0000000000 0 0 0 0 0 0 84 13 112 1 0 0 0 0 130120 154709.221
0.0000000000 0.0000000000 0 0 0 0 0 0 91 13 112 1 0 0 0 0 130120 154709.271
0.0000000000 0.0000000000 0 0 0 0 0 0 116 14 112 1 0 0 0 0 130120 154709.322
0.0000000000 0.0000000000 0 0 0 0 0 0 113 13 112 1 0 0 0 0 130120 154709.372
0.0000000000 0.0000000000 0 0 0 0 0 0 121 13 112 1 0 0 0 0 130120 154709.422
0.0000000000 0.0000000000 0 0 0 0 0 0 166 13 112 1 0 0 0 0 130120 154709.472
0.0000000000 0.0000000000 0 0 0 0 0 0 184 13 112 1 0 0 0 0 130120 154709.523
0.0000000000 0.0000000000 0 0 0 0 0 0 194 13 112 1 0 0 0 0 130120 154709.573
0.0000000000 0.0000000000 0 0 0 0 0 0 219 12 112 1 0 0 0 0 130120 154709.623
0.0000000000 0.0000000000 0 0 0 0 0 0 205 12 112 1 0 0 0 0 130120 154709.674
0.0000000000 0.0000000000 0 0 0 0 0 0 206 12 112 1 0 0 0 0 130120 154709.724
0.0000000000 0.0000000000 0 0 0 0 0 0 135 12 112 1 0 0 0 0 130120 154709.774
0.0000000000 0.0000000000 0 0 0 0 0 0 113 12 112 1 0 0 0 0 130120 154709.824
0.0000000000 0.0000000000 0 0 0 0 0 0 182 10 112 1 0 0 0 0 130120 154709.874
0.0000000000 0.0000000000 0 0 0 0 0 0 92 10 112 1 0 0 0 0 130120 154709.925
0.0000000000 0.0000000000 0 0 0 0 0 0 32 12 112 1 0 0 0 0 130120 154709.975
0.0000000000 0.0000000000 0 0 0 0 0 0 193 10 112 1 0 0 0 0 130120 154710.025
0.0000000000 0.0000000000 0 0 0 0 0 0 166 12 112 1 0 0 0 0 130120 154710.076
0.0000000000 0.0000000000 0 0 0 0 0 0 168 12 112 1 0 0 0 0 130120 154710.126
0.0000000000 0.0000000000 0 0 0 0 0 0 79 12 112 1 0 0 0 0 130120 154710.176
0.0000000000 0.0000000000 0 0 0 0 0 0 70 12 112 1 0 0 0 0 130120 154710.227
0.0000000000 0.0000000000 0 0 0 0 0 0 55 12 112 1 0 0 0 0 130120 154710.277
0.0000000000 0.0000000000 0 0 0 0 0 0 24 12 112 1 0 0 0 0 130120 154710.327
0.0000000000 0.0000000000 0 0 0 0 0 0 5 12 112 1 0 0 0 0 130120 154710.377
0.0000000000 0.0000000000 0 0 0 0 0 0 217 10 112 1 0 0 0 0 130120 154710.427
0.0000000000 0.0000000000 0 0 0 0 0 0 165 12 112 1 0 0 0 0 130120 154710.478
0.0000000000 0.0000000000 0 0 0 0 0 0 169 12 112 1 0 0 0 0 130120 154710.528
0.0000000000 0.0000000000 0 0 0 0 0 0 190 12 112 1 0 0 0 0 130120 154710.578
0.0000000000 0.0000000000 0 0 0 0 0 0 54 13 112 1 0 0 0 0 130120 154710.628
0.0000000000 0.0000000000 0 0 0 0 0 0 197 12 112 1 0 0 0 0 130120 154710.679
0.0000000000 0.0000000000 0 0 0 0 0 0 188 12 112 1 0 0 0 0 130120 154710.729
0.0000000000 0.0000000000 0 0 0 0 0 0 192 12 112 1 0 0 0 0 130120 154710.779
0.0000000000 0.0000000000 0 0 0 0 0 0 195 12 112 1 0 0 0 0 130120 154710.829
0.0000000000 0.0000000000 0 0 0 0 0 0 146 12 112 1 0 0 0 0 130120 154710.880
0.0000000000 0.0000000000 0 0 0 0 0 0 141 12 112 1 0 0 0 0 130120 154710.930
0.0000000000 0.0000000000 0 0 0 0 0 0 74 12 112 1 0 0 0 0 130120 154710.980
0.0000000000 0.0000000000 0 0 0 0 0 0 132 12 112 1 0 0 0 0 130120 154711.030
0.0000000000 0.0000000000 0 0 0 0 0 0 23 12 112 1 0 0 0 0 130120 154711.080
0.0000000000 0.0000000000 0 0 0 0 0 0 171 11 112 1 0 0 0 0 130120 154711.131
0.0000000000 0.0000000000 0 0 0 0 0 0 251 11 112 1 0 0 0 0 130120 154711.181
0.0000000000 0.0000000000 0 0 0 0 0 0 111 12 112 1 0 0 0 0 130120 154711.231
0.0000000000 0.0000000000 0 0 0 0 0 0 89 14 112 1 0 0 0 0 130120 154711.281
0.0000000000 0.0000000000 0 0 0 0 0 0 134 12 112 1 0 0 0 0 130120 154711.331
0.0000000000 0.0000000000 0 0 0 0 0 0 100 12 112 1 0 0 0 0 130120 154711.382
0.0000000000 0.0000000000 0 0 0 0 0 0 118 12 112 1 0 0 0 0 130120 154711.432
0.0000000000 0.0000000000 0 0 0 0 0 0 203 11 112 1 0 0 0 0 130120 154711.482
0.0000000000 0.0000000000 0 0 0 0 0 0 55 9 112 1 0 0 0 0 130120 154711.532
0.0000000000 0.0000000000 0 0 0 0 0 0 51 12 112 1 0 0 0 0 130120 154711.582
0.0000000000 0.0000000000 0 0 0 0 0 0 41 12 112 1 0 0 0 0 130120 154711.633
0.0000000000 0.0000000000 0 0 0 0 0 0 57 8 112 1 0 0 0 0 130120 154711.683
0.0000000000 0.0000000000 0 0 0 0 0 0 245 11 112 1 0 0 0 0 130120 154711.733
0.0000000000 0.0000000000 0 0 0 0 0 0 231 11 112 1 0 0 0 0 130120 154711.783
0.0000000000 0.0000000000 0 0 0 0 0 0 164 11 112 1 0 0 0 0 130120 154711.833
0.0000000000 0.0000000000 0 0 0 0 0 0 35 11 112 1 0 0 0 0 130120 154711.884
0.0000000000 0.0000000000 0 0 0 0 0 0 125 11 112 1 0 0 0 0 130120 154711.934
0.0000000000 0.0000000000 0 0 0 0 0 0 23 11 112 1 0 0 0 0 130120 154711.984
0.0000000000 0.0000000000 0 0 0 0 0 0 147 7 112 1 0 0 0 0 130120 154712.035
0.0000000000 0.0000000000 0 0 0 0 0 0 172 4 112 1 0 0 0 0 130120 154712.085
0.0000000000 0.0000000000 0 0 0 0 0 0 6 7 112 1 0 0 0 0 130120 154712.135
0.0000000000 0.0000000000 0 0 0 0 0 0 112 11 112 1 0 0 0 0 130120 154712.185
0.0000000000 0.0000000000 0 0 0 0 0 0 158 7 112 1 0 0 0 0 130120 154712.235
0.0000000000 0.0000000000 0 0 0 0 0 0 118 7 112 1 0 0 0 0 130120 154712.286
0.0000000000 0.0000000000 0 0 0 0 0 0 71 14 112 1 0 0 0 0 130120 154712.336
0.0000000000 0.0000000000 0 0 0 0 0 0 123 8 112 1 0 0 0 0 130120 154712.386
0.0000000000 0.0000000000 0 0 0 0 0 0 112 8 112 1 0 0 0 0 130120 154712.436
0.0000000000 0.0000000000 0 0 0 0 0 0 104 19 112 1 0 0 0 0 130120 154712.487
0.0000000000 0.0000000000 0 0 0 0 0 0 51 10 112 1 0 0 0 0 130120 154712.537
0.0000000000 0.0000000000 0 0 0 0 0 0 45 10 112 1 0 0 0 0 130120 154712.587
0.0000000000 0.0000000000 0 0 0 0 0 0 75 242 112 1 0 0 0 0 130120 154712.637
0.0000000000 0.0000000000 0 0 0 0 0 0 156 247 112 1 0 0 0 0 130120 154712.688
0.0000000000 0.0000000000 0 0 0 0 0 0 24 238 112 1 0 0 0 0 130120 154712.738
0.0000000000 0.0000000000 0 0 0 0 0 0 118 245 112 1 0 0 0 0 130120 154712.788
0.0000000000 0.0000000000 0 0 0 0 0 0 196 245 112 1 0 0 0 0 130120 154712.838
0.0000000000 0.0000000000 0 0 0 0 0 0 125 252 112 1 0 0 0 0 130120 154712.888
0.0000000000 0.0000000000 0 0 0 0 0 0 192 246 112 1 0 0 0 0 130120 154712.939
0.0000000000 0.0000000000 0 0 0 0 0 0 158 246 112 1 0 0 0 0 130120 154712.989
0.0000000000 0.0000000000 0 0 0 0 0 0 247 6 112 1 0 0 0 0 130120 154713.039
0.0000000000 0.0000000000 0 0 0 0 0 0 50 249 112 1 0 0 0 0 130120 154713.089
0.0000000000 0.0000000000 0 0 0 0 0 0 37 249 112 1 0 0 0 0 130120 154713.140
0.0000000000 0.0000000000 0 0 0 0 0 0 120 249 112 1 0 0 0 0 130120 154713.190
0.0000000000 0.0000000000 0 0 0 0 0 0 44 249 112 1 0 0 0 0 130120 154713.240
0.0000000000 0.0000000000 0 0 0 0 0 0 97 249 112 1 0 0 0 0 130120 154713.290
0.0000000000 0.0000000000 0 0 0 0 0 0 237 230 112 1 0 0 0 0 130120 154713.340
0.0000000000 0.0000000000 0 0 0 0 0 0 45 246 112 1 0 0 0 0 130120 154713.391
0.0000000000 0.0000000000 0 0 0 0 0 0 235 248 112 1 0 0 0 0 130120 154713.441
0.0000000000 0.0000000000 0 0 0 0 0 0 200 248 112 1 0 0 0 0 130120 154713.491
0.0000000000 0.0000000000 0 0 0 0 0 0 170 248 112 1 0 0 0 0 130120 154713.541
0.0000000000 0.0000000000 0 0 0 0 0 0 96 240 112 1 0 0 0 0 130120 154713.592
0.0000000000 0.0000000000 0 0 0 0 0 0 96 240 112 1 0 0 0 0 130120 154713.642
0.0000000000 0.0000000000 0 0 0 0 0 0 96 240 112 1 0 0 0 0 130120 154713.692
0.0000000000 0.0000000000 0 0 0 0 0 0 96 240 112 1 0 0 0 0 130120 154713.742
0.0000000000 0.0000000000 0 0 0 0 0 0 96 240 112 1 0 0 0 0 130120 154713.792
0.0000000000 0.0000000000 0 0 0 0 0 0 96 240 112 1 0 0 0 0 130120 154713.843
0.0000000000 0.0000000000 0 0 0 0 0 0 96 240 112 1 0 0 0 0 130120 154713.893
0.0000000000 0.0000000000 0 0 0 0 0 0 255 255 112 1 0 0 0 0 130120 154713.943
0.0000000000 0.0000000000 0 0 0 0 0 0 255 255 112 1 0 0 0 0 130120 154713.993
0.0000000000 0.0000000000 0 0 0 0 0 0 255 255 112 1 0 0 0 0 130120 154714.043
0.0000000000 0.0000000000 0 0 0 0 0 0 255 255 112 1 0 0 0 0 130120 154714.094
0.0000000000 0.0000000000 0 0 0 0 0 0 255 255 112 1 0 0 0 0 130120 154714.144
0.0000000000 0.0000000000 0 0 0 0 0 0 255 255 112 1 0 0 0 0 130120 154714.194
0.0000000000 0.0000000000 0 0 0 0 0 0 255 255 112 1 0 0 0 0 130120 154714.244
0.0000000000 0.0000000000 0 0 0 0 0 0 255 255 112 1 0 0 0 0 130120 154714.294
0.0000000000 0.0000000000 0 0 0 0 0 0 255 255 112 1 0 0 0 0 130120 154714.345
0.0000000000 0.0000000000 0 0 0 0 0 0 255 255 112 1 0 0 0 0 130120 154714.395
0.0000000000 0.0000000000 0 0 0 0 0 0 255 255 112 1 0 0 0 0 130120 154714.445
0.0000000000 0.0000000000 0 0 0 0 0 0 255 255 112 1 0 0 0 0 130120 154714.495
0.0000000000 0.0000000000 0 0 0 0 0 0 255 255 112 1 0 0 0 0 130120 154714.545
0.0000000000 0.0000000000 0 0 0 0 0 0 255 255 112 1 0 0 0 0 130120 154714.596
0.0000000000 0.0000000000 0 0 0 0 0 0 255 255 112 1 0 0 0 0 130120 154714.646
0.0000000000 0.0000000000 0 0 0 0 0 0 255 255 112 1 0 0 0 0 130120 154714.696
0.0000000000 0.0000000000 0 0 0 0 0 0 255 255 112 1 0 0 0 0 130120 154714.746
0.0000000000 0.0000000000 0 0 0 0 0 0 255 255 112 1 0 0 0 0 130120 154714.797
0.0000000000 0.0000000000 0 0 0 0 0 0 255 255 112 1 0 0 0 0 130120 154714.847
0.0000000000 0.0000000000 0 0 0 0 0 0 255 255 112 1 0 0 0 0 130120 154714.897
0.0000000000 0.0000000000 0 0 0 0 0 0 255 255 112 1 0 0 0 0 130120 154714.947
0.0000000000 0.0000000000 0 0 0 0 0 0 255 255 112 1 0 0 0 0 130120 154714.997
0.0000000000 0.0000000000 0 0 0 0 0 0 255 255 112 1 0 0 0 0 130120 154715.047
0.0000000000 0.0000000000 0 0 0 0 0 0 255 255 112 1 0 0 0 0 130120 154715.098
0.0000000000 0.0000000000 0 0 0 0 0 0 255 255 112 1 0 0 0 0 130120 154715.148
0.0000000000 0.0000000000 0 0 0 0 0 0 255 255 112 1 0 0 0 0 130120 154715.198
0.0000000000 0.0000000000 0 0 0 0 0 0 255 255 112 1 0 0 0 0 130120 154715.248
0.0000000000 0.0000000000 0 0 0 0 0 0 255 255 112 1 0 0 0 0 130120 154715.298
0.0000000000 0.0000000000 0 0 0 0 0 0 255 255 112 1 0 0 0 0 130120 154715.349
0.0000000000 0.0000000000 0 0 0 0 0 0 255 255 112 1 0 0 0 0 130120 154715.399
0.0000000000 0.0000000000 0 0 0 0 0 0 255 255 112 1 0 0 0 0 130120 154715.449
0.0000000000 0.0000000000 0 0 0 0 0 0 255 255 112 1 0 0 0 0 130120 154715.499
0.0000000000 0.0000000000 0 0 0 0 0 0 255 255 112 1 0 0 0 0 130120 154715.549
0.0000000000 0.0000000000 0 0 0 0 0 0 255 255 112 1 0 0 0 0 130120 154715.600
0.0000000000 0.0000000000 0 0 0 0 0 0 255 255 112 1 0 0 0 0 130120 154715.650
0.0000000000 0.0000000000 0 0 0 0 0 0 255 255 112 1 0 0 0 0 130120 154715.700
0.0000000000 0.0000000000 0 0 0 0 0 0 255 255 112 1 0 0 0 0 130120 154715.750
0.0000000000 0.0000000000 0 0 0 0 0 0 255 255 112 1 0 0 0 0 130120 154715.800
0.0000000000 0.0000000000 0 0 0 0 0 0 255 255 112 1 0 0 0 0 130120 154715.851
0.0000000000 0.0000000000 0 0 0 0 0 0 0 0 127 0 0 0 0 0 130120 154715.901
0.0000000000 0.0000000000 0 0 0 0 0 0 0 0 127 0 0 0 0 0 130120 154715.951
0.0000000000 0.0000000000 0 0 0 0 0 0 0 0 127 0 0 0 0 0 130120 154716.001
0.0000000000 0.0000000000 0 0 0 0 0 0 0 0 127 0 0 0 0 0 130120 154716.052
0.0000000000 0.0000000000 0 0 0 0 0 0 0 0 127 0 0 0 0 0 130120 154716.102
0.0000000000 0.0000000000 0 0 0 0 0 0 0 0 127 0 0 0 0 0 130120 154716.152
0.0000000000 0.0000000000 0 0 0 0 0 0 0 0 127 0 0 0 0 0 130120 154716.202
0.0000000000 0.0000000000 0 0 0 0 0 0 0 0 127 0 0 0 0 0 130120 154716.252
0.0000000000 0.0000000000 0 0 0 0 0 0 0 0 127 0 0 0 0 0 130120 154716.303
0.0000000000 0.0000000000 0 0 0 0 0 0 0 0 127 0 0 0 0 0 130120 154716.353
0.0000000000 0.0000000000 0 0 0 0 0 0 0 0 127 0 0 0 0 0 130120 154716.403
0.0000000000 0.0000000000 0 0 0 0 0 0 0 0 127 0 0 0 0 0 130120 154716.453
0.0000000000 0.0000000000 0 0 0 0 0 0 0 0 127 0 0 0 0 0 130120 154716.504
0.0000000000 0.0000000000 0 0 0 0 0 0 0 0 127 0 0 0 0 0 130120 154716.554
0.0000000000 0.0000000000 0 0 0 0 0 0 0 0 127 0 0 0 0 0 130120 154716.604
0.0000000000 0.0000000000 0 0 0 0 0 0 0 0 127 0 0 0 0 0 130120 154716.655
0.0000000000 0.0000000000 0 0 0 0 0 0 0 0 127 0 0 0 0 0 130120 154716.705
0.0000000000 0.0000000000 0 0 0 0 0 0 0 0 127 0 0 0 0 0 130120 154716.755
0.0000000000 0.0000000000 0 0 0 0 0 0 0 0 127 0 0 0 0 0 130120 154716.805
0.0000000000 0.0000000000 0 0 0 0 0 0 0 0 127 0 0 0 0 0 130120 154716.856
0.0000000000 0.0000000000 0 0 0 0 0 0 0 0 127 0 0 0 0 0 130120 154716.906
0.0000000000 0.0000000000 0 0 0 0 0 0 0 0 127 0 0 0 0 0 130120 154716.956
0.0000000000 0.0000000000 0 0 0 0 0 0 0 0 127 0 0 0 0 0 130120 154717.007
0.0000000000 0.0000000000 0 0 0 0 0 0 0 0 127 0 0 0 0 0 130120 154717.057
0.0000000000 0.0000000000 0 0 0 0 0 0 0 0 127 0 0 0 0 0 130120 154717.107
0.0000000000 0.0000000000 0 0 0 0 0 0 0 0 127 0 0 0 0 0 130120 154717.157
0.0000000000 0.0000000000 0 0 0 0 0 0 0 0 127 0 0 0 0 0 130120 154717.207
0.0000000000 0.0000000000 0 0 0 0 0 0 0 0 127 0 0 0 0 0 130120 154717.258
0.0000000000 0.0000000000 0 0 0 0 0 0 0 0 127 0 0 0 0 0 130120 154717.308
0.0000000000 0.0000000000 0 0 0 0 0 0 0 0 127 0 0 0 0 0 130120 154717.358
0.0000000000 0.0000000000 0 0 0 0 0 0 0 0 127 0 0 0 0 0 130120 154717.408
0.0000000000 0.0000000000 0 0 0 0 0 0 0 0 127 0 0 0 0 0 130120 154717.459
0.0000000000 0.0000000000 0 0 0 0 0 0 0 0 127 0 0 0 0 0 130120 154717.509
0.0000000000 0.0000000000 0 0 0 0 0 0 0 0 127 0 0 0 0 0 130120 154717.559
0.0000000000 0.0000000000 0 0 0 0 0 0 0 0 127 0 0 0 0 0 130120 154717.610
0.0000000000 0.0000000000 0 0 0 0 0 0 0 0 127 0 0 0 0 0 130120 154717.660
0.0000000000 0.0000000000 0 0 0 0 0 0 0 0 127 0 0 0 0 0 130120 154717.710
0.0000000000 0.0000000000 0 0 0 0 0 0 0 0 127 0 0 0 0 0 130120 154717.760
0.0000000000 0.0000000000 0 0 0 0 0 0 0 0 127 0 0 0 0 0 130120 154717.810
0.0000000000 0.0000000000 0 0 0 0 0 0 0 0 127 0 0 0 0 0 130120 154717.861
0.0000000000 0.0000000000 0 0 0 0 0 0 0 0 127 0 0 0 0 0 130120 154717.911
0.0000000000 0.0000000000 0 0 0 0 0 0 0 0 127 0 0 0 0 0 130120 154717.961
0.0000000000 0.0000000000 0 0 0 0 0 0 0 0 127 0 0 0 0 0 130120 154718.012
0.0000000000 0.0000000000 0 0 0 0 0 0 0 0 127 0 0 0 0 0 130120 154718.062
0.0000000000 0.0000000000 0 0 0 0 0 0 0 0 127 0 0 0 0 0 130120 154718.112
0.0000000000 0.0000000000 0 0 0 0 0 0 0 0 127 0 0 0 0 0 130120 154718.162
0.0000000000 0.0000000000 0 0 0 0 0 0 0 0 127 0 0 0 0 0 130120 154718.212
0.0000000000 0.0000000000 0 0 0 0 0 0 0 0 127 0 0 0 0 0 130120 154718.263
0.0000000000 0.0000000000 0 0 0 0 0 0 0 0 127 0 0 0 0 0 130120 154718.313
0.0000000000 0.0000000000 0 0 0 0 0 0 0 0 127 0 0 0 0 0 130120 154718.363
0.0000000000 0.0000000000 0 0 0 0 0 0 0 0 127 0 0 0 0 0 130120 154718.413
0.0000000000 0.0000000000 0 0 0 0 0 0 0 0 127 0 0 0 0 0 130120 154718.463
0.0000000000 0.0000000000 0 0 0 0 0 0 0 0 127 0 0 0 0 0 130120 154718.514
0.0000000000 0.0000000000 0 0 0 0 0 0 0 0 127 0 0 0 0 0 130120 154718.564
0.0000000000 0.0000000000 0 0 0 0 0 0 0 0 127 0 0 0 0 0 130120 154718.614
0.0000000000 0.0000000000 0 0 0 0 0 0 0 0 127 0 0 0 0 0 130120 154718.664
0.0000000000 0.0000000000 0 0 0 0 0 0 0 0 127 0 0 0 0 0 130120 154718.715
0.0000000000 0.0000000000 0 0 0 0 0 0 0 0 127 0 0 0 0 0 130120 154718.765
0.0000000000 0.0000000000 0 0 0 0 0 0 0 0 127 0 0 0 0 0 130120 154718.815
0.0000000000 0.0000000000 0 0 0 0 0 0 0 0 127 0 0 0 0 0 130120 154718.865
0.0000000000 0.0000000000 0 0 0 0 0 0 0 0 127 0 0 0 0 0 130120 154718.915
0.0000000000 0.0000000000 0 0 0 0 0 0 0 0 127 0 0 0 0 0 130120 154718.966
0.0000000000 0.0000000000 0 0 0 0 0 0 0 0 127 0 0 0 0 0 130120 154719.016
0.0000000000 0.0000000000 0 0 0 0 0 0 0 0 127 0 0 0 0 0 130120 154719.066
0.0000000000 0.0000000000 0 0 0 0 0 0 0 0 127 0 0 0 0 0 130120 154719.116
0.0000000000 0.0000000000 0 0 0 0 0 0 0 0 127 0 0 0 0 0 130120 154719.167
0.0000000000 0.0000000000 0 0 0 0 0 0 0 0 127 0 0 0 0 0 130120 154719.217
0.0000000000 0.0000000000 0 0 0 0 0 0 0 0 127 0 0 0 0 0 130120 154719.267
0.0000000000 0.0000000000 0 0 0 0 0 0 0 0 127 0 0 0 0 0 130120 154719.317
0.0000000000 0.0000000000 0 0 0 0 0 0 0 0 127 0 0 0 0 0 130120 154719.368
0.0000000000 0.0000000000 0 0 0 0 0 0 0 0 127 0 0 0 0 0 130120 154719.418
0.0000000000 0.0000000000 0 0 0 0 0 0 0 0 127 0 0 0 0 0 130120 154719.468
0.0000000000 0.0000000000 0 0 0 0 0 0 0 0 127 0 0 0 0 0 130120 154719.519
0.0000000000 0.0000000000 0 0 0 0 0 0 0 0 127 0 0 0 0 0 130120 154719.569
0.0000000000 0.0000000000 0 0 0 0 0 0 0 0 127 0 0 0 0 0 130120 154719.620
0.0000000000 0.0000000000 0 0 0 0 0 0 0 0 127 0 0 0 0 0 130120 154719.670
0.0000000000 0.0000000000 0 0 0 0 0 0 0 0 127 0 0 0 0 0 130120 154719.720
0.0000000000 0.0000000000 0 0 0 0 0 0 0 0 127 0 0 0 0 0 130120 154719.770
0.0000000000 0.0000000000 0 0 0 0 0 0 0 0 127 0 0 0 0 0 130120 154719.820
0.0000000000 0.0000000000 0 0 0 0 0 0 0 0 127 0 0 0 0 0 130120 154719.871
0.0000000000 0.0000000000 0 0 0 0 0 0 0 0 127 0 0 0 0 0 130120 154719.921
0.0000000000 0.0000000000 0 0 0 0 0 0 0 0 127 0 0 0 0 0 130120 154719.971
0.0000000000 0.0000000000 0 0 0 0 0 0 0 0 127 0 0 0 0 0 130120 154720.021
0.0000000000 0.0000000000 0 0 0 0 0 0 0 0 127 0 0 0 0 0 130120 154720.071
0.0000000000 0.0000000000 0 0 0 0 0 0 0 0 127 0 0 0 0 0 130120 154720.121
0.0000000000 0.0000000000 0 0 0 0 0 0 0 0 127 0 0 0 0 0 130120 154720.172
0.0000000000 0.0000000000 0 0 0 0 0 0 0 0 127 0 0 0 0 0 130120 154720.222
0.0000000000 0.0000000000 0 0 0 0 0 0 0 0 127 0 0 0 0 0 130120 154720.272
0.0000000000 0.0000000000 0 0 0 0 0 0 0 0 127 0 0 0 0 0 130120 154720.322
0.0000000000 0.0000000000 0 0 0 0 0 0 0 0 127 0 0 0 0 0 130120 154720.373
0.0000000000 0.0000000000 0 0 0 0 0 0 0 0 127 0 0 0 0 0 130120 154720.423
0.0000000000 0.0000000000 0 0 0 0 0 0 0 0 127 0 0 0 0 0 130120 154720.473
0.0000000000 0.0000000000 0 0 0 0 0 0 0 0 127 0 0 0 0 0 130120 154720.523
0.0000000000 0.0000000000 0 0 0 0 0 0 0 0 127 0 0 0 0 0 130120 154720.574
0.0000000000 0.0000000000 0 0 0 0 0 0 0 0 127 0 0 0 0 0 130120 154720.624
0.0000000000 0.0000000000 0 0 0 0 0 0 0 0 127 0 0 0 0 0 130120 154720.674
0.0000000000 0.0000000000 0 0 0 0 0 0 0 0 127 0 0 0 0 0 130120 154720.724
0.0000000000 0.0000000000 0 0 0 0 0 0 0 0 127 0 0 0 0 0 130120 154720.774
0.0000000000 0.0000000000 0 0 0 0 0 0 0 0 127 0 0 0 0 0 130120 154720.825
0.0000000000 0.0000000000 0 0 0 0 0 0 0 0 127 0 0 0 0 0 130120 154720.875
0.0000000000 0.0000000000 0 0 0 0 0 0 0 0 127 0 0 0 0 0 130120 154720.925
0.0000000000 0.0000000000 0 0 0 0 0 0 0 0 127 0 0 0 0 0 130120 154720.976
0.0000000000 0.0000000000 0 0 0 0 0 0 0 0 127 0 0 0 0 0 130120 154721.026
0.0000000000 0.0000000000 0 0 0 0 0 0 0 0 127 0 0 0 0 0 130120 154721.076
0.0000000000 0.0000000000 0 0 0 0 0 0 0 0 127 0 0 0 0 0 130120 154721.126
0.0000000000 0.0000000000 0 0 0 0 0 0 0 0 127 0 0 0 0 0 130120 154721.177
0.0000000000 0.0000000000 0 0 0 0 0 0 0 0 127 0 0 0 0 0 130120 154721.227
0.0000000000 0.0000000000 0 0 0 0 0 0 0 0 127 0 0 0 0 0 130120 154721.277
0.0000000000 0.0000000000 0 0 0 0 0 0 0 0 127 0 0 0 0 0 130120 154721.327
0.0000000000 0.0000000000 0 0 0 0 0 0 0 0 127 0 0 0 0 0 130120 154721.377
0.0000000000 0.0000000000 0 0 0 0 0 0 0 0 127 0 0 0 0 0 130120 154721.428
0.0000000000 0.0000000000 0 0 0 0 0 0 0 0 127 0 0 0 0 0 130120 154721.478
0.0000000000 0.0000000000 0 0 0 0 0 0 0 0 127 0 0 0 0 0 130120 154721.528
0.0000000000 0.0000000000 0 0 0 0 0 0 0 0 127 0 0 0 0 0 130120 154721.578
0.0000000000 0.0000000000 0 0 0 0 0 0 0 0 127 0 0 0 0 0 130120 154721.629
0.0000000000 0.0000000000 0 0 0 0 0 0 0 0 127 0 0 0 0 0 130120 154721.679
0.0000000000 0.0000000000 0 0 0 0 0 0 0 0 127 0 0 0 0 0 130120 154721.729
0.0000000000 0.0000000000 0 0 0 0 0 0 0 0 127 0 0 0 0 0 130120 154721.779
0.0000000000 0.0000000000 0 0 0 0 0 0 0 0 127 0 0 0 0 0 130120 154721.830
0.0000000000 0.0000000000 0 0 0 0 0 0 0 0 127 0 0 0 0 0 130120 154721.880
0.0000000000 0.0000000000 0 0 0 0 0 0 0 0 127 0 0 0 0 0 130120 154721.930
0.0000000000 0.0000000000 0 0 0 0 0 0 0 0 127 0 0 0 0 0 130120 154721.981
0.0000000000 0.0000000000 0 0 0 0 0 0 0 0 127 0 0 0 0 0 130120 154722.031
0.0000000000 0.0000000000 0 0 0 0 0 0 0 0 127 0 0 0 0 0 130120 154722.081
0.0000000000 0.0000000000 0 0 0 0 0 0 0 0 127 0 0 0 0 0 130120 154722.131
0.0000000000 0.0000000000 0 0 0 0 0 0 0 0 127 0 0 0 0 0 130120 154722.181
0.0000000000 0.0000000000 0 0 0 0 0 0 0 0 127 0 0 0 0 0 130120 154722.232
0.0000000000 0.0000000000 0 0 0 0 0 0 0 0 127 0 0 0 0 0 130120 154722.282
0.0000000000 0.0000000000 0 0 0 0 0 0 0 0 127 0 0 0 0 0 130120 154722.332
0.0000000000 0.0000000000 0 0 0 0 0 0 0 0 127 0 0 0 0 0 130120 154722.382
0.0000000000 0.0000000000 0 0 0 0 0 0 0 0 127 0 0 0 0 0 130120 154722.433
0.0000000000 0.0000000000 0 0 0 0 0 0 0 0 127 0 0 0 0 0 130120 154722.483
0.0000000000 0.0000000000 0 0 0 0 0 0 0 0 127 0 0 0 0 0 130120 154722.533
0.0000000000 0.0000000000 0 0 0 0 0 0 0 0 127 0 0 0 0 0 130120 154722.583
0.0000000000 0.0000000000 0 0 0 0 0 0 0 0 127 0 0 0 0 0 130120 154722.634
0.0000000000 0.0000000000 0 0 0 0 0 0 0 0 127 0 0 0 0 0 130120 154722.684
0.0000000000 0.0000000000 0 0 0 0 0 0 0 0 127 0 0 0 0 0 130120 154722.735
0.0000000000 0.0000000000 0 0 0 0 0 0 0 0 127 0 0 0 0 0 130120 154722.785
0.0000000000 0.0000000000 0 0 0 0 0 0 0 0 127 0 0 0 0 0 130120 154722.835
0.0000000000 0.0000000000 0 0 0 0 0 0 0 0 127 0 0 0 0 0 130120 154722.885
0.0000000000 0.0000000000 0 0 0 0 0 0 0 0 127 0 0 0 0 0 130120 154722.936
0.0000000000 0.0000000000 0 0 0 0 0 0 0 0 127 0 0 0 0 0 130120 154722.986
0.0000000000 0.0000000000 0 0 0 0 0 0 0 0 127 0 0 0 0 0 130120 154723.036
0.0000000000 0.0000000000 0 0 0 0 0 0 0 0 127 0 0 0 0 0 130120 154723.087
0.0000000000 0.0000000000 0 0 0 0 0 0 0 0 127 0 0 0 0 0 130120 154723.137
0.0000000000 0.0000000000 0 0 0 0 0 0 0 0 127 0 0 0 0 0 130120 154723.187
0.0000000000 0.0000000000 0 0 0 0 0 0 0 0 127 0 0 0 0 0 130120 154723.238
0.0000000000 0.0000000000 0 0 0 0 0 0 0 0 127 0 0 0 0 0 130120 154723.288
0.0000000000 0.0000000000 0 0 0 0 0 0 0 0 127 0 0 0 0 0 130120 154723.338
0.0000000000 0.0000000000 0 0 0 0 0 0 0 0 127 0 0 0 0 0 130120 154723.389
0.0000000000 0.0000000000 0 0 0 0 0 0 0 0 127 0 0 0 0 0 130120 154723.439
0.0000000000 0.0000000000 0 0 0 0 0 0 0 0 127 0 0 0 0 0 130120 154723.489
0.0000000000 0.0000000000 0 0 0 0 0 0 0 0 127 0 0 0 0 0 130120 154723.539
0.0000000000 0.0000000000 0 0 0 0 0 0 0 0 127 0 0 0 0 0 130120 154723.590
0.0000000000 0.0000000000 0 0 0 0 0 0 0 0 127 0 0 0 0 0 130120 154723.640
0.0000000000 0.0000000000 0 0 0 0 0 0 0 0 127 0 0 0 0 0 130120 154723.690
0.0000000000 0.0000000000 0 0 0 0 0 0 0 0 127 0 0 0 0 0 130120 154723.740
0.0000000000 0.0000000000 0 0 0 0 0 0 0 0 127 0 0 0 0 0 130120 154723.790
0.0000000000 0.0000000000 0 0 0 0 0 0 0 0 127 0 0 0 0 0 130120 154723.841
0.0000000000 0.0000000000 0 0 0 0 0 0 0 0 127 0 0 0 0 0 130120 154723.891
0.0000000000 0.0000000000 0 0 0 0 0 0 0 0 127 0 0 0 0 0 130120 154723.941
0.0000000000 0.0000000000 0 0 0 0 0 0 0 0 127 0 0 0 0 0 130120 154723.991
0.0000000000 0.0000000000 0 0 0 0 0 0 0 0 127 0 0 0 0 0 130120 154724.042
0.0000000000 0.0000000000 0 0 0 0 0 0 0 0 127 0 0 0 0 0 130120 154724.092
0.0000000000 0.0000000000 0 0 0 0 0 0 0 0 127 0 0 0 0 0 130120 154724.143
0.0000000000 0.0000000000 0 0 0 0 0 0 0 0 127 0 0 0 0 0 130120 154724.193
0.0000000000 0.0000000000 0 0 0 0 0 0 0 0 127 0 0 0 0 0 130120 154724.243
0.0000000000 0.0000000000 0 0 0 0 0 0 0 0 127 0 0 0 0 0 130120 154724.293
0.0000000000 0.0000000000 0 0 0 0 0 0 0 0 127 0 0 0 0 0 130120 154724.344
0.0000000000 0.0000000000 0 0 0 0 0 0 0 0 127 0 0 0 0 0 130120 154724.394
0.0000000000 0.0000000000 0 0 0 0 0 0 0 0 127 0 0 0 0 0 130120 154724.444
0.0000000000 0.0000000000 0 0 0 0 0 0 0 0 127 0 0 0 0 0 130120 154724.494
0.0000000000 0.0000000000 0 0 0 0 0 0 0 0 127 0 0 0 0 0 130120 154724.545
0.0000000000 0.0000000000 0 0 0 0 0 0 0 0 127 0 0 0 0 0 130120 154724.595
0.0000000000 0.0000000000 0 0 0 0 0 0 0 0 127 0 0 0 0 0 130120 154724.645
0.0000000000 0.0000000000 0 0 0 0 0 0 0 0 127 0 0 0 0 0 130120 154724.696
0.0000000000 0.0000000000 0 0 0 0 0 0 0 0 127 0 0 0 0 0 130120 154724.746
0.0000000000 0.0000000000 0 0 0 0 0 0 0 0 127 0 0 0 0 0 130120 154724.796
0.0000000000 0.0000000000 0 0 0 0 0 0 0 0 127 0 0 0 0 0 130120 154724.846
0.0000000000 0.0000000000 0 0 0 0 0 0 0 0 127 0 0 0 0 0 130120 154724.897
0.0000000000 0.0000000000 0 0 0 0 0 0 0 0 127 0 0 0 0 0 130120 154724.947
0.0000000000 0.0000000000 0 0 0 0 0 0 0 0 127 0 0 0 0 0 130120 154724.997
0.0000000000 0.0000000000 0 0 0 0 0 0 0 0 127 0 0 0 0 0 130120 154725.047
0.0000000000 0.0000000000 0 0 0 0 0 0 0 0 127 0 0 0 0 0 130120 154725.098
0.0000000000 0.0000000000 0 0 0 0 0 0 0 0 127 0 0 0 0 0 130120 154725.148
0.0000000000 0.0000000000 0 0 0 0 0 0 0 0 127 0 0 0 0 0 130120 154725.198
0.0000000000 0.0000000000 0 0 0 0 0 0 0 0 127 0 0 0 0 0 130120 154725.248
0.0000000000 0.0000000000 0 0 0 0 0 0 0 0 127 0 0 0 0 0 130120 154725.299
0.0000000000 0.0000000000 0 0 0 0 0 0 0 0 127 0 0 0 0 0 130120 154725.349
0.0000000000 0.0000000000 0 0 0 0 0 0 0 0 127 0 0 0 0 0 130120 154725.399
0.0000000000 0.0000000000 0 0 0 0 0 0 0 0 127 0 0 0 0 0 130120 154725.450
0.0000000000 0.0000000000 0 0 0 0 0 0 0 0 127 0 0 0 0 0 130120 154725.500
0.0000000000 0.0000000000 0 0 0 0 0 0 0 0 127 0 0 0 0 0 130120 154725.550
0.0000000000 0.0000000000 0 0 0 0 0 0 0 0 127 0 0 0 0 0 130120 154725.600
0.0000000000 0.0000000000 0 0 0 0 0 0 0 0 127 0 0 0 0 0 130120 154725.651
0.0000000000 0.0000000000 0 0 0 0 0 0 0 0 127 0 0 0 0 0 130120 154725.701
0.0000000000 0.0000000000 0 0 0 0 0 0 0 0 127 0 0 0 0 0 130120 154725.751
0.0000000000 0.0000000000 0 0 0 0 0 0 0 0 127 0 0 0 0 0 130120 154725.802
0.0000000000 0.0000000000 0 0 0 0 0 0 0 0 127 0 0 0 0 0 130120 154725.852
0.0000000000 0.0000000000 0 0 0 0 0 0 0 0 127 0 0 0 0 0 130120 154725.902
0.0000000000 0.0000000000 0 0 0 0 0 0 0 0 127 0 0 0 0 0 130120 154725.952
0.0000000000 0.0000000000 0 0 0 0 0 0 0 0 127 0 0 0 0 0 130120 154726.003
0.0000000000 0.0000000000 0 0 0 0 0 0 0 0 127 0 0 0 0 0 130120 154726.053
0.0000000000 0.0000000000 0 0 0 0 0 0 0 0 127 0 0 0 0 0 130120 154726.103
0.0000000000 0.0000000000 0 0 0 0 0 0 0 0 127 0 0 0 0 0 130120 154726.153
0.0000000000 0.0000000000 0 0 0 0 0 0 0 0 127 0 0 0 0 0 130120 154726.204
0.0000000000 0.0000000000 0 0 0 0 0 0 0 0 127 0 0 0 0 0 130120 154726.254
0.0000000000 0.0000000000 0 0 0 0 0 0 0 0 127 0 0 0 0 0 130120 154726.304
0.0000000000 0.0000000000 0 0 0 0 0 0 0 0 127 0 0 0 0 0 130120 154726.355
0.0000000000 0.0000000000 0 0 0 0 0 0 0 0 127 0 0 0 0 0 130120 154726.405
0.0000000000 0.0000000000 0 0 0 0 0 0 0 0 127 0 0 0 0 0 130120 154726.455
0.0000000000 0.0000000000 0 0 0 0 0 0 0 0 127 0 0 0 0 0 130120 154726.505
0.0000000000 0.0000000000 0 0 0 0 0 0 0 0 127 0 0 0 0 0 130120 154726.556
0.0000000000 0.0000000000 0 0 0 0 0 0 0 0 127 0 0 0 0 0 130120 154726.606
0.0000000000 0.0000000000 0 0 0 0 0 0 0 0 127 0 0 0 0 0 130120 154726.656
0.0000000000 0.0000000000 0 0 0 0 0 0 0 0 127 0 0 0 0 0 130120 154726.706
0.0000000000 0.0000000000 0 0 0 0 0 0 0 0 127 0 0 0 0 0 130120 154726.756
0.0000000000 0.0000000000 0 0 0 0 0 0 0 0 127 0 0 0 0 0 130120 154726.807
0.0000000000 0.0000000000 0 0 0 0 0 0 0 0 127 0 0 0 0 0 130120 154726.857
0.0000000000 0.0000000000 0 0 0 0 0 0 0 0 127 0 0 0 0 0 130120 154726.907
0.0000000000 0.0000000000 0 0 0 0 0 0 0 0 127 0 0 0 0 0 130120 154726.957
0.0000000000 0.0000000000 0 0 0 0 0 0 0 0 127 0 0 0 0 0 130120 154727.007
0.0000000000 0.0000000000 0 0 0 0 0 0 0 0 127 0 0 0 0 0 130120 154727.058
0.0000000000 0.0000000000 0 0 0 0 0 0 0 0 127 0 0 0 0 0 130120 154727.108
0.0000000000 0.0000000000 0 0 0 0 0 0 0 0 127 0 0 0 0 0 130120 154727.158
0.0000000000 0.0000000000 0 0 0 0 0 0 0 0 127 0 0 0 0 0 130120 154727.208
0.0000000000 0.0000000000 0 0 0 0 0 0 0 0 127 0 0 0 0 0 130120 154727.259
0.0000000000 0.0000000000 0 0 0 0 0 0 0 0 127 0 0 0 0 0 130120 154727.309
0.0000000000 0.0000000000 0 0 0 0 0 0 0 0 127 0 0 0 0 0 130120 154727.359
0.0000000000 0.0000000000 0 0 0 0 0 0 0 0 127 0 0 0 0 0 130120 154727.409
0.0000000000 0.0000000000 0 0 0 0 0 0 0 0 127 0 0 0 0 0 130120 154727.460
0.0000000000 0.0000000000 0 0 0 0 0 0 0 0 127 0 0 0 0 0 130120 154727.510
0.0000000000 0.0000000000 0 0 0 0 0 0 0 0 127 0 0 0 0 0 130120 154727.560
0.0000000000 0.0000000000 0 0 0 0 0 0 0 0 127 0 0 0 0 0 130120 154727.610
0.0000000000 0.0000000000 0 0 0 0 0 0 0 0 127 0 0 0 0 0 130120 154727.661
0.0000000000 0.0000000000 0 0 0 0 0 0 0 0 127 0 0 0 0 0 130120 154727.711
0.0000000000 0.0000000000 0 0 0 0 0 0 0 0 127 0 0 0 0 0 130120 154727.761
0.0000000000 0.0000000000 0 0 0 0 0 0 0 0 127 0 0 0 0 0 130120 154727.811
0.0000000000 0.0000000000 0 0 0 0 0 0 0 0 127 0 0 0 0 0 130120 154727.861
0.0000000000 0.0000000000 0 0 0 0 0 0 0 0 127 0 0 0 0 0 130120 154727.912
0.0000000000 0.0000000000 0 0 0 0 0 0 0 0 127 0 0 0 0 0 130120 154727.962
0.0000000000 0.0000000000 0 0 0 0 0 0 0 0 127 0 0 0 0 0 130120 154728.012
0.0000000000 0.0000000000 0 0 0 0 0 0 0 0 127 0 0 0 0 0 130120 154728.062
0.0000000000 0.0000000000 0 0 0 0 0 0 0 0 127 0 0 0 0 0 130120 154728.113
0.0000000000 0.0000000000 0 0 0 0 0 0 0 0 127 0 0 0 0 0 130120 154728.163
0.0000000000 0.0000000000 0 0 0 0 0 0 0 0 127 0 0 0 0 0 130120 154728.213
0.0000000000 0.0000000000 0 0 0 0 0 0 0 0 127 0 0 0 0 0 130120 154728.263
0.0000000000 0.0000000000 0 0 0 0 0 0 0 0 127 0 0 0 0 0 130120 154728.314
0.0000000000 0.0000000000 0 0 0 0 0 0 0 0 127 0 0 0 0 0 130120 154728.364
0.0000000000 0.0000000000 0 0 0 0 0 0 0 0 127 0 0 0 0 0 130120 154728.414
0.0000000000 0.0000000000 0 0 0 0 0 0 0 0 127 0 0 0 0 0 130120 154728.464
0.0000000000 0.0000000000 0 0 0 0 0 0 0 0 127 0 0 0 0 0 130120 154728.515
0.0000000000 0.0000000000 0 0 0 0 0 0 0 0 127 0 0 0 0 0 130120 154728.565
0.0000000000 0.0000000000 0 0 0 0 0 0 0 0 127 0 0 0 0 0 130120 154728.615
0.0000000000 0.0000000000 0 0 0 0 0 0 0 0 127 0 0 0 0 0 130120 154728.665
0.0000000000 0.0000000000 0 0 0 0 0 0 0 0 127 0 0 0 0 0 130120 154728.715
0.0000000000 0.0000000000 0 0 0 0 0 0 0 0 127 0 0 0 0 0 130120 154728.766
0.0000000000 0.0000000000 0 0 0 0 0 0 0 0 127 0 0 0 0 0 130120 154728.816
0.0000000000 0.0000000000 0 0 0 0 0 0 0 0 127 0 0 0 0 0 130120 154728.866
0.0000000000 0.0000000000 0 0 0 0 0 0 0 0 127 0 0 0 0 0 130120 154728.916
0.0000000000 0.0000000000 0 0 0 0 0 0 0 0 127 0 0 0 0 0 130120 154728.967
0.0000000000 0.0000000000 0 0 0 0 0 0 0 0 127 0 0 0 0 0 130120 154729.017
0.0000000000 0.0000000000 0 0 0 0 0 0 0 0 127 0 0 0 0 0 130120 154729.067
0.0000000000 0.0000000000 0 0 0 0 0 0 0 0 127 0 0 0 0 0 130120 154729.117
0.0000000000 0.0000000000 0 0 0 0 0 0 0 0 127 0 0 0 0 0 130120 154729.168
0.0000000000 0.0000000000 0 0 0 0 0 0 0 0 127 0 0 0 0 0 130120 154729.218
0.0000000000 0.0000000000 0 0 0 0 0 0 0 0 127 0 0 0 0 0 130120 154729.268
0.0000000000 0.0000000000 0 0 0 0 0 0 0 0 127 0 0 0 0 0 130120 154729.318
0.0000000000 0.0000000000 0 0 0 0 0 0 0 0 127 0 0 0 0 0 130120 154729.368
0.0000000000 0.0000000000 0 0 0 0 0 0 0 0 127 0 0 0 0 0 130120 154729.419
0.0000000000 0.0000000000 0 0 0 0 0 0 0 0 127 0 0 0 0 0 130120 154729.469
0.0000000000 0.0000000000 0 0 0 0 0 0 0 0 127 0 0 0 0 0 130120 154729.519
0.0000000000 0.0000000000 0 0 0 0 0 0 0 0 127 0 0 0 0 0 130120 154729.569
0.0000000000 0.0000000000 0 0 0 0 0 0 0 0 127 0 0 0 0 0 130120 154729.619
0.0000000000 0.0000000000 0 0 0 0 0 0 0 0 127 0 0 0 0 0 130120 154729.670
0.0000000000 0.0000000000 0 0 0 0 0 0 0 0 127 0 0 0 0 0 130120 154729.720
0.0000000000 0.0000000000 0 0 0 0 0 0 0 0 127 0 0 0 0 0 130120 154729.770
0.0000000000 0.0000000000 0 0 0 0 0 0 0 0 127 0 0 0 0 0 130120 154729.820
0.0000000000 0.0000000000 0 0 0 0 0 0 0 0 127 0 0 0 0 0 130120 154729.870
0.0000000000 0.0000000000 0 0 0 0 0 0 0 0 127 0 0 0 0 0 130120 154729.921
0.0000000000 0.0000000000 0 0 0 0 0 0 0 0 127 0 0 0 0 0 130120 154729.971
0.0000000000 0.0000000000 0 0 0 0 0 0 0 0 127 0 0 0 0 0 130120 154730.021
0.0000000000 0.0000000000 0 0 0 0 0 0 0 0 127 0 0 0 0 0 130120 154730.072
0.0000000000 0.0000000000 0 0 0 0 0 0 0 0 127 0 0 0 0 0 130120 154730.122
0.0000000000 0.0000000000 0 0 0 0 0 0 0 0 127 0 0 0 0 0 130120 154730.172
0.0000000000 0.0000000000 0 0 0 0 0 0 0 0 127 0 0 0 0 0 130120 154730.222
0.0000000000 0.0000000000 0 0 0 0 0 0 0 0 127 0 0 0 0 0 130120 154730.272
0.0000000000 0.0000000000 0 0 0 0 0 0 0 0 127 0 0 0 0 0 130120 154730.323
0.0000000000 0.0000000000 0 0 0 0 0 0 0 0 127 0 0 0 0 0 130120 154730.373
0.0000000000 0.0000000000 0 0 0 0 0 0 0 0 127 0 0 0 0 0 130120 154730.423
0.0000000000 0.0000000000 0 0 0 0 0 0 0 0 127 0 0 0 0 0 130120 154730.473
0.0000000000 0.0000000000 0 0 0 0 0 0 0 0 127 0 0 0 0 0 130120 154730.524
0.0000000000 0.0000000000 0 0 0 0 0 0 0 0 127 0 0 0 0 0 130120 154730.574
0.0000000000 0.0000000000 0 0 0 0 0 0 0 0 127 0 0 0 0 0 130120 154730.624
0.0000000000 0.0000000000 0 0 0 0 0 0 0 0 127 0 0 0 0 0 130120 154730.674
0.0000000000 0.0000000000 0 0 0 0 0 0 0 0 127 0 0 0 0 0 130120 154730.724
0.0000000000 0.0000000000 0 0 0 0 0 0 0 0 127 0 0 0 0 0 130120 154730.775
0.0000000000 0.0000000000 0 0 0 0 0 0 0 0 127 0 0 0 0 0 130120 154730.825
0.0000000000 0.0000000000 0 0 0 0 0 0 0 0 127 0 0 0 0 0 130120 154730.875
0.0000000000 0.0000000000 0 0 0 0 0 0 0 0 127 0 0 0 0 0 130120 154730.925
0.0000000000 0.0000000000 0 0 0 0 0 0 0 0 127 0 0 0 0 0 130120 154730.976
0.0000000000 0.0000000000 0 0 0 0 0 0 0 0 127 0 0 0 0 0 130120 154731.026
0.0000000000 0.0000000000 0 0 0 0 0 0 0 0 127 0 0 0 0 0 130120 154731.076
0.0000000000 0.0000000000 0 0 0 0 0 0 0 0 127 0 0 0 0 0 130120 154731.127
0.0000000000 0.0000000000 0 0 0 0 0 0 0 0 127 0 0 0 0 0 130120 154731.177
0.0000000000 0.0000000000 0 0 0 0 0 0 0 0 127 0 0 0 0 0 130120 154731.227
0.0000000000 0.0000000000 0 0 0 0 0 0 0 0 127 0 0 0 0 0 130120 154731.277
0.0000000000 0.0000000000 0 0 0 0 0 0 0 0 127 0 0 0 0 0 130120 154731.327
0.0000000000 0.0000000000 0 0 0 0 0 0 0 0 127 0 0 0 0 0 130120 154731.378
0.0000000000 0.0000000000 0 0 0 0 0 0 0 0 127 0 0 0 0 0 130120 154731.428
0.0000000000 0.0000000000 0 0 0 0 0 0 0 0 127 0 0 0 0 0 130120 154731.478
0.0000000000 0.0000000000 0 0 0 0 0 0 0 0 127 0 0 0 0 0 130120 154731.528
0.0000000000 0.0000000000 0 0 0 0 0 0 0 0 127 0 0 0 0 0 130120 154731.578
0.0000000000 0.0000000000 0 0 0 0 0 0 0 0 127 0 0 0 0 0 130120 154731.629
0.0000000000 0.0000000000 0 0 0 0 0 0 0 0 127 0 0 0 0 0 130120 154731.679
0.0000000000 0.0000000000 0 0 0 0 0 0 0 0 127 0 0 0 0 0 130120 154731.729
0.0000000000 0.0000000000 0 0 0 0 0 0 0 0 127 0 0 0 0 0 130120 154731.779
0.0000000000 0.0000000000 0 0 0 0 0 0 0 0 127 0 0 0 0 0 130120 154731.829
0.0000000000 0.0000000000 0 0 0 0 0 0 0 0 127 0 0 0 0 0 130120 154731.880
0.0000000000 0.0000000000 0 0 0 0 0 0 0 0 127 0 0 0 0 0 130120 154731.930
0.0000000000 0.0000000000 0 0 0 0 0 0 0 0 127 0 0 0 0 0 130120 154731.980
0.0000000000 0.0000000000 0 0 0 0 0 0 0 0 127 0 0 0 0 0 130120 154732.030
0.0000000000 0.0000000000 0 0 0 0 0 0 0 0 127 0 0 0 0 0 130120 154732.081
0.0000000000 0.0000000000 0 0 0 0 0 0 0 0 127 0 0 0 0 0 130120 154732.131
0.0000000000 0.0000000000 0 0 0 0 0 0 0 0 127 0 0 0 0 0 130120 154732.181
0.0000000000 0.0000000000 0 0 0 0 0 0 0 0 127 0 0 0 0 0 130120 154732.231
0.0000000000 0.0000000000 0 0 0 0 0 0 0 0 127 0 0 0 0 0 130120 154732.281
0.0000000000 0.0000000000 0 0 0 0 0 0 0 0 127 0 0 0 0 0 130120 154732.332
0.0000000000 0.0000000000 0 0 0 0 0 0 0 0 127 0 0 0 0 0 130120 154732.382
0.0000000000 0.0000000000 0 0 0 0 0 0 0 0 127 0 0 0 0 0 130120 154732.432
0.0000000000 0.0000000000 0 0 0 0 0 0 0 0 127 0 0 0 0 0 130120 154732.482
0.0000000000 0.0000000000 0 0 0 0 0 0 0 0 127 0 0 0 0 0 130120 154732.532
0.0000000000 0.0000000000 0 0 0 0 0 0 0 0 127 0 0 0 0 0 130120 154732.583
0.0000000000 0.0000000000 0 0 0 0 0 0 0 0 127 0 0 0 0 0 130120 154732.633
0.0000000000 0.0000000000 0 0 0 0 0 0 0 0 127 0 0 0 0 0 130120 154732.683
0.0000000000 0.0000000000 0 0 0 0 0 0 0 0 127 0 0 0 0 0 130120 154732.733
0.0000000000 0.0000000000 0 0 0 0 0 0 0 0 127 0 0 0 0 0 130120 154732.783
0.0000000000 0.0000000000 0 0 0 0 0 0 0 0 127 0 0 0 0 0 130120 154732.834
0.0000000000 0.0000000000 0 0 0 0 0 0 0 0 127 0 0 0 0 0 130120 154732.884
0.0000000000 0.0000000000 0 0 0 0 0 0 0 0 127 0 0 0 0 0 130120 154732.934
0.0000000000 0.0000000000 0 0 0 0 0 0 0 0 127 0 0 0 0 0 130120 154732.984
0.0000000000 0.0000000000 0 0 0 0 0 0 0 0 127 0 0 0 0 0 130120 154733.035
0.0000000000 0.0000000000 0 0 0 0 0 0 0 0 127 0 0 0 0 0 130120 154733.085
0.0000000000 0.0000000000 0 0 0 0 0 0 0 0 127 0 0 0 0 0 130120 154733.135
0.0000000000 0.0000000000 0 0 0 0 0 0 0 0 127 0 0 0 0 0 130120 154733.185
0.0000000000 0.0000000000 0 0 0 0 0 0 0 0 127 0 0 0 0 0 130120 154733.235
0.0000000000 0.0000000000 0 0 0 0 0 0 0 0 127 0 0 0 0 0 130120 154733.286
0.0000000000 0.0000000000 0 0 0 0 0 0 0 0 127 0 0 0 0 0 130120 154733.336
0.0000000000 0.0000000000 0 0 0 0 0 0 0 0 127 0 0 0 0 0 130120 154733.386
0.0000000000 0.0000000000 0 0 0 0 0 0 0 0 127 0 0 0 0 0 130120 154733.436
0.0000000000 0.0000000000 0 0 0 0 0 0 0 0 127 0 0 0 0 0 130120 154733.487
0.0000000000 0.0000000000 0 0 0 0 0 0 0 0 127 0 0 0 0 0 130120 154733.537
0.0000000000 0.0000000000 0 0 0 0 0 0 0 0 127 0 0 0 0 0 130120 154733.587
0.0000000000 0.0000000000 0 0 0 0 0 0 0 0 127 0 0 0 0 0 130120 154733.637
0.0000000000 0.0000000000 0 0 0 0 0 0 0 0 127 0 0 0 0 0 130120 154733.687
0.0000000000 0.0000000000 0 0 0 0 0 0 0 0 127 0 0 0 0 0 130120 154733.738
0.0000000000 0.0000000000 0 0 0 0 0 0 0 0 127 0 0 0 0 0 130120 154733.788
0.0000000000 0.0000000000 0 0 0 0 0 0 0 0 127 0 0 0 0 0 130120 154733.838
0.0000000000 0.0000000000 0 0 0 0 0 0 0 0 127 0 0 0 0 0 130120 154733.888
0.0000000000 0.0000000000 0 0 0 0 0 0 0 0 127 0 0 0 0 0 130120 154733.938
0.0000000000 0.0000000000 0 0 0 0 0 0 0 0 127 0 0 0 0 0 130120 154733.989
0.0000000000 0.0000000000 0 0 0 0 0 0 0 0 127 0 0 0 0 0 130120 154734.039
0.0000000000 0.0000000000 0 0 0 0 0 0 0 0 127 0 0 0 0 0 130120 154734.089
0.0000000000 0.0000000000 0 0 0 0 0 0 0 0 127 0 0 0 0 0 130120 154734.139
0.0000000000 0.0000000000 0 0 0 0 0 0 0 0 127 0 0 0 0 0 130120 154734.190
0.0000000000 0.0000000000 0 0 0 0 0 0 0 0 127 0 0 0 0 0 130120 154734.240
0.0000000000 0.0000000000 0 0 0 0 0 0 0 0 127 0 0 0 0 0 130120 154734.290
0.0000000000 0.0000000000 0 0 0 0 0 0 0 0 127 0 0 0 0 0 130120 154734.340
0.0000000000 0.0000000000 0 0 0 0 0 0 0 0 127 0 0 0 0 0 130120 154734.391
0.0000000000 0.0000000000 0 0 0 0 0 0 0 0 127 0 0 0 0 0 130120 154734.441
0.0000000000 0.0000000000 0 0 0 0 0 0 0 0 127 0 0 0 0 0 130120 154734.491
0.0000000000 0.0000000000 0 0 0 0 0 0 0 0 127 0 0 0 0 0 130120 154734.541
0.0000000000 0.0000000000 0 0 0 0 0 0 0 0 127 0 0 0 0 0 130120 154734.591
0.0000000000 0.0000000000 0 0 0 0 0 0 0 0 127 0 0 0 0 0 130120 154734.642
0.0000000000 0.0000000000 0 0 0 0 0 0 0 0 127 0 0 0 0 0 130120 154734.692
0.0000000000 0.0000000000 0 0 0 0 0 0 0 0 127 0 0 0 0 0 130120 154734.742
0.0000000000 0.0000000000 0 0 0 0 0 0 0 0 127 0 0 0 0 0 130120 154734.792
0.0000000000 0.0000000000 0 0 0 0 0 0 0 0 127 0 0 0 0 0 130120 154734.843
0.0000000000 0.0000000000 0 0 0 0 0 0 0 0 127 0 0 0 0 0 130120 154734.893
0.0000000000 0.0000000000 0 0 0 0 0 0 0 0 127 0 0 0 0 0 130120 154734.943
0.0000000000 0.0000000000 0 0 0 0 0 0 0 0 127 0 0 0 0 0 130120 154734.993
0.0000000000 0.0000000000 0 0 0 0 0 0 0 0 127 0 0 0 0 0 130120 154735.044
0.0000000000 0.0000000000 0 0 0 0 0 0 0 0 127 0 0 0 0 0 130120 154735.094
0.0000000000 0.0000000000 0 0 0 0 0 0 0 0 127 0 0 0 0 0 130120 154735.144
0.0000000000 0.0000000000 0 0 0 0 0 0 0 0 127 0 0 0 0 0 130120 154735.194
0.0000000000 0.0000000000 0 0 0 0 0 0 0 0 127 0 0 0 0 0 130120 154735.245
0.0000000000 0.0000000000 0 0 0 0 0 0 0 0 127 0 0 0 0 0 130120 154735.295
0.0000000000 0.0000000000 0 0 0 0 0 0 0 0 127 0 0 0 0 0 130120 154735.345
0.0000000000 0.0000000000 0 0 0 0 0 0 0 0 127 0 0 0 0 0 130120 154735.395
0.0000000000 0.0000000000 0 0 0 0 0 0 0 0 127 0 0 0 0 0 130120 154735.445
0.0000000000 0.0000000000 0 0 0 0 0 0 0 0 127 0 0 0 0 0 130120 154735.496
0.0000000000 0.0000000000 0 0 0 0 0 0 0 0 127 0 0 0 0 0 130120 154735.546
0.0000000000 0.0000000000 0 0 0 0 0 0 0 0 127 0 0 0 0 0 130120 154735.596
0.0000000000 0.0000000000 0 0 0 0 0 0 0 0 127 0 0 0 0 0 130120 154735.646
0.0000000000 0.0000000000 0 0 0 0 0 0 0 0 127 0 0 0 0 0 130120 154735.697
0.0000000000 0.0000000000 0 0 0 0 0 0 0 0 127 0 0 0 0 0 130120 154735.747
0.0000000000 0.0000000000 0 0 0 0 0 0 0 0 127 0 0 0 0 0 130120 154735.797
0.0000000000 0.0000000000 0 0 0 0 0 0 0 0 127 0 0 0 0 0 130120 154735.847
0.0000000000 0.0000000000 0 0 0 0 0 0 0 0 127 0 0 0 0 0 130120 154735.897
0.0000000000 0.0000000000 0 0 0 0 0 0 0 0 127 0 0 0 0 0 130120 154735.948
0.0000000000 0.0000000000 0 0 0 0 0 0 0 0 127 0 0 0 0 0 130120 154735.998
0.0000000000 0.0000000000 0 0 0 0 0 0 0 0 127 0 0 0 0 0 130120 154736.048
0.0000000000 0.0000000000 0 0 0 0 0 0 0 0 127 0 0 0 0 0 130120 154736.098
0.0000000000 0.0000000000 0 0 0 0 0 0 0 0 127 0 0 0 0 0 130120 154736.149
0.0000000000 0.0000000000 0 0 0 0 0 0 0 0 127 0 0 0 0 0 130120 154736.199
0.0000000000 0.0000000000 0 0 0 0 0 0 0 0 127 0 0 0 0 0 130120 154736.249
0.0000000000 0.0000000000 0 0 0 0 0 0 0 0 127 0 0 0 0 0 130120 154736.299
0.0000000000 0.0000000000 0 0 0 0 0 0 0 0 127 0 0 0 0 0 130120 154736.349
0.0000000000 0.0000000000 0 0 0 0 0 0 0 0 127 0 0 0 0 0 130120 154736.400
0.0000000000 0.0000000000 0 0 0 0 0 0 0 0 127 0 0 0 0 0 130120 154736.450
0.0000000000 0.0000000000 0 0 0 0 0 0 0 0 127 0 0 0 0 0 130120 154736.500
0.0000000000 0.0000000000 0 0 0 0 0 0 0 0 127 0 0 0 0 0 130120 154736.550
0.0000000000 0.0000000000 0 0 0 0 0 0 0 0 127 0 0 0 0 0 130120 154736.601
0.0000000000 0.0000000000 0 0 0 0 0 0 0 0 127 0 0 0 0 0 130120 154736.651
0.0000000000 0.0000000000 0 0 0 0 0 0 0 0 127 0 0 0 0 0 130120 154736.701
0.0000000000 0.0000000000 0 0 0 0 0 0 0 0 127 0 0 0 0 0 130120 154736.751
0.0000000000 0.0000000000 0 0 0 0 0 0 0 0 127 0 0 0 0 0 130120 154736.802
0.0000000000 0.0000000000 0 0 0 0 0 0 0 0 127 0 0 0 0 0 130120 154736.852
0.0000000000 0.0000000000 0 0 0 0 0 0 0 0 127 0 0 0 0 0 130120 154736.902
0.0000000000 0.0000000000 0 0 0 0 0 0 0 0 127 0 0 0 0 0 130120 154736.952
0.0000000000 0.0000000000 0 0 0 0 0 0 0 0 127 0 0 0 0 0 130120 154737.003
0.0000000000 0.0000000000 0 0 0 0 0 0 0 0 127 0 0 0 0 0 130120 154737.053
0.0000000000 0.0000000000 0 0 0 0 0 0 0 0 127 0 0 0 0 0 130120 154737.103
0.0000000000 0.0000000000 0 0 0 0 0 0 0 0 127 0 0 0 0 0 130120 154737.153
0.0000000000 0.0000000000 0 0 0 0 0 0 0 0 127 0 0 0 0 0 130120 154737.203
0.0000000000 0.0000000000 0 0 0 0 0 0 0 0 127 0 0 0 0 0 130120 154737.254
0.0000000000 0.0000000000 0 0 0 0 0 0 0 0 127 0 0 0 0 0 130120 154737.304
0.0000000000 0.0000000000 0 0 0 0 0 0 0 0 127 0 0 0 0 0 130120 154737.354
0.0000000000 0.0000000000 0 0 0 0 0 0 0 0 127 0 0 0 0 0 130120 154737.404
0.0000000000 0.0000000000 0 0 0 0 0 0 0 0 127 0 0 0 0 0 130120 154737.455
0.0000000000 0.0000000000 0 0 0 0 0 0 0 0 127 0 0 0 0 0 130120 154737.505
0.0000000000 0.0000000000 0 0 0 0 0 0 0 0 127 0 0 0 0 0 130120 154737.555
0.0000000000 0.0000000000 0 0 0 0 0 0 0 0 127 0 0 0 0 0 130120 154737.605
0.0000000000 0.0000000000 0 0 0 0 0 0 0 0 127 0 0 0 0 0 130120 154737.656
0.0000000000 0.0000000000 0 0 0 0 0 0 0 0 127 0 0 0 0 0 130120 154737.706
0.0000000000 0.0000000000 0 0 0 0 0 0 0 0 127 0 0 0 0 0 130120 154737.756
0.0000000000 0.0000000000 0 0 0 0 0 0 0 0 127 0 0 0 0 0 130120 154737.806
0.0000000000 0.0000000000 0 0 0 0 0 0 0 0 127 0 0 0 0 0 130120 154737.856
0.0000000000 0.0000000000 0 0 0 0 0 0 0 0 127 0 0 0 0 0 130120 154737.907
0.0000000000 0.0000000000 0 0 0 0 0 0 0 0 127 0 0 0 0 0 130120 154737.957
0.0000000000 0.0000000000 0 0 0 0 0 0 0 0 127 0 0 0 0 0 130120 154738.007
0.0000000000 0.0000000000 0 0 0 0 0 0 0 0 127 0 0 0 0 0 130120 154738.057
0.0000000000 0.0000000000 0 0 0 0 0 0 0 0 127 0 0 0 0 0 130120 154738.108
0.0000000000 0.0000000000 0 0 0 0 0 0 0 0 127 0 0 0 0 0 130120 154738.158
0.0000000000 0.0000000000 0 0 0 0 0 0 0 0 127 0 0 0 0 0 130120 154738.208
0.0000000000 0.0000000000 0 0 0 0 0 0 0 0 127 0 0 0 0 0 130120 154738.258
0.0000000000 0.0000000000 0 0 0 0 0 0 0 0 127 0 0 0 0 0 130120 154738.308
0.0000000000 0.0000000000 0 0 0 0 0 0 0 0 127 0 0 0 0 0 130120 154738.358
0.0000000000 0.0000000000 0 0 0 0 0 0 0 0 127 0 0 0 0 0 130120 154738.409
0.0000000000 0.0000000000 0 0 0 0 0 0 0 0 127 0 0 0 0 0 130120 154738.459
0.0000000000 0.0000000000 0 0 0 0 0 0 0 0 127 0 0 0 0 0 130120 154738.509
0.0000000000 0.0000000000 0 0 0 0 0 0 0 0 127 0 0 0 0 0 130120 154738.559
0.0000000000 0.0000000000 0 0 0 0 0 0 0 0 127 0 0 0 0 0 130120 154738.609
0.0000000000 0.0000000000 0 0 0 0 0 0 0 0 127 0 0 0 0 0 130120 154738.659
0.0000000000 0.0000000000 0 0 0 0 0 0 0 0 127 0 0 0 0 0 130120 154738.710
0.0000000000 0.0000000000 0 0 0 0 0 0 0 0 127 0 0 0 0 0 130120 154738.760
0.0000000000 0.0000000000 0 0 0 0 0 0 0 0 127 0 0 0 0 0 130120 154738.810
0.0000000000 0.0000000000 0 0 0 0 0 0 0 0 127 0 0 0 0 0 130120 154738.860
0.0000000000 0.0000000000 0 0 0 0 0 0 0 0 127 0 0 0 0 0 130120 154738.911
0.0000000000 0.0000000000 0 0 0 0 0 0 0 0 127 0 0 0 0 0 130120 154738.961
0.0000000000 0.0000000000 0 0 0 0 0 0 0 0 127 0 0 0 0 0 130120 154739.011
0.0000000000 0.0000000000 0 0 0 0 0 0 0 0 127 0 0 0 0 0 130120 154739.061
0.0000000000 0.0000000000 0 0 0 0 0 0 0 0 127 0 0 0 0 0 130120 154739.112
0.0000000000 0.0000000000 0 0 0 0 0 0 0 0 127 0 0 0 0 0 130120 154739.162
0.0000000000 0.0000000000 0 0 0 0 0 0 0 0 127 0 0 0 0 0 130120 154739.212
0.0000000000 0.0000000000 0 0 0 0 0 0 0 0 127 0 0 0 0 0 130120 154739.262
0.0000000000 0.0000000000 0 0 0 0 0 0 0 0 127 0 0 0 0 0 130120 154739.312
0.0000000000 0.0000000000 0 0 0 0 0 0 0 0 127 0 0 0 0 0 130120 154739.363
0.0000000000 0.0000000000 0 0 0 0 0 0 0 0 127 0 0 0 0 0 130120 154739.413
0.0000000000 0.0000000000 0 0 0 0 0 0 0 0 127 0 0 0 0 0 130120 154739.463
0.0000000000 0.0000000000 0 0 0 0 0 0 0 0 127 0 0 0 0 0 130120 154739.513
0.0000000000 0.0000000000 0 0 0 0 0 0 0 0 127 0 0 0 0 0 130120 154739.564
0.0000000000 0.0000000000 0 0 0 0 0 0 0 0 127 0 0 0 0 0 130120 154739.614
0.0000000000 0.0000000000 0 0 0 0 0 0 0 0 127 0 0 0 0 0 130120 154739.664
0.0000000000 0.0000000000 0 0 0 0 0 0 0 0 127 0 0 0 0 0 130120 154739.714
0.0000000000 0.0000000000 0 0 0 0 0 0 0 0 127 0 0 0 0 0 130120 154739.764
0.0000000000 0.0000000000 0 0 0 0 0 0 0 0 127 0 0 0 0 0 130120 154739.815
0.0000000000 0.0000000000 0 0 0 0 0 0 0 0 127 0 0 0 0 0 130120 154739.865
0.0000000000 0.0000000000 0 0 0 0 0 0 0 0 127 0 0 0 0 0 130120 154739.915
0.0000000000 0.0000000000 0 0 0 0 0 0 0 0 127 0 0 0 0 0 130120 154739.965
0.0000000000 0.0000000000 0 0 0 0 0 0 0 0 127 0 0 0 0 0 130120 154740.015
0.0000000000 0.0000000000 0 0 0 0 0 0 0 0 127 0 0 0 0 0 130120 154740.066
0.0000000000 0.0000000000 0 0 0 0 0 0 0 0 127 0 0 0 0 0 130120 154740.116
0.0000000000 0.0000000000 0 0 0 0 0 0 0 0 127 0 0 0 0 0 130120 154740.166
0.0000000000 0.0000000000 0 0 0 0 0 0 0 0 127 0 0 0 0 0 130120 154740.216
0.0000000000 0.0000000000 0 0 0 0 0 0 0 0 127 0 0 0 0 0 130120 154740.267
0.0000000000 0.0000000000 0 0 0 0 0 0 0 0 127 0 0 0 0 0 130120 154740.317
0.0000000000 0.0000000000 0 0 0 0 0 0 0 0 127 0 0 0 0 0 130120 154740.367
0.0000000000 0.0000000000 0 0 0 0 0 0 0 0 127 0 0 0 0 0 130120 154740.417
0.0000000000 0.0000000000 0 0 0 0 0 0 0 0 127 0 0 0 0 0 130120 154740.467
0.0000000000 0.0000000000 0 0 0 0 0 0 0 0 127 0 0 0 0 0 130120 154740.518
0.0000000000 0.0000000000 0 0 0 0 0 0 0 0 127 0 0 0 0 0 130120 154740.568
0.0000000000 0.0000000000 0 0 0 0 0 0 0 0 127 0 0 0 0 0 130120 154740.618
0.0000000000 0.0000000000 0 0 0 0 0 0 0 0 127 0 0 0 0 0 130120 154740.668
0.0000000000 0.0000000000 0 0 0 0 0 0 0 0 127 0 0 0 0 0 130120 154740.719
0.0000000000 0.0000000000 0 0 0 0 0 0 0 0 127 0 0 0 0 0 130120 154740.769
0.0000000000 0.0000000000 0 0 0 0 0 0 0 0 127 0 0 0 0 0 130120 154740.819
0.0000000000 0.0000000000 0 0 0 0 0 0 0 0 127 0 0 0 0 0 130120 154740.869
0.0000000000 0.0000000000 0 0 0 0 0 0 0 0 127 0 0 0 0 0 130120 154740.919
0.0000000000 0.0000000000 0 0 0 0 0 0 0 0 127 0 0 0 0 0 130120 154740.970
0.0000000000 0.0000000000 0 0 0 0 0 0 0 0 127 0 0 0 0 0 130120 154741.020
0.0000000000 0.0000000000 0 0 0 0 0 0 0 0 127 0 0 0 0 0 130120 154741.070
0.0000000000 0.0000000000 0 0 0 0 0 0 0 0 127 0 0 0 0 0 130120 154741.120
0.0000000000 0.0000000000 0 0 0 0 0 0 0 0 127 0 0 0 0 0 130120 154741.171
0.0000000000 0.0000000000 0 0 0 0 0 0 0 0 127 0 0 0 0 0 130120 154741.221
0.0000000000 0.0000000000 0 0 0 0 0 0 0 0 127 0 0 0 0 0 130120 154741.271
0.0000000000 0.0000000000 0 0 0 0 0 0 0 0 127 0 0 0 0 0 130120 154741.321
0.0000000000 0.0000000000 0 0 0 0 0 0 0 0 127 0 0 0 0 0 130120 154741.371
0.0000000000 0.0000000000 0 0 0 0 0 0 0 0 127 0 0 0 0 0 130120 154741.422
0.0000000000 0.0000000000 0 0 0 0 0 0 0 0 127 0 0 0 0 0 130120 154741.472
0.0000000000 0.0000000000 0 0 0 0 0 0 0 0 127 0 0 0 0 0 130120 154741.522
0.0000000000 0.0000000000 0 0 0 0 0 0 0 0 127 0 0 0 0 0 130120 154741.572
0.0000000000 0.0000000000 0 0 0 0 0 0 0 0 127 0 0 0 0 0 130120 154741.622
0.0000000000 0.0000000000 0 0 0 0 0 0 0 0 127 0 0 0 0 0 130120 154741.673
0.0000000000 0.0000000000 0 0 0 0 0 0 0 0 127 0 0 0 0 0 130120 154741.723
0.0000000000 0.0000000000 0 0 0 0 0 0 0 0 127 0 0 0 0 0 130120 154741.773
0.0000000000 0.0000000000 0 0 0 0 0 0 0 0 127 0 0 0 0 0 130120 154741.823
0.0000000000 0.0000000000 0 0 0 0 0 0 0 0 127 0 0 0 0 0 130120 154741.873
0.0000000000 0.0000000000 0 0 0 0 0 0 0 0 127 0 0 0 0 0 130120 154741.924
0.0000000000 0.0000000000 0 0 0 0 0 0 0 0 127 0 0 0 0 0 130120 154741.974
0.0000000000 0.0000000000 0 0 0 0 0 0 0 0 127 0 0 0 0 0 130120 154742.024
0.0000000000 0.0000000000 0 0 0 0 0 0 0 0 127 0 0 0 0 0 130120 154742.074
0.0000000000 0.0000000000 0 0 0 0 0 0 0 0 127 0 0 0 0 0 130120 154742.125
0.0000000000 0.0000000000 0 0 0 0 0 0 0 0 127 0 0 0 0 0 130120 154742.175
0.0000000000 0.0000000000 0 0 0 0 0 0 0 0 127 0 0 0 0 0 130120 154742.225
0.0000000000 0.0000000000 0 0 0 0 0 0 0 0 127 0 0 0 0 0 130120 154742.275
0.0000000000 0.0000000000 0 0 0 0 0 0 0 0 127 0 0 0 0 0 130120 154742.325
0.0000000000 0.0000000000 0 0 0 0 0 0 0 0 127 0 0 0 0 0 130120 154742.376
0.0000000000 0.0000000000 0 0 0 0 0 0 0 0 127 0 0 0 0 0 130120 154742.426
0.0000000000 0.0000000000 0 0 0 0 0 0 0 0 127 0 0 0 0 0 130120 154742.476
0.0000000000 0.0000000000 0 0 0 0 0 0 0 0 127 0 0 0 0 0 130120 154742.526
0.0000000000 0.0000000000 0 0 0 0 0 0 0 0 127 0 0 0 0 0 130120 154742.577
0.0000000000 0.0000000000 0 0 0 0 0 0 0 0 127 0 0 0 0 0 130120 154742.627
0.0000000000 0.0000000000 0 0 0 0 0 0 0 0 127 0 0 0 0 0 130120 154742.677
0.0000000000 0.0000000000 0 0 0 0 0 0 0 0 127 0 0 0 0 0 130120 154742.727
0.0000000000 0.0000000000 0 0 0 0 0 0 0 0 127 0 0 0 0 0 130120 154742.778
0.0000000000 0.0000000000 0 0 0 0 0 0 0 0 127 0 0 0 0 0 130120 154742.828
0.0000000000 0.0000000000 0 0 0 0 0 0 0 0 127 0 0 0 0 0 130120 154742.878
0.0000000000 0.0000000000 0 0 0 0 0 0 0 0 127 0 0 0 0 0 130120 154742.928
0.0000000000 0.0000000000 0 0 0 0 0 0 0 0 127 0 0 0 0 0 130120 154742.978
0.0000000000 0.0000000000 0 0 0 0 0 0 0 0 127 0 0 0 0 0 130120 154743.029
0.0000000000 0.0000000000 0 0 0 0 0 0 0 0 127 0 0 0 0 0 130120 154743.079
0.0000000000 0.0000000000 0 0 0 0 0 0 0 0 127 0 0 0 0 0 130120 154743.129
0.0000000000 0.0000000000 0 0 0 0 0 0 0 0 127 0 0 0 0 0 130120 154743.179
0.0000000000 0.0000000000 0 0 0 0 0 0 0 0 127 0 0 0 0 0 130120 154743.229
0.0000000000 0.0000000000 0 0 0 0 0 0 0 0 127 0 0 0 0 0 130120 154743.280
0.0000000000 0.0000000000 0 0 0 0 0 0 0 0 127 0 0 0 0 0 130120 154743.330
0.0000000000 0.0000000000 0 0 0 0 0 0 0 0 127 0 0 0 0 0 130120 154743.380
0.0000000000 0.0000000000 0 0 0 0 0 0 0 0 127 0 0 0 0 0 130120 154743.430
0.0000000000 0.0000000000 0 0 0 0 0 0 0 0 127 0 0 0 0 0 130120 154743.480
0.0000000000 0.0000000000 0 0 0 0 0 0 0 0 127 0 0 0 0 0 130120 154743.530
0.0000000000 0.0000000000 0 0 0 0 0 0 0 0 127 0 0 0 0 0 130120 154743.581
0.0000000000 0.0000000000 0 0 0 0 0 0 0 0 127 0 0 0 0 0 130120 154743.631
0.0000000000 0.0000000000 0 0 0 0 0 0 0 0 127 0 0 0 0 0 130120 154743.681
0.0000000000 0.0000000000 0 0 0 0 0 0 0 0 127 0 0 0 0 0 130120 154743.731
0.0000000000 0.0000000000 0 0 0 0 0 0 0 0 127 0 0 0 0 0 130120 154743.781
0.0000000000 0.0000000000 0 0 0 0 0 0 0 0 127 0 0 0 0 0 130120 154743.832
0.0000000000 0.0000000000 0 0 0 0 0 0 0 0 127 0 0 0 0 0 130120 154743.882
0.0000000000 0.0000000000 0 0 0 0 0 0 0 0 127 0 0 0 0 0 130120 154743.932
0.0000000000 0.0000000000 0 0 0 0 0 0 0 0 127 0 0 0 0 0 130120 154743.982
0.0000000000 0.0000000000 0 0 0 0 0 0 0 0 127 0 0 0 0 0 130120 154744.032
0.0000000000 0.0000000000 0 0 0 0 0 0 0 0 127 0 0 0 0 0 130120 154744.083
0.0000000000 0.0000000000 0 0 0 0 0 0 0 0 127 0 0 0 0 0 130120 154744.133
0.0000000000 0.0000000000 0 0 0 0 0 0 0 0 127 0 0 0 0 0 130120 154744.183
0.0000000000 0.0000000000 0 0 0 0 0 0 0 0 127 0 0 0 0 0 130120 154744.233
0.0000000000 0.0000000000 0 0 0 0 0 0 0 0 127 0 0 0 0 0 130120 154744.283
0.0000000000 0.0000000000 0 0 0 0 0 0 0 0 127 0 0 0 0 0 130120 154744.334
0.0000000000 0.0000000000 0 0 0 0 0 0 0 0 127 0 0 0 0 0 130120 154744.384
0.0000000000 0.0000000000 0 0 0 0 0 0 0 0 127 0 0 0 0 0 130120 154744.434
0.0000000000 0.0000000000 0 0 0 0 0 0 0 0 127 0 0 0 0 0 130120 154744.484
0.0000000000 0.0000000000 0 0 0 0 0 0 0 0 127 0 0 0 0 0 130120 154744.534
0.0000000000 0.0000000000 0 0 0 0 0 0 0 0 127 0 0 0 0 0 130120 154744.585
0.0000000000 0.0000000000 0 0 0 0 0 0 0 0 127 0 0 0 0 0 130120 154744.635
0.0000000000 0.0000000000 0 0 0 0 0 0 0 0 127 0 0 0 0 0 130120 154744.685
0.0000000000 0.0000000000 0 0 0 0 0 0 0 0 127 0 0 0 0 0 130120 154744.735
0.0000000000 0.0000000000 0 0 0 0 0 0 0 0 127 0 0 0 0 0 130120 154744.786
0.0000000000 0.0000000000 0 0 0 0 0 0 0 0 127 0 0 0 0 0 130120 154744.836
0.0000000000 0.0000000000 0 0 0 0 0 0 0 0 127 0 0 0 0 0 130120 154744.886
0.0000000000 0.0000000000 0 0 0 0 0 0 0 0 127 0 0 0 0 0 130120 154744.936
0.0000000000 0.0000000000 0 0 0 0 0 0 0 0 127 0 0 0 0 0 130120 154744.986
0.0000000000 0.0000000000 0 0 0 0 0 0 0 0 127 0 0 0 0 0 130120 154745.036
