0.0000000000 0.0000000000 0 0 0 0 0 0 153 231 112 1 0 0 0 0 030519 155553.042
0.0000000000 0.0000000000 0 0 0 0 0 0 157 230 112 1 0 0 0 0 030519 155553.244
0.0000000000 0.0000000000 0 0 0 0 0 0 242 231 112 1 0 0 0 0 030519 155553.445
0.0000000000 0.0000000000 0 0 0 0 0 0 118 230 112 1 0 0 0 0 030519 155553.646
0.0000000000 0.0000000000 0 0 0 0 0 0 117 230 112 1 0 0 0 0 030519 155553.846
0.0000000000 0.0000000000 0 0 0 0 0 0 255 230 112 1 0 0 0 0 030519 155554.048
0.0000000000 0.0000000000 0 0 0 0 0 0 119 230 112 1 0 0 0 0 030519 155554.248
0.0000000000 0.0000000000 0 0 0 0 0 0 87 231 112 1 0 0 0 0 030519 155554.449
0.0000000000 0.0000000000 0 0 0 0 0 0 150 230 112 1 0 0 0 0 030519 155554.650
0.0000000000 0.0000000000 0 0 0 0 0 0 147 230 112 1 0 0 0 0 030519 155554.851
0.0000000000 0.0000000000 0 0 0 0 0 0 86 229 112 1 0 0 0 0 030519 155555.051
0.0000000000 0.0000000000 0 0 0 0 0 0 125 230 112 1 0 0 0 0 030519 155555.252
0.0000000000 0.0000000000 0 0 0 0 0 0 37 230 112 1 0 0 0 0 030519 155555.453
0.0000000000 0.0000000000 0 0 0 0 0 0 185 230 112 1 0 0 0 0 030519 155555.655
0.0000000000 0.0000000000 0 0 0 0 0 0 241 229 112 1 0 0 0 0 030519 155555.856
0.0000000000 0.0000000000 0 0 0 0 0 0 230 229 112 1 0 0 0 0 030519 155556.056
0.0000000000 0.0000000000 0 0 0 0 0 0 67 230 112 1 0 0 0 0 030519 155556.257
0.0000000000 0.0000000000 0 0 0 0 0 0 184 229 112 1 0 0 0 0 030519 155556.458
0.0000000000 0.0000000000 0 0 0 0 0 0 232 229 112 1 0 0 0 0 030519 155556.659
0.0000000000 0.0000000000 0 0 0 0 0 0 185 229 112 1 0 0 0 0 030519 155556.860
0.0000000000 0.0000000000 0 0 0 0 0 0 61 230 112 1 0 0 0 0 030519 155557.060
0.0000000000 0.0000000000 0 0 0 0 0 0 5 229 112 1 0 0 0 0 030519 155557.261
0.0000000000 0.0000000000 0 0 0 0 0 0 111 229 112 1 0 0 0 0 030519 155557.462
0.0000000000 0.0000000000 0 0 0 0 0 0 193 229 112 1 0 0 0 0 030519 155557.663
0.0000000000 0.0000000000 0 0 0 0 0 0 227 229 112 1 0 0 0 0 030519 155557.864
0.0000000000 0.0000000000 0 0 0 0 0 0 33 229 112 1 0 0 0 0 030519 155558.065
0.0000000000 0.0000000000 0 0 0 0 0 0 229 229 112 1 0 0 0 0 030519 155558.265
0.0000000000 0.0000000000 0 0 0 0 0 0 73 229 112 1 0 0 0 0 030519 155558.466
0.0000000000 0.0000000000 0 0 0 0 0 0 205 229 112 1 0 0 0 0 030519 155558.667
0.0000000000 0.0000000000 0 0 0 0 0 0 243 229 112 1 0 0 0 0 030519 155558.868
0.0000000000 0.0000000000 0 0 0 0 0 0 148 230 112 1 0 0 0 0 030519 155559.069
0.0000000000 0.0000000000 0 0 0 0 0 0 222 230 112 1 0 0 0 0 030519 155559.269
0.0000000000 0.0000000000 0 0 0 0 0 0 64 230 112 1 0 0 0 0 030519 155559.471
0.0000000000 0.0000000000 0 0 0 0 0 0 170 230 112 1 0 0 0 0 030519 155559.672
0.0000000000 0.0000000000 0 0 0 0 0 0 252 229 112 1 0 0 0 0 030519 155559.873
0.0000000000 0.0000000000 0 0 0 0 0 0 107 230 112 1 0 0 0 0 030519 155600.074
0.0000000000 0.0000000000 0 0 0 0 0 0 67 233 112 1 0 0 0 0 030519 155600.275
0.0000000000 0.0000000000 0 0 0 0 0 0 81 230 112 1 0 0 0 0 030519 155600.476
0.0000000000 0.0000000000 0 0 0 0 0 0 129 230 112 1 0 0 0 0 030519 155600.677
0.0000000000 0.0000000000 0 0 0 0 0 0 1 232 112 1 0 0 0 0 030519 155600.878
0.0000000000 0.0000000000 0 0 0 0 0 0 69 232 112 1 0 0 0 0 030519 155601.079
0.0000000000 0.0000000000 0 0 0 0 0 0 164 231 112 1 0 0 0 0 030519 155601.280
0.0000000000 0.0000000000 0 0 0 0 0 0 202 231 112 1 0 0 0 0 030519 155601.481
0.0000000000 0.0000000000 0 0 0 0 0 0 202 231 112 1 0 0 0 0 030519 155601.685
0.0000000000 0.0000000000 0 0 0 0 0 0 68 231 112 1 0 0 0 0 030519 155601.888
0.0000000000 0.0000000000 0 0 0 0 0 0 166 231 112 1 0 0 0 0 030519 155602.091
0.0000000000 0.0000000000 0 0 0 0 0 0 148 231 112 1 0 0 0 0 030519 155602.294
0.0000000000 0.0000000000 0 0 0 0 0 0 254 232 112 1 0 0 0 0 030519 155602.497
0.0000000000 0.0000000000 0 0 0 0 0 0 140 232 112 1 0 0 0 0 030519 155602.700
0.0000000000 0.0000000000 0 0 0 0 0 0 253 233 112 1 0 0 0 0 030519 155602.903
0.0000000000 0.0000000000 0 0 0 0 0 0 234 233 112 1 0 0 0 0 030519 155603.106
0.0000000000 0.0000000000 0 0 0 0 0 0 36 234 112 1 0 0 0 0 030519 155603.309
0.0000000000 0.0000000000 0 0 0 0 0 0 120 232 112 1 0 0 0 0 030519 155603.520
0.0000000000 0.0000000000 0 0 0 0 0 0 99 233 112 1 0 0 0 0 030519 155603.723
0.0000000000 0.0000000000 0 0 0 0 0 0 77 234 112 1 0 0 0 0 030519 155603.926
0.0000000000 0.0000000000 0 0 0 0 0 0 185 233 112 1 0 0 0 0 030519 155604.133
0.0000000000 0.0000000000 0 0 0 0 0 0 255 127 112 1 0 0 0 0 030519 155604.336
