0.0000000000 0.0000000000 0 0 0 0 0 0 0 0 112 1 0 0 0 0 231219 195104.962
0.0000000000 0.0000000000 0 0 0 0 0 0 0 0 112 1 0 0 0 0 231219 195105.162
0.0000000000 0.0000000000 0 0 0 0 0 0 0 0 112 1 0 0 0 0 231219 195105.363
0.0000000000 0.0000000000 0 0 0 0 0 0 0 0 112 1 0 0 0 0 231219 195105.563
0.0000000000 0.0000000000 0 0 0 0 0 0 0 0 112 1 0 0 0 0 231219 195105.763
0.0000000000 0.0000000000 0 0 0 0 0 0 0 0 112 1 0 0 0 0 231219 195105.963
0.0000000000 0.0000000000 0 0 0 0 0 0 0 0 112 1 0 0 0 0 231219 195106.164
0.0000000000 0.0000000000 0 0 0 0 0 0 0 0 112 1 0 0 0 0 231219 195106.364
0.0000000000 0.0000000000 0 0 0 0 0 0 0 0 112 1 0 0 0 0 231219 195106.564
0.0000000000 0.0000000000 0 0 0 0 0 0 0 0 112 1 0 0 0 0 231219 195106.764
0.0000000000 0.0000000000 0 0 0 0 0 0 0 0 112 1 0 0 0 0 231219 195106.964
0.0000000000 0.0000000000 0 0 0 0 0 0 0 0 112 1 0 0 0 0 231219 195107.165
