0.0000000000 0.0000000000 0 0 0 0 0 0 71 252 112 1 0 0 0 0 030619 155139.913
0.0000000000 0.0000000000 0 0 0 0 0 0 17 252 112 1 0 0 0 0 030619 155140.113
0.0000000000 0.0000000000 0 0 0 0 0 0 227 251 112 1 0 0 0 0 030619 155140.314
0.0000000000 0.0000000000 0 0 0 0 0 0 187 251 112 1 0 0 0 0 030619 155140.514
0.0000000000 0.0000000000 0 0 0 0 0 0 156 251 112 1 0 0 0 0 030619 155140.714
0.0000000000 0.0000000000 0 0 0 0 0 0 89 251 112 1 0 0 0 0 030619 155140.915
0.0000000000 0.0000000000 0 0 0 0 0 0 48 251 112 1 0 0 0 0 030619 155141.115
0.0000000000 0.0000000000 0 0 0 0 0 0 14 251 112 1 0 0 0 0 030619 155141.315
0.0000000000 0.0000000000 0 0 0 0 0 0 226 250 112 1 0 0 0 0 030619 155141.516
0.0000000000 0.0000000000 0 0 0 0 0 0 185 250 112 1 0 0 0 0 030619 155141.716
0.0000000000 0.0000000000 0 0 0 0 0 0 142 250 112 1 0 0 0 0 030619 155141.916
0.0000000000 0.0000000000 0 0 0 0 0 0 100 250 112 1 0 0 0 0 030619 155142.116
0.0000000000 0.0000000000 0 0 0 0 0 0 59 250 112 1 0 0 0 0 030619 155142.316
0.0000000000 0.0000000000 0 0 0 0 0 0 32 250 112 1 0 0 0 0 030619 155142.517
0.0000000000 0.0000000000 0 0 0 0 0 0 247 249 112 1 0 0 0 0 030619 155142.717
0.0000000000 0.0000000000 0 0 0 0 0 0 209 249 112 1 0 0 0 0 030619 155142.917
0.0000000000 0.0000000000 0 0 0 0 0 0 157 249 112 1 0 0 0 0 030619 155143.117
0.0000000000 0.0000000000 0 0 0 0 0 0 0 0 127 0 0 0 0 0 030619 155143.318
0.0000000000 0.0000000000 0 0 0 0 0 0 0 0 127 0 0 0 0 0 030619 155143.518
0.0000000000 0.0000000000 0 0 0 0 0 0 0 0 127 0 0 0 0 0 030619 155143.718
0.0000000000 0.0000000000 0 0 0 0 0 0 0 0 127 0 0 0 0 0 030619 155143.919
0.0000000000 0.0000000000 0 0 0 0 0 0 0 0 127 0 0 0 0 0 030619 155144.119
0.0000000000 0.0000000000 0 0 0 0 0 0 0 0 127 0 0 0 0 0 030619 155144.320
0.0000000000 0.0000000000 0 0 0 0 0 0 155 248 112 1 0 0 0 0 030619 155144.520
0.0000000000 0.0000000000 0 0 0 0 0 0 125 248 112 1 0 0 0 0 030619 155144.720
0.0000000000 0.0000000000 0 0 0 0 0 0 87 248 112 1 0 0 0 0 030619 155144.921
0.0000000000 0.0000000000 0 0 0 0 0 0 60 248 112 1 0 0 0 0 030619 155145.121
0.0000000000 0.0000000000 0 0 0 0 0 0 37 248 112 1 0 0 0 0 030619 155145.321
0.0000000000 0.0000000000 0 0 0 0 0 0 3 248 112 1 0 0 0 0 030619 155145.522
0.0000000000 0.0000000000 0 0 0 0 0 0 225 247 112 1 0 0 0 0 030619 155145.722
0.0000000000 0.0000000000 0 0 0 0 0 0 184 247 112 1 0 0 0 0 030619 155145.923
0.0000000000 0.0000000000 0 0 0 0 0 0 163 247 112 1 0 0 0 0 030619 155146.123
0.0000000000 0.0000000000 0 0 0 0 0 0 132 247 112 1 0 0 0 0 030619 155146.323
0.0000000000 0.0000000000 0 0 0 0 0 0 101 247 112 1 0 0 0 0 030619 155146.524
0.0000000000 0.0000000000 0 0 0 0 0 0 65 247 112 1 0 0 0 0 030619 155146.724
0.0000000000 0.0000000000 0 0 0 0 0 0 35 247 112 1 0 0 0 0 030619 155146.924
0.0000000000 0.0000000000 0 0 0 0 0 0 2 247 112 1 0 0 0 0 030619 155147.125
0.0000000000 0.0000000000 0 0 0 0 0 0 238 246 112 1 0 0 0 0 030619 155147.325
0.0000000000 0.0000000000 0 0 0 0 0 0 199 246 112 1 0 0 0 0 030619 155147.525
0.0000000000 0.0000000000 0 0 0 0 0 0 172 246 112 1 0 0 0 0 030619 155147.726
0.0000000000 0.0000000000 0 0 0 0 0 0 0 0 127 0 0 0 0 0 030619 155147.926
0.0000000000 0.0000000000 0 0 0 0 0 0 0 0 127 0 0 0 0 0 030619 155148.126
0.0000000000 0.0000000000 0 0 0 0 0 0 0 0 127 0 0 0 0 0 030619 155148.327
0.0000000000 0.0000000000 0 0 0 0 0 0 0 0 127 0 0 0 0 0 030619 155148.527
0.0000000000 0.0000000000 0 0 0 0 0 0 0 0 127 0 0 0 0 0 030619 155148.727
0.0000000000 0.0000000000 0 0 0 0 0 0 0 0 127 0 0 0 0 0 030619 155148.928
0.0000000000 0.0000000000 0 0 0 0 0 0 186 245 112 1 0 0 0 0 030619 155149.128
0.0000000000 0.0000000000 0 0 0 0 0 0 159 245 112 1 0 0 0 0 030619 155149.328
0.0000000000 0.0000000000 0 0 0 0 0 0 137 245 112 1 0 0 0 0 030619 155149.529
0.0000000000 0.0000000000 0 0 0 0 0 0 89 245 112 1 0 0 0 0 030619 155149.729
0.0000000000 0.0000000000 0 0 0 0 0 0 63 245 112 1 0 0 0 0 030619 155149.929
0.0000000000 0.0000000000 0 0 0 0 0 0 21 245 112 1 0 0 0 0 030619 155150.130
0.0000000000 0.0000000000 0 0 0 0 0 0 255 244 112 1 0 0 0 0 030619 155150.330
0.0000000000 0.0000000000 0 0 0 0 0 0 215 244 112 1 0 0 0 0 030619 155150.530
0.0000000000 0.0000000000 0 0 0 0 0 0 187 244 112 1 0 0 0 0 030619 155150.731
0.0000000000 0.0000000000 0 0 0 0 0 0 173 244 112 1 0 0 0 0 030619 155150.931
0.0000000000 0.0000000000 0 0 0 0 0 0 129 244 112 1 0 0 0 0 030619 155151.131
0.0000000000 0.0000000000 0 0 0 0 0 0 102 244 112 1 0 0 0 0 030619 155151.332
0.0000000000 0.0000000000 0 0 0 0 0 0 70 244 112 1 0 0 0 0 030619 155151.532
0.0000000000 0.0000000000 0 0 0 0 0 0 16 244 112 1 0 0 0 0 030619 155151.733
0.0000000000 0.0000000000 0 0 0 0 0 0 249 243 112 1 0 0 0 0 030619 155151.933
0.0000000000 0.0000000000 0 0 0 0 0 0 218 243 112 1 0 0 0 0 030619 155152.133
0.0000000000 0.0000000000 0 0 0 0 0 0 194 243 112 1 0 0 0 0 030619 155152.333
0.0000000000 0.0000000000 0 0 0 0 0 0 155 243 112 1 0 0 0 0 030619 155152.533
0.0000000000 0.0000000000 0 0 0 0 0 0 119 243 112 1 0 0 0 0 030619 155152.734
0.0000000000 0.0000000000 0 0 0 0 0 0 89 243 112 1 0 0 0 0 030619 155152.934
0.0000000000 0.0000000000 0 0 0 0 0 0 35 243 112 1 0 0 0 0 030619 155153.134
0.0000000000 0.0000000000 0 0 0 0 0 0 253 242 112 1 0 0 0 0 030619 155153.335
0.0000000000 0.0000000000 0 0 0 0 0 0 206 242 112 1 0 0 0 0 030619 155153.535
0.0000000000 0.0000000000 0 0 0 0 0 0 179 242 112 1 0 0 0 0 030619 155153.735
0.0000000000 0.0000000000 0 0 0 0 0 0 157 242 112 1 0 0 0 0 030619 155153.935
0.0000000000 0.0000000000 0 0 0 0 0 0 118 242 112 1 0 0 0 0 030619 155154.136
0.0000000000 0.0000000000 0 0 0 0 0 0 95 242 112 1 0 0 0 0 030619 155154.336
0.0000000000 0.0000000000 0 0 0 0 0 0 51 242 112 1 0 0 0 0 030619 155154.536
