0.0000000000 0.0000000000 0 0 0 0 0 0 0 0 112 1 0 0 0 0 231219 200543.376
0.0000000000 0.0000000000 0 0 0 0 0 0 0 0 112 1 0 0 0 0 231219 200543.576
0.0000000000 0.0000000000 0 0 0 0 0 0 0 0 112 1 0 0 0 0 231219 200543.777
0.0000000000 0.0000000000 0 0 0 0 0 0 0 0 112 1 0 0 0 0 231219 200543.977
0.0000000000 0.0000000000 0 0 0 0 0 0 0 0 112 1 0 0 0 0 231219 200544.177
0.0000000000 0.0000000000 0 0 0 0 0 0 0 0 112 1 0 0 0 0 231219 200544.378
0.0000000000 0.0000000000 0 0 0 0 0 0 0 0 112 1 0 0 0 0 231219 200544.578
0.0000000000 0.0000000000 0 0 0 0 0 0 0 0 112 1 0 0 0 0 231219 200544.778
0.0000000000 0.0000000000 0 0 0 0 0 0 0 0 112 1 0 0 0 0 231219 200544.979
0.0000000000 0.0000000000 0 0 0 0 0 0 0 0 112 1 0 0 0 0 231219 200545.179
0.0000000000 0.0000000000 0 0 0 0 0 0 0 0 112 1 0 0 0 0 231219 200545.379
0.0000000000 0.0000000000 0 0 0 0 0 0 0 0 112 1 0 0 0 0 231219 200545.579
0.0000000000 0.0000000000 0 0 0 0 0 0 0 0 112 1 0 0 0 0 231219 200545.780
0.0000000000 0.0000000000 0 0 0 0 0 0 0 0 112 1 0 0 0 0 231219 200545.980
0.0000000000 0.0000000000 0 0 0 0 0 0 0 0 112 1 0 0 0 0 231219 200546.180
0.0000000000 0.0000000000 0 0 0 0 0 0 0 0 112 1 0 0 0 0 231219 200546.380
0.0000000000 0.0000000000 0 0 0 0 0 0 0 0 112 1 0 0 0 0 231219 200546.581
0.0000000000 0.0000000000 0 0 0 0 0 0 0 0 112 1 0 0 0 0 231219 200546.781
0.0000000000 0.0000000000 0 0 0 0 0 0 0 0 112 1 0 0 0 0 231219 200546.981
0.0000000000 0.0000000000 0 0 0 0 0 0 0 0 112 1 0 0 0 0 231219 200547.182
0.0000000000 0.0000000000 0 0 0 0 0 0 0 0 112 1 0 0 0 0 231219 200547.382
0.0000000000 0.0000000000 0 0 0 0 0 0 0 0 112 1 0 0 0 0 231219 200547.582
0.0000000000 0.0000000000 0 0 0 0 0 0 0 0 112 1 0 0 0 0 231219 200547.782
0.0000000000 0.0000000000 0 0 0 0 0 0 0 0 112 1 0 0 0 0 231219 200547.983
0.0000000000 0.0000000000 0 0 0 0 0 0 0 0 112 1 0 0 0 0 231219 200548.183
0.0000000000 0.0000000000 0 0 0 0 0 0 0 0 112 1 0 0 0 0 231219 200548.383
0.0000000000 0.0000000000 0 0 0 0 0 0 0 0 112 1 0 0 0 0 231219 200548.583
0.0000000000 0.0000000000 0 0 0 0 0 0 0 0 112 1 0 0 0 0 231219 200548.784
0.0000000000 0.0000000000 0 0 0 0 0 0 0 0 112 1 0 0 0 0 231219 200548.984
0.0000000000 0.0000000000 0 0 0 0 0 0 0 0 112 1 0 0 0 0 231219 200549.184
0.0000000000 0.0000000000 0 0 0 0 0 0 0 0 112 1 0 0 0 0 231219 200549.385
0.0000000000 0.0000000000 0 0 0 0 0 0 0 0 112 1 0 0 0 0 231219 200549.585
0.0000000000 0.0000000000 0 0 0 0 0 0 0 0 112 1 0 0 0 0 231219 200549.785
0.0000000000 0.0000000000 0 0 0 0 0 0 0 0 112 1 0 0 0 0 231219 200549.986
0.0000000000 0.0000000000 0 0 0 0 0 0 0 0 112 1 0 0 0 0 231219 200550.186
0.0000000000 0.0000000000 0 0 0 0 0 0 0 0 112 1 0 0 0 0 231219 200550.386
0.0000000000 0.0000000000 0 0 0 0 0 0 0 0 112 1 0 0 0 0 231219 200550.586
0.0000000000 0.0000000000 0 0 0 0 0 0 0 0 112 1 0 0 0 0 231219 200550.787
0.0000000000 0.0000000000 0 0 0 0 0 0 0 0 112 1 0 0 0 0 231219 200550.987
0.0000000000 0.0000000000 0 0 0 0 0 0 0 0 112 1 0 0 0 0 231219 200551.187
0.0000000000 0.0000000000 0 0 0 0 0 0 0 0 112 1 0 0 0 0 231219 200551.387
0.0000000000 0.0000000000 0 0 0 0 0 0 0 0 112 1 0 0 0 0 231219 200551.588
0.0000000000 0.0000000000 0 0 0 0 0 0 0 0 112 1 0 0 0 0 231219 200551.788
0.0000000000 0.0000000000 0 0 0 0 0 0 0 0 112 1 0 0 0 0 231219 200551.988
0.0000000000 0.0000000000 0 0 0 0 0 0 0 0 112 1 0 0 0 0 231219 200552.188
0.0000000000 0.0000000000 0 0 0 0 0 0 0 0 112 1 0 0 0 0 231219 200552.389
0.0000000000 0.0000000000 0 0 0 0 0 0 0 0 112 1 0 0 0 0 231219 200552.589
0.0000000000 0.0000000000 0 0 0 0 0 0 0 0 112 1 0 0 0 0 231219 200552.789
0.0000000000 0.0000000000 0 0 0 0 0 0 0 0 112 1 0 0 0 0 231219 200552.989
0.0000000000 0.0000000000 0 0 0 0 0 0 0 0 112 1 0 0 0 0 231219 200553.190
0.0000000000 0.0000000000 0 0 0 0 0 0 0 0 112 1 0 0 0 0 231219 200553.390
0.0000000000 0.0000000000 0 0 0 0 0 0 0 0 112 1 0 0 0 0 231219 200553.590
0.0000000000 0.0000000000 0 0 0 0 0 0 0 0 112 1 0 0 0 0 231219 200553.790
0.0000000000 0.0000000000 0 0 0 0 0 0 0 0 112 1 0 0 0 0 231219 200553.991
0.0000000000 0.0000000000 0 0 0 0 0 0 0 0 112 1 0 0 0 0 231219 200554.191
0.0000000000 0.0000000000 0 0 0 0 0 0 0 0 112 1 0 0 0 0 231219 200554.391
0.0000000000 0.0000000000 0 0 0 0 0 0 0 0 112 1 0 0 0 0 231219 200554.591
0.0000000000 0.0000000000 0 0 0 0 0 0 0 0 112 1 0 0 0 0 231219 200554.792
0.0000000000 0.0000000000 0 0 0 0 0 0 0 0 112 1 0 0 0 0 231219 200554.992
0.0000000000 0.0000000000 0 0 0 0 0 0 0 0 112 1 0 0 0 0 231219 200555.192
0.0000000000 0.0000000000 0 0 0 0 0 0 0 0 112 1 0 0 0 0 231219 200555.393
0.0000000000 0.0000000000 0 0 0 0 0 0 0 0 112 1 0 0 0 0 231219 200555.593
0.0000000000 0.0000000000 0 0 0 0 0 0 0 0 112 1 0 0 0 0 231219 200555.793
0.0000000000 0.0000000000 0 0 0 0 0 0 0 0 112 1 0 0 0 0 231219 200555.993
0.0000000000 0.0000000000 0 0 0 0 0 0 0 0 112 1 0 0 0 0 231219 200556.194
0.0000000000 0.0000000000 0 0 0 0 0 0 0 0 112 1 0 0 0 0 231219 200556.394
0.0000000000 0.0000000000 0 0 0 0 0 0 0 0 112 1 0 0 0 0 231219 200556.594
0.0000000000 0.0000000000 0 0 0 0 0 0 0 0 112 1 0 0 0 0 231219 200556.794
0.0000000000 0.0000000000 0 0 0 0 0 0 0 0 112 1 0 0 0 0 231219 200556.995
0.0000000000 0.0000000000 0 0 0 0 0 0 0 0 112 1 0 0 0 0 231219 200557.195
0.0000000000 0.0000000000 0 0 0 0 0 0 0 0 112 1 0 0 0 0 231219 200557.395
0.0000000000 0.0000000000 0 0 0 0 0 0 0 0 112 1 0 0 0 0 231219 200557.596
0.0000000000 0.0000000000 0 0 0 0 0 0 0 0 112 1 0 0 0 0 231219 200557.796
0.0000000000 0.0000000000 0 0 0 0 0 0 0 0 112 1 0 0 0 0 231219 200557.996
0.0000000000 0.0000000000 0 0 0 0 0 0 0 0 112 1 0 0 0 0 231219 200558.196
0.0000000000 0.0000000000 0 0 0 0 0 0 0 0 112 1 0 0 0 0 231219 200558.397
0.0000000000 0.0000000000 0 0 0 0 0 0 0 0 112 1 0 0 0 0 231219 200558.597
0.0000000000 0.0000000000 0 0 0 0 0 0 0 0 112 1 0 0 0 0 231219 200558.797
0.0000000000 0.0000000000 0 0 0 0 0 0 0 0 112 1 0 0 0 0 231219 200558.997
0.0000000000 0.0000000000 0 0 0 0 0 0 0 0 112 1 0 0 0 0 231219 200559.197
0.0000000000 0.0000000000 0 0 0 0 0 0 0 0 112 1 0 0 0 0 231219 200559.398
0.0000000000 0.0000000000 0 0 0 0 0 0 0 0 112 1 0 0 0 0 231219 200559.598
0.0000000000 0.0000000000 0 0 0 0 0 0 0 0 112 1 0 0 0 0 231219 200559.798
0.0000000000 0.0000000000 0 0 0 0 0 0 45 10 112 1 0 0 0 0 231219 200559.999
0.0000000000 0.0000000000 0 0 0 0 0 0 189 9 112 1 0 0 0 0 231219 200600.199
0.0000000000 0.0000000000 0 0 0 0 0 0 0 0 112 1 0 0 0 0 231219 200600.399
0.0000000000 0.0000000000 0 0 0 0 0 0 31 9 112 1 0 0 0 0 231219 200600.599
0.0000000000 0.0000000000 0 0 0 0 0 0 45 9 112 1 0 0 0 0 231219 200600.799
0.0000000000 0.0000000000 0 0 0 0 0 0 161 10 112 1 0 0 0 0 231219 200600.999
0.0000000000 0.0000000000 0 0 0 0 0 0 143 10 112 1 0 0 0 0 231219 200601.200
0.0000000000 0.0000000000 0 0 0 0 0 0 197 15 112 1 0 0 0 0 231219 200601.400
0.0000000000 0.0000000000 0 0 0 0 0 0 60 10 112 1 0 0 0 0 231219 200601.600
0.0000000000 0.0000000000 0 0 0 0 0 0 57 0 112 1 0 0 0 0 231219 200601.800
0.0000000000 0.0000000000 0 0 0 0 0 0 143 11 112 1 0 0 0 0 231219 200602.000
0.0000000000 0.0000000000 0 0 0 0 0 0 28 12 112 1 0 0 0 0 231219 200602.201
0.0000000000 0.0000000000 0 0 0 0 0 0 178 10 112 1 0 0 0 0 231219 200602.401
0.0000000000 0.0000000000 0 0 0 0 0 0 203 10 112 1 0 0 0 0 231219 200602.601
0.0000000000 0.0000000000 0 0 0 0 0 0 229 10 112 1 0 0 0 0 231219 200602.801
0.0000000000 0.0000000000 0 0 0 0 0 0 192 9 112 1 0 0 0 0 231219 200603.001
0.0000000000 0.0000000000 0 0 0 0 0 0 199 10 112 1 0 0 0 0 231219 200603.202
0.0000000000 0.0000000000 0 0 0 0 0 0 62 10 112 1 0 0 0 0 231219 200603.402
0.0000000000 0.0000000000 0 0 0 0 0 0 130 14 112 1 0 0 0 0 231219 200603.602
0.0000000000 0.0000000000 0 0 0 0 0 0 115 10 112 1 0 0 0 0 231219 200603.802
0.0000000000 0.0000000000 0 0 0 0 0 0 31 250 112 1 0 0 0 0 231219 200604.002
0.0000000000 0.0000000000 0 0 0 0 0 0 68 9 112 1 0 0 0 0 231219 200604.203
0.0000000000 0.0000000000 0 0 0 0 0 0 137 15 112 1 0 0 0 0 231219 200604.403
0.0000000000 0.0000000000 0 0 0 0 0 0 98 8 112 1 0 0 0 0 231219 200604.603
0.0000000000 0.0000000000 0 0 0 0 0 0 23 13 112 1 0 0 0 0 231219 200604.803
0.0000000000 0.0000000000 0 0 0 0 0 0 238 6 112 1 0 0 0 0 231219 200605.004
0.0000000000 0.0000000000 0 0 0 0 0 0 0 0 112 1 0 0 0 0 231219 200605.204
0.0000000000 0.0000000000 0 0 0 0 0 0 0 0 112 1 0 0 0 0 231219 200605.404
0.0000000000 0.0000000000 0 0 0 0 0 0 0 0 112 1 0 0 0 0 231219 200605.604
0.0000000000 0.0000000000 0 0 0 0 0 0 0 0 112 1 0 0 0 0 231219 200605.805
0.0000000000 0.0000000000 0 0 0 0 0 0 0 0 112 1 0 0 0 0 231219 200606.005
0.0000000000 0.0000000000 0 0 0 0 0 0 0 0 112 1 0 0 0 0 231219 200606.205
0.0000000000 0.0000000000 0 0 0 0 0 0 0 0 112 1 0 0 0 0 231219 200606.405
0.0000000000 0.0000000000 0 0 0 0 0 0 0 0 112 1 0 0 0 0 231219 200606.605
0.0000000000 0.0000000000 0 0 0 0 0 0 0 0 112 1 0 0 0 0 231219 200606.806
0.0000000000 0.0000000000 0 0 0 0 0 0 0 0 112 1 0 0 0 0 231219 200607.006
0.0000000000 0.0000000000 0 0 0 0 0 0 0 0 112 1 0 0 0 0 231219 200607.206
0.0000000000 0.0000000000 0 0 0 0 0 0 0 0 112 1 0 0 0 0 231219 200607.406
0.0000000000 0.0000000000 0 0 0 0 0 0 0 0 112 1 0 0 0 0 231219 200607.606
0.0000000000 0.0000000000 0 0 0 0 0 0 0 0 112 1 0 0 0 0 231219 200607.807
0.0000000000 0.0000000000 0 0 0 0 0 0 0 0 112 1 0 0 0 0 231219 200608.007
0.0000000000 0.0000000000 0 0 0 0 0 0 0 0 112 1 0 0 0 0 231219 200608.207
0.0000000000 0.0000000000 0 0 0 0 0 0 0 0 112 1 0 0 0 0 231219 200608.407
0.0000000000 0.0000000000 0 0 0 0 0 0 0 0 112 1 0 0 0 0 231219 200608.607
0.0000000000 0.0000000000 0 0 0 0 0 0 0 0 112 1 0 0 0 0 231219 200608.808
0.0000000000 0.0000000000 0 0 0 0 0 0 100 242 112 1 0 0 0 0 231219 200609.008
0.0000000000 0.0000000000 0 0 0 0 0 0 172 243 112 1 0 0 0 0 231219 200609.208
0.0000000000 0.0000000000 0 0 0 0 0 0 78 239 112 1 0 0 0 0 231219 200609.408
0.0000000000 0.0000000000 0 0 0 0 0 0 30 239 112 1 0 0 0 0 231219 200609.608
0.0000000000 0.0000000000 0 0 0 0 0 0 117 237 112 1 0 0 0 0 231219 200609.808
0.0000000000 0.0000000000 0 0 0 0 0 0 20 236 112 1 0 0 0 0 231219 200610.008
0.0000000000 0.0000000000 0 0 0 0 0 0 237 234 112 1 0 0 0 0 231219 200610.209
0.0000000000 0.0000000000 0 0 0 0 0 0 37 233 112 1 0 0 0 0 231219 200610.409
0.0000000000 0.0000000000 0 0 0 0 0 0 152 229 112 1 0 0 0 0 231219 200610.609
0.0000000000 0.0000000000 0 0 0 0 0 0 22 230 112 1 0 0 0 0 231219 200610.809
0.0000000000 0.0000000000 0 0 0 0 0 0 11 226 112 1 0 0 0 0 231219 200611.009
0.0000000000 0.0000000000 0 0 0 0 0 0 84 227 112 1 0 0 0 0 231219 200611.210
0.0000000000 0.0000000000 0 0 0 0 0 0 41 240 112 1 0 0 0 0 231219 200611.410
0.0000000000 0.0000000000 0 0 0 0 0 0 137 225 112 1 0 0 0 0 231219 200611.610
0.0000000000 0.0000000000 0 0 0 0 0 0 101 224 112 1 0 0 0 0 231219 200611.810
0.0000000000 0.0000000000 0 0 0 0 0 0 62 223 112 1 0 0 0 0 231219 200612.011
0.0000000000 0.0000000000 0 0 0 0 0 0 14 221 112 1 0 0 0 0 231219 200612.211
0.0000000000 0.0000000000 0 0 0 0 0 0 36 221 112 1 0 0 0 0 231219 200612.411
0.0000000000 0.0000000000 0 0 0 0 0 0 132 220 112 1 0 0 0 0 231219 200612.611
0.0000000000 0.0000000000 0 0 0 0 0 0 226 215 112 1 0 0 0 0 231219 200612.812
0.0000000000 0.0000000000 0 0 0 0 0 0 205 216 112 1 0 0 0 0 231219 200613.012
0.0000000000 0.0000000000 0 0 0 0 0 0 90 211 112 1 0 0 0 0 231219 200613.212
0.0000000000 0.0000000000 0 0 0 0 0 0 35 214 112 1 0 0 0 0 231219 200613.412
0.0000000000 0.0000000000 0 0 0 0 0 0 153 221 112 1 0 0 0 0 231219 200613.613
0.0000000000 0.0000000000 0 0 0 0 0 0 11 212 112 1 0 0 0 0 231219 200613.813
0.0000000000 0.0000000000 0 0 0 0 0 0 139 210 112 1 0 0 0 0 231219 200614.013
0.0000000000 0.0000000000 0 0 0 0 0 0 94 209 112 1 0 0 0 0 231219 200614.213
0.0000000000 0.0000000000 0 0 0 0 0 0 162 208 112 1 0 0 0 0 231219 200614.413
0.0000000000 0.0000000000 0 0 0 0 0 0 252 206 112 1 0 0 0 0 231219 200614.613
0.0000000000 0.0000000000 0 0 0 0 0 0 7 207 112 1 0 0 0 0 231219 200614.814
0.0000000000 0.0000000000 0 0 0 0 0 0 21 203 112 1 0 0 0 0 231219 200615.014
0.0000000000 0.0000000000 0 0 0 0 0 0 160 200 112 1 0 0 0 0 231219 200615.214
0.0000000000 0.0000000000 0 0 0 0 0 0 144 201 112 1 0 0 0 0 231219 200615.414
0.0000000000 0.0000000000 0 0 0 0 0 0 92 200 112 1 0 0 0 0 231219 200615.615
0.0000000000 0.0000000000 0 0 0 0 0 0 120 195 112 1 0 0 0 0 231219 200615.815
0.0000000000 0.0000000000 0 0 0 0 0 0 202 198 112 1 0 0 0 0 231219 200616.015
0.0000000000 0.0000000000 0 0 0 0 0 0 162 200 112 1 0 0 0 0 231219 200616.215
0.0000000000 0.0000000000 0 0 0 0 0 0 173 197 112 1 0 0 0 0 231219 200616.415
0.0000000000 0.0000000000 0 0 0 0 0 0 51 193 112 1 0 0 0 0 231219 200616.615
0.0000000000 0.0000000000 0 0 0 0 0 0 72 196 112 1 0 0 0 0 231219 200616.816
0.0000000000 0.0000000000 0 0 0 0 0 0 151 195 112 1 0 0 0 0 231219 200617.016
0.0000000000 0.0000000000 0 0 0 0 0 0 167 194 112 1 0 0 0 0 231219 200617.216
0.0000000000 0.0000000000 0 0 0 0 0 0 103 195 112 1 0 0 0 0 231219 200617.416
0.0000000000 0.0000000000 0 0 0 0 0 0 230 190 112 1 0 0 0 0 231219 200617.617
0.0000000000 0.0000000000 0 0 0 0 0 0 100 194 112 1 0 0 0 0 231219 200617.817
0.0000000000 0.0000000000 0 0 0 0 0 0 161 176 112 1 0 0 0 0 231219 200618.017
0.0000000000 0.0000000000 0 0 0 0 0 0 65 193 112 1 0 0 0 0 231219 200618.217
0.0000000000 0.0000000000 0 0 0 0 0 0 212 201 112 1 0 0 0 0 231219 200618.418
0.0000000000 0.0000000000 0 0 0 0 0 0 219 193 112 1 0 0 0 0 231219 200618.618
0.0000000000 0.0000000000 0 0 0 0 0 0 18 194 112 1 0 0 0 0 231219 200618.818
0.0000000000 0.0000000000 0 0 0 0 0 0 161 194 112 1 0 0 0 0 231219 200619.018
0.0000000000 0.0000000000 0 0 0 0 0 0 44 194 112 1 0 0 0 0 231219 200619.218
0.0000000000 0.0000000000 0 0 0 0 0 0 199 193 112 1 0 0 0 0 231219 200619.418
0.0000000000 0.0000000000 0 0 0 0 0 0 109 192 112 1 0 0 0 0 231219 200619.619
0.0000000000 0.0000000000 0 0 0 0 0 0 187 204 112 1 0 0 0 0 231219 200619.819
0.0000000000 0.0000000000 0 0 0 0 0 0 225 194 112 1 0 0 0 0 231219 200620.019
0.0000000000 0.0000000000 0 0 0 0 0 0 1 202 112 1 0 0 0 0 231219 200620.219
0.0000000000 0.0000000000 0 0 0 0 0 0 231 196 112 1 0 0 0 0 231219 200620.420
0.0000000000 0.0000000000 0 0 0 0 0 0 143 192 112 1 0 0 0 0 231219 200620.620
0.0000000000 0.0000000000 0 0 0 0 0 0 127 194 112 1 0 0 0 0 231219 200620.820
0.0000000000 0.0000000000 0 0 0 0 0 0 34 195 112 1 0 0 0 0 231219 200621.020
0.0000000000 0.0000000000 0 0 0 0 0 0 79 196 112 1 0 0 0 0 231219 200621.220
0.0000000000 0.0000000000 0 0 0 0 0 0 228 198 112 1 0 0 0 0 231219 200621.420
0.0000000000 0.0000000000 0 0 0 0 0 0 227 207 112 1 0 0 0 0 231219 200621.621
0.0000000000 0.0000000000 0 0 0 0 0 0 188 200 112 1 0 0 0 0 231219 200621.821
0.0000000000 0.0000000000 0 0 0 0 0 0 183 198 112 1 0 0 0 0 231219 200622.021
0.0000000000 0.0000000000 0 0 0 0 0 0 21 200 112 1 0 0 0 0 231219 200622.221
0.0000000000 0.0000000000 0 0 0 0 0 0 134 201 112 1 0 0 0 0 231219 200622.421
0.0000000000 0.0000000000 0 0 0 0 0 0 80 202 112 1 0 0 0 0 231219 200622.622
0.0000000000 0.0000000000 0 0 0 0 0 0 154 203 112 1 0 0 0 0 231219 200622.822
0.0000000000 0.0000000000 0 0 0 0 0 0 166 203 112 1 0 0 0 0 231219 200623.022
0.0000000000 0.0000000000 0 0 0 0 0 0 8 203 112 1 0 0 0 0 231219 200623.222
0.0000000000 0.0000000000 0 0 0 0 0 0 193 205 112 1 0 0 0 0 231219 200623.422
0.0000000000 0.0000000000 0 0 0 0 0 0 117 207 112 1 0 0 0 0 231219 200623.622
0.0000000000 0.0000000000 0 0 0 0 0 0 192 208 112 1 0 0 0 0 231219 200623.823
0.0000000000 0.0000000000 0 0 0 0 0 0 153 208 112 1 0 0 0 0 231219 200624.023
0.0000000000 0.0000000000 0 0 0 0 0 0 168 211 112 1 0 0 0 0 231219 200624.223
0.0000000000 0.0000000000 0 0 0 0 0 0 48 215 112 1 0 0 0 0 231219 200624.423
0.0000000000 0.0000000000 0 0 0 0 0 0 242 216 112 1 0 0 0 0 231219 200624.624
0.0000000000 0.0000000000 0 0 0 0 0 0 58 216 112 1 0 0 0 0 231219 200624.824
0.0000000000 0.0000000000 0 0 0 0 0 0 164 214 112 1 0 0 0 0 231219 200625.024
0.0000000000 0.0000000000 0 0 0 0 0 0 182 229 112 1 0 0 0 0 231219 200625.224
0.0000000000 0.0000000000 0 0 0 0 0 0 66 218 112 1 0 0 0 0 231219 200625.424
0.0000000000 0.0000000000 0 0 0 0 0 0 209 225 112 1 0 0 0 0 231219 200625.625
0.0000000000 0.0000000000 0 0 0 0 0 0 189 217 112 1 0 0 0 0 231219 200625.825
0.0000000000 0.0000000000 0 0 0 0 0 0 99 221 112 1 0 0 0 0 231219 200626.025
0.0000000000 0.0000000000 0 0 0 0 0 0 237 222 112 1 0 0 0 0 231219 200626.226
0.0000000000 0.0000000000 0 0 0 0 0 0 35 223 112 1 0 0 0 0 231219 200626.426
0.0000000000 0.0000000000 0 0 0 0 0 0 43 226 112 1 0 0 0 0 231219 200626.626
0.0000000000 0.0000000000 0 0 0 0 0 0 169 227 112 1 0 0 0 0 231219 200626.827
0.0000000000 0.0000000000 0 0 0 0 0 0 62 228 112 1 0 0 0 0 231219 200627.027
0.0000000000 0.0000000000 0 0 0 0 0 0 191 230 112 1 0 0 0 0 231219 200627.227
0.0000000000 0.0000000000 0 0 0 0 0 0 56 228 112 1 0 0 0 0 231219 200627.428
0.0000000000 0.0000000000 0 0 0 0 0 0 137 232 112 1 0 0 0 0 231219 200627.628
0.0000000000 0.0000000000 0 0 0 0 0 0 248 232 112 1 0 0 0 0 231219 200627.828
0.0000000000 0.0000000000 0 0 0 0 0 0 188 234 112 1 0 0 0 0 231219 200628.028
0.0000000000 0.0000000000 0 0 0 0 0 0 62 237 112 1 0 0 0 0 231219 200628.229
0.0000000000 0.0000000000 0 0 0 0 0 0 34 240 112 1 0 0 0 0 231219 200628.429
0.0000000000 0.0000000000 0 0 0 0 0 0 147 240 112 1 0 0 0 0 231219 200628.629
0.0000000000 0.0000000000 0 0 0 0 0 0 62 240 112 1 0 0 0 0 231219 200628.829
0.0000000000 0.0000000000 0 0 0 0 0 0 3 244 112 1 0 0 0 0 231219 200629.030
0.0000000000 0.0000000000 0 0 0 0 0 0 106 246 112 1 0 0 0 0 231219 200629.230
0.0000000000 0.0000000000 0 0 0 0 0 0 28 248 112 1 0 0 0 0 231219 200629.430
0.0000000000 0.0000000000 0 0 0 0 0 0 101 246 112 1 0 0 0 0 231219 200629.630
0.0000000000 0.0000000000 0 0 0 0 0 0 125 251 112 1 0 0 0 0 231219 200629.830
0.0000000000 0.0000000000 0 0 0 0 0 0 6 253 112 1 0 0 0 0 231219 200630.031
0.0000000000 0.0000000000 0 0 0 0 0 0 0 0 112 1 0 0 0 0 231219 200630.231
0.0000000000 0.0000000000 0 0 0 0 0 0 0 0 112 1 0 0 0 0 231219 200630.431
0.0000000000 0.0000000000 0 0 0 0 0 0 0 0 112 1 0 0 0 0 231219 200630.631
0.0000000000 0.0000000000 0 0 0 0 0 0 0 0 112 1 0 0 0 0 231219 200630.831
0.0000000000 0.0000000000 0 0 0 0 0 0 0 0 112 1 0 0 0 0 231219 200631.032
0.0000000000 0.0000000000 0 0 0 0 0 0 0 0 112 1 0 0 0 0 231219 200631.232
0.0000000000 0.0000000000 0 0 0 0 0 0 0 0 112 1 0 0 0 0 231219 200631.432
0.0000000000 0.0000000000 0 0 0 0 0 0 0 0 112 1 0 0 0 0 231219 200631.632
0.0000000000 0.0000000000 0 0 0 0 0 0 0 0 112 1 0 0 0 0 231219 200631.832
0.0000000000 0.0000000000 0 0 0 0 0 0 0 0 112 1 0 0 0 0 231219 200632.033
0.0000000000 0.0000000000 0 0 0 0 0 0 0 0 112 1 0 0 0 0 231219 200632.233
0.0000000000 0.0000000000 0 0 0 0 0 0 0 0 112 1 0 0 0 0 231219 200632.433
0.0000000000 0.0000000000 0 0 0 0 0 0 0 0 112 1 0 0 0 0 231219 200632.633
0.0000000000 0.0000000000 0 0 0 0 0 0 0 0 112 1 0 0 0 0 231219 200632.833
0.0000000000 0.0000000000 0 0 0 0 0 0 210 14 112 1 0 0 0 0 231219 200633.034
0.0000000000 0.0000000000 0 0 0 0 0 0 113 16 112 1 0 0 0 0 231219 200633.234
0.0000000000 0.0000000000 0 0 0 0 0 0 43 15 112 1 0 0 0 0 231219 200633.434
0.0000000000 0.0000000000 0 0 0 0 0 0 184 254 112 1 0 0 0 0 231219 200633.634
0.0000000000 0.0000000000 0 0 0 0 0 0 3 14 112 1 0 0 0 0 231219 200633.834
0.0000000000 0.0000000000 0 0 0 0 0 0 81 17 112 1 0 0 0 0 231219 200634.034
0.0000000000 0.0000000000 0 0 0 0 0 0 29 16 112 1 0 0 0 0 231219 200634.235
0.0000000000 0.0000000000 0 0 0 0 0 0 206 22 112 1 0 0 0 0 231219 200634.435
0.0000000000 0.0000000000 0 0 0 0 0 0 145 16 112 1 0 0 0 0 231219 200634.636
0.0000000000 0.0000000000 0 0 0 0 0 0 194 16 112 1 0 0 0 0 231219 200634.836
0.0000000000 0.0000000000 0 0 0 0 0 0 212 16 112 1 0 0 0 0 231219 200635.036
0.0000000000 0.0000000000 0 0 0 0 0 0 100 17 112 1 0 0 0 0 231219 200635.236
0.0000000000 0.0000000000 0 0 0 0 0 0 225 17 112 1 0 0 0 0 231219 200635.437
0.0000000000 0.0000000000 0 0 0 0 0 0 196 17 112 1 0 0 0 0 231219 200635.637
0.0000000000 0.0000000000 0 0 0 0 0 0 98 22 112 1 0 0 0 0 231219 200635.837
0.0000000000 0.0000000000 0 0 0 0 0 0 252 14 112 1 0 0 0 0 231219 200636.037
0.0000000000 0.0000000000 0 0 0 0 0 0 154 23 112 1 0 0 0 0 231219 200636.237
0.0000000000 0.0000000000 0 0 0 0 0 0 157 13 112 1 0 0 0 0 231219 200636.437
0.0000000000 0.0000000000 0 0 0 0 0 0 185 13 112 1 0 0 0 0 231219 200636.637
0.0000000000 0.0000000000 0 0 0 0 0 0 133 13 112 1 0 0 0 0 231219 200636.838
0.0000000000 0.0000000000 0 0 0 0 0 0 236 11 112 1 0 0 0 0 231219 200637.038
0.0000000000 0.0000000000 0 0 0 0 0 0 13 9 112 1 0 0 0 0 231219 200637.238
0.0000000000 0.0000000000 0 0 0 0 0 0 40 7 112 1 0 0 0 0 231219 200637.438
0.0000000000 0.0000000000 0 0 0 0 0 0 194 17 112 1 0 0 0 0 231219 200637.638
0.0000000000 0.0000000000 0 0 0 0 0 0 28 10 112 1 0 0 0 0 231219 200637.839
0.0000000000 0.0000000000 0 0 0 0 0 0 247 249 112 1 0 0 0 0 231219 200638.039
0.0000000000 0.0000000000 0 0 0 0 0 0 174 5 112 1 0 0 0 0 231219 200638.239
0.0000000000 0.0000000000 0 0 0 0 0 0 9 3 112 1 0 0 0 0 231219 200638.439
0.0000000000 0.0000000000 0 0 0 0 0 0 0 0 112 1 0 0 0 0 231219 200638.639
0.0000000000 0.0000000000 0 0 0 0 0 0 0 0 112 1 0 0 0 0 231219 200638.839
0.0000000000 0.0000000000 0 0 0 0 0 0 0 0 112 1 0 0 0 0 231219 200639.040
0.0000000000 0.0000000000 0 0 0 0 0 0 0 0 112 1 0 0 0 0 231219 200639.240
0.0000000000 0.0000000000 0 0 0 0 0 0 0 0 112 1 0 0 0 0 231219 200639.440
0.0000000000 0.0000000000 0 0 0 0 0 0 0 0 112 1 0 0 0 0 231219 200639.640
0.0000000000 0.0000000000 0 0 0 0 0 0 0 0 112 1 0 0 0 0 231219 200639.840
0.0000000000 0.0000000000 0 0 0 0 0 0 0 0 112 1 0 0 0 0 231219 200640.041
0.0000000000 0.0000000000 0 0 0 0 0 0 0 0 112 1 0 0 0 0 231219 200640.241
0.0000000000 0.0000000000 0 0 0 0 0 0 0 0 112 1 0 0 0 0 231219 200640.441
0.0000000000 0.0000000000 0 0 0 0 0 0 0 0 112 1 0 0 0 0 231219 200640.641
0.0000000000 0.0000000000 0 0 0 0 0 0 97 239 112 1 0 0 0 0 231219 200640.842
0.0000000000 0.0000000000 0 0 0 0 0 0 237 239 112 1 0 0 0 0 231219 200641.042
0.0000000000 0.0000000000 0 0 0 0 0 0 70 237 112 1 0 0 0 0 231219 200641.242
0.0000000000 0.0000000000 0 0 0 0 0 0 34 236 112 1 0 0 0 0 231219 200641.442
0.0000000000 0.0000000000 0 0 0 0 0 0 76 232 112 1 0 0 0 0 231219 200641.642
0.0000000000 0.0000000000 0 0 0 0 0 0 243 230 112 1 0 0 0 0 231219 200641.843
0.0000000000 0.0000000000 0 0 0 0 0 0 193 230 112 1 0 0 0 0 231219 200642.043
0.0000000000 0.0000000000 0 0 0 0 0 0 98 230 112 1 0 0 0 0 231219 200642.243
0.0000000000 0.0000000000 0 0 0 0 0 0 135 227 112 1 0 0 0 0 231219 200642.443
0.0000000000 0.0000000000 0 0 0 0 0 0 202 225 112 1 0 0 0 0 231219 200642.643
0.0000000000 0.0000000000 0 0 0 0 0 0 57 227 112 1 0 0 0 0 231219 200642.844
0.0000000000 0.0000000000 0 0 0 0 0 0 120 221 112 1 0 0 0 0 231219 200643.044
0.0000000000 0.0000000000 0 0 0 0 0 0 216 213 112 1 0 0 0 0 231219 200643.244
0.0000000000 0.0000000000 0 0 0 0 0 0 122 215 112 1 0 0 0 0 231219 200643.444
0.0000000000 0.0000000000 0 0 0 0 0 0 8 214 112 1 0 0 0 0 231219 200643.644
0.0000000000 0.0000000000 0 0 0 0 0 0 149 212 112 1 0 0 0 0 231219 200643.845
0.0000000000 0.0000000000 0 0 0 0 0 0 188 212 112 1 0 0 0 0 231219 200644.045
0.0000000000 0.0000000000 0 0 0 0 0 0 72 214 112 1 0 0 0 0 231219 200644.245
0.0000000000 0.0000000000 0 0 0 0 0 0 103 209 112 1 0 0 0 0 231219 200644.445
0.0000000000 0.0000000000 0 0 0 0 0 0 68 200 112 1 0 0 0 0 231219 200644.645
0.0000000000 0.0000000000 0 0 0 0 0 0 49 206 112 1 0 0 0 0 231219 200644.846
0.0000000000 0.0000000000 0 0 0 0 0 0 14 204 112 1 0 0 0 0 231219 200645.046
0.0000000000 0.0000000000 0 0 0 0 0 0 157 201 112 1 0 0 0 0 231219 200645.246
0.0000000000 0.0000000000 0 0 0 0 0 0 104 202 112 1 0 0 0 0 231219 200645.446
0.0000000000 0.0000000000 0 0 0 0 0 0 4 201 112 1 0 0 0 0 231219 200645.646
0.0000000000 0.0000000000 0 0 0 0 0 0 104 199 112 1 0 0 0 0 231219 200645.846
0.0000000000 0.0000000000 0 0 0 0 0 0 117 198 112 1 0 0 0 0 231219 200646.047
0.0000000000 0.0000000000 0 0 0 0 0 0 148 197 112 1 0 0 0 0 231219 200646.247
0.0000000000 0.0000000000 0 0 0 0 0 0 156 183 112 1 0 0 0 0 231219 200646.447
0.0000000000 0.0000000000 0 0 0 0 0 0 84 194 112 1 0 0 0 0 231219 200646.647
0.0000000000 0.0000000000 0 0 0 0 0 0 138 183 112 1 0 0 0 0 231219 200646.847
0.0000000000 0.0000000000 0 0 0 0 0 0 123 192 112 1 0 0 0 0 231219 200647.048
0.0000000000 0.0000000000 0 0 0 0 0 0 247 194 112 1 0 0 0 0 231219 200647.248
0.0000000000 0.0000000000 0 0 0 0 0 0 45 190 112 1 0 0 0 0 231219 200647.448
0.0000000000 0.0000000000 0 0 0 0 0 0 72 189 112 1 0 0 0 0 231219 200647.648
0.0000000000 0.0000000000 0 0 0 0 0 0 92 189 112 1 0 0 0 0 231219 200647.849
0.0000000000 0.0000000000 0 0 0 0 0 0 174 188 112 1 0 0 0 0 231219 200648.049
0.0000000000 0.0000000000 0 0 0 0 0 0 219 188 112 1 0 0 0 0 231219 200648.249
0.0000000000 0.0000000000 0 0 0 0 0 0 185 186 112 1 0 0 0 0 231219 200648.449
0.0000000000 0.0000000000 0 0 0 0 0 0 147 186 112 1 0 0 0 0 231219 200648.649
0.0000000000 0.0000000000 0 0 0 0 0 0 173 185 112 1 0 0 0 0 231219 200648.850
0.0000000000 0.0000000000 0 0 0 0 0 0 85 187 112 1 0 0 0 0 231219 200649.050
0.0000000000 0.0000000000 0 0 0 0 0 0 224 185 112 1 0 0 0 0 231219 200649.250
0.0000000000 0.0000000000 0 0 0 0 0 0 60 186 112 1 0 0 0 0 231219 200649.450
0.0000000000 0.0000000000 0 0 0 0 0 0 146 187 112 1 0 0 0 0 231219 200649.650
0.0000000000 0.0000000000 0 0 0 0 0 0 231 187 112 1 0 0 0 0 231219 200649.850
0.0000000000 0.0000000000 0 0 0 0 0 0 0 0 127 0 0 0 0 0 231219 200650.051
0.0000000000 0.0000000000 0 0 0 0 0 0 0 0 127 0 0 0 0 0 231219 200650.251
0.0000000000 0.0000000000 0 0 0 0 0 0 0 0 127 0 0 0 0 0 231219 200650.451
0.0000000000 0.0000000000 0 0 0 0 0 0 0 0 127 0 0 0 0 0 231219 200650.652
0.0000000000 0.0000000000 0 0 0 0 0 0 0 0 127 0 0 0 0 0 231219 200650.852
0.0000000000 0.0000000000 0 0 0 0 0 0 0 0 127 0 0 0 0 0 231219 200651.052
0.0000000000 0.0000000000 0 0 0 0 0 0 0 0 127 0 0 0 0 0 231219 200651.252
0.0000000000 0.0000000000 0 0 0 0 0 0 0 0 127 0 0 0 0 0 231219 200651.453
0.0000000000 0.0000000000 0 0 0 0 0 0 0 0 127 0 0 0 0 0 231219 200651.653
0.0000000000 0.0000000000 0 0 0 0 0 0 0 0 127 0 0 0 0 0 231219 200651.853
0.0000000000 0.0000000000 0 0 0 0 0 0 0 0 127 0 0 0 0 0 231219 200652.053
0.0000000000 0.0000000000 0 0 0 0 0 0 0 0 127 0 0 0 0 0 231219 200652.253
0.0000000000 0.0000000000 0 0 0 0 0 0 0 0 127 0 0 0 0 0 231219 200652.454
0.0000000000 0.0000000000 0 0 0 0 0 0 0 0 127 0 0 0 0 0 231219 200652.654
0.0000000000 0.0000000000 0 0 0 0 0 0 0 0 127 0 0 0 0 0 231219 200652.854
0.0000000000 0.0000000000 0 0 0 0 0 0 0 0 127 0 0 0 0 0 231219 200653.054
0.0000000000 0.0000000000 0 0 0 0 0 0 0 0 127 0 0 0 0 0 231219 200653.255
0.0000000000 0.0000000000 0 0 0 0 0 0 0 0 127 0 0 0 0 0 231219 200653.455
0.0000000000 0.0000000000 0 0 0 0 0 0 0 0 127 0 0 0 0 0 231219 200653.655
0.0000000000 0.0000000000 0 0 0 0 0 0 0 0 127 0 0 0 0 0 231219 200653.855
0.0000000000 0.0000000000 0 0 0 0 0 0 0 0 127 0 0 0 0 0 231219 200654.055
0.0000000000 0.0000000000 0 0 0 0 0 0 0 0 127 0 0 0 0 0 231219 200654.255
0.0000000000 0.0000000000 0 0 0 0 0 0 0 0 127 0 0 0 0 0 231219 200654.456
0.0000000000 0.0000000000 0 0 0 0 0 0 0 0 127 0 0 0 0 0 231219 200654.656
0.0000000000 0.0000000000 0 0 0 0 0 0 0 0 127 0 0 0 0 0 231219 200654.856
0.0000000000 0.0000000000 0 0 0 0 0 0 0 0 127 0 0 0 0 0 231219 200655.056
0.0000000000 0.0000000000 0 0 0 0 0 0 0 0 127 0 0 0 0 0 231219 200655.256
0.0000000000 0.0000000000 0 0 0 0 0 0 0 0 127 0 0 0 0 0 231219 200655.456
0.0000000000 0.0000000000 0 0 0 0 0 0 0 0 127 0 0 0 0 0 231219 200655.656
0.0000000000 0.0000000000 0 0 0 0 0 0 0 0 127 0 0 0 0 0 231219 200655.857
