0.0000000000 0.0000000000 0 0 0 0 0 0 102 52 112 1 0 0 0 0 261119 150946.420
0.0000000000 0.0000000000 0 0 0 0 0 0 203 48 112 1 0 0 0 0 261119 150946.620
0.0000000000 0.0000000000 0 0 0 0 0 0 158 51 112 1 0 0 0 0 261119 150946.820
0.0000000000 0.0000000000 0 0 0 0 0 0 79 49 112 1 0 0 0 0 261119 150947.020
0.0000000000 0.0000000000 0 0 0 0 0 0 192 49 112 1 0 0 0 0 261119 150947.220
0.0000000000 0.0000000000 0 0 0 0 0 0 91 52 112 1 0 0 0 0 261119 150947.421
0.0000000000 0.0000000000 0 0 0 0 0 0 80 51 112 1 0 0 0 0 261119 150947.621
0.0000000000 0.0000000000 0 0 0 0 0 0 19 54 112 1 0 0 0 0 261119 150947.821
0.0000000000 0.0000000000 0 0 0 0 0 0 207 55 112 1 0 0 0 0 261119 150948.021
0.0000000000 0.0000000000 0 0 0 0 0 0 31 52 112 1 0 0 0 0 261119 150948.221
0.0000000000 0.0000000000 0 0 0 0 0 0 122 48 112 1 0 0 0 0 261119 150948.421
0.0000000000 0.0000000000 0 0 0 0 0 0 237 53 112 1 0 0 0 0 261119 150948.621
0.0000000000 0.0000000000 0 0 0 0 0 0 99 52 112 1 0 0 0 0 261119 150948.822
0.0000000000 0.0000000000 0 0 0 0 0 0 121 52 112 1 0 0 0 0 261119 150949.022
