0.0000000000 0.0000000000 0 0 0 0 0 0 52 211 127 0 0 0 0 0 191119 124039.009
0.0000000000 0.0000000000 0 0 0 0 0 0 174 209 127 0 0 0 0 0 191119 124039.209
0.0000000000 0.0000000000 0 0 0 0 0 0 62 211 127 0 0 0 0 0 191119 124039.410
0.0000000000 0.0000000000 0 0 0 0 0 0 27 224 127 0 0 0 0 0 191119 124039.610
0.0000000000 0.0000000000 0 0 0 0 0 0 78 212 127 0 0 0 0 0 191119 124039.810
0.0000000000 0.0000000000 0 0 0 0 0 0 189 210 127 0 0 0 0 0 191119 124040.011
0.0000000000 0.0000000000 0 0 0 0 0 0 125 207 127 0 0 0 0 0 191119 124040.211
0.0000000000 0.0000000000 0 0 0 0 0 0 206 206 127 0 0 0 0 0 191119 124040.411
0.0000000000 0.0000000000 0 0 0 0 0 0 189 219 127 0 0 0 0 0 191119 124040.612
0.0000000000 0.0000000000 0 0 0 0 0 0 160 205 127 0 0 0 0 0 191119 124040.813
0.0000000000 0.0000000000 0 0 0 0 0 0 84 202 127 0 0 0 0 0 191119 124041.013
0.0000000000 0.0000000000 0 0 0 0 0 0 132 205 127 0 0 0 0 0 191119 124041.213
0.0000000000 0.0000000000 0 0 0 0 0 0 2 215 127 0 0 0 0 0 191119 124041.414
0.0000000000 0.0000000000 0 0 0 0 0 0 167 227 127 0 0 0 0 0 191119 124041.614
0.0000000000 0.0000000000 0 0 0 0 0 0 60 217 127 0 0 0 0 0 191119 124041.815
0.0000000000 0.0000000000 0 0 0 0 0 0 86 214 127 0 0 0 0 0 191119 124042.015
0.0000000000 0.0000000000 0 0 0 0 0 0 169 215 127 0 0 0 0 0 191119 124042.216
0.0000000000 0.0000000000 0 0 0 0 0 0 209 212 127 0 0 0 0 0 191119 124042.416
0.0000000000 0.0000000000 0 0 0 0 0 0 163 212 127 0 0 0 0 0 191119 124042.617
0.0000000000 0.0000000000 0 0 0 0 0 0 222 213 127 0 0 0 0 0 191119 124042.817
0.0000000000 0.0000000000 0 0 0 0 0 0 129 213 127 0 0 0 0 0 191119 124043.018
0.0000000000 0.0000000000 0 0 0 0 0 0 59 224 127 0 0 0 0 0 191119 124043.218
0.0000000000 0.0000000000 0 0 0 0 0 0 246 232 127 0 0 0 0 0 191119 124043.418
0.0000000000 0.0000000000 0 0 0 0 0 0 103 225 127 0 0 0 0 0 191119 124043.619
0.0000000000 0.0000000000 0 0 0 0 0 0 61 223 127 0 0 0 0 0 191119 124043.819
0.0000000000 0.0000000000 0 0 0 0 0 0 91 221 127 0 0 0 0 0 191119 124044.019
0.0000000000 0.0000000000 0 0 0 0 0 0 58 222 127 0 0 0 0 0 191119 124044.220
0.0000000000 0.0000000000 0 0 0 0 0 0 211 222 127 0 0 0 0 0 191119 124044.420
0.0000000000 0.0000000000 0 0 0 0 0 0 104 220 127 0 0 0 0 0 191119 124044.620
0.0000000000 0.0000000000 0 0 0 0 0 0 51 223 127 0 0 0 0 0 191119 124044.821
0.0000000000 0.0000000000 0 0 0 0 0 0 128 220 127 0 0 0 0 0 191119 124045.021
0.0000000000 0.0000000000 0 0 0 0 0 0 2 220 127 0 0 0 0 0 191119 124045.221
0.0000000000 0.0000000000 0 0 0 0 0 0 161 219 127 0 0 0 0 0 191119 124045.422
0.0000000000 0.0000000000 0 0 0 0 0 0 154 223 127 0 0 0 0 0 191119 124045.622
0.0000000000 0.0000000000 0 0 0 0 0 0 27 221 127 0 0 0 0 0 191119 124045.823
0.0000000000 0.0000000000 0 0 0 0 0 0 53 218 127 0 0 0 0 0 191119 124046.023
0.0000000000 0.0000000000 0 0 0 0 0 0 217 219 127 0 0 0 0 0 191119 124046.224
0.0000000000 0.0000000000 0 0 0 0 0 0 188 215 127 0 0 0 0 0 191119 124046.424
0.0000000000 0.0000000000 0 0 0 0 0 0 206 220 127 0 0 0 0 0 191119 124046.624
0.0000000000 0.0000000000 0 0 0 0 0 0 35 220 127 0 0 0 0 0 191119 124046.825
0.0000000000 0.0000000000 0 0 0 0 0 0 15 222 127 0 0 0 0 0 191119 124047.025
0.0000000000 0.0000000000 0 0 0 0 0 0 50 219 127 0 0 0 0 0 191119 124047.225
0.0000000000 0.0000000000 0 0 0 0 0 0 224 220 127 0 0 0 0 0 191119 124047.426
0.0000000000 0.0000000000 0 0 0 0 0 0 118 219 127 0 0 0 0 0 191119 124047.626
0.0000000000 0.0000000000 0 0 0 0 0 0 37 220 127 0 0 0 0 0 191119 124047.827
0.0000000000 0.0000000000 0 0 0 0 0 0 193 217 127 0 0 0 0 0 191119 124048.027
0.0000000000 0.0000000000 0 0 0 0 0 0 96 217 127 0 0 0 0 0 191119 124048.228
0.0000000000 0.0000000000 0 0 0 0 0 0 10 223 127 0 0 0 0 0 191119 124048.428
0.0000000000 0.0000000000 0 0 0 0 0 0 109 219 127 0 0 0 0 0 191119 124048.628
0.0000000000 0.0000000000 0 0 0 0 0 0 170 219 127 0 0 0 0 0 191119 124048.829
0.0000000000 0.0000000000 0 0 0 0 0 0 173 216 127 0 0 0 0 0 191119 124049.029
0.0000000000 0.0000000000 0 0 0 0 0 0 66 221 127 0 0 0 0 0 191119 124049.230
0.0000000000 0.0000000000 0 0 0 0 0 0 182 217 127 0 0 0 0 0 191119 124049.430
0.0000000000 0.0000000000 0 0 0 0 0 0 120 217 127 0 0 0 0 0 191119 124049.630
0.0000000000 0.0000000000 0 0 0 0 0 0 200 220 127 0 0 0 0 0 191119 124049.831
0.0000000000 0.0000000000 0 0 0 0 0 0 206 218 127 0 0 0 0 0 191119 124050.031
0.0000000000 0.0000000000 0 0 0 0 0 0 34 217 127 0 0 0 0 0 191119 124050.231
0.0000000000 0.0000000000 0 0 0 0 0 0 240 215 127 0 0 0 0 0 191119 124050.432
0.0000000000 0.0000000000 0 0 0 0 0 0 235 219 127 0 0 0 0 0 191119 124050.632
0.0000000000 0.0000000000 0 0 0 0 0 0 3 215 127 0 0 0 0 0 191119 124050.833
0.0000000000 0.0000000000 0 0 0 0 0 0 226 215 127 0 0 0 0 0 191119 124051.033
0.0000000000 0.0000000000 0 0 0 0 0 0 18 217 127 0 0 0 0 0 191119 124051.234
0.0000000000 0.0000000000 0 0 0 0 0 0 39 217 127 0 0 0 0 0 191119 124051.434
0.0000000000 0.0000000000 0 0 0 0 0 0 21 218 127 0 0 0 0 0 191119 124051.634
0.0000000000 0.0000000000 0 0 0 0 0 0 4 216 127 0 0 0 0 0 191119 124051.835
0.0000000000 0.0000000000 0 0 0 0 0 0 178 215 127 0 0 0 0 0 191119 124052.035
0.0000000000 0.0000000000 0 0 0 0 0 0 149 217 127 0 0 0 0 0 191119 124052.235
0.0000000000 0.0000000000 0 0 0 0 0 0 233 212 127 0 0 0 0 0 191119 124052.435
0.0000000000 0.0000000000 0 0 0 0 0 0 118 216 127 0 0 0 0 0 191119 124052.636
0.0000000000 0.0000000000 0 0 0 0 0 0 80 214 127 0 0 0 0 0 191119 124052.836
0.0000000000 0.0000000000 0 0 0 0 0 0 162 213 127 0 0 0 0 0 191119 124053.036
0.0000000000 0.0000000000 0 0 0 0 0 0 65 213 127 0 0 0 0 0 191119 124053.237
0.0000000000 0.0000000000 0 0 0 0 0 0 94 214 127 0 0 0 0 0 191119 124053.437
0.0000000000 0.0000000000 0 0 0 0 0 0 102 213 127 0 0 0 0 0 191119 124053.637
0.0000000000 0.0000000000 0 0 0 0 0 0 202 213 127 0 0 0 0 0 191119 124053.838
0.0000000000 0.0000000000 0 0 0 0 0 0 172 213 127 0 0 0 0 0 191119 124054.038
0.0000000000 0.0000000000 0 0 0 0 0 0 190 213 127 0 0 0 0 0 191119 124054.238
0.0000000000 0.0000000000 0 0 0 0 0 0 182 213 127 0 0 0 0 0 191119 124054.439
0.0000000000 0.0000000000 0 0 0 0 0 0 225 213 127 0 0 0 0 0 191119 124054.639
0.0000000000 0.0000000000 0 0 0 0 0 0 92 212 127 0 0 0 0 0 191119 124054.839
0.0000000000 0.0000000000 0 0 0 0 0 0 149 215 127 0 0 0 0 0 191119 124055.040
0.0000000000 0.0000000000 0 0 0 0 0 0 39 211 127 0 0 0 0 0 191119 124055.240
0.0000000000 0.0000000000 0 0 0 0 0 0 69 211 127 0 0 0 0 0 191119 124055.440
0.0000000000 0.0000000000 0 0 0 0 0 0 55 212 127 0 0 0 0 0 191119 124055.640
0.0000000000 0.0000000000 0 0 0 0 0 0 88 212 127 0 0 0 0 0 191119 124055.841
0.0000000000 0.0000000000 0 0 0 0 0 0 255 210 127 0 0 0 0 0 191119 124056.041
0.0000000000 0.0000000000 0 0 0 0 0 0 24 213 127 0 0 0 0 0 191119 124056.241
0.0000000000 0.0000000000 0 0 0 0 0 0 243 211 127 0 0 0 0 0 191119 124056.442
0.0000000000 0.0000000000 0 0 0 0 0 0 195 213 127 0 0 0 0 0 191119 124056.642
0.0000000000 0.0000000000 0 0 0 0 0 0 81 214 127 0 0 0 0 0 191119 124056.842
0.0000000000 0.0000000000 0 0 0 0 0 0 168 217 127 0 0 0 0 0 191119 124057.043
0.0000000000 0.0000000000 0 0 0 0 0 0 107 210 127 0 0 0 0 0 191119 124057.243
0.0000000000 0.0000000000 0 0 0 0 0 0 170 211 127 0 0 0 0 0 191119 124057.443
0.0000000000 0.0000000000 0 0 0 0 0 0 108 211 127 0 0 0 0 0 191119 124057.644
0.0000000000 0.0000000000 0 0 0 0 0 0 62 208 127 0 0 0 0 0 191119 124057.844
0.0000000000 0.0000000000 0 0 0 0 0 0 171 213 127 0 0 0 0 0 191119 124058.044
0.0000000000 0.0000000000 0 0 0 0 0 0 146 212 127 0 0 0 0 0 191119 124058.245
0.0000000000 0.0000000000 0 0 0 0 0 0 20 211 127 0 0 0 0 0 191119 124058.445
0.0000000000 0.0000000000 0 0 0 0 0 0 101 213 127 0 0 0 0 0 191119 124058.645
0.0000000000 0.0000000000 0 0 0 0 0 0 137 207 127 0 0 0 0 0 191119 124058.846
0.0000000000 0.0000000000 0 0 0 0 0 0 213 212 127 0 0 0 0 0 191119 124059.046
0.0000000000 0.0000000000 0 0 0 0 0 0 75 209 127 0 0 0 0 0 191119 124059.246
0.0000000000 0.0000000000 0 0 0 0 0 0 12 210 127 0 0 0 0 0 191119 124059.447
0.0000000000 0.0000000000 0 0 0 0 0 0 127 208 127 0 0 0 0 0 191119 124059.647
0.0000000000 0.0000000000 0 0 0 0 0 0 227 211 127 0 0 0 0 0 191119 124059.847
0.0000000000 0.0000000000 0 0 0 0 0 0 142 211 127 0 0 0 0 0 191119 124100.048
0.0000000000 0.0000000000 0 0 0 0 0 0 148 206 127 0 0 0 0 0 191119 124100.248
0.0000000000 0.0000000000 0 0 0 0 0 0 89 208 127 0 0 0 0 0 191119 124100.448
0.0000000000 0.0000000000 0 0 0 0 0 0 239 208 127 0 0 0 0 0 191119 124100.648
0.0000000000 0.0000000000 0 0 0 0 0 0 222 208 127 0 0 0 0 0 191119 124100.849
0.0000000000 0.0000000000 0 0 0 0 0 0 248 207 127 0 0 0 0 0 191119 124101.049
0.0000000000 0.0000000000 0 0 0 0 0 0 133 206 127 0 0 0 0 0 191119 124101.250
0.0000000000 0.0000000000 0 0 0 0 0 0 193 205 127 0 0 0 0 0 191119 124101.450
0.0000000000 0.0000000000 0 0 0 0 0 0 27 208 127 0 0 0 0 0 191119 124101.651
0.0000000000 0.0000000000 0 0 0 0 0 0 76 209 127 0 0 0 0 0 191119 124101.851
0.0000000000 0.0000000000 0 0 0 0 0 0 150 207 127 0 0 0 0 0 191119 124102.052
0.0000000000 0.0000000000 0 0 0 0 0 0 66 208 127 0 0 0 0 0 191119 124102.252
0.0000000000 0.0000000000 0 0 0 0 0 0 139 207 127 0 0 0 0 0 191119 124102.453
0.0000000000 0.0000000000 0 0 0 0 0 0 134 202 127 0 0 0 0 0 191119 124102.653
0.0000000000 0.0000000000 0 0 0 0 0 0 180 203 127 0 0 0 0 0 191119 124102.853
0.0000000000 0.0000000000 0 0 0 0 0 0 247 210 127 0 0 0 0 0 191119 124103.053
0.0000000000 0.0000000000 0 0 0 0 0 0 228 206 127 0 0 0 0 0 191119 124103.254
0.0000000000 0.0000000000 0 0 0 0 0 0 120 209 127 0 0 0 0 0 191119 124103.454
0.0000000000 0.0000000000 0 0 0 0 0 0 72 205 127 0 0 0 0 0 191119 124103.654
0.0000000000 0.0000000000 0 0 0 0 0 0 131 208 127 0 0 0 0 0 191119 124103.855
0.0000000000 0.0000000000 0 0 0 0 0 0 141 204 127 0 0 0 0 0 191119 124104.055
0.0000000000 0.0000000000 0 0 0 0 0 0 233 206 127 0 0 0 0 0 191119 124104.256
0.0000000000 0.0000000000 0 0 0 0 0 0 244 204 127 0 0 0 0 0 191119 124104.456
0.0000000000 0.0000000000 0 0 0 0 0 0 0 204 127 0 0 0 0 0 191119 124104.657
0.0000000000 0.0000000000 0 0 0 0 0 0 184 204 127 0 0 0 0 0 191119 124104.857
0.0000000000 0.0000000000 0 0 0 0 0 0 233 204 127 0 0 0 0 0 191119 124105.057
0.0000000000 0.0000000000 0 0 0 0 0 0 176 204 127 0 0 0 0 0 191119 124105.258
0.0000000000 0.0000000000 0 0 0 0 0 0 129 206 127 0 0 0 0 0 191119 124105.458
0.0000000000 0.0000000000 0 0 0 0 0 0 172 208 127 0 0 0 0 0 191119 124105.658
0.0000000000 0.0000000000 0 0 0 0 0 0 3 203 127 0 0 0 0 0 191119 124105.859
0.0000000000 0.0000000000 0 0 0 0 0 0 105 204 127 0 0 0 0 0 191119 124106.059
0.0000000000 0.0000000000 0 0 0 0 0 0 210 204 127 0 0 0 0 0 191119 124106.259
0.0000000000 0.0000000000 0 0 0 0 0 0 108 205 127 0 0 0 0 0 191119 124106.459
0.0000000000 0.0000000000 0 0 0 0 0 0 157 203 127 0 0 0 0 0 191119 124106.660
0.0000000000 0.0000000000 0 0 0 0 0 0 235 203 127 0 0 0 0 0 191119 124106.860
0.0000000000 0.0000000000 0 0 0 0 0 0 15 204 127 0 0 0 0 0 191119 124107.060
0.0000000000 0.0000000000 0 0 0 0 0 0 177 205 127 0 0 0 0 0 191119 124107.261
0.0000000000 0.0000000000 0 0 0 0 0 0 108 203 127 0 0 0 0 0 191119 124107.461
0.0000000000 0.0000000000 0 0 0 0 0 0 251 205 127 0 0 0 0 0 191119 124107.662
0.0000000000 0.0000000000 0 0 0 0 0 0 136 203 127 0 0 0 0 0 191119 124107.862
0.0000000000 0.0000000000 0 0 0 0 0 0 129 205 127 0 0 0 0 0 191119 124108.062
0.0000000000 0.0000000000 0 0 0 0 0 0 83 202 127 0 0 0 0 0 191119 124108.263
0.0000000000 0.0000000000 0 0 0 0 0 0 181 203 127 0 0 0 0 0 191119 124108.463
0.0000000000 0.0000000000 0 0 0 0 0 0 200 201 127 0 0 0 0 0 191119 124108.664
0.0000000000 0.0000000000 0 0 0 0 0 0 92 200 127 0 0 0 0 0 191119 124108.864
0.0000000000 0.0000000000 0 0 0 0 0 0 226 199 127 0 0 0 0 0 191119 124109.064
0.0000000000 0.0000000000 0 0 0 0 0 0 101 202 127 0 0 0 0 0 191119 124109.264
0.0000000000 0.0000000000 0 0 0 0 0 0 122 202 127 0 0 0 0 0 191119 124109.465
0.0000000000 0.0000000000 0 0 0 0 0 0 173 203 127 0 0 0 0 0 191119 124109.665
0.0000000000 0.0000000000 0 0 0 0 0 0 73 201 127 0 0 0 0 0 191119 124109.865
0.0000000000 0.0000000000 0 0 0 0 0 0 109 203 127 0 0 0 0 0 191119 124110.066
0.0000000000 0.0000000000 0 0 0 0 0 0 244 205 127 0 0 0 0 0 191119 124110.266
0.0000000000 0.0000000000 0 0 0 0 0 0 201 200 127 0 0 0 0 0 191119 124110.466
0.0000000000 0.0000000000 0 0 0 0 0 0 167 205 127 0 0 0 0 0 191119 124110.667
0.0000000000 0.0000000000 0 0 0 0 0 0 228 201 127 0 0 0 0 0 191119 124110.867
0.0000000000 0.0000000000 0 0 0 0 0 0 14 205 127 0 0 0 0 0 191119 124111.067
0.0000000000 0.0000000000 0 0 0 0 0 0 178 198 127 0 0 0 0 0 191119 124111.268
0.0000000000 0.0000000000 0 0 0 0 0 0 232 201 127 0 0 0 0 0 191119 124111.468
0.0000000000 0.0000000000 0 0 0 0 0 0 77 199 127 0 0 0 0 0 191119 124111.668
0.0000000000 0.0000000000 0 0 0 0 0 0 68 201 127 0 0 0 0 0 191119 124111.869
0.0000000000 0.0000000000 0 0 0 0 0 0 206 204 127 0 0 0 0 0 191119 124112.069
0.0000000000 0.0000000000 0 0 0 0 0 0 103 201 127 0 0 0 0 0 191119 124112.269
0.0000000000 0.0000000000 0 0 0 0 0 0 214 202 127 0 0 0 0 0 191119 124112.470
0.0000000000 0.0000000000 0 0 0 0 0 0 184 204 127 0 0 0 0 0 191119 124112.670
0.0000000000 0.0000000000 0 0 0 0 0 0 136 203 127 0 0 0 0 0 191119 124112.870
0.0000000000 0.0000000000 0 0 0 0 0 0 228 205 127 0 0 0 0 0 191119 124113.071
0.0000000000 0.0000000000 0 0 0 0 0 0 70 203 127 0 0 0 0 0 191119 124113.271
0.0000000000 0.0000000000 0 0 0 0 0 0 192 201 127 0 0 0 0 0 191119 124113.471
0.0000000000 0.0000000000 0 0 0 0 0 0 241 203 127 0 0 0 0 0 191119 124113.672
0.0000000000 0.0000000000 0 0 0 0 0 0 140 204 127 0 0 0 0 0 191119 124113.872
0.0000000000 0.0000000000 0 0 0 0 0 0 37 205 127 0 0 0 0 0 191119 124114.072
0.0000000000 0.0000000000 0 0 0 0 0 0 102 202 127 0 0 0 0 0 191119 124114.272
0.0000000000 0.0000000000 0 0 0 0 0 0 37 205 127 0 0 0 0 0 191119 124114.473
0.0000000000 0.0000000000 0 0 0 0 0 0 85 211 127 0 0 0 0 0 191119 124114.673
0.0000000000 0.0000000000 0 0 0 0 0 0 211 211 127 0 0 0 0 0 191119 124114.873
0.0000000000 0.0000000000 0 0 0 0 0 0 194 212 127 0 0 0 0 0 191119 124115.074
0.0000000000 0.0000000000 0 0 0 0 0 0 61 210 127 0 0 0 0 0 191119 124115.274
0.0000000000 0.0000000000 0 0 0 0 0 0 44 211 127 0 0 0 0 0 191119 124115.475
0.0000000000 0.0000000000 0 0 0 0 0 0 22 211 127 0 0 0 0 0 191119 124115.675
0.0000000000 0.0000000000 0 0 0 0 0 0 81 210 127 0 0 0 0 0 191119 124115.876
0.0000000000 0.0000000000 0 0 0 0 0 0 74 215 127 0 0 0 0 0 191119 124116.076
0.0000000000 0.0000000000 0 0 0 0 0 0 92 211 127 0 0 0 0 0 191119 124116.277
0.0000000000 0.0000000000 0 0 0 0 0 0 124 210 127 0 0 0 0 0 191119 124116.477
0.0000000000 0.0000000000 0 0 0 0 0 0 231 213 127 0 0 0 0 0 191119 124116.677
0.0000000000 0.0000000000 0 0 0 0 0 0 174 209 127 0 0 0 0 0 191119 124116.877
0.0000000000 0.0000000000 0 0 0 0 0 0 125 215 127 0 0 0 0 0 191119 124117.078
0.0000000000 0.0000000000 0 0 0 0 0 0 85 213 127 0 0 0 0 0 191119 124117.278
0.0000000000 0.0000000000 0 0 0 0 0 0 156 210 127 0 0 0 0 0 191119 124117.478
0.0000000000 0.0000000000 0 0 0 0 0 0 152 215 127 0 0 0 0 0 191119 124117.679
0.0000000000 0.0000000000 0 0 0 0 0 0 10 214 127 0 0 0 0 0 191119 124117.879
0.0000000000 0.0000000000 0 0 0 0 0 0 254 213 127 0 0 0 0 0 191119 124118.079
0.0000000000 0.0000000000 0 0 0 0 0 0 102 217 127 0 0 0 0 0 191119 124118.280
0.0000000000 0.0000000000 0 0 0 0 0 0 80 212 127 0 0 0 0 0 191119 124118.480
0.0000000000 0.0000000000 0 0 0 0 0 0 26 214 127 0 0 0 0 0 191119 124118.680
0.0000000000 0.0000000000 0 0 0 0 0 0 0 0 127 0 0 0 0 0 191119 124118.881
0.0000000000 0.0000000000 0 0 0 0 0 0 0 0 127 0 0 0 0 0 191119 124119.081
0.0000000000 0.0000000000 0 0 0 0 0 0 0 0 127 0 0 0 0 0 191119 124119.282
0.0000000000 0.0000000000 0 0 0 0 0 0 0 0 127 0 0 0 0 0 191119 124119.482
0.0000000000 0.0000000000 0 0 0 0 0 0 0 0 127 0 0 0 0 0 191119 124119.682
0.0000000000 0.0000000000 0 0 0 0 0 0 0 0 127 0 0 0 0 0 191119 124119.883
