0.0000000000 0.0000000000 0 0 0 0 0 0 136 4 112 1 0 0 0 0 230919 160050.402
0.0000000000 0.0000000000 0 0 0 0 0 0 47 6 112 1 0 0 0 0 230919 160050.602
0.0000000000 0.0000000000 0 0 0 0 0 0 255 4 112 1 0 0 0 0 230919 160050.802
0.0000000000 0.0000000000 0 0 0 0 0 0 155 6 112 1 0 0 0 0 230919 160051.003
0.0000000000 0.0000000000 0 0 0 0 0 0 177 8 112 1 0 0 0 0 230919 160051.203
0.0000000000 0.0000000000 0 0 0 0 0 0 148 12 112 1 0 0 0 0 230919 160051.403
0.0000000000 0.0000000000 0 0 0 0 0 0 21 9 112 1 0 0 0 0 230919 160051.603
0.0000000000 0.0000000000 0 0 0 0 0 0 129 6 112 1 0 0 0 0 230919 160051.804
0.0000000000 0.0000000000 0 0 0 0 0 0 87 5 112 1 0 0 0 0 230919 160052.004
0.0000000000 0.0000000000 0 0 0 0 0 0 132 7 112 1 0 0 0 0 230919 160052.204
0.0000000000 0.0000000000 0 0 0 0 0 0 157 11 112 1 0 0 0 0 230919 160052.404
0.0000000000 0.0000000000 0 0 0 0 0 0 64 6 112 1 0 0 0 0 230919 160052.604
0.0000000000 0.0000000000 0 0 0 0 0 0 199 3 112 1 0 0 0 0 230919 160052.804
0.0000000000 0.0000000000 0 0 0 0 0 0 41 9 112 1 0 0 0 0 230919 160053.004
0.0000000000 0.0000000000 0 0 0 0 0 0 29 17 112 1 0 0 0 0 230919 160053.205
0.0000000000 0.0000000000 0 0 0 0 0 0 144 1 112 1 0 0 0 0 230919 160053.405
0.0000000000 0.0000000000 0 0 0 0 0 0 246 6 112 1 0 0 0 0 230919 160053.605
0.0000000000 0.0000000000 0 0 0 0 0 0 239 1 112 1 0 0 0 0 230919 160053.805
0.0000000000 0.0000000000 0 0 0 0 0 0 24 12 112 1 0 0 0 0 230919 160054.006
0.0000000000 0.0000000000 0 0 0 0 0 0 205 11 112 1 0 0 0 0 230919 160054.206
0.0000000000 0.0000000000 0 0 0 0 0 0 97 5 112 1 0 0 0 0 230919 160054.406
0.0000000000 0.0000000000 0 0 0 0 0 0 112 4 112 1 0 0 0 0 230919 160054.606
0.0000000000 0.0000000000 0 0 0 0 0 0 48 10 112 1 0 0 0 0 230919 160054.806
0.0000000000 0.0000000000 0 0 0 0 0 0 138 4 112 1 0 0 0 0 230919 160055.006
0.0000000000 0.0000000000 0 0 0 0 0 0 78 4 112 1 0 0 0 0 230919 160055.207
0.0000000000 0.0000000000 0 0 0 0 0 0 22 16 112 1 0 0 0 0 230919 160055.407
0.0000000000 0.0000000000 0 0 0 0 0 0 19 3 112 1 0 0 0 0 230919 160055.607
0.0000000000 0.0000000000 0 0 0 0 0 0 154 20 112 1 0 0 0 0 230919 160055.807
0.0000000000 0.0000000000 0 0 0 0 0 0 107 7 112 1 0 0 0 0 230919 160056.007
0.0000000000 0.0000000000 0 0 0 0 0 0 233 6 112 1 0 0 0 0 230919 160056.208
0.0000000000 0.0000000000 0 0 0 0 0 0 157 7 112 1 0 0 0 0 230919 160056.408
0.0000000000 0.0000000000 0 0 0 0 0 0 197 9 112 1 0 0 0 0 230919 160056.608
0.0000000000 0.0000000000 0 0 0 0 0 0 2 4 112 1 0 0 0 0 230919 160056.808
0.0000000000 0.0000000000 0 0 0 0 0 0 33 4 112 1 0 0 0 0 230919 160057.008
0.0000000000 0.0000000000 0 0 0 0 0 0 135 7 112 1 0 0 0 0 230919 160057.209
0.0000000000 0.0000000000 0 0 0 0 0 0 114 7 112 1 0 0 0 0 230919 160057.409
0.0000000000 0.0000000000 0 0 0 0 0 0 54 6 112 1 0 0 0 0 230919 160057.609
0.0000000000 0.0000000000 0 0 0 0 0 0 179 9 112 1 0 0 0 0 230919 160057.809
0.0000000000 0.0000000000 0 0 0 0 0 0 151 4 112 1 0 0 0 0 230919 160058.009
0.0000000000 0.0000000000 0 0 0 0 0 0 68 7 112 1 0 0 0 0 230919 160058.209
0.0000000000 0.0000000000 0 0 0 0 0 0 175 13 112 1 0 0 0 0 230919 160058.410
0.0000000000 0.0000000000 0 0 0 0 0 0 93 10 112 1 0 0 0 0 230919 160058.610
0.0000000000 0.0000000000 0 0 0 0 0 0 30 8 112 1 0 0 0 0 230919 160058.810
0.0000000000 0.0000000000 0 0 0 0 0 0 46 10 112 1 0 0 0 0 230919 160059.010
0.0000000000 0.0000000000 0 0 0 0 0 0 210 253 112 1 0 0 0 0 230919 160059.210
