0.0000000000 0.0000000000 0 0 0 0 0 0 16 55 112 1 0 0 0 0 261119 151019.023
0.0000000000 0.0000000000 0 0 0 0 0 0 131 49 112 1 0 0 0 0 261119 151019.223
0.0000000000 0.0000000000 0 0 0 0 0 0 186 53 112 1 0 0 0 0 261119 151019.423
0.0000000000 0.0000000000 0 0 0 0 0 0 244 43 112 1 0 0 0 0 261119 151019.623
0.0000000000 0.0000000000 0 0 0 0 0 0 33 51 112 1 0 0 0 0 261119 151019.823
0.0000000000 0.0000000000 0 0 0 0 0 0 129 45 112 1 0 0 0 0 261119 151020.023
0.0000000000 0.0000000000 0 0 0 0 0 0 18 45 112 1 0 0 0 0 261119 151020.223
0.0000000000 0.0000000000 0 0 0 0 0 0 91 44 112 1 0 0 0 0 261119 151020.424
0.0000000000 0.0000000000 0 0 0 0 0 0 48 45 112 1 0 0 0 0 261119 151020.624
0.0000000000 0.0000000000 0 0 0 0 0 0 42 39 112 1 0 0 0 0 261119 151020.824
0.0000000000 0.0000000000 0 0 0 0 0 0 240 36 112 1 0 0 0 0 261119 151021.024
0.0000000000 0.0000000000 0 0 0 0 0 0 198 32 112 1 0 0 0 0 261119 151021.224
0.0000000000 0.0000000000 0 0 0 0 0 0 150 43 112 1 0 0 0 0 261119 151021.424
0.0000000000 0.0000000000 0 0 0 0 0 0 216 37 112 1 0 0 0 0 261119 151021.625
0.0000000000 0.0000000000 0 0 0 0 0 0 184 31 112 1 0 0 0 0 261119 151021.825
0.0000000000 0.0000000000 0 0 0 0 0 0 220 29 112 1 0 0 0 0 261119 151022.025
0.0000000000 0.0000000000 0 0 0 0 0 0 156 38 112 1 0 0 0 0 261119 151022.225
0.0000000000 0.0000000000 0 0 0 0 0 0 203 34 112 1 0 0 0 0 261119 151022.425
0.0000000000 0.0000000000 0 0 0 0 0 0 157 22 112 1 0 0 0 0 261119 151022.625
0.0000000000 0.0000000000 0 0 0 0 0 0 39 29 112 1 0 0 0 0 261119 151022.825
0.0000000000 0.0000000000 0 0 0 0 0 0 137 29 112 1 0 0 0 0 261119 151023.026
0.0000000000 0.0000000000 0 0 0 0 0 0 66 31 112 1 0 0 0 0 261119 151023.226
0.0000000000 0.0000000000 0 0 0 0 0 0 82 23 112 1 0 0 0 0 261119 151023.426
0.0000000000 0.0000000000 0 0 0 0 0 0 52 22 112 1 0 0 0 0 261119 151023.626
0.0000000000 0.0000000000 0 0 0 0 0 0 99 14 112 1 0 0 0 0 261119 151023.826
0.0000000000 0.0000000000 0 0 0 0 0 0 167 13 112 1 0 0 0 0 261119 151024.026
0.0000000000 0.0000000000 0 0 0 0 0 0 180 14 112 1 0 0 0 0 261119 151024.227
0.0000000000 0.0000000000 0 0 0 0 0 0 96 12 112 1 0 0 0 0 261119 151024.427
0.0000000000 0.0000000000 0 0 0 0 0 0 172 22 112 1 0 0 0 0 261119 151024.627
0.0000000000 0.0000000000 0 0 0 0 0 0 133 12 112 1 0 0 0 0 261119 151024.827
0.0000000000 0.0000000000 0 0 0 0 0 0 162 17 112 1 0 0 0 0 261119 151025.027
0.0000000000 0.0000000000 0 0 0 0 0 0 195 8 112 1 0 0 0 0 261119 151025.227
0.0000000000 0.0000000000 0 0 0 0 0 0 63 17 112 1 0 0 0 0 261119 151025.427
0.0000000000 0.0000000000 0 0 0 0 0 0 204 7 112 1 0 0 0 0 261119 151025.628
0.0000000000 0.0000000000 0 0 0 0 0 0 247 253 112 1 0 0 0 0 261119 151025.828
0.0000000000 0.0000000000 0 0 0 0 0 0 18 12 112 1 0 0 0 0 261119 151026.028
0.0000000000 0.0000000000 0 0 0 0 0 0 116 8 112 1 0 0 0 0 261119 151026.228
0.0000000000 0.0000000000 0 0 0 0 0 0 220 253 112 1 0 0 0 0 261119 151026.428
0.0000000000 0.0000000000 0 0 0 0 0 0 205 7 112 1 0 0 0 0 261119 151026.628
0.0000000000 0.0000000000 0 0 0 0 0 0 66 6 112 1 0 0 0 0 261119 151026.829
0.0000000000 0.0000000000 0 0 0 0 0 0 55 250 112 1 0 0 0 0 261119 151027.029
0.0000000000 0.0000000000 0 0 0 0 0 0 176 4 112 1 0 0 0 0 261119 151027.229
0.0000000000 0.0000000000 0 0 0 0 0 0 135 2 112 1 0 0 0 0 261119 151027.429
0.0000000000 0.0000000000 0 0 0 0 0 0 6 6 112 1 0 0 0 0 261119 151027.629
0.0000000000 0.0000000000 0 0 0 0 0 0 107 247 112 1 0 0 0 0 261119 151027.829
0.0000000000 0.0000000000 0 0 0 0 0 0 55 239 112 1 0 0 0 0 261119 151028.030
0.0000000000 0.0000000000 0 0 0 0 0 0 132 249 112 1 0 0 0 0 261119 151028.230
0.0000000000 0.0000000000 0 0 0 0 0 0 0 0 112 1 0 0 0 0 261119 151028.430
0.0000000000 0.0000000000 0 0 0 0 0 0 0 0 112 1 0 0 0 0 261119 151028.630
0.0000000000 0.0000000000 0 0 0 0 0 0 0 0 112 1 0 0 0 0 261119 151028.830
0.0000000000 0.0000000000 0 0 0 0 0 0 0 0 112 1 0 0 0 0 261119 151029.030
0.0000000000 0.0000000000 0 0 0 0 0 0 0 0 112 1 0 0 0 0 261119 151029.230
0.0000000000 0.0000000000 0 0 0 0 0 0 0 0 112 1 0 0 0 0 261119 151029.431
0.0000000000 0.0000000000 0 0 0 0 0 0 0 0 112 1 0 0 0 0 261119 151029.631
0.0000000000 0.0000000000 0 0 0 0 0 0 0 0 112 1 0 0 0 0 261119 151029.831
0.0000000000 0.0000000000 0 0 0 0 0 0 0 0 112 1 0 0 0 0 261119 151030.031
0.0000000000 0.0000000000 0 0 0 0 0 0 0 0 112 1 0 0 0 0 261119 151030.231
0.0000000000 0.0000000000 0 0 0 0 0 0 0 0 112 1 0 0 0 0 261119 151030.431
0.0000000000 0.0000000000 0 0 0 0 0 0 75 234 112 1 0 0 0 0 261119 151030.632
0.0000000000 0.0000000000 0 0 0 0 0 0 3 232 112 1 0 0 0 0 261119 151030.832
0.0000000000 0.0000000000 0 0 0 0 0 0 32 237 112 1 0 0 0 0 261119 151031.032
0.0000000000 0.0000000000 0 0 0 0 0 0 4 234 112 1 0 0 0 0 261119 151031.232
0.0000000000 0.0000000000 0 0 0 0 0 0 80 219 112 1 0 0 0 0 261119 151031.432
0.0000000000 0.0000000000 0 0 0 0 0 0 103 226 112 1 0 0 0 0 261119 151031.632
0.0000000000 0.0000000000 0 0 0 0 0 0 8 226 112 1 0 0 0 0 261119 151031.833
0.0000000000 0.0000000000 0 0 0 0 0 0 137 225 112 1 0 0 0 0 261119 151032.033
0.0000000000 0.0000000000 0 0 0 0 0 0 84 218 112 1 0 0 0 0 261119 151032.233
0.0000000000 0.0000000000 0 0 0 0 0 0 206 215 112 1 0 0 0 0 261119 151032.433
0.0000000000 0.0000000000 0 0 0 0 0 0 186 210 112 1 0 0 0 0 261119 151032.633
0.0000000000 0.0000000000 0 0 0 0 0 0 141 216 112 1 0 0 0 0 261119 151032.833
0.0000000000 0.0000000000 0 0 0 0 0 0 67 220 112 1 0 0 0 0 261119 151033.033
0.0000000000 0.0000000000 0 0 0 0 0 0 240 219 112 1 0 0 0 0 261119 151033.233
0.0000000000 0.0000000000 0 0 0 0 0 0 238 211 112 1 0 0 0 0 261119 151033.434
0.0000000000 0.0000000000 0 0 0 0 0 0 135 211 112 1 0 0 0 0 261119 151033.634
0.0000000000 0.0000000000 0 0 0 0 0 0 61 214 112 1 0 0 0 0 261119 151033.834
0.0000000000 0.0000000000 0 0 0 0 0 0 194 209 112 1 0 0 0 0 261119 151034.034
0.0000000000 0.0000000000 0 0 0 0 0 0 227 214 112 1 0 0 0 0 261119 151034.234
0.0000000000 0.0000000000 0 0 0 0 0 0 5 223 112 1 0 0 0 0 261119 151034.434
0.0000000000 0.0000000000 0 0 0 0 0 0 75 217 112 1 0 0 0 0 261119 151034.635
0.0000000000 0.0000000000 0 0 0 0 0 0 142 211 112 1 0 0 0 0 261119 151034.835
0.0000000000 0.0000000000 0 0 0 0 0 0 131 211 112 1 0 0 0 0 261119 151035.035
0.0000000000 0.0000000000 0 0 0 0 0 0 147 207 112 1 0 0 0 0 261119 151035.235
0.0000000000 0.0000000000 0 0 0 0 0 0 251 215 112 1 0 0 0 0 261119 151035.435
0.0000000000 0.0000000000 0 0 0 0 0 0 30 210 112 1 0 0 0 0 261119 151035.635
0.0000000000 0.0000000000 0 0 0 0 0 0 213 218 112 1 0 0 0 0 261119 151035.835
0.0000000000 0.0000000000 0 0 0 0 0 0 11 224 112 1 0 0 0 0 261119 151036.036
0.0000000000 0.0000000000 0 0 0 0 0 0 138 221 112 1 0 0 0 0 261119 151036.236
0.0000000000 0.0000000000 0 0 0 0 0 0 60 210 112 1 0 0 0 0 261119 151036.436
0.0000000000 0.0000000000 0 0 0 0 0 0 198 210 112 1 0 0 0 0 261119 151036.636
0.0000000000 0.0000000000 0 0 0 0 0 0 92 218 112 1 0 0 0 0 261119 151036.836
0.0000000000 0.0000000000 0 0 0 0 0 0 251 217 112 1 0 0 0 0 261119 151037.036
0.0000000000 0.0000000000 0 0 0 0 0 0 38 221 112 1 0 0 0 0 261119 151037.237
0.0000000000 0.0000000000 0 0 0 0 0 0 76 217 112 1 0 0 0 0 261119 151037.437
0.0000000000 0.0000000000 0 0 0 0 0 0 40 232 112 1 0 0 0 0 261119 151037.637
0.0000000000 0.0000000000 0 0 0 0 0 0 108 220 112 1 0 0 0 0 261119 151037.837
0.0000000000 0.0000000000 0 0 0 0 0 0 228 220 112 1 0 0 0 0 261119 151038.037
0.0000000000 0.0000000000 0 0 0 0 0 0 152 223 112 1 0 0 0 0 261119 151038.237
0.0000000000 0.0000000000 0 0 0 0 0 0 253 215 112 1 0 0 0 0 261119 151038.437
0.0000000000 0.0000000000 0 0 0 0 0 0 95 227 112 1 0 0 0 0 261119 151038.638
0.0000000000 0.0000000000 0 0 0 0 0 0 196 224 112 1 0 0 0 0 261119 151038.838
0.0000000000 0.0000000000 0 0 0 0 0 0 239 223 112 1 0 0 0 0 261119 151039.038
0.0000000000 0.0000000000 0 0 0 0 0 0 178 222 112 1 0 0 0 0 261119 151039.238
0.0000000000 0.0000000000 0 0 0 0 0 0 3 218 112 1 0 0 0 0 261119 151039.438
0.0000000000 0.0000000000 0 0 0 0 0 0 22 223 112 1 0 0 0 0 261119 151039.638
0.0000000000 0.0000000000 0 0 0 0 0 0 154 230 112 1 0 0 0 0 261119 151039.839
0.0000000000 0.0000000000 0 0 0 0 0 0 125 230 112 1 0 0 0 0 261119 151040.039
0.0000000000 0.0000000000 0 0 0 0 0 0 59 228 112 1 0 0 0 0 261119 151040.239
0.0000000000 0.0000000000 0 0 0 0 0 0 83 230 112 1 0 0 0 0 261119 151040.439
0.0000000000 0.0000000000 0 0 0 0 0 0 34 227 112 1 0 0 0 0 261119 151040.639
0.0000000000 0.0000000000 0 0 0 0 0 0 222 235 112 1 0 0 0 0 261119 151040.839
0.0000000000 0.0000000000 0 0 0 0 0 0 86 229 112 1 0 0 0 0 261119 151041.039
0.0000000000 0.0000000000 0 0 0 0 0 0 101 233 112 1 0 0 0 0 261119 151041.240
0.0000000000 0.0000000000 0 0 0 0 0 0 29 233 112 1 0 0 0 0 261119 151041.440
0.0000000000 0.0000000000 0 0 0 0 0 0 252 233 112 1 0 0 0 0 261119 151041.640
0.0000000000 0.0000000000 0 0 0 0 0 0 132 233 112 1 0 0 0 0 261119 151041.840
0.0000000000 0.0000000000 0 0 0 0 0 0 83 229 112 1 0 0 0 0 261119 151042.040
0.0000000000 0.0000000000 0 0 0 0 0 0 117 244 112 1 0 0 0 0 261119 151042.240
0.0000000000 0.0000000000 0 0 0 0 0 0 21 230 112 1 0 0 0 0 261119 151042.441
0.0000000000 0.0000000000 0 0 0 0 0 0 103 228 112 1 0 0 0 0 261119 151042.641
0.0000000000 0.0000000000 0 0 0 0 0 0 181 232 112 1 0 0 0 0 261119 151042.841
0.0000000000 0.0000000000 0 0 0 0 0 0 203 238 112 1 0 0 0 0 261119 151043.041
0.0000000000 0.0000000000 0 0 0 0 0 0 140 241 112 1 0 0 0 0 261119 151043.241
0.0000000000 0.0000000000 0 0 0 0 0 0 132 240 112 1 0 0 0 0 261119 151043.441
0.0000000000 0.0000000000 0 0 0 0 0 0 207 249 112 1 0 0 0 0 261119 151043.642
0.0000000000 0.0000000000 0 0 0 0 0 0 141 245 112 1 0 0 0 0 261119 151043.842
0.0000000000 0.0000000000 0 0 0 0 0 0 147 231 112 1 0 0 0 0 261119 151044.042
0.0000000000 0.0000000000 0 0 0 0 0 0 130 242 112 1 0 0 0 0 261119 151044.242
0.0000000000 0.0000000000 0 0 0 0 0 0 157 246 112 1 0 0 0 0 261119 151044.442
0.0000000000 0.0000000000 0 0 0 0 0 0 9 248 112 1 0 0 0 0 261119 151044.642
0.0000000000 0.0000000000 0 0 0 0 0 0 213 243 112 1 0 0 0 0 261119 151044.842
0.0000000000 0.0000000000 0 0 0 0 0 0 254 245 112 1 0 0 0 0 261119 151045.043
0.0000000000 0.0000000000 0 0 0 0 0 0 252 251 112 1 0 0 0 0 261119 151045.243
0.0000000000 0.0000000000 0 0 0 0 0 0 131 248 112 1 0 0 0 0 261119 151045.443
0.0000000000 0.0000000000 0 0 0 0 0 0 4 7 112 1 0 0 0 0 261119 151045.643
0.0000000000 0.0000000000 0 0 0 0 0 0 217 244 112 1 0 0 0 0 261119 151045.843
0.0000000000 0.0000000000 0 0 0 0 0 0 236 255 112 1 0 0 0 0 261119 151046.043
0.0000000000 0.0000000000 0 0 0 0 0 0 160 250 112 1 0 0 0 0 261119 151046.243
0.0000000000 0.0000000000 0 0 0 0 0 0 61 8 112 1 0 0 0 0 261119 151046.443
0.0000000000 0.0000000000 0 0 0 0 0 0 70 249 112 1 0 0 0 0 261119 151046.644
0.0000000000 0.0000000000 0 0 0 0 0 0 39 4 112 1 0 0 0 0 261119 151046.844
0.0000000000 0.0000000000 0 0 0 0 0 0 156 1 112 1 0 0 0 0 261119 151047.044
0.0000000000 0.0000000000 0 0 0 0 0 0 0 0 112 1 0 0 0 0 261119 151047.244
0.0000000000 0.0000000000 0 0 0 0 0 0 0 0 112 1 0 0 0 0 261119 151047.444
0.0000000000 0.0000000000 0 0 0 0 0 0 0 0 112 1 0 0 0 0 261119 151047.645
0.0000000000 0.0000000000 0 0 0 0 0 0 0 0 112 1 0 0 0 0 261119 151047.845
0.0000000000 0.0000000000 0 0 0 0 0 0 0 0 112 1 0 0 0 0 261119 151048.045
0.0000000000 0.0000000000 0 0 0 0 0 0 0 0 112 1 0 0 0 0 261119 151048.245
0.0000000000 0.0000000000 0 0 0 0 0 0 0 0 112 1 0 0 0 0 261119 151048.445
0.0000000000 0.0000000000 0 0 0 0 0 0 0 0 112 1 0 0 0 0 261119 151048.645
0.0000000000 0.0000000000 0 0 0 0 0 0 0 0 112 1 0 0 0 0 261119 151048.846
0.0000000000 0.0000000000 0 0 0 0 0 0 0 0 112 1 0 0 0 0 261119 151049.046
0.0000000000 0.0000000000 0 0 0 0 0 0 0 0 112 1 0 0 0 0 261119 151049.246
0.0000000000 0.0000000000 0 0 0 0 0 0 0 0 112 1 0 0 0 0 261119 151049.446
0.0000000000 0.0000000000 0 0 0 0 0 0 0 0 112 1 0 0 0 0 261119 151049.646
0.0000000000 0.0000000000 0 0 0 0 0 0 0 0 112 1 0 0 0 0 261119 151049.846
0.0000000000 0.0000000000 0 0 0 0 0 0 97 37 112 1 0 0 0 0 261119 151050.046
0.0000000000 0.0000000000 0 0 0 0 0 0 209 14 112 1 0 0 0 0 261119 151050.247
0.0000000000 0.0000000000 0 0 0 0 0 0 71 23 112 1 0 0 0 0 261119 151050.447
0.0000000000 0.0000000000 0 0 0 0 0 0 51 19 112 1 0 0 0 0 261119 151050.647
0.0000000000 0.0000000000 0 0 0 0 0 0 54 27 112 1 0 0 0 0 261119 151050.847
0.0000000000 0.0000000000 0 0 0 0 0 0 93 15 112 1 0 0 0 0 261119 151051.047
0.0000000000 0.0000000000 0 0 0 0 0 0 79 17 112 1 0 0 0 0 261119 151051.247
0.0000000000 0.0000000000 0 0 0 0 0 0 16 30 112 1 0 0 0 0 261119 151051.448
0.0000000000 0.0000000000 0 0 0 0 0 0 77 37 112 1 0 0 0 0 261119 151051.648
0.0000000000 0.0000000000 0 0 0 0 0 0 186 37 112 1 0 0 0 0 261119 151051.848
0.0000000000 0.0000000000 0 0 0 0 0 0 200 36 112 1 0 0 0 0 261119 151052.048
0.0000000000 0.0000000000 0 0 0 0 0 0 105 37 112 1 0 0 0 0 261119 151052.248
0.0000000000 0.0000000000 0 0 0 0 0 0 126 38 112 1 0 0 0 0 261119 151052.448
0.0000000000 0.0000000000 0 0 0 0 0 0 159 33 112 1 0 0 0 0 261119 151052.649
0.0000000000 0.0000000000 0 0 0 0 0 0 221 30 112 1 0 0 0 0 261119 151052.849
0.0000000000 0.0000000000 0 0 0 0 0 0 115 36 112 1 0 0 0 0 261119 151053.049
0.0000000000 0.0000000000 0 0 0 0 0 0 67 36 112 1 0 0 0 0 261119 151053.249
0.0000000000 0.0000000000 0 0 0 0 0 0 23 38 112 1 0 0 0 0 261119 151053.449
0.0000000000 0.0000000000 0 0 0 0 0 0 157 41 112 1 0 0 0 0 261119 151053.649
0.0000000000 0.0000000000 0 0 0 0 0 0 44 36 112 1 0 0 0 0 261119 151053.849
0.0000000000 0.0000000000 0 0 0 0 0 0 130 42 112 1 0 0 0 0 261119 151054.050
0.0000000000 0.0000000000 0 0 0 0 0 0 48 49 112 1 0 0 0 0 261119 151054.250
0.0000000000 0.0000000000 0 0 0 0 0 0 19 43 112 1 0 0 0 0 261119 151054.450
0.0000000000 0.0000000000 0 0 0 0 0 0 250 38 112 1 0 0 0 0 261119 151054.650
0.0000000000 0.0000000000 0 0 0 0 0 0 226 33 112 1 0 0 0 0 261119 151054.850
0.0000000000 0.0000000000 0 0 0 0 0 0 21 37 112 1 0 0 0 0 261119 151055.050
0.0000000000 0.0000000000 0 0 0 0 0 0 110 30 112 1 0 0 0 0 261119 151055.251
0.0000000000 0.0000000000 0 0 0 0 0 0 22 36 112 1 0 0 0 0 261119 151055.451
0.0000000000 0.0000000000 0 0 0 0 0 0 67 44 112 1 0 0 0 0 261119 151055.651
0.0000000000 0.0000000000 0 0 0 0 0 0 133 33 112 1 0 0 0 0 261119 151055.851
0.0000000000 0.0000000000 0 0 0 0 0 0 120 37 112 1 0 0 0 0 261119 151056.051
0.0000000000 0.0000000000 0 0 0 0 0 0 4 35 112 1 0 0 0 0 261119 151056.251
0.0000000000 0.0000000000 0 0 0 0 0 0 69 36 112 1 0 0 0 0 261119 151056.451
0.0000000000 0.0000000000 0 0 0 0 0 0 117 34 112 1 0 0 0 0 261119 151056.652
0.0000000000 0.0000000000 0 0 0 0 0 0 216 39 112 1 0 0 0 0 261119 151056.852
0.0000000000 0.0000000000 0 0 0 0 0 0 84 41 112 1 0 0 0 0 261119 151057.052
0.0000000000 0.0000000000 0 0 0 0 0 0 19 35 112 1 0 0 0 0 261119 151057.252
0.0000000000 0.0000000000 0 0 0 0 0 0 215 38 112 1 0 0 0 0 261119 151057.452
0.0000000000 0.0000000000 0 0 0 0 0 0 101 44 112 1 0 0 0 0 261119 151057.652
0.0000000000 0.0000000000 0 0 0 0 0 0 156 34 112 1 0 0 0 0 261119 151057.853
0.0000000000 0.0000000000 0 0 0 0 0 0 11 36 112 1 0 0 0 0 261119 151058.053
0.0000000000 0.0000000000 0 0 0 0 0 0 154 29 112 1 0 0 0 0 261119 151058.253
0.0000000000 0.0000000000 0 0 0 0 0 0 168 36 112 1 0 0 0 0 261119 151058.453
0.0000000000 0.0000000000 0 0 0 0 0 0 144 27 112 1 0 0 0 0 261119 151058.653
0.0000000000 0.0000000000 0 0 0 0 0 0 39 30 112 1 0 0 0 0 261119 151058.853
0.0000000000 0.0000000000 0 0 0 0 0 0 177 21 112 1 0 0 0 0 261119 151059.053
0.0000000000 0.0000000000 0 0 0 0 0 0 64 27 112 1 0 0 0 0 261119 151059.254
0.0000000000 0.0000000000 0 0 0 0 0 0 123 27 112 1 0 0 0 0 261119 151059.454
0.0000000000 0.0000000000 0 0 0 0 0 0 155 31 112 1 0 0 0 0 261119 151059.654
0.0000000000 0.0000000000 0 0 0 0 0 0 156 30 112 1 0 0 0 0 261119 151059.854
0.0000000000 0.0000000000 0 0 0 0 0 0 14 22 112 1 0 0 0 0 261119 151100.054
0.0000000000 0.0000000000 0 0 0 0 0 0 203 25 112 1 0 0 0 0 261119 151100.254
0.0000000000 0.0000000000 0 0 0 0 0 0 75 27 112 1 0 0 0 0 261119 151100.455
0.0000000000 0.0000000000 0 0 0 0 0 0 107 20 112 1 0 0 0 0 261119 151100.655
0.0000000000 0.0000000000 0 0 0 0 0 0 214 19 112 1 0 0 0 0 261119 151100.855
0.0000000000 0.0000000000 0 0 0 0 0 0 206 18 112 1 0 0 0 0 261119 151101.055
0.0000000000 0.0000000000 0 0 0 0 0 0 235 20 112 1 0 0 0 0 261119 151101.255
0.0000000000 0.0000000000 0 0 0 0 0 0 246 22 112 1 0 0 0 0 261119 151101.455
0.0000000000 0.0000000000 0 0 0 0 0 0 20 24 112 1 0 0 0 0 261119 151101.656
0.0000000000 0.0000000000 0 0 0 0 0 0 71 18 112 1 0 0 0 0 261119 151101.856
0.0000000000 0.0000000000 0 0 0 0 0 0 190 21 112 1 0 0 0 0 261119 151102.056
0.0000000000 0.0000000000 0 0 0 0 0 0 152 21 112 1 0 0 0 0 261119 151102.256
0.0000000000 0.0000000000 0 0 0 0 0 0 113 14 112 1 0 0 0 0 261119 151102.456
0.0000000000 0.0000000000 0 0 0 0 0 0 240 9 112 1 0 0 0 0 261119 151102.656
0.0000000000 0.0000000000 0 0 0 0 0 0 234 16 112 1 0 0 0 0 261119 151102.856
0.0000000000 0.0000000000 0 0 0 0 0 0 178 18 112 1 0 0 0 0 261119 151103.057
0.0000000000 0.0000000000 0 0 0 0 0 0 138 14 112 1 0 0 0 0 261119 151103.257
0.0000000000 0.0000000000 0 0 0 0 0 0 94 7 112 1 0 0 0 0 261119 151103.457
0.0000000000 0.0000000000 0 0 0 0 0 0 165 12 112 1 0 0 0 0 261119 151103.657
0.0000000000 0.0000000000 0 0 0 0 0 0 23 8 112 1 0 0 0 0 261119 151103.857
0.0000000000 0.0000000000 0 0 0 0 0 0 201 253 112 1 0 0 0 0 261119 151104.057
0.0000000000 0.0000000000 0 0 0 0 0 0 96 19 112 1 0 0 0 0 261119 151104.257
0.0000000000 0.0000000000 0 0 0 0 0 0 179 5 112 1 0 0 0 0 261119 151104.458
0.0000000000 0.0000000000 0 0 0 0 0 0 41 8 112 1 0 0 0 0 261119 151104.658
0.0000000000 0.0000000000 0 0 0 0 0 0 51 254 112 1 0 0 0 0 261119 151104.858
0.0000000000 0.0000000000 0 0 0 0 0 0 101 3 112 1 0 0 0 0 261119 151105.058
0.0000000000 0.0000000000 0 0 0 0 0 0 93 8 112 1 0 0 0 0 261119 151105.258
0.0000000000 0.0000000000 0 0 0 0 0 0 9 248 112 1 0 0 0 0 261119 151105.458
0.0000000000 0.0000000000 0 0 0 0 0 0 163 0 112 1 0 0 0 0 261119 151105.658
0.0000000000 0.0000000000 0 0 0 0 0 0 87 246 112 1 0 0 0 0 261119 151105.859
0.0000000000 0.0000000000 0 0 0 0 0 0 214 246 112 1 0 0 0 0 261119 151106.059
0.0000000000 0.0000000000 0 0 0 0 0 0 89 1 112 1 0 0 0 0 261119 151106.259
0.0000000000 0.0000000000 0 0 0 0 0 0 0 0 112 1 0 0 0 0 261119 151106.459
0.0000000000 0.0000000000 0 0 0 0 0 0 0 0 112 1 0 0 0 0 261119 151106.659
0.0000000000 0.0000000000 0 0 0 0 0 0 0 0 112 1 0 0 0 0 261119 151106.859
0.0000000000 0.0000000000 0 0 0 0 0 0 0 0 112 1 0 0 0 0 261119 151107.060
0.0000000000 0.0000000000 0 0 0 0 0 0 0 0 112 1 0 0 0 0 261119 151107.260
0.0000000000 0.0000000000 0 0 0 0 0 0 0 0 112 1 0 0 0 0 261119 151107.460
0.0000000000 0.0000000000 0 0 0 0 0 0 0 0 112 1 0 0 0 0 261119 151107.660
0.0000000000 0.0000000000 0 0 0 0 0 0 0 0 112 1 0 0 0 0 261119 151107.860
0.0000000000 0.0000000000 0 0 0 0 0 0 0 0 112 1 0 0 0 0 261119 151108.060
0.0000000000 0.0000000000 0 0 0 0 0 0 0 0 112 1 0 0 0 0 261119 151108.260
0.0000000000 0.0000000000 0 0 0 0 0 0 0 0 127 0 0 0 0 0 261119 151108.461
0.0000000000 0.0000000000 0 0 0 0 0 0 0 0 127 0 0 0 0 0 261119 151108.661
0.0000000000 0.0000000000 0 0 0 0 0 0 0 0 127 0 0 0 0 0 261119 151108.861
0.0000000000 0.0000000000 0 0 0 0 0 0 0 0 127 0 0 0 0 0 261119 151109.061
0.0000000000 0.0000000000 0 0 0 0 0 0 0 0 127 0 0 0 0 0 261119 151109.261
0.0000000000 0.0000000000 0 0 0 0 0 0 0 0 127 0 0 0 0 0 261119 151109.462
0.0000000000 0.0000000000 0 0 0 0 0 0 0 0 127 0 0 0 0 0 261119 151109.662
0.0000000000 0.0000000000 0 0 0 0 0 0 0 0 127 0 0 0 0 0 261119 151109.862
0.0000000000 0.0000000000 0 0 0 0 0 0 0 0 127 0 0 0 0 0 261119 151110.062
0.0000000000 0.0000000000 0 0 0 0 0 0 0 0 127 0 0 0 0 0 261119 151110.262
0.0000000000 0.0000000000 0 0 0 0 0 0 0 0 127 0 0 0 0 0 261119 151110.463
0.0000000000 0.0000000000 0 0 0 0 0 0 0 0 127 0 0 0 0 0 261119 151110.663
0.0000000000 0.0000000000 0 0 0 0 0 0 0 0 127 0 0 0 0 0 261119 151110.863
0.0000000000 0.0000000000 0 0 0 0 0 0 0 0 127 0 0 0 0 0 261119 151111.063
0.0000000000 0.0000000000 0 0 0 0 0 0 0 0 127 0 0 0 0 0 261119 151111.263
0.0000000000 0.0000000000 0 0 0 0 0 0 0 0 127 0 0 0 0 0 261119 151111.463
0.0000000000 0.0000000000 0 0 0 0 0 0 0 0 127 0 0 0 0 0 261119 151111.664
0.0000000000 0.0000000000 0 0 0 0 0 0 0 0 127 0 0 0 0 0 261119 151111.864
0.0000000000 0.0000000000 0 0 0 0 0 0 0 0 127 0 0 0 0 0 261119 151112.064
0.0000000000 0.0000000000 0 0 0 0 0 0 0 0 127 0 0 0 0 0 261119 151112.264
0.0000000000 0.0000000000 0 0 0 0 0 0 0 0 127 0 0 0 0 0 261119 151112.464
0.0000000000 0.0000000000 0 0 0 0 0 0 0 0 127 0 0 0 0 0 261119 151112.665
0.0000000000 0.0000000000 0 0 0 0 0 0 0 0 127 0 0 0 0 0 261119 151112.865
0.0000000000 0.0000000000 0 0 0 0 0 0 0 0 127 0 0 0 0 0 261119 151113.065
0.0000000000 0.0000000000 0 0 0 0 0 0 0 0 127 0 0 0 0 0 261119 151113.265
0.0000000000 0.0000000000 0 0 0 0 0 0 0 0 127 0 0 0 0 0 261119 151113.465
0.0000000000 0.0000000000 0 0 0 0 0 0 0 0 127 0 0 0 0 0 261119 151113.665
0.0000000000 0.0000000000 0 0 0 0 0 0 0 0 127 0 0 0 0 0 261119 151113.866
0.0000000000 0.0000000000 0 0 0 0 0 0 0 0 127 0 0 0 0 0 261119 151114.066
0.0000000000 0.0000000000 0 0 0 0 0 0 0 0 127 0 0 0 0 0 261119 151114.266
0.0000000000 0.0000000000 0 0 0 0 0 0 0 0 127 0 0 0 0 0 261119 151114.466
0.0000000000 0.0000000000 0 0 0 0 0 0 0 0 127 0 0 0 0 0 261119 151114.666
0.0000000000 0.0000000000 0 0 0 0 0 0 0 0 127 0 0 0 0 0 261119 151114.866
0.0000000000 0.0000000000 0 0 0 0 0 0 0 0 127 0 0 0 0 0 261119 151115.067
0.0000000000 0.0000000000 0 0 0 0 0 0 0 0 127 0 0 0 0 0 261119 151115.267
0.0000000000 0.0000000000 0 0 0 0 0 0 0 0 127 0 0 0 0 0 261119 151115.467
0.0000000000 0.0000000000 0 0 0 0 0 0 0 0 127 0 0 0 0 0 261119 151115.667
0.0000000000 0.0000000000 0 0 0 0 0 0 0 0 127 0 0 0 0 0 261119 151115.867
0.0000000000 0.0000000000 0 0 0 0 0 0 0 0 127 0 0 0 0 0 261119 151116.068
0.0000000000 0.0000000000 0 0 0 0 0 0 0 0 127 0 0 0 0 0 261119 151116.268
0.0000000000 0.0000000000 0 0 0 0 0 0 0 0 127 0 0 0 0 0 261119 151116.468
0.0000000000 0.0000000000 0 0 0 0 0 0 0 0 127 0 0 0 0 0 261119 151116.668
0.0000000000 0.0000000000 0 0 0 0 0 0 0 0 127 0 0 0 0 0 261119 151116.868
0.0000000000 0.0000000000 0 0 0 0 0 0 0 0 127 0 0 0 0 0 261119 151117.069
0.0000000000 0.0000000000 0 0 0 0 0 0 0 0 127 0 0 0 0 0 261119 151117.269
0.0000000000 0.0000000000 0 0 0 0 0 0 0 0 127 0 0 0 0 0 261119 151117.469
0.0000000000 0.0000000000 0 0 0 0 0 0 0 0 127 0 0 0 0 0 261119 151117.669
0.0000000000 0.0000000000 0 0 0 0 0 0 0 0 127 0 0 0 0 0 261119 151117.869
0.0000000000 0.0000000000 0 0 0 0 0 0 0 0 127 0 0 0 0 0 261119 151118.069
0.0000000000 0.0000000000 0 0 0 0 0 0 0 0 127 0 0 0 0 0 261119 151118.270
0.0000000000 0.0000000000 0 0 0 0 0 0 0 0 127 0 0 0 0 0 261119 151118.470
0.0000000000 0.0000000000 0 0 0 0 0 0 0 0 127 0 0 0 0 0 261119 151118.670
0.0000000000 0.0000000000 0 0 0 0 0 0 0 0 127 0 0 0 0 0 261119 151118.870
0.0000000000 0.0000000000 0 0 0 0 0 0 0 0 127 0 0 0 0 0 261119 151119.070
0.0000000000 0.0000000000 0 0 0 0 0 0 0 0 127 0 0 0 0 0 261119 151119.271
0.0000000000 0.0000000000 0 0 0 0 0 0 0 0 127 0 0 0 0 0 261119 151119.471
0.0000000000 0.0000000000 0 0 0 0 0 0 0 0 127 0 0 0 0 0 261119 151119.671
0.0000000000 0.0000000000 0 0 0 0 0 0 0 0 127 0 0 0 0 0 261119 151119.871
0.0000000000 0.0000000000 0 0 0 0 0 0 0 0 127 0 0 0 0 0 261119 151120.071
0.0000000000 0.0000000000 0 0 0 0 0 0 0 0 127 0 0 0 0 0 261119 151120.271
0.0000000000 0.0000000000 0 0 0 0 0 0 0 0 127 0 0 0 0 0 261119 151120.471
0.0000000000 0.0000000000 0 0 0 0 0 0 0 0 127 0 0 0 0 0 261119 151120.672
0.0000000000 0.0000000000 0 0 0 0 0 0 0 0 127 0 0 0 0 0 261119 151120.872
0.0000000000 0.0000000000 0 0 0 0 0 0 0 0 127 0 0 0 0 0 261119 151121.072
0.0000000000 0.0000000000 0 0 0 0 0 0 0 0 127 0 0 0 0 0 261119 151121.272
0.0000000000 0.0000000000 0 0 0 0 0 0 0 0 127 0 0 0 0 0 261119 151121.472
0.0000000000 0.0000000000 0 0 0 0 0 0 0 0 127 0 0 0 0 0 261119 151121.672
0.0000000000 0.0000000000 0 0 0 0 0 0 0 0 127 0 0 0 0 0 261119 151121.873
0.0000000000 0.0000000000 0 0 0 0 0 0 0 0 127 0 0 0 0 0 261119 151122.073
0.0000000000 0.0000000000 0 0 0 0 0 0 0 0 127 0 0 0 0 0 261119 151122.273
0.0000000000 0.0000000000 0 0 0 0 0 0 0 0 127 0 0 0 0 0 261119 151122.473
0.0000000000 0.0000000000 0 0 0 0 0 0 0 0 127 0 0 0 0 0 261119 151122.673
0.0000000000 0.0000000000 0 0 0 0 0 0 0 0 127 0 0 0 0 0 261119 151122.874
0.0000000000 0.0000000000 0 0 0 0 0 0 0 0 127 0 0 0 0 0 261119 151123.074
0.0000000000 0.0000000000 0 0 0 0 0 0 0 0 127 0 0 0 0 0 261119 151123.274
0.0000000000 0.0000000000 0 0 0 0 0 0 0 0 127 0 0 0 0 0 261119 151123.474
0.0000000000 0.0000000000 0 0 0 0 0 0 0 0 127 0 0 0 0 0 261119 151123.674
0.0000000000 0.0000000000 0 0 0 0 0 0 0 0 127 0 0 0 0 0 261119 151123.874
0.0000000000 0.0000000000 0 0 0 0 0 0 0 0 127 0 0 0 0 0 261119 151124.075
0.0000000000 0.0000000000 0 0 0 0 0 0 0 0 127 0 0 0 0 0 261119 151124.275
0.0000000000 0.0000000000 0 0 0 0 0 0 0 0 127 0 0 0 0 0 261119 151124.475
0.0000000000 0.0000000000 0 0 0 0 0 0 0 0 127 0 0 0 0 0 261119 151124.675
0.0000000000 0.0000000000 0 0 0 0 0 0 0 0 127 0 0 0 0 0 261119 151124.875
0.0000000000 0.0000000000 0 0 0 0 0 0 0 0 127 0 0 0 0 0 261119 151125.075
0.0000000000 0.0000000000 0 0 0 0 0 0 0 0 127 0 0 0 0 0 261119 151125.276
0.0000000000 0.0000000000 0 0 0 0 0 0 0 0 127 0 0 0 0 0 261119 151125.476
0.0000000000 0.0000000000 0 0 0 0 0 0 0 0 127 0 0 0 0 0 261119 151125.676
0.0000000000 0.0000000000 0 0 0 0 0 0 0 0 127 0 0 0 0 0 261119 151125.876
0.0000000000 0.0000000000 0 0 0 0 0 0 0 0 127 0 0 0 0 0 261119 151126.076
0.0000000000 0.0000000000 0 0 0 0 0 0 0 0 127 0 0 0 0 0 261119 151126.277
0.0000000000 0.0000000000 0 0 0 0 0 0 0 0 127 0 0 0 0 0 261119 151126.477
0.0000000000 0.0000000000 0 0 0 0 0 0 0 0 127 0 0 0 0 0 261119 151126.677
0.0000000000 0.0000000000 0 0 0 0 0 0 0 0 127 0 0 0 0 0 261119 151126.877
0.0000000000 0.0000000000 0 0 0 0 0 0 0 0 127 0 0 0 0 0 261119 151127.077
0.0000000000 0.0000000000 0 0 0 0 0 0 0 0 127 0 0 0 0 0 261119 151127.278
0.0000000000 0.0000000000 0 0 0 0 0 0 0 0 127 0 0 0 0 0 261119 151127.478
0.0000000000 0.0000000000 0 0 0 0 0 0 0 0 127 0 0 0 0 0 261119 151127.678
0.0000000000 0.0000000000 0 0 0 0 0 0 0 0 127 0 0 0 0 0 261119 151127.878
0.0000000000 0.0000000000 0 0 0 0 0 0 0 0 127 0 0 0 0 0 261119 151128.078
0.0000000000 0.0000000000 0 0 0 0 0 0 0 0 127 0 0 0 0 0 261119 151128.278
0.0000000000 0.0000000000 0 0 0 0 0 0 0 0 127 0 0 0 0 0 261119 151128.479
0.0000000000 0.0000000000 0 0 0 0 0 0 0 0 127 0 0 0 0 0 261119 151128.679
0.0000000000 0.0000000000 0 0 0 0 0 0 0 0 127 0 0 0 0 0 261119 151128.879
0.0000000000 0.0000000000 0 0 0 0 0 0 0 0 127 0 0 0 0 0 261119 151129.079
0.0000000000 0.0000000000 0 0 0 0 0 0 0 0 127 0 0 0 0 0 261119 151129.279
0.0000000000 0.0000000000 0 0 0 0 0 0 0 0 127 0 0 0 0 0 261119 151129.480
0.0000000000 0.0000000000 0 0 0 0 0 0 0 0 127 0 0 0 0 0 261119 151129.680
0.0000000000 0.0000000000 0 0 0 0 0 0 0 0 127 0 0 0 0 0 261119 151129.880
0.0000000000 0.0000000000 0 0 0 0 0 0 0 0 127 0 0 0 0 0 261119 151130.080
0.0000000000 0.0000000000 0 0 0 0 0 0 0 0 127 0 0 0 0 0 261119 151130.280
0.0000000000 0.0000000000 0 0 0 0 0 0 0 0 127 0 0 0 0 0 261119 151130.480
0.0000000000 0.0000000000 0 0 0 0 0 0 0 0 127 0 0 0 0 0 261119 151130.681
0.0000000000 0.0000000000 0 0 0 0 0 0 0 0 127 0 0 0 0 0 261119 151130.881
0.0000000000 0.0000000000 0 0 0 0 0 0 0 0 127 0 0 0 0 0 261119 151131.081
0.0000000000 0.0000000000 0 0 0 0 0 0 0 0 127 0 0 0 0 0 261119 151131.281
0.0000000000 0.0000000000 0 0 0 0 0 0 0 0 127 0 0 0 0 0 261119 151131.481
0.0000000000 0.0000000000 0 0 0 0 0 0 0 0 127 0 0 0 0 0 261119 151131.681
0.0000000000 0.0000000000 0 0 0 0 0 0 0 0 127 0 0 0 0 0 261119 151131.882
0.0000000000 0.0000000000 0 0 0 0 0 0 0 0 127 0 0 0 0 0 261119 151132.082
0.0000000000 0.0000000000 0 0 0 0 0 0 0 0 127 0 0 0 0 0 261119 151132.282
0.0000000000 0.0000000000 0 0 0 0 0 0 0 0 127 0 0 0 0 0 261119 151132.482
0.0000000000 0.0000000000 0 0 0 0 0 0 0 0 127 0 0 0 0 0 261119 151132.682
0.0000000000 0.0000000000 0 0 0 0 0 0 0 0 127 0 0 0 0 0 261119 151132.883
0.0000000000 0.0000000000 0 0 0 0 0 0 0 0 127 0 0 0 0 0 261119 151133.083
0.0000000000 0.0000000000 0 0 0 0 0 0 0 0 127 0 0 0 0 0 261119 151133.283
0.0000000000 0.0000000000 0 0 0 0 0 0 0 0 127 0 0 0 0 0 261119 151133.483
0.0000000000 0.0000000000 0 0 0 0 0 0 0 0 127 0 0 0 0 0 261119 151133.683
0.0000000000 0.0000000000 0 0 0 0 0 0 0 0 127 0 0 0 0 0 261119 151133.883
0.0000000000 0.0000000000 0 0 0 0 0 0 0 0 127 0 0 0 0 0 261119 151134.084
0.0000000000 0.0000000000 0 0 0 0 0 0 0 0 127 0 0 0 0 0 261119 151134.284
0.0000000000 0.0000000000 0 0 0 0 0 0 0 0 127 0 0 0 0 0 261119 151134.484
0.0000000000 0.0000000000 0 0 0 0 0 0 0 0 127 0 0 0 0 0 261119 151134.684
0.0000000000 0.0000000000 0 0 0 0 0 0 0 0 127 0 0 0 0 0 261119 151134.884
0.0000000000 0.0000000000 0 0 0 0 0 0 0 0 127 0 0 0 0 0 261119 151135.084
0.0000000000 0.0000000000 0 0 0 0 0 0 0 0 127 0 0 0 0 0 261119 151135.285
0.0000000000 0.0000000000 0 0 0 0 0 0 0 0 127 0 0 0 0 0 261119 151135.485
0.0000000000 0.0000000000 0 0 0 0 0 0 0 0 127 0 0 0 0 0 261119 151135.685
0.0000000000 0.0000000000 0 0 0 0 0 0 0 0 127 0 0 0 0 0 261119 151135.885
0.0000000000 0.0000000000 0 0 0 0 0 0 0 0 127 0 0 0 0 0 261119 151136.085
0.0000000000 0.0000000000 0 0 0 0 0 0 0 0 127 0 0 0 0 0 261119 151136.285
0.0000000000 0.0000000000 0 0 0 0 0 0 0 0 127 0 0 0 0 0 261119 151136.486
0.0000000000 0.0000000000 0 0 0 0 0 0 0 0 127 0 0 0 0 0 261119 151136.686
0.0000000000 0.0000000000 0 0 0 0 0 0 0 0 127 0 0 0 0 0 261119 151136.886
0.0000000000 0.0000000000 0 0 0 0 0 0 0 0 127 0 0 0 0 0 261119 151137.086
0.0000000000 0.0000000000 0 0 0 0 0 0 0 0 127 0 0 0 0 0 261119 151137.286
0.0000000000 0.0000000000 0 0 0 0 0 0 0 0 127 0 0 0 0 0 261119 151137.486
0.0000000000 0.0000000000 0 0 0 0 0 0 0 0 127 0 0 0 0 0 261119 151137.687
0.0000000000 0.0000000000 0 0 0 0 0 0 0 0 127 0 0 0 0 0 261119 151137.887
0.0000000000 0.0000000000 0 0 0 0 0 0 0 0 127 0 0 0 0 0 261119 151138.087
0.0000000000 0.0000000000 0 0 0 0 0 0 0 0 127 0 0 0 0 0 261119 151138.287
0.0000000000 0.0000000000 0 0 0 0 0 0 0 0 127 0 0 0 0 0 261119 151138.487
0.0000000000 0.0000000000 0 0 0 0 0 0 0 0 127 0 0 0 0 0 261119 151138.687
0.0000000000 0.0000000000 0 0 0 0 0 0 0 0 127 0 0 0 0 0 261119 151138.888
0.0000000000 0.0000000000 0 0 0 0 0 0 0 0 127 0 0 0 0 0 261119 151139.088
0.0000000000 0.0000000000 0 0 0 0 0 0 0 0 127 0 0 0 0 0 261119 151139.288
0.0000000000 0.0000000000 0 0 0 0 0 0 0 0 127 0 0 0 0 0 261119 151139.488
0.0000000000 0.0000000000 0 0 0 0 0 0 0 0 127 0 0 0 0 0 261119 151139.688
0.0000000000 0.0000000000 0 0 0 0 0 0 0 0 127 0 0 0 0 0 261119 151139.889
0.0000000000 0.0000000000 0 0 0 0 0 0 0 0 127 0 0 0 0 0 261119 151140.089
0.0000000000 0.0000000000 0 0 0 0 0 0 0 0 127 0 0 0 0 0 261119 151140.289
0.0000000000 0.0000000000 0 0 0 0 0 0 0 0 127 0 0 0 0 0 261119 151140.489
0.0000000000 0.0000000000 0 0 0 0 0 0 0 0 127 0 0 0 0 0 261119 151140.689
0.0000000000 0.0000000000 0 0 0 0 0 0 0 0 127 0 0 0 0 0 261119 151140.890
0.0000000000 0.0000000000 0 0 0 0 0 0 0 0 127 0 0 0 0 0 261119 151141.090
0.0000000000 0.0000000000 0 0 0 0 0 0 0 0 127 0 0 0 0 0 261119 151141.290
0.0000000000 0.0000000000 0 0 0 0 0 0 0 0 127 0 0 0 0 0 261119 151141.490
0.0000000000 0.0000000000 0 0 0 0 0 0 0 0 127 0 0 0 0 0 261119 151141.690
0.0000000000 0.0000000000 0 0 0 0 0 0 0 0 127 0 0 0 0 0 261119 151141.891
0.0000000000 0.0000000000 0 0 0 0 0 0 0 0 127 0 0 0 0 0 261119 151142.091
0.0000000000 0.0000000000 0 0 0 0 0 0 0 0 127 0 0 0 0 0 261119 151142.291
0.0000000000 0.0000000000 0 0 0 0 0 0 0 0 127 0 0 0 0 0 261119 151142.491
0.0000000000 0.0000000000 0 0 0 0 0 0 0 0 127 0 0 0 0 0 261119 151142.691
0.0000000000 0.0000000000 0 0 0 0 0 0 0 0 127 0 0 0 0 0 261119 151142.891
0.0000000000 0.0000000000 0 0 0 0 0 0 0 0 127 0 0 0 0 0 261119 151143.091
0.0000000000 0.0000000000 0 0 0 0 0 0 0 0 127 0 0 0 0 0 261119 151143.292
0.0000000000 0.0000000000 0 0 0 0 0 0 0 0 127 0 0 0 0 0 261119 151143.492
0.0000000000 0.0000000000 0 0 0 0 0 0 0 0 127 0 0 0 0 0 261119 151143.692
0.0000000000 0.0000000000 0 0 0 0 0 0 0 0 127 0 0 0 0 0 261119 151143.892
0.0000000000 0.0000000000 0 0 0 0 0 0 0 0 127 0 0 0 0 0 261119 151144.092
0.0000000000 0.0000000000 0 0 0 0 0 0 0 0 127 0 0 0 0 0 261119 151144.292
0.0000000000 0.0000000000 0 0 0 0 0 0 0 0 127 0 0 0 0 0 261119 151144.493
0.0000000000 0.0000000000 0 0 0 0 0 0 0 0 127 0 0 0 0 0 261119 151144.693
0.0000000000 0.0000000000 0 0 0 0 0 0 0 0 127 0 0 0 0 0 261119 151144.893
0.0000000000 0.0000000000 0 0 0 0 0 0 0 0 127 0 0 0 0 0 261119 151145.093
0.0000000000 0.0000000000 0 0 0 0 0 0 0 0 127 0 0 0 0 0 261119 151145.293
0.0000000000 0.0000000000 0 0 0 0 0 0 0 0 127 0 0 0 0 0 261119 151145.493
0.0000000000 0.0000000000 0 0 0 0 0 0 0 0 127 0 0 0 0 0 261119 151145.694
0.0000000000 0.0000000000 0 0 0 0 0 0 0 0 127 0 0 0 0 0 261119 151145.894
0.0000000000 0.0000000000 0 0 0 0 0 0 0 0 127 0 0 0 0 0 261119 151146.094
0.0000000000 0.0000000000 0 0 0 0 0 0 0 0 127 0 0 0 0 0 261119 151146.294
0.0000000000 0.0000000000 0 0 0 0 0 0 0 0 127 0 0 0 0 0 261119 151146.494
0.0000000000 0.0000000000 0 0 0 0 0 0 0 0 127 0 0 0 0 0 261119 151146.695
0.0000000000 0.0000000000 0 0 0 0 0 0 0 0 127 0 0 0 0 0 261119 151146.895
0.0000000000 0.0000000000 0 0 0 0 0 0 0 0 127 0 0 0 0 0 261119 151147.095
0.0000000000 0.0000000000 0 0 0 0 0 0 0 0 127 0 0 0 0 0 261119 151147.295
0.0000000000 0.0000000000 0 0 0 0 0 0 0 0 127 0 0 0 0 0 261119 151147.495
0.0000000000 0.0000000000 0 0 0 0 0 0 0 0 127 0 0 0 0 0 261119 151147.696
0.0000000000 0.0000000000 0 0 0 0 0 0 0 0 127 0 0 0 0 0 261119 151147.896
0.0000000000 0.0000000000 0 0 0 0 0 0 0 0 127 0 0 0 0 0 261119 151148.096
0.0000000000 0.0000000000 0 0 0 0 0 0 0 0 127 0 0 0 0 0 261119 151148.296
0.0000000000 0.0000000000 0 0 0 0 0 0 0 0 127 0 0 0 0 0 261119 151148.496
0.0000000000 0.0000000000 0 0 0 0 0 0 0 0 127 0 0 0 0 0 261119 151148.697
0.0000000000 0.0000000000 0 0 0 0 0 0 0 0 127 0 0 0 0 0 261119 151148.897
0.0000000000 0.0000000000 0 0 0 0 0 0 0 0 127 0 0 0 0 0 261119 151149.097
0.0000000000 0.0000000000 0 0 0 0 0 0 0 0 127 0 0 0 0 0 261119 151149.297
0.0000000000 0.0000000000 0 0 0 0 0 0 0 0 127 0 0 0 0 0 261119 151149.497
0.0000000000 0.0000000000 0 0 0 0 0 0 0 0 127 0 0 0 0 0 261119 151149.697
0.0000000000 0.0000000000 0 0 0 0 0 0 0 0 127 0 0 0 0 0 261119 151149.897
0.0000000000 0.0000000000 0 0 0 0 0 0 0 0 127 0 0 0 0 0 261119 151150.098
0.0000000000 0.0000000000 0 0 0 0 0 0 0 0 127 0 0 0 0 0 261119 151150.298
0.0000000000 0.0000000000 0 0 0 0 0 0 0 0 127 0 0 0 0 0 261119 151150.498
0.0000000000 0.0000000000 0 0 0 0 0 0 0 0 127 0 0 0 0 0 261119 151150.698
0.0000000000 0.0000000000 0 0 0 0 0 0 0 0 127 0 0 0 0 0 261119 151150.898
0.0000000000 0.0000000000 0 0 0 0 0 0 0 0 127 0 0 0 0 0 261119 151151.099
0.0000000000 0.0000000000 0 0 0 0 0 0 0 0 127 0 0 0 0 0 261119 151151.299
0.0000000000 0.0000000000 0 0 0 0 0 0 0 0 127 0 0 0 0 0 261119 151151.499
0.0000000000 0.0000000000 0 0 0 0 0 0 0 0 127 0 0 0 0 0 261119 151151.699
0.0000000000 0.0000000000 0 0 0 0 0 0 0 0 127 0 0 0 0 0 261119 151151.899
0.0000000000 0.0000000000 0 0 0 0 0 0 0 0 127 0 0 0 0 0 261119 151152.099
0.0000000000 0.0000000000 0 0 0 0 0 0 0 0 127 0 0 0 0 0 261119 151152.300
0.0000000000 0.0000000000 0 0 0 0 0 0 0 0 127 0 0 0 0 0 261119 151152.500
0.0000000000 0.0000000000 0 0 0 0 0 0 0 0 127 0 0 0 0 0 261119 151152.700
0.0000000000 0.0000000000 0 0 0 0 0 0 0 0 127 0 0 0 0 0 261119 151152.900
0.0000000000 0.0000000000 0 0 0 0 0 0 0 0 127 0 0 0 0 0 261119 151153.100
0.0000000000 0.0000000000 0 0 0 0 0 0 0 0 127 0 0 0 0 0 261119 151153.300
0.0000000000 0.0000000000 0 0 0 0 0 0 0 0 127 0 0 0 0 0 261119 151153.501
0.0000000000 0.0000000000 0 0 0 0 0 0 0 0 127 0 0 0 0 0 261119 151153.701
0.0000000000 0.0000000000 0 0 0 0 0 0 0 0 127 0 0 0 0 0 261119 151153.901
0.0000000000 0.0000000000 0 0 0 0 0 0 0 0 127 0 0 0 0 0 261119 151154.101
0.0000000000 0.0000000000 0 0 0 0 0 0 0 0 127 0 0 0 0 0 261119 151154.301
0.0000000000 0.0000000000 0 0 0 0 0 0 0 0 127 0 0 0 0 0 261119 151154.501
0.0000000000 0.0000000000 0 0 0 0 0 0 0 0 127 0 0 0 0 0 261119 151154.702
0.0000000000 0.0000000000 0 0 0 0 0 0 0 0 127 0 0 0 0 0 261119 151154.902
0.0000000000 0.0000000000 0 0 0 0 0 0 0 0 127 0 0 0 0 0 261119 151155.102
0.0000000000 0.0000000000 0 0 0 0 0 0 0 0 127 0 0 0 0 0 261119 151155.302
0.0000000000 0.0000000000 0 0 0 0 0 0 0 0 127 0 0 0 0 0 261119 151155.502
0.0000000000 0.0000000000 0 0 0 0 0 0 0 0 127 0 0 0 0 0 261119 151155.702
0.0000000000 0.0000000000 0 0 0 0 0 0 0 0 127 0 0 0 0 0 261119 151155.903
0.0000000000 0.0000000000 0 0 0 0 0 0 0 0 127 0 0 0 0 0 261119 151156.103
0.0000000000 0.0000000000 0 0 0 0 0 0 0 0 127 0 0 0 0 0 261119 151156.303
0.0000000000 0.0000000000 0 0 0 0 0 0 0 0 127 0 0 0 0 0 261119 151156.503
0.0000000000 0.0000000000 0 0 0 0 0 0 0 0 127 0 0 0 0 0 261119 151156.703
0.0000000000 0.0000000000 0 0 0 0 0 0 0 0 127 0 0 0 0 0 261119 151156.903
0.0000000000 0.0000000000 0 0 0 0 0 0 0 0 127 0 0 0 0 0 261119 151157.104
0.0000000000 0.0000000000 0 0 0 0 0 0 0 0 127 0 0 0 0 0 261119 151157.304
0.0000000000 0.0000000000 0 0 0 0 0 0 0 0 127 0 0 0 0 0 261119 151157.504
0.0000000000 0.0000000000 0 0 0 0 0 0 0 0 127 0 0 0 0 0 261119 151157.704
0.0000000000 0.0000000000 0 0 0 0 0 0 0 0 127 0 0 0 0 0 261119 151157.904
0.0000000000 0.0000000000 0 0 0 0 0 0 0 0 127 0 0 0 0 0 261119 151158.104
0.0000000000 0.0000000000 0 0 0 0 0 0 0 0 127 0 0 0 0 0 261119 151158.305
0.0000000000 0.0000000000 0 0 0 0 0 0 0 0 127 0 0 0 0 0 261119 151158.505
0.0000000000 0.0000000000 0 0 0 0 0 0 0 0 127 0 0 0 0 0 261119 151158.705
0.0000000000 0.0000000000 0 0 0 0 0 0 0 0 127 0 0 0 0 0 261119 151158.905
0.0000000000 0.0000000000 0 0 0 0 0 0 0 0 127 0 0 0 0 0 261119 151159.105
0.0000000000 0.0000000000 0 0 0 0 0 0 0 0 127 0 0 0 0 0 261119 151159.305
0.0000000000 0.0000000000 0 0 0 0 0 0 0 0 127 0 0 0 0 0 261119 151159.506
0.0000000000 0.0000000000 0 0 0 0 0 0 0 0 127 0 0 0 0 0 261119 151159.706
0.0000000000 0.0000000000 0 0 0 0 0 0 0 0 127 0 0 0 0 0 261119 151159.906
0.0000000000 0.0000000000 0 0 0 0 0 0 0 0 127 0 0 0 0 0 261119 151200.106
0.0000000000 0.0000000000 0 0 0 0 0 0 0 0 127 0 0 0 0 0 261119 151200.306
0.0000000000 0.0000000000 0 0 0 0 0 0 0 0 127 0 0 0 0 0 261119 151200.506
0.0000000000 0.0000000000 0 0 0 0 0 0 0 0 127 0 0 0 0 0 261119 151200.707
0.0000000000 0.0000000000 0 0 0 0 0 0 0 0 127 0 0 0 0 0 261119 151200.907
0.0000000000 0.0000000000 0 0 0 0 0 0 0 0 127 0 0 0 0 0 261119 151201.107
0.0000000000 0.0000000000 0 0 0 0 0 0 0 0 127 0 0 0 0 0 261119 151201.307
0.0000000000 0.0000000000 0 0 0 0 0 0 0 0 127 0 0 0 0 0 261119 151201.508
0.0000000000 0.0000000000 0 0 0 0 0 0 0 0 127 0 0 0 0 0 261119 151201.708
0.0000000000 0.0000000000 0 0 0 0 0 0 0 0 127 0 0 0 0 0 261119 151201.908
0.0000000000 0.0000000000 0 0 0 0 0 0 0 0 127 0 0 0 0 0 261119 151202.108
0.0000000000 0.0000000000 0 0 0 0 0 0 0 0 127 0 0 0 0 0 261119 151202.308
0.0000000000 0.0000000000 0 0 0 0 0 0 0 0 127 0 0 0 0 0 261119 151202.508
0.0000000000 0.0000000000 0 0 0 0 0 0 0 0 127 0 0 0 0 0 261119 151202.709
0.0000000000 0.0000000000 0 0 0 0 0 0 0 0 127 0 0 0 0 0 261119 151202.909
0.0000000000 0.0000000000 0 0 0 0 0 0 0 0 127 0 0 0 0 0 261119 151203.109
0.0000000000 0.0000000000 0 0 0 0 0 0 0 0 127 0 0 0 0 0 261119 151203.309
0.0000000000 0.0000000000 0 0 0 0 0 0 0 0 127 0 0 0 0 0 261119 151203.509
0.0000000000 0.0000000000 0 0 0 0 0 0 0 0 127 0 0 0 0 0 261119 151203.710
0.0000000000 0.0000000000 0 0 0 0 0 0 0 0 127 0 0 0 0 0 261119 151203.910
0.0000000000 0.0000000000 0 0 0 0 0 0 0 0 127 0 0 0 0 0 261119 151204.110
0.0000000000 0.0000000000 0 0 0 0 0 0 0 0 127 0 0 0 0 0 261119 151204.310
0.0000000000 0.0000000000 0 0 0 0 0 0 0 0 127 0 0 0 0 0 261119 151204.510
0.0000000000 0.0000000000 0 0 0 0 0 0 0 0 127 0 0 0 0 0 261119 151204.710
0.0000000000 0.0000000000 0 0 0 0 0 0 0 0 127 0 0 0 0 0 261119 151204.911
0.0000000000 0.0000000000 0 0 0 0 0 0 0 0 127 0 0 0 0 0 261119 151205.111
0.0000000000 0.0000000000 0 0 0 0 0 0 0 0 127 0 0 0 0 0 261119 151205.311
0.0000000000 0.0000000000 0 0 0 0 0 0 0 0 127 0 0 0 0 0 261119 151205.511
0.0000000000 0.0000000000 0 0 0 0 0 0 0 0 127 0 0 0 0 0 261119 151205.711
0.0000000000 0.0000000000 0 0 0 0 0 0 0 0 127 0 0 0 0 0 261119 151205.912
0.0000000000 0.0000000000 0 0 0 0 0 0 0 0 127 0 0 0 0 0 261119 151206.112
0.0000000000 0.0000000000 0 0 0 0 0 0 0 0 127 0 0 0 0 0 261119 151206.312
0.0000000000 0.0000000000 0 0 0 0 0 0 0 0 127 0 0 0 0 0 261119 151206.512
0.0000000000 0.0000000000 0 0 0 0 0 0 0 0 127 0 0 0 0 0 261119 151206.712
0.0000000000 0.0000000000 0 0 0 0 0 0 0 0 127 0 0 0 0 0 261119 151206.913
0.0000000000 0.0000000000 0 0 0 0 0 0 0 0 127 0 0 0 0 0 261119 151207.113
0.0000000000 0.0000000000 0 0 0 0 0 0 0 0 127 0 0 0 0 0 261119 151207.313
0.0000000000 0.0000000000 0 0 0 0 0 0 0 0 127 0 0 0 0 0 261119 151207.513
0.0000000000 0.0000000000 0 0 0 0 0 0 0 0 127 0 0 0 0 0 261119 151207.713
0.0000000000 0.0000000000 0 0 0 0 0 0 0 0 127 0 0 0 0 0 261119 151207.913
0.0000000000 0.0000000000 0 0 0 0 0 0 0 0 127 0 0 0 0 0 261119 151208.114
0.0000000000 0.0000000000 0 0 0 0 0 0 0 0 127 0 0 0 0 0 261119 151208.314
0.0000000000 0.0000000000 0 0 0 0 0 0 0 0 127 0 0 0 0 0 261119 151208.514
0.0000000000 0.0000000000 0 0 0 0 0 0 0 0 127 0 0 0 0 0 261119 151208.714
0.0000000000 0.0000000000 0 0 0 0 0 0 0 0 127 0 0 0 0 0 261119 151208.914
0.0000000000 0.0000000000 0 0 0 0 0 0 0 0 127 0 0 0 0 0 261119 151209.114
0.0000000000 0.0000000000 0 0 0 0 0 0 0 0 127 0 0 0 0 0 261119 151209.315
0.0000000000 0.0000000000 0 0 0 0 0 0 0 0 127 0 0 0 0 0 261119 151209.515
0.0000000000 0.0000000000 0 0 0 0 0 0 0 0 127 0 0 0 0 0 261119 151209.715
0.0000000000 0.0000000000 0 0 0 0 0 0 0 0 127 0 0 0 0 0 261119 151209.915
0.0000000000 0.0000000000 0 0 0 0 0 0 0 0 127 0 0 0 0 0 261119 151210.116
0.0000000000 0.0000000000 0 0 0 0 0 0 0 0 127 0 0 0 0 0 261119 151210.316
0.0000000000 0.0000000000 0 0 0 0 0 0 0 0 127 0 0 0 0 0 261119 151210.516
0.0000000000 0.0000000000 0 0 0 0 0 0 0 0 127 0 0 0 0 0 261119 151210.716
0.0000000000 0.0000000000 0 0 0 0 0 0 0 0 127 0 0 0 0 0 261119 151210.916
0.0000000000 0.0000000000 0 0 0 0 0 0 0 0 127 0 0 0 0 0 261119 151211.117
0.0000000000 0.0000000000 0 0 0 0 0 0 0 0 127 0 0 0 0 0 261119 151211.317
0.0000000000 0.0000000000 0 0 0 0 0 0 0 0 127 0 0 0 0 0 261119 151211.517
0.0000000000 0.0000000000 0 0 0 0 0 0 0 0 127 0 0 0 0 0 261119 151211.717
0.0000000000 0.0000000000 0 0 0 0 0 0 0 0 127 0 0 0 0 0 261119 151211.917
0.0000000000 0.0000000000 0 0 0 0 0 0 0 0 127 0 0 0 0 0 261119 151212.118
0.0000000000 0.0000000000 0 0 0 0 0 0 0 0 127 0 0 0 0 0 261119 151212.318
0.0000000000 0.0000000000 0 0 0 0 0 0 0 0 127 0 0 0 0 0 261119 151212.518
0.0000000000 0.0000000000 0 0 0 0 0 0 0 0 127 0 0 0 0 0 261119 151212.718
0.0000000000 0.0000000000 0 0 0 0 0 0 0 0 127 0 0 0 0 0 261119 151212.918
0.0000000000 0.0000000000 0 0 0 0 0 0 0 0 127 0 0 0 0 0 261119 151213.118
0.0000000000 0.0000000000 0 0 0 0 0 0 0 0 127 0 0 0 0 0 261119 151213.319
0.0000000000 0.0000000000 0 0 0 0 0 0 0 0 127 0 0 0 0 0 261119 151213.519
0.0000000000 0.0000000000 0 0 0 0 0 0 0 0 127 0 0 0 0 0 261119 151213.719
0.0000000000 0.0000000000 0 0 0 0 0 0 0 0 127 0 0 0 0 0 261119 151213.919
0.0000000000 0.0000000000 0 0 0 0 0 0 0 0 127 0 0 0 0 0 261119 151214.119
0.0000000000 0.0000000000 0 0 0 0 0 0 0 0 127 0 0 0 0 0 261119 151214.319
0.0000000000 0.0000000000 0 0 0 0 0 0 0 0 127 0 0 0 0 0 261119 151214.520
0.0000000000 0.0000000000 0 0 0 0 0 0 0 0 127 0 0 0 0 0 261119 151214.720
0.0000000000 0.0000000000 0 0 0 0 0 0 0 0 127 0 0 0 0 0 261119 151214.920
0.0000000000 0.0000000000 0 0 0 0 0 0 0 0 127 0 0 0 0 0 261119 151215.120
0.0000000000 0.0000000000 0 0 0 0 0 0 0 0 127 0 0 0 0 0 261119 151215.321
0.0000000000 0.0000000000 0 0 0 0 0 0 0 0 127 0 0 0 0 0 261119 151215.521
0.0000000000 0.0000000000 0 0 0 0 0 0 0 0 127 0 0 0 0 0 261119 151215.721
0.0000000000 0.0000000000 0 0 0 0 0 0 0 0 127 0 0 0 0 0 261119 151215.921
0.0000000000 0.0000000000 0 0 0 0 0 0 0 0 127 0 0 0 0 0 261119 151216.122
0.0000000000 0.0000000000 0 0 0 0 0 0 0 0 127 0 0 0 0 0 261119 151216.322
0.0000000000 0.0000000000 0 0 0 0 0 0 0 0 127 0 0 0 0 0 261119 151216.522
0.0000000000 0.0000000000 0 0 0 0 0 0 0 0 127 0 0 0 0 0 261119 151216.722
0.0000000000 0.0000000000 0 0 0 0 0 0 0 0 127 0 0 0 0 0 261119 151216.922
0.0000000000 0.0000000000 0 0 0 0 0 0 0 0 127 0 0 0 0 0 261119 151217.122
0.0000000000 0.0000000000 0 0 0 0 0 0 0 0 127 0 0 0 0 0 261119 151217.323
0.0000000000 0.0000000000 0 0 0 0 0 0 0 0 127 0 0 0 0 0 261119 151217.523
0.0000000000 0.0000000000 0 0 0 0 0 0 0 0 127 0 0 0 0 0 261119 151217.723
0.0000000000 0.0000000000 0 0 0 0 0 0 0 0 127 0 0 0 0 0 261119 151217.923
0.0000000000 0.0000000000 0 0 0 0 0 0 0 0 127 0 0 0 0 0 261119 151218.123
0.0000000000 0.0000000000 0 0 0 0 0 0 0 0 127 0 0 0 0 0 261119 151218.323
0.0000000000 0.0000000000 0 0 0 0 0 0 0 0 127 0 0 0 0 0 261119 151218.523
0.0000000000 0.0000000000 0 0 0 0 0 0 0 0 127 0 0 0 0 0 261119 151218.724
0.0000000000 0.0000000000 0 0 0 0 0 0 0 0 127 0 0 0 0 0 261119 151218.924
0.0000000000 0.0000000000 0 0 0 0 0 0 0 0 127 0 0 0 0 0 261119 151219.124
0.0000000000 0.0000000000 0 0 0 0 0 0 0 0 127 0 0 0 0 0 261119 151219.324
0.0000000000 0.0000000000 0 0 0 0 0 0 0 0 127 0 0 0 0 0 261119 151219.524
0.0000000000 0.0000000000 0 0 0 0 0 0 0 0 127 0 0 0 0 0 261119 151219.724
0.0000000000 0.0000000000 0 0 0 0 0 0 0 0 127 0 0 0 0 0 261119 151219.925
0.0000000000 0.0000000000 0 0 0 0 0 0 0 0 127 0 0 0 0 0 261119 151220.125
0.0000000000 0.0000000000 0 0 0 0 0 0 0 0 127 0 0 0 0 0 261119 151220.325
0.0000000000 0.0000000000 0 0 0 0 0 0 0 0 127 0 0 0 0 0 261119 151220.525
0.0000000000 0.0000000000 0 0 0 0 0 0 0 0 127 0 0 0 0 0 261119 151220.725
0.0000000000 0.0000000000 0 0 0 0 0 0 0 0 127 0 0 0 0 0 261119 151220.925
0.0000000000 0.0000000000 0 0 0 0 0 0 0 0 127 0 0 0 0 0 261119 151221.126
0.0000000000 0.0000000000 0 0 0 0 0 0 0 0 127 0 0 0 0 0 261119 151221.326
0.0000000000 0.0000000000 0 0 0 0 0 0 0 0 127 0 0 0 0 0 261119 151221.526
0.0000000000 0.0000000000 0 0 0 0 0 0 0 0 127 0 0 0 0 0 261119 151221.726
0.0000000000 0.0000000000 0 0 0 0 0 0 0 0 127 0 0 0 0 0 261119 151221.926
0.0000000000 0.0000000000 0 0 0 0 0 0 0 0 127 0 0 0 0 0 261119 151222.126
0.0000000000 0.0000000000 0 0 0 0 0 0 0 0 127 0 0 0 0 0 261119 151222.327
0.0000000000 0.0000000000 0 0 0 0 0 0 0 0 127 0 0 0 0 0 261119 151222.527
0.0000000000 0.0000000000 0 0 0 0 0 0 0 0 127 0 0 0 0 0 261119 151222.727
0.0000000000 0.0000000000 0 0 0 0 0 0 0 0 127 0 0 0 0 0 261119 151222.927
0.0000000000 0.0000000000 0 0 0 0 0 0 0 0 127 0 0 0 0 0 261119 151223.127
0.0000000000 0.0000000000 0 0 0 0 0 0 0 0 127 0 0 0 0 0 261119 151223.327
0.0000000000 0.0000000000 0 0 0 0 0 0 0 0 127 0 0 0 0 0 261119 151223.528
0.0000000000 0.0000000000 0 0 0 0 0 0 0 0 127 0 0 0 0 0 261119 151223.728
0.0000000000 0.0000000000 0 0 0 0 0 0 0 0 127 0 0 0 0 0 261119 151223.928
0.0000000000 0.0000000000 0 0 0 0 0 0 0 0 127 0 0 0 0 0 261119 151224.128
0.0000000000 0.0000000000 0 0 0 0 0 0 0 0 127 0 0 0 0 0 261119 151224.328
0.0000000000 0.0000000000 0 0 0 0 0 0 0 0 127 0 0 0 0 0 261119 151224.528
0.0000000000 0.0000000000 0 0 0 0 0 0 0 0 127 0 0 0 0 0 261119 151224.729
0.0000000000 0.0000000000 0 0 0 0 0 0 0 0 127 0 0 0 0 0 261119 151224.929
0.0000000000 0.0000000000 0 0 0 0 0 0 0 0 127 0 0 0 0 0 261119 151225.129
0.0000000000 0.0000000000 0 0 0 0 0 0 0 0 127 0 0 0 0 0 261119 151225.329
0.0000000000 0.0000000000 0 0 0 0 0 0 0 0 127 0 0 0 0 0 261119 151225.529
0.0000000000 0.0000000000 0 0 0 0 0 0 0 0 127 0 0 0 0 0 261119 151225.729
0.0000000000 0.0000000000 0 0 0 0 0 0 0 0 127 0 0 0 0 0 261119 151225.930
0.0000000000 0.0000000000 0 0 0 0 0 0 0 0 127 0 0 0 0 0 261119 151226.130
0.0000000000 0.0000000000 0 0 0 0 0 0 0 0 127 0 0 0 0 0 261119 151226.330
0.0000000000 0.0000000000 0 0 0 0 0 0 0 0 127 0 0 0 0 0 261119 151226.530
0.0000000000 0.0000000000 0 0 0 0 0 0 0 0 127 0 0 0 0 0 261119 151226.730
0.0000000000 0.0000000000 0 0 0 0 0 0 0 0 127 0 0 0 0 0 261119 151226.930
0.0000000000 0.0000000000 0 0 0 0 0 0 0 0 127 0 0 0 0 0 261119 151227.131
0.0000000000 0.0000000000 0 0 0 0 0 0 0 0 127 0 0 0 0 0 261119 151227.331
0.0000000000 0.0000000000 0 0 0 0 0 0 0 0 127 0 0 0 0 0 261119 151227.531
0.0000000000 0.0000000000 0 0 0 0 0 0 0 0 127 0 0 0 0 0 261119 151227.731
0.0000000000 0.0000000000 0 0 0 0 0 0 0 0 127 0 0 0 0 0 261119 151227.931
0.0000000000 0.0000000000 0 0 0 0 0 0 0 0 127 0 0 0 0 0 261119 151228.131
0.0000000000 0.0000000000 0 0 0 0 0 0 0 0 127 0 0 0 0 0 261119 151228.332
0.0000000000 0.0000000000 0 0 0 0 0 0 0 0 127 0 0 0 0 0 261119 151228.532
0.0000000000 0.0000000000 0 0 0 0 0 0 0 0 127 0 0 0 0 0 261119 151228.732
0.0000000000 0.0000000000 0 0 0 0 0 0 0 0 127 0 0 0 0 0 261119 151228.932
0.0000000000 0.0000000000 0 0 0 0 0 0 0 0 127 0 0 0 0 0 261119 151229.132
0.0000000000 0.0000000000 0 0 0 0 0 0 0 0 127 0 0 0 0 0 261119 151229.332
0.0000000000 0.0000000000 0 0 0 0 0 0 0 0 127 0 0 0 0 0 261119 151229.533
0.0000000000 0.0000000000 0 0 0 0 0 0 0 0 127 0 0 0 0 0 261119 151229.733
0.0000000000 0.0000000000 0 0 0 0 0 0 0 0 127 0 0 0 0 0 261119 151229.933
0.0000000000 0.0000000000 0 0 0 0 0 0 0 0 127 0 0 0 0 0 261119 151230.133
0.0000000000 0.0000000000 0 0 0 0 0 0