0.0000000000 0.0000000000 0 0 0 0 0 0 221 13 112 1 0 0 0 0 040619 115543.857
0.0000000000 0.0000000000 0 0 0 0 0 0 232 13 112 1 0 0 0 0 040619 115544.057
0.0000000000 0.0000000000 0 0 0 0 0 0 231 13 112 1 0 0 0 0 040619 115544.257
0.0000000000 0.0000000000 0 0 0 0 0 0 250 13 112 1 0 0 0 0 040619 115544.457
0.0000000000 0.0000000000 0 0 0 0 0 0 234 13 112 1 0 0 0 0 040619 115544.658
0.0000000000 0.0000000000 0 0 0 0 0 0 217 13 112 1 0 0 0 0 040619 115544.858
0.0000000000 0.0000000000 0 0 0 0 0 0 221 13 112 1 0 0 0 0 040619 115545.058
0.0000000000 0.0000000000 0 0 0 0 0 0 159 13 112 1 0 0 0 0 040619 115545.258
0.0000000000 0.0000000000 0 0 0 0 0 0 183 13 112 1 0 0 0 0 040619 115545.459
0.0000000000 0.0000000000 0 0 0 0 0 0 234 13 112 1 0 0 0 0 040619 115545.659
0.0000000000 0.0000000000 0 0 0 0 0 0 214 13 112 1 0 0 0 0 040619 115545.859
0.0000000000 0.0000000000 0 0 0 0 0 0 195 12 112 1 0 0 0 0 040619 115546.059
0.0000000000 0.0000000000 0 0 0 0 0 0 97 11 112 1 0 0 0 0 040619 115546.260
0.0000000000 0.0000000000 0 0 0 0 0 0 117 10 112 1 0 0 0 0 040619 115546.460
0.0000000000 0.0000000000 0 0 0 0 0 0 120 9 112 1 0 0 0 0 040619 115546.660
0.0000000000 0.0000000000 0 0 0 0 0 0 153 8 112 1 0 0 0 0 040619 115546.860
0.0000000000 0.0000000000 0 0 0 0 0 0 66 8 112 1 0 0 0 0 040619 115547.060
0.0000000000 0.0000000000 0 0 0 0 0 0 146 6 112 1 0 0 0 0 040619 115547.261
0.0000000000 0.0000000000 0 0 0 0 0 0 131 5 112 1 0 0 0 0 040619 115547.461
0.0000000000 0.0000000000 0 0 0 0 0 0 57 5 112 1 0 0 0 0 040619 115547.661
0.0000000000 0.0000000000 0 0 0 0 0 0 64 5 112 1 0 0 0 0 040619 115547.861
0.0000000000 0.0000000000 0 0 0 0 0 0 58 4 112 1 0 0 0 0 040619 115548.062
0.0000000000 0.0000000000 0 0 0 0 0 0 164 3 112 1 0 0 0 0 040619 115548.262
0.0000000000 0.0000000000 0 0 0 0 0 0 0 0 112 1 0 0 0 0 040619 115548.462
0.0000000000 0.0000000000 0 0 0 0 0 0 0 0 112 1 0 0 0 0 040619 115548.662
0.0000000000 0.0000000000 0 0 0 0 0 0 0 0 112 1 0 0 0 0 040619 115548.862
0.0000000000 0.0000000000 0 0 0 0 0 0 0 0 112 1 0 0 0 0 040619 115549.063
0.0000000000 0.0000000000 0 0 0 0 0 0 0 0 112 1 0 0 0 0 040619 115549.263
0.0000000000 0.0000000000 0 0 0 0 0 0 0 0 112 1 0 0 0 0 040619 115549.463
0.0000000000 0.0000000000 0 0 0 0 0 0 0 0 112 1 0 0 0 0 040619 115549.663
0.0000000000 0.0000000000 0 0 0 0 0 0 107 252 112 1 0 0 0 0 040619 115549.864
0.0000000000 0.0000000000 0 0 0 0 0 0 74 252 112 1 0 0 0 0 040619 115550.064
0.0000000000 0.0000000000 0 0 0 0 0 0 8 252 112 1 0 0 0 0 040619 115550.264
0.0000000000 0.0000000000 0 0 0 0 0 0 138 252 112 1 0 0 0 0 040619 115550.464
0.0000000000 0.0000000000 0 0 0 0 0 0 0 0 112 1 0 0 0 0 040619 115550.664
0.0000000000 0.0000000000 0 0 0 0 0 0 0 0 112 1 0 0 0 0 040619 115550.865
0.0000000000 0.0000000000 0 0 0 0 0 0 60 252 112 1 0 0 0 0 040619 115551.065
0.0000000000 0.0000000000 0 0 0 0 0 0 65 251 112 1 0 0 0 0 040619 115551.265
0.0000000000 0.0000000000 0 0 0 0 0 0 188 250 112 1 0 0 0 0 040619 115551.465
0.0000000000 0.0000000000 0 0 0 0 0 0 22 251 112 1 0 0 0 0 040619 115551.666
0.0000000000 0.0000000000 0 0 0 0 0 0 31 251 112 1 0 0 0 0 040619 115551.866
0.0000000000 0.0000000000 0 0 0 0 0 0 190 250 112 1 0 0 0 0 040619 115552.066
0.0000000000 0.0000000000 0 0 0 0 0 0 249 249 112 1 0 0 0 0 040619 115552.266
0.0000000000 0.0000000000 0 0 0 0 0 0 65 251 112 1 0 0 0 0 040619 115552.466
0.0000000000 0.0000000000 0 0 0 0 0 0 223 250 112 1 0 0 0 0 040619 115552.667
0.0000000000 0.0000000000 0 0 0 0 0 0 11 251 112 1 0 0 0 0 040619 115552.867
0.0000000000 0.0000000000 0 0 0 0 0 0 171 251 112 1 0 0 0 0 040619 115553.067
0.0000000000 0.0000000000 0 0 0 0 0 0 0 0 112 1 0 0 0 0 040619 115553.267
0.0000000000 0.0000000000 0 0 0 0 0 0 86 252 112 1 0 0 0 0 040619 115553.467
0.0000000000 0.0000000000 0 0 0 0 0 0 0 0 112 1 0 0 0 0 040619 115553.668
0.0000000000 0.0000000000 0 0 0 0 0 0 0 0 112 1 0 0 0 0 040619 115553.868
0.0000000000 0.0000000000 0 0 0 0 0 0 0 0 112 1 0 0 0 0 040619 115554.068
0.0000000000 0.0000000000 0 0 0 0 0 0 0 0 112 1 0 0 0 0 040619 115554.268
0.0000000000 0.0000000000 0 0 0 0 0 0 0 0 112 1 0 0 0 0 040619 115554.468
0.0000000000 0.0000000000 0 0 0 0 0 0 0 0 112 1 0 0 0 0 040619 115554.669
0.0000000000 0.0000000000 0 0 0 0 0 0 0 0 112 1 0 0 0 0 040619 115554.869
0.0000000000 0.0000000000 0 0 0 0 0 0 0 0 112 1 0 0 0 0 040619 115555.069
0.0000000000 0.0000000000 0 0 0 0 0 0 0 0 112 1 0 0 0 0 040619 115555.269
0.0000000000 0.0000000000 0 0 0 0 0 0 0 0 112 1 0 0 0 0 040619 115555.470
0.0000000000 0.0000000000 0 0 0 0 0 0 0 0 112 1 0 0 0 0 040619 115555.670
0.0000000000 0.0000000000 0 0 0 0 0 0 51 250 112 1 0 0 0 0 040619 115555.870
0.0000000000 0.0000000000 0 0 0 0 0 0 20 251 112 1 0 0 0 0 040619 115556.070
0.0000000000 0.0000000000 0 0 0 0 0 0 243 249 112 1 0 0 0 0 040619 115556.270
0.0000000000 0.0000000000 0 0 0 0 0 0 94 248 112 1 0 0 0 0 040619 115556.471
0.0000000000 0.0000000000 0 0 0 0 0 0 106 247 112 1 0 0 0 0 040619 115556.671
0.0000000000 0.0000000000 0 0 0 0 0 0 158 244 112 1 0 0 0 0 040619 115556.871
0.0000000000 0.0000000000 0 0 0 0 0 0 252 241 112 1 0 0 0 0 040619 115557.071
0.0000000000 0.0000000000 0 0 0 0 0 0 212 237 112 1 0 0 0 0 040619 115557.272
0.0000000000 0.0000000000 0 0 0 0 0 0 32 238 112 1 0 0 0 0 040619 115557.472
0.0000000000 0.0000000000 0 0 0 0 0 0 60 238 112 1 0 0 0 0 040619 115557.672
0.0000000000 0.0000000000 0 0 0 0 0 0 201 237 112 1 0 0 0 0 040619 115557.872
0.0000000000 0.0000000000 0 0 0 0 0 0 234 235 112 1 0 0 0 0 040619 115558.073
0.0000000000 0.0000000000 0 0 0 0 0 0 115 237 112 1 0 0 0 0 040619 115558.273
0.0000000000 0.0000000000 0 0 0 0 0 0 181 236 112 1 0 0 0 0 040619 115558.473
0.0000000000 0.0000000000 0 0 0 0 0 0 199 235 112 1 0 0 0 0 040619 115558.673
0.0000000000 0.0000000000 0 0 0 0 0 0 231 235 112 1 0 0 0 0 040619 115558.873
0.0000000000 0.0000000000 0 0 0 0 0 0 239 233 112 1 0 0 0 0 040619 115559.074
0.0000000000 0.0000000000 0 0 0 0 0 0 173 235 112 1 0 0 0 0 040619 115559.274
0.0000000000 0.0000000000 0 0 0 0 0 0 55 236 112 1 0 0 0 0 040619 115559.474
0.0000000000 0.0000000000 0 0 0 0 0 0 189 236 112 1 0 0 0 0 040619 115559.674
0.0000000000 0.0000000000 0 0 0 0 0 0 229 236 112 1 0 0 0 0 040619 115559.875
0.0000000000 0.0000000000 0 0 0 0 0 0 246 235 112 1 0 0 0 0 040619 115600.075
0.0000000000 0.0000000000 0 0 0 0 0 0 68 237 112 1 0 0 0 0 040619 115600.275
0.0000000000 0.0000000000 0 0 0 0 0 0 8 240 112 1 0 0 0 0 040619 115600.475
0.0000000000 0.0000000000 0 0 0 0 0 0 206 241 112 1 0 0 0 0 040619 115600.675
0.0000000000 0.0000000000 0 0 0 0 0 0 142 245 112 1 0 0 0 0 040619 115600.876
0.0000000000 0.0000000000 0 0 0 0 0 0 221 246 112 1 0 0 0 0 040619 115601.076
0.0000000000 0.0000000000 0 0 0 0 0 0 217 246 112 1 0 0 0 0 040619 115601.276
0.0000000000 0.0000000000 0 0 0 0 0 0 150 246 112 1 0 0 0 0 040619 115601.476
0.0000000000 0.0000000000 0 0 0 0 0 0 57 246 112 1 0 0 0 0 040619 115601.677
0.0000000000 0.0000000000 0 0 0 0 0 0 2 247 112 1 0 0 0 0 040619 115601.877
0.0000000000 0.0000000000 0 0 0 0 0 0 193 247 112 1 0 0 0 0 040619 115602.077
0.0000000000 0.0000000000 0 0 0 0 0 0 79 248 112 1 0 0 0 0 040619 115602.277
0.0000000000 0.0000000000 0 0 0 0 0 0 95 248 112 1 0 0 0 0 040619 115602.477
0.0000000000 0.0000000000 0 0 0 0 0 0 189 247 112 1 0 0 0 0 040619 115602.678
0.0000000000 0.0000000000 0 0 0 0 0 0 193 247 112 1 0 0 0 0 040619 115602.878
0.0000000000 0.0000000000 0 0 0 0 0 0 11 248 112 1 0 0 0 0 040619 115603.078
0.0000000000 0.0000000000 0 0 0 0 0 0 103 248 112 1 0 0 0 0 040619 115603.278
0.0000000000 0.0000000000 0 0 0 0 0 0 44 249 112 1 0 0 0 0 040619 115603.478
0.0000000000 0.0000000000 0 0 0 0 0 0 127 249 112 1 0 0 0 0 040619 115603.679
0.0000000000 0.0000000000 0 0 0 0 0 0 38 250 112 1 0 0 0 0 040619 115603.879
0.0000000000 0.0000000000 0 0 0 0 0 0 16 252 112 1 0 0 0 0 040619 115604.079
0.0000000000 0.0000000000 0 0 0 0 0 0 137 251 112 1 0 0 0 0 040619 115604.279
0.0000000000 0.0000000000 0 0 0 0 0 0 228 251 112 1 0 0 0 0 040619 115604.480
0.0000000000 0.0000000000 0 0 0 0 0 0 8 252 112 1 0 0 0 0 040619 115604.680
0.0000000000 0.0000000000 0 0 0 0 0 0 9 252 112 1 0 0 0 0 040619 115604.880
0.0000000000 0.0000000000 0 0 0 0 0 0 18 252 112 1 0 0 0 0 040619 115605.080
0.0000000000 0.0000000000 0 0 0 0 0 0 61 252 112 1 0 0 0 0 040619 115605.280
0.0000000000 0.0000000000 0 0 0 0 0 0 41 252 112 1 0 0 0 0 040619 115605.481
0.0000000000 0.0000000000 0 0 0 0 0 0 69 252 112 1 0 0 0 0 040619 115605.681
0.0000000000 0.0000000000 0 0 0 0 0 0 47 252 112 1 0 0 0 0 040619 115605.881
0.0000000000 0.0000000000 0 0 0 0 0 0 2 252 112 1 0 0 0 0 040619 115606.081
0.0000000000 0.0000000000 0 0 0 0 0 0 242 251 112 1 0 0 0 0 040619 115606.282
0.0000000000 0.0000000000 0 0 0 0 0 0 120 252 112 1 0 0 0 0 040619 115606.482
0.0000000000 0.0000000000 0 0 0 0 0 0 0 0 112 1 0 0 0 0 040619 115606.682
0.0000000000 0.0000000000 0 0 0 0 0 0 0 0 112 1 0 0 0 0 040619 115606.882
0.0000000000 0.0000000000 0 0 0 0 0 0 0 0 112 1 0 0 0 0 040619 115607.082
0.0000000000 0.0000000000 0 0 0 0 0 0 0 0 112 1 0 0 0 0 040619 115607.283
0.0000000000 0.0000000000 0 0 0 0 0 0 0 0 112 1 0 0 0 0 040619 115607.483
0.0000000000 0.0000000000 0 0 0 0 0 0 0 0 112 1 0 0 0 0 040619 115607.683
0.0000000000 0.0000000000 0 0 0 0 0 0 0 0 112 1 0 0 0 0 040619 115607.883
0.0000000000 0.0000000000 0 0 0 0 0 0 0 0 112 1 0 0 0 0 040619 115608.083
0.0000000000 0.0000000000 0 0 0 0 0 0 0 0 112 1 0 0 0 0 040619 115608.284
0.0000000000 0.0000000000 0 0 0 0 0 0 0 0 112 1 0 0 0 0 040619 115608.484
0.0000000000 0.0000000000 0 0 0 0 0 0 0 0 112 1 0 0 0 0 040619 115608.684
0.0000000000 0.0000000000 0 0 0 0 0 0 0 0 112 1 0 0 0 0 040619 115608.884
0.0000000000 0.0000000000 0 0 0 0 0 0 0 0 112 1 0 0 0 0 040619 115609.084
0.0000000000 0.0000000000 0 0 0 0 0 0 0 0 112 1 0 0 0 0 040619 115609.285
0.0000000000 0.0000000000 0 0 0 0 0 0 0 0 112 1 0 0 0 0 040619 115609.485
0.0000000000 0.0000000000 0 0 0 0 0 0 0 0 112 1 0 0 0 0 040619 115609.685
0.0000000000 0.0000000000 0 0 0 0 0 0 0 0 112 1 0 0 0 0 040619 115609.885
0.0000000000 0.0000000000 0 0 0 0 0 0 0 0 112 1 0 0 0 0 040619 115610.086
0.0000000000 0.0000000000 0 0 0 0 0 0 0 0 112 1 0 0 0 0 040619 115610.286
0.0000000000 0.0000000000 0 0 0 0 0 0 0 0 112 1 0 0 0 0 040619 115610.486
0.0000000000 0.0000000000 0 0 0 0 0 0 0 0 112 1 0 0 0 0 040619 115610.686
0.0000000000 0.0000000000 0 0 0 0 0 0 0 0 112 1 0 0 0 0 040619 115610.886
0.0000000000 0.0000000000 0 0 0 0 0 0 0 0 112 1 0 0 0 0 040619 115611.087
0.0000000000 0.0000000000 0 0 0 0 0 0 0 0 112 1 0 0 0 0 040619 115611.287
0.0000000000 0.0000000000 0 0 0 0 0 0 0 0 112 1 0 0 0 0 040619 115611.487
0.0000000000 0.0000000000 0 0 0 0 0 0 126 3 112 1 0 0 0 0 040619 115611.687
0.0000000000 0.0000000000 0 0 0 0 0 0 82 4 112 1 0 0 0 0 040619 115611.887
0.0000000000 0.0000000000 0 0 0 0 0 0 12 5 112 1 0 0 0 0 040619 115612.088
0.0000000000 0.0000000000 0 0 0 0 0 0 196 5 112 1 0 0 0 0 040619 115612.288
0.0000000000 0.0000000000 0 0 0 0 0 0 9 6 112 1 0 0 0 0 040619 115612.488
0.0000000000 0.0000000000 0 0 0 0 0 0 225 5 112 1 0 0 0 0 040619 115612.688
0.0000000000 0.0000000000 0 0 0 0 0 0 33 6 112 1 0 0 0 0 040619 115612.888
0.0000000000 0.0000000000 0 0 0 0 0 0 184 6 112 1 0 0 0 0 040619 115613.089
0.0000000000 0.0000000000 0 0 0 0 0 0 198 6 112 1 0 0 0 0 040619 115613.289
0.0000000000 0.0000000000 0 0 0 0 0 0 193 6 112 1 0 0 0 0 040619 115613.489
0.0000000000 0.0000000000 0 0 0 0 0 0 106 6 112 1 0 0 0 0 040619 115613.689
0.0000000000 0.0000000000 0 0 0 0 0 0 85 7 112 1 0 0 0 0 040619 115613.890
0.0000000000 0.0000000000 0 0 0 0 0 0 32 8 112 1 0 0 0 0 040619 115614.090
0.0000000000 0.0000000000 0 0 0 0 0 0 179 8 112 1 0 0 0 0 040619 115614.290
0.0000000000 0.0000000000 0 0 0 0 0 0 144 9 112 1 0 0 0 0 040619 115614.490
0.0000000000 0.0000000000 0 0 0 0 0 0 88 10 112 1 0 0 0 0 040619 115614.690
0.0000000000 0.0000000000 0 0 0 0 0 0 147 11 112 1 0 0 0 0 040619 115614.891
0.0000000000 0.0000000000 0 0 0 0 0 0 253 11 112 1 0 0 0 0 040619 115615.091
0.0000000000 0.0000000000 0 0 0 0 0 0 15 12 112 1 0 0 0 0 040619 115615.291
0.0000000000 0.0000000000 0 0 0 0 0 0 13 13 112 1 0 0 0 0 040619 115615.491
0.0000000000 0.0000000000 0 0 0 0 0 0 162 13 112 1 0 0 0 0 040619 115615.691
0.0000000000 0.0000000000 0 0 0 0 0 0 103 14 112 1 0 0 0 0 040619 115615.892
0.0000000000 0.0000000000 0 0 0 0 0 0 30 14 112 1 0 0 0 0 040619 115616.092
0.0000000000 0.0000000000 0 0 0 0 0 0 159 13 112 1 0 0 0 0 040619 115616.292
0.0000000000 0.0000000000 0 0 0 0 0 0 131 12 112 1 0 0 0 0 040619 115616.492
0.0000000000 0.0000000000 0 0 0 0 0 0 130 12 112 1 0 0 0 0 040619 115616.692
0.0000000000 0.0000000000 0 0 0 0 0 0 114 13 112 1 0 0 0 0 040619 115616.893
0.0000000000 0.0000000000 0 0 0 0 0 0 41 13 112 1 0 0 0 0 040619 115617.093
0.0000000000 0.0000000000 0 0 0 0 0 0 225 12 112 1 0 0 0 0 040619 115617.293
0.0000000000 0.0000000000 0 0 0 0 0 0 130 13 112 1 0 0 0 0 040619 115617.493
0.0000000000 0.0000000000 0 0 0 0 0 0 183 13 112 1 0 0 0 0 040619 115617.694
0.0000000000 0.0000000000 0 0 0 0 0 0 55 14 112 1 0 0 0 0 040619 115617.894
0.0000000000 0.0000000000 0 0 0 0 0 0 163 13 112 1 0 0 0 0 040619 115618.094
0.0000000000 0.0000000000 0 0 0 0 0 0 146 12 112 1 0 0 0 0 040619 115618.294
0.0000000000 0.0000000000 0 0 0 0 0 0 28 13 112 1 0 0 0 0 040619 115618.494
0.0000000000 0.0000000000 0 0 0 0 0 0 35 12 112 1 0 0 0 0 040619 115618.694
0.0000000000 0.0000000000 0 0 0 0 0 0 170 12 112 1 0 0 0 0 040619 115618.895
0.0000000000 0.0000000000 0 0 0 0 0 0 207 12 112 1 0 0 0 0 040619 115619.095
0.0000000000 0.0000000000 0 0 0 0 0 0 216 12 112 1 0 0 0 0 040619 115619.295
0.0000000000 0.0000000000 0 0 0 0 0 0 171 12 112 1 0 0 0 0 040619 115619.495
0.0000000000 0.0000000000 0 0 0 0 0 0 34 12 112 1 0 0 0 0 040619 115619.696
0.0000000000 0.0000000000 0 0 0 0 0 0 159 11 112 1 0 0 0 0 040619 115619.896
0.0000000000 0.0000000000 0 0 0 0 0 0 6 11 112 1 0 0 0 0 040619 115620.096
0.0000000000 0.0000000000 0 0 0 0 0 0 201 9 112 1 0 0 0 0 040619 115620.296
0.0000000000 0.0000000000 0 0 0 0 0 0 220 9 112 1 0 0 0 0 040619 115620.497
0.0000000000 0.0000000000 0 0 0 0 0 0 237 8 112 1 0 0 0 0 040619 115620.697
0.0000000000 0.0000000000 0 0 0 0 0 0 93 8 112 1 0 0 0 0 040619 115620.897
0.0000000000 0.0000000000 0 0 0 0 0 0 69 8 112 1 0 0 0 0 040619 115621.097
0.0000000000 0.0000000000 0 0 0 0 0 0 204 7 112 1 0 0 0 0 040619 115621.297
0.0000000000 0.0000000000 0 0 0 0 0 0 126 6 112 1 0 0 0 0 040619 115621.498
0.0000000000 0.0000000000 0 0 0 0 0 0 43 6 112 1 0 0 0 0 040619 115621.698
0.0000000000 0.0000000000 0 0 0 0 0 0 148 6 112 1 0 0 0 0 040619 115621.898
0.0000000000 0.0000000000 0 0 0 0 0 0 253 5 112 1 0 0 0 0 040619 115622.098
0.0000000000 0.0000000000 0 0 0 0 0 0 96 5 112 1 0 0 0 0 040619 115622.298
0.0000000000 0.0000000000 0 0 0 0 0 0 103 5 112 1 0 0 0 0 040619 115622.499
0.0000000000 0.0000000000 0 0 0 0 0 0 234 4 112 1 0 0 0 0 040619 115622.699
0.0000000000 0.0000000000 0 0 0 0 0 0 197 4 112 1 0 0 0 0 040619 115622.899
0.0000000000 0.0000000000 0 0 0 0 0 0 238 3 112 1 0 0 0 0 040619 115623.099
0.0000000000 0.0000000000 0 0 0 0 0 0 11 4 112 1 0 0 0 0 040619 115623.299
0.0000000000 0.0000000000 0 0 0 0 0 0 141 3 112 1 0 0 0 0 040619 115623.500
0.0000000000 0.0000000000 0 0 0 0 0 0 123 3 112 1 0 0 0 0 040619 115623.700
0.0000000000 0.0000000000 0 0 0 0 0 0 0 0 112 1 0 0 0 0 040619 115623.900
0.0000000000 0.0000000000 0 0 0 0 0 0 0 0 112 1 0 0 0 0 040619 115624.100
0.0000000000 0.0000000000 0 0 0 0 0 0 0 0 112 1 0 0 0 0 040619 115624.300
0.0000000000 0.0000000000 0 0 0 0 0 0 0 0 112 1 0 0 0 0 040619 115624.501
0.0000000000 0.0000000000 0 0 0 0 0 0 0 0 112 1 0 0 0 0 040619 115624.701
0.0000000000 0.0000000000 0 0 0 0 0 0 0 0 112 1 0 0 0 0 040619 115624.901
0.0000000000 0.0000000000 0 0 0 0 0 0 0 0 112 1 0 0 0 0 040619 115625.101
0.0000000000 0.0000000000 0 0 0 0 0 0 0 0 112 1 0 0 0 0 040619 115625.302
0.0000000000 0.0000000000 0 0 0 0 0 0 191 251 112 1 0 0 0 0 040619 115625.502
0.0000000000 0.0000000000 0 0 0 0 0 0 18 250 112 1 0 0 0 0 040619 115625.702
0.0000000000 0.0000000000 0 0 0 0 0 0 55 249 112 1 0 0 0 0 040619 115625.902
0.0000000000 0.0000000000 0 0 0 0 0 0 155 247 112 1 0 0 0 0 040619 115626.102
0.0000000000 0.0000000000 0 0 0 0 0 0 228 246 112 1 0 0 0 0 040619 115626.303
0.0000000000 0.0000000000 0 0 0 0 0 0 59 245 112 1 0 0 0 0 040619 115626.503
0.0000000000 0.0000000000 0 0 0 0 0 0 185 243 112 1 0 0 0 0 040619 115626.703
0.0000000000 0.0000000000 0 0 0 0 0 0 193 242 112 1 0 0 0 0 040619 115626.904
0.0000000000 0.0000000000 0 0 0 0 0 0 155 242 112 1 0 0 0 0 040619 115627.104
0.0000000000 0.0000000000 0 0 0 0 0 0 27 240 112 1 0 0 0 0 040619 115627.304
0.0000000000 0.0000000000 0 0 0 0 0 0 28 239 112 1 0 0 0 0 040619 115627.504
0.0000000000 0.0000000000 0 0 0 0 0 0 104 237 112 1 0 0 0 0 040619 115627.704
0.0000000000 0.0000000000 0 0 0 0 0 0 14 236 112 1 0 0 0 0 040619 115627.905
0.0000000000 0.0000000000 0 0 0 0 0 0 235 234 112 1 0 0 0 0 040619 115628.105
0.0000000000 0.0000000000 0 0 0 0 0 0 13 233 112 1 0 0 0 0 040619 115628.305
0.0000000000 0.0000000000 0 0 0 0 0 0 25 234 112 1 0 0 0 0 040619 115628.505
0.0000000000 0.0000000000 0 0 0 0 0 0 209 234 112 1 0 0 0 0 040619 115628.705
0.0000000000 0.0000000000 0 0 0 0 0 0 94 234 112 1 0 0 0 0 040619 115628.906
0.0000000000 0.0000000000 0 0 0 0 0 0 73 234 112 1 0 0 0 0 040619 115629.106
0.0000000000 0.0000000000 0 0 0 0 0 0 16 234 112 1 0 0 0 0 040619 115629.306
0.0000000000 0.0000000000 0 0 0 0 0 0 45 232 112 1 0 0 0 0 040619 115629.506
0.0000000000 0.0000000000 0 0 0 0 0 0 223 229 112 1 0 0 0 0 040619 115629.707
0.0000000000 0.0000000000 0 0 0 0 0 0 61 229 112 1 0 0 0 0 040619 115629.907
0.0000000000 0.0000000000 0 0 0 0 0 0 180 227 112 1 0 0 0 0 040619 115630.107
0.0000000000 0.0000000000 0 0 0 0 0 0 89 226 112 1 0 0 0 0 040619 115630.307
0.0000000000 0.0000000000 0 0 0 0 0 0 125 224 112 1 0 0 0 0 040619 115630.507
0.0000000000 0.0000000000 0 0 0 0 0 0 8 223 112 1 0 0 0 0 040619 115630.708
0.0000000000 0.0000000000 0 0 0 0 0 0 24 222 112 1 0 0 0 0 040619 115630.908
0.0000000000 0.0000000000 0 0 0 0 0 0 163 221 112 1 0 0 0 0 040619 115631.108
0.0000000000 0.0000000000 0 0 0 0 0 0 31 222 112 1 0 0 0 0 040619 115631.308
0.0000000000 0.0000000000 0 0 0 0 0 0 228 221 112 1 0 0 0 0 040619 115631.508
0.0000000000 0.0000000000 0 0 0 0 0 0 213 221 112 1 0 0 0 0 040619 115631.709
0.0000000000 0.0000000000 0 0 0 0 0 0 237 221 112 1 0 0 0 0 040619 115631.909
0.0000000000 0.0000000000 0 0 0 0 0 0 128 222 112 1 0 0 0 0 040619 115632.109
0.0000000000 0.0000000000 0 0 0 0 0 0 167 222 112 1 0 0 0 0 040619 115632.309
0.0000000000 0.0000000000 0 0 0 0 0 0 192 222 112 1 0 0 0 0 040619 115632.509
0.0000000000 0.0000000000 0 0 0 0 0 0 146 220 112 1 0 0 0 0 040619 115632.710
0.0000000000 0.0000000000 0 0 0 0 0 0 139 218 112 1 0 0 0 0 040619 115632.910
0.0000000000 0.0000000000 0 0 0 0 0 0 247 217 112 1 0 0 0 0 040619 115633.110
0.0000000000 0.0000000000 0 0 0 0 0 0 214 214 112 1 0 0 0 0 040619 115633.310
0.0000000000 0.0000000000 0 0 0 0 0 0 9 213 112 1 0 0 0 0 040619 115633.510
0.0000000000 0.0000000000 0 0 0 0 0 0 19 213 112 1 0 0 0 0 040619 115633.711
0.0000000000 0.0000000000 0 0 0 0 0 0 19 211 112 1 0 0 0 0 040619 115633.911
0.0000000000 0.0000000000 0 0 0 0 0 0 112 211 112 1 0 0 0 0 040619 115634.111
0.0000000000 0.0000000000 0 0 0 0 0 0 222 210 112 1 0 0 0 0 040619 115634.311
0.0000000000 0.0000000000 0 0 0 0 0 0 138 208 112 1 0 0 0 0 040619 115634.511
0.0000000000 0.0000000000 0 0 0 0 0 0 215 205 112 1 0 0 0 0 040619 115634.712
0.0000000000 0.0000000000 0 0 0 0 0 0 55 205 112 1 0 0 0 0 040619 115634.912
0.0000000000 0.0000000000 0 0 0 0 0 0 212 204 112 1 0 0 0 0 040619 115635.112
0.0000000000 0.0000000000 0 0 0 0 0 0 75 203 112 1 0 0 0 0 040619 115635.312
0.0000000000 0.0000000000 0 0 0 0 0 0 115 203 112 1 0 0 0 0 040619 115635.512
0.0000000000 0.0000000000 0 0 0 0 0 0 102 202 112 1 0 0 0 0 040619 115635.713
0.0000000000 0.0000000000 0 0 0 0 0 0 47 202 112 1 0 0 0 0 040619 115635.913
0.0000000000 0.0000000000 0 0 0 0 0 0 66 201 112 1 0 0 0 0 040619 115636.113
0.0000000000 0.0000000000 0 0 0 0 0 0 63 201 112 1 0 0 0 0 040619 115636.313
0.0000000000 0.0000000000 0 0 0 0 0 0 21 201 112 1 0 0 0 0 040619 115636.513
0.0000000000 0.0000000000 0 0 0 0 0 0 71 201 112 1 0 0 0 0 040619 115636.714
0.0000000000 0.0000000000 0 0 0 0 0 0 136 201 112 1 0 0 0 0 040619 115636.914
0.0000000000 0.0000000000 0 0 0 0 0 0 30 202 112 1 0 0 0 0 040619 115637.114
0.0000000000 0.0000000000 0 0 0 0 0 0 220 202 112 1 0 0 0 0 040619 115637.314
0.0000000000 0.0000000000 0 0 0 0 0 0 170 202 112 1 0 0 0 0 040619 115637.515
0.0000000000 0.0000000000 0 0 0 0 0 0 51 203 112 1 0 0 0 0 040619 115637.715
0.0000000000 0.0000000000 0 0 0 0 0 0 29 204 112 1 0 0 0 0 040619 115637.915
0.0000000000 0.0000000000 0 0 0 0 0 0 192 205 112 1 0 0 0 0 040619 115638.115
0.0000000000 0.0000000000 0 0 0 0 0 0 111 205 112 1 0 0 0 0 040619 115638.315
0.0000000000 0.0000000000 0 0 0 0 0 0 173 205 112 1 0 0 0 0 040619 115638.516
0.0000000000 0.0000000000 0 0 0 0 0 0 57 206 112 1 0 0 0 0 040619 115638.716
0.0000000000 0.0000000000 0 0 0 0 0 0 186 205 112 1 0 0 0 0 040619 115638.916
0.0000000000 0.0000000000 0 0 0 0 0 0 59 206 112 1 0 0 0 0 040619 115639.116
0.0000000000 0.0000000000 0 0 0 0 0 0 248 206 112 1 0 0 0 0 040619 115639.317
0.0000000000 0.0000000000 0 0 0 0 0 0 200 206 112 1 0 0 0 0 040619 115639.517
0.0000000000 0.0000000000 0 0 0 0 0 0 154 207 112 1 0 0 0 0 040619 115639.717
0.0000000000 0.0000000000 0 0 0 0 0 0 142 208 112 1 0 0 0 0 040619 115639.917
0.0000000000 0.0000000000 0 0 0 0 0 0 79 209 112 1 0 0 0 0 040619 115640.118
0.0000000000 0.0000000000 0 0 0 0 0 0 228 209 112 1 0 0 0 0 040619 115640.318
0.0000000000 0.0000000000 0 0 0 0 0 0 139 210 112 1 0 0 0 0 040619 115640.518
0.0000000000 0.0000000000 0 0 0 0 0 0 163 211 112 1 0 0 0 0 040619 115640.718
0.0000000000 0.0000000000 0 0 0 0 0 0 76 214 112 1 0 0 0 0 040619 115640.918
0.0000000000 0.0000000000 0 0 0 0 0 0 51 215 112 1 0 0 0 0 040619 115641.119
0.0000000000 0.0000000000 0 0 0 0 0 0 1 216 112 1 0 0 0 0 040619 115641.319
0.0000000000 0.0000000000 0 0 0 0 0 0 181 216 112 1 0 0 0 0 040619 115641.519
0.0000000000 0.0000000000 0 0 0 0 0 0 255 127 112 1 0 0 0 0 040619 115641.719
