0.0000000000 0.0000000000 0 0 0 0 0 0 37 252 112 1 0 0 0 0 040619 152001.031
0.0000000000 0.0000000000 0 0 0 0 0 0 197 249 112 1 0 0 0 0 040619 152001.231
0.0000000000 0.0000000000 0 0 0 0 0 0 112 251 112 1 0 0 0 0 040619 152001.432
0.0000000000 0.0000000000 0 0 0 0 0 0 142 247 112 1 0 0 0 0 040619 152001.632
0.0000000000 0.0000000000 0 0 0 0 0 0 57 253 112 1 0 0 0 0 040619 152001.832
0.0000000000 0.0000000000 0 0 0 0 0 0 127 245 112 1 0 0 0 0 040619 152002.032
0.0000000000 0.0000000000 0 0 0 0 0 0 56 250 112 1 0 0 0 0 040619 152002.232
0.0000000000 0.0000000000 0 0 0 0 0 0 132 250 112 1 0 0 0 0 040619 152002.433
0.0000000000 0.0000000000 0 0 0 0 0 0 194 249 112 1 0 0 0 0 040619 152002.633
0.0000000000 0.0000000000 0 0 0 0 0 0 12 254 112 1 0 0 0 0 040619 152002.833
0.0000000000 0.0000000000 0 0 0 0 0 0 213 247 112 1 0 0 0 0 040619 152003.033
0.0000000000 0.0000000000 0 0 0 0 0 0 113 249 112 1 0 0 0 0 040619 152003.234
0.0000000000 0.0000000000 0 0 0 0 0 0 48 251 112 1 0 0 0 0 040619 152003.434
0.0000000000 0.0000000000 0 0 0 0 0 0 0 249 112 1 0 0 0 0 040619 152003.634
0.0000000000 0.0000000000 0 0 0 0 0 0 28 239 112 1 0 0 0 0 040619 152003.834
0.0000000000 0.0000000000 0 0 0 0 0 0 121 252 112 1 0 0 0 0 040619 152004.035
0.0000000000 0.0000000000 0 0 0 0 0 0 76 250 112 1 0 0 0 0 040619 152004.235
0.0000000000 0.0000000000 0 0 0 0 0 0 207 243 112 1 0 0 0 0 040619 152004.435
0.0000000000 0.0000000000 0 0 0 0 0 0 239 248 112 1 0 0 0 0 040619 152004.635
0.0000000000 0.0000000000 0 0 0 0 0 0 32 0 112 1 0 0 0 0 040619 152004.835
0.0000000000 0.0000000000 0 0 0 0 0 0 142 245 112 1 0 0 0 0 040619 152005.036
0.0000000000 0.0000000000 0 0 0 0 0 0 201 250 112 1 0 0 0 0 040619 152005.236
0.0000000000 0.0000000000 0 0 0 0 0 0 137 252 112 1 0 0 0 0 040619 152005.436
0.0000000000 0.0000000000 0 0 0 0 0 0 143 254 112 1 0 0 0 0 040619 152005.637
0.0000000000 0.0000000000 0 0 0 0 0 0 68 245 112 1 0 0 0 0 040619 152005.837
0.0000000000 0.0000000000 0 0 0 0 0 0 199 252 112 1 0 0 0 0 040619 152006.037
0.0000000000 0.0000000000 0 0 0 0 0 0 134 250 112 1 0 0 0 0 040619 152006.237
0.0000000000 0.0000000000 0 0 0 0 0 0 192 255 112 1 0 0 0 0 040619 152006.437
0.0000000000 0.0000000000 0 0 0 0 0 0 228 245 112 1 0 0 0 0 040619 152006.638
0.0000000000 0.0000000000 0 0 0 0 0 0 146 247 112 1 0 0 0 0 040619 152006.838
0.0000000000 0.0000000000 0 0 0 0 0 0 162 254 112 1 0 0 0 0 040619 152007.038
0.0000000000 0.0000000000 0 0 0 0 0 0 191 253 112 1 0 0 0 0 040619 152007.238
0.0000000000 0.0000000000 0 0 0 0 0 0 23 2 112 1 0 0 0 0 040619 152007.439
0.0000000000 0.0000000000 0 0 0 0 0 0 76 255 112 1 0 0 0 0 040619 152007.639
0.0000000000 0.0000000000 0 0 0 0 0 0 56 251 112 1 0 0 0 0 040619 152007.839
0.0000000000 0.0000000000 0 0 0 0 0 0 218 252 112 1 0 0 0 0 040619 152008.039
0.0000000000 0.0000000000 0 0 0 0 0 0 63 254 112 1 0 0 0 0 040619 152008.240
0.0000000000 0.0000000000 0 0 0 0 0 0 132 2 112 1 0 0 0 0 040619 152008.440
0.0000000000 0.0000000000 0 0 0 0 0 0 132 2 112 1 0 0 0 0 040619 152008.640
0.0000000000 0.0000000000 0 0 0 0 0 0 114 0 112 1 0 0 0 0 040619 152008.840
0.0000000000 0.0000000000 0 0 0 0 0 0 147 250 112 1 0 0 0 0 040619 152009.040
0.0000000000 0.0000000000 0 0 0 0 0 0 56 8 112 1 0 0 0 0 040619 152009.241
0.0000000000 0.0000000000 0 0 0 0 0 0 90 255 112 1 0 0 0 0 040619 152009.441
0.0000000000 0.0000000000 0 0 0 0 0 0 89 254 112 1 0 0 0 0 040619 152009.641
0.0000000000 0.0000000000 0 0 0 0 0 0 122 3 112 1 0 0 0 0 040619 152009.841
0.0000000000 0.0000000000 0 0 0 0 0 0 180 3 112 1 0 0 0 0 040619 152010.042
0.0000000000 0.0000000000 0 0 0 0 0 0 152 254 112 1 0 0 0 0 040619 152010.242
0.0000000000 0.0000000000 0 0 0 0 0 0 37 10 112 1 0 0 0 0 040619 152010.442
0.0000000000 0.0000000000 0 0 0 0 0 0 183 250 112 1 0 0 0 0 040619 152010.642
0.0000000000 0.0000000000 0 0 0 0 0 0 0 0 112 1 0 0 0 0 040619 152010.843
0.0000000000 0.0000000000 0 0 0 0 0 0 0 0 112 1 0 0 0 0 040619 152011.043
0.0000000000 0.0000000000 0 0 0 0 0 0 0 0 112 1 0 0 0 0 040619 152011.243
0.0000000000 0.0000000000 0 0 0 0 0 0 0 0 112 1 0 0 0 0 040619 152011.443
0.0000000000 0.0000000000 0 0 0 0 0 0 0 0 112 1 0 0 0 0 040619 152011.644
0.0000000000 0.0000000000 0 0 0 0 0 0 0 0 112 1 0 0 0 0 040619 152011.844
0.0000000000 0.0000000000 0 0 0 0 0 0 0 0 112 1 0 0 0 0 040619 152012.044
0.0000000000 0.0000000000 0 0 0 0 0 0 0 0 112 1 0 0 0 0 040619 152012.244
0.0000000000 0.0000000000 0 0 0 0 0 0 0 0 112 1 0 0 0 0 040619 152012.445
0.0000000000 0.0000000000 0 0 0 0 0 0 0 0 112 1 0 0 0 0 040619 152012.645
0.0000000000 0.0000000000 0 0 0 0 0 0 0 0 112 1 0 0 0 0 040619 152012.845
0.0000000000 0.0000000000 0 0 0 0 0 0 0 0 112 1 0 0 0 0 040619 152013.045
0.0000000000 0.0000000000 0 0 0 0 0 0 0 0 112 1 0 0 0 0 040619 152013.245
0.0000000000 0.0000000000 0 0 0 0 0 0 0 0 112 1 0 0 0 0 040619 152013.446
0.0000000000 0.0000000000 0 0 0 0 0 0 0 0 112 1 0 0 0 0 040619 152013.646
0.0000000000 0.0000000000 0 0 0 0 0 0 0 0 112 1 0 0 0 0 040619 152013.846
0.0000000000 0.0000000000 0 0 0 0 0 0 0 0 112 1 0 0 0 0 040619 152014.046
0.0000000000 0.0000000000 0 0 0 0 0 0 0 0 112 1 0 0 0 0 040619 152014.247
0.0000000000 0.0000000000 0 0 0 0 0 0 0 0 112 1 0 0 0 0 040619 152014.447
0.0000000000 0.0000000000 0 0 0 0 0 0 0 0 112 1 0 0 0 0 040619 152014.647
0.0000000000 0.0000000000 0 0 0 0 0 0 0 0 112 1 0 0 0 0 040619 152014.847
0.0000000000 0.0000000000 0 0 0 0 0 0 0 0 112 1 0 0 0 0 040619 152015.048
0.0000000000 0.0000000000 0 0 0 0 0 0 0 0 112 1 0 0 0 0 040619 152015.248
0.0000000000 0.0000000000 0 0 0 0 0 0 0 0 112 1 0 0 0 0 040619 152015.448
0.0000000000 0.0000000000 0 0 0 0 0 0 0 0 112 1 0 0 0 0 040619 152015.648
0.0000000000 0.0000000000 0 0 0 0 0 0 0 0 112 1 0 0 0 0 040619 152015.848
0.0000000000 0.0000000000 0 0 0 0 0 0 0 0 112 1 0 0 0 0 040619 152016.049
0.0000000000 0.0000000000 0 0 0 0 0 0 0 0 112 1 0 0 0 0 040619 152016.249
0.0000000000 0.0000000000 0 0 0 0 0 0 0 0 112 1 0 0 0 0 040619 152016.449
0.0000000000 0.0000000000 0 0 0 0 0 0 0 0 112 1 0 0 0 0 040619 152016.649
0.0000000000 0.0000000000 0 0 0 0 0 0 0 0 112 1 0 0 0 0 040619 152016.850
0.0000000000 0.0000000000 0 0 0 0 0 0 0 0 112 1 0 0 0 0 040619 152017.050
0.0000000000 0.0000000000 0 0 0 0 0 0 1 14 112 1 0 0 0 0 040619 152017.251
0.0000000000 0.0000000000 0 0 0 0 0 0 144 14 112 1 0 0 0 0 040619 152017.451
0.0000000000 0.0000000000 0 0 0 0 0 0 158 10 112 1 0 0 0 0 040619 152017.651
0.0000000000 0.0000000000 0 0 0 0 0 0 41 16 112 1 0 0 0 0 040619 152017.852
0.0000000000 0.0000000000 0 0 0 0 0 0 239 13 112 1 0 0 0 0 040619 152018.052
0.0000000000 0.0000000000 0 0 0 0 0 0 173 8 112 1 0 0 0 0 040619 152018.252
0.0000000000 0.0000000000 0 0 0 0 0 0 146 10 112 1 0 0 0 0 040619 152018.452
0.0000000000 0.0000000000 0 0 0 0 0 0 149 7 112 1 0 0 0 0 040619 152018.652
0.0000000000 0.0000000000 0 0 0 0 0 0 239 1 112 1 0 0 0 0 040619 152018.853
0.0000000000 0.0000000000 0 0 0 0 0 0 247 12 112 1 0 0 0 0 040619 152019.053
0.0000000000 0.0000000000 0 0 0 0 0 0 219 2 112 1 0 0 0 0 040619 152019.253
0.0000000000 0.0000000000 0 0 0 0 0 0 204 6 112 1 0 0 0 0 040619 152019.454
0.0000000000 0.0000000000 0 0 0 0 0 0 208 7 112 1 0 0 0 0 040619 152019.654
0.0000000000 0.0000000000 0 0 0 0 0 0 41 3 112 1 0 0 0 0 040619 152019.854
0.0000000000 0.0000000000 0 0 0 0 0 0 98 15 112 1 0 0 0 0 040619 152020.054
0.0000000000 0.0000000000 0 0 0 0 0 0 6 6 112 1 0 0 0 0 040619 152020.254
0.0000000000 0.0000000000 0 0 0 0 0 0 217 5 112 1 0 0 0 0 040619 152020.455
0.0000000000 0.0000000000 0 0 0 0 0 0 109 11 112 1 0 0 0 0 040619 152020.655
0.0000000000 0.0000000000 0 0 0 0 0 0 244 8 112 1 0 0 0 0 040619 152020.855
0.0000000000 0.0000000000 0 0 0 0 0 0 50 0 112 1 0 0 0 0 040619 152021.055
0.0000000000 0.0000000000 0 0 0 0 0 0 211 8 112 1 0 0 0 0 040619 152021.256
0.0000000000 0.0000000000 0 0 0 0 0 0 195 7 112 1 0 0 0 0 040619 152021.456
0.0000000000 0.0000000000 0 0 0 0 0 0 236 11 112 1 0 0 0 0 040619 152021.656
0.0000000000 0.0000000000 0 0 0 0 0 0 78 255 112 1 0 0 0 0 040619 152021.856
0.0000000000 0.0000000000 0 0 0 0 0 0 231 6 112 1 0 0 0 0 040619 152022.057
0.0000000000 0.0000000000 0 0 0 0 0 0 105 7 112 1 0 0 0 0 040619 152022.257
0.0000000000 0.0000000000 0 0 0 0 0 0 255 7 112 1 0 0 0 0 040619 152022.457
0.0000000000 0.0000000000 0 0 0 0 0 0 143 255 112 1 0 0 0 0 040619 152022.657
0.0000000000 0.0000000000 0 0 0 0 0 0 170 4 112 1 0 0 0 0 040619 152022.858
0.0000000000 0.0000000000 0 0 0 0 0 0 157 4 112 1 0 0 0 0 040619 152023.058
0.0000000000 0.0000000000 0 0 0 0 0 0 58 7 112 1 0 0 0 0 040619 152023.258
0.0000000000 0.0000000000 0 0 0 0 0 0 184 253 112 1 0 0 0 0 040619 152023.459
0.0000000000 0.0000000000 0 0 0 0 0 0 58 254 112 1 0 0 0 0 040619 152023.659
0.0000000000 0.0000000000 0 0 0 0 0 0 88 255 112 1 0 0 0 0 040619 152023.859
0.0000000000 0.0000000000 0 0 0 0 0 0 177 13 112 1 0 0 0 0 040619 152024.059
0.0000000000 0.0000000000 0 0 0 0 0 0 196 254 112 1 0 0 0 0 040619 152024.259
0.0000000000 0.0000000000 0 0 0 0 0 0 103 2 112 1 0 0 0 0 040619 152024.460
0.0000000000 0.0000000000 0 0 0 0 0 0 156 5 112 1 0 0 0 0 040619 152024.660
0.0000000000 0.0000000000 0 0 0 0 0 0 22 2 112 1 0 0 0 0 040619 152024.860
0.0000000000 0.0000000000 0 0 0 0 0 0 22 2 112 1 0 0 0 0 040619 152025.060
0.0000000000 0.0000000000 0 0 0 0 0 0 22 2 112 1 0 0 0 0 040619 152025.261
0.0000000000 0.0000000000 0 0 0 0 0 0 22 2 112 1 0 0 0 0 040619 152025.461
0.0000000000 0.0000000000 0 0 0 0 0 0 22 2 112 1 0 0 0 0 040619 152025.661
0.0000000000 0.0000000000 0 0 0 0 0 0 22 2 112 1 0 0 0 0 040619 152025.861
0.0000000000 0.0000000000 0 0 0 0 0 0 22 2 112 1 0 0 0 0 040619 152026.062
0.0000000000 0.0000000000 0 0 0 0 0 0 22 2 112 1 0 0 0 0 040619 152026.262
0.0000000000 0.0000000000 0 0 0 0 0 0 22 2 112 1 0 0 0 0 040619 152026.462
0.0000000000 0.0000000000 0 0 0 0 0 0 22 2 112 1 0 0 0 0 040619 152026.662
0.0000000000 0.0000000000 0 0 0 0 0 0 22 2 112 1 0 0 0 0 040619 152026.863
0.0000000000 0.0000000000 0 0 0 0 0 0 252 241 112 1 0 0 0 0 040619 152027.063
0.0000000000 0.0000000000 0 0 0 0 0 0 48 9 112 1 0 0 0 0 040619 152027.263
0.0000000000 0.0000000000 0 0 0 0 0 0 135 2 112 1 0 0 0 0 040619 152027.463
0.0000000000 0.0000000000 0 0 0 0 0 0 183 5 112 1 0 0 0 0 040619 152027.663
0.0000000000 0.0000000000 0 0 0 0 0 0 62 3 112 1 0 0 0 0 040619 152027.864
0.0000000000 0.0000000000 0 0 0 0 0 0 245 8 112 1 0 0 0 0 040619 152028.064
0.0000000000 0.0000000000 0 0 0 0 0 0 124 1 112 1 0 0 0 0 040619 152028.264
0.0000000000 0.0000000000 0 0 0 0 0 0 137 5 112 1 0 0 0 0 040619 152028.464
0.0000000000 0.0000000000 0 0 0 0 0 0 39 3 112 1 0 0 0 0 040619 152028.665
0.0000000000 0.0000000000 0 0 0 0 0 0 126 8 112 1 0 0 0 0 040619 152028.865
0.0000000000 0.0000000000 0 0 0 0 0 0 194 250 112 1 0 0 0 0 040619 152029.065
0.0000000000 0.0000000000 0 0 0 0 0 0 166 5 112 1 0 0 0 0 040619 152029.265
0.0000000000 0.0000000000 0 0 0 0 0 0 180 4 112 1 0 0 0 0 040619 152029.466
0.0000000000 0.0000000000 0 0 0 0 0 0 139 253 112 1 0 0 0 0 040619 152029.666
0.0000000000 0.0000000000 0 0 0 0 0 0 123 1 112 1 0 0 0 0 040619 152029.866
0.0000000000 0.0000000000 0 0 0 0 0 0 141 0 112 1 0 0 0 0 040619 152030.066
0.0000000000 0.0000000000 0 0 0 0 0 0 119 1 112 1 0 0 0 0 040619 152030.266
0.0000000000 0.0000000000 0 0 0 0 0 0 53 1 112 1 0 0 0 0 040619 152030.467
0.0000000000 0.0000000000 0 0 0 0 0 0 18 255 112 1 0 0 0 0 040619 152030.667
0.0000000000 0.0000000000 0 0 0 0 0 0 43 2 112 1 0 0 0 0 040619 152030.867
0.0000000000 0.0000000000 0 0 0 0 0 0 132 0 112 1 0 0 0 0 040619 152031.068
0.0000000000 0.0000000000 0 0 0 0 0 0 133 255 112 1 0 0 0 0 040619 152031.268
0.0000000000 0.0000000000 0 0 0 0 0 0 26 3 112 1 0 0 0 0 040619 152031.468
0.0000000000 0.0000000000 0 0 0 0 0 0 182 0 112 1 0 0 0 0 040619 152031.668
0.0000000000 0.0000000000 0 0 0 0 0 0 1 3 112 1 0 0 0 0 040619 152031.869
0.0000000000 0.0000000000 0 0 0 0 0 0 36 0 112 1 0 0 0 0 040619 152032.069
0.0000000000 0.0000000000 0 0 0 0 0 0 0 0 112 1 0 0 0 0 040619 152032.269
0.0000000000 0.0000000000 0 0 0 0 0 0 0 0 112 1 0 0 0 0 040619 152032.469
0.0000000000 0.0000000000 0 0 0 0 0 0 0 0 112 1 0 0 0 0 040619 152032.670
0.0000000000 0.0000000000 0 0 0 0 0 0 0 0 112 1 0 0 0 0 040619 152032.870
0.0000000000 0.0000000000 0 0 0 0 0 0 0 0 112 1 0 0 0 0 040619 152033.070
0.0000000000 0.0000000000 0 0 0 0 0 0 0 0 112 1 0 0 0 0 040619 152033.270
0.0000000000 0.0000000000 0 0 0 0 0 0 0 0 112 1 0 0 0 0 040619 152033.470
0.0000000000 0.0000000000 0 0 0 0 0 0 0 0 112 1 0 0 0 0 040619 152033.671
0.0000000000 0.0000000000 0 0 0 0 0 0 0 0 112 1 0 0 0 0 040619 152033.871
0.0000000000 0.0000000000 0 0 0 0 0 0 0 0 112 1 0 0 0 0 040619 152034.071
0.0000000000 0.0000000000 0 0 0 0 0 0 0 0 112 1 0 0 0 0 040619 152034.271
0.0000000000 0.0000000000 0 0 0 0 0 0 0 0 112 1 0 0 0 0 040619 152034.472
0.0000000000 0.0000000000 0 0 0 0 0 0 0 0 112 1 0 0 0 0 040619 152034.672
0.0000000000 0.0000000000 0 0 0 0 0 0 0 0 112 1 0 0 0 0 040619 152034.872
0.0000000000 0.0000000000 0 0 0 0 0 0 0 0 112 1 0 0 0 0 040619 152035.072
0.0000000000 0.0000000000 0 0 0 0 0 0 0 0 112 1 0 0 0 0 040619 152035.273
0.0000000000 0.0000000000 0 0 0 0 0 0 0 0 112 1 0 0 0 0 040619 152035.473
0.0000000000 0.0000000000 0 0 0 0 0 0 0 0 112 1 0 0 0 0 040619 152035.673
0.0000000000 0.0000000000 0 0 0 0 0 0 0 0 112 1 0 0 0 0 040619 152035.873
0.0000000000 0.0000000000 0 0 0 0 0 0 0 0 112 1 0 0 0 0 040619 152036.073
0.0000000000 0.0000000000 0 0 0 0 0 0 0 0 112 1 0 0 0 0 040619 152036.274
0.0000000000 0.0000000000 0 0 0 0 0 0 0 0 112 1 0 0 0 0 040619 152036.474
0.0000000000 0.0000000000 0 0 0 0 0 0 0 0 112 1 0 0 0 0 040619 152036.674
0.0000000000 0.0000000000 0 0 0 0 0 0 0 0 112 1 0 0 0 0 040619 152036.874
0.0000000000 0.0000000000 0 0 0 0 0 0 0 0 112 1 0 0 0 0 040619 152037.074
0.0000000000 0.0000000000 0 0 0 0 0 0 0 0 112 1 0 0 0 0 040619 152037.275
0.0000000000 0.0000000000 0 0 0 0 0 0 0 0 112 1 0 0 0 0 040619 152037.475
0.0000000000 0.0000000000 0 0 0 0 0 0 0 0 112 1 0 0 0 0 040619 152037.675
0.0000000000 0.0000000000 0 0 0 0 0 0 0 0 112 1 0 0 0 0 040619 152037.875
0.0000000000 0.0000000000 0 0 0 0 0 0 0 0 112 1 0 0 0 0 040619 152038.076
0.0000000000 0.0000000000 0 0 0 0 0 0 0 0 112 1 0 0 0 0 040619 152038.276
0.0000000000 0.0000000000 0 0 0 0 0 0 0 0 112 1 0 0 0 0 040619 152038.476
0.0000000000 0.0000000000 0 0 0 0 0 0 0 0 112 1 0 0 0 0 040619 152038.677
0.0000000000 0.0000000000 0 0 0 0 0 0 0 0 112 1 0 0 0 0 040619 152038.877
0.0000000000 0.0000000000 0 0 0 0 0 0 0 0 112 1 0 0 0 0 040619 152039.077
0.0000000000 0.0000000000 0 0 0 0 0 0 0 0 112 1 0 0 0 0 040619 152039.277
0.0000000000 0.0000000000 0 0 0 0 0 0 0 0 112 1 0 0 0 0 040619 152039.477
0.0000000000 0.0000000000 0 0 0 0 0 0 0 0 112 1 0 0 0 0 040619 152039.678
0.0000000000 0.0000000000 0 0 0 0 0 0 0 0 112 1 0 0 0 0 040619 152039.878
0.0000000000 0.0000000000 0 0 0 0 0 0 0 0 112 1 0 0 0 0 040619 152040.078
0.0000000000 0.0000000000 0 0 0 0 0 0 0 0 112 1 0 0 0 0 040619 152040.278
0.0000000000 0.0000000000 0 0 0 0 0 0 0 0 112 1 0 0 0 0 040619 152040.479
0.0000000000 0.0000000000 0 0 0 0 0 0 0 0 112 1 0 0 0 0 040619 152040.679
0.0000000000 0.0000000000 0 0 0 0 0 0 0 0 112 1 0 0 0 0 040619 152040.879
0.0000000000 0.0000000000 0 0 0 0 0 0 0 0 112 1 0 0 0 0 040619 152041.079
0.0000000000 0.0000000000 0 0 0 0 0 0 0 0 112 1 0 0 0 0 040619 152041.279
0.0000000000 0.0000000000 0 0 0 0 0 0 0 0 112 1 0 0 0 0 040619 152041.480
0.0000000000 0.0000000000 0 0 0 0 0 0 0 0 112 1 0 0 0 0 040619 152041.680
0.0000000000 0.0000000000 0 0 0 0 0 0 0 0 112 1 0 0 0 0 040619 152041.880
0.0000000000 0.0000000000 0 0 0 0 0 0 0 0 112 1 0 0 0 0 040619 152042.080
0.0000000000 0.0000000000 0 0 0 0 0 0 0 0 112 1 0 0 0 0 040619 152042.281
0.0000000000 0.0000000000 0 0 0 0 0 0 0 0 112 1 0 0 0 0 040619 152042.481
0.0000000000 0.0000000000 0 0 0 0 0 0 0 0 112 1 0 0 0 0 040619 152042.681
0.0000000000 0.0000000000 0 0 0 0 0 0 0 0 112 1 0 0 0 0 040619 152042.881
0.0000000000 0.0000000000 0 0 0 0 0 0 0 0 112 1 0 0 0 0 040619 152043.082
0.0000000000 0.0000000000 0 0 0 0 0 0 0 0 112 1 0 0 0 0 040619 152043.282
0.0000000000 0.0000000000 0 0 0 0 0 0 0 0 112 1 0 0 0 0 040619 152043.482
0.0000000000 0.0000000000 0 0 0 0 0 0 0 0 112 1 0 0 0 0 040619 152043.682
0.0000000000 0.0000000000 0 0 0 0 0 0 0 0 112 1 0 0 0 0 040619 152043.883
0.0000000000 0.0000000000 0 0 0 0 0 0 0 0 112 1 0 0 0 0 040619 152044.083
0.0000000000 0.0000000000 0 0 0 0 0 0 0 0 112 1 0 0 0 0 040619 152044.283
0.0000000000 0.0000000000 0 0 0 0 0 0 0 0 112 1 0 0 0 0 040619 152044.483
0.0000000000 0.0000000000 0 0 0 0 0 0 0 0 112 1 0 0 0 0 040619 152044.684
0.0000000000 0.0000000000 0 0 0 0 0 0 0 0 112 1 0 0 0 0 040619 152044.884
0.0000000000 0.0000000000 0 0 0 0 0 0 0 0 112 1 0 0 0 0 040619 152045.084
0.0000000000 0.0000000000 0 0 0 0 0 0 0 0 112 1 0 0 0 0 040619 152045.284
0.0000000000 0.0000000000 0 0 0 0 0 0 0 0 112 1 0 0 0 0 040619 152045.485
0.0000000000 0.0000000000 0 0 0 0 0 0 0 0 112 1 0 0 0 0 040619 152045.685
0.0000000000 0.0000000000 0 0 0 0 0 0 0 0 112 1 0 0 0 0 040619 152045.885
0.0000000000 0.0000000000 0 0 0 0 0 0 0 0 112 1 0 0 0 0 040619 152046.085
0.0000000000 0.0000000000 0 0 0 0 0 0 0 0 112 1 0 0 0 0 040619 152046.286
0.0000000000 0.0000000000 0 0 0 0 0 0 0 0 112 1 0 0 0 0 040619 152046.486
0.0000000000 0.0000000000 0 0 0 0 0 0 0 0 112 1 0 0 0 0 040619 152046.686
0.0000000000 0.0000000000 0 0 0 0 0 0 0 0 112 1 0 0 0 0 040619 152046.886
0.0000000000 0.0000000000 0 0 0 0 0 0 0 0 112 1 0 0 0 0 040619 152047.086
0.0000000000 0.0000000000 0 0 0 0 0 0 0 0 112 1 0 0 0 0 040619 152047.287
0.0000000000 0.0000000000 0 0 0 0 0 0 0 0 112 1 0 0 0 0 040619 152047.487
0.0000000000 0.0000000000 0 0 0 0 0 0 0 0 112 1 0 0 0 0 040619 152047.687
0.0000000000 0.0000000000 0 0 0 0 0 0 0 0 112 1 0 0 0 0 040619 152047.887
0.0000000000 0.0000000000 0 0 0 0 0 0 0 0 112 1 0 0 0 0 040619 152048.088
0.0000000000 0.0000000000 0 0 0 0 0 0 0 0 112 1 0 0 0 0 040619 152048.288
0.0000000000 0.0000000000 0 0 0 0 0 0 0 0 112 1 0 0 0 0 040619 152048.488
0.0000000000 0.0000000000 0 0 0 0 0 0 0 0 112 1 0 0 0 0 040619 152048.688
0.0000000000 0.0000000000 0 0 0 0 0 0 0 0 112 1 0 0 0 0 040619 152048.889
0.0000000000 0.0000000000 0 0 0 0 0 0 0 0 112 1 0 0 0 0 040619 152049.089
0.0000000000 0.0000000000 0 0 0 0 0 0 0 0 112 1 0 0 0 0 040619 152049.289
0.0000000000 0.0000000000 0 0 0 0 0 0 0 0 112 1 0 0 0 0 040619 152049.489
0.0000000000 0.0000000000 0 0 0 0 0 0 0 0 112 1 0 0 0 0 040619 152049.690
0.0000000000 0.0000000000 0 0 0 0 0 0 0 0 112 1 0 0 0 0 040619 152049.890
0.0000000000 0.0000000000 0 0 0 0 0 0 0 0 112 1 0 0 0 0 040619 152050.090
0.0000000000 0.0000000000 0 0 0 0 0 0 0 0 112 1 0 0 0 0 040619 152050.290
0.0000000000 0.0000000000 0 0 0 0 0 0 0 0 112 1 0 0 0 0 040619 152050.491
0.0000000000 0.0000000000 0 0 0 0 0 0 0 0 112 1 0 0 0 0 040619 152050.691
0.0000000000 0.0000000000 0 0 0 0 0 0 0 0 112 1 0 0 0 0 040619 152050.891
0.0000000000 0.0000000000 0 0 0 0 0 0 0 0 112 1 0 0 0 0 040619 152051.091
0.0000000000 0.0000000000 0 0 0 0 0 0 0 0 112 1 0 0 0 0 040619 152051.291
0.0000000000 0.0000000000 0 0 0 0 0 0 0 0 112 1 0 0 0 0 040619 152051.492
0.0000000000 0.0000000000 0 0 0 0 0 0 0 0 112 1 0 0 0 0 040619 152051.692
0.0000000000 0.0000000000 0 0 0 0 0 0 0 0 112 1 0 0 0 0 040619 152051.892
0.0000000000 0.0000000000 0 0 0 0 0 0 0 0 112 1 0 0 0 0 040619 152052.092
0.0000000000 0.0000000000 0 0 0 0 0 0 0 0 112 1 0 0 0 0 040619 152052.292
0.0000000000 0.0000000000 0 0 0 0 0 0 0 0 112 1 0 0 0 0 040619 152052.493
0.0000000000 0.0000000000 0 0 0 0 0 0 0 0 112 1 0 0 0 0 040619 152052.693
0.0000000000 0.0000000000 0 0 0 0 0 0 0 0 112 1 0 0 0 0 040619 152052.893
0.0000000000 0.0000000000 0 0 0 0 0 0 0 0 112 1 0 0 0 0 040619 152053.093
0.0000000000 0.0000000000 0 0 0 0 0 0 0 0 112 1 0 0 0 0 040619 152053.294
0.0000000000 0.0000000000 0 0 0 0 0 0 0 0 112 1 0 0 0 0 040619 152053.494
0.0000000000 0.0000000000 0 0 0 0 0 0 0 0 112 1 0 0 0 0 040619 152053.694
0.0000000000 0.0000000000 0 0 0 0 0 0 0 0 112 1 0 0 0 0 040619 152053.894
0.0000000000 0.0000000000 0 0 0 0 0 0 0 0 112 1 0 0 0 0 040619 152054.095
0.0000000000 0.0000000000 0 0 0 0 0 0 0 0 112 1 0 0 0 0 040619 152054.295
0.0000000000 0.0000000000 0 0 0 0 0 0 0 0 112 1 0 0 0 0 040619 152054.495
0.0000000000 0.0000000000 0 0 0 0 0 0 0 0 112 1 0 0 0 0 040619 152054.695
0.0000000000 0.0000000000 0 0 0 0 0 0 0 0 112 1 0 0 0 0 040619 152054.896
0.0000000000 0.0000000000 0 0 0 0 0 0 0 0 112 1 0 0 0 0 040619 152055.096
0.0000000000 0.0000000000 0 0 0 0 0 0 0 0 112 1 0 0 0 0 040619 152055.296
0.0000000000 0.0000000000 0 0 0 0 0 0 0 0 112 1 0 0 0 0 040619 152055.496
0.0000000000 0.0000000000 0 0 0 0 0 0 0 0 112 1 0 0 0 0 040619 152055.696
0.0000000000 0.0000000000 0 0 0 0 0 0 0 0 112 1 0 0 0 0 040619 152055.897
0.0000000000 0.0000000000 0 0 0 0 0 0 66 247 112 1 0 0 0 0 040619 152056.097
0.0000000000 0.0000000000 0 0 0 0 0 0 144 250 112 1 0 0 0 0 040619 152056.297
0.0000000000 0.0000000000 0 0 0 0 0 0 174 249 112 1 0 0 0 0 040619 152056.497
0.0000000000 0.0000000000 0 0 0 0 0 0 164 249 112 1 0 0 0 0 040619 152056.698
0.0000000000 0.0000000000 0 0 0 0 0 0 165 246 112 1 0 0 0 0 040619 152056.898
0.0000000000 0.0000000000 0 0 0 0 0 0 56 247 112 1 0 0 0 0 040619 152057.098
0.0000000000 0.0000000000 0 0 0 0 0 0 118 248 112 1 0 0 0 0 040619 152057.298
0.0000000000 0.0000000000 0 0 0 0 0 0 132 246 112 1 0 0 0 0 040619 152057.498
0.0000000000 0.0000000000 0 0 0 0 0 0 81 253 112 1 0 0 0 0 040619 152057.699
0.0000000000 0.0000000000 0 0 0 0 0 0 81 253 112 1 0 0 0 0 040619 152057.899
0.0000000000 0.0000000000 0 0 0 0 0 0 184 251 112 1 0 0 0 0 040619 152058.099
0.0000000000 0.0000000000 0 0 0 0 0 0 51 252 112 1 0 0 0 0 040619 152058.300
0.0000000000 0.0000000000 0 0 0 0 0 0 59 251 112 1 0 0 0 0 040619 152058.500
0.0000000000 0.0000000000 0 0 0 0 0 0 44 248 112 1 0 0 0 0 040619 152058.700
0.0000000000 0.0000000000 0 0 0 0 0 0 253 253 112 1 0 0 0 0 040619 152058.900
0.0000000000 0.0000000000 0 0 0 0 0 0 230 246 112 1 0 0 0 0 040619 152059.100
0.0000000000 0.0000000000 0 0 0 0 0 0 61 247 112 1 0 0 0 0 040619 152059.301
0.0000000000 0.0000000000 0 0 0 0 0 0 129 249 112 1 0 0 0 0 040619 152059.501
0.0000000000 0.0000000000 0 0 0 0 0 0 41 1 112 1 0 0 0 0 040619 152059.701
0.0000000000 0.0000000000 0 0 0 0 0 0 247 245 112 1 0 0 0 0 040619 152059.901
0.0000000000 0.0000000000 0 0 0 0 0 0 1 254 112 1 0 0 0 0 040619 152100.102
0.0000000000 0.0000000000 0 0 0 0 0 0 34 245 112 1 0 0 0 0 040619 152100.302
0.0000000000 0.0000000000 0 0 0 0 0 0 220 1 112 1 0 0 0 0 040619 152100.502
0.0000000000 0.0000000000 0 0 0 0 0 0 47 247 112 1 0 0 0 0 040619 152100.702
0.0000000000 0.0000000000 0 0 0 0 0 0 189 250 112 1 0 0 0 0 040619 152100.903
0.0000000000 0.0000000000 0 0 0 0 0 0 104 248 112 1 0 0 0 0 040619 152101.103
0.0000000000 0.0000000000 0 0 0 0 0 0 216 247 112 1 0 0 0 0 040619 152101.303
0.0000000000 0.0000000000 0 0 0 0 0 0 70 250 112 1 0 0 0 0 040619 152101.503
0.0000000000 0.0000000000 0 0 0 0 0 0 120 246 112 1 0 0 0 0 040619 152101.704
0.0000000000 0.0000000000 0 0 0 0 0 0 22 249 112 1 0 0 0 0 040619 152101.904
0.0000000000 0.0000000000 0 0 0 0 0 0 8 249 112 1 0 0 0 0 040619 152102.104
0.0000000000 0.0000000000 0 0 0 0 0 0 239 251 112 1 0 0 0 0 040619 152102.304
0.0000000000 0.0000000000 0 0 0 0 0 0 216 249 112 1 0 0 0 0 040619 152102.504
0.0000000000 0.0000000000 0 0 0 0 0 0 142 243 112 1 0 0 0 0 040619 152102.705
0.0000000000 0.0000000000 0 0 0 0 0 0 125 1 112 1 0 0 0 0 040619 152102.905
0.0000000000 0.0000000000 0 0 0 0 0 0 188 243 112 1 0 0 0 0 040619 152103.105
0.0000000000 0.0000000000 0 0 0 0 0 0 137 244 112 1 0 0 0 0 040619 152103.305
0.0000000000 0.0000000000 0 0 0 0 0 0 37 252 112 1 0 0 0 0 040619 152103.506
0.0000000000 0.0000000000 0 0 0 0 0 0 205 245 112 1 0 0 0 0 040619 152103.706
0.0000000000 0.0000000000 0 0 0 0 0 0 23 250 112 1 0 0 0 0 040619 152103.906
0.0000000000 0.0000000000 0 0 0 0 0 0 115 246 112 1 0 0 0 0 040619 152104.106
0.0000000000 0.0000000000 0 0 0 0 0 0 162 250 112 1 0 0 0 0 040619 152104.306
0.0000000000 0.0000000000 0 0 0 0 0 0 79 250 112 1 0 0 0 0 040619 152104.507
0.0000000000 0.0000000000 0 0 0 0 0 0 237 241 112 1 0 0 0 0 040619 152104.707
0.0000000000 0.0000000000 0 0 0 0 0 0 202 241 112 1 0 0 0 0 040619 152104.907
0.0000000000 0.0000000000 0 0 0 0 0 0 47 251 112 1 0 0 0 0 040619 152105.107
0.0000000000 0.0000000000 0 0 0 0 0 0 229 238 112 1 0 0 0 0 040619 152105.308
0.0000000000 0.0000000000 0 0 0 0 0 0 174 243 112 1 0 0 0 0 040619 152105.508
0.0000000000 0.0000000000 0 0 0 0 0 0 196 239 112 1 0 0 0 0 040619 152105.708
0.0000000000 0.0000000000 0 0 0 0 0 0 95 238 112 1 0 0 0 0 040619 152105.908
0.0000000000 0.0000000000 0 0 0 0 0 0 57 234 112 1 0 0 0 0 040619 152106.109
0.0000000000 0.0000000000 0 0 0 0 0 0 203 235 112 1 0 0 0 0 040619 152106.309
0.0000000000 0.0000000000 0 0 0 0 0 0 102 237 112 1 0 0 0 0 040619 152106.509
0.0000000000 0.0000000000 0 0 0 0 0 0 196 239 112 1 0 0 0 0 040619 152106.709
0.0000000000 0.0000000000 0 0 0 0 0 0 7 244 112 1 0 0 0 0 040619 152106.910
0.0000000000 0.0000000000 0 0 0 0 0 0 88 234 112 1 0 0 0 0 040619 152107.110
0.0000000000 0.0000000000 0 0 0 0 0 0 131 238 112 1 0 0 0 0 040619 152107.310
0.0000000000 0.0000000000 0 0 0 0 0 0 58 236 112 1 0 0 0 0 040619 152107.510
0.0000000000 0.0000000000 0 0 0 0 0 0 137 239 112 1 0 0 0 0 040619 152107.711
0.0000000000 0.0000000000 0 0 0 0 0 0 77 239 112 1 0 0 0 0 040619 152107.911
0.0000000000 0.0000000000 0 0 0 0 0 0 217 231 112 1 0 0 0 0 040619 152108.111
0.0000000000 0.0000000000 0 0 0 0 0 0 7 222 112 1 0 0 0 0 040619 152108.311
0.0000000000 0.0000000000 0 0 0 0 0 0 90 233 112 1 0 0 0 0 040619 152108.512
0.0000000000 0.0000000000 0 0 0 0 0 0 214 221 112 1 0 0 0 0 040619 152108.712
0.0000000000 0.0000000000 0 0 0 0 0 0 83 220 112 1 0 0 0 0 040619 152108.912
0.0000000000 0.0000000000 0 0 0 0 0 0 195 225 112 1 0 0 0 0 040619 152109.112
0.0000000000 0.0000000000 0 0 0 0 0 0 88 233 112 1 0 0 0 0 040619 152109.313
0.0000000000 0.0000000000 0 0 0 0 0 0 108 229 112 1 0 0 0 0 040619 152109.513
0.0000000000 0.0000000000 0 0 0 0 0 0 177 231 112 1 0 0 0 0 040619 152109.713
0.0000000000 0.0000000000 0 0 0 0 0 0 84 227 112 1 0 0 0 0 040619 152109.913
0.0000000000 0.0000000000 0 0 0 0 0 0 64 218 112 1 0 0 0 0 040619 152110.114
0.0000000000 0.0000000000 0 0 0 0 0 0 56 218 112 1 0 0 0 0 040619 152110.314
0.0000000000 0.0000000000 0 0 0 0 0 0 107 225 112 1 0 0 0 0 040619 152110.514
0.0000000000 0.0000000000 0 0 0 0 0 0 195 227 112 1 0 0 0 0 040619 152110.714
0.0000000000 0.0000000000 0 0 0 0 0 0 117 220 112 1 0 0 0 0 040619 152110.914
0.0000000000 0.0000000000 0 0 0 0 0 0 165 225 112 1 0 0 0 0 040619 152111.115
0.0000000000 0.0000000000 0 0 0 0 0 0 117 237 112 1 0 0 0 0 040619 152111.315
0.0000000000 0.0000000000 0 0 0 0 0 0 41 213 112 1 0 0 0 0 040619 152111.515
0.0000000000 0.0000000000 0 0 0 0 0 0 42 216 112 1 0 0 0 0 040619 152111.716
0.0000000000 0.0000000000 0 0 0 0 0 0 171 214 112 1 0 0 0 0 040619 152111.916
0.0000000000 0.0000000000 0 0 0 0 0 0 95 216 112 1 0 0 0 0 040619 152112.116
0.0000000000 0.0000000000 0 0 0 0 0 0 222 214 112 1 0 0 0 0 040619 152112.316
0.0000000000 0.0000000000 0 0 0 0 0 0 199 214 112 1 0 0 0 0 040619 152112.517
0.0000000000 0.0000000000 0 0 0 0 0 0 161 224 112 1 0 0 0 0 040619 152112.717
0.0000000000 0.0000000000 0 0 0 0 0 0 12 224 112 1 0 0 0 0 040619 152112.917
0.0000000000 0.0000000000 0 0 0 0 0 0 87 220 112 1 0 0 0 0 040619 152113.117
0.0000000000 0.0000000000 0 0 0 0 0 0 151 205 112 1 0 0 0 0 040619 152113.318
0.0000000000 0.0000000000 0 0 0 0 0 0 225 210 112 1 0 0 0 0 040619 152113.518
0.0000000000 0.0000000000 0 0 0 0 0 0 249 217 112 1 0 0 0 0 040619 152113.718
0.0000000000 0.0000000000 0 0 0 0 0 0 48 211 112 1 0 0 0 0 040619 152113.918
0.0000000000 0.0000000000 0 0 0 0 0 0 170 207 112 1 0 0 0 0 040619 152114.119
0.0000000000 0.0000000000 0 0 0 0 0 0 147 209 112 1 0 0 0 0 040619 152114.319
0.0000000000 0.0000000000 0 0 0 0 0 0 244 217 112 1 0 0 0 0 040619 152114.519
0.0000000000 0.0000000000 0 0 0 0 0 0 48 220 112 1 0 0 0 0 040619 152114.719
0.0000000000 0.0000000000 0 0 0 0 0 0 126 209 112 1 0 0 0 0 040619 152114.920
0.0000000000 0.0000000000 0 0 0 0 0 0 36 212 112 1 0 0 0 0 040619 152115.120
0.0000000000 0.0000000000 0 0 0 0 0 0 210 204 112 1 0 0 0 0 040619 152115.320
0.0000000000 0.0000000000 0 0 0 0 0 0 233 210 112 1 0 0 0 0 040619 152115.520
0.0000000000 0.0000000000 0 0 0 0 0 0 132 219 112 1 0 0 0 0 040619 152115.721
0.0000000000 0.0000000000 0 0 0 0 0 0 28 217 112 1 0 0 0 0 040619 152115.921
0.0000000000 0.0000000000 0 0 0 0 0 0 51 216 112 1 0 0 0 0 040619 152116.121
0.0000000000 0.0000000000 0 0 0 0 0 0 146 220 112 1 0 0 0 0 040619 152116.321
0.0000000000 0.0000000000 0 0 0 0 0 0 17 214 112 1 0 0 0 0 040619 152116.521
0.0000000000 0.0000000000 0 0 0 0 0 0 183 211 112 1 0 0 0 0 040619 152116.722
0.0000000000 0.0000000000 0 0 0 0 0 0 2 209 112 1 0 0 0 0 040619 152116.922
0.0000000000 0.0000000000 0 0 0 0 0 0 30 207 112 1 0 0 0 0 040619 152117.122
0.0000000000 0.0000000000 0 0 0 0 0 0 13 214 112 1 0 0 0 0 040619 152117.322
0.0000000000 0.0000000000 0 0 0 0 0 0 77 204 112 1 0 0 0 0 040619 152117.523
0.0000000000 0.0000000000 0 0 0 0 0 0 169 213 112 1 0 0 0 0 040619 152117.723
0.0000000000 0.0000000000 0 0 0 0 0 0 91 217 112 1 0 0 0 0 040619 152117.923
0.0000000000 0.0000000000 0 0 0 0 0 0 80 228 112 1 0 0 0 0 040619 152118.123
0.0000000000 0.0000000000 0 0 0 0 0 0 96 203 112 1 0 0 0 0 040619 152118.323
0.0000000000 0.0000000000 0 0 0 0 0 0 118 204 112 1 0 0 0 0 040619 152118.524
0.0000000000 0.0000000000 0 0 0 0 0 0 245 210 112 1 0 0 0 0 040619 152118.724
0.0000000000 0.0000000000 0 0 0 0 0 0 140 210 112 1 0 0 0 0 040619 152118.924
0.0000000000 0.0000000000 0 0 0 0 0 0 91 211 112 1 0 0 0 0 040619 152119.124
0.0000000000 0.0000000000 0 0 0 0 0 0 200 211 112 1 0 0 0 0 040619 152119.324
0.0000000000 0.0000000000 0 0 0 0 0 0 236 215 112 1 0 0 0 0 040619 152119.525
0.0000000000 0.0000000000 0 0 0 0 0 0 110 214 112 1 0 0 0 0 040619 152119.725
0.0000000000 0.0000000000 0 0 0 0 0 0 85 219 112 1 0 0 0 0 040619 152119.925
0.0000000000 0.0000000000 0 0 0 0 0 0 154 195 112 1 0 0 0 0 040619 152120.125
0.0000000000 0.0000000000 0 0 0 0 0 0 241 198 112 1 0 0 0 0 040619 152120.326
0.0000000000 0.0000000000 0 0 0 0 0 0 97 199 112 1 0 0 0 0 040619 152120.526
0.0000000000 0.0000000000 0 0 0 0 0 0 243 199 112 1 0 0 0 0 040619 152120.726
0.0000000000 0.0000000000 0 0 0 0 0 0 118 207 112 1 0 0 0 0 040619 152120.926
0.0000000000 0.0000000000 0 0 0 0 0 0 194 206 112 1 0 0 0 0 040619 152121.127
0.0000000000 0.0000000000 0 0 0 0 0 0 249 210 112 1 0 0 0 0 040619 152121.327
0.0000000000 0.0000000000 0 0 0 0 0 0 226 215 112 1 0 0 0 0 040619 152121.527
0.0000000000 0.0000000000 0 0 0 0 0 0 36 227 112 1 0 0 0 0 040619 152121.727
0.0000000000 0.0000000000 0 0 0 0 0 0 169 200 112 1 0 0 0 0 040619 152121.927
0.0000000000 0.0000000000 0 0 0 0 0 0 83 203 112 1 0 0 0 0 040619 152122.128
0.0000000000 0.0000000000 0 0 0 0 0 0 86 205 112 1 0 0 0 0 040619 152122.328
0.0000000000 0.0000000000 0 0 0 0 0 0 200 205 112 1 0 0 0 0 040619 152122.528
0.0000000000 0.0000000000 0 0 0 0 0 0 93 207 112 1 0 0 0 0 040619 152122.728
0.0000000000 0.0000000000 0 0 0 0 0 0 229 200 112 1 0 0 0 0 040619 152122.929
0.0000000000 0.0000000000 0 0 0 0 0 0 164 209 112 1 0 0 0 0 040619 152123.129
0.0000000000 0.0000000000 0 0 0 0 0 0 116 218 112 1 0 0 0 0 040619 152123.329
0.0000000000 0.0000000000 0 0 0 0 0 0 170 212 112 1 0 0 0 0 040619 152123.529
0.0000000000 0.0000000000 0 0 0 0 0 0 201 197 112 1 0 0 0 0 040619 152123.729
0.0000000000 0.0000000000 0 0 0 0 0 0 29 205 112 1 0 0 0 0 040619 152123.930
0.0000000000 0.0000000000 0 0 0 0 0 0 99 210 112 1 0 0 0 0 040619 152124.130
0.0000000000 0.0000000000 0 0 0 0 0 0 241 209 112 1 0 0 0 0 040619 152124.330
0.0000000000 0.0000000000 0 0 0 0 0 0 127 215 112 1 0 0 0 0 040619 152124.530
0.0000000000 0.0000000000 0 0 0 0 0 0 6 214 112 1 0 0 0 0 040619 152124.731
0.0000000000 0.0000000000 0 0 0 0 0 0 37 218 112 1 0 0 0 0 040619 152124.931
0.0000000000 0.0000000000 0 0 0 0 0 0 242 219 112 1 0 0 0 0 040619 152125.131
0.0000000000 0.0000000000 0 0 0 0 0 0 180 209 112 1 0 0 0 0 040619 152125.331
0.0000000000 0.0000000000 0 0 0 0 0 0 13 200 112 1 0 0 0 0 040619 152125.532
0.0000000000 0.0000000000 0 0 0 0 0 0 204 203 112 1 0 0 0 0 040619 152125.732
0.0000000000 0.0000000000 0 0 0 0 0 0 109 203 112 1 0 0 0 0 040619 152125.932
0.0000000000 0.0000000000 0 0 0 0 0 0 146 202 112 1 0 0 0 0 040619 152126.133
0.0000000000 0.0000000000 0 0 0 0 0 0 79 210 112 1 0 0 0 0 040619 152126.333
0.0000000000 0.0000000000 0 0 0 0 0 0 171 214 112 1 0 0 0 0 040619 152126.533
0.0000000000 0.0000000000 0 0 0 0 0 0 23 207 112 1 0 0 0 0 040619 152126.733
0.0000000000 0.0000000000 0 0 0 0 0 0 86 226 112 1 0 0 0 0 040619 152126.934
0.0000000000 0.0000000000 0 0 0 0 0 0 254 212 112 1 0 0 0 0 040619 152127.134
0.0000000000 0.0000000000 0 0 0 0 0 0 23 203 112 1 0 0 0 0 040619 152127.334
0.0000000000 0.0000000000 0 0 0 0 0 0 89 212 112 1 0 0 0 0 040619 152127.534
0.0000000000 0.0000000000 0 0 0 0 0 0 255 213 112 1 0 0 0 0 040619 152127.734
0.0000000000 0.0000000000 0 0 0 0 0 0 42 221 112 1 0 0 0 0 040619 152127.935
0.0000000000 0.0000000000 0 0 0 0 0 0 56 218 112 1 0 0 0 0 040619 152128.135
0.0000000000 0.0000000000 0 0 0 0 0 0 11 221 112 1 0 0 0 0 040619 152128.335
0.0000000000 0.0000000000 0 0 0 0 0 0 158 226 112 1 0 0 0 0 040619 152128.535
0.0000000000 0.0000000000 0 0 0 0 0 0 206 229 112 1 0 0 0 0 040619 152128.736
0.0000000000 0.0000000000 0 0 0 0 0 0 223 209 112 1 0 0 0 0 040619 152128.936
0.0000000000 0.0000000000 0 0 0 0 0 0 171 207 112 1 0 0 0 0 040619 152129.136
0.0000000000 0.0000000000 0 0 0 0 0 0 21 216 112 1 0 0 0 0 040619 152129.336
0.0000000000 0.0000000000 0 0 0 0 0 0 224 209 112 1 0 0 0 0 040619 152129.536
0.0000000000 0.0000000000 0 0 0 0 0 0 246 205 112 1 0 0 0 0 040619 152129.737
0.0000000000 0.0000000000 0 0 0 0 0 0 7 208 112 1 0 0 0 0 040619 152129.937
0.0000000000 0.0000000000 0 0 0 0 0 0 28 219 112 1 0 0 0 0 040619 152130.137
0.0000000000 0.0000000000 0 0 0 0 0 0 56 213 112 1 0 0 0 0 040619 152130.337
0.0000000000 0.0000000000 0 0 0 0 0 0 141 215 112 1 0 0 0 0 040619 152130.538
0.0000000000 0.0000000000 0 0 0 0 0 0 119 209 112 1 0 0 0 0 040619 152130.738
0.0000000000 0.0000000000 0 0 0 0 0 0 190 208 112 1 0 0 0 0 040619 152130.938
0.0000000000 0.0000000000 0 0 0 0 0 0 70 214 112 1 0 0 0 0 040619 152131.138
0.0000000000 0.0000000000 0 0 0 0 0 0 243 218 112 1 0 0 0 0 040619 152131.338
0.0000000000 0.0000000000 0 0 0 0 0 0 75 219 112 1 0 0 0 0 040619 152131.539
0.0000000000 0.0000000000 0 0 0 0 0 0 169 217 112 1 0 0 0 0 040619 152131.739
0.0000000000 0.0000000000 0 0 0 0 0 0 50 222 112 1 0 0 0 0 040619 152131.939
0.0000000000 0.0000000000 0 0 0 0 0 0 15 224 112 1 0 0 0 0 040619 152132.139
0.0000000000 0.0000000000 0 0 0 0 0 0 15 224 112 1 0 0 0 0 040619 152132.340
0.0000000000 0.0000000000 0 0 0 0 0 0 98 213 112 1 0 0 0 0 040619 152132.540
0.0000000000 0.0000000000 0 0 0 0 0 0 37 216 112 1 0 0 0 0 040619 152132.740
0.0000000000 0.0000000000 0 0 0 0 0 0 238 218 112 1 0 0 0 0 040619 152132.940
0.0000000000 0.0000000000 0 0 0 0 0 0 44 216 112 1 0 0 0 0 040619 152133.141
0.0000000000 0.0000000000 0 0 0 0 0 0 78 215 112 1 0 0 0 0 040619 152133.341
0.0000000000 0.0000000000 0 0 0 0 0 0 239 220 112 1 0 0 0 0 040619 152133.541
0.0000000000 0.0000000000 0 0 0 0 0 0 35 218 112 1 0 0 0 0 040619 152133.741
0.0000000000 0.0000000000 0 0 0 0 0 0 70 222 112 1 0 0 0 0 040619 152133.942
0.0000000000 0.0000000000 0 0 0 0 0 0 234 223 112 1 0 0 0 0 040619 152134.142
0.0000000000 0.0000000000 0 0 0 0 0 0 58 217 112 1 0 0 0 0 040619 152134.342
0.0000000000 0.0000000000 0 0 0 0 0 0 31 221 112 1 0 0 0 0 040619 152134.543
0.0000000000 0.0000000000 0 0 0 0 0 0 152 221 112 1 0 0 0 0 040619 152134.743
0.0000000000 0.0000000000 0 0 0 0 0 0 168 223 112 1 0 0 0 0 040619 152134.943
0.0000000000 0.0000000000 0 0 0 0 0 0 104 227 112 1 0 0 0 0 040619 152135.143
0.0000000000 0.0000000000 0 0 0 0 0 0 42 227 112 1 0 0 0 0 040619 152135.344
0.0000000000 0.0000000000 0 0 0 0 0 0 42 227 112 1 0 0 0 0 040619 152135.544
0.0000000000 0.0000000000 0 0 0 0 0 0 224 225 112 1 0 0 0 0 040619 152135.744
0.0000000000 0.0000000000 0 0 0 0 0 0 221 218 112 1 0 0 0 0 040619 152135.944
0.0000000000 0.0000000000 0 0 0 0 0 0 221 218 112 1 0 0 0 0 040619 152136.145
0.0000000000 0.0000000000 0 0 0 0 0 0 221 218 112 1 0 0 0 0 040619 152136.345
0.0000000000 0.0000000000 0 0 0 0 0 0 221 218 112 1 0 0 0 0 040619 152136.545
0.0000000000 0.0000000000 0 0 0 0 0 0 221 218 112 1 0 0 0 0 040619 152136.745
0.0000000000 0.0000000000 0 0 0 0 0 0 221 218 112 1 0 0 0 0 040619 152136.946
0.0000000000 0.0000000000 0 0 0 0 0 0 221 218 112 1 0 0 0 0 040619 152137.146
0.0000000000 0.0000000000 0 0 0 0 0 0 221 218 112 1 0 0 0 0 040619 152137.346
0.0000000000 0.0000000000 0 0 0 0 0 0 221 218 112 1 0 0 0 0 040619 152137.546
0.0000000000 0.0000000000 0 0 0 0 0 0 221 218 112 1 0 0 0 0 040619 152137.746
0.0000000000 0.0000000000 0 0 0 0 0 0 221 218 112 1 0 0 0 0 040619 152137.947
0.0000000000 0.0000000000 0 0 0 0 0 0 221 218 112 1 0 0 0 0 040619 152138.147
0.0000000000 0.0000000000 0 0 0 0 0 0 221 218 112 1 0 0 0 0 040619 152138.347
0.0000000000 0.0000000000 0 0 0 0 0 0 221 218 112 1 0 0 0 0 040619 152138.547
0.0000000000 0.0000000000 0 0 0 0 0 0 221 218 112 1 0 0 0 0 040619 152138.748
0.0000000000 0.0000000000 0 0 0 0 0 0 221 218 112 1 0 0 0 0 040619 152138.948
0.0000000000 0.0000000000 0 0 0 0 0 0 221 218 112 1 0 0 0 0 040619 152139.148
0.0000000000 0.0000000000 0 0 0 0 0 0 221 218 112 1 0 0 0 0 040619 152139.348
0.0000000000 0.0000000000 0 0 0 0 0 0 221 218 112 1 0 0 0 0 040619 152139.549
0.0000000000 0.0000000000 0 0 0 0 0 0 221 218 112 1 0 0 0 0 040619 152139.749
0.0000000000 0.0000000000 0 0 0 0 0 0 221 218 112 1 0 0 0 0 040619 152139.949
0.0000000000 0.0000000000 0 0 0 0 0 0 221 218 112 1 0 0 0 0 040619 152140.149
0.0000000000 0.0000000000 0 0 0 0 0 0 221 218 112 1 0 0 0 0 040619 152140.350
0.0000000000 0.0000000000 0 0 0 0 0 0 221 218 112 1 0 0 0 0 040619 152140.550
0.0000000000 0.0000000000 0 0 0 0 0 0 221 218 112 1 0 0 0 0 040619 152140.750
0.0000000000 0.0000000000 0 0 0 0 0 0 221 218 112 1 0 0 0 0 040619 152140.950
0.0000000000 0.0000000000 0 0 0 0 0 0 221 218 112 1 0 0 0 0 040619 152141.151
0.0000000000 0.0000000000 0 0 0 0 0 0 221 218 112 1 0 0 0 0 040619 152141.351
0.0000000000 0.0000000000 0 0 0 0 0 0 221 218 112 1 0 0 0 0 040619 152141.551
0.0000000000 0.0000000000 0 0 0 0 0 0 221 218 112 1 0 0 0 0 040619 152141.751
0.0000000000 0.0000000000 0 0 0 0 0 0 221 218 112 1 0 0 0 0 040619 152141.951
0.0000000000 0.0000000000 0 0 0 0 0 0 221 218 112 1 0 0 0 0 040619 152142.152
0.0000000000 0.0000000000 0 0 0 0 0 0 221 218 112 1 0 0 0 0 040619 152142.352
0.0000000000 0.0000000000 0 0 0 0 0 0 221 218 112 1 0 0 0 0 040619 152142.552
0.0000000000 0.0000000000 0 0 0 0 0 0 221 218 112 1 0 0 0 0 040619 152142.752
0.0000000000 0.0000000000 0 0 0 0 0 0 221 218 112 1 0 0 0 0 040619 152142.953
0.0000000000 0.0000000000 0 0 0 0 0 0 221 218 112 1 0 0 0 0 040619 152143.153
0.0000000000 0.0000000000 0 0 0 0 0 0 221 218 112 1 0 0 0 0 040619 152143.353
0.0000000000 0.0000000000 0 0 0 0 0 0 221 218 112 1 0 0 0 0 040619 152143.553
0.0000000000 0.0000000000 0 0 0 0 0 0 221 218 112 1 0 0 0 0 040619 152143.754
0.0000000000 0.0000000000 0 0 0 0 0 0 221 218 112 1 0 0 0 0 040619 152143.954
0.0000000000 0.0000000000 0 0 0 0 0 0 221 218 112 1 0 0 0 0 040619 152144.154
0.0000000000 0.0000000000 0 0 0 0 0 0 221 218 112 1 0 0 0 0 040619 152144.354
0.0000000000 0.0000000000 0 0 0 0 0 0 221 218 112 1 0 0 0 0 040619 152144.554
0.0000000000 0.0000000000 0 0 0 0 0 0 221 218 112 1 0 0 0 0 040619 152144.755
0.0000000000 0.0000000000 0 0 0 0 0 0 221 218 112 1 0 0 0 0 040619 152144.955
0.0000000000 0.0000000000 0 0 0 0 0 0 221 218 112 1 0 0 0 0 040619 152145.155
0.0000000000 0.0000000000 0 0 0 0 0 0 221 218 112 1 0 0 0 0 040619 152145.355
0.0000000000 0.0000000000 0 0 0 0 0 0 221 218 112 1 0 0 0 0 040619 152145.556
0.0000000000 0.0000000000 0 0 0 0 0 0 221 218 112 1 0 0 0 0 040619 152145.756
0.0000000000 0.0000000000 0 0 0 0 0 0 221 218 112 1 0 0 0 0 040619 152145.956
0.0000000000 0.0000000000 0 0 0 0 0 0 221 218 112 1 0 0 0 0 040619 152146.156
0.0000000000 0.0000000000 0 0 0 0 0 0 221 218 112 1 0 0 0 0 040619 152146.357
0.0000000000 0.0000000000 0 0 0 0 0 0 221 218 112 1 0 0 0 0 040619 152146.557
0.0000000000 0.0000000000 0 0 0 0 0 0 221 218 112 1 0 0 0 0 040619 152146.757
0.0000000000 0.0000000000 0 0 0 0 0 0 221 218 112 1 0 0 0 0 040619 152146.957
0.0000000000 0.0000000000 0 0 0 0 0 0 221 218 112 1 0 0 0 0 040619 152147.158
0.0000000000 0.0000000000 0 0 0 0 0 0 221 218 112 1 0 0 0 0 040619 152147.358
0.0000000000 0.0000000000 0 0 0 0 0 0 221 218 112 1 0 0 0 0 040619 152147.558
0.0000000000 0.0000000000 0 0 0 0 0 0 221 218 112 1 0 0 0 0 040619 152147.758
0.0000000000 0.0000000000 0 0 0 0 0 0 221 218 112 1 0 0 0 0 040619 152147.958
0.0000000000 0.0000000000 0 0 0 0 0 0 221 218 112 1 0 0 0 0 040619 152148.159
0.0000000000 0.0000000000 0 0 0 0 0 0 221 218 112 1 0 0 0 0 040619 152148.359
0.0000000000 0.0000000000 0 0 0 0 0 0 221 218 112 1 0 0 0 0 040619 152148.559
0.0000000000 0.0000000000 0 0 0 0 0 0 221 218 112 1 0 0 0 0 040619 152148.759
0.0000000000 0.0000000000 0 0 0 0 0 0 221 218 112 1 0 0 0 0 040619 152148.960
0.0000000000 0.0000000000 0 0 0 0 0 0 221 218 112 1 0 0 0 0 040619 152149.160
0.0000000000 0.0000000000 0 0 0 0 0 0 221 218 112 1 0 0 0 0 040619 152149.360
0.0000000000 0.0000000000 0 0 0 0 0 0 221 218 112 1 0 0 0 0 040619 152149.560
0.0000000000 0.0000000000 0 0 0 0 0 0 221 218 112 1 0 0 0 0 040619 152149.761
0.0000000000 0.0000000000 0 0 0 0 0 0 221 218 112 1 0 0 0 0 040619 152149.961
0.0000000000 0.0000000000 0 0 0 0 0 0 221 218 112 1 0 0 0 0 040619 152150.161
0.0000000000 0.0000000000 0 0 0 0 0 0 221 218 112 1 0 0 0 0 040619 152150.361
0.0000000000 0.0000000000 0 0 0 0 0 0 221 218 112 1 0 0 0 0 040619 152150.561
0.0000000000 0.0000000000 0 0 0 0 0 0 221 218 112 1 0 0 0 0 040619 152150.762
0.0000000000 0.0000000000 0 0 0 0 0 0 221 218 112 1 0 0 0 0 040619 152150.962
0.0000000000 0.0000000000 0 0 0 0 0 0 221 218 112 1 0 0 0 0 040619 152151.162
0.0000000000 0.0000000000 0 0 0 0 0 0 221 218 112 1 0 0 0 0 040619 152151.362
0.0000000000 0.0000000000 0 0 0 0 0 0 221 218 112 1 0 0 0 0 040619 152151.563
0.0000000000 0.0000000000 0 0 0 0 0 0 221 218 112 1 0 0 0 0 040619 152151.763
0.0000000000 0.0000000000 0 0 0 0 0 0 221 218 112 1 0 0 0 0 040619 152151.963
0.0000000000 0.0000000000 0 0 0 0 0 0 221 218 112 1 0 0 0 0 040619 152152.163
0.0000000000 0.0000000000 0 0 0 0 0 0 221 218 112 1 0 0 0 0 040619 152152.363
0.0000000000 0.0000000000 0 0 0 0 0 0 221 218 112 1 0 0 0 0 040619 152152.564
0.0000000000 0.0000000000 0 0 0 0 0 0 221 218 112 1 0 0 0 0 040619 152152.764
0.0000000000 0.0000000000 0 0 0 0 0 0 221 218 112 1 0 0 0 0 040619 152152.964
0.0000000000 0.0000000000 0 0 0 0 0 0 221 218 112 1 0 0 0 0 040619 152153.164
0.0000000000 0.0000000000 0 0 0 0 0 0 221 218 112 1 0 0 0 0 040619 152153.365
0.0000000000 0.0000000000 0 0 0 0 0 0 221 218 112 1 0 0 0 0 040619 152153.565
0.0000000000 0.0000000000 0 0 0 0 0 0 221 218 112 1 0 0 0 0 040619 152153.765
0.0000000000 0.0000000000 0 0 0 0 0 0 221 218 112 1 0 0 0 0 040619 152153.965
0.0000000000 0.0000000000 0 0 0 0 0 0 221 218 112 1 0 0 0 0 040619 152154.166
0.0000000000 0.0000000000 0 0 0 0 0 0 221 218 112 1 0 0 0 0 040619 152154.366
0.0000000000 0.0000000000 0 0 0 0 0 0 221 218 112 1 0 0 0 0 040619 152154.566
0.0000000000 0.0000000000 0 0 0 0 0 0 221 218 112 1 0 0 0 0 040619 152154.766
0.0000000000 0.0000000000 0 0 0 0 0 0 221 218 112 1 0 0 0 0 040619 152154.966
0.0000000000 0.0000000000 0 0 0 0 0 0 221 218 112 1 0 0 0 0 040619 152155.167
0.0000000000 0.0000000000 0 0 0 0 0 0 221 218 112 1 0 0 0 0 040619 152155.367
0.0000000000 0.0000000000 0 0 0 0 0 0 221 218 112 1 0 0 0 0 040619 152155.567
0.0000000000 0.0000000000 0 0 0 0 0 0 221 218 112 1 0 0 0 0 040619 152155.767
0.0000000000 0.0000000000 0 0 0 0 0 0 221 218 112 1 0 0 0 0 040619 152155.968
0.0000000000 0.0000000000 0 0 0 0 0 0 221 218 112 1 0 0 0 0 040619 152156.168
0.0000000000 0.0000000000 0 0 0 0 0 0 221 218 112 1 0 0 0 0 040619 152156.368
0.0000000000 0.0000000000 0 0 0 0 0 0 221 218 112 1 0 0 0 0 040619 152156.568
0.0000000000 0.0000000000 0 0 0 0 0 0 221 218 112 1 0 0 0 0 040619 152156.769
0.0000000000 0.0000000000 0 0 0 0 0 0 221 218 112 1 0 0 0 0 040619 152156.969
0.0000000000 0.0000000000 0 0 0 0 0 0 221 218 112 1 0 0 0 0 040619 152157.169
0.0000000000 0.0000000000 0 0 0 0 0 0 221 218 112 1 0 0 0 0 040619 152157.369
0.0000000000 0.0000000000 0 0 0 0 0 0 221 218 112 1 0 0 0 0 040619 152157.570
0.0000000000 0.0000000000 0 0 0 0 0 0 221 218 112 1 0 0 0 0 040619 152157.770
0.0000000000 0.0000000000 0 0 0 0 0 0 221 218 112 1 0 0 0 0 040619 152157.970
0.0000000000 0.0000000000 0 0 0 0 0 0 221 218 112 1 0 0 0 0 040619 152158.171
0.0000000000 0.0000000000 0 0 0 0 0 0 221 218 112 1 0 0 0 0 040619 152158.371
0.0000000000 0.0000000000 0 0 0 0 0 0 221 218 112 1 0 0 0 0 040619 152158.571
0.0000000000 0.0000000000 0 0 0 0 0 0 221 218 112 1 0 0 0 0 040619 152158.771
0.0000000000 0.0000000000 0 0 0 0 0 0 221 218 112 1 0 0 0 0 040619 152158.972
0.0000000000 0.0000000000 0 0 0 0 0 0 221 218 112 1 0 0 0 0 040619 152159.172
0.0000000000 0.0000000000 0 0 0 0 0 0 221 218 112 1 0 0 0 0 040619 152159.372
0.0000000000 0.0000000000 0 0 0 0 0 0 221 218 112 1 0 0 0 0 040619 152159.572
0.0000000000 0.0000000000 0 0 0 0 0 0 221 218 112 1 0 0 0 0 040619 152159.772
0.0000000000 0.0000000000 0 0 0 0 0 0 221 218 112 1 0 0 0 0 040619 152159.973
0.0000000000 0.0000000000 0 0 0 0 0 0 221 218 112 1 0 0 0 0 040619 152200.173
0.0000000000 0.0000000000 0 0 0 0 0 0 221 218 112 1 0 0 0 0 040619 152200.373
0.0000000000 0.0000000000 0 0 0 0 0 0 221 218 112 1 0 0 0 0 040619 152200.573
0.0000000000 0.0000000000 0 0 0 0 0 0 221 218 112 1 0 0 0 0 040619 152200.774
0.0000000000 0.0000000000 0 0 0 0 0 0 221 218 112 1 0 0 0 0 040619 152200.974
0.0000000000 0.0000000000 0 0 0 0 0 0 221 218 112 1 0 0 0 0 040619 152201.174
0.0000000000 0.0000000000 0 0 0 0 0 0 221 218 112 1 0 0 0 0 040619 152201.374
0.0000000000 0.0000000000 0 0 0 0 0 0 0 0 127 0 0 0 0 0 040619 152201.575
0.0000000000 0.0000000000 0 0 0 0 0 0 0 0 127 0 0 0 0 0 040619 152201.775
0.0000000000 0.0000000000 0 0 0 0 0 0 0 0 127 0 0 0 0 0 040619 152201.975
0.0000000000 0.0000000000 0 0 0 0 0 0 0 0 127 0 0 0 0 0 040619 152202.175
0.0000000000 0.0000000000 0 0 0 0 0 0 0 0 127 0 0 0 0 0 040619 152202.375
0.0000000000 0.0000000000 0 0 0 0 0 0 0 0 127 0 0 0 0 0 040619 152202.576
0.0000000000 0.0000000000 0 0 0 0 0 0 0 0 127 0 0 0 0 0 040619 152202.776
0.0000000000 0.0000000000 0 0 0 0 0 0 0 0 127 0 0 0 0 0 040619 152202.976
0.0000000000 0.0000000000 0 0 0 0 0 0 0 0 127 0 0 0 0 0 040619 152203.176
0.0000000000 0.0000000000 0 0 0 0 0 0 0 0 127 0 0 0 0 0 040619 152203.377
0.0000000000 0.0000000000 0 0 0 0 0 0 0 0 127 0 0 0 0 0 040619 152203.577
0.0000000000 0.0000000000 0 0 0 0 0 0 0 0 127 0 0 0 0 0 040619 152203.777
0.0000000000 0.0000000000 0 0 0 0 0 0 0 0 127 0 0 0 0 0 040619 152203.977
0.0000000000 0.0000000000 0 0 0 0 0 0 0 0 127 0 0 0 0 0 040619 152204.178
