0.0000000000 0.0000000000 0 0 0 0 0 0 204 204 127 0 0 0 0 0 161219 195947.683
0.0000000000 0.0000000000 0 0 0 0 0 0 214 204 127 0 0 0 0 0 161219 195947.733
0.0000000000 0.0000000000 0 0 0 0 0 0 245 204 127 0 0 0 0 0 161219 195947.783
0.0000000000 0.0000000000 0 0 0 0 0 0 245 204 127 0 0 0 0 0 161219 195947.833
0.0000000000 0.0000000000 0 0 0 0 0 0 5 205 127 0 0 0 0 0 161219 195947.883
0.0000000000 0.0000000000 0 0 0 0 0 0 5 205 127 0 0 0 0 0 161219 195947.933
0.0000000000 0.0000000000 0 0 0 0 0 0 26 205 127 0 0 0 0 0 161219 195947.983
0.0000000000 0.0000000000 0 0 0 0 0 0 54 205 127 0 0 0 0 0 161219 195948.033
0.0000000000 0.0000000000 0 0 0 0 0 0 54 205 127 0 0 0 0 0 161219 195948.083
0.0000000000 0.0000000000 0 0 0 0 0 0 70 205 127 0 0 0 0 0 161219 195948.133
0.0000000000 0.0000000000 0 0 0 0 0 0 70 205 127 0 0 0 0 0 161219 195948.183
0.0000000000 0.0000000000 0 0 0 0 0 0 80 205 127 0 0 0 0 0 161219 195948.233
0.0000000000 0.0000000000 0 0 0 0 0 0 98 205 127 0 0 0 0 0 161219 195948.283
0.0000000000 0.0000000000 0 0 0 0 0 0 98 205 127 0 0 0 0 0 161219 195948.333
0.0000000000 0.0000000000 0 0 0 0 0 0 113 205 127 0 0 0 0 0 161219 195948.383
0.0000000000 0.0000000000 0 0 0 0 0 0 113 205 127 0 0 0 0 0 161219 195948.433
0.0000000000 0.0000000000 0 0 0 0 0 0 133 205 127 0 0 0 0 0 161219 195948.483
0.0000000000 0.0000000000 0 0 0 0 0 0 133 205 127 0 0 0 0 0 161219 195948.533
0.0000000000 0.0000000000 0 0 0 0 0 0 158 205 127 0 0 0 0 0 161219 195948.583
0.0000000000 0.0000000000 0 0 0 0 0 0 169 205 127 0 0 0 0 0 161219 195948.633
0.0000000000 0.0000000000 0 0 0 0 0 0 169 205 127 0 0 0 0 0 161219 195948.683
0.0000000000 0.0000000000 0 0 0 0 0 0 184 205 127 0 0 0 0 0 161219 195948.733
0.0000000000 0.0000000000 0 0 0 0 0 0 201 205 127 0 0 0 0 0 161219 195948.783
0.0000000000 0.0000000000 0 0 0 0 0 0 201 205 127 0 0 0 0 0 161219 195948.833
0.0000000000 0.0000000000 0 0 0 0 0 0 218 205 127 0 0 0 0 0 161219 195948.883
0.0000000000 0.0000000000 0 0 0 0 0 0 218 205 127 0 0 0 0 0 161219 195948.933
0.0000000000 0.0000000000 0 0 0 0 0 0 220 205 127 0 0 0 0 0 161219 195948.983
0.0000000000 0.0000000000 0 0 0 0 0 0 249 205 127 0 0 0 0 0 161219 195949.033
0.0000000000 0.0000000000 0 0 0 0 0 0 249 205 127 0 0 0 0 0 161219 195949.083
0.0000000000 0.0000000000 0 0 0 0 0 0 8 206 127 0 0 0 0 0 161219 195949.133
0.0000000000 0.0000000000 0 0 0 0 0 0 8 206 127 0 0 0 0 0 161219 195949.183
0.0000000000 0.0000000000 0 0 0 0 0 0 15 206 127 0 0 0 0 0 161219 195949.233
0.0000000000 0.0000000000 0 0 0 0 0 0 37 206 127 0 0 0 0 0 161219 195949.283
0.0000000000 0.0000000000 0 0 0 0 0 0 37 206 127 0 0 0 0 0 161219 195949.333
0.0000000000 0.0000000000 0 0 0 0 0 0 53 206 127 0 0 0 0 0 161219 195949.383
0.0000000000 0.0000000000 0 0 0 0 0 0 62 206 127 0 0 0 0 0 161219 195949.433
0.0000000000 0.0000000000 0 0 0 0 0 0 62 206 127 0 0 0 0 0 161219 195949.483
0.0000000000 0.0000000000 0 0 0 0 0 0 88 206 127 0 0 0 0 0 161219 195949.533
0.0000000000 0.0000000000 0 0 0 0 0 0 88 206 127 0 0 0 0 0 161219 195949.583
0.0000000000 0.0000000000 0 0 0 0 0 0 99 206 127 0 0 0 0 0 161219 195949.633
0.0000000000 0.0000000000 0 0 0 0 0 0 120 206 127 0 0 0 0 0 161219 195949.683
0.0000000000 0.0000000000 0 0 0 0 0 0 120 206 127 0 0 0 0 0 161219 195949.733
0.0000000000 0.0000000000 0 0 0 0 0 0 135 206 127 0 0 0 0 0 161219 195949.783
0.0000000000 0.0000000000 0 0 0 0 0 0 135 206 127 0 0 0 0 0 161219 195949.833
0.0000000000 0.0000000000 0 0 0 0 0 0 142 206 127 0 0 0 0 0 161219 195949.883
0.0000000000 0.0000000000 0 0 0 0 0 0 172 206 127 0 0 0 0 0 161219 195949.933
0.0000000000 0.0000000000 0 0 0 0 0 0 172 206 127 0 0 0 0 0 161219 195949.983
0.0000000000 0.0000000000 0 0 0 0 0 0 174 206 127 0 0 0 0 0 161219 195950.033
0.0000000000 0.0000000000 0 0 0 0 0 0 174 206 127 0 0 0 0 0 161219 195950.083
0.0000000000 0.0000000000 0 0 0 0 0 0 193 206 127 0 0 0 0 0 161219 195950.133
0.0000000000 0.0000000000 0 0 0 0 0 0 221 206 127 0 0 0 0 0 161219 195950.183
0.0000000000 0.0000000000 0 0 0 0 0 0 221 206 127 0 0 0 0 0 161219 195950.233
0.0000000000 0.0000000000 0 0 0 0 0 0 231 206 127 0 0 0 0 0 161219 195950.283
0.0000000000 0.0000000000 0 0 0 0 0 0 250 206 127 0 0 0 0 0 161219 195950.333
0.0000000000 0.0000000000 0 0 0 0 0 0 250 206 127 0 0 0 0 0 161219 195950.383
0.0000000000 0.0000000000 0 0 0 0 0 0 8 207 127 0 0 0 0 0 161219 195950.433
0.0000000000 0.0000000000 0 0 0 0 0 0 8 207 127 0 0 0 0 0 161219 195950.483
0.0000000000 0.0000000000 0 0 0 0 0 0 14 207 127 0 0 0 0 0 161219 195950.533
0.0000000000 0.0000000000 0 0 0 0 0 0 36 207 127 0 0 0 0 0 161219 195950.583
0.0000000000 0.0000000000 0 0 0 0 0 0 36 207 127 0 0 0 0 0 161219 195950.633
0.0000000000 0.0000000000 0 0 0 0 0 0 64 207 127 0 0 0 0 0 161219 195950.684
0.0000000000 0.0000000000 0 0 0 0 0 0 64 207 127 0 0 0 0 0 161219 195950.733
0.0000000000 0.0000000000 0 0 0 0 0 0 71 207 127 0 0 0 0 0 161219 195950.783
0.0000000000 0.0000000000 0 0 0 0 0 0 90 207 127 0 0 0 0 0 161219 195950.833
0.0000000000 0.0000000000 0 0 0 0 0 0 90 207 127 0 0 0 0 0 161219 195950.883
0.0000000000 0.0000000000 0 0 0 0 0 0 101 207 127 0 0 0 0 0 161219 195950.933
0.0000000000 0.0000000000 0 0 0 0 0 0 101 207 127 0 0 0 0 0 161219 195950.983
0.0000000000 0.0000000000 0 0 0 0 0 0 116 207 127 0 0 0 0 0 161219 195951.033
0.0000000000 0.0000000000 0 0 0 0 0 0 132 207 127 0 0 0 0 0 161219 195951.083
0.0000000000 0.0000000000 0 0 0 0 0 0 132 207 127 0 0 0 0 0 161219 195951.133
0.0000000000 0.0000000000 0 0 0 0 0 0 146 207 127 0 0 0 0 0 161219 195951.183
0.0000000000 0.0000000000 0 0 0 0 0 0 146 207 127 0 0 0 0 0 161219 195951.233
0.0000000000 0.0000000000 0 0 0 0 0 0 156 207 127 0 0 0 0 0 161219 195951.283
0.0000000000 0.0000000000 0 0 0 0 0 0 188 207 127 0 0 0 0 0 161219 195951.333
0.0000000000 0.0000000000 0 0 0 0 0 0 188 207 127 0 0 0 0 0 161219 195951.383
0.0000000000 0.0000000000 0 0 0 0 0 0 205 207 127 0 0 0 0 0 161219 195951.433
0.0000000000 0.0000000000 0 0 0 0 0 0 217 207 127 0 0 0 0 0 161219 195951.483
0.0000000000 0.0000000000 0 0 0 0 0 0 217 207 127 0 0 0 0 0 161219 195951.533
0.0000000000 0.0000000000 0 0 0 0 0 0 227 207 127 0 0 0 0 0 161219 195951.583
0.0000000000 0.0000000000 0 0 0 0 0 0 227 207 127 0 0 0 0 0 161219 195951.633
0.0000000000 0.0000000000 0 0 0 0 0 0 249 207 127 0 0 0 0 0 161219 195951.683
0.0000000000 0.0000000000 0 0 0 0 0 0 249 207 127 0 0 0 0 0 161219 195951.733
0.0000000000 0.0000000000 0 0 0 0 0 0 254 207 127 0 0 0 0 0 161219 195951.783
0.0000000000 0.0000000000 0 0 0 0 0 0 15 208 127 0 0 0 0 0 161219 195951.833
0.0000000000 0.0000000000 0 0 0 0 0 0 15 208 127 0 0 0 0 0 161219 195951.883
0.0000000000 0.0000000000 0 0 0 0 0 0 30 208 127 0 0 0 0 0 161219 195951.933
0.0000000000 0.0000000000 0 0 0 0 0 0 39 208 127 0 0 0 0 0 161219 195951.983
0.0000000000 0.0000000000 0 0 0 0 0 0 39 208 127 0 0 0 0 0 161219 195952.033
0.0000000000 0.0000000000 0 0 0 0 0 0 53 208 127 0 0 0 0 0 161219 195952.083
0.0000000000 0.0000000000 0 0 0 0 0 0 61 208 127 0 0 0 0 0 161219 195952.133
0.0000000000 0.0000000000 0 0 0 0 0 0 61 208 127 0 0 0 0 0 161219 195952.183
0.0000000000 0.0000000000 0 0 0 0 0 0 74 208 127 0 0 0 0 0 161219 195952.233
0.0000000000 0.0000000000 0 0 0 0 0 0 74 208 127 0 0 0 0 0 161219 195952.283
0.0000000000 0.0000000000 0 0 0 0 0 0 90 208 127 0 0 0 0 0 161219 195952.333
0.0000000000 0.0000000000 0 0 0 0 0 0 124 208 127 0 0 0 0 0 161219 195952.383
0.0000000000 0.0000000000 0 0 0 0 0 0 124 208 127 0 0 0 0 0 161219 195952.433
0.0000000000 0.0000000000 0 0 0 0 0 0 150 208 127 0 0 0 0 0 161219 195952.483
0.0000000000 0.0000000000 0 0 0 0 0 0 163 208 127 0 0 0 0 0 161219 195952.533
0.0000000000 0.0000000000 0 0 0 0 0 0 163 208 127 0 0 0 0 0 161219 195952.583
0.0000000000 0.0000000000 0 0 0 0 0 0 189 208 127 0 0 0 0 0 161219 195952.633
0.0000000000 0.0000000000 0 0 0 0 0 0 189 208 127 0 0 0 0 0 161219 195952.683
0.0000000000 0.0000000000 0 0 0 0 0 0 208 208 127 0 0 0 0 0 161219 195952.733
0.0000000000 0.0000000000 0 0 0 0 0 0 224 208 127 0 0 0 0 0 161219 195952.783
0.0000000000 0.0000000000 0 0 0 0 0 0 235 208 127 0 0 0 0 0 161219 195952.833
0.0000000000 0.0000000000 0 0 0 0 0 0 235 208 127 0 0 0 0 0 161219 195952.883
0.0000000000 0.0000000000 0 0 0 0 0 0 2 209 127 0 0 0 0 0 161219 195952.933
0.0000000000 0.0000000000 0 0 0 0 0 0 2 209 127 0 0 0 0 0 161219 195952.983
0.0000000000 0.0000000000 0 0 0 0 0 0 14 209 127 0 0 0 0 0 161219 195953.033
0.0000000000 0.0000000000 0 0 0 0 0 0 20 209 127 0 0 0 0 0 161219 195953.083
0.0000000000 0.0000000000 0 0 0 0 0 0 20 209 127 0 0 0 0 0 161219 195953.133
0.0000000000 0.0000000000 0 0 0 0 0 0 31 209 127 0 0 0 0 0 161219 195953.183
0.0000000000 0.0000000000 0 0 0 0 0 0 31 209 127 0 0 0 0 0 161219 195953.233
0.0000000000 0.0000000000 0 0 0 0 0 0 45 209 127 0 0 0 0 0 161219 195953.283
0.0000000000 0.0000000000 0 0 0 0 0 0 72 209 127 0 0 0 0 0 161219 195953.333
0.0000000000 0.0000000000 0 0 0 0 0 0 72 209 127 0 0 0 0 0 161219 195953.383
0.0000000000 0.0000000000 0 0 0 0 0 0 102 209 127 0 0 0 0 0 161219 195953.433
0.0000000000 0.0000000000 0 0 0 0 0 0 102 209 127 0 0 0 0 0 161219 195953.483
0.0000000000 0.0000000000 0 0 0 0 0 0 110 209 127 0 0 0 0 0 161219 195953.533
0.0000000000 0.0000000000 0 0 0 0 0 0 132 209 127 0 0 0 0 0 161219 195953.583
0.0000000000 0.0000000000 0 0 0 0 0 0 132 209 127 0 0 0 0 0 161219 195953.633
0.0000000000 0.0000000000 0 0 0 0 0 0 151 209 127 0 0 0 0 0 161219 195953.683
0.0000000000 0.0000000000 0 0 0 0 0 0 164 209 127 0 0 0 0 0 161219 195953.733
0.0000000000 0.0000000000 0 0 0 0 0 0 164 209 127 0 0 0 0 0 161219 195953.783
0.0000000000 0.0000000000 0 0 0 0 0 0 183 209 127 0 0 0 0 0 161219 195953.833
0.0000000000 0.0000000000 0 0 0 0 0 0 196 209 127 0 0 0 0 0 161219 195953.883
0.0000000000 0.0000000000 0 0 0 0 0 0 196 209 127 0 0 0 0 0 161219 195953.933
0.0000000000 0.0000000000 0 0 0 0 0 0 213 209 127 0 0 0 0 0 161219 195953.983
0.0000000000 0.0000000000 0 0 0 0 0 0 213 209 127 0 0 0 0 0 161219 195954.033
0.0000000000 0.0000000000 0 0 0 0 0 0 231 209 127 0 0 0 0 0 161219 195954.083
0.0000000000 0.0000000000 0 0 0 0 0 0 248 209 127 0 0 0 0 0 161219 195954.133
0.0000000000 0.0000000000 0 0 0 0 0 0 248 209 127 0 0 0 0 0 161219 195954.183
0.0000000000 0.0000000000 0 0 0 0 0 0 19 210 127 0 0 0 0 0 161219 195954.233
0.0000000000 0.0000000000 0 0 0 0 0 0 33 210 127 0 0 0 0 0 161219 195954.283
0.0000000000 0.0000000000 0 0 0 0 0 0 33 210 127 0 0 0 0 0 161219 195954.333
0.0000000000 0.0000000000 0 0 0 0 0 0 65 210 127 0 0 0 0 0 161219 195954.383
0.0000000000 0.0000000000 0 0 0 0 0 0 65 210 127 0 0 0 0 0 161219 195954.433
0.0000000000 0.0000000000 0 0 0 0 0 0 68 210 127 0 0 0 0 0 161219 195954.483
0.0000000000 0.0000000000 0 0 0 0 0 0 65 210 127 0 0 0 0 0 161219 195954.533
0.0000000000 0.0000000000 0 0 0 0 0 0 65 210 127 0 0 0 0 0 161219 195954.583
0.0000000000 0.0000000000 0 0 0 0 0 0 64 210 127 0 0 0 0 0 161219 195954.633
0.0000000000 0.0000000000 0 0 0 0 0 0 65 210 127 0 0 0 0 0 161219 195954.683
0.0000000000 0.0000000000 0 0 0 0 0 0 65 210 127 0 0 0 0 0 161219 195954.733
0.0000000000 0.0000000000 0 0 0 0 0 0 81 210 127 0 0 0 0 0 161219 195954.783
0.0000000000 0.0000000000 0 0 0 0 0 0 97 210 127 0 0 0 0 0 161219 195954.833
0.0000000000 0.0000000000 0 0 0 0 0 0 97 210 127 0 0 0 0 0 161219 195954.883
0.0000000000 0.0000000000 0 0 0 0 0 0 108 210 127 0 0 0 0 0 161219 195954.933
0.0000000000 0.0000000000 0 0 0 0 0 0 105 210 127 0 0 0 0 0 161219 195954.983
0.0000000000 0.0000000000 0 0 0 0 0 0 105 210 127 0 0 0 0 0 161219 195955.033
0.0000000000 0.0000000000 0 0 0 0 0 0 86 210 127 0 0 0 0 0 161219 195955.083
0.0000000000 0.0000000000 0 0 0 0 0 0 86 210 127 0 0 0 0 0 161219 195955.133
0.0000000000 0.0000000000 0 0 0 0 0 0 79 210 127 0 0 0 0 0 161219 195955.183
0.0000000000 0.0000000000 0 0 0 0 0 0 56 210 127 0 0 0 0 0 161219 195955.233
0.0000000000 0.0000000000 0 0 0 0 0 0 56 210 127 0 0 0 0 0 161219 195955.283
0.0000000000 0.0000000000 0 0 0 0 0 0 240 209 127 0 0 0 0 0 161219 195955.333
0.0000000000 0.0000000000 0 0 0 0 0 0 249 209 127 0 0 0 0 0 161219 195955.383
0.0000000000 0.0000000000 0 0 0 0 0 0 249 209 127 0 0 0 0 0 161219 195955.433
0.0000000000 0.0000000000 0 0 0 0 0 0 20 210 127 0 0 0 0 0 161219 195955.483
0.0000000000 0.0000000000 0 0 0 0 0 0 38 210 127 0 0 0 0 0 161219 195955.533
0.0000000000 0.0000000000 0 0 0 0 0 0 38 210 127 0 0 0 0 0 161219 195955.583
0.0000000000 0.0000000000 0 0 0 0 0 0 54 210 127 0 0 0 0 0 161219 195955.633
0.0000000000 0.0000000000 0 0 0 0 0 0 54 210 127 0 0 0 0 0 161219 195955.683
0.0000000000 0.0000000000 0 0 0 0 0 0 49 210 127 0 0 0 0 0 161219 195955.733
0.0000000000 0.0000000000 0 0 0 0 0 0 66 210 127 0 0 0 0 0 161219 195955.783
0.0000000000 0.0000000000 0 0 0 0 0 0 66 210 127 0 0 0 0 0 161219 195955.833
0.0000000000 0.0000000000 0 0 0 0 0 0 83 210 127 0 0 0 0 0 161219 195955.883
0.0000000000 0.0000000000 0 0 0 0 0 0 94 210 127 0 0 0 0 0 161219 195955.933
0.0000000000 0.0000000000 0 0 0 0 0 0 94 210 127 0 0 0 0 0 161219 195955.983
0.0000000000 0.0000000000 0 0 0 0 0 0 112 210 127 0 0 0 0 0 161219 195956.033
0.0000000000 0.0000000000 0 0 0 0 0 0 112 210 127 0 0 0 0 0 161219 195956.083
0.0000000000 0.0000000000 0 0 0 0 0 0 128 210 127 0 0 0 0 0 161219 195956.133
0.0000000000 0.0000000000 0 0 0 0 0 0 143 210 127 0 0 0 0 0 161219 195956.183
0.0000000000 0.0000000000 0 0 0 0 0 0 143 210 127 0 0 0 0 0 161219 195956.233
0.0000000000 0.0000000000 0 0 0 0 0 0 160 210 127 0 0 0 0 0 161219 195956.283
0.0000000000 0.0000000000 0 0 0 0 0 0 166 210 127 0 0 0 0 0 161219 195956.333
0.0000000000 0.0000000000 0 0 0 0 0 0 166 210 127 0 0 0 0 0 161219 195956.383
0.0000000000 0.0000000000 0 0 0 0 0 0 175 210 127 0 0 0 0 0 161219 195956.433
0.0000000000 0.0000000000 0 0 0 0 0 0 189 210 127 0 0 0 0 0 161219 195956.483
0.0000000000 0.0000000000 0 0 0 0 0 0 189 210 127 0 0 0 0 0 161219 195956.533
0.0000000000 0.0000000000 0 0 0 0 0 0 200 210 127 0 0 0 0 0 161219 195956.583
0.0000000000 0.0000000000 0 0 0 0 0 0 200 210 127 0 0 0 0 0 161219 195956.633
0.0000000000 0.0000000000 0 0 0 0 0 0 203 210 127 0 0 0 0 0 161219 195956.683
0.0000000000 0.0000000000 0 0 0 0 0 0 161 210 127 0 0 0 0 0 161219 195956.733
0.0000000000 0.0000000000 0 0 0 0 0 0 122 210 127 0 0 0 0 0 161219 195956.783
0.0000000000 0.0000000000 0 0 0 0 0 0 122 210 127 0 0 0 0 0 161219 195956.833
0.0000000000 0.0000000000 0 0 0 0 0 0 97 210 127 0 0 0 0 0 161219 195956.883
0.0000000000 0.0000000000 0 0 0 0 0 0 83 210 127 0 0 0 0 0 161219 195956.933
0.0000000000 0.0000000000 0 0 0 0 0 0 83 210 127 0 0 0 0 0 161219 195956.983
0.0000000000 0.0000000000 0 0 0 0 0 0 66 210 127 0 0 0 0 0 161219 195957.033
0.0000000000 0.0000000000 0 0 0 0 0 0 58 210 127 0 0 0 0 0 161219 195957.083
0.0000000000 0.0000000000 0 0 0 0 0 0 58 210 127 0 0 0 0 0 161219 195957.133
0.0000000000 0.0000000000 0 0 0 0 0 0 40 210 127 0 0 0 0 0 161219 195957.183
0.0000000000 0.0000000000 0 0 0 0 0 0 36 210 127 0 0 0 0 0 161219 195957.233
0.0000000000 0.0000000000 0 0 0 0 0 0 36 210 127 0 0 0 0 0 161219 195957.283
0.0000000000 0.0000000000 0 0 0 0 0 0 36 210 127 0 0 0 0 0 161219 195957.333
0.0000000000 0.0000000000 0 0 0 0 0 0 34 210 127 0 0 0 0 0 161219 195957.383
0.0000000000 0.0000000000 0 0 0 0 0 0 34 210 127 0 0 0 0 0 161219 195957.433
0.0000000000 0.0000000000 0 0 0 0 0 0 35 210 127 0 0 0 0 0 161219 195957.483
0.0000000000 0.0000000000 0 0 0 0 0 0 37 210 127 0 0 0 0 0 161219 195957.533
0.0000000000 0.0000000000 0 0 0 0 0 0 37 210 127 0 0 0 0 0 161219 195957.583
0.0000000000 0.0000000000 0 0 0 0 0 0 29 210 127 0 0 0 0 0 161219 195957.633
0.0000000000 0.0000000000 0 0 0 0 0 0 24 210 127 0 0 0 0 0 161219 195957.683
0.0000000000 0.0000000000 0 0 0 0 0 0 24 210 127 0 0 0 0 0 161219 195957.733
0.0000000000 0.0000000000 0 0 0 0 0 0 8 210 127 0 0 0 0 0 161219 195957.783
0.0000000000 0.0000000000 0 0 0 0 0 0 8 210 127 0 0 0 0 0 161219 195957.833
0.0000000000 0.0000000000 0 0 0 0 0 0 10 210 127 0 0 0 0 0 161219 195957.883
0.0000000000 0.0000000000 0 0 0 0 0 0 0 210 127 0 0 0 0 0 161219 195957.933
0.0000000000 0.0000000000 0 0 0 0 0 0 0 210 127 0 0 0 0 0 161219 195957.983
0.0000000000 0.0000000000 0 0 0 0 0 0 0 210 127 0 0 0 0 0 161219 195958.033
0.0000000000 0.0000000000 0 0 0 0 0 0 255 209 127 0 0 0 0 0 161219 195958.083
0.0000000000 0.0000000000 0 0 0 0 0 0 255 209 127 0 0 0 0 0 161219 195958.133
0.0000000000 0.0000000000 0 0 0 0 0 0 247 209 127 0 0 0 0 0 161219 195958.183
0.0000000000 0.0000000000 0 0 0 0 0 0 246 209 127 0 0 0 0 0 161219 195958.233
0.0000000000 0.0000000000 0 0 0 0 0 0 246 209 127 0 0 0 0 0 161219 195958.283
0.0000000000 0.0000000000 0 0 0 0 0 0 232 209 127 0 0 0 0 0 161219 195958.333
0.0000000000 0.0000000000 0 0 0 0 0 0 230 209 127 0 0 0 0 0 161219 195958.383
0.0000000000 0.0000000000 0 0 0 0 0 0 225 209 127 0 0 0 0 0 161219 195958.433
0.0000000000 0.0000000000 0 0 0 0 0 0 225 209 127 0 0 0 0 0 161219 195958.483
0.0000000000 0.0000000000 0 0 0 0 0 0 226 209 127 0 0 0 0 0 161219 195958.533
0.0000000000 0.0000000000 0 0 0 0 0 0 219 209 127 0 0 0 0 0 161219 195958.583
0.0000000000 0.0000000000 0 0 0 0 0 0 219 209 127 0 0 0 0 0 161219 195958.633
0.0000000000 0.0000000000 0 0 0 0 0 0 212 209 127 0 0 0 0 0 161219 195958.683
0.0000000000 0.0000000000 0 0 0 0 0 0 207 209 127 0 0 0 0 0 161219 195958.733
0.0000000000 0.0000000000 0 0 0 0 0 0 207 209 127 0 0 0 0 0 161219 195958.783
0.0000000000 0.0000000000 0 0 0 0 0 0 199 209 127 0 0 0 0 0 161219 195958.833
0.0000000000 0.0000000000 0 0 0 0 0 0 199 209 127 0 0 0 0 0 161219 195958.883
0.0000000000 0.0000000000 0 0 0 0 0 0 200 209 127 0 0 0 0 0 161219 195958.933
0.0000000000 0.0000000000 0 0 0 0 0 0 200 209 127 0 0 0 0 0 161219 195958.983
0.0000000000 0.0000000000 0 0 0 0 0 0 194 209 127 0 0 0 0 0 161219 195959.033
0.0000000000 0.0000000000 0 0 0 0 0 0 188 209 127 0 0 0 0 0 161219 195959.083
0.0000000000 0.0000000000 0 0 0 0 0 0 188 209 127 0 0 0 0 0 161219 195959.133
0.0000000000 0.0000000000 0 0 0 0 0 0 179 209 127 0 0 0 0 0 161219 195959.183
0.0000000000 0.0000000000 0 0 0 0 0 0 175 209 127 0 0 0 0 0 161219 195959.233
0.0000000000 0.0000000000 0 0 0 0 0 0 175 209 127 0 0 0 0 0 161219 195959.283
0.0000000000 0.0000000000 0 0 0 0 0 0 173 209 127 0 0 0 0 0 161219 195959.333
0.0000000000 0.0000000000 0 0 0 0 0 0 169 209 127 0 0 0 0 0 161219 195959.383
0.0000000000 0.0000000000 0 0 0 0 0 0 169 209 127 0 0 0 0 0 161219 195959.433
0.0000000000 0.0000000000 0 0 0 0 0 0 158 209 127 0 0 0 0 0 161219 195959.483
0.0000000000 0.0000000000 0 0 0 0 0 0 157 209 127 0 0 0 0 0 161219 195959.533
0.0000000000 0.0000000000 0 0 0 0 0 0 157 209 127 0 0 0 0 0 161219 195959.583
0.0000000000 0.0000000000 0 0 0 0 0 0 153 209 127 0 0 0 0 0 161219 195959.633
0.0000000000 0.0000000000 0 0 0 0 0 0 177 209 127 0 0 0 0 0 161219 195959.683
0.0000000000 0.0000000000 0 0 0 0 0 0 177 209 127 0 0 0 0 0 161219 195959.733
0.0000000000 0.0000000000 0 0 0 0 0 0 184 209 127 0 0 0 0 0 161219 195959.783
0.0000000000 0.0000000000 0 0 0 0 0 0 196 209 127 0 0 0 0 0 161219 195959.833
0.0000000000 0.0000000000 0 0 0 0 0 0 196 209 127 0 0 0 0 0 161219 195959.883
0.0000000000 0.0000000000 0 0 0 0 0 0 205 209 127 0 0 0 0 0 161219 195959.933
0.0000000000 0.0000000000 0 0 0 0 0 0 220 209 127 0 0 0 0 0 161219 195959.983
0.0000000000 0.0000000000 0 0 0 0 0 0 220 209 127 0 0 0 0 0 161219 200000.033
0.0000000000 0.0000000000 0 0 0 0 0 0 221 209 127 0 0 0 0 0 161219 200000.083
0.0000000000 0.0000000000 0 0 0 0 0 0 233 209 127 0 0 0 0 0 161219 200000.133
0.0000000000 0.0000000000 0 0 0 0 0 0 233 209 127 0 0 0 0 0 161219 200000.183
0.0000000000 0.0000000000 0 0 0 0 0 0 236 209 127 0 0 0 0 0 161219 200000.233
0.0000000000 0.0000000000 0 0 0 0 0 0 248 209 127 0 0 0 0 0 161219 200000.283
0.0000000000 0.0000000000 0 0 0 0 0 0 248 209 127 0 0 0 0 0 161219 200000.333
0.0000000000 0.0000000000 0 0 0 0 0 0 246 209 127 0 0 0 0 0 161219 200000.383
0.0000000000 0.0000000000 0 0 0 0 0 0 247 209 127 0 0 0 0 0 161219 200000.433
0.0000000000 0.0000000000 0 0 0 0 0 0 247 209 127 0 0 0 0 0 161219 200000.483
0.0000000000 0.0000000000 0 0 0 0 0 0 3 210 127 0 0 0 0 0 161219 200000.533
0.0000000000 0.0000000000 0 0 0 0 0 0 8 210 127 0 0 0 0 0 161219 200000.583
0.0000000000 0.0000000000 0 0 0 0 0 0 8 210 127 0 0 0 0 0 161219 200000.633
0.0000000000 0.0000000000 0 0 0 0 0 0 21 210 127 0 0 0 0 0 161219 200000.683
0.0000000000 0.0000000000 0 0 0 0 0 0 21 210 127 0 0 0 0 0 161219 200000.733
0.0000000000 0.0000000000 0 0 0 0 0 0 25 210 127 0 0 0 0 0 161219 200000.783
0.0000000000 0.0000000000 0 0 0 0 0 0 39 210 127 0 0 0 0 0 161219 200000.833
0.0000000000 0.0000000000 0 0 0 0 0 0 39 210 127 0 0 0 0 0 161219 200000.883
0.0000000000 0.0000000000 0 0 0 0 0 0 55 210 127 0 0 0 0 0 161219 200000.933
0.0000000000 0.0000000000 0 0 0 0 0 0 55 210 127 0 0 0 0 0 161219 200000.983
0.0000000000 0.0000000000 0 0 0 0 0 0 52 210 127 0 0 0 0 0 161219 200001.033
0.0000000000 0.0000000000 0 0 0 0 0 0 61 210 127 0 0 0 0 0 161219 200001.083
0.0000000000 0.0000000000 0 0 0 0 0 0 61 210 127 0 0 0 0 0 161219 200001.133
0.0000000000 0.0000000000 0 0 0 0 0 0 64 210 127 0 0 0 0 0 161219 200001.183
0.0000000000 0.0000000000 0 0 0 0 0 0 84 210 127 0 0 0 0 0 161219 200001.233
0.0000000000 0.0000000000 0 0 0 0 0 0 84 210 127 0 0 0 0 0 161219 200001.283
0.0000000000 0.0000000000 0 0 0 0 0 0 86 210 127 0 0 0 0 0 161219 200001.333
0.0000000000 0.0000000000 0 0 0 0 0 0 86 210 127 0 0 0 0 0 161219 200001.383
0.0000000000 0.0000000000 0 0 0 0 0 0 92 210 127 0 0 0 0 0 161219 200001.433
0.0000000000 0.0000000000 0 0 0 0 0 0 101 210 127 0 0 0 0 0 161219 200001.483
0.0000000000 0.0000000000 0 0 0 0 0 0 101 210 127 0 0 0 0 0 161219 200001.533
0.0000000000 0.0000000000 0 0 0 0 0 0 116 210 127 0 0 0 0 0 161219 200001.583
0.0000000000 0.0000000000 0 0 0 0 0 0 145 210 127 0 0 0 0 0 161219 200001.633
0.0000000000 0.0000000000 0 0 0 0 0 0 145 210 127 0 0 0 0 0 161219 200001.683
0.0000000000 0.0000000000 0 0 0 0 0 0 168 210 127 0 0 0 0 0 161219 200001.733
0.0000000000 0.0000000000 0 0 0 0 0 0 178 210 127 0 0 0 0 0 161219 200001.783
0.0000000000 0.0000000000 0 0 0 0 0 0 178 210 127 0 0 0 0 0 161219 200001.833
0.0000000000 0.0000000000 0 0 0 0 0 0 204 210 127 0 0 0 0 0 161219 200001.883
0.0000000000 0.0000000000 0 0 0 0 0 0 204 210 127 0 0 0 0 0 161219 200001.933
0.0000000000 0.0000000000 0 0 0 0 0 0 232 210 127 0 0 0 0 0 161219 200001.983
0.0000000000 0.0000000000 0 0 0 0 0 0 235 210 127 0 0 0 0 0 161219 200002.033
0.0000000000 0.0000000000 0 0 0 0 0 0 235 210 127 0 0 0 0 0 161219 200002.083
0.0000000000 0.0000000000 0 0 0 0 0 0 252 210 127 0 0 0 0 0 161219 200002.133
0.0000000000 0.0000000000 0 0 0 0 0 0 20 211 127 0 0 0 0 0 161219 200002.183
0.0000000000 0.0000000000 0 0 0 0 0 0 20 211 127 0 0 0 0 0 161219 200002.233
0.0000000000 0.0000000000 0 0 0 0 0 0 49 211 127 0 0 0 0 0 161219 200002.283
0.0000000000 0.0000000000 0 0 0 0 0 0 63 211 127 0 0 0 0 0 161219 200002.333
0.0000000000 0.0000000000 0 0 0 0 0 0 63 211 127 0 0 0 0 0 161219 200002.383
0.0000000000 0.0000000000 0 0 0 0 0 0 90 211 127 0 0 0 0 0 161219 200002.433
0.0000000000 0.0000000000 0 0 0 0 0 0 96 211 127 0 0 0 0 0 161219 200002.483
0.0000000000 0.0000000000 0 0 0 0 0 0 96 211 127 0 0 0 0 0 161219 200002.533
0.0000000000 0.0000000000 0 0 0 0 0 0 105 211 127 0 0 0 0 0 161219 200002.583
0.0000000000 0.0000000000 0 0 0 0 0 0 123 211 127 0 0 0 0 0 161219 200002.633
0.0000000000 0.0000000000 0 0 0 0 0 0 123 211 127 0 0 0 0 0 161219 200002.683
0.0000000000 0.0000000000 0 0 0 0 0 0 156 211 127 0 0 0 0 0 161219 200002.733
0.0000000000 0.0000000000 0 0 0 0 0 0 170 211 127 0 0 0 0 0 161219 200002.783
0.0000000000 0.0000000000 0 0 0 0 0 0 170 211 127 0 0 0 0 0 161219 200002.833
0.0000000000 0.0000000000 0 0 0 0 0 0 193 211 127 0 0 0 0 0 161219 200002.883
0.0000000000 0.0000000000 0 0 0 0 0 0 202 211 127 0 0 0 0 0 161219 200002.933
0.0000000000 0.0000000000 0 0 0 0 0 0 202 211 127 0 0 0 0 0 161219 200002.983
0.0000000000 0.0000000000 0 0 0 0 0 0 234 211 127 0 0 0 0 0 161219 200003.033
0.0000000000 0.0000000000 0 0 0 0 0 0 246 211 127 0 0 0 0 0 161219 200003.083
0.0000000000 0.0000000000 0 0 0 0 0 0 246 211 127 0 0 0 0 0 161219 200003.133
0.0000000000 0.0000000000 0 0 0 0 0 0 10 212 127 0 0 0 0 0 161219 200003.183
0.0000000000 0.0000000000 0 0 0 0 0 0 24 212 127 0 0 0 0 0 161219 200003.233
0.0000000000 0.0000000000 0 0 0 0 0 0 24 212 127 0 0 0 0 0 161219 200003.283
0.0000000000 0.0000000000 0 0 0 0 0 0 47 212 127 0 0 0 0 0 161219 200003.333
0.0000000000 0.0000000000 0 0 0 0 0 0 55 212 127 0 0 0 0 0 161219 200003.383
0.0000000000 0.0000000000 0 0 0 0 0 0 84 212 127 0 0 0 0 0 161219 200003.433
0.0000000000 0.0000000000 0 0 0 0 0 0 84 212 127 0 0 0 0 0 161219 200003.483
0.0000000000 0.0000000000 0 0 0 0 0 0 111 212 127 0 0 0 0 0 161219 200003.533
0.0000000000 0.0000000000 0 0 0 0 0 0 125 212 127 0 0 0 0 0 161219 200003.583
0.0000000000 0.0000000000 0 0 0 0 0 0 125 212 127 0 0 0 0 0 161219 200003.633
0.0000000000 0.0000000000 0 0 0 0 0 0 146 212 127 0 0 0 0 0 161219 200003.683
0.0000000000 0.0000000000 0 0 0 0 0 0 163 212 127 0 0 0 0 0 161219 200003.733
0.0000000000 0.0000000000 0 0 0 0 0 0 163 212 127 0 0 0 0 0 161219 200003.783
0.0000000000 0.0000000000 0 0 0 0 0 0 180 212 127 0 0 0 0 0 161219 200003.833
0.0000000000 0.0000000000 0 0 0 0 0 0 189 212 127 0 0 0 0 0 161219 200003.883
0.0000000000 0.0000000000 0 0 0 0 0 0 189 212 127 0 0 0 0 0 161219 200003.933
0.0000000000 0.0000000000 0 0 0 0 0 0 216 212 127 0 0 0 0 0 161219 200003.983
0.0000000000 0.0000000000 0 0 0 0 0 0 220 212 127 0 0 0 0 0 161219 200004.033
0.0000000000 0.0000000000 0 0 0 0 0 0 220 212 127 0 0 0 0 0 161219 200004.083
0.0000000000 0.0000000000 0 0 0 0 0 0 242 212 127 0 0 0 0 0 161219 200004.133
0.0000000000 0.0000000000 0 0 0 0 0 0 251 212 127 0 0 0 0 0 161219 200004.183
0.0000000000 0.0000000000 0 0 0 0 0 0 251 212 127 0 0 0 0 0 161219 200004.233
0.0000000000 0.0000000000 0 0 0 0 0 0 19 213 127 0 0 0 0 0 161219 200004.283
0.0000000000 0.0000000000 0 0 0 0 0 0 27 213 127 0 0 0 0 0 161219 200004.333
0.0000000000 0.0000000000 0 0 0 0 0 0 27 213 127 0 0 0 0 0 161219 200004.383
0.0000000000 0.0000000000 0 0 0 0 0 0 46 213 127 0 0 0 0 0 161219 200004.433
0.0000000000 0.0000000000 0 0 0 0 0 0 54 213 127 0 0 0 0 0 161219 200004.483
0.0000000000 0.0000000000 0 0 0 0 0 0 54 213 127 0 0 0 0 0 161219 200004.533
0.0000000000 0.0000000000 0 0 0 0 0 0 67 213 127 0 0 0 0 0 161219 200004.583
0.0000000000 0.0000000000 0 0 0 0 0 0 87 213 127 0 0 0 0 0 161219 200004.633
0.0000000000 0.0000000000 0 0 0 0 0 0 87 213 127 0 0 0 0 0 161219 200004.683
0.0000000000 0.0000000000 0 0 0 0 0 0 108 213 127 0 0 0 0 0 161219 200004.733
0.0000000000 0.0000000000 0 0 0 0 0 0 119 213 127 0 0 0 0 0 161219 200004.783
0.0000000000 0.0000000000 0 0 0 0 0 0 119 213 127 0 0 0 0 0 161219 200004.833
0.0000000000 0.0000000000 0 0 0 0 0 0 140 213 127 0 0 0 0 0 161219 200004.883
0.0000000000 0.0000000000 0 0 0 0 0 0 146 213 127 0 0 0 0 0 161219 200004.933
0.0000000000 0.0000000000 0 0 0 0 0 0 146 213 127 0 0 0 0 0 161219 200004.983
0.0000000000 0.0000000000 0 0 0 0 0 0 181 213 127 0 0 0 0 0 161219 200005.033
0.0000000000 0.0000000000 0 0 0 0 0 0 202 213 127 0 0 0 0 0 161219 200005.083
0.0000000000 0.0000000000 0 0 0 0 0 0 202 213 127 0 0 0 0 0 161219 200005.133
0.0000000000 0.0000000000 0 0 0 0 0 0 216 213 127 0 0 0 0 0 161219 200005.183
0.0000000000 0.0000000000 0 0 0 0 0 0 216 213 127 0 0 0 0 0 161219 200005.233
0.0000000000 0.0000000000 0 0 0 0 0 0 235 213 127 0 0 0 0 0 161219 200005.283
0.0000000000 0.0000000000 0 0 0 0 0 0 245 213 127 0 0 0 0 0 161219 200005.333
0.0000000000 0.0000000000 0 0 0 0 0 0 245 213 127 0 0 0 0 0 161219 200005.383
0.0000000000 0.0000000000 0 0 0 0 0 0 13 214 127 0 0 0 0 0 161219 200005.433
0.0000000000 0.0000000000 0 0 0 0 0 0 26 214 127 0 0 0 0 0 161219 200005.483
0.0000000000 0.0000000000 0 0 0 0 0 0 26 214 127 0 0 0 0 0 161219 200005.533
0.0000000000 0.0000000000 0 0 0 0 0 0 48 214 127 0 0 0 0 0 161219 200005.583
0.0000000000 0.0000000000 0 0 0 0 0 0 57 214 127 0 0 0 0 0 161219 200005.633
0.0000000000 0.0000000000 0 0 0 0 0 0 57 214 127 0 0 0 0 0 161219 200005.683
0.0000000000 0.0000000000 0 0 0 0 0 0 84 214 127 0 0 0 0 0 161219 200005.733
0.0000000000 0.0000000000 0 0 0 0 0 0 97 214 127 0 0 0 0 0 161219 200005.783
0.0000000000 0.0000000000 0 0 0 0 0 0 97 214 127 0 0 0 0 0 161219 200005.833
0.0000000000 0.0000000000 0 0 0 0 0 0 117 214 127 0 0 0 0 0 161219 200005.883
0.0000000000 0.0000000000 0 0 0 0 0 0 132 214 127 0 0 0 0 0 161219 200005.933
0.0000000000 0.0000000000 0 0 0 0 0 0 132 214 127 0 0 0 0 0 161219 200005.983
0.0000000000 0.0000000000 0 0 0 0 0 0 143 214 127 0 0 0 0 0 161219 200006.033
0.0000000000 0.0000000000 0 0 0 0 0 0 161 214 127 0 0 0 0 0 161219 200006.083
0.0000000000 0.0000000000 0 0 0 0 0 0 161 214 127 0 0 0 0 0 161219 200006.133
0.0000000000 0.0000000000 0 0 0 0 0 0 185 214 127 0 0 0 0 0 161219 200006.183
0.0000000000 0.0000000000 0 0 0 0 0 0 195 214 127 0 0 0 0 0 161219 200006.233
0.0000000000 0.0000000000 0 0 0 0 0 0 195 214 127 0 0 0 0 0 161219 200006.283
0.0000000000 0.0000000000 0 0 0 0 0 0 221 214 127 0 0 0 0 0 161219 200006.333
0.0000000000 0.0000000000 0 0 0 0 0 0 233 214 127 0 0 0 0 0 161219 200006.383
0.0000000000 0.0000000000 0 0 0 0 0 0 233 214 127 0 0 0 0 0 161219 200006.433
0.0000000000 0.0000000000 0 0 0 0 0 0 253 214 127 0 0 0 0 0 161219 200006.483
0.0000000000 0.0000000000 0 0 0 0 0 0 12 215 127 0 0 0 0 0 161219 200006.533
0.0000000000 0.0000000000 0 0 0 0 0 0 12 215 127 0 0 0 0 0 161219 200006.583
0.0000000000 0.0000000000 0 0 0 0 0 0 30 215 127 0 0 0 0 0 161219 200006.633
0.0000000000 0.0000000000 0 0 0 0 0 0 46 215 127 0 0 0 0 0 161219 200006.683
0.0000000000 0.0000000000 0 0 0 0 0 0 46 215 127 0 0 0 0 0 161219 200006.733
0.0000000000 0.0000000000 0 0 0 0 0 0 67 215 127 0 0 0 0 0 161219 200006.783
0.0000000000 0.0000000000 0 0 0 0 0 0 67 215 127 0 0 0 0 0 161219 200006.833
0.0000000000 0.0000000000 0 0 0 0 0 0 90 215 127 0 0 0 0 0 161219 200006.883
0.0000000000 0.0000000000 0 0 0 0 0 0 102 215 127 0 0 0 0 0 161219 200006.933
0.0000000000 0.0000000000 0 0 0 0 0 0 102 215 127 0 0 0 0 0 161219 200006.983
0.0000000000 0.0000000000 0 0 0 0 0 0 118 215 127 0 0 0 0 0 161219 200007.033
0.0000000000 0.0000000000 0 0 0 0 0 0 129 215 127 0 0 0 0 0 161219 200007.083
0.0000000000 0.0000000000 0 0 0 0 0 0 129 215 127 0 0 0 0 0 161219 200007.133
0.0000000000 0.0000000000 0 0 0 0 0 0 152 215 127 0 0 0 0 0 161219 200007.183
0.0000000000 0.0000000000 0 0 0 0 0 0 169 215 127 0 0 0 0 0 161219 200007.233
0.0000000000 0.0000000000 0 0 0 0 0 0 169 215 127 0 0 0 0 0 161219 200007.283
0.0000000000 0.0000000000 0 0 0 0 0 0 193 215 127 0 0 0 0 0 161219 200007.333
0.0000000000 0.0000000000 0 0 0 0 0 0 203 215 127 0 0 0 0 0 161219 200007.383
0.0000000000 0.0000000000 0 0 0 0 0 0 220 215 127 0 0 0 0 0 161219 200007.433
0.0000000000 0.0000000000 0 0 0 0 0 0 220 215 127 0 0 0 0 0 161219 200007.483
0.0000000000 0.0000000000 0 0 0 0 0 0 236 215 127 0 0 0 0 0 161219 200007.533
0.0000000000 0.0000000000 0 0 0 0 0 0 236 215 127 0 0 0 0 0 161219 200007.583
0.0000000000 0.0000000000 0 0 0 0 0 0 2 216 127 0 0 0 0 0 161219 200007.633
0.0000000000 0.0000000000 0 0 0 0 0 0 14 216 127 0 0 0 0 0 161219 200007.683
0.0000000000 0.0000000000 0 0 0 0 0 0 14 216 127 0 0 0 0 0 161219 200007.733
0.0000000000 0.0000000000 0 0 0 0 0 0 25 216 127 0 0 0 0 0 161219 200007.783
0.0000000000 0.0000000000 0 0 0 0 0 0 36 216 127 0 0 0 0 0 161219 200007.833
0.0000000000 0.0000000000 0 0 0 0 0 0 36 216 127 0 0 0 0 0 161219 200007.883
0.0000000000 0.0000000000 0 0 0 0 0 0 67 216 127 0 0 0 0 0 161219 200007.933
0.0000000000 0.0000000000 0 0 0 0 0 0 87 216 127 0 0 0 0 0 161219 200007.983
0.0000000000 0.0000000000 0 0 0 0 0 0 108 216 127 0 0 0 0 0 161219 200008.033
0.0000000000 0.0000000000 0 0 0 0 0 0 108 216 127 0 0 0 0 0 161219 200008.083
0.0000000000 0.0000000000 0 0 0 0 0 0 117 216 127 0 0 0 0 0 161219 200008.133
0.0000000000 0.0000000000 0 0 0 0 0 0 140 216 127 0 0 0 0 0 161219 200008.183
0.0000000000 0.0000000000 0 0 0 0 0 0 140 216 127 0 0 0 0 0 161219 200008.233
0.0000000000 0.0000000000 0 0 0 0 0 0 145 216 127 0 0 0 0 0 161219 200008.283
0.0000000000 0.0000000000 0 0 0 0 0 0 166 216 127 0 0 0 0 0 161219 200008.333
0.0000000000 0.0000000000 0 0 0 0 0 0 166 216 127 0 0 0 0 0 161219 200008.383
0.0000000000 0.0000000000 0 0 0 0 0 0 182 216 127 0 0 0 0 0 161219 200008.433
0.0000000000 0.0000000000 0 0 0 0 0 0 203 216 127 0 0 0 0 0 161219 200008.483
0.0000000000 0.0000000000 0 0 0 0 0 0 203 216 127 0 0 0 0 0 161219 200008.533
0.0000000000 0.0000000000 0 0 0 0 0 0 218 216 127 0 0 0 0 0 161219 200008.583
0.0000000000 0.0000000000 0 0 0 0 0 0 242 216 127 0 0 0 0 0 161219 200008.633
0.0000000000 0.0000000000 0 0 0 0 0 0 242 216 127 0 0 0 0 0 161219 200008.683
0.0000000000 0.0000000000 0 0 0 0 0 0 250 216 127 0 0 0 0 0 161219 200008.733
0.0000000000 0.0000000000 0 0 0 0 0 0 5 217 127 0 0 0 0 0 161219 200008.783
0.0000000000 0.0000000000 0 0 0 0 0 0 5 217 127 0 0 0 0 0 161219 200008.833
0.0000000000 0.0000000000 0 0 0 0 0 0 27 217 127 0 0 0 0 0 161219 200008.883
0.0000000000 0.0000000000 0 0 0 0 0 0 43 217 127 0 0 0 0 0 161219 200008.933
0.0000000000 0.0000000000 0 0 0 0 0 0 66 217 127 0 0 0 0 0 161219 200008.983
0.0000000000 0.0000000000 0 0 0 0 0 0 66 217 127 0 0 0 0 0 161219 200009.033
0.0000000000 0.0000000000 0 0 0 0 0 0 81 217 127 0 0 0 0 0 161219 200009.083
0.0000000000 0.0000000000 0 0 0 0 0 0 107 217 127 0 0 0 0 0 161219 200009.133
0.0000000000 0.0000000000 0 0 0 0 0 0 107 217 127 0 0 0 0 0 161219 200009.183
0.0000000000 0.0000000000 0 0 0 0 0 0 118 217 127 0 0 0 0 0 161219 200009.233
0.0000000000 0.0000000000 0 0 0 0 0 0 130 217 127 0 0 0 0 0 161219 200009.283
0.0000000000 0.0000000000 0 0 0 0 0 0 151 217 127 0 0 0 0 0 161219 200009.333
0.0000000000 0.0000000000 0 0 0 0 0 0 151 217 127 0 0 0 0 0 161219 200009.383
0.0000000000 0.0000000000 0 0 0 0 0 0 156 217 127 0 0 0 0 0 161219 200009.433
0.0000000000 0.0000000000 0 0 0 0 0 0 162 217 127 0 0 0 0 0 161219 200009.483
0.0000000000 0.0000000000 0 0 0 0 0 0 162 217 127 0 0 0 0 0 161219 200009.533
0.0000000000 0.0000000000 0 0 0 0 0 0 187 217 127 0 0 0 0 0 161219 200009.583
0.0000000000 0.0000000000 0 0 0 0 0 0 201 217 127 0 0 0 0 0 161219 200009.633
0.0000000000 0.0000000000 0 0 0 0 0 0 221 217 127 0 0 0 0 0 161219 200009.683
0.0000000000 0.0000000000 0 0 0 0 0 0 221 217 127 0 0 0 0 0 161219 200009.733
0.0000000000 0.0000000000 0 0 0 0 0 0 230 217 127 0 0 0 0 0 161219 200009.783
0.0000000000 0.0000000000 0 0 0 0 0 0 242 217 127 0 0 0 0 0 161219 200009.833
0.0000000000 0.0000000000 0 0 0 0 0 0 5 218 127 0 0 0 0 0 161219 200009.883
0.0000000000 0.0000000000 0 0 0 0 0 0 5 218 127 0 0 0 0 0 161219 200009.933
0.0000000000 0.0000000000 0 0 0 0 0 0 21 218 127 0 0 0 0 0 161219 200009.983
0.0000000000 0.0000000000 0 0 0 0 0 0 36 218 127 0 0 0 0 0 161219 200010.033
0.0000000000 0.0000000000 0 0 0 0 0 0 36 218 127 0 0 0 0 0 161219 200010.083
0.0000000000 0.0000000000 0 0 0 0 0 0 50 218 127 0 0 0 0 0 161219 200010.133
0.0000000000 0.0000000000 0 0 0 0 0 0 77 218 127 0 0 0 0 0 161219 200010.183
0.0000000000 0.0000000000 0 0 0 0 0 0 77 218 127 0 0 0 0 0 161219 200010.233
0.0000000000 0.0000000000 0 0 0 0 0 0 93 218 127 0 0 0 0 0 161219 200010.283
0.0000000000 0.0000000000 0 0 0 0 0 0 101 218 127 0 0 0 0 0 161219 200010.333
0.0000000000 0.0000000000 0 0 0 0 0 0 122 218 127 0 0 0 0 0 161219 200010.383
0.0000000000 0.0000000000 0 0 0 0 0 0 122 218 127 0 0 0 0 0 161219 200010.433
0.0000000000 0.0000000000 0 0 0 0 0 0 136 218 127 0 0 0 0 0 161219 200010.483
0.0000000000 0.0000000000 0 0 0 0 0 0 153 218 127 0 0 0 0 0 161219 200010.533
0.0000000000 0.0000000000 0 0 0 0 0 0 187 218 127 0 0 0 0 0 161219 200010.583
0.0000000000 0.0000000000 0 0 0 0 0 0 187 218 127 0 0 0 0 0 161219 200010.633
0.0000000000 0.0000000000 0 0 0 0 0 0 208 218 127 0 0 0 0 0 161219 200010.683
0.0000000000 0.0000000000 0 0 0 0 0 0 26 219 127 0 0 0 0 0 161219 200010.733
0.0000000000 0.0000000000 0 0 0 0 0 0 26 219 127 0 0 0 0 0 161219 200010.783
0.0000000000 0.0000000000 0 0 0 0 0 0 34 219 127 0 0 0 0 0 161219 200010.833
0.0000000000 0.0000000000 0 0 0 0 0 0 63 219 127 0 0 0 0 0 161219 200010.883
0.0000000000 0.0000000000 0 0 0 0 0 0 63 219 127 0 0 0 0 0 161219 200010.933
0.0000000000 0.0000000000 0 0 0 0 0 0 112 219 127 0 0 0 0 0 161219 200010.983
0.0000000000 0.0000000000 0 0 0 0 0 0 150 219 127 0 0 0 0 0 161219 200011.033
0.0000000000 0.0000000000 0 0 0 0 0 0 150 219 127 0 0 0 0 0 161219 200011.083
0.0000000000 0.0000000000 0 0 0 0 0 0 172 219 127 0 0 0 0 0 161219 200011.133
0.0000000000 0.0000000000 0 0 0 0 0 0 219 219 127 0 0 0 0 0 161219 200011.183
0.0000000000 0.0000000000 0 0 0 0 0 0 219 219 127 0 0 0 0 0 161219 200011.233
0.0000000000 0.0000000000 0 0 0 0 0 0 247 219 127 0 0 0 0 0 161219 200011.283
0.0000000000 0.0000000000 0 0 0 0 0 0 39 220 127 0 0 0 0 0 161219 200011.333
0.0000000000 0.0000000000 0 0 0 0 0 0 39 220 127 0 0 0 0 0 161219 200011.383
0.0000000000 0.0000000000 0 0 0 0 0 0 60 220 127 0 0 0 0 0 161219 200011.433
0.0000000000 0.0000000000 0 0 0 0 0 0 106 220 127 0 0 0 0 0 161219 200011.483
0.0000000000 0.0000000000 0 0 0 0 0 0 106 220 127 0 0 0 0 0 161219 200011.533
0.0000000000 0.0000000000 0 0 0 0 0 0 124 220 127 0 0 0 0 0 161219 200011.583
0.0000000000 0.0000000000 0 0 0 0 0 0 174 220 127 0 0 0 0 0 161219 200011.633
0.0000000000 0.0000000000 0 0 0 0 0 0 174 220 127 0 0 0 0 0 161219 200011.683
0.0000000000 0.0000000000 0 0 0 0 0 0 202 220 127 0 0 0 0 0 161219 200011.733
0.0000000000 0.0000000000 0 0 0 0 0 0 202 220 127 0 0 0 0 0 161219 200011.783
0.0000000000 0.0000000000 0 0 0 0 0 0 247 220 127 0 0 0 0 0 161219 200011.833
0.0000000000 0.0000000000 0 0 0 0 0 0 16 221 127 0 0 0 0 0 161219 200011.883
0.0000000000 0.0000000000 0 0 0 0 0 0 16 221 127 0 0 0 0 0 161219 200011.933
0.0000000000 0.0000000000 0 0 0 0 0 0 65 221 127 0 0 0 0 0 161219 200011.983
0.0000000000 0.0000000000 0 0 0 0 0 0 87 221 127 0 0 0 0 0 161219 200012.033
0.0000000000 0.0000000000 0 0 0 0 0 0 87 221 127 0 0 0 0 0 161219 200012.083
0.0000000000 0.0000000000 0 0 0 0 0 0 134 221 127 0 0 0 0 0 161219 200012.133
0.0000000000 0.0000000000 0 0 0 0 0 0 160 221 127 0 0 0 0 0 161219 200012.183
0.0000000000 0.0000000000 0 0 0 0 0 0 160 221 127 0 0 0 0 0 161219 200012.233
0.0000000000 0.0000000000 0 0 0 0 0 0 209 221 127 0 0 0 0 0 161219 200012.283
0.0000000000 0.0000000000 0 0 0 0 0 0 253 221 127 0 0 0 0 0 161219 200012.333
0.0000000000 0.0000000000 0 0 0 0 0 0 88 222 127 0 0 0 0 0 161219 200012.383
0.0000000000 0.0000000000 0 0 0 0 0 0 88 222 127 0 0 0 0 0 161219 200012.433
0.0000000000 0.0000000000 0 0 0 0 0 0 126 222 127 0 0 0 0 0 161219 200012.483
0.0000000000 0.0000000000 0 0 0 0 0 0 229 222 127 0 0 0 0 0 161219 200012.533
0.0000000000 0.0000000000 0 0 0 0 0 0 229 222 127 0 0 0 0 0 161219 200012.583
0.0000000000 0.0000000000 0 0 0 0 0 0 23 223 127 0 0 0 0 0 161219 200012.633
0.0000000000 0.0000000000 0 0 0 0 0 0 64 223 127 0 0 0 0 0 161219 200012.683
0.0000000000 0.0000000000 0 0 0 0 0 0 64 223 127 0 0 0 0 0 161219 200012.733
0.0000000000 0.0000000000 0 0 0 0 0 0 135 223 127 0 0 0 0 0 161219 200012.783
0.0000000000 0.0000000000 0 0 0 0 0 0 178 223 127 0 0 0 0 0 161219 200012.833
0.0000000000 0.0000000000 0 0 0 0 0 0 178 223 127 0 0 0 0 0 161219 200012.883
0.0000000000 0.0000000000 0 0 0 0 0 0 246 223 127 0 0 0 0 0 161219 200012.933
0.0000000000 0.0000000000 0 0 0 0 0 0 35 224 127 0 0 0 0 0 161219 200012.983
0.0000000000 0.0000000000 0 0 0 0 0 0 35 224 127 0 0 0 0 0 161219 200013.033
0.0000000000 0.0000000000 0 0 0 0 0 0 109 224 127 0 0 0 0 0 161219 200013.083
0.0000000000 0.0000000000 0 0 0 0 0 0 160 224 127 0 0 0 0 0 161219 200013.133
0.0000000000 0.0000000000 0 0 0 0 0 0 160 224 127 0 0 0 0 0 161219 200013.183
0.0000000000 0.0000000000 0 0 0 0 0 0 232 224 127 0 0 0 0 0 161219 200013.233
0.0000000000 0.0000000000 0 0 0 0 0 0 21 225 127 0 0 0 0 0 161219 200013.283
0.0000000000 0.0000000000 0 0 0 0 0 0 21 225 127 0 0 0 0 0 161219 200013.333
0.0000000000 0.0000000000 0 0 0 0 0 0 100 225 127 0 0 0 0 0 161219 200013.383
0.0000000000 0.0000000000 0 0 0 0 0 0 172 225 127 0 0 0 0 0 161219 200013.433
0.0000000000 0.0000000000 0 0 0 0 0 0 172 225 127 0 0 0 0 0 161219 200013.483
0.0000000000 0.0000000000 0 0 0 0 0 0 209 225 127 0 0 0 0 0 161219 200013.533
0.0000000000 0.0000000000 0 0 0 0 0 0 31 226 127 0 0 0 0 0 161219 200013.583
0.0000000000 0.0000000000 0 0 0 0 0 0 31 226 127 0 0 0 0 0 161219 200013.633
0.0000000000 0.0000000000 0 0 0 0 0 0 71 226 127 0 0 0 0 0 161219 200013.683
0.0000000000 0.0000000000 0 0 0 0 0 0 147 226 127 0 0 0 0 0 161219 200013.733
0.0000000000 0.0000000000 0 0 0 0 0 0 147 226 127 0 0 0 0 0 161219 200013.783
0.0000000000 0.0000000000 0 0 0 0 0 0 192 226 127 0 0 0 0 0 161219 200013.833
0.0000000000 0.0000000000 0 0 0 0 0 0 238 226 127 0 0 0 0 0 161219 200013.883
0.0000000000 0.0000000000 0 0 0 0 0 0 59 227 127 0 0 0 0 0 161219 200013.933
0.0000000000 0.0000000000 0 0 0 0 0 0 103 227 127 0 0 0 0 0 161219 200013.983
0.0000000000 0.0000000000 0 0 0 0 0 0 147 227 127 0 0 0 0 0 161219 200014.033
0.0000000000 0.0000000000 0 0 0 0 0 0 147 227 127 0 0 0 0 0 161219 200014.083
0.0000000000 0.0000000000 0 0 0 0 0 0 229 227 127 0 0 0 0 0 161219 200014.133
0.0000000000 0.0000000000 0 0 0 0 0 0 10 228 127 0 0 0 0 0 161219 200014.183
0.0000000000 0.0000000000 0 0 0 0 0 0 10 228 127 0 0 0 0 0 161219 200014.233
0.0000000000 0.0000000000 0 0 0 0 0 0 97 228 127 0 0 0 0 0 161219 200014.283
0.0000000000 0.0000000000 0 0 0 0 0 0 97 228 127 0 0 0 0 0 161219 200014.333
0.0000000000 0.0000000000 0 0 0 0 0 0 132 228 127 0 0 0 0 0 161219 200014.383
0.0000000000 0.0000000000 0 0 0 0 0 0 132 228 127 0 0 0 0 0 161219 200014.433
0.0000000000 0.0000000000 0 0 0 0 0 0 171 228 127 0 0 0 0 0 161219 200014.483
0.0000000000 0.0000000000 0 0 0 0 0 0 248 228 127 0 0 0 0 0 161219 200014.533
0.0000000000 0.0000000000 0 0 0 0 0 0 248 228 127 0 0 0 0 0 161219 200014.583
0.0000000000 0.0000000000 0 0 0 0 0 0 73 229 127 0 0 0 0 0 161219 200014.633
0.0000000000 0.0000000000 0 0 0 0 0 0 105 229 127 0 0 0 0 0 161219 200014.683
0.0000000000 0.0000000000 0 0 0 0 0 0 105 229 127 0 0 0 0 0 161219 200014.733
0.0000000000 0.0000000000 0 0 0 0 0 0 178 229 127 0 0 0 0 0 161219 200014.783
0.0000000000 0.0000000000 0 0 0 0 0 0 221 229 127 0 0 0 0 0 161219 200014.833
0.0000000000 0.0000000000 0 0 0 0 0 0 221 229 127 0 0 0 0 0 161219 200014.883
0.0000000000 0.0000000000 0 0 0 0 0 0 43 230 127 0 0 0 0 0 161219 200014.933
0.0000000000 0.0000000000 0 0 0 0 0 0 79 230 127 0 0 0 0 0 161219 200014.983
0.0000000000 0.0000000000 0 0 0 0 0 0 79 230 127 0 0 0 0 0 161219 200015.033
0.0000000000 0.0000000000 0 0 0 0 0 0 159 230 127 0 0 0 0 0 161219 200015.083
0.0000000000 0.0000000000 0 0 0 0 0 0 194 230 127 0 0 0 0 0 161219 200015.133
0.0000000000 0.0000000000 0 0 0 0 0 0 194 230 127 0 0 0 0 0 161219 200015.183
0.0000000000 0.0000000000 0 0 0 0 0 0 17 231 127 0 0 0 0 0 161219 200015.233
0.0000000000 0.0000000000 0 0 0 0 0 0 54 231 127 0 0 0 0 0 161219 200015.283
0.0000000000 0.0000000000 0 0 0 0 0 0 54 231 127 0 0 0 0 0 161219 200015.333
0.0000000000 0.0000000000 0 0 0 0 0 0 143 231 127 0 0 0 0 0 161219 200015.383
0.0000000000 0.0000000000 0 0 0 0 0 0 186 231 127 0 0 0 0 0 161219 200015.433
0.0000000000 0.0000000000 0 0 0 0 0 0 186 231 127 0 0 0 0 0 161219 200015.483
0.0000000000 0.0000000000 0 0 0 0 0 0 23 232 127 0 0 0 0 0 161219 200015.533
0.0000000000 0.0000000000 0 0 0 0 0 0 94 232 127 0 0 0 0 0 161219 200015.583
0.0000000000 0.0000000000 0 0 0 0 0 0 238 232 127 0 0 0 0 0 161219 200015.633
0.0000000000 0.0000000000 0 0 0 0 0 0 238 232 127 0 0 0 0 0 161219 200015.683
0.0000000000 0.0000000000 0 0 0 0 0 0 36 233 127 0 0 0 0 0 161219 200015.733
0.0000000000 0.0000000000 0 0 0 0 0 0 97 233 127 0 0 0 0 0 161219 200015.783
0.0000000000 0.0000000000 0 0 0 0 0 0 97 233 127 0 0 0 0 0 161219 200015.833
0.0000000000 0.0000000000 0 0 0 0 0 0 206 233 127 0 0 0 0 0 161219 200015.883
0.0000000000 0.0000000000 0 0 0 0 0 0 251 233 127 0 0 0 0 0 161219 200015.933
0.0000000000 0.0000000000 0 0 0 0 0 0 251 233 127 0 0 0 0 0 161219 200015.983
0.0000000000 0.0000000000 0 0 0 0 0 0 97 234 127 0 0 0 0 0 161219 200016.033
0.0000000000 0.0000000000 0 0 0 0 0 0 155 234 127 0 0 0 0 0 161219 200016.083
0.0000000000 0.0000000000 0 0 0 0 0 0 155 234 127 0 0 0 0 0 161219 200016.133
0.0000000000 0.0000000000 0 0 0 0 0 0 19 235 127 0 0 0 0 0 161219 200016.183
0.0000000000 0.0000000000 0 0 0 0 0 0 77 235 127 0 0 0 0 0 161219 200016.233
0.0000000000 0.0000000000 0 0 0 0 0 0 77 235 127 0 0 0 0 0 161219 200016.283
0.0000000000 0.0000000000 0 0 0 0 0 0 197 235 127 0 0 0 0 0 161219 200016.333
0.0000000000 0.0000000000 0 0 0 0 0 0 254 235 127 0 0 0 0 0 161219 200016.383
0.0000000000 0.0000000000 0 0 0 0 0 0 106 236 127 0 0 0 0 0 161219 200016.433
0.0000000000 0.0000000000 0 0 0 0 0 0 106 236 127 0 0 0 0 0 161219 200016.483
0.0000000000 0.0000000000 0 0 0 0 0 0 167 236 127 0 0 0 0 0 161219 200016.533
0.0000000000 0.0000000000 0 0 0 0 0 0 224 236 127 0 0 0 0 0 161219 200016.583
0.0000000000 0.0000000000 0 0 0 0 0 0 78 237 127 0 0 0 0 0 161219 200016.633
0.0000000000 0.0000000000 0 0 0 0 0 0 78 237 127 0 0 0 0 0 161219 200016.683
0.0000000000 0.0000000000 0 0 0 0 0 0 135 237 127 0 0 0 0 0 161219 200016.733
0.0000000000 0.0000000000 0 0 0 0 0 0 194 237 127 0 0 0 0 0 161219 200016.783
0.0000000000 0.0000000000 0 0 0 0 0 0 53 238 127 0 0 0 0 0 161219 200016.833
0.0000000000 0.0000000000 0 0 0 0 0 0 53 238 127 0 0 0 0 0 161219 200016.883
0.0000000000 0.0000000000 0 0 0 0 0 0 113 238 127 0 0 0 0 0 161219 200016.933
0.0000000000 0.0000000000 0 0 0 0 0 0 172 238 127 0 0 0 0 0 161219 200016.983
0.0000000000 0.0000000000 0 0 0 0 0 0 28 239 127 0 0 0 0 0 161219 200017.033
0.0000000000 0.0000000000 0 0 0 0 0 0 28 239 127 0 0 0 0 0 161219 200017.083
0.0000000000 0.0000000000 0 0 0 0 0 0 85 239 127 0 0 0 0 0 161219 200017.133
0.0000000000 0.0000000000 0 0 0 0 0 0 147 239 127 0 0 0 0 0 161219 200017.183
0.0000000000 0.0000000000 0 0 0 0 0 0 3 240 127 0 0 0 0 0 161219 200017.233
0.0000000000 0.0000000000 0 0 0 0 0 0 3 240 127 0 0 0 0 0 161219 200017.283
0.0000000000 0.0000000000 0 0 0 0 0 0 59 240 127 0 0 0 0 0 161219 200017.333
0.0000000000 0.0000000000 0 0 0 0 0 0 118 240 127 0 0 0 0 0 161219 200017.383
0.0000000000 0.0000000000 0 0 0 0 0 0 118 240 127 0 0 0 0 0 161219 200017.433
0.0000000000 0.0000000000 0 0 0 0 0 0 234 240 127 0 0 0 0 0 161219 200017.483
0.0000000000 0.0000000000 0 0 0 0 0 0 121 241 127 0 0 0 0 0 161219 200017.533
0.0000000000 0.0000000000 0 0 0 0 0 0 121 241 127 0 0 0 0 0 161219 200017.583
0.0000000000 0.0000000000 0 0 0 0 0 0 199 241 127 0 0 0 0 0 161219 200017.633
0.0000000000 0.0000000000 0 0 0 0 0 0 136 242 127 0 0 0 0 0 161219 200017.683
0.0000000000 0.0000000000 0 0 0 0 0 0 237 242 127 0 0 0 0 0 161219 200017.733
0.0000000000 0.0000000000 0 0 0 0 0 0 237 242 127 0 0 0 0 0 161219 200017.783
0.0000000000 0.0000000000 0 0 0 0 0 0 23 243 127 0 0 0 0 0 161219 200017.833
0.0000000000 0.0000000000 0 0 0 0 0 0 59 243 127 0 0 0 0 0 161219 200017.883
0.0000000000 0.0000000000 0 0 0 0 0 0 59 243 127 0 0 0 0 0 161219 200017.933
0.0000000000 0.0000000000 0 0 0 0 0 0 122 243 127 0 0 0 0 0 161219 200017.983
0.0000000000 0.0000000000 0 0 0 0 0 0 166 243 127 0 0 0 0 0 161219 200018.033
0.0000000000 0.0000000000 0 0 0 0 0 0 254 243 127 0 0 0 0 0 161219 200018.083
0.0000000000 0.0000000000 0 0 0 0 0 0 254 243 127 0 0 0 0 0 161219 200018.133
0.0000000000 0.0000000000 0 0 0 0 0 0 42 244 127 0 0 0 0 0 161219 200018.183
0.0000000000 0.0000000000 0 0 0 0 0 0 129 244 127 0 0 0 0 0 161219 200018.233
0.0000000000 0.0000000000 0 0 0 0 0 0 129 244 127 0 0 0 0 0 161219 200018.284
0.0000000000 0.0000000000 0 0 0 0 0 0 166 244 127 0 0 0 0 0 161219 200018.333
0.0000000000 0.0000000000 0 0 0 0 0 0 247 244 127 0 0 0 0 0 161219 200018.383
0.0000000000 0.0000000000 0 0 0 0 0 0 247 244 127 0 0 0 0 0 161219 200018.433
0.0000000000 0.0000000000 0 0 0 0 0 0 34 245 127 0 0 0 0 0 161219 200018.483
0.0000000000 0.0000000000 0 0 0 0 0 0 34 245 127 0 0 0 0 0 161219 200018.533
0.0000000000 0.0000000000 0 0 0 0 0 0 113 245 127 0 0 0 0 0 161219 200018.583
0.0000000000 0.0000000000 0 0 0 0 0 0 159 245 127 0 0 0 0 0 161219 200018.633
0.0000000000 0.0000000000 0 0 0 0 0 0 236 245 127 0 0 0 0 0 161219 200018.683
0.0000000000 0.0000000000 0 0 0 0 0 0 236 245 127 0 0 0 0 0 161219 200018.733
0.0000000000 0.0000000000 0 0 0 0 0 0 16 246 127 0 0 0 0 0 161219 200018.783
0.0000000000 0.0000000000 0 0 0 0 0 0 97 246 127 0 0 0 0 0 161219 200018.833
0.0000000000 0.0000000000 0 0 0 0 0 0 97 246 127 0 0 0 0 0 161219 200018.883
0.0000000000 0.0000000000 0 0 0 0 0 0 135 246 127 0 0 0 0 0 161219 200018.933
0.0000000000 0.0000000000 0 0 0 0 0 0 212 246 127 0 0 0 0 0 161219 200018.983
0.0000000000 0.0000000000 0 0 0 0 0 0 212 246 127 0 0 0 0 0 161219 200019.033
0.0000000000 0.0000000000 0 0 0 0 0 0 252 246 127 0 0 0 0 0 161219 200019.083
0.0000000000 0.0000000000 0 0 0 0 0 0 75 247 127 0 0 0 0 0 161219 200019.133
0.0000000000 0.0000000000 0 0 0 0 0 0 75 247 127 0 0 0 0 0 161219 200019.183
0.0000000000 0.0000000000 0 0 0 0 0 0 115 247 127 0 0 0 0 0 161219 200019.233
0.0000000000 0.0000000000 0 0 0 0 0 0 190 247 127 0 0 0 0 0 161219 200019.283
0.0000000000 0.0000000000 0 0 0 0 0 0 190 247 127 0 0 0 0 0 161219 200019.333
0.0000000000 0.0000000000 0 0 0 0 0 0 231 247 127 0 0 0 0 0 161219 200019.383
0.0000000000 0.0000000000 0 0 0 0 0 0 58 248 127 0 0 0 0 0 161219 200019.433
0.0000000000 0.0000000000 0 0 0 0 0 0 58 248 127 0 0 0 0 0 161219 200019.483
0.0000000000 0.0000000000 0 0 0 0 0 0 96 248 127 0 0 0 0 0 161219 200019.533
0.0000000000 0.0000000000 0 0 0 0 0 0 139 248 127 0 0 0 0 0 161219 200019.583
0.0000000000 0.0000000000 0 0 0 0 0 0 139 248 127 0 0 0 0 0 161219 200019.633
0.0000000000 0.0000000000 0 0 0 0 0 0 218 248 127 0 0 0 0 0 161219 200019.683
0.0000000000 0.0000000000 0 0 0 0 0 0 39 249 127 0 0 0 0 0 161219 200019.733
0.0000000000 0.0000000000 0 0 0 0 0 0 39 249 127 0 0 0 0 0 161219 200019.783
0.0000000000 0.0000000000 0 0 0 0 0 0 75 249 127 0 0 0 0 0 161219 200019.833
0.0000000000 0.0000000000 0 0 0 0 0 0 161 249 127 0 0 0 0 0 161219 200019.883
0.0000000000 0.0000000000 0 0 0 0 0 0 161 249 127 0 0 0 0 0 161219 200019.933
0.0000000000 0.0000000000 0 0 0 0 0 0 207 249 127 0 0 0 0 0 161219 200019.983
0.0000000000 0.0000000000 0 0 0 0 0 0 35 250 127 0 0 0 0 0 161219 200020.033
0.0000000000 0.0000000000 0 0 0 0 0 0 35 250 127 0 0 0 0 0 161219 200020.083
0.0000000000 0.0000000000 0 0 0 0 0 0 77 250 127 0 0 0 0 0 161219 200020.133
0.0000000000 0.0000000000 0 0 0 0 0 0 119 250 127 0 0 0 0 0 161219 200020.183
0.0000000000 0.0000000000 0 0 0 0 0 0 119 250 127 0 0 0 0 0 161219 200020.233
0.0000000000 0.0000000000 0 0 0 0 0 0 200 250 127 0 0 0 0 0 161219 200020.283
0.0000000000 0.0000000000 0 0 0 0 0 0 200 250 127 0 0 0 0 0 161219 200020.333
0.0000000000 0.0000000000 0 0 0 0 0 0 25 251 127 0 0 0 0 0 161219 200020.383
0.0000000000 0.0000000000 0 0 0 0 0 0 67 251 127 0 0 0 0 0 161219 200020.433
0.0000000000 0.0000000000 0 0 0 0 0 0 67 251 127 0 0 0 0 0 161219 200020.483
0.0000000000 0.0000000000 0 0 0 0 0 0 141 251 127 0 0 0 0 0 161219 200020.533
0.0000000000 0.0000000000 0 0 0 0 0 0 150 251 127 0 0 0 0 0 161219 200020.583
0.0000000000 0.0000000000 0 0 0 0 0 0 150 251 127 0 0 0 0 0 161219 200020.633
0.0000000000 0.0000000000 0 0 0 0 0 0 151 251 127 0 0 0 0 0 161219 200020.683
0.0000000000 0.0000000000 0 0 0 0 0 0 151 251 127 0 0 0 0 0 161219 200020.733
0.0000000000 0.0000000000 0 0 0 0 0 0 162 251 127 0 0 0 0 0 161219 200020.783
0.0000000000 0.0000000000 0 0 0 0 0 0 166 251 127 0 0 0 0 0 161219 200020.833
0.0000000000 0.0000000000 0 0 0 0 0 0 166 251 127 0 0 0 0 0 161219 200020.883
0.0000000000 0.0000000000 0 0 0 0 0 0 174 251 127 0 0 0 0 0 161219 200020.933
0.0000000000 0.0000000000 0 0 0 0 0 0 176 251 127 0 0 0 0 0 161219 200020.983
0.0000000000 0.0000000000 0 0 0 0 0 0 176 251 127 0 0 0 0 0 161219 200021.033
0.0000000000 0.0000000000 0 0 0 0 0 0 177 251 127 0 0 0 0 0 161219 200021.083
0.0000000000 0.0000000000 0 0 0 0 0 0 189 251 127 0 0 0 0 0 161219 200021.133
0.0000000000 0.0000000000 0 0 0 0 0 0 197 251 127 0 0 0 0 0 161219 200021.183
0.0000000000 0.0000000000 0 0 0 0 0 0 197 251 127 0 0 0 0 0 161219 200021.233
0.0000000000 0.0000000000 0 0 0 0 0 0 199 251 127 0 0 0 0 0 161219 200021.283
0.0000000000 0.0000000000 0 0 0 0 0 0 199 251 127 0 0 0 0 0 161219 200021.333
0.0000000000 0.0000000000 0 0 0 0 0 0 206 251 127 0 0 0 0 0 161219 200021.383
0.0000000000 0.0000000000 0 0 0 0 0 0 209 251 127 0 0 0 0 0 161219 200021.433
0.0000000000 0.0000000000 0 0 0 0 0 0 209 251 127 0 0 0 0 0 161219 200021.483
0.0000000000 0.0000000000 0 0 0 0 0 0 219 251 127 0 0 0 0 0 161219 200021.533
0.0000000000 0.0000000000 0 0 0 0 0 0 232 251 127 0 0 0 0 0 161219 200021.583
0.0000000000 0.0000000000 0 0 0 0 0 0 241 251 127 0 0 0 0 0 161219 200021.633
0.0000000000 0.0000000000 0 0 0 0 0 0 241 251 127 0 0 0 0 0 161219 200021.683
0.0000000000 0.0000000000 0 0 0 0 0 0 243 251 127 0 0 0 0 0 161219 200021.733
0.0000000000 0.0000000000 0 0 0 0 0 0 245 251 127 0 0 0 0 0 161219 200021.783
0.0000000000 0.0000000000 0 0 0 0 0 0 247 251 127 0 0 0 0 0 161219 200021.833
0.0000000000 0.0000000000 0 0 0 0 0 0 247 251 127 0 0 0 0 0 161219 200021.883
0.0000000000 0.0000000000 0 0 0 0 0 0 254 251 127 0 0 0 0 0 161219 200021.933
0.0000000000 0.0000000000 0 0 0 0 0 0 254 251 127 0 0 0 0 0 161219 200021.983
0.0000000000 0.0000000000 0 0 0 0 0 0 255 251 127 0 0 0 0 0 161219 200022.033
0.0000000000 0.0000000000 0 0 0 0 0 0 255 251 127 0 0 0 0 0 161219 200022.083
0.0000000000 0.0000000000 0 0 0 0 0 0 3 252 127 0 0 0 0 0 161219 200022.133
0.0000000000 0.0000000000 0 0 0 0 0 0 9 252 127 0 0 0 0 0 161219 200022.183
0.0000000000 0.0000000000 0 0 0 0 0 0 28 252 127 0 0 0 0 0 161219 200022.233
0.0000000000 0.0000000000 0 0 0 0 0 0 35 252 127 0 0 0 0 0 161219 200022.283
0.0000000000 0.0000000000 0 0 0 0 0 0 35 252 127 0 0 0 0 0 161219 200022.333
0.0000000000 0.0000000000 0 0 0 0 0 0 39 252 127 0 0 0 0 0 161219 200022.383
0.0000000000 0.0000000000 0 0 0 0 0 0 48 252 127 0 0 0 0 0 161219 200022.433
0.0000000000 0.0000000000 0 0 0 0 0 0 48 252 127 0 0 0 0 0 161219 200022.483
0.0000000000 0.0000000000 0 0 0 0 0 0 51 252 127 0 0 0 0 0 161219 200022.533
0.0000000000 0.0000000000 0 0 0 0 0 0 58 252 127 0 0 0 0 0 161219 200022.583
0.0000000000 0.0000000000 0 0 0 0 0 0 58 252 127 0 0 0 0 0 161219 200022.633
0.0000000000 0.0000000000 0 0 0 0 0 0 67 252 127 0 0 0 0 0 161219 200022.683
0.0000000000 0.0000000000 0 0 0 0 0 0 81 252 127 0 0 0 0 0 161219 200022.733
0.0000000000 0.0000000000 0 0 0 0 0 0 81 252 127 0 0 0 0 0 161219 200022.783
0.0000000000 0.0000000000 0 0 0 0 0 0 86 252 127 0 0 0 0 0 161219 200022.833
0.0000000000 0.0000000000 0 0 0 0 0 0 84 252 127 0 0 0 0 0 161219 200022.883
0.0000000000 0.0000000000 0 0 0 0 0 0 47 252 127 0 0 0 0 0 161219 200022.933
0.0000000000 0.0000000000 0 0 0 0 0 0 47 252 127 0 0 0 0 0 161219 200022.983
0.0000000000 0.0000000000 0 0 0 0 0 0 10 252 127 0 0 0 0 0 161219 200023.033
0.0000000000 0.0000000000 0 0 0 0 0 0 233 251 127 0 0 0 0 0 161219 200023.083
0.0000000000 0.0000000000 0 0 0 0 0 0 161 251 127 0 0 0 0 0 161219 200023.133
0.0000000000 0.0000000000 0 0 0 0 0 0 161 251 127 0 0 0 0 0 161219 200023.183
0.0000000000 0.0000000000 0 0 0 0 0 0 123 251 127 0 0 0 0 0 161219 200023.233
0.0000000000 0.0000000000 0 0 0 0 0 0 58 251 127 0 0 0 0 0 161219 200023.283
0.0000000000 0.0000000000 0 0 0 0 0 0 58 251 127 0 0 0 0 0 161219 200023.333
0.0000000000 0.0000000000 0 0 0 0 0 0 26 251 127 0 0 0 0 0 161219 200023.383
0.0000000000 0.0000000000 0 0 0 0 0 0 217 250 127 0 0 0 0 0 161219 200023.433
0.0000000000 0.0000000000 0 0 0 0 0 0 183 250 127 0 0 0 0 0 161219 200023.483
0.0000000000 0.0000000000 0 0 0 0 0 0 183 250 127 0 0 0 0 0 161219 200023.533
0.0000000000 0.0000000000 0 0 0 0 0 0 150 250 127 0 0 0 0 0 161219 200023.583
0.0000000000 0.0000000000 0 0 0 0 0 0 114 250 127 0 0 0 0 0 161219 200023.633
0.0000000000 0.0000000000 0 0 0 0 0 0 47 250 127 0 0 0 0 0 161219 200023.683
0.0000000000 0.0000000000 0 0 0 0 0 0 47 250 127 0 0 0 0 0 161219 200023.733
0.0000000000 0.0000000000 0 0 0 0 0 0 24 250 127 0 0 0 0 0 161219 200023.783
0.0000000000 0.0000000000 0 0 0 0 0 0 243 249 127 0 0 0 0 0 161219 200023.833
0.0000000000 0.0000000000 0 0 0 0 0 0 184 249 127 0 0 0 0 0 161219 200023.883
0.0000000000 0.0000000000 0 0 0 0 0 0 142 249 127 0 0 0 0 0 161219 200023.933
0.0000000000 0.0000000000 0 0 0 0 0 0 142 249 127 0 0 0 0 0 161219 200023.983
0.0000000000 0.0000000000 0 0 0 0 0 0 116 249 127 0 0 0 0 0 161219 200024.033
0.0000000000 0.0000000000 0 0 0 0 0 0 87 249 127 0 0 0 0 0 161219 200024.083
0.0000000000 0.0000000000 0 0 0 0 0 0 87 249 127 0 0 0 0 0 161219 200024.133
0.0000000000 0.0000000000 0 0 0 0 0 0 24 249 127 0 0 0 0 0 161219 200024.183
0.0000000000 0.0000000000 0 0 0 0 0 0 245 248 127 0 0 0 0 0 161219 200024.233
0.0000000000 0.0000000000 0 0 0 0 0 0 245 248 127 0 0 0 0 0 161219 200024.283
0.0000000000 0.0000000000 0 0 0 0 0 0 184 248 127 0 0 0 0 0 161219 200024.333
0.0000000000 0.0000000000 0 0 0 0 0 0 119 248 127 0 0 0 0 0 161219 200024.383
0.0000000000 0.0000000000 0 0 0 0 0 0 90 248 127 0 0 0 0 0 161219 200024.433
0.0000000000 0.0000000000 0 0 0 0 0 0 63 248 127 0 0 0 0 0 161219 200024.483
0.0000000000 0.0000000000 0 0 0 0 0 0 63 248 127 0 0 0 0 0 161219 200024.533
0.0000000000 0.0000000000 0 0 0 0 0 0 25 248 127 0 0 0 0 0 161219 200024.583
0.0000000000 0.0000000000 0 0 0 0 0 0 25 248 127 0 0 0 0 0 161219 200024.633
0.0000000000 0.0000000000 0 0 0 0 0 0 224 247 127 0 0 0 0 0 161219 200024.683
0.0000000000 0.0000000000 0 0 0 0 0 0 195 247 127 0 0 0 0 0 161219 200024.733
0.0000000000 0.0000000000 0 0 0 0 0 0 132 247 127 0 0 0 0 0 161219 200024.783
0.0000000000 0.0000000000 0 0 0 0 0 0 100 247 127 0 0 0 0 0 161219 200024.833
0.0000000000 0.0000000000 0 0 0 0 0 0 100 247 127 0 0 0 0 0 161219 200024.883
0.0000000000 0.0000000000 0 0 0 0 0 0 69 247 127 0 0 0 0 0 161219 200024.933
0.0000000000 0.0000000000 0 0 0 0 0 0 36 247 127 0 0 0 0 0 161219 200024.983
0.0000000000 0.0000000000 0 0 0 0 0 0 229 246 127 0 0 0 0 0 161219 200025.033
0.0000000000 0.0000000000 0 0 0 0 0 0 197 246 127 0 0 0 0 0 161219 200025.083
0.0000000000 0.0000000000 0 0 0 0 0 0 168 246 127 0 0 0 0 0 161219 200025.133
0.0000000000 0.0000000000 0 0 0 0 0 0 168 246 127 0 0 0 0 0 161219 200025.183
0.0000000000 0.0000000000 0 0 0 0 0 0 140 246 127 0 0 0 0 0 161219 200025.233
0.0000000000 0.0000000000 0 0 0 0 0 0 110 246 127 0 0 0 0 0 161219 200025.283
0.0000000000 0.0000000000 0 0 0 0 0 0 46 246 127 0 0 0 0 0 161219 200025.333
0.0000000000 0.0000000000 0 0 0 0 0 0 8 246 127 0 0 0 0 0 161219 200025.383
0.0000000000 0.0000000000 0 0 0 0 0 0 232 245 127 0 0 0 0 0 161219 200025.433
0.0000000000 0.0000000000 0 0 0 0 0 0 198 245 127 0 0 0 0 0 161219 200025.483
0.0000000000 0.0000000000 0 0 0 0 0 0 167 245 127 0 0 0 0 0 161219 200025.533
0.0000000000 0.0000000000 0 0 0 0 0 0 130 245 127 0 0 0 0 0 161219 200025.583
0.0000000000 0.0000000000 0 0 0 0 0 0 85 245 127 0 0 0 0 0 161219 200025.633
0.0000000000 0.0000000000 0 0 0 0 0 0 39 245 127 0 0 0 0 0 161219 200025.683
0.0000000000 0.0000000000 0 0 0 0 0 0 39 245 127 0 0 0 0 0 161219 200025.733
0.0000000000 0.0000000000 0 0 0 0 0 0 249 244 127 0 0 0 0 0 161219 200025.783
0.0000000000 0.0000000000 0 0 0 0 0 0 157 244 127 0 0 0 0 0 161219 200025.833
0.0000000000 0.0000000000 0 0 0 0 0 0 112 244 127 0 0 0 0 0 161219 200025.883
0.0000000000 0.0000000000 0 0 0 0 0 0 59 244 127 0 0 0 0 0 161219 200025.933
0.0000000000 0.0000000000 0 0 0 0 0 0 23 244 127 0 0 0 0 0 161219 200025.983
0.0000000000 0.0000000000 0 0 0 0 0 0 23 244 127 0 0 0 0 0 161219 200026.033
0.0000000000 0.0000000000 0 0 0 0 0 0 234 243 127 0 0 0 0 0 161219 200026.083
0.0000000000 0.0000000000 0 0 0 0 0 0 185 243 127 0 0 0 0 0 161219 200026.133
0.0000000000 0.0000000000 0 0 0 0 0 0 95 243 127 0 0 0 0 0 161219 200026.183
0.0000000000 0.0000000000 0 0 0 0 0 0 46 243 127 0 0 0 0 0 161219 200026.233
0.0000000000 0.0000000000 0 0 0 0 0 0 250 242 127 0 0 0 0 0 161219 200026.283
0.0000000000 0.0000000000 0 0 0 0 0 0 250 242 127 0 0 0 0 0 161219 200026.333
0.0000000000 0.0000000000 0 0 0 0 0 0 206 242 127 0 0 0 0 0 161219 200026.383
0.0000000000 0.0000000000 0 0 0 0 0 0 159 242 127 0 0 0 0 0 161219 200026.433
0.0000000000 0.0000000000 0 0 0 0 0 0 65 242 127 0 0 0 0 0 161219 200026.483
0.0000000000 0.0000000000 0 0 0 0 0 0 21 242 127 0 0 0 0 0 161219 200026.533
0.0000000000 0.0000000000 0 0 0 0 0 0 21 242 127 0 0 0 0 0 161219 200026.583
0.0000000000 0.0000000000 0 0 0 0 0 0 233 241 127 0 0 0 0 0 161219 200026.633
0.0000000000 0.0000000000 0 0 0 0 0 0 185 241 127 0 0 0 0 0 161219 200026.683
0.0000000000 0.0000000000 0 0 0 0 0 0 142 241 127 0 0 0 0 0 161219 200026.733
0.0000000000 0.0000000000 0 0 0 0 0 0 42 241 127 0 0 0 0 0 161219 200026.783
0.0000000000 0.0000000000 0 0 0 0 0 0 250 240 127 0 0 0 0 0 161219 200026.833
0.0000000000 0.0000000000 0 0 0 0 0 0 201 240 127 0 0 0 0 0 161219 200026.883
0.0000000000 0.0000000000 0 0 0 0 0 0 155 240 127 0 0 0 0 0 161219 200026.933
0.0000000000 0.0000000000 0 0 0 0 0 0 119 240 127 0 0 0 0 0 161219 200026.983
0.0000000000 0.0000000000 0 0 0 0 0 0 85 240 127 0 0 0 0 0 161219 200027.033
0.0000000000 0.0000000000 0 0 0 0 0 0 85 240 127 0 0 0 0 0 161219 200027.083
0.0000000000 0.0000000000 0 0 0 0 0 0 52 240 127 0 0 0 0 0 161219 200027.133
0.0000000000 0.0000000000 0 0 0 0 0 0 28 240 127 0 0 0 0 0 161219 200027.183
0.0000000000 0.0000000000 0 0 0 0 0 0 14 240 127 0 0 0 0 0 161219 200027.233
0.0000000000 0.0000000000 0 0 0 0 0 0 11 240 127 0 0 0 0 0 161219 200027.283
0.0000000000 0.0000000000 0 0 0 0 0 0 2 240 127 0 0 0 0 0 161219 200027.333
0.0000000000 0.0000000000 0 0 0 0 0 0 251 239 127 0 0 0 0 0 161219 200027.383
0.0000000000 0.0000000000 0 0 0 0 0 0 241 239 127 0 0 0 0 0 161219 200027.433
0.0000000000 0.0000000000 0 0 0 0 0 0 241 239 127 0 0 0 0 0 161219 200027.483
0.0000000000 0.0000000000 0 0 0 0 0 0 231 239 127 0 0 0 0 0 161219 200027.533
0.0000000000 0.0000000000 0 0 0 0 0 0 225 239 127 0 0 0 0 0 161219 200027.583
0.0000000000 0.0000000000 0 0 0 0 0 0 199 239 127 0 0 0 0 0 161219 200027.633
0.0000000000 0.0000000000 0 0 0 0 0 0 189 239 127 0 0 0 0 0 161219 200027.683
0.0000000000 0.0000000000 0 0 0 0 0 0 170 239 127 0 0 0 0 0 161219 200027.733
0.0000000000 0.0000000000 0 0 0 0 0 0 170 239 127 0 0 0 0 0 161219 200027.783
0.0000000000 0.0000000000 0 0 0 0 0 0 156 239 127 0 0 0 0 0 161219 200027.833
0.0000000000 0.0000000000 0 0 0 0 0 0 151 239 127 0 0 0 0 0 161219 200027.883
0.0000000000 0.0000000000 0 0 0 0 0 0 123 239 127 0 0 0 0 0 161219 200027.933
0.0000000000 0.0000000000 0 0 0 0 0 0 94 239 127 0 0 0 0 0 161219 200027.983
0.0000000000 0.0000000000 0 0 0 0 0 0 58 239 127 0 0 0 0 0 161219 200028.033
0.0000000000 0.0000000000 0 0 0 0 0 0 58 239 127 0 0 0 0 0 161219 200028.083
0.0000000000 0.0000000000 0 0 0 0 0 0 29 239 127 0 0 0 0 0 161219 200028.133
0.0000000000 0.0000000000 0 0 0 0 0 0 255 238 127 0 0 0 0 0 161219 200028.183
0.0000000000 0.0000000000 0 0 0 0 0 0 191 238 127 0 0 0 0 0 161219 200028.233
0.0000000000 0.0000000000 0 0 0 0 0 0 161 238 127 0 0 0 0 0 161219 200028.283
0.0000000000 0.0000000000 0 0 0 0 0 0 125 238 127 0 0 0 0 0 161219 200028.333
0.0000000000 0.0000000000 0 0 0 0 0 0 97 238 127 0 0 0 0 0 161219 200028.383
0.0000000000 0.0000000000 0 0 0 0 0 0 97 238 127 0 0 0 0 0 161219 200028.433
0.0000000000 0.0000000000 0 0 0 0 0 0 59 238 127 0 0 0 0 0 161219 200028.483
0.0000000000 0.0000000000 0 0 0 0 0 0 246 237 127 0 0 0 0 0 161219 200028.533
0.0000000000 0.0000000000 0 0 0 0 0 0 212 237 127 0 0 0 0 0 161219 200028.583
0.0000000000 0.0000000000 0 0 0 0 0 0 183 237 127 0 0 0 0 0 161219 200028.633
0.0000000000 0.0000000000 0 0 0 0 0 0 150 237 127 0 0 0 0 0 161219 200028.683
0.0000000000 0.0000000000 0 0 0 0 0 0 150 237 127 0 0 0 0 0 161219 200028.733
0.0000000000 0.0000000000 0 0 0 0 0 0 125 237 127 0 0 0 0 0 161219 200028.783
0.0000000000 0.0000000000 0 0 0 0 0 0 60 237 127 0 0 0 0 0 161219 200028.833
0.0000000000 0.0000000000 0 0 0 0 0 0 39 237 127 0 0 0 0 0 161219 200028.883
0.0000000000 0.0000000000 0 0 0 0 0 0 24 237 127 0 0 0 0 0 161219 200028.933
0.0000000000 0.0000000000 0 0 0 0 0 0 24 237 127 0 0 0 0 0 161219 200028.983
0.0000000000 0.0000000000 0 0 0 0 0 0 10 237 127 0 0 0 0 0 161219 200029.033
0.0000000000 0.0000000000 0 0 0 0 0 0 9 237 127 0 0 0 0 0 161219 200029.083
0.0000000000 0.0000000000 0 0 0 0 0 0 16 237 127 0 0 0 0 0 161219 200029.133
0.0000000000 0.0000000000 0 0 0 0 0 0 26 237 127 0 0 0 0 0 161219 200029.183
0.0000000000 0.0000000000 0 0 0 0 0 0 29 237 127 0 0 0 0 0 161219 200029.233
0.0000000000 0.0000000000 0 0 0 0 0 0 32 237 127 0 0 0 0 0 161219 200029.283
0.0000000000 0.0000000000 0 0 0 0 0 0 32 237 127 0 0 0 0 0 161219 200029.333
0.0000000000 0.0000000000 0 0 0 0 0 0 39 237 127 0 0 0 0 0 161219 200029.383
0.0000000000 0.0000000000 0 0 0 0 0 0 27 237 127 0 0 0 0 0 161219 200029.433
0.0000000000 0.0000000000 0 0 0 0 0 0 16 237 127 0 0 0 0 0 161219 200029.483
0.0000000000 0.0000000000 0 0 0 0 0 0 19 237 127 0 0 0 0 0 161219 200029.533
0.0000000000 0.0000000000 0 0 0 0 0 0 14 237 127 0 0 0 0 0 161219 200029.583
0.0000000000 0.0000000000 0 0 0 0 0 0 8 237 127 0 0 0 0 0 161219 200029.633
0.0000000000 0.0000000000 0 0 0 0 0 0 8 237 127 0 0 0 0 0 161219 200029.683
0.0000000000 0.0000000000 0 0 0 0 0 0 1 237 127 0 0 0 0 0 161219 200029.733
0.0000000000 0.0000000000 0 0 0 0 0 0 0 237 127 0 0 0 0 0 161219 200029.783
0.0000000000 0.0000000000 0 0 0 0 0 0 3 237 127 0 0 0 0 0 161219 200029.833
0.0000000000 0.0000000000 0 0 0 0 0 0 3 237 127 0 0 0 0 0 161219 200029.883
0.0000000000 0.0000000000 0 0 0 0 0 0 7 237 127 0 0 0 0 0 161219 200029.933
0.0000000000 0.0000000000 0 0 0 0 0 0 0 237 127 0 0 0 0 0 161219 200029.983
0.0000000000 0.0000000000 0 0 0 0 0 0 255 236 127 0 0 0 0 0 161219 200030.033
0.0000000000 0.0000000000 0 0 0 0 0 0 255 236 127 0 0 0 0 0 161219 200030.083
0.0000000000 0.0000000000 0 0 0 0 0 0 1 237 127 0 0 0 0 0 161219 200030.133
0.0000000000 0.0000000000 0 0 0 0 0 0 248 236 127 0 0 0 0 0 161219 200030.183
0.0000000000 0.0000000000 0 0 0 0 0 0 245 236 127 0 0 0 0 0 161219 200030.233
0.0000000000 0.0000000000 0 0 0 0 0 0 237 236 127 0 0 0 0 0 161219 200030.283
0.0000000000 0.0000000000 0 0 0 0 0 0 237 236 127 0 0 0 0 0 161219 200030.333
0.0000000000 0.0000000000 0 0 0 0 0 0 236 236 127 0 0 0 0 0 161219 200030.383
0.0000000000 0.0000000000 0 0 0 0 0 0 233 236 127 0 0 0 0 0 161219 200030.433
0.0000000000 0.0000000000 0 0 0 0 0 0 217 236 127 0 0 0 0 0 161219 200030.483
0.0000000000 0.0000000000 0 0 0 0 0 0 217 236 127 0 0 0 0 0 161219 200030.533
0.0000000000 0.0000000000 0 0 0 0 0 0 210 236 127 0 0 0 0 0 161219 200030.583
0.0000000000 0.0000000000 0 0 0 0 0 0 199 236 127 0 0 0 0 0 161219 200030.633
0.0000000000 0.0000000000 0 0 0 0 0 0 187 236 127 0 0 0 0 0 161219 200030.683
0.0000000000 0.0000000000 0 0 0 0 0 0 188 236 127 0 0 0 0 0 161219 200030.733
0.0000000000 0.0000000000 0 0 0 0 0 0 202 236 127 0 0 0 0 0 161219 200030.783
0.0000000000 0.0000000000 0 0 0 0 0 0 202 236 127 0 0 0 0 0 161219 200030.833
0.0000000000 0.0000000000 0 0 0 0 0 0 219 236 127 0 0 0 0 0 161219 200030.883
0.0000000000 0.0000000000 0 0 0 0 0 0 232 236 127 0 0 0 0 0 161219 200030.933
0.0000000000 0.0000000000 0 0 0 0 0 0 22 237 127 0 0 0 0 0 161219 200030.983
0.0000000000 0.0000000000 0 0 0 0 0 0 37 237 127 0 0 0 0 0 161219 200031.033
0.0000000000 0.0000000000 0 0 0 0 0 0 58 237 127 0 0 0 0 0 161219 200031.083
0.0000000000 0.0000000000 0 0 0 0 0 0 93 237 127 0 0 0 0 0 161219 200031.133
0.0000000000 0.0000000000 0 0 0 0 0 0 120 237 127 0 0 0 0 0 161219 200031.183
0.0000000000 0.0000000000 0 0 0 0 0 0 154 237 127 0 0 0 0 0 161219 200031.233
0.0000000000 0.0000000000 0 0 0 0 0 0 154 237 127 0 0 0 0 0 161219 200031.283
0.0000000000 0.0000000000 0 0 0 0 0 0 181 237 127 0 0 0 0 0 161219 200031.333
0.0000000000 0.0000000000 0 0 0 0 0 0 203 237 127 0 0 0 0 0 161219 200031.383
0.0000000000 0.0000000000 0 0 0 0 0 0 239 237 127 0 0 0 0 0 161219 200031.433
0.0000000000 0.0000000000 0 0 0 0 0 0 0 238 127 0 0 0 0 0 161219 200031.483
0.0000000000 0.0000000000 0 0 0 0 0 0 14 238 127 0 0 0 0 0 161219 200031.533
0.0000000000 0.0000000000 0 0 0 0 0 0 33 238 127 0 0 0 0 0 161219 200031.583
0.0000000000 0.0000000000 0 0 0 0 0 0 54 238 127 0 0 0 0 0 161219 200031.633
0.0000000000 0.0000000000 0 0 0 0 0 0 54 238 127 0 0 0 0 0 161219 200031.683
0.0000000000 0.0000000000 0 0 0 0 0 0 73 238 127 0 0 0 0 0 161219 200031.733
0.0000000000 0.0000000000 0 0 0 0 0 0 88 238 127 0 0 0 0 0 161219 200031.783
0.0000000000 0.0000000000 0 0 0 0 0 0 138 238 127 0 0 0 0 0 161219 200031.833
0.0000000000 0.0000000000 0 0 0 0 0 0 161 238 127 0 0 0 0 0 161219 200031.883
0.0000000000 0.0000000000 0 0 0 0 0 0 185 238 127 0 0 0 0 0 161219 200031.933
0.0000000000 0.0000000000 0 0 0 0 0 0 212 238 127 0 0 0 0 0 161219 200031.983
0.0000000000 0.0000000000 0 0 0 0 0 0 212 238 127 0 0 0 0 0 161219 200032.033
0.0000000000 0.0000000000 0 0 0 0 0 0 233 238 127 0 0 0 0 0 161219 200032.083
0.0000000000 0.0000000000 0 0 0 0 0 0 4 239 127 0 0 0 0 0 161219 200032.133
0.0000000000 0.0000000000 0 0 0 0 0 0 70 239 127 0 0 0 0 0 161219 200032.183
0.0000000000 0.0000000000 0 0 0 0 0 0 109 239 127 0 0 0 0 0 161219 200032.233
0.0000000000 0.0000000000 0 0 0 0 0 0 152 239 127 0 0 0 0 0 161219 200032.283
0.0000000000 0.0000000000 0 0 0 0 0 0 202 239 127 0 0 0 0 0 161219 200032.333
0.0000000000 0.0000000000 0 0 0 0 0 0 251 239 127 0 0 0 0 0 161219 200032.383
0.0000000000 0.0000000000 0 0 0 0 0 0 251 239 127 0 0 0 0 0 161219 200032.433
0.0000000000 0.0000000000 0 0 0 0 0 0 49 240 127 0 0 0 0 0 161219 200032.483
0.0000000000 0.0000000000 0 0 0 0 0 0 144 240 127 0 0 0 0 0 161219 200032.533
0.0000000000 0.0000000000 0 0 0 0 0 0 208 240 127 0 0 0 0 0 161219 200032.583
0.0000000000 0.0000000000 0 0 0 0 0 0 9 241 127 0 0 0 0 0 161219 200032.633
0.0000000000 0.0000000000 0 0 0 0 0 0 66 241 127 0 0 0 0 0 161219 200032.683
0.0000000000 0.0000000000 0 0 0 0 0 0 66 241 127 0 0 0 0 0 161219 200032.733
0.0000000000 0.0000000000 0 0 0 0 0 0 120 241 127 0 0 0 0 0 161219 200032.783
0.0000000000 0.0000000000 0 0 0 0 0 0 221 241 127 0 0 0 0 0 161219 200032.833
0.0000000000 0.0000000000 0 0 0 0 0 0 47 242 127 0 0 0 0 0 161219 200032.883
0.0000000000 0.0000000000 0 0 0 0 0 0 82 242 127 0 0 0 0 0 161219 200032.933
0.0000000000 0.0000000000 0 0 0 0 0 0 115 242 127 0 0 0 0 0 161219 200032.983
0.0000000000 0.0000000000 0 0 0 0 0 0 115 242 127 0 0 0 0 0 161219 200033.033
0.0000000000 0.0000000000 0 0 0 0 0 0 147 242 127 0 0 0 0 0 161219 200033.083
0.0000000000 0.0000000000 0 0 0 0 0 0 182 242 127 0 0 0 0 0 161219 200033.133
0.0000000000 0.0000000000 0 0 0 0 0 0 253 242 127 0 0 0 0 0 161219 200033.183
0.0000000000 0.0000000000 0 0 0 0 0 0 36 243 127 0 0 0 0 0 161219 200033.233
0.0000000000 0.0000000000 0 0 0 0 0 0 75 243 127 0 0 0 0 0 161219 200033.283
0.0000000000 0.0000000000 0 0 0 0 0 0 110 243 127 0 0 0 0 0 161219 200033.333
0.0000000000 0.0000000000 0 0 0 0 0 0 143 243 127 0 0 0 0 0 161219 200033.383
0.0000000000 0.0000000000 0 0 0 0 0 0 176 243 127 0 0 0 0 0 161219 200033.433
0.0000000000 0.0000000000 0 0 0 0 0 0 176 243 127 0 0 0 0 0 161219 200033.483
0.0000000000 0.0000000000 0 0 0 0 0 0 214 243 127 0 0 0 0 0 161219 200033.533
0.0000000000 0.0000000000 0 0 0 0 0 0 247 243 127 0 0 0 0 0 161219 200033.583
0.0000000000 0.0000000000 0 0 0 0 0 0 67 244 127 0 0 0 0 0 161219 200033.633
0.0000000000 0.0000000000 0 0 0 0 0 0 103 244 127 0 0 0 0 0 161219 200033.683
0.0000000000 0.0000000000 0 0 0 0 0 0 141 244 127 0 0 0 0 0 161219 200033.733
0.0000000000 0.0000000000 0 0 0 0 0 0 178 244 127 0 0 0 0 0 161219 200033.783
0.0000000000 0.0000000000 0 0 0 0 0 0 215 244 127 0 0 0 0 0 161219 200033.833
0.0000000000 0.0000000000 0 0 0 0 0 0 250 244 127 0 0 0 0 0 161219 200033.883
0.0000000000 0.0000000000 0 0 0 0 0 0 250 244 127 0 0 0 0 0 161219 200033.933
0.0000000000 0.0000000000 0 0 0 0 0 0 30 245 127 0 0 0 0 0 161219 200033.983
0.0000000000 0.0000000000 0 0 0 0 0 0 101 245 127 0 0 0 0 0 161219 200034.033
0.0000000000 0.0000000000 0 0 0 0 0 0 140 245 127 0 0 0 0 0 161219 200034.083
0.0000000000 0.0000000000 0 0 0 0 0 0 172 245 127 0 0 0 0 0 161219 200034.133
0.0000000000 0.0000000000 0 0 0 0 0 0 209 245 127 0 0 0 0 0 161219 200034.183
0.0000000000 0.0000000000 0 0 0 0 0 0 245 245 127 0 0 0 0 0 161219 200034.233
0.0000000000 0.0000000000 0 0 0 0 0 0 245 245 127 0 0 0 0 0 161219 200034.283
0.0000000000 0.0000000000 0 0 0 0 0 0 32 246 127 0 0 0 0 0 161219 200034.333
0.0000000000 0.0000000000 0 0 0 0 0 0 100 246 127 0 0 0 0 0 161219 200034.383
0.0000000000 0.0000000000 0 0 0 0 0 0 137 246 127 0 0 0 0 0 161219 200034.433
0.0000000000 0.0000000000 0 0 0 0 0 0 168 246 127 0 0 0 0 0 161219 200034.483
0.0000000000 0.0000000000 0 0 0 0 0 0 207 246 127 0 0 0 0 0 161219 200034.533
0.0000000000 0.0000000000 0 0 0 0 0 0 242 246 127 0 0 0 0 0 161219 200034.583
0.0000000000 0.0000000000 0 0 0 0 0 0 242 246 127 0 0 0 0 0 161219 200034.633
0.0000000000 0.0000000000 0 0 0 0 0 0 22 247 127 0 0 0 0 0 161219 200034.683
0.0000000000 0.0000000000 0 0 0 0 0 0 98 247 127 0 0 0 0 0 161219 200034.733
0.0000000000 0.0000000000 0 0 0 0 0 0 132 247 127 0 0 0 0 0 161219 200034.783
0.0000000000 0.0000000000 0 0 0 0 0 0 163 247 127 0 0 0 0 0 161219 200034.833
0.0000000000 0.0000000000 0 0 0 0 0 0 200 247 127 0 0 0 0 0 161219 200034.883
0.0000000000 0.0000000000 0 0 0 0 0 0 238 247 127 0 0 0 0 0 161219 200034.933
0.0000000000 0.0000000000 0 0 0 0 0 0 27 248 127 0 0 0 0 0 161219 200034.983
0.0000000000 0.0000000000 0 0 0 0 0 0 27 248 127 0 0 0 0 0 161219 200035.033
0.0000000000 0.0000000000 0 0 0 0 0 0 55 248 127 0 0 0 0 0 161219 200035.083
0.0000000000 0.0000000000 0 0 0 0 0 0 131 248 127 0 0 0 0 0 161219 200035.133
0.0000000000 0.0000000000 0 0 0 0 0 0 170 248 127 0 0 0 0 0 161219 200035.183
0.0000000000 0.0000000000 0 0 0 0 0 0 211 248 127 0 0 0 0 0 161219 200035.233
0.0000000000 0.0000000000 0 0 0 0 0 0 248 248 127 0 0 0 0 0 161219 200035.283
0.0000000000 0.0000000000 0 0 0 0 0 0 23 249 127 0 0 0 0 0 161219 200035.333
0.0000000000 0.0000000000 0 0 0 0 0 0 62 249 127 0 0 0 0 0 161219 200035.383
0.0000000000 0.0000000000 0 0 0 0 0 0 62 249 127 0 0 0 0 0 161219 200035.433
0.0000000000 0.0000000000 0 0 0 0 0 0 100 249 127 0 0 0 0 0 161219 200035.483
0.0000000000 0.0000000000 0 0 0 0 0 0 162 249 127 0 0 0 0 0 161219 200035.533
0.0000000000 0.0000000000 0 0 0 0 0 0 190 249 127 0 0 0 0 0 161219 200035.583
0.0000000000 0.0000000000 0 0 0 0 0 0 205 249 127 0 0 0 0 0 161219 200035.633
0.0000000000 0.0000000000 0 0 0 0 0 0 227 249 127 0 0 0 0 0 161219 200035.683
0.0000000000 0.0000000000 0 0 0 0 0 0 227 249 127 0 0 0 0 0 161219 200035.733
0.0000000000 0.0000000000 0 0 0 0 0 0 242 249 127 0 0 0 0 0 161219 200035.783
0.0000000000 0.0000000000 0 0 0 0 0 0 32 250 127 0 0 0 0 0 161219 200035.833
0.0000000000 0.0000000000 0 0 0 0 0 0 54 250 127 0 0 0 0 0 161219 200035.883
0.0000000000 0.0000000000 0 0 0 0 0 0 73 250 127 0 0 0 0 0 161219 200035.933
0.0000000000 0.0000000000 0 0 0 0 0 0 95 250 127 0 0 0 0 0 161219 200035.983
0.0000000000 0.0000000000 0 0 0 0 0 0 117 250 127 0 0 0 0 0 161219 200036.033
0.0000000000 0.0000000000 0 0 0 0 0 0 117 250 127 0 0 0 0 0 161219 200036.083
0.0000000000 0.0000000000 0 0 0 0 0 0 145 250 127 0 0 0 0 0 161219 200036.133
0.0000000000 0.0000000000 0 0 0 0 0 0 191 250 127 0 0 0 0 0 161219 200036.183
0.0000000000 0.0000000000 0 0 0 0 0 0 209 250 127 0 0 0 0 0 161219 200036.233
0.0000000000 0.0000000000 0 0 0 0 0 0 234 250 127 0 0 0 0 0 161219 200036.283
0.0000000000 0.0000000000 0 0 0 0 0 0 7 251 127 0 0 0 0 0 161219 200036.333
0.0000000000 0.0000000000 0 0 0 0 0 0 7 251 127 0 0 0 0 0 161219 200036.383
0.0000000000 0.0000000000 0 0 0 0 0 0 27 251 127 0 0 0 0 0 161219 200036.433
0.0000000000 0.0000000000 0 0 0 0 0 0 57 251 127 0 0 0 0 0 161219 200036.483
0.0000000000 0.0000000000 0 0 0 0 0 0 70 251 127 0 0 0 0 0 161219 200036.533
0.0000000000 0.0000000000 0 0 0 0 0 0 73 251 127 0 0 0 0 0 161219 200036.583
0.0000000000 0.0000000000 0 0 0 0 0 0 78 251 127 0 0 0 0 0 161219 200036.633
0.0000000000 0.0000000000 0 0 0 0 0 0 87 251 127 0 0 0 0 0 161219 200036.683
0.0000000000 0.0000000000 0 0 0 0 0 0 87 251 127 0 0 0 0 0 161219 200036.733
0.0000000000 0.0000000000 0 0 0 0 0 0 101 251 127 0 0 0 0 0 161219 200036.783
0.0000000000 0.0000000000 0 0 0 0 0 0 127 251 127 0 0 0 0 0 161219 200036.833
0.0000000000 0.0000000000 0 0 0 0 0 0 141 251 127 0 0 0 0 0 161219 200036.883
0.0000000000 0.0000000000 0 0 0 0 0 0 157 251 127 0 0 0 0 0 161219 200036.933
0.0000000000 0.0000000000 0 0 0 0 0 0 167 251 127 0 0 0 0 0 161219 200036.983
0.0000000000 0.0000000000 0 0 0 0 0 0 167 251 127 0 0 0 0 0 161219 200037.033
0.0000000000 0.0000000000 0 0 0 0 0 0 180 251 127 0 0 0 0 0 161219 200037.083
0.0000000000 0.0000000000 0 0 0 0 0 0 208 251 127 0 0 0 0 0 161219 200037.133
0.0000000000 0.0000000000 0 0 0 0 0 0 218 251 127 0 0 0 0 0 161219 200037.183
0.0000000000 0.0000000000 0 0 0 0 0 0 232 251 127 0 0 0 0 0 161219 200037.233
0.0000000000 0.0000000000 0 0 0 0 0 0 250 251 127 0 0 0 0 0 161219 200037.283
0.0000000000 0.0000000000 0 0 0 0 0 0 2 252 127 0 0 0 0 0 161219 200037.333
0.0000000000 0.0000000000 0 0 0 0 0 0 2 252 127 0 0 0 0 0 161219 200037.383
0.0000000000 0.0000000000 0 0 0 0 0 0 34 252 127 0 0 0 0 0 161219 200037.433
0.0000000000 0.0000000000 0 0 0 0 0 0 50 252 127 0 0 0 0 0 161219 200037.483
0.0000000000 0.0000000000 0 0 0 0 0 0 62 252 127 0 0 0 0 0 161219 200037.533
0.0000000000 0.0000000000 0 0 0 0 0 0 81 252 127 0 0 0 0 0 161219 200037.583
0.0000000000 0.0000000000 0 0 0 0 0 0 93 252 127 0 0 0 0 0 161219 200037.633
0.0000000000 0.0000000000 0 0 0 0 0 0 108 252 127 0 0 0 0 0 161219 200037.683
0.0000000000 0.0000000000 0 0 0 0 0 0 108 252 127 0 0 0 0 0 161219 200037.733
0.0000000000 0.0000000000 0 0 0 0 0 0 136 252 127 0 0 0 0 0 161219 200037.783
0.0000000000 0.0000000000 0 0 0 0 0 0 148 252 127 0 0 0 0 0 161219 200037.833
0.0000000000 0.0000000000 0 0 0 0 0 0 152 252 127 0 0 0 0 0 161219 200037.883
0.0000000000 0.0000000000 0 0 0 0 0 0 152 252 127 0 0 0 0 0 161219 200037.933
0.0000000000 0.0000000000 0 0 0 0 0 0 152 252 127 0 0 0 0 0 161219 200037.983
0.0000000000 0.0000000000 0 0 0 0 0 0 157 252 127 0 0 0 0 0 161219 200038.033
0.0000000000 0.0000000000 0 0 0 0 0 0 165 252 127 0 0 0 0 0 161219 200038.083
0.0000000000 0.0000000000 0 0 0 0 0 0 174 252 127 0 0 0 0 0 161219 200038.133
0.0000000000 0.0000000000 0 0 0 0 0 0 180 252 127 0 0 0 0 0 161219 200038.183
0.0000000000 0.0000000000 0 0 0 0 0 0 188 252 127 0 0 0 0 0 161219 200038.233
0.0000000000 0.0000000000 0 0 0 0 0 0 195 252 127 0 0 0 0 0 161219 200038.283
0.0000000000 0.0000000000 0 0 0 0 0 0 195 252 127 0 0 0 0 0 161219 200038.333
0.0000000000 0.0000000000 0 0 0 0 0 0 205 252 127 0 0 0 0 0 161219 200038.383
0.0000000000 0.0000000000 0 0 0 0 0 0 217 252 127 0 0 0 0 0 161219 200038.433
0.0000000000 0.0000000000 0 0 0 0 0 0 225 252 127 0 0 0 0 0 161219 200038.483
0.0000000000 0.0000000000 0 0 0 0 0 0 231 252 127 0 0 0 0 0 161219 200038.533
0.0000000000 0.0000000000 0 0 0 0 0 0 242 252 127 0 0 0 0 0 161219 200038.583
0.0000000000 0.0000000000 0 0 0 0 0 0 251 252 127 0 0 0 0 0 161219 200038.633
0.0000000000 0.0000000000 0 0 0 0 0 0 251 252 127 0 0 0 0 0 161219 200038.683
0.0000000000 0.0000000000 0 0 0 0 0 0 6 253 127 0 0 0 0 0 161219 200038.733
0.0000000000 0.0000000000 0 0 0 0 0 0 18 253 127 0 0 0 0 0 161219 200038.783
0.0000000000 0.0000000000 0 0 0 0 0 0 25 253 127 0 0 0 0 0 161219 200038.833
0.0000000000 0.0000000000 0 0 0 0 0 0 31 253 127 0 0 0 0 0 161219 200038.883
0.0000000000 0.0000000000 0 0 0 0 0 0 42 253 127 0 0 0 0 0 161219 200038.933
0.0000000000 0.0000000000 0 0 0 0 0 0 42 253 127 0 0 0 0 0 161219 200038.983
0.0000000000 0.0000000000 0 0 0 0 0 0 48 253 127 0 0 0 0 0 161219 200039.033
0.0000000000 0.0000000000 0 0 0 0 0 0 62 253 127 0 0 0 0 0 161219 200039.083
0.0000000000 0.0000000000 0 0 0 0 0 0 70 253 127 0 0 0 0 0 161219 200039.133
0.0000000000 0.0000000000 0 0 0 0 0 0 70 253 127 0 0 0 0 0 161219 200039.183
0.0000000000 0.0000000000 0 0 0 0 0 0 74 253 127 0 0 0 0 0 161219 200039.233
0.0000000000 0.0000000000 0 0 0 0 0 0 93 253 127 0 0 0 0 0 161219 200039.283
0.0000000000 0.0000000000 0 0 0 0 0 0 101 253 127 0 0 0 0 0 161219 200039.333
0.0000000000 0.0000000000 0 0 0 0 0 0 115 253 127 0 0 0 0 0 161219 200039.383
0.0000000000 0.0000000000 0 0 0 0 0 0 125 253 127 0 0 0 0 0 161219 200039.433
0.0000000000 0.0000000000 0 0 0 0 0 0 125 253 127 0 0 0 0 0 161219 200039.483
0.0000000000 0.0000000000 0 0 0 0 0 0 128 253 127 0 0 0 0 0 161219 200039.533
0.0000000000 0.0000000000 0 0 0 0 0 0 146 253 127 0 0 0 0 0 161219 200039.583
0.0000000000 0.0000000000 0 0 0 0 0 0 148 253 127 0 0 0 0 0 161219 200039.633
0.0000000000 0.0000000000 0 0 0 0 0 0 160 253 127 0 0 0 0 0 161219 200039.683
0.0000000000 0.0000000000 0 0 0 0 0 0 160 253 127 0 0 0 0 0 161219 200039.733
0.0000000000 0.0000000000 0 0 0 0 0 0 166 253 127 0 0 0 0 0 161219 200039.783
0.0000000000 0.0000000000 0 0 0 0 0 0 181 253 127 0 0 0 0 0 161219 200039.833
0.0000000000 0.0000000000 0 0 0 0 0 0 189 253 127 0 0 0 0 0 161219 200039.883
0.0000000000 0.0000000000 0 0 0 0 0 0 197 253 127 0 0 0 0 0 161219 200039.933
0.0000000000 0.0000000000 0 0 0 0 0 0 206 253 127 0 0 0 0 0 161219 200039.983
0.0000000000 0.0000000000 0 0 0 0 0 0 0 0 127 0 0 0 0 0 161219 200040.033
0.0000000000 0.0000000000 0 0 0 0 0 0 0 0 127 0 0 0 0 0 161219 200040.083
0.0000000000 0.0000000000 0 0 0 0 0 0 0 0 127 0 0 0 0 0 161219 200040.133
0.0000000000 0.0000000000 0 0 0 0 0 0 0 0 127 0 0 0 0 0 161219 200040.183
0.0000000000 0.0000000000 0 0 0 0 0 0 0 0 127 0 0 0 0 0 161219 200040.233
0.0000000000 0.0000000000 0 0 0 0 0 0 0 0 127 0 0 0 0 0 161219 200040.283
0.0000000000 0.0000000000 0 0 0 0 0 0 0 0 127 0 0 0 0 0 161219 200040.333
0.0000000000 0.0000000000 0 0 0 0 0 0 0 0 127 0 0 0 0 0 161219 200040.383
0.0000000000 0.0000000000 0 0 0 0 0 0 0 0 127 0 0 0 0 0 161219 200040.433
0.0000000000 0.0000000000 0 0 0 0 0 0 0 0 127 0 0 0 0 0 161219 200040.483
0.0000000000 0.0000000000 0 0 0 0 0 0