0.0000000000 0.0000000000 0 0 0 0 0 0 1 0 112 1 0 0 0 0 130120 154457.272
0.0000000000 0.0000000000 0 0 0 0 0 0 1 0 112 1 0 0 0 0 130120 154457.323
0.0000000000 0.0000000000 0 0 0 0 0 0 1 0 112 1 0 0 0 0 130120 154457.373
0.0000000000 0.0000000000 0 0 0 0 0 0 1 0 112 1 0 0 0 0 130120 154457.423
0.0000000000 0.0000000000 0 0 0 0 0 0 1 0 112 1 0 0 0 0 130120 154457.473
0.0000000000 0.0000000000 0 0 0 0 0 0 1 0 112 1 0 0 0 0 130120 154457.523
0.0000000000 0.0000000000 0 0 0 0 0 0 1 0 112 1 0 0 0 0 130120 154457.574
0.0000000000 0.0000000000 0 0 0 0 0 0 1 0 112 1 0 0 0 0 130120 154457.624
0.0000000000 0.0000000000 0 0 0 0 0 0 1 0 112 1 0 0 0 0 130120 154457.674
0.0000000000 0.0000000000 0 0 0 0 0 0 1 0 112 1 0 0 0 0 130120 154457.724
0.0000000000 0.0000000000 0 0 0 0 0 0 1 0 112 1 0 0 0 0 130120 154457.774
0.0000000000 0.0000000000 0 0 0 0 0 0 1 0 112 1 0 0 0 0 130120 154457.825
0.0000000000 0.0000000000 0 0 0 0 0 0 1 0 112 1 0 0 0 0 130120 154457.875
0.0000000000 0.0000000000 0 0 0 0 0 0 1 0 112 1 0 0 0 0 130120 154457.925
0.0000000000 0.0000000000 0 0 0 0 0 0 1 0 112 1 0 0 0 0 130120 154457.975
0.0000000000 0.0000000000 0 0 0 0 0 0 1 0 112 1 0 0 0 0 130120 154458.025
0.0000000000 0.0000000000 0 0 0 0 0 0 1 0 112 1 0 0 0 0 130120 154458.076
0.0000000000 0.0000000000 0 0 0 0 0 0 1 0 112 1 0 0 0 0 130120 154458.126
0.0000000000 0.0000000000 0 0 0 0 0 0 1 0 112 1 0 0 0 0 130120 154458.176
0.0000000000 0.0000000000 0 0 0 0 0 0 1 0 112 1 0 0 0 0 130120 154458.226
0.0000000000 0.0000000000 0 0 0 0 0 0 1 0 112 1 0 0 0 0 130120 154458.277
0.0000000000 0.0000000000 0 0 0 0 0 0 1 0 112 1 0 0 0 0 130120 154458.327
0.0000000000 0.0000000000 0 0 0 0 0 0 1 0 112 1 0 0 0 0 130120 154458.377
0.0000000000 0.0000000000 0 0 0 0 0 0 1 0 112 1 0 0 0 0 130120 154458.427
0.0000000000 0.0000000000 0 0 0 0 0 0 1 0 112 1 0 0 0 0 130120 154458.478
0.0000000000 0.0000000000 0 0 0 0 0 0 1 0 112 1 0 0 0 0 130120 154458.528
0.0000000000 0.0000000000 0 0 0 0 0 0 1 0 112 1 0 0 0 0 130120 154458.578
0.0000000000 0.0000000000 0 0 0 0 0 0 1 0 112 1 0 0 0 0 130120 154458.628
0.0000000000 0.0000000000 0 0 0 0 0 0 1 0 112 1 0 0 0 0 130120 154458.678
0.0000000000 0.0000000000 0 0 0 0 0 0 1 0 112 1 0 0 0 0 130120 154458.729
0.0000000000 0.0000000000 0 0 0 0 0 0 1 0 112 1 0 0 0 0 130120 154458.779
0.0000000000 0.0000000000 0 0 0 0 0 0 1 0 112 1 0 0 0 0 130120 154458.829
0.0000000000 0.0000000000 0 0 0 0 0 0 1 0 112 1 0 0 0 0 130120 154458.879
0.0000000000 0.0000000000 0 0 0 0 0 0 1 0 112 1 0 0 0 0 130120 154458.929
0.0000000000 0.0000000000 0 0 0 0 0 0 1 0 112 1 0 0 0 0 130120 154458.980
0.0000000000 0.0000000000 0 0 0 0 0 0 1 0 112 1 0 0 0 0 130120 154459.030
0.0000000000 0.0000000000 0 0 0 0 0 0 1 0 112 1 0 0 0 0 130120 154459.080
0.0000000000 0.0000000000 0 0 0 0 0 0 1 0 112 1 0 0 0 0 130120 154459.130
0.0000000000 0.0000000000 0 0 0 0 0 0 1 0 112 1 0 0 0 0 130120 154459.180
0.0000000000 0.0000000000 0 0 0 0 0 0 1 0 112 1 0 0 0 0 130120 154459.231
0.0000000000 0.0000000000 0 0 0 0 0 0 1 0 112 1 0 0 0 0 130120 154459.281
0.0000000000 0.0000000000 0 0 0 0 0 0 1 0 112 1 0 0 0 0 130120 154459.331
0.0000000000 0.0000000000 0 0 0 0 0 0 1 0 112 1 0 0 0 0 130120 154459.381
0.0000000000 0.0000000000 0 0 0 0 0 0 1 0 112 1 0 0 0 0 130120 154459.432
0.0000000000 0.0000000000 0 0 0 0 0 0 1 0 112 1 0 0 0 0 130120 154459.482
0.0000000000 0.0000000000 0 0 0 0 0 0 1 0 112 1 0 0 0 0 130120 154459.532
0.0000000000 0.0000000000 0 0 0 0 0 0 1 0 112 1 0 0 0 0 130120 154459.582
0.0000000000 0.0000000000 0 0 0 0 0 0 1 0 112 1 0 0 0 0 130120 154459.632
0.0000000000 0.0000000000 0 0 0 0 0 0 1 0 112 1 0 0 0 0 130120 154459.683
0.0000000000 0.0000000000 0 0 0 0 0 0 1 0 112 1 0 0 0 0 130120 154459.733
0.0000000000 0.0000000000 0 0 0 0 0 0 1 0 112 1 0 0 0 0 130120 154459.783
0.0000000000 0.0000000000 0 0 0 0 0 0 1 0 112 1 0 0 0 0 130120 154459.833
0.0000000000 0.0000000000 0 0 0 0 0 0 1 0 112 1 0 0 0 0 130120 154459.884
0.0000000000 0.0000000000 0 0 0 0 0 0 1 0 112 1 0 0 0 0 130120 154459.934
0.0000000000 0.0000000000 0 0 0 0 0 0 1 0 112 1 0 0 0 0 130120 154459.984
0.0000000000 0.0000000000 0 0 0 0 0 0 1 0 112 1 0 0 0 0 130120 154500.034
0.0000000000 0.0000000000 0 0 0 0 0 0 1 0 112 1 0 0 0 0 130120 154500.085
0.0000000000 0.0000000000 0 0 0 0 0 0 1 0 112 1 0 0 0 0 130120 154500.135
0.0000000000 0.0000000000 0 0 0 0 0 0 1 0 112 1 0 0 0 0 130120 154500.185
0.0000000000 0.0000000000 0 0 0 0 0 0 1 0 112 1 0 0 0 0 130120 154500.235
0.0000000000 0.0000000000 0 0 0 0 0 0 1 0 112 1 0 0 0 0 130120 154500.285
0.0000000000 0.0000000000 0 0 0 0 0 0 1 0 112 1 0 0 0 0 130120 154500.336
0.0000000000 0.0000000000 0 0 0 0 0 0 1 0 112 1 0 0 0 0 130120 154500.386
0.0000000000 0.0000000000 0 0 0 0 0 0 1 0 112 1 0 0 0 0 130120 154500.436
0.0000000000 0.0000000000 0 0 0 0 0 0 1 0 112 1 0 0 0 0 130120 154500.486
0.0000000000 0.0000000000 0 0 0 0 0 0 1 0 112 1 0 0 0 0 130120 154500.537
0.0000000000 0.0000000000 0 0 0 0 0 0 1 0 112 1 0 0 0 0 130120 154500.587
0.0000000000 0.0000000000 0 0 0 0 0 0 1 0 112 1 0 0 0 0 130120 154500.637
0.0000000000 0.0000000000 0 0 0 0 0 0 1 0 112 1 0 0 0 0 130120 154500.687
0.0000000000 0.0000000000 0 0 0 0 0 0 1 0 112 1 0 0 0 0 130120 154500.737
0.0000000000 0.0000000000 0 0 0 0 0 0 1 0 112 1 0 0 0 0 130120 154500.788
0.0000000000 0.0000000000 0 0 0 0 0 0 1 0 112 1 0 0 0 0 130120 154500.838
0.0000000000 0.0000000000 0 0 0 0 0 0 1 0 112 1 0 0 0 0 130120 154500.888
0.0000000000 0.0000000000 0 0 0 0 0 0 1 0 112 1 0 0 0 0 130120 154500.938
0.0000000000 0.0000000000 0 0 0 0 0 0 1 0 112 1 0 0 0 0 130120 154500.988
0.0000000000 0.0000000000 0 0 0 0 0 0 1 0 112 1 0 0 0 0 130120 154501.039
0.0000000000 0.0000000000 0 0 0 0 0 0 1 0 112 1 0 0 0 0 130120 154501.089
0.0000000000 0.0000000000 0 0 0 0 0 0 1 0 112 1 0 0 0 0 130120 154501.139
0.0000000000 0.0000000000 0 0 0 0 0 0 1 0 112 1 0 0 0 0 130120 154501.189
0.0000000000 0.0000000000 0 0 0 0 0 0 1 0 112 1 0 0 0 0 130120 154501.240
0.0000000000 0.0000000000 0 0 0 0 0 0 1 0 112 1 0 0 0 0 130120 154501.290
0.0000000000 0.0000000000 0 0 0 0 0 0 1 0 112 1 0 0 0 0 130120 154501.340
0.0000000000 0.0000000000 0 0 0 0 0 0 1 0 112 1 0 0 0 0 130120 154501.390
0.0000000000 0.0000000000 0 0 0 0 0 0 1 0 112 1 0 0 0 0 130120 154501.440
0.0000000000 0.0000000000 0 0 0 0 0 0 1 0 112 1 0 0 0 0 130120 154501.491
0.0000000000 0.0000000000 0 0 0 0 0 0 1 0 112 1 0 0 0 0 130120 154501.541
0.0000000000 0.0000000000 0 0 0 0 0 0 1 0 112 1 0 0 0 0 130120 154501.591
0.0000000000 0.0000000000 0 0 0 0 0 0 1 0 112 1 0 0 0 0 130120 154501.642
0.0000000000 0.0000000000 0 0 0 0 0 0 1 0 112 1 0 0 0 0 130120 154501.692
0.0000000000 0.0000000000 0 0 0 0 0 0 1 0 112 1 0 0 0 0 130120 154501.742
0.0000000000 0.0000000000 0 0 0 0 0 0 1 0 112 1 0 0 0 0 130120 154501.792
0.0000000000 0.0000000000 0 0 0 0 0 0 1 0 112 1 0 0 0 0 130120 154501.842
0.0000000000 0.0000000000 0 0 0 0 0 0 1 0 112 1 0 0 0 0 130120 154501.893
0.0000000000 0.0000000000 0 0 0 0 0 0 1 0 112 1 0 0 0 0 130120 154501.943
0.0000000000 0.0000000000 0 0 0 0 0 0 1 0 112 1 0 0 0 0 130120 154501.993
0.0000000000 0.0000000000 0 0 0 0 0 0 1 0 112 1 0 0 0 0 130120 154502.043
0.0000000000 0.0000000000 0 0 0 0 0 0 1 0 112 1 0 0 0 0 130120 154502.094
0.0000000000 0.0000000000 0 0 0 0 0 0 1 0 112 1 0 0 0 0 130120 154502.144
0.0000000000 0.0000000000 0 0 0 0 0 0 1 0 112 1 0 0 0 0 130120 154502.194
0.0000000000 0.0000000000 0 0 0 0 0 0 1 0 112 1 0 0 0 0 130120 154502.244
0.0000000000 0.0000000000 0 0 0 0 0 0 1 0 112 1 0 0 0 0 130120 154502.294
0.0000000000 0.0000000000 0 0 0 0 0 0 1 0 112 1 0 0 0 0 130120 154502.345
0.0000000000 0.0000000000 0 0 0 0 0 0 1 0 112 1 0 0 0 0 130120 154502.395
0.0000000000 0.0000000000 0 0 0 0 0 0 1 0 112 1 0 0 0 0 130120 154502.445
0.0000000000 0.0000000000 0 0 0 0 0 0 1 0 112 1 0 0 0 0 130120 154502.495
0.0000000000 0.0000000000 0 0 0 0 0 0 1 0 112 1 0 0 0 0 130120 154502.546
0.0000000000 0.0000000000 0 0 0 0 0 0 1 0 112 1 0 0 0 0 130120 154502.596
0.0000000000 0.0000000000 0 0 0 0 0 0 1 0 112 1 0 0 0 0 130120 154502.646
0.0000000000 0.0000000000 0 0 0 0 0 0 1 0 112 1 0 0 0 0 130120 154502.696
0.0000000000 0.0000000000 0 0 0 0 0 0 1 0 112 1 0 0 0 0 130120 154502.747
0.0000000000 0.0000000000 0 0 0 0 0 0 1 0 112 1 0 0 0 0 130120 154502.797
0.0000000000 0.0000000000 0 0 0 0 0 0 1 0 112 1 0 0 0 0 130120 154502.847
0.0000000000 0.0000000000 0 0 0 0 0 0 1 0 112 1 0 0 0 0 130120 154502.897
0.0000000000 0.0000000000 0 0 0 0 0 0 1 0 112 1 0 0 0 0 130120 154502.947
0.0000000000 0.0000000000 0 0 0 0 0 0 1 0 112 1 0 0 0 0 130120 154502.998
0.0000000000 0.0000000000 0 0 0 0 0 0 1 0 112 1 0 0 0 0 130120 154503.048
0.0000000000 0.0000000000 0 0 0 0 0 0 1 0 112 1 0 0 0 0 130120 154503.098
0.0000000000 0.0000000000 0 0 0 0 0 0 1 0 112 1 0 0 0 0 130120 154503.148
0.0000000000 0.0000000000 0 0 0 0 0 0 1 0 112 1 0 0 0 0 130120 154503.199
0.0000000000 0.0000000000 0 0 0 0 0 0 1 0 112 1 0 0 0 0 130120 154503.249
0.0000000000 0.0000000000 0 0 0 0 0 0 1 0 112 1 0 0 0 0 130120 154503.299
0.0000000000 0.0000000000 0 0 0 0 0 0 1 0 112 1 0 0 0 0 130120 154503.349
0.0000000000 0.0000000000 0 0 0 0 0 0 1 0 112 1 0 0 0 0 130120 154503.399
0.0000000000 0.0000000000 0 0 0 0 0 0 1 0 112 1 0 0 0 0 130120 154503.450
0.0000000000 0.0000000000 0 0 0 0 0 0 1 0 112 1 0 0 0 0 130120 154503.500
0.0000000000 0.0000000000 0 0 0 0 0 0 1 0 112 1 0 0 0 0 130120 154503.551
0.0000000000 0.0000000000 0 0 0 0 0 0 1 0 112 1 0 0 0 0 130120 154503.601
0.0000000000 0.0000000000 0 0 0 0 0 0 1 0 112 1 0 0 0 0 130120 154503.651
0.0000000000 0.0000000000 0 0 0 0 0 0 1 0 112 1 0 0 0 0 130120 154503.701
0.0000000000 0.0000000000 0 0 0 0 0 0 1 0 112 1 0 0 0 0 130120 154503.751
0.0000000000 0.0000000000 0 0 0 0 0 0 1 0 112 1 0 0 0 0 130120 154503.802
0.0000000000 0.0000000000 0 0 0 0 0 0 1 0 112 1 0 0 0 0 130120 154503.852
0.0000000000 0.0000000000 0 0 0 0 0 0 1 0 112 1 0 0 0 0 130120 154503.902
0.0000000000 0.0000000000 0 0 0 0 0 0 1 0 112 1 0 0 0 0 130120 154503.952
0.0000000000 0.0000000000 0 0 0 0 0 0 1 0 112 1 0 0 0 0 130120 154504.002
0.0000000000 0.0000000000 0 0 0 0 0 0 1 0 112 1 0 0 0 0 130120 154504.053
0.0000000000 0.0000000000 0 0 0 0 0 0 1 0 112 1 0 0 0 0 130120 154504.103
0.0000000000 0.0000000000 0 0 0 0 0 0 1 0 112 1 0 0 0 0 130120 154504.153
0.0000000000 0.0000000000 0 0 0 0 0 0 1 0 112 1 0 0 0 0 130120 154504.204
0.0000000000 0.0000000000 0 0 0 0 0 0 1 0 112 1 0 0 0 0 130120 154504.254
0.0000000000 0.0000000000 0 0 0 0 0 0 1 0 112 1 0 0 0 0 130120 154504.304
0.0000000000 0.0000000000 0 0 0 0 0 0 1 0 112 1 0 0 0 0 130120 154504.354
0.0000000000 0.0000000000 0 0 0 0 0 0 1 0 112 1 0 0 0 0 130120 154504.405
0.0000000000 0.0000000000 0 0 0 0 0 0 1 0 112 1 0 0 0 0 130120 154504.455
0.0000000000 0.0000000000 0 0 0 0 0 0 1 0 112 1 0 0 0 0 130120 154504.505
0.0000000000 0.0000000000 0 0 0 0 0 0 1 0 112 1 0 0 0 0 130120 154504.556
0.0000000000 0.0000000000 0 0 0 0 0 0 1 0 112 1 0 0 0 0 130120 154504.606
0.0000000000 0.0000000000 0 0 0 0 0 0 1 0 112 1 0 0 0 0 130120 154504.656
0.0000000000 0.0000000000 0 0 0 0 0 0 1 0 112 1 0 0 0 0 130120 154504.707
0.0000000000 0.0000000000 0 0 0 0 0 0 1 0 112 1 0 0 0 0 130120 154504.757
0.0000000000 0.0000000000 0 0 0 0 0 0 1 0 112 1 0 0 0 0 130120 154504.807
0.0000000000 0.0000000000 0 0 0 0 0 0 1 0 112 1 0 0 0 0 130120 154504.857
0.0000000000 0.0000000000 0 0 0 0 0 0 1 0 112 1 0 0 0 0 130120 154504.908
0.0000000000 0.0000000000 0 0 0 0 0 0 1 0 112 1 0 0 0 0 130120 154504.958
0.0000000000 0.0000000000 0 0 0 0 0 0 1 0 112 1 0 0 0 0 130120 154505.008
0.0000000000 0.0000000000 0 0 0 0 0 0 1 0 112 1 0 0 0 0 130120 154505.058
0.0000000000 0.0000000000 0 0 0 0 0 0 1 0 112 1 0 0 0 0 130120 154505.108
0.0000000000 0.0000000000 0 0 0 0 0 0 1 0 112 1 0 0 0 0 130120 154505.158
0.0000000000 0.0000000000 0 0 0 0 0 0 1 0 112 1 0 0 0 0 130120 154505.209
0.0000000000 0.0000000000 0 0 0 0 0 0 1 0 112 1 0 0 0 0 130120 154505.259
0.0000000000 0.0000000000 0 0 0 0 0 0 1 0 112 1 0 0 0 0 130120 154505.309
0.0000000000 0.0000000000 0 0 0 0 0 0 1 0 112 1 0 0 0 0 130120 154505.359
0.0000000000 0.0000000000 0 0 0 0 0 0 1 0 112 1 0 0 0 0 130120 154505.410
0.0000000000 0.0000000000 0 0 0 0 0 0 1 0 112 1 0 0 0 0 130120 154505.460
0.0000000000 0.0000000000 0 0 0 0 0 0 1 0 112 1 0 0 0 0 130120 154505.510
0.0000000000 0.0000000000 0 0 0 0 0 0 1 0 112 1 0 0 0 0 130120 154505.560
0.0000000000 0.0000000000 0 0 0 0 0 0 1 0 112 1 0 0 0 0 130120 154505.611
0.0000000000 0.0000000000 0 0 0 0 0 0 1 0 112 1 0 0 0 0 130120 154505.661
0.0000000000 0.0000000000 0 0 0 0 0 0 1 0 112 1 0 0 0 0 130120 154505.711
0.0000000000 0.0000000000 0 0 0 0 0 0 1 0 112 1 0 0 0 0 130120 154505.761
0.0000000000 0.0000000000 0 0 0 0 0 0 1 0 112 1 0 0 0 0 130120 154505.811
0.0000000000 0.0000000000 0 0 0 0 0 0 1 0 112 1 0 0 0 0 130120 154505.861
0.0000000000 0.0000000000 0 0 0 0 0 0 1 0 112 1 0 0 0 0 130120 154505.912
0.0000000000 0.0000000000 0 0 0 0 0 0 1 0 112 1 0 0 0 0 130120 154505.962
0.0000000000 0.0000000000 0 0 0 0 0 0 1 0 112 1 0 0 0 0 130120 154506.012
0.0000000000 0.0000000000 0 0 0 0 0 0 1 0 112 1 0 0 0 0 130120 154506.062
0.0000000000 0.0000000000 0 0 0 0 0 0 1 0 112 1 0 0 0 0 130120 154506.112
0.0000000000 0.0000000000 0 0 0 0 0 0 1 0 112 1 0 0 0 0 130120 154506.163
0.0000000000 0.0000000000 0 0 0 0 0 0 1 0 112 1 0 0 0 0 130120 154506.213
0.0000000000 0.0000000000 0 0 0 0 0 0 1 0 112 1 0 0 0 0 130120 154506.263
0.0000000000 0.0000000000 0 0 0 0 0 0 1 0 112 1 0 0 0 0 130120 154506.313
0.0000000000 0.0000000000 0 0 0 0 0 0 1 0 112 1 0 0 0 0 130120 154506.364
0.0000000000 0.0000000000 0 0 0 0 0 0 1 0 112 1 0 0 0 0 130120 154506.414
0.0000000000 0.0000000000 0 0 0 0 0 0 1 0 112 1 0 0 0 0 130120 154506.464
0.0000000000 0.0000000000 0 0 0 0 0 0 1 0 112 1 0 0 0 0 130120 154506.514
0.0000000000 0.0000000000 0 0 0 0 0 0 1 0 112 1 0 0 0 0 130120 154506.564
0.0000000000 0.0000000000 0 0 0 0 0 0 1 0 112 1 0 0 0 0 130120 154506.615
0.0000000000 0.0000000000 0 0 0 0 0 0 1 0 112 1 0 0 0 0 130120 154506.665
0.0000000000 0.0000000000 0 0 0 0 0 0 1 0 112 1 0 0 0 0 130120 154506.715
0.0000000000 0.0000000000 0 0 0 0 0 0 1 0 112 1 0 0 0 0 130120 154506.765
0.0000000000 0.0000000000 0 0 0 0 0 0 1 0 112 1 0 0 0 0 130120 154506.815
0.0000000000 0.0000000000 0 0 0 0 0 0 1 0 112 1 0 0 0 0 130120 154506.866
0.0000000000 0.0000000000 0 0 0 0 0 0 1 0 112 1 0 0 0 0 130120 154506.916
0.0000000000 0.0000000000 0 0 0 0 0 0 1 0 112 1 0 0 0 0 130120 154506.966
0.0000000000 0.0000000000 0 0 0 0 0 0 1 0 112 1 0 0 0 0 130120 154507.016
0.0000000000 0.0000000000 0 0 0 0 0 0 1 0 112 1 0 0 0 0 130120 154507.067
0.0000000000 0.0000000000 0 0 0 0 0 0 1 0 112 1 0 0 0 0 130120 154507.117
0.0000000000 0.0000000000 0 0 0 0 0 0 1 0 112 1 0 0 0 0 130120 154507.167
0.0000000000 0.0000000000 0 0 0 0 0 0 1 0 112 1 0 0 0 0 130120 154507.217
0.0000000000 0.0000000000 0 0 0 0 0 0 1 0 112 1 0 0 0 0 130120 154507.268
0.0000000000 0.0000000000 0 0 0 0 0 0 1 0 112 1 0 0 0 0 130120 154507.318
0.0000000000 0.0000000000 0 0 0 0 0 0 1 0 112 1 0 0 0 0 130120 154507.368
0.0000000000 0.0000000000 0 0 0 0 0 0 1 0 112 1 0 0 0 0 130120 154507.418
0.0000000000 0.0000000000 0 0 0 0 0 0 1 0 112 1 0 0 0 0 130120 154507.468
0.0000000000 0.0000000000 0 0 0 0 0 0 1 0 112 1 0 0 0 0 130120 154507.519
0.0000000000 0.0000000000 0 0 0 0 0 0 1 0 112 1 0 0 0 0 130120 154507.569
0.0000000000 0.0000000000 0 0 0 0 0 0 1 0 112 1 0 0 0 0 130120 154507.619
0.0000000000 0.0000000000 0 0 0 0 0 0 1 0 112 1 0 0 0 0 130120 154507.669
0.0000000000 0.0000000000 0 0 0 0 0 0 1 0 112 1 0 0 0 0 130120 154507.720
0.0000000000 0.0000000000 0 0 0 0 0 0 1 0 112 1 0 0 0 0 130120 154507.770
0.0000000000 0.0000000000 0 0 0 0 0 0 1 0 112 1 0 0 0 0 130120 154507.820
0.0000000000 0.0000000000 0 0 0 0 0 0 1 0 112 1 0 0 0 0 130120 154507.870
0.0000000000 0.0000000000 0 0 0 0 0 0 1 0 112 1 0 0 0 0 130120 154507.921
0.0000000000 0.0000000000 0 0 0 0 0 0 1 0 112 1 0 0 0 0 130120 154507.971
0.0000000000 0.0000000000 0 0 0 0 0 0 1 0 112 1 0 0 0 0 130120 154508.021
0.0000000000 0.0000000000 0 0 0 0 0 0 1 0 112 1 0 0 0 0 130120 154508.072
0.0000000000 0.0000000000 0 0 0 0 0 0 1 0 112 1 0 0 0 0 130120 154508.122
0.0000000000 0.0000000000 0 0 0 0 0 0 1 0 112 1 0 0 0 0 130120 154508.172
0.0000000000 0.0000000000 0 0 0 0 0 0 1 0 112 1 0 0 0 0 130120 154508.222
0.0000000000 0.0000000000 0 0 0 0 0 0 1 0 112 1 0 0 0 0 130120 154508.272
0.0000000000 0.0000000000 0 0 0 0 0 0 1 0 112 1 0 0 0 0 130120 154508.323
0.0000000000 0.0000000000 0 0 0 0 0 0 1 0 112 1 0 0 0 0 130120 154508.373
0.0000000000 0.0000000000 0 0 0 0 0 0 1 0 112 1 0 0 0 0 130120 154508.423
0.0000000000 0.0000000000 0 0 0 0 0 0 1 0 112 1 0 0 0 0 130120 154508.473
0.0000000000 0.0000000000 0 0 0 0 0 0 1 0 112 1 0 0 0 0 130120 154508.524
0.0000000000 0.0000000000 0 0 0 0 0 0 1 0 112 1 0 0 0 0 130120 154508.574
0.0000000000 0.0000000000 0 0 0 0 0 0 1 0 112 1 0 0 0 0 130120 154508.624
0.0000000000 0.0000000000 0 0 0 0 0 0 1 0 112 1 0 0 0 0 130120 154508.674
0.0000000000 0.0000000000 0 0 0 0 0 0 1 0 112 1 0 0 0 0 130120 154508.724
0.0000000000 0.0000000000 0 0 0 0 0 0 1 0 112 1 0 0 0 0 130120 154508.775
0.0000000000 0.0000000000 0 0 0 0 0 0 1 0 112 1 0 0 0 0 130120 154508.825
0.0000000000 0.0000000000 0 0 0 0 0 0 1 0 112 1 0 0 0 0 130120 154508.875
0.0000000000 0.0000000000 0 0 0 0 0 0 1 0 112 1 0 0 0 0 130120 154508.925
0.0000000000 0.0000000000 0 0 0 0 0 0 1 0 112 1 0 0 0 0 130120 154508.976
0.0000000000 0.0000000000 0 0 0 0 0 0 1 0 112 1 0 0 0 0 130120 154509.026
0.0000000000 0.0000000000 0 0 0 0 0 0 1 0 112 1 0 0 0 0 130120 154509.076
0.0000000000 0.0000000000 0 0 0 0 0 0 1 0 112 1 0 0 0 0 130120 154509.126
0.0000000000 0.0000000000 0 0 0 0 0 0 1 0 112 1 0 0 0 0 130120 154509.177
0.0000000000 0.0000000000 0 0 0 0 0 0 1 0 112 1 0 0 0 0 130120 154509.227
0.0000000000 0.0000000000 0 0 0 0 0 0 1 0 112 1 0 0 0 0 130120 154509.277
0.0000000000 0.0000000000 0 0 0 0 0 0 1 0 112 1 0 0 0 0 130120 154509.327
0.0000000000 0.0000000000 0 0 0 0 0 0 1 0 112 1 0 0 0 0 130120 154509.378
0.0000000000 0.0000000000 0 0 0 0 0 0 1 0 112 1 0 0 0 0 130120 154509.428
0.0000000000 0.0000000000 0 0 0 0 0 0 1 0 112 1 0 0 0 0 130120 154509.478
0.0000000000 0.0000000000 0 0 0 0 0 0 1 0 112 1 0 0 0 0 130120 154509.528
0.0000000000 0.0000000000 0 0 0 0 0 0 1 0 112 1 0 0 0 0 130120 154509.579
0.0000000000 0.0000000000 0 0 0 0 0 0 1 0 112 1 0 0 0 0 130120 154509.629
0.0000000000 0.0000000000 0 0 0 0 0 0 1 0 112 1 0 0 0 0 130120 154509.679
0.0000000000 0.0000000000 0 0 0 0 0 0 1 0 112 1 0 0 0 0 130120 154509.729
0.0000000000 0.0000000000 0 0 0 0 0 0 1 0 112 1 0 0 0 0 130120 154509.780
0.0000000000 0.0000000000 0 0 0 0 0 0 1 0 112 1 0 0 0 0 130120 154509.830
0.0000000000 0.0000000000 0 0 0 0 0 0 1 0 112 1 0 0 0 0 130120 154509.880
0.0000000000 0.0000000000 0 0 0 0 0 0 1 0 112 1 0 0 0 0 130120 154509.930
0.0000000000 0.0000000000 0 0 0 0 0 0 1 0 112 1 0 0 0 0 130120 154509.980
0.0000000000 0.0000000000 0 0 0 0 0 0 1 0 112 1 0 0 0 0 130120 154510.031
0.0000000000 0.0000000000 0 0 0 0 0 0 1 0 112 1 0 0 0 0 130120 154510.081
0.0000000000 0.0000000000 0 0 0 0 0 0 1 0 112 1 0 0 0 0 130120 154510.131
0.0000000000 0.0000000000 0 0 0 0 0 0 1 0 112 1 0 0 0 0 130120 154510.181
0.0000000000 0.0000000000 0 0 0 0 0 0 1 0 112 1 0 0 0 0 130120 154510.232
0.0000000000 0.0000000000 0 0 0 0 0 0 1 0 112 1 0 0 0 0 130120 154510.282
0.0000000000 0.0000000000 0 0 0 0 0 0 1 0 112 1 0 0 0 0 130120 154510.332
0.0000000000 0.0000000000 0 0 0 0 0 0 1 0 112 1 0 0 0 0 130120 154510.382
0.0000000000 0.0000000000 0 0 0 0 0 0 1 0 112 1 0 0 0 0 130120 154510.433
0.0000000000 0.0000000000 0 0 0 0 0 0 1 0 112 1 0 0 0 0 130120 154510.483
0.0000000000 0.0000000000 0 0 0 0 0 0 1 0 112 1 0 0 0 0 130120 154510.533
0.0000000000 0.0000000000 0 0 0 0 0 0 1 0 112 1 0 0 0 0 130120 154510.583
0.0000000000 0.0000000000 0 0 0 0 0 0 96 240 112 1 0 0 0 0 130120 154510.634
0.0000000000 0.0000000000 0 0 0 0 0 0 96 240 112 1 0 0 0 0 130120 154510.684
0.0000000000 0.0000000000 0 0 0 0 0 0 96 240 112 1 0 0 0 0 130120 154510.734
0.0000000000 0.0000000000 0 0 0 0 0 0 96 240 112 1 0 0 0 0 130120 154510.784
0.0000000000 0.0000000000 0 0 0 0 0 0 96 240 112 1 0 0 0 0 130120 154510.834
0.0000000000 0.0000000000 0 0 0 0 0 0 96 240 112 1 0 0 0 0 130120 154510.885
0.0000000000 0.0000000000 0 0 0 0 0 0 96 240 112 1 0 0 0 0 130120 154510.935
0.0000000000 0.0000000000 0 0 0 0 0 0 96 240 112 1 0 0 0 0 130120 154510.985
0.0000000000 0.0000000000 0 0 0 0 0 0 96 240 112 1 0 0 0 0 130120 154511.035
0.0000000000 0.0000000000 0 0 0 0 0 0 96 240 112 1 0 0 0 0 130120 154511.085
0.0000000000 0.0000000000 0 0 0 0 0 0 96 240 112 1 0 0 0 0 130120 154511.136
0.0000000000 0.0000000000 0 0 0 0 0 0 96 240 112 1 0 0 0 0 130120 154511.186
0.0000000000 0.0000000000 0 0 0 0 0 0 96 240 112 1 0 0 0 0 130120 154511.236
0.0000000000 0.0000000000 0 0 0 0 0 0 96 240 112 1 0 0 0 0 130120 154511.287
0.0000000000 0.0000000000 0 0 0 0 0 0 96 240 112 1 0 0 0 0 130120 154511.337
0.0000000000 0.0000000000 0 0 0 0 0 0 96 240 112 1 0 0 0 0 130120 154511.387
0.0000000000 0.0000000000 0 0 0 0 0 0 96 240 112 1 0 0 0 0 130120 154511.437
0.0000000000 0.0000000000 0 0 0 0 0 0 96 240 112 1 0 0 0 0 130120 154511.487
0.0000000000 0.0000000000 0 0 0 0 0 0 96 240 112 1 0 0 0 0 130120 154511.538
0.0000000000 0.0000000000 0 0 0 0 0 0 96 240 112 1 0 0 0 0 130120 154511.588
0.0000000000 0.0000000000 0 0 0 0 0 0 96 240 112 1 0 0 0 0 130120 154511.638
0.0000000000 0.0000000000 0 0 0 0 0 0 96 240 112 1 0 0 0 0 130120 154511.689
0.0000000000 0.0000000000 0 0 0 0 0 0 96 240 112 1 0 0 0 0 130120 154511.739
0.0000000000 0.0000000000 0 0 0 0 0 0 96 240 112 1 0 0 0 0 130120 154511.789
0.0000000000 0.0000000000 0 0 0 0 0 0 96 240 112 1 0 0 0 0 130120 154511.839
0.0000000000 0.0000000000 0 0 0 0 0 0 96 240 112 1 0 0 0 0 130120 154511.889
0.0000000000 0.0000000000 0 0 0 0 0 0 96 240 112 1 0 0 0 0 130120 154511.940
0.0000000000 0.0000000000 0 0 0 0 0 0 255 255 112 1 0 0 0 0 130120 154511.990
0.0000000000 0.0000000000 0 0 0 0 0 0 255 255 112 1 0 0 0 0 130120 154512.040
0.0000000000 0.0000000000 0 0 0 0 0 0 255 255 112 1 0 0 0 0 130120 154512.090
0.0000000000 0.0000000000 0 0 0 0 0 0 255 255 112 1 0 0 0 0 130120 154512.140
0.0000000000 0.0000000000 0 0 0 0 0 0 255 255 112 1 0 0 0 0 130120 154512.191
0.0000000000 0.0000000000 0 0 0 0 0 0 255 255 112 1 0 0 0 0 130120 154512.241
0.0000000000 0.0000000000 0 0 0 0 0 0 255 255 112 1 0 0 0 0 130120 154512.291
0.0000000000 0.0000000000 0 0 0 0 0 0 255 255 112 1 0 0 0 0 130120 154512.341
0.0000000000 0.0000000000 0 0 0 0 0 0 255 255 112 1 0 0 0 0 130120 154512.391
0.0000000000 0.0000000000 0 0 0 0 0 0 255 255 112 1 0 0 0 0 130120 154512.442
0.0000000000 0.0000000000 0 0 0 0 0 0 255 255 112 1 0 0 0 0 130120 154512.492
0.0000000000 0.0000000000 0 0 0 0 0 0 255 255 112 1 0 0 0 0 130120 154512.542
0.0000000000 0.0000000000 0 0 0 0 0 0 255 255 112 1 0 0 0 0 130120 154512.592
0.0000000000 0.0000000000 0 0 0 0 0 0 255 255 112 1 0 0 0 0 130120 154512.643
0.0000000000 0.0000000000 0 0 0 0 0 0 255 255 112 1 0 0 0 0 130120 154512.693
0.0000000000 0.0000000000 0 0 0 0 0 0 255 255 112 1 0 0 0 0 130120 154512.743
0.0000000000 0.0000000000 0 0 0 0 0 0 255 255 112 1 0 0 0 0 130120 154512.793
0.0000000000 0.0000000000 0 0 0 0 0 0 255 255 112 1 0 0 0 0 130120 154512.844
0.0000000000 0.0000000000 0 0 0 0 0 0 255 255 112 1 0 0 0 0 130120 154512.894
0.0000000000 0.0000000000 0 0 0 0 0 0 255 255 112 1 0 0 0 0 130120 154512.945
0.0000000000 0.0000000000 0 0 0 0 0 0 255 255 112 1 0 0 0 0 130120 154512.995
0.0000000000 0.0000000000 0 0 0 0 0 0 255 255 112 1 0 0 0 0 130120 154513.045
0.0000000000 0.0000000000 0 0 0 0 0 0 255 255 112 1 0 0 0 0 130120 154513.095
0.0000000000 0.0000000000 0 0 0 0 0 0 255 255 112 1 0 0 0 0 130120 154513.146
0.0000000000 0.0000000000 0 0 0 0 0 0 255 255 112 1 0 0 0 0 130120 154513.196
0.0000000000 0.0000000000 0 0 0 0 0 0 255 255 112 1 0 0 0 0 130120 154513.246
0.0000000000 0.0000000000 0 0 0 0 0 0 255 255 112 1 0 0 0 0 130120 154513.296
0.0000000000 0.0000000000 0 0 0 0 0 0 255 255 112 1 0 0 0 0 130120 154513.347
0.0000000000 0.0000000000 0 0 0 0 0 0 255 255 112 1 0 0 0 0 130120 154513.397
0.0000000000 0.0000000000 0 0 0 0 0 0 255 255 112 1 0 0 0 0 130120 154513.447
0.0000000000 0.0000000000 0 0 0 0 0 0 255 255 112 1 0 0 0 0 130120 154513.497
0.0000000000 0.0000000000 0 0 0 0 0 0 255 255 112 1 0 0 0 0 130120 154513.547
0.0000000000 0.0000000000 0 0 0 0 0 0 255 255 112 1 0 0 0 0 130120 154513.598
0.0000000000 0.0000000000 0 0 0 0 0 0 255 255 112 1 0 0 0 0 130120 154513.648
0.0000000000 0.0000000000 0 0 0 0 0 0 255 255 112 1 0 0 0 0 130120 154513.698
0.0000000000 0.0000000000 0 0 0 0 0 0 255 255 112 1 0 0 0 0 130120 154513.748
0.0000000000 0.0000000000 0 0 0 0 0 0 255 255 112 1 0 0 0 0 130120 154513.799
0.0000000000 0.0000000000 0 0 0 0 0 0 255 255 112 1 0 0 0 0 130120 154513.849
0.0000000000 0.0000000000 0 0 0 0 0 0 255 255 112 1 0 0 0 0 130120 154513.899
0.0000000000 0.0000000000 0 0 0 0 0 0 255 255 112 1 0 0 0 0 130120 154513.950
0.0000000000 0.0000000000 0 0 0 0 0 0 255 255 112 1 0 0 0 0 130120 154514.000
0.0000000000 0.0000000000 0 0 0 0 0 0 255 255 112 1 0 0 0 0 130120 154514.050
0.0000000000 0.0000000000 0 0 0 0 0 0 255 255 112 1 0 0 0 0 130120 154514.100
0.0000000000 0.0000000000 0 0 0 0 0 0 255 255 112 1 0 0 0 0 130120 154514.151
0.0000000000 0.0000000000 0 0 0 0 0 0 255 255 112 1 0 0 0 0 130120 154514.201
0.0000000000 0.0000000000 0 0 0 0 0 0 255 255 112 1 0 0 0 0 130120 154514.251
0.0000000000 0.0000000000 0 0 0 0 0 0 255 255 112 1 0 0 0 0 130120 154514.301
0.0000000000 0.0000000000 0 0 0 0 0 0 255 255 112 1 0 0 0 0 130120 154514.351
0.0000000000 0.0000000000 0 0 0 0 0 0 255 255 112 1 0 0 0 0 130120 154514.402
0.0000000000 0.0000000000 0 0 0 0 0 0 255 255 112 1 0 0 0 0 130120 154514.452
0.0000000000 0.0000000000 0 0 0 0 0 0 255 255 112 1 0 0 0 0 130120 154514.502
0.0000000000 0.0000000000 0 0 0 0 0 0 255 255 112 1 0 0 0 0 130120 154514.552
0.0000000000 0.0000000000 0 0 0 0 0 0 255 255 112 1 0 0 0 0 130120 154514.603
0.0000000000 0.0000000000 0 0 0 0 0 0 255 255 112 1 0 0 0 0 130120 154514.653
0.0000000000 0.0000000000 0 0 0 0 0 0 255 255 112 1 0 0 0 0 130120 154514.703
0.0000000000 0.0000000000 0 0 0 0 0 0 255 255 112 1 0 0 0 0 130120 154514.753
0.0000000000 0.0000000000 0 0 0 0 0 0 255 255 112 1 0 0 0 0 130120 154514.804
0.0000000000 0.0000000000 0 0 0 0 0 0 255 255 112 1 0 0 0 0 130120 154514.854
0.0000000000 0.0000000000 0 0 0 0 0 0 255 255 112 1 0 0 0 0 130120 154514.904
0.0000000000 0.0000000000 0 0 0 0 0 0 255 255 112 1 0 0 0 0 130120 154514.955
0.0000000000 0.0000000000 0 0 0 0 0 0 255 255 112 1 0 0 0 0 130120 154515.005
0.0000000000 0.0000000000 0 0 0 0 0 0 255 255 112 1 0 0 0 0 130120 154515.055
0.0000000000 0.0000000000 0 0 0 0 0 0 255 255 112 1 0 0 0 0 130120 154515.105
0.0000000000 0.0000000000 0 0 0 0 0 0 255 255 112 1 0 0 0 0 130120 154515.155
0.0000000000 0.0000000000 0 0 0 0 0 0 255 255 112 1 0 0 0 0 130120 154515.206
0.0000000000 0.0000000000 0 0 0 0 0 0 255 255 112 1 0 0 0 0 130120 154515.256
0.0000000000 0.0000000000 0 0 0 0 0 0 96 240 112 1 0 0 0 0 130120 154515.306
0.0000000000 0.0000000000 0 0 0 0 0 0 96 240 112 1 0 0 0 0 130120 154515.356
0.0000000000 0.0000000000 0 0 0 0 0 0 96 240 112 1 0 0 0 0 130120 154515.407
0.0000000000 0.0000000000 0 0 0 0 0 0 96 240 112 1 0 0 0 0 130120 154515.457
0.0000000000 0.0000000000 0 0 0 0 0 0 96 240 112 1 0 0 0 0 130120 154515.507
0.0000000000 0.0000000000 0 0 0 0 0 0 96 240 112 1 0 0 0 0 130120 154515.558
0.0000000000 0.0000000000 0 0 0 0 0 0 96 240 112 1 0 0 0 0 130120 154515.608
0.0000000000 0.0000000000 0 0 0 0 0 0 96 240 112 1 0 0 0 0 130120 154515.658
0.0000000000 0.0000000000 0 0 0 0 0 0 96 240 112 1 0 0 0 0 130120 154515.708
0.0000000000 0.0000000000 0 0 0 0 0 0 96 240 112 1 0 0 0 0 130120 154515.758
0.0000000000 0.0000000000 0 0 0 0 0 0 96 240 112 1 0 0 0 0 130120 154515.809
0.0000000000 0.0000000000 0 0 0 0 0 0 96 240 112 1 0 0 0 0 130120 154515.859
0.0000000000 0.0000000000 0 0 0 0 0 0 96 240 112 1 0 0 0 0 130120 154515.909
0.0000000000 0.0000000000 0 0 0 0 0 0 96 240 112 1 0 0 0 0 130120 154515.959
0.0000000000 0.0000000000 0 0 0 0 0 0 96 240 112 1 0 0 0 0 130120 154516.010
0.0000000000 0.0000000000 0 0 0 0 0 0 96 240 112 1 0 0 0 0 130120 154516.060
0.0000000000 0.0000000000 0 0 0 0 0 0 96 240 112 1 0 0 0 0 130120 154516.110
0.0000000000 0.0000000000 0 0 0 0 0 0 96 240 112 1 0 0 0 0 130120 154516.160
0.0000000000 0.0000000000 0 0 0 0 0 0 96 240 112 1 0 0 0 0 130120 154516.211
0.0000000000 0.0000000000 0 0 0 0 0 0 96 240 112 1 0 0 0 0 130120 154516.261
0.0000000000 0.0000000000 0 0 0 0 0 0 255 255 112 1 0 0 0 0 130120 154516.311
0.0000000000 0.0000000000 0 0 0 0 0 0 255 255 112 1 0 0 0 0 130120 154516.362
0.0000000000 0.0000000000 0 0 0 0 0 0 255 255 112 1 0 0 0 0 130120 154516.412
0.0000000000 0.0000000000 0 0 0 0 0 0 255 255 112 1 0 0 0 0 130120 154516.462
0.0000000000 0.0000000000 0 0 0 0 0 0 255 255 112 1 0 0 0 0 130120 154516.512
0.0000000000 0.0000000000 0 0 0 0 0 0 255 255 112 1 0 0 0 0 130120 154516.563
0.0000000000 0.0000000000 0 0 0 0 0 0 255 255 112 1 0 0 0 0 130120 154516.613
0.0000000000 0.0000000000 0 0 0 0 0 0 255 255 112 1 0 0 0 0 130120 154516.663
0.0000000000 0.0000000000 0 0 0 0 0 0 255 255 112 1 0 0 0 0 130120 154516.713
0.0000000000 0.0000000000 0 0 0 0 0 0 255 255 112 1 0 0 0 0 130120 154516.764
0.0000000000 0.0000000000 0 0 0 0 0 0 255 255 112 1 0 0 0 0 130120 154516.814
0.0000000000 0.0000000000 0 0 0 0 0 0 255 255 112 1 0 0 0 0 130120 154516.864
0.0000000000 0.0000000000 0 0 0 0 0 0 255 255 112 1 0 0 0 0 130120 154516.914
0.0000000000 0.0000000000 0 0 0 0 0 0 255 255 112 1 0 0 0 0 130120 154516.964
0.0000000000 0.0000000000 0 0 0 0 0 0 255 255 112 1 0 0 0 0 130120 154517.015
0.0000000000 0.0000000000 0 0 0 0 0 0 255 255 112 1 0 0 0 0 130120 154517.065
0.0000000000 0.0000000000 0 0 0 0 0 0 255 255 112 1 0 0 0 0 130120 154517.115
0.0000000000 0.0000000000 0 0 0 0 0 0 255 255 112 1 0 0 0 0 130120 154517.165
0.0000000000 0.0000000000 0 0 0 0 0 0 255 255 112 1 0 0 0 0 130120 154517.215
0.0000000000 0.0000000000 0 0 0 0 0 0 255 255 112 1 0 0 0 0 130120 154517.266
0.0000000000 0.0000000000 0 0 0 0 0 0 255 255 112 1 0 0 0 0 130120 154517.316
0.0000000000 0.0000000000 0 0 0 0 0 0 255 255 112 1 0 0 0 0 130120 154517.366
0.0000000000 0.0000000000 0 0 0 0 0 0 255 255 112 1 0 0 0 0 130120 154517.416
0.0000000000 0.0000000000 0 0 0 0 0 0 255 255 112 1 0 0 0 0 130120 154517.466
0.0000000000 0.0000000000 0 0 0 0 0 0 255 255 112 1 0 0 0 0 130120 154517.517
0.0000000000 0.0000000000 0 0 0 0 0 0 255 255 112 1 0 0 0 0 130120 154517.567
0.0000000000 0.0000000000 0 0 0 0 0 0 255 255 112 1 0 0 0 0 130120 154517.617
0.0000000000 0.0000000000 0 0 0 0 0 0 255 255 112 1 0 0 0 0 130120 154517.667
0.0000000000 0.0000000000 0 0 0 0 0 0 255 255 112 1 0 0 0 0 130120 154517.718
0.0000000000 0.0000000000 0 0 0 0 0 0 255 255 112 1 0 0 0 0 130120 154517.768
0.0000000000 0.0000000000 0 0 0 0 0 0 255 255 112 1 0 0 0 0 130120 154517.818
0.0000000000 0.0000000000 0 0 0 0 0 0 255 255 112 1 0 0 0 0 130120 154517.868
0.0000000000 0.0000000000 0 0 0 0 0 0 255 255 112 1 0 0 0 0 130120 154517.918
0.0000000000 0.0000000000 0 0 0 0 0 0 255 255 112 1 0 0 0 0 130120 154517.969
0.0000000000 0.0000000000 0 0 0 0 0 0 255 255 112 1 0 0 0 0 130120 154518.019
0.0000000000 0.0000000000 0 0 0 0 0 0 255 255 112 1 0 0 0 0 130120 154518.069
0.0000000000 0.0000000000 0 0 0 0 0 0 255 255 112 1 0 0 0 0 130120 154518.119
0.0000000000 0.0000000000 0 0 0 0 0 0 255 255 112 1 0 0 0 0 130120 154518.169
0.0000000000 0.0000000000 0 0 0 0 0 0 255 255 112 1 0 0 0 0 130120 154518.220
0.0000000000 0.0000000000 0 0 0 0 0 0 255 255 112 1 0 0 0 0 130120 154518.270
0.0000000000 0.0000000000 0 0 0 0 0 0 255 255 112 1 0 0 0 0 130120 154518.320
0.0000000000 0.0000000000 0 0 0 0 0 0 255 255 112 1 0 0 0 0 130120 154518.370
0.0000000000 0.0000000000 0 0 0 0 0 0 255 255 112 1 0 0 0 0 130120 154518.420
0.0000000000 0.0000000000 0 0 0 0 0 0 255 255 112 1 0 0 0 0 130120 154518.471
0.0000000000 0.0000000000 0 0 0 0 0 0 255 255 112 1 0 0 0 0 130120 154518.521
0.0000000000 0.0000000000 0 0 0 0 0 0 255 255 112 1 0 0 0 0 130120 154518.571
0.0000000000 0.0000000000 0 0 0 0 0 0 255 255 112 1 0 0 0 0 130120 154518.621
0.0000000000 0.0000000000 0 0 0 0 0 0 255 255 112 1 0 0 0 0 130120 154518.672
0.0000000000 0.0000000000 0 0 0 0 0 0 255 255 112 1 0 0 0 0 130120 154518.722
0.0000000000 0.0000000000 0 0 0 0 0 0 255 255 112 1 0 0 0 0 130120 154518.772
0.0000000000 0.0000000000 0 0 0 0 0 0 255 255 112 1 0 0 0 0 130120 154518.822
0.0000000000 0.0000000000 0 0 0 0 0 0 255 255 112 1 0 0 0 0 130120 154518.873
0.0000000000 0.0000000000 0 0 0 0 0 0 255 255 112 1 0 0 0 0 130120 154518.923
0.0000000000 0.0000000000 0 0 0 0 0 0 255 255 112 1 0 0 0 0 130120 154518.973
0.0000000000 0.0000000000 0 0 0 0 0 0 255 255 112 1 0 0 0 0 130120 154519.023
0.0000000000 0.0000000000 0 0 0 0 0 0 255 255 112 1 0 0 0 0 130120 154519.074
0.0000000000 0.0000000000 0 0 0 0 0 0 255 255 112 1 0 0 0 0 130120 154519.124
0.0000000000 0.0000000000 0 0 0 0 0 0 255 255 112 1 0 0 0 0 130120 154519.174
0.0000000000 0.0000000000 0 0 0 0 0 0 255 255 112 1 0 0 0 0 130120 154519.224
0.0000000000 0.0000000000 0 0 0 0 0 0 255 255 112 1 0 0 0 0 130120 154519.275
0.0000000000 0.0000000000 0 0 0 0 0 0 255 255 112 1 0 0 0 0 130120 154519.325
0.0000000000 0.0000000000 0 0 0 0 0 0 255 255 112 1 0 0 0 0 130120 154519.375
0.0000000000 0.0000000000 0 0 0 0 0 0 255 255 112 1 0 0 0 0 130120 154519.425
0.0000000000 0.0000000000 0 0 0 0 0 0 255 255 112 1 0 0 0 0 130120 154519.475
0.0000000000 0.0000000000 0 0 0 0 0 0 255 255 112 1 0 0 0 0 130120 154519.526
0.0000000000 0.0000000000 0 0 0 0 0 0 255 255 112 1 0 0 0 0 130120 154519.576
0.0000000000 0.0000000000 0 0 0 0 0 0 255 255 112 1 0 0 0 0 130120 154519.626
0.0000000000 0.0000000000 0 0 0 0 0 0 255 255 112 1 0 0 0 0 130120 154519.676
0.0000000000 0.0000000000 0 0 0 0 0 0 255 255 112 1 0 0 0 0 130120 154519.726
0.0000000000 0.0000000000 0 0 0 0 0 0 255 255 112 1 0 0 0 0 130120 154519.777
0.0000000000 0.0000000000 0 0 0 0 0 0 255 255 112 1 0 0 0 0 130120 154519.827
0.0000000000 0.0000000000 0 0 0 0 0 0 255 255 112 1 0 0 0 0 130120 154519.877
0.0000000000 0.0000000000 0 0 0 0 0 0 255 255 112 1 0 0 0 0 130120 154519.927
0.0000000000 0.0000000000 0 0 0 0 0 0 255 255 112 1 0 0 0 0 130120 154519.977
0.0000000000 0.0000000000 0 0 0 0 0 0 255 255 112 1 0 0 0 0 130120 154520.028
0.0000000000 0.0000000000 0 0 0 0 0 0 255 255 112 1 0 0 0 0 130120 154520.078
0.0000000000 0.0000000000 0 0 0 0 0 0 255 255 112 1 0 0 0 0 130120 154520.128
0.0000000000 0.0000000000 0 0 0 0 0 0 255 255 112 1 0 0 0 0 130120 154520.178
0.0000000000 0.0000000000 0 0 0 0 0 0 255 255 112 1 0 0 0 0 130120 154520.228
0.0000000000 0.0000000000 0 0 0 0 0 0 255 255 112 1 0 0 0 0 130120 154520.278
0.0000000000 0.0000000000 0 0 0 0 0 0 255 255 112 1 0 0 0 0 130120 154520.329
0.0000000000 0.0000000000 0 0 0 0 0 0 255 255 112 1 0 0 0 0 130120 154520.379
0.0000000000 0.0000000000 0 0 0 0 0 0 255 255 112 1 0 0 0 0 130120 154520.429
0.0000000000 0.0000000000 0 0 0 0 0 0 96 240 112 1 0 0 0 0 130120 154520.479
0.0000000000 0.0000000000 0 0 0 0 0 0 96 240 112 1 0 0 0 0 130120 154520.529
0.0000000000 0.0000000000 0 0 0 0 0 0 96 240 112 1 0 0 0 0 130120 154520.580
0.0000000000 0.0000000000 0 0 0 0 0 0 96 240 112 1 0 0 0 0 130120 154520.630
0.0000000000 0.0000000000 0 0 0 0 0 0 96 240 112 1 0 0 0 0 130120 154520.680
0.0000000000 0.0000000000 0 0 0 0 0 0 96 240 112 1 0 0 0 0 130120 154520.730
0.0000000000 0.0000000000 0 0 0 0 0 0 96 240 112 1 0 0 0 0 130120 154520.780
0.0000000000 0.0000000000 0 0 0 0 0 0 96 240 112 1 0 0 0 0 130120 154520.830
0.0000000000 0.0000000000 0 0 0 0 0 0 96 240 112 1 0 0 0 0 130120 154520.881
0.0000000000 0.0000000000 0 0 0 0 0 0 96 240 112 1 0 0 0 0 130120 154520.931
0.0000000000 0.0000000000 0 0 0 0 0 0 96 240 112 1 0 0 0 0 130120 154520.981
0.0000000000 0.0000000000 0 0 0 0 0 0 96 240 112 1 0 0 0 0 130120 154521.031
0.0000000000 0.0000000000 0 0 0 0 0 0 96 240 112 1 0 0 0 0 130120 154521.081
0.0000000000 0.0000000000 0 0 0 0 0 0 96 240 112 1 0 0 0 0 130120 154521.132
0.0000000000 0.0000000000 0 0 0 0 0 0 96 240 112 1 0 0 0 0 130120 154521.182
0.0000000000 0.0000000000 0 0 0 0 0 0 96 240 112 1 0 0 0 0 130120 154521.232
0.0000000000 0.0000000000 0 0 0 0 0 0 96 240 112 1 0 0 0 0 130120 154521.282
0.0000000000 0.0000000000 0 0 0 0 0 0 96 240 112 1 0 0 0 0 130120 154521.332
0.0000000000 0.0000000000 0 0 0 0 0 0 96 240 112 1 0 0 0 0 130120 154521.383
0.0000000000 0.0000000000 0 0 0 0 0 0 96 240 112 1 0 0 0 0 130120 154521.433
0.0000000000 0.0000000000 0 0 0 0 0 0 96 240 112 1 0 0 0 0 130120 154521.483
0.0000000000 0.0000000000 0 0 0 0 0 0 96 240 112 1 0 0 0 0 130120 154521.533
0.0000000000 0.0000000000 0 0 0 0 0 0 96 240 112 1 0 0 0 0 130120 154521.583
0.0000000000 0.0000000000 0 0 0 0 0 0 96 240 112 1 0 0 0 0 130120 154521.634
0.0000000000 0.0000000000 0 0 0 0 0 0 96 240 112 1 0 0 0 0 130120 154521.684
0.0000000000 0.0000000000 0 0 0 0 0 0 96 240 112 1 0 0 0 0 130120 154521.734
0.0000000000 0.0000000000 0 0 0 0 0 0 96 240 112 1 0 0 0 0 130120 154521.784
0.0000000000 0.0000000000 0 0 0 0 0 0 96 240 112 1 0 0 0 0 130120 154521.834
0.0000000000 0.0000000000 0 0 0 0 0 0 96 240 112 1 0 0 0 0 130120 154521.885
0.0000000000 0.0000000000 0 0 0 0 0 0 96 240 112 1 0 0 0 0 130120 154521.935
0.0000000000 0.0000000000 0 0 0 0 0 0 96 240 112 1 0 0 0 0 130120 154521.985
0.0000000000 0.0000000000 0 0 0 0 0 0 96 240 112 1 0 0 0 0 130120 154522.035
0.0000000000 0.0000000000 0 0 0 0 0 0 96 240 112 1 0 0 0 0 130120 154522.085
0.0000000000 0.0000000000 0 0 0 0 0 0 96 240 112 1 0 0 0 0 130120 154522.136
0.0000000000 0.0000000000 0 0 0 0 0 0 0 0 127 0 0 0 0 0 130120 154522.186
0.0000000000 0.0000000000 0 0 0 0 0 0 0 0 127 0 0 0 0 0 130120 154522.236
0.0000000000 0.0000000000 0 0 0 0 0 0 0 0 127 0 0 0 0 0 130120 154522.286
0.0000000000 0.0000000000 0 0 0 0 0 0 0 0 127 0 0 0 0 0 130120 154522.336
0.0000000000 0.0000000000 0 0 0 0 0 0 0 0 127 0 0 0 0 0 130120 154522.387
0.0000000000 0.0000000000 0 0 0 0 0 0 0 0 127 0 0 0 0 0 130120 154522.437
0.0000000000 0.0000000000 0 0 0 0 0 0 0 0 127 0 0 0 0 0 130120 154522.487
0.0000000000 0.0000000000 0 0 0 0 0 0 0 0 127 0 0 0 0 0 130120 154522.537
0.0000000000 0.0000000000 0 0 0 0 0 0 0 0 127 0 0 0 0 0 130120 154522.588
0.0000000000 0.0000000000 0 0 0 0 0 0 0 0 127 0 0 0 0 0 130120 154522.638
0.0000000000 0.0000000000 0 0 0 0 0 0 0 0 127 0 0 0 0 0 130120 154522.688
0.0000000000 0.0000000000 0 0 0 0 0 0 0 0 127 0 0 0 0 0 130120 154522.738
0.0000000000 0.0000000000 0 0 0 0 0 0 0 0 127 0 0 0 0 0 130120 154522.788
0.0000000000 0.0000000000 0 0 0 0 0 0 0 0 127 0 0 0 0 0 130120 154522.839
0.0000000000 0.0000000000 0 0 0 0 0 0 0 0 127 0 0 0 0 0 130120 154522.889
0.0000000000 0.0000000000 0 0 0 0 0 0 0 0 127 0 0 0 0 0 130120 154522.939
0.0000000000 0.0000000000 0 0 0 0 0 0 0 0 127 0 0 0 0 0 130120 154522.989
0.0000000000 0.0000000000 0 0 0 0 0 0 0 0 127 0 0 0 0 0 130120 154523.039
0.0000000000 0.0000000000 0 0 0 0 0 0 0 0 127 0 0 0 0 0 130120 154523.090
0.0000000000 0.0000000000 0 0 0 0 0 0 0 0 127 0 0 0 0 0 130120 154523.140
0.0000000000 0.0000000000 0 0 0 0 0 0 0 0 127 0 0 0 0 0 130120 154523.190
0.0000000000 0.0000000000 0 0 0 0 0 0 0 0 127 0 0 0 0 0 130120 154523.240
0.0000000000 0.0000000000 0 0 0 0 0 0 0 0 127 0 0 0 0 0 130120 154523.291
0.0000000000 0.0000000000 0 0 0 0 0 0 0 0 127 0 0 0 0 0 130120 154523.341
0.0000000000 0.0000000000 0 0 0 0 0 0 0 0 127 0 0 0 0 0 130120 154523.391
0.0000000000 0.0000000000 0 0 0 0 0 0 0 0 127 0 0 0 0 0 130120 154523.441
0.0000000000 0.0000000000 0 0 0 0 0 0 0 0 127 0 0 0 0 0 130120 154523.491
0.0000000000 0.0000000000 0 0 0 0 0 0 0 0 127 0 0 0 0 0 130120 154523.542
0.0000000000 0.0000000000 0 0 0 0 0 0 0 0 127 0 0 0 0 0 130120 154523.592
0.0000000000 0.0000000000 0 0 0 0 0 0 0 0 127 0 0 0 0 0 130120 154523.642
0.0000000000 0.0000000000 0 0 0 0 0 0 0 0 127 0 0 0 0 0 130120 154523.692
0.0000000000 0.0000000000 0 0 0 0 0 0 0 0 127 0 0 0 0 0 130120 154523.743
0.0000000000 0.0000000000 0 0 0 0 0 0 0 0 127 0 0 0 0 0 130120 154523.793
0.0000000000 0.0000000000 0 0 0 0 0 0 0 0 127 0 0 0 0 0 130120 154523.843
0.0000000000 0.0000000000 0 0 0 0 0 0 0 0 127 0 0 0 0 0 130120 154523.893
0.0000000000 0.0000000000 0 0 0 0 0 0 0 0 127 0 0 0 0 0 130120 154523.944
0.0000000000 0.0000000000 0 0 0 0 0 0 0 0 127 0 0 0 0 0 130120 154523.994
0.0000000000 0.0000000000 0 0 0 0 0 0 0 0 127 0 0 0 0 0 130120 154524.044
0.0000000000 0.0000000000 0 0 0 0 0 0 0 0 127 0 0 0 0 0 130120 154524.094
0.0000000000 0.0000000000 0 0 0 0 0 0 0 0 127 0 0 0 0 0 130120 154524.145
0.0000000000 0.0000000000 0 0 0 0 0 0 0 0 127 0 0 0 0 0 130120 154524.195
0.0000000000 0.0000000000 0 0 0 0 0 0 0 0 127 0 0 0 0 0 130120 154524.245
0.0000000000 0.0000000000 0 0 0 0 0 0 0 0 127 0 0 0 0 0 130120 154524.295
0.0000000000 0.0000000000 0 0 0 0 0 0 0 0 127 0 0 0 0 0 130120 154524.345
0.0000000000 0.0000000000 0 0 0 0 0 0 0 0 127 0 0 0 0 0 130120 154524.396
0.0000000000 0.0000000000 0 0 0 0 0 0 0 0 127 0 0 0 0 0 130120 154524.446
0.0000000000 0.0000000000 0 0 0 0 0 0 0 0 127 0 0 0 0 0 130120 154524.496
0.0000000000 0.0000000000 0 0 0 0 0 0 0 0 127 0 0 0 0 0 130120 154524.546
0.0000000000 0.0000000000 0 0 0 0 0 0 0 0 127 0 0 0 0 0 130120 154524.597
0.0000000000 0.0000000000 0 0 0 0 0 0 0 0 127 0 0 0 0 0 130120 154524.647
0.0000000000 0.0000000000 0 0 0 0 0 0 0 0 127 0 0 0 0 0 130120 154524.697
0.0000000000 0.0000000000 0 0 0 0 0 0 0 0 127 0 0 0 0 0 130120 154524.747
0.0000000000 0.0000000000 0 0 0 0 0 0 0 0 127 0 0 0 0 0 130120 154524.797
0.0000000000 0.0000000000 0 0 0 0 0 0 0 0 127 0 0 0 0 0 130120 154524.848
0.0000000000 0.0000000000 0 0 0 0 0 0 0 0 127 0 0 0 0 0 130120 154524.898
0.0000000000 0.0000000000 0 0 0 0 0 0 0 0 127 0 0 0 0 0 130120 154524.948
0.0000000000 0.0000000000 0 0 0 0 0 0 0 0 127 0 0 0 0 0 130120 154524.998
0.0000000000 0.0000000000 0 0 0 0 0 0 0 0 127 0 0 0 0 0 130120 154525.048
0.0000000000 0.0000000000 0 0 0 0 0 0 0 0 127 0 0 0 0 0 130120 154525.099
0.0000000000 0.0000000000 0 0 0 0 0 0 0 0 127 0 0 0 0 0 130120 154525.149
0.0000000000 0.0000000000 0 0 0 0 0 0 0 0 127 0 0 0 0 0 130120 154525.199
0.0000000000 0.0000000000 0 0 0 0 0 0 0 0 127 0 0 0 0 0 130120 154525.249
0.0000000000 0.0000000000 0 0 0 0 0 0 0 0 127 0 0 0 0 0 130120 154525.300
0.0000000000 0.0000000000 0 0 0 0 0 0 0 0 127 0 0 0 0 0 130120 154525.350
0.0000000000 0.0000000000 0 0 0 0 0 0 0 0 127 0 0 0 0 0 130120 154525.400
0.0000000000 0.0000000000 0 0 0 0 0 0 0 0 127 0 0 0 0 0 130120 154525.450
0.0000000000 0.0000000000 0 0 0 0 0 0 0 0 127 0 0 0 0 0 130120 154525.501
0.0000000000 0.0000000000 0 0 0 0 0 0 0 0 127 0 0 0 0 0 130120 154525.551
0.0000000000 0.0000000000 0 0 0 0 0 0 0 0 127 0 0 0 0 0 130120 154525.601
0.0000000000 0.0000000000 0 0 0 0 0 0 0 0 127 0 0 0 0 0 130120 154525.651
0.0000000000 0.0000000000 0 0 0 0 0 0 0 0 127 0 0 0 0 0 130120 154525.702
0.0000000000 0.0000000000 0 0 0 0 0 0 0 0 127 0 0 0 0 0 130120 154525.752
0.0000000000 0.0000000000 0 0 0 0 0 0 0 0 127 0 0 0 0 0 130120 154525.802
0.0000000000 0.0000000000 0 0 0 0 0 0 0 0 127 0 0 0 0 0 130120 154525.852
0.0000000000 0.0000000000 0 0 0 0 0 0 0 0 127 0 0 0 0 0 130120 154525.903
0.0000000000 0.0000000000 0 0 0 0 0 0 0 0 127 0 0 0 0 0 130120 154525.953
0.0000000000 0.0000000000 0 0 0 0 0 0 0 0 127 0 0 0 0 0 130120 154526.003
0.0000000000 0.0000000000 0 0 0 0 0 0 0 0 127 0 0 0 0 0 130120 154526.053
0.0000000000 0.0000000000 0 0 0 0 0 0 0 0 127 0 0 0 0 0 130120 154526.104
0.0000000000 0.0000000000 0 0 0 0 0 0 0 0 127 0 0 0 0 0 130120 154526.154
0.0000000000 0.0000000000 0 0 0 0 0 0 0 0 127 0 0 0 0 0 130120 154526.204
0.0000000000 0.0000000000 0 0 0 0 0 0 0 0 127 0 0 0 0 0 130120 154526.254
0.0000000000 0.0000000000 0 0 0 0 0 0 0 0 127 0 0 0 0 0 130120 154526.304
0.0000000000 0.0000000000 0 0 0 0 0 0 0 0 127 0 0 0 0 0 130120 154526.355
0.0000000000 0.0000000000 0 0 0 0 0 0 0 0 127 0 0 0 0 0 130120 154526.405
0.0000000000 0.0000000000 0 0 0 0 0 0 0 0 127 0 0 0 0 0 130120 154526.455
0.0000000000 0.0000000000 0 0 0 0 0 0 0 0 127 0 0 0 0 0 130120 154526.505
0.0000000000 0.0000000000 0 0 0 0 0 0 0 0 127 0 0 0 0 0 130120 154526.555
0.0000000000 0.0000000000 0 0 0 0 0 0 0 0 127 0 0 0 0 0 130120 154526.606
0.0000000000 0.0000000000 0 0 0 0 0 0 0 0 127 0 0 0 0 0 130120 154526.656
0.0000000000 0.0000000000 0 0 0 0 0 0 0 0 127 0 0 0 0 0 130120 154526.706
0.0000000000 0.0000000000 0 0 0 0 0 0 0 0 127 0 0 0 0 0 130120 154526.756
0.0000000000 0.0000000000 0 0 0 0 0 0 0 0 127 0 0 0 0 0 130120 154526.807
0.0000000000 0.0000000000 0 0 0 0 0 0 0 0 127 0 0 0 0 0 130120 154526.857
0.0000000000 0.0000000000 0 0 0 0 0 0 0 0 127 0 0 0 0 0 130120 154526.907
0.0000000000 0.0000000000 0 0 0 0 0 0 0 0 127 0 0 0 0 0 130120 154526.957
0.0000000000 0.0000000000 0 0 0 0 0 0 0 0 127 0 0 0 0 0 130120 154527.008
0.0000000000 0.0000000000 0 0 0 0 0 0 0 0 127 0 0 0 0 0 130120 154527.058
0.0000000000 0.0000000000 0 0 0 0 0 0 0 0 127 0 0 0 0 0 130120 154527.108
0.0000000000 0.0000000000 0 0 0 0 0 0 0 0 127 0 0 0 0 0 130120 154527.158
0.0000000000 0.0000000000 0 0 0 0 0 0 0 0 127 0 0 0 0 0 130120 154527.208
0.0000000000 0.0000000000 0 0 0 0 0 0 0 0 127 0 0 0 0 0 130120 154527.259
0.0000000000 0.0000000000 0 0 0 0 0 0 0 0 127 0 0 0 0 0 130120 154527.309
0.0000000000 0.0000000000 0 0 0 0 0 0 0 0 127 0 0 0 0 0 130120 154527.359
0.0000000000 0.0000000000 0 0 0 0 0 0 0 0 127 0 0 0 0 0 130120 154527.409
0.0000000000 0.0000000000 0 0 0 0 0 0 0 0 127 0 0 0 0 0 130120 154527.460
0.0000000000 0.0000000000 0 0 0 0 0 0 0 0 127 0 0 0 0 0 130120 154527.510
0.0000000000 0.0000000000 0 0 0 0 0 0 0 0 127 0 0 0 0 0 130120 154527.560
0.0000000000 0.0000000000 0 0 0 0 0 0 0 0 127 0 0 0 0 0 130120 154527.610
0.0000000000 0.0000000000 0 0 0 0 0 0 0 0 127 0 0 0 0 0 130120 154527.661
0.0000000000 0.0000000000 0 0 0 0 0 0 0 0 127 0 0 0 0 0 130120 154527.711
0.0000000000 0.0000000000 0 0 0 0 0 0 0 0 127 0 0 0 0 0 130120 154527.761
0.0000000000 0.0000000000 0 0 0 0 0 0 0 0 127 0 0 0 0 0 130120 154527.811
0.0000000000 0.0000000000 0 0 0 0 0 0 0 0 127 0 0 0 0 0 130120 154527.861
0.0000000000 0.0000000000 0 0 0 0 0 0 0 0 127 0 0 0 0 0 130120 154527.912
0.0000000000 0.0000000000 0 0 0 0 0 0 0 0 127 0 0 0 0 0 130120 154527.962
0.0000000000 0.0000000000 0 0 0 0 0 0 0 0 127 0 0 0 0 0 130120 154528.012
0.0000000000 0.0000000000 0 0 0 0 0 0 0 0 127 0 0 0 0 0 130120 154528.062
0.0000000000 0.0000000000 0 0 0 0 0 0 0 0 127 0 0 0 0 0 130120 154528.112
0.0000000000 0.0000000000 0 0 0 0 0 0 0 0 127 0 0 0 0 0 130120 154528.162
0.0000000000 0.0000000000 0 0 0 0 0 0 0 0 127 0 0 0 0 0 130120 154528.213
0.0000000000 0.0000000000 0 0 0 0 0 0 0 0 127 0 0 0 0 0 130120 154528.263
0.0000000000 0.0000000000 0 0 0 0 0 0 0 0 127 0 0 0 0 0 130120 154528.313
0.0000000000 0.0000000000 0 0 0 0 0 0 0 0 127 0 0 0 0 0 130120 154528.363
0.0000000000 0.0000000000 0 0 0 0 0 0 0 0 127 0 0 0 0 0 130120 154528.414
0.0000000000 0.0000000000 0 0 0 0 0 0 0 0 127 0 0 0 0 0 130120 154528.464
0.0000000000 0.0000000000 0 0 0 0 0 0 0 0 127 0 0 0 0 0 130120 154528.514
0.0000000000 0.0000000000 0 0 0 0 0 0 0 0 127 0 0 0 0 0 130120 154528.564
0.0000000000 0.0000000000 0 0 0 0 0 0 0 0 127 0 0 0 0 0 130120 154528.614
0.0000000000 0.0000000000 0 0 0 0 0 0 0 0 127 0 0 0 0 0 130120 154528.665
0.0000000000 0.0000000000 0 0 0 0 0 0 0 0 127 0 0 0 0 0 130120 154528.715
0.0000000000 0.0000000000 0 0 0 0 0 0 0 0 127 0 0 0 0 0 130120 154528.765
0.0000000000 0.0000000000 0 0 0 0 0 0 0 0 127 0 0 0 0 0 130120 154528.815
0.0000000000 0.0000000000 0 0 0 0 0 0 0 0 127 0 0 0 0 0 130120 154528.866
0.0000000000 0.0000000000 0 0 0 0 0 0 0 0 127 0 0 0 0 0 130120 154528.916
0.0000000000 0.0000000000 0 0 0 0 0 0 0 0 127 0 0 0 0 0 130120 154528.966
0.0000000000 0.0000000000 0 0 0 0 0 0 0 0 127 0 0 0 0 0 130120 154529.016
0.0000000000 0.0000000000 0 0 0 0 0 0 0 0 127 0 0 0 0 0 130120 154529.066
0.0000000000 0.0000000000 0 0 0 0 0 0 0 0 127 0 0 0 0 0 130120 154529.117
0.0000000000 0.0000000000 0 0 0 0 0 0 0 0 127 0 0 0 0 0 130120 154529.167
0.0000000000 0.0000000000 0 0 0 0 0 0 0 0 127 0 0 0 0 0 130120 154529.217
0.0000000000 0.0000000000 0 0 0 0 0 0 0 0 127 0 0 0 0 0 130120 154529.267
0.0000000000 0.0000000000 0 0 0 0 0 0 0 0 127 0 0 0 0 0 130120 154529.318
0.0000000000 0.0000000000 0 0 0 0 0 0 0 0 127 0 0 0 0 0 130120 154529.368
0.0000000000 0.0000000000 0 0 0 0 0 0 0 0 127 0 0 0 0 0 130120 154529.418
0.0000000000 0.0000000000 0 0 0 0 0 0 0 0 127 0 0 0 0 0 130120 154529.468
0.0000000000 0.0000000000 0 0 0 0 0 0 0 0 127 0 0 0 0 0 130120 154529.518
0.0000000000 0.0000000000 0 0 0 0 0 0 0 0 127 0 0 0 0 0 130120 154529.569
0.0000000000 0.0000000000 0 0 0 0 0 0 0 0 127 0 0 0 0 0 130120 154529.619
0.0000000000 0.0000000000 0 0 0 0 0 0 0 0 127 0 0 0 0 0 130120 154529.669
0.0000000000 0.0000000000 0 0 0 0 0 0 0 0 127 0 0 0 0 0 130120 154529.719
0.0000000000 0.0000000000 0 0 0 0 0 0 0 0 127 0 0 0 0 0 130120 154529.769
0.0000000000 0.0000000000 0 0 0 0 0 0 0 0 127 0 0 0 0 0 130120 154529.820
0.0000000000 0.0000000000 0 0 0 0 0 0 0 0 127 0 0 0 0 0 130120 154529.870
0.0000000000 0.0000000000 0 0 0 0 0 0 0 0 127 0 0 0 0 0 130120 154529.920
0.0000000000 0.0000000000 0 0 0 0 0 0 0 0 127 0 0 0 0 0 130120 154529.970
0.0000000000 0.0000000000 0 0 0 0 0 0 0 0 127 0 0 0 0 0 130120 154530.021
0.0000000000 0.0000000000 0 0 0 0 0 0 0 0 127 0 0 0 0 0 130120 154530.071
0.0000000000 0.0000000000 0 0 0 0 0 0 0 0 127 0 0 0 0 0 130120 154530.121
0.0000000000 0.0000000000 0 0 0 0 0 0 0 0 127 0 0 0 0 0 130120 154530.171
0.0000000000 0.0000000000 0 0 0 0 0 0 0 0 127 0 0 0 0 0 130120 154530.222
0.0000000000 0.0000000000 0 0 0 0 0 0 0 0 127 0 0 0 0 0 130120 154530.272
0.0000000000 0.0000000000 0 0 0 0 0 0 0 0 127 0 0 0 0 0 130120 154530.322
0.0000000000 0.0000000000 0 0 0 0 0 0 0 0 127 0 0 0 0 0 130120 154530.372
0.0000000000 0.0000000000 0 0 0 0 0 0 0 0 127 0 0 0 0 0 130120 154530.423
0.0000000000 0.0000000000 0 0 0 0 0 0 0 0 127 0 0 0 0 0 130120 154530.473
0.0000000000 0.0000000000 0 0 0 0 0 0 0 0 127 0 0 0 0 0 130120 154530.523
0.0000000000 0.0000000000 0 0 0 0 0 0 0 0 127 0 0 0 0 0 130120 154530.573
0.0000000000 0.0000000000 0 0 0 0 0 0 0 0 127 0 0 0 0 0 130120 154530.624
0.0000000000 0.0000000000 0 0 0 0 0 0 0 0 127 0 0 0 0 0 130120 154530.674
0.0000000000 0.0000000000 0 0 0 0 0 0 0 0 127 0 0 0 0 0 130120 154530.724
0.0000000000 0.0000000000 0 0 0 0 0 0 0 0 127 0 0 0 0 0 130120 154530.774
0.0000000000 0.0000000000 0 0 0 0 0 0 0 0 127 0 0 0 0 0 130120 154530.824
0.0000000000 0.0000000000 0 0 0 0 0 0 0 0 127 0 0 0 0 0 130120 154530.875
0.0000000000 0.0000000000 0 0 0 0 0 0 0 0 127 0 0 0 0 0 130120 154530.925
0.0000000000 0.0000000000 0 0 0 0 0 0 0 0 127 0 0 0 0 0 130120 154530.975
0.0000000000 0.0000000000 0 0 0 0 0 0 0 0 127 0 0 0 0 0 130120 154531.025
0.0000000000 0.0000000000 0 0 0 0 0 0 0 0 127 0 0 0 0 0 130120 154531.075
0.0000000000 0.0000000000 0 0 0 0 0 0 0 0 127 0 0 0 0 0 130120 154531.126
0.0000000000 0.0000000000 0 0 0 0 0 0 0 0 127 0 0 0 0 0 130120 154531.176
0.0000000000 0.0000000000 0 0 0 0 0 0 0 0 127 0 0 0 0 0 130120 154531.226
0.0000000000 0.0000000000 0 0 0 0 0 0 0 0 127 0 0 0 0 0 130120 154531.276
0.0000000000 0.0000000000 0 0 0 0 0 0 0 0 127 0 0 0 0 0 130120 154531.326
0.0000000000 0.0000000000 0 0 0 0 0 0 0 0 127 0 0 0 0 0 130120 154531.377
0.0000000000 0.0000000000 0 0 0 0 0 0 0 0 127 0 0 0 0 0 130120 154531.427
0.0000000000 0.0000000000 0 0 0 0 0 0 0 0 127 0 0 0 0 0 130120 154531.477
0.0000000000 0.0000000000 0 0 0 0 0 0 0 0 127 0 0 0 0 0 130120 154531.527
0.0000000000 0.0000000000 0 0 0 0 0 0 0 0 127 0 0 0 0 0 130120 154531.577
0.0000000000 0.0000000000 0 0 0 0 0 0 0 0 127 0 0 0 0 0 130120 154531.628
0.0000000000 0.0000000000 0 0 0 0 0 0 0 0 127 0 0 0 0 0 130120 154531.678
0.0000000000 0.0000000000 0 0 0 0 0 0 0 0 127 0 0 0 0 0 130120 154531.728
0.0000000000 0.0000000000 0 0 0 0 0 0 0 0 127 0 0 0 0 0 130120 154531.778
0.0000000000 0.0000000000 0 0 0 0 0 0 0 0 127 0 0 0 0 0 130120 154531.829
0.0000000000 0.0000000000 0 0 0 0 0 0 0 0 127 0 0 0 0 0 130120 154531.879
0.0000000000 0.0000000000 0 0 0 0 0 0 0 0 127 0 0 0 0 0 130120 154531.929
0.0000000000 0.0000000000 0 0 0 0 0 0 0 0 127 0 0 0 0 0 130120 154531.979
0.0000000000 0.0000000000 0 0 0 0 0 0 0 0 127 0 0 0 0 0 130120 154532.029
0.0000000000 0.0000000000 0 0 0 0 0 0 0 0 127 0 0 0 0 0 130120 154532.080
0.0000000000 0.0000000000 0 0 0 0 0 0 0 0 127 0 0 0 0 0 130120 154532.130
0.0000000000 0.0000000000 0 0 0 0 0 0 0 0 127 0 0 0 0 0 130120 154532.180
0.0000000000 0.0000000000 0 0 0 0 0 0 0 0 127 0 0 0 0 0 130120 154532.230
0.0000000000 0.0000000000 0 0 0 0 0 0 0 0 127 0 0 0 0 0 130120 154532.281
0.0000000000 0.0000000000 0 0 0 0 0 0 0 0 127 0 0 0 0 0 130120 154532.331
0.0000000000 0.0000000000 0 0 0 0 0 0 0 0 127 0 0 0 0 0 130120 154532.381
0.0000000000 0.0000000000 0 0 0 0 0 0 0 0 127 0 0 0 0 0 130120 154532.431
0.0000000000 0.0000000000 0 0 0 0 0 0 0 0 127 0 0 0 0 0 130120 154532.482
0.0000000000 0.0000000000 0 0 0 0 0 0 0 0 127 0 0 0 0 0 130120 154532.532
0.0000000000 0.0000000000 0 0 0 0 0 0 0 0 127 0 0 0 0 0 130120 154532.582
0.0000000000 0.0000000000 0 0 0 0 0 0 0 0 127 0 0 0 0 0 130120 154532.632
0.0000000000 0.0000000000 0 0 0 0 0 0 0 0 127 0 0 0 0 0 130120 154532.683
0.0000000000 0.0000000000 0 0 0 0 0 0 0 0 127 0 0 0 0 0 130120 154532.733
0.0000000000 0.0000000000 0 0 0 0 0 0 0 0 127 0 0 0 0 0 130120 154532.783
0.0000000000 0.0000000000 0 0 0 0 0 0 0 0 127 0 0 0 0 0 130120 154532.833
0.0000000000 0.0000000000 0 0 0 0 0 0 0 0 127 0 0 0 0 0 130120 154532.883
0.0000000000 0.0000000000 0 0 0 0 0 0 0 0 127 0 0 0 0 0 130120 154532.934
0.0000000000 0.0000000000 0 0 0 0 0 0 0 0 127 0 0 0 0 0 130120 154532.984
0.0000000000 0.0000000000 0 0 0 0 0 0 0 0 127 0 0 0 0 0 130120 154533.034
0.0000000000 0.0000000000 0 0 0 0 0 0 0 0 127 0 0 0 0 0 130120 154533.084
0.0000000000 0.0000000000 0 0 0 0 0 0 0 0 127 0 0 0 0 0 130120 154533.134
0.0000000000 0.0000000000 0 0 0 0 0 0 0 0 127 0 0 0 0 0 130120 154533.185
0.0000000000 0.0000000000 0 0 0 0 0 0 0 0 127 0 0 0 0 0 130120 154533.235
0.0000000000 0.0000000000 0 0 0 0 0 0 0 0 127 0 0 0 0 0 130120 154533.285
0.0000000000 0.0000000000 0 0 0 0 0 0 0 0 127 0 0 0 0 0 130120 154533.335
0.0000000000 0.0000000000 0 0 0 0 0 0 0 0 127 0 0 0 0 0 130120 154533.385
0.0000000000 0.0000000000 0 0 0 0 0 0 0 0 127 0 0 0 0 0 130120 154533.436
0.0000000000 0.0000000000 0 0 0 0 0 0 0 0 127 0 0 0 0 0 130120 154533.486
0.0000000000 0.0000000000 0 0 0 0 0 0 0 0 127 0 0 0 0 0 130120 154533.536
0.0000000000 0.0000000000 0 0 0 0 0 0 0 0 127 0 0 0 0 0 130120 154533.586
0.0000000000 0.0000000000 0 0 0 0 0 0 0 0 127 0 0 0 0 0 130120 154533.637
0.0000000000 0.0000000000 0 0 0 0 0 0 0 0 127 0 0 0 0 0 130120 154533.687
0.0000000000 0.0000000000 0 0 0 0 0 0 0 0 127 0 0 0 0 0 130120 154533.737
0.0000000000 0.0000000000 0 0 0 0 0 0 0 0 127 0 0 0 0 0 130120 154533.787
0.0000000000 0.0000000000 0 0 0 0 0 0 0 0 127 0 0 0 0 0 130120 154533.838
0.0000000000 0.0000000000 0 0 0 0 0 0 0 0 127 0 0 0 0 0 130120 154533.888
0.0000000000 0.0000000000 0 0 0 0 0 0 0 0 127 0 0 0 0 0 130120 154533.938
0.0000000000 0.0000000000 0 0 0 0 0 0 0 0 127 0 0 0 0 0 130120 154533.988
0.0000000000 0.0000000000 0 0 0 0 0 0 0 0 127 0 0 0 0 0 130120 154534.039
0.0000000000 0.0000000000 0 0 0 0 0 0 0 0 127 0 0 0 0 0 130120 154534.089
0.0000000000 0.0000000000 0 0 0 0 0 0 0 0 127 0 0 0 0 0 130120 154534.139
0.0000000000 0.0000000000 0 0 0 0 0 0 0 0 127 0 0 0 0 0 130120 154534.189
0.0000000000 0.0000000000 0 0 0 0 0 0 0 0 127 0 0 0 0 0 130120 154534.240
0.0000000000 0.0000000000 0 0 0 0 0 0 0 0 127 0 0 0 0 0 130120 154534.290
0.0000000000 0.0000000000 0 0 0 0 0 0 0 0 127 0 0 0 0 0 130120 154534.340
0.0000000000 0.0000000000 0 0 0 0 0 0 0 0 127 0 0 0 0 0 130120 154534.390
0.0000000000 0.0000000000 0 0 0 0 0 0 0 0 127 0 0 0 0 0 130120 154534.440
0.0000000000 0.0000000000 0 0 0 0 0 0 0 0 127 0 0 0 0 0 130120 154534.490
0.0000000000 0.0000000000 0 0 0 0 0 0 0 0 127 0 0 0 0 0 130120 154534.541
0.0000000000 0.0000000000 0 0 0 0 0 0 0 0 127 0 0 0 0 0 130120 154534.591
0.0000000000 0.0000000000 0 0 0 0 0 0 0 0 127 0 0 0 0 0 130120 154534.641
0.0000000000 0.0000000000 0 0 0 0 0 0 0 0 127 0 0 0 0 0 130120 154534.691
0.0000000000 0.0000000000 0 0 0 0 0 0 0 0 127 0 0 0 0 0 130120 154534.742
0.0000000000 0.0000000000 0 0 0 0 0 0 0 0 127 0 0 0 0 0 130120 154534.792
0.0000000000 0.0000000000 0 0 0 0 0 0 0 0 127 0 0 0 0 0 130120 154534.842
0.0000000000 0.0000000000 0 0 0 0 0 0 0 0 127 0 0 0 0 0 130120 154534.892
0.0000000000 0.0000000000 0 0 0 0 0 0 0 0 127 0 0 0 0 0 130120 154534.942
0.0000000000 0.0000000000 0 0 0 0 0 0 0 0 127 0 0 0 0 0 130120 154534.993
0.0000000000 0.0000000000 0 0 0 0 0 0 0 0 127 0 0 0 0 0 130120 154535.043
0.0000000000 0.0000000000 0 0 0 0 0 0 0 0 127 0 0 0 0 0 130120 154535.093
0.0000000000 0.0000000000 0 0 0 0 0 0 0 0 127 0 0 0 0 0 130120 154535.143
0.0000000000 0.0000000000 0 0 0 0 0 0 0 0 127 0 0 0 0 0 130120 154535.193
0.0000000000 0.0000000000 0 0 0 0 0 0 0 0 127 0 0 0 0 0 130120 154535.243
0.0000000000 0.0000000000 0 0 0 0 0 0 0 0 127 0 0 0 0 0 130120 154535.294
0.0000000000 0.0000000000 0 0 0 0 0 0 0 0 127 0 0 0 0 0 130120 154535.344
0.0000000000 0.0000000000 0 0 0 0 0 0 0 0 127 0 0 0 0 0 130120 154535.394
0.0000000000 0.0000000000 0 0 0 0 0 0 0 0 127 0 0 0 0 0 130120 154535.444
0.0000000000 0.0000000000 0 0 0 0 0 0 0 0 127 0 0 0 0 0 130120 154535.494
0.0000000000 0.0000000000 0 0 0 0 0 0 0 0 127 0 0 0 0 0 130120 154535.545
0.0000000000 0.0000000000 0 0 0 0 0 0 0 0 127 0 0 0 0 0 130120 154535.595
0.0000000000 0.0000000000 0 0 0 0 0 0 0 0 127 0 0 0 0 0 130120 154535.645
0.0000000000 0.0000000000 0 0 0 0 0 0 0 0 127 0 0 0 0 0 130120 154535.695
0.0000000000 0.0000000000 0 0 0 0 0 0 0 0 127 0 0 0 0 0 130120 154535.745
0.0000000000 0.0000000000 0 0 0 0 0 0 0 0 127 0 0 0 0 0 130120 154535.796
0.0000000000 0.0000000000 0 0 0 0 0 0 0 0 127 0 0 0 0 0 130120 154535.846
0.0000000000 0.0000000000 0 0 0 0 0 0 0 0 127 0 0 0 0 0 130120 154535.896
0.0000000000 0.0000000000 0 0 0 0 0 0 0 0 127 0 0 0 0 0 130120 154535.946
0.0000000000 0.0000000000 0 0 0 0 0 0 0 0 127 0 0 0 0 0 130120 154535.996
0.0000000000 0.0000000000 0 0 0 0 0 0 0 0 127 0 0 0 0 0 130120 154536.047
0.0000000000 0.0000000000 0 0 0 0 0 0 0 0 127 0 0 0 0 0 130120 154536.097
0.0000000000 0.0000000000 0 0 0 0 0 0 0 0 127 0 0 0 0 0 130120 154536.147
0.0000000000 0.0000000000 0 0 0 0 0 0 0 0 127 0 0 0 0 0 130120 154536.197
0.0000000000 0.0000000000 0 0 0 0 0 0 0 0 127 0 0 0 0 0 130120 154536.247
0.0000000000 0.0000000000 0 0 0 0 0 0 0 0 127 0 0 0 0 0 130120 154536.297
0.0000000000 0.0000000000 0 0 0 0 0 0 0 0 127 0 0 0 0 0 130120 154536.348
0.0000000000 0.0000000000 0 0 0 0 0 0 0 0 127 0 0 0 0 0 130120 154536.398
0.0000000000 0.0000000000 0 0 0 0 0 0 0 0 127 0 0 0 0 0 130120 154536.448
0.0000000000 0.0000000000 0 0 0 0 0 0 0 0 127 0 0 0 0 0 130120 154536.498
0.0000000000 0.0000000000 0 0 0 0 0 0 0 0 127 0 0 0 0 0 130120 154536.549
0.0000000000 0.0000000000 0 0 0 0 0 0 0 0 127 0 0 0 0 0 130120 154536.599
0.0000000000 0.0000000000 0 0 0 0 0 0 0 0 127 0 0 0 0 0 130120 154536.649
0.0000000000 0.0000000000 0 0 0 0 0 0 0 0 127 0 0 0 0 0 130120 154536.699
0.0000000000 0.0000000000 0 0 0 0 0 0 0 0 127 0 0 0 0 0 130120 154536.749
0.0000000000 0.0000000000 0 0 0 0 0 0 0 0 127 0 0 0 0 0 130120 154536.800
0.0000000000 0.0000000000 0 0 0 0 0 0 0 0 127 0 0 0 0 0 130120 154536.850
0.0000000000 0.0000000000 0 0 0 0 0 0 0 0 127 0 0 0 0 0 130120 154536.900
0.0000000000 0.0000000000 0 0 0 0 0 0 0 0 127 0 0 0 0 0 130120 154536.950
0.0000000000 0.0000000000 0 0 0 0 0 0 0 0 127 0 0 0 0 0 130120 154537.001
0.0000000000 0.0000000000 0 0 0 0 0 0 0 0 127 0 0 0 0 0 130120 154537.051
0.0000000000 0.0000000000 0 0 0 0 0 0 0 0 127 0 0 0 0 0 130120 154537.101
0.0000000000 0.0000000000 0 0 0 0 0 0 0 0 127 0 0 0 0 0 130120 154537.152
0.0000000000 0.0000000000 0 0 0 0 0 0 0 0 127 0 0 0 0 0 130120 154537.202
0.0000000000 0.0000000000 0 0 0 0 0 0 0 0 127 0 0 0 0 0 130120 154537.252
0.0000000000 0.0000000000 0 0 0 0 0 0 0 0 127 0 0 0 0 0 130120 154537.302
0.0000000000 0.0000000000 0 0 0 0 0 0 0 0 127 0 0 0 0 0 130120 154537.353
0.0000000000 0.0000000000 0 0 0 0 0 0 0 0 127 0 0 0 0 0 130120 154537.403
0.0000000000 0.0000000000 0 0 0 0 0 0 0 0 127 0 0 0 0 0 130120 154537.453
0.0000000000 0.0000000000 0 0 0 0 0 0 0 0 127 0 0 0 0 0 130120 154537.503
0.0000000000 0.0000000000 0 0 0 0 0 0 0 0 127 0 0 0 0 0 130120 154537.553
0.0000000000 0.0000000000 0 0 0 0 0 0 0 0 127 0 0 0 0 0 130120 154537.604
0.0000000000 0.0000000000 0 0 0 0 0 0 0 0 127 0 0 0 0 0 130120 154537.654
0.0000000000 0.0000000000 0 0 0 0 0 0 0 0 127 0 0 0 0 0 130120 154537.704
0.0000000000 0.0000000000 0 0 0 0 0 0 0 0 127 0 0 0 0 0 130120 154537.754
0.0000000000 0.0000000000 0 0 0 0 0 0 0 0 127 0 0 0 0 0 130120 154537.805
0.0000000000 0.0000000000 0 0 0 0 0 0 0 0 127 0 0 0 0 0 130120 154537.855
0.0000000000 0.0000000000 0 0 0 0 0 0 0 0 127 0 0 0 0 0 130120 154537.905
0.0000000000 0.0000000000 0 0 0 0 0 0 0 0 127 0 0 0 0 0 130120 154537.955
0.0000000000 0.0000000000 0 0 0 0 0 0 0 0 127 0 0 0 0 0 130120 154538.005
0.0000000000 0.0000000000 0 0 0 0 0 0 0 0 127 0 0 0 0 0 130120 154538.056
0.0000000000 0.0000000000 0 0 0 0 0 0 0 0 127 0 0 0 0 0 130120 154538.106
0.0000000000 0.0000000000 0 0 0 0 0 0 0 0 127 0 0 0 0 0 130120 154538.156
0.0000000000 0.0000000000 0 0 0 0 0 0 0 0 127 0 0 0 0 0 130120 154538.206
0.0000000000 0.0000000000 0 0 0 0 0 0 0 0 127 0 0 0 0 0 130120 154538.257
0.0000000000 0.0000000000 0 0 0 0 0 0 0 0 127 0 0 0 0 0 130120 154538.307
0.0000000000 0.0000000000 0 0 0 0 0 0 0 0 127 0 0 0 0 0 130120 154538.357
0.0000000000 0.0000000000 0 0 0 0 0 0 0 0 127 0 0 0 0 0 130120 154538.408
0.0000000000 0.0000000000 0 0 0 0 0 0 0 0 127 0 0 0 0 0 130120 154538.458
0.0000000000 0.0000000000 0 0 0 0 0 0 0 0 127 0 0 0 0 0 130120 154538.508
0.0000000000 0.0000000000 0 0 0 0 0 0 0 0 127 0 0 0 0 0 130120 154538.558
0.0000000000 0.0000000000 0 0 0 0 0 0 0 0 127 0 0 0 0 0 130120 154538.609
0.0000000000 0.0000000000 0 0 0 0 0 0 0 0 127 0 0 0 0 0 130120 154538.659
0.0000000000 0.0000000000 0 0 0 0 0 0 0 0 127 0 0 0 0 0 130120 154538.709
0.0000000000 0.0000000000 0 0 0 0 0 0 0 0 127 0 0 0 0 0 130120 154538.760
0.0000000000 0.0000000000 0 0 0 0 0 0 0 0 127 0 0 0 0 0 130120 154538.810
0.0000000000 0.0000000000 0 0 0 0 0 0 0 0 127 0 0 0 0 0 130120 154538.860
0.0000000000 0.0000000000 0 0 0 0 0 0 0 0 127 0 0 0 0 0 130120 154538.910
0.0000000000 0.0000000000 0 0 0 0 0 0 0 0 127 0 0 0 0 0 130120 154538.961
0.0000000000 0.0000000000 0 0 0 0 0 0 0 0 127 0 0 0 0 0 130120 154539.011
0.0000000000 0.0000000000 0 0 0 0 0 0 0 0 127 0 0 0 0 0 130120 154539.061
0.0000000000 0.0000000000 0 0 0 0 0 0 0 0 127 0 0 0 0 0 130120 154539.111
0.0000000000 0.0000000000 0 0 0 0 0 0 0 0 127 0 0 0 0 0 130120 154539.161
0.0000000000 0.0000000000 0 0 0 0 0 0 0 0 127 0 0 0 0 0 130120 154539.211
0.0000000000 0.0000000000 0 0 0 0 0 0 0 0 127 0 0 0 0 0 130120 154539.262
0.0000000000 0.0000000000 0 0 0 0 0 0 0 0 127 0 0 0 0 0 130120 154539.312
0.0000000000 0.0000000000 0 0 0 0 0 0 0 0 127 0 0 0 0 0 130120 154539.362
0.0000000000 0.0000000000 0 0 0 0 0 0 0 0 127 0 0 0 0 0 130120 154539.412
0.0000000000 0.0000000000 0 0 0 0 0 0 0 0 127 0 0 0 0 0 130120 154539.463
0.0000000000 0.0000000000 0 0 0 0 0 0 0 0 127 0 0 0 0 0 130120 154539.513
0.0000000000 0.0000000000 0 0 0 0 0 0 0 0 127 0 0 0 0 0 130120 154539.563
0.0000000000 0.0000000000 0 0 0 0 0 0 0 0 127 0 0 0 0 0 130120 154539.614
0.0000000000 0.0000000000 0 0 0 0 0 0 0 0 127 0 0 0 0 0 130120 154539.664
0.0000000000 0.0000000000 0 0 0 0 0 0 0 0 127 0 0 0 0 0 130120 154539.714
0.0000000000 0.0000000000 0 0 0 0 0 0 0 0 127 0 0 0 0 0 130120 154539.765
0.0000000000 0.0000000000 0 0 0 0 0 0 0 0 127 0 0 0 0 0 130120 154539.815
0.0000000000 0.0000000000 0 0 0 0 0 0 0 0 127 0 0 0 0 0 130120 154539.865
0.0000000000 0.0000000000 0 0 0 0 0 0 0 0 127 0 0 0 0 0 130120 154539.915
0.0000000000 0.0000000000 0 0 0 0 0 0 0 0 127 0 0 0 0 0 130120 154539.965
0.0000000000 0.0000000000 0 0 0 0 0 0 0 0 127 0 0 0 0 0 130120 154540.015
0.0000000000 0.0000000000 0 0 0 0 0 0 0 0 127 0 0 0 0 0 130120 154540.066
0.0000000000 0.0000000000 0 0 0 0 0 0 0 0 127 0 0 0 0 0 130120 154540.116
0.0000000000 0.0000000000 0 0 0 0 0 0 0 0 127 0 0 0 0 0 130120 154540.166
0.0000000000 0.0000000000 0 0 0 0 0 0 0 0 127 0 0 0 0 0 130120 154540.217
0.0000000000 0.0000000000 0 0 0 0 0 0 0 0 127 0 0 0 0 0 130120 154540.267
0.0000000000 0.0000000000 0 0 0 0 0 0 0 0 127 0 0 0 0 0 130120 154540.317
0.0000000000 0.0000000000 0 0 0 0 0 0 0 0 127 0 0 0 0 0 130120 154540.368
0.0000000000 0.0000000000 0 0 0 0 0 0 0 0 127 0 0 0 0 0 130120 154540.418
0.0000000000 0.0000000000 0 0 0 0 0 0 0 0 127 0 0 0 0 0 130120 154540.468
0.0000000000 0.0000000000 0 0 0 0 0 0 0 0 127 0 0 0 0 0 130120 154540.519
0.0000000000 0.0000000000 0 0 0 0 0 0 0 0 127 0 0 0 0 0 130120 154540.569
0.0000000000 0.0000000000 0 0 0 0 0 0 0 0 127 0 0 0 0 0 130120 154540.619
0.0000000000 0.0000000000 0 0 0 0 0 0 0 0 127 0 0 0 0 0 130120 154540.669
0.0000000000 0.0000000000 0 0 0 0 0 0 0 0 127 0 0 0 0 0 130120 154540.720
0.0000000000 0.0000000000 0 0 0 0 0 0 0 0 127 0 0 0 0 0 130120 154540.770
0.0000000000 0.0000000000 0 0 0 0 0 0 0 0 127 0 0 0 0 0 130120 154540.820
0.0000000000 0.0000000000 0 0 0 0 0 0 0 0 127 0 0 0 0 0 130120 154540.870
0.0000000000 0.0000000000 0 0 0 0 0 0 0 0 127 0 0 0 0 0 130120 154540.921
0.0000000000 0.0000000000 0 0 0 0 0 0 0 0 127 0 0 0 0 0 130120 154540.971
0.0000000000 0.0000000000 0 0 0 0 0 0 0 0 127 0 0 0 0 0 130120 154541.021
0.0000000000 0.0000000000 0 0 0 0 0 0 0 0 127 0 0 0 0 0 130120 154541.071
0.0000000000 0.0000000000 0 0 0 0 0 0 0 0 127 0 0 0 0 0 130120 154541.121
0.0000000000 0.0000000000 0 0 0 0 0 0 0 0 127 0 0 0 0 0 130120 154541.172
0.0000000000 0.0000000000 0 0 0 0 0 0 0 0 127 0 0 0 0 0 130120 154541.222
0.0000000000 0.0000000000 0 0 0 0 0 0 0 0 127 0 0 0 0 0 130120 154541.272
0.0000000000 0.0000000000 0 0 0 0 0 0 0 0 127 0 0 0 0 0 130120 154541.322
0.0000000000 0.0000000000 0 0 0 0 0 0 0 0 127 0 0 0 0 0 130120 154541.373
0.0000000000 0.0000000000 0 0 0 0 0 0 0 0 127 0 0 0 0 0 130120 154541.423
0.0000000000 0.0000000000 0 0 0 0 0 0 0 0 127 0 0 0 0 0 130120 154541.473
0.0000000000 0.0000000000 0 0 0 0 0 0 0 0 127 0 0 0 0 0 130120 154541.523
0.0000000000 0.0000000000 0 0 0 0 0 0 0 0 127 0 0 0 0 0 130120 154541.574
0.0000000000 0.0000000000 0 0 0 0 0 0 0 0 127 0 0 0 0 0 130120 154541.624
0.0000000000 0.0000000000 0 0 0 0 0 0 0 0 127 0 0 0 0 0 130120 154541.674
0.0000000000 0.0000000000 0 0 0 0 0 0 0 0 127 0 0 0 0 0 130120 154541.724
0.0000000000 0.0000000000 0 0 0 0 0 0 0 0 127 0 0 0 0 0 130120 154541.774
0.0000000000 0.0000000000 0 0 0 0 0 0 0 0 127 0 0 0 0 0 130120 154541.825
0.0000000000 0.0000000000 0 0 0 0 0 0 0 0 127 0 0 0 0 0 130120 154541.875
0.0000000000 0.0000000000 0 0 0 0 0 0 0 0 127 0 0 0 0 0 130120 154541.925
0.0000000000 0.0000000000 0 0 0 0 0 0 0 0 127 0 0 0 0 0 130120 154541.976
0.0000000000 0.0000000000 0 0 0 0 0 0 0 0 127 0 0 0 0 0 130120 154542.026
0.0000000000 0.0000000000 0 0 0 0 0 0 0 0 127 0 0 0 0 0 130120 154542.076
0.0000000000 0.0000000000 0 0 0 0 0 0 0 0 127 0 0 0 0 0 130120 154542.126
0.0000000000 0.0000000000 0 0 0 0 0 0 0 0 127 0 0 0 0 0 130120 154542.177
0.0000000000 0.0000000000 0 0 0 0 0 0 0 0 127 0 0 0 0 0 130120 154542.227
0.0000000000 0.0000000000 0 0 0 0 0 0 0 0 127 0 0 0 0 0 130120 154542.277
0.0000000000 0.0000000000 0 0 0 0 0 0 0 0 127 0 0 0 0 0 130120 154542.328
0.0000000000 0.0000000000 0 0 0 0 0 0 0 0 127 0 0 0 0 0 130120 154542.378
0.0000000000 0.0000000000 0 0 0 0 0 0 0 0 127 0 0 0 0 0 130120 154542.428
0.0000000000 0.0000000000 0 0 0 0 0 0 0 0 127 0 0 0 0 0 130120 154542.478
0.0000000000 0.0000000000 0 0 0 0 0 0 0 0 127 0 0 0 0 0 130120 154542.528
0.0000000000 0.0000000000 0 0 0 0 0 0 0 0 127 0 0 0 0 0 130120 154542.579
0.0000000000 0.0000000000 0 0 0 0 0 0 0 0 127 0 0 0 0 0 130120 154542.629
0.0000000000 0.0000000000 0 0 0 0 0 0 0 0 127 0 0 0 0 0 130120 154542.679
0.0000000000 0.0000000000 0 0 0 0 0 0 0 0 127 0 0 0 0 0 130120 154542.729
0.0000000000 0.0000000000 0 0 0 0 0 0 0 0 127 0 0 0 0 0 130120 154542.779
0.0000000000 0.0000000000 0 0 0 0 0 0 0 0 127 0 0 0 0 0 130120 154542.830
0.0000000000 0.0000000000 0 0 0 0 0 0 0 0 127 0 0 0 0 0 130120 154542.880
0.0000000000 0.0000000000 0 0 0 0 0 0 0 0 127 0 0 0 0 0 130120 154542.930
0.0000000000 0.0000000000 0 0 0 0 0 0 0 0 127 0 0 0 0 0 130120 154542.980
0.0000000000 0.0000000000 0 0 0 0 0 0 0 0 127 0 0 0 0 0 130120 154543.030
0.0000000000 0.0000000000 0 0 0 0 0 0 0 0 127 0 0 0 0 0 130120 154543.080
0.0000000000 0.0000000000 0 0 0 0 0 0 0 0 127 0 0 0 0 0 130120 154543.131
0.0000000000 0.0000000000 0 0 0 0 0 0 0 0 127 0 0 0 0 0 130120 154543.181
0.0000000000 0.0000000000 0 0 0 0 0 0 0 0 127 0 0 0 0 0 130120 154543.231
0.0000000000 0.0000000000 0 0 0 0 0 0 0 0 127 0 0 0 0 0 130120 154543.281
0.0000000000 0.0000000000 0 0 0 0 0 0 0 0 127 0 0 0 0 0 130120 154543.331
0.0000000000 0.0000000000 0 0 0 0 0 0 0 0 127 0 0 0 0 0 130120 154543.381
0.0000000000 0.0000000000 0 0 0 0 0 0 0 0 127 0 0 0 0 0 130120 154543.432
0.0000000000 0.0000000000 0 0 0 0 0 0 0 0 127 0 0 0 0 0 130120 154543.482
0.0000000000 0.0000000000 0 0 0 0 0 0 0 0 127 0 0 0 0 0 130120 154543.532
0.0000000000 0.0000000000 0 0 0 0 0 0 0 0 127 0 0 0 0 0 130120 154543.582
0.0000000000 0.0000000000 0 0 0 0 0 0 0 0 127 0 0 0 0 0 130120 154543.632
0.0000000000 0.0000000000 0 0 0 0 0 0 0 0 127 0 0 0 0 0 130120 154543.682
0.0000000000 0.0000000000 0 0 0 0 0 0 0 0 127 0 0 0 0 0 130120 154543.732
0.0000000000 0.0000000000 0 0 0 0 0 0 0 0 127 0 0 0 0 0 130120 154543.783
0.0000000000 0.0000000000 0 0 0 0 0 0 0 0 127 0 0 0 0 0 130120 154543.833
0.0000000000 0.0000000000 0 0 0 0 0 0 0 0 127 0 0 0 0 0 130120 154543.883
0.0000000000 0.0000000000 0 0 0 0 0 0 0 0 127 0 0 0 0 0 130120 154543.933
0.0000000000 0.0000000000 0 0 0 0 0 0 0 0 127 0 0 0 0 0 130120 154543.983
0.0000000000 0.0000000000 0 0 0 0 0 0 0 0 127 0 0 0 0 0 130120 154544.034
0.0000000000 0.0000000000 0 0 0 0 0 0 0 0 127 0 0 0 0 0 130120 154544.084
0.0000000000 0.0000000000 0 0 0 0 0 0 0 0 127 0 0 0 0 0 130120 154544.134
0.0000000000 0.0000000000 0 0 0 0 0 0 0 0 127 0 0 0 0 0 130120 154544.184
0.0000000000 0.0000000000 0 0 0 0 0 0 0 0 127 0 0 0 0 0 130120 154544.234
0.0000000000 0.0000000000 0 0 0 0 0 0 0 0 127 0 0 0 0 0 130120 154544.285
