0.0000000000 0.0000000000 0 0 0 0 0 0 242 174 112 1 0 0 0 0 040619 152503.992
0.0000000000 0.0000000000 0 0 0 0 0 0 166 168 112 1 0 0 0 0 040619 152504.192
0.0000000000 0.0000000000 0 0 0 0 0 0 6 154 112 1 0 0 0 0 040619 152504.393
0.0000000000 0.0000000000 0 0 0 0 0 0 77 141 112 1 0 0 0 0 040619 152504.593
0.0000000000 0.0000000000 0 0 0 0 0 0 0 128 112 1 0 0 0 0 040619 152504.793
0.0000000000 0.0000000000 0 0 0 0 0 0 0 128 112 1 0 0 0 0 040619 152504.993
0.0000000000 0.0000000000 0 0 0 0 0 0 0 128 112 1 0 0 0 0 040619 152505.194
0.0000000000 0.0000000000 0 0 0 0 0 0 0 128 112 1 0 0 0 0 040619 152505.394
0.0000000000 0.0000000000 0 0 0 0 0 0 0 128 112 1 0 0 0 0 040619 152505.594
0.0000000000 0.0000000000 0 0 0 0 0 0 0 128 112 1 0 0 0 0 040619 152505.794
0.0000000000 0.0000000000 0 0 0 0 0 0 0 128 112 1 0 0 0 0 040619 152505.995
0.0000000000 0.0000000000 0 0 0 0 0 0 0 128 112 1 0 0 0 0 040619 152506.195
0.0000000000 0.0000000000 0 0 0 0 0 0 0 128 112 1 0 0 0 0 040619 152506.395
0.0000000000 0.0000000000 0 0 0 0 0 0 0 128 112 1 0 0 0 0 040619 152506.595
0.0000000000 0.0000000000 0 0 0 0 0 0 0 128 112 1 0 0 0 0 040619 152506.796
0.0000000000 0.0000000000 0 0 0 0 0 0 0 128 112 1 0 0 0 0 040619 152506.996
0.0000000000 0.0000000000 0 0 0 0 0 0 0 128 112 1 0 0 0 0 040619 152507.196
0.0000000000 0.0000000000 0 0 0 0 0 0 0 128 112 1 0 0 0 0 040619 152507.396
0.0000000000 0.0000000000 0 0 0 0 0 0 0 128 112 1 0 0 0 0 040619 152507.597
0.0000000000 0.0000000000 0 0 0 0 0 0 0 0 112 1 0 0 0 0 040619 152507.797
0.0000000000 0.0000000000 0 0 0 0 0 0 0 0 112 1 0 0 0 0 040619 152507.997
0.0000000000 0.0000000000 0 0 0 0 0 0 0 0 112 1 0 0 0 0 040619 152508.197
0.0000000000 0.0000000000 0 0 0 0 0 0 0 0 112 1 0 0 0 0 040619 152508.398
0.0000000000 0.0000000000 0 0 0 0 0 0 0 128 112 1 0 0 0 0 040619 152508.598
0.0000000000 0.0000000000 0 0 0 0 0 0 0 128 112 1 0 0 0 0 040619 152508.798
0.0000000000 0.0000000000 0 0 0 0 0 0 0 128 112 1 0 0 0 0 040619 152508.998
0.0000000000 0.0000000000 0 0 0 0 0 0 138 140 112 1 0 0 0 0 040619 152509.199
0.0000000000 0.0000000000 0 0 0 0 0 0 43 147 112 1 0 0 0 0 040619 152509.399
0.0000000000 0.0000000000 0 0 0 0 0 0 209 179 112 1 0 0 0 0 040619 152509.599
0.0000000000 0.0000000000 0 0 0 0 0 0 230 247 112 1 0 0 0 0 040619 152509.799
0.0000000000 0.0000000000 0 0 0 0 0 0 230 247 112 1 0 0 0 0 040619 152510.000
0.0000000000 0.0000000000 0 0 0 0 0 0 182 77 112 1 0 0 0 0 040619 152510.200
0.0000000000 0.0000000000 0 0 0 0 0 0 182 77 112 1 0 0 0 0 040619 152510.400
0.0000000000 0.0000000000 0 0 0 0 0 0 49 126 112 1 0 0 0 0 040619 152510.600
0.0000000000 0.0000000000 0 0 0 0 0 0 255 127 112 1 0 0 0 0 040619 152510.801
0.0000000000 0.0000000000 0 0 0 0 0 0 255 127 112 1 0 0 0 0 040619 152511.001
0.0000000000 0.0000000000 0 0 0 0 0 0 255 127 112 1 0 0 0 0 040619 152511.201
0.0000000000 0.0000000000 0 0 0 0 0 0 255 127 112 1 0 0 0 0 040619 152511.401
0.0000000000 0.0000000000 0 0 0 0 0 0 255 127 112 1 0 0 0 0 040619 152511.602
0.0000000000 0.0000000000 0 0 0 0 0 0 255 127 112 1 0 0 0 0 040619 152511.802
0.0000000000 0.0000000000 0 0 0 0 0 0 255 127 112 1 0 0 0 0 040619 152512.002
0.0000000000 0.0000000000 0 0 0 0 0 0 255 127 112 1 0 0 0 0 040619 152512.202
0.0000000000 0.0000000000 0 0 0 0 0 0 255 127 112 1 0 0 0 0 040619 152512.402
0.0000000000 0.0000000000 0 0 0 0 0 0 255 127 112 1 0 0 0 0 040619 152512.603
0.0000000000 0.0000000000 0 0 0 0 0 0 255 127 112 1 0 0 0 0 040619 152512.803
0.0000000000 0.0000000000 0 0 0 0 0 0 255 127 112 1 0 0 0 0 040619 152513.003
0.0000000000 0.0000000000 0 0 0 0 0 0 255 127 112 1 0 0 0 0 040619 152513.203
0.0000000000 0.0000000000 0 0 0 0 0 0 255 127 112 1 0 0 0 0 040619 152513.404
0.0000000000 0.0000000000 0 0 0 0 0 0 255 127 112 1 0 0 0 0 040619 152513.604
0.0000000000 0.0000000000 0 0 0 0 0 0 255 127 112 1 0 0 0 0 040619 152513.804
0.0000000000 0.0000000000 0 0 0 0 0 0 255 127 112 1 0 0 0 0 040619 152514.004
0.0000000000 0.0000000000 0 0 0 0 0 0 255 127 112 1 0 0 0 0 040619 152514.205
0.0000000000 0.0000000000 0 0 0 0 0 0 255 127 112 1 0 0 0 0 040619 152514.405
0.0000000000 0.0000000000 0 0 0 0 0 0 255 127 112 1 0 0 0 0 040619 152514.605
0.0000000000 0.0000000000 0 0 0 0 0 0 255 127 112 1 0 0 0 0 040619 152514.805
0.0000000000 0.0000000000 0 0 0 0 0 0 255 127 112 1 0 0 0 0 040619 152515.006
0.0000000000 0.0000000000 0 0 0 0 0 0 255 127 112 1 0 0 0 0 040619 152515.206
0.0000000000 0.0000000000 0 0 0 0 0 0 255 127 112 1 0 0 0 0 040619 152515.406
0.0000000000 0.0000000000 0 0 0 0 0 0 255 127 112 1 0 0 0 0 040619 152515.606
0.0000000000 0.0000000000 0 0 0 0 0 0 255 127 112 1 0 0 0 0 040619 152515.806
0.0000000000 0.0000000000 0 0 0 0 0 0 255 127 112 1 0 0 0 0 040619 152516.007
0.0000000000 0.0000000000 0 0 0 0 0 0 255 127 112 1 0 0 0 0 040619 152516.207
0.0000000000 0.0000000000 0 0 0 0 0 0 255 127 112 1 0 0 0 0 040619 152516.407
0.0000000000 0.0000000000 0 0 0 0 0 0 255 127 112 1 0 0 0 0 040619 152516.607
0.0000000000 0.0000000000 0 0 0 0 0 0 255 127 112 1 0 0 0 0 040619 152516.808
0.0000000000 0.0000000000 0 0 0 0 0 0 255 127 112 1 0 0 0 0 040619 152517.008
0.0000000000 0.0000000000 0 0 0 0 0 0 255 127 112 1 0 0 0 0 040619 152517.208
0.0000000000 0.0000000000 0 0 0 0 0 0 255 127 112 1 0 0 0 0 040619 152517.408
0.0000000000 0.0000000000 0 0 0 0 0 0 255 127 112 1 0 0 0 0 040619 152517.608
0.0000000000 0.0000000000 0 0 0 0 0 0 255 127 112 1 0 0 0 0 040619 152517.809
0.0000000000 0.0000000000 0 0 0 0 0 0 255 127 112 1 0 0 0 0 040619 152518.009
0.0000000000 0.0000000000 0 0 0 0 0 0 255 127 112 1 0 0 0 0 040619 152518.209
0.0000000000 0.0000000000 0 0 0 0 0 0 255 127 112 1 0 0 0 0 040619 152518.409
0.0000000000 0.0000000000 0 0 0 0 0 0 255 127 112 1 0 0 0 0 040619 152518.610
0.0000000000 0.0000000000 0 0 0 0 0 0 255 127 112 1 0 0 0 0 040619 152518.810
0.0000000000 0.0000000000 0 0 0 0 0 0 255 127 112 1 0 0 0 0 040619 152519.010
0.0000000000 0.0000000000 0 0 0 0 0 0 255 127 112 1 0 0 0 0 040619 152519.210
0.0000000000 0.0000000000 0 0 0 0 0 0 255 127 112 1 0 0 0 0 040619 152519.410
0.0000000000 0.0000000000 0 0 0 0 0 0 255 127 112 1 0 0 0 0 040619 152519.611
0.0000000000 0.0000000000 0 0 0 0 0 0 255 127 112 1 0 0 0 0 040619 152519.811
0.0000000000 0.0000000000 0 0 0 0 0 0 255 127 112 1 0 0 0 0 040619 152520.011
0.0000000000 0.0000000000 0 0 0 0 0 0 255 127 112 1 0 0 0 0 040619 152520.211
0.0000000000 0.0000000000 0 0 0 0 0 0 255 127 112 1 0 0 0 0 040619 152520.412
0.0000000000 0.0000000000 0 0 0 0 0 0 255 127 112 1 0 0 0 0 040619 152520.612
0.0000000000 0.0000000000 0 0 0 0 0 0 255 127 112 1 0 0 0 0 040619 152520.812
0.0000000000 0.0000000000 0 0 0 0 0 0 255 127 112 1 0 0 0 0 040619 152521.012
0.0000000000 0.0000000000 0 0 0 0 0 0 0 0 127 0 0 0 0 0 040619 152521.212
0.0000000000 0.0000000000 0 0 0 0 0 0 0 0 127 0 0 0 0 0 040619 152521.413
0.0000000000 0.0000000000 0 0 0 0 0 0 0 0 127 0 0 0 0 0 040619 152521.613
0.0000000000 0.0000000000 0 0 0 0 0 0 0 0 127 0 0 0 0 0 040619 152521.813
0.0000000000 0.0000000000 0 0 0 0 0 0 0 0 127 0 0 0 0 0 040619 152522.014
0.0000000000 0.0000000000 0 0 0 0 0 0 0 0 127 0 0 0 0 0 040619 152522.214
0.0000000000 0.0000000000 0 0 0 0 0 0 0 0 127 0 0 0 0 0 040619 152522.414
0.0000000000 0.0000000000 0 0 0 0 0 0 0 0 127 0 0 0 0 0 040619 152522.614
0.0000000000 0.0000000000 0 0 0 0 0 0 0 0 127 0 0 0 0 0 040619 152522.814
0.0000000000 0.0000000000 0 0 0 0 0 0 0 0 127 0 0 0 0 0 040619 152523.015
0.0000000000 0.0000000000 0 0 0 0 0 0 0 0 127 0 0 0 0 0 040619 152523.215
0.0000000000 0.0000000000 0 0 0 0 0 0 0 0 127 0 0 0 0 0 040619 152523.416
0.0000000000 0.0000000000 0 0 0 0 0 0 0 0 127 0 0 0 0 0 040619 152523.616
0.0000000000 0.0000000000 0 0 0 0 0 0 0 0 127 0 0 0 0 0 040619 152523.816
0.0000000000 0.0000000000 0 0 0 0 0 0 0 0 127 0 0 0 0 0 040619 152524.017
0.0000000000 0.0000000000 0 0 0 0 0 0 0 0 127 0 0 0 0 0 040619 152524.217
0.0000000000 0.0000000000 0 0 0 0 0 0 0 0 127 0 0 0 0 0 040619 152524.417
0.0000000000 0.0000000000 0 0 0 0 0 0 0 0 127 0 0 0 0 0 040619 152524.617
0.0000000000 0.0000000000 0 0 0 0 0 0 0 0 127 0 0 0 0 0 040619 152524.818
0.0000000000 0.0000000000 0 0 0 0 0 0 0 0 127 0 0 0 0 0 040619 152525.018
0.0000000000 0.0000000000 0 0 0 0 0 0 0 0 127 0 0 0 0 0 040619 152525.220
0.0000000000 0.0000000000 0 0 0 0 0 0 0 0 127 0 0 0 0 0 040619 152525.420
0.0000000000 0.0000000000 0 0 0 0 0 0 0 0 127 0 0 0 0 0 040619 152525.620
0.0000000000 0.0000000000 0 0 0 0 0 0 0 0 127 0 0 0 0 0 040619 152525.820
0.0000000000 0.0000000000 0 0 0 0 0 0 0 0 127 0 0 0 0 0 040619 152526.021
0.0000000000 0.0000000000 0 0 0 0 0 0 0 0 127 0 0 0 0 0 040619 152526.221
0.0000000000 0.0000000000 0 0 0 0 0 0 0 0 127 0 0 0 0 0 040619 152526.421
0.0000000000 0.0000000000 0 0 0 0 0 0 0 0 127 0 0 0 0 0 040619 152526.621
0.0000000000 0.0000000000 0 0 0 0 0 0 0 0 127 0 0 0 0 0 040619 152526.822
0.0000000000 0.0000000000 0 0 0 0 0 0 0 0 127 0 0 0 0 0 040619 152527.022
0.0000000000 0.0000000000 0 0 0 0 0 0 0 0 127 0 0 0 0 0 040619 152527.222
0.0000000000 0.0000000000 0 0 0 0 0 0 0 0 127 0 0 0 0 0 040619 152527.423
0.0000000000 0.0000000000 0 0 0 0 0 0 0 0 127 0 0 0 0 0 040619 152527.623
0.0000000000 0.0000000000 0 0 0 0 0 0 0 0 127 0 0 0 0 0 040619 152527.823
0.0000000000 0.0000000000 0 0 0 0 0 0 0 0 127 0 0 0 0 0 040619 152528.023
0.0000000000 0.0000000000 0 0 0 0 0 0 0 0 127 0 0 0 0 0 040619 152528.224
0.0000000000 0.0000000000 0 0 0 0 0 0 0 0 127 0 0 0 0 0 040619 152528.424
0.0000000000 0.0000000000 0 0 0 0 0 0 0 0 127 0 0 0 0 0 040619 152528.624
0.0000000000 0.0000000000 0 0 0 0 0 0 0 0 127 0 0 0 0 0 040619 152528.824
