0.0000000000 0.0000000000 0 0 0 0 0 0 36 22 112 1 0 0 0 0 040619 143708.610
0.0000000000 0.0000000000 0 0 0 0 0 0 69 22 112 1 0 0 0 0 040619 143708.810
0.0000000000 0.0000000000 0 0 0 0 0 0 84 22 112 1 0 0 0 0 040619 143709.010
0.0000000000 0.0000000000 0 0 0 0 0 0 117 22 112 1 0 0 0 0 040619 143709.211
0.0000000000 0.0000000000 0 0 0 0 0 0 126 22 112 1 0 0 0 0 040619 143709.411
0.0000000000 0.0000000000 0 0 0 0 0 0 131 22 112 1 0 0 0 0 040619 143709.611
0.0000000000 0.0000000000 0 0 0 0 0 0 86 22 112 1 0 0 0 0 040619 143709.811
0.0000000000 0.0000000000 0 0 0 0 0 0 75 22 112 1 0 0 0 0 040619 143710.011
0.0000000000 0.0000000000 0 0 0 0 0 0 66 22 112 1 0 0 0 0 040619 143710.211
0.0000000000 0.0000000000 0 0 0 0 0 0 110 22 112 1 0 0 0 0 040619 143710.411
0.0000000000 0.0000000000 0 0 0 0 0 0 121 22 112 1 0 0 0 0 040619 143710.612
0.0000000000 0.0000000000 0 0 0 0 0 0 156 22 112 1 0 0 0 0 040619 143710.812
0.0000000000 0.0000000000 0 0 0 0 0 0 124 22 112 1 0 0 0 0 040619 143711.012
0.0000000000 0.0000000000 0 0 0 0 0 0 110 22 112 1 0 0 0 0 040619 143711.212
0.0000000000 0.0000000000 0 0 0 0 0 0 105 22 112 1 0 0 0 0 040619 143711.412
0.0000000000 0.0000000000 0 0 0 0 0 0 101 22 112 1 0 0 0 0 040619 143711.612
0.0000000000 0.0000000000 0 0 0 0 0 0 102 22 112 1 0 0 0 0 040619 143711.812
0.0000000000 0.0000000000 0 0 0 0 0 0 126 22 112 1 0 0 0 0 040619 143712.013
0.0000000000 0.0000000000 0 0 0 0 0 0 111 22 112 1 0 0 0 0 040619 143712.213
0.0000000000 0.0000000000 0 0 0 0 0 0 115 22 112 1 0 0 0 0 040619 143712.413
0.0000000000 0.0000000000 0 0 0 0 0 0 119 22 112 1 0 0 0 0 040619 143712.613
0.0000000000 0.0000000000 0 0 0 0 0 0 82 22 112 1 0 0 0 0 040619 143712.813
0.0000000000 0.0000000000 0 0 0 0 0 0 117 22 112 1 0 0 0 0 040619 143713.013
0.0000000000 0.0000000000 0 0 0 0 0 0 55 22 112 1 0 0 0 0 040619 143713.214
0.0000000000 0.0000000000 0 0 0 0 0 0 71 22 112 1 0 0 0 0 040619 143713.414
0.0000000000 0.0000000000 0 0 0 0 0 0 21 22 112 1 0 0 0 0 040619 143713.614
0.0000000000 0.0000000000 0 0 0 0 0 0 1 22 112 1 0 0 0 0 040619 143713.814
0.0000000000 0.0000000000 0 0 0 0 0 0 241 21 112 1 0 0 0 0 040619 143714.014
0.0000000000 0.0000000000 0 0 0 0 0 0 38 22 112 1 0 0 0 0 040619 143714.214
0.0000000000 0.0000000000 0 0 0 0 0 0 13 22 112 1 0 0 0 0 040619 143714.414
0.0000000000 0.0000000000 0 0 0 0 0 0 20 22 112 1 0 0 0 0 040619 143714.615
0.0000000000 0.0000000000 0 0 0 0 0 0 32 22 112 1 0 0 0 0 040619 143714.815
0.0000000000 0.0000000000 0 0 0 0 0 0 241 21 112 1 0 0 0 0 040619 143715.015
0.0000000000 0.0000000000 0 0 0 0 0 0 247 21 112 1 0 0 0 0 040619 143715.215
0.0000000000 0.0000000000 0 0 0 0 0 0 20 22 112 1 0 0 0 0 040619 143715.415
0.0000000000 0.0000000000 0 0 0 0 0 0 47 22 112 1 0 0 0 0 040619 143715.615
0.0000000000 0.0000000000 0 0 0 0 0 0 47 22 112 1 0 0 0 0 040619 143715.815
0.0000000000 0.0000000000 0 0 0 0 0 0 55 22 112 1 0 0 0 0 040619 143716.016
0.0000000000 0.0000000000 0 0 0 0 0 0 22 22 112 1 0 0 0 0 040619 143716.216
0.0000000000 0.0000000000 0 0 0 0 0 0 70 22 112 1 0 0 0 0 040619 143716.416
0.0000000000 0.0000000000 0 0 0 0 0 0 44 22 112 1 0 0 0 0 040619 143716.616
0.0000000000 0.0000000000 0 0 0 0 0 0 68 22 112 1 0 0 0 0 040619 143716.816
0.0000000000 0.0000000000 0 0 0 0 0 0 63 22 112 1 0 0 0 0 040619 143717.016
0.0000000000 0.0000000000 0 0 0 0 0 0 82 22 112 1 0 0 0 0 040619 143717.217
0.0000000000 0.0000000000 0 0 0 0 0 0 89 22 112 1 0 0 0 0 040619 143717.417
0.0000000000 0.0000000000 0 0 0 0 0 0 178 22 112 1 0 0 0 0 040619 143717.617
0.0000000000 0.0000000000 0 0 0 0 0 0 155 22 112 1 0 0 0 0 040619 143717.817
0.0000000000 0.0000000000 0 0 0 0 0 0 158 22 112 1 0 0 0 0 040619 143718.017
0.0000000000 0.0000000000 0 0 0 0 0 0 169 22 112 1 0 0 0 0 040619 143718.217
0.0000000000 0.0000000000 0 0 0 0 0 0 110 22 112 1 0 0 0 0 040619 143718.417
0.0000000000 0.0000000000 0 0 0 0 0 0 167 22 112 1 0 0 0 0 040619 143718.618
0.0000000000 0.0000000000 0 0 0 0 0 0 144 22 112 1 0 0 0 0 040619 143718.818
0.0000000000 0.0000000000 0 0 0 0 0 0 116 22 112 1 0 0 0 0 040619 143719.018
0.0000000000 0.0000000000 0 0 0 0 0 0 80 22 112 1 0 0 0 0 040619 143719.218
0.0000000000 0.0000000000 0 0 0 0 0 0 110 22 112 1 0 0 0 0 040619 143719.419
0.0000000000 0.0000000000 0 0 0 0 0 0 73 22 112 1 0 0 0 0 040619 143719.619
0.0000000000 0.0000000000 0 0 0 0 0 0 123 22 112 1 0 0 0 0 040619 143719.819
0.0000000000 0.0000000000 0 0 0 0 0 0 101 22 112 1 0 0 0 0 040619 143720.019
0.0000000000 0.0000000000 0 0 0 0 0 0 114 22 112 1 0 0 0 0 040619 143720.219
0.0000000000 0.0000000000 0 0 0 0 0 0 107 22 112 1 0 0 0 0 040619 143720.419
0.0000000000 0.0000000000 0 0 0 0 0 0 96 22 112 1 0 0 0 0 040619 143720.620
0.0000000000 0.0000000000 0 0 0 0 0 0 113 22 112 1 0 0 0 0 040619 143720.820
0.0000000000 0.0000000000 0 0 0 0 0 0 87 22 112 1 0 0 0 0 040619 143721.020
0.0000000000 0.0000000000 0 0 0 0 0 0 130 22 112 1 0 0 0 0 040619 143721.220
0.0000000000 0.0000000000 0 0 0 0 0 0 107 22 112 1 0 0 0 0 040619 143721.420
0.0000000000 0.0000000000 0 0 0 0 0 0 132 22 112 1 0 0 0 0 040619 143721.620
0.0000000000 0.0000000000 0 0 0 0 0 0 139 22 112 1 0 0 0 0 040619 143721.820
0.0000000000 0.0000000000 0 0 0 0 0 0 114 22 112 1 0 0 0 0 040619 143722.021
0.0000000000 0.0000000000 0 0 0 0 0 0 117 22 112 1 0 0 0 0 040619 143722.221
0.0000000000 0.0000000000 0 0 0 0 0 0 102 22 112 1 0 0 0 0 040619 143722.421
0.0000000000 0.0000000000 0 0 0 0 0 0 97 22 112 1 0 0 0 0 040619 143722.621
0.0000000000 0.0000000000 0 0 0 0 0 0 108 22 112 1 0 0 0 0 040619 143722.821
0.0000000000 0.0000000000 0 0 0 0 0 0 168 22 112 1 0 0 0 0 040619 143723.021
0.0000000000 0.0000000000 0 0 0 0 0 0 151 22 112 1 0 0 0 0 040619 143723.221
0.0000000000 0.0000000000 0 0 0 0 0 0 108 22 112 1 0 0 0 0 040619 143723.422
0.0000000000 0.0000000000 0 0 0 0 0 0 102 22 112 1 0 0 0 0 040619 143723.622
0.0000000000 0.0000000000 0 0 0 0 0 0 120 22 112 1 0 0 0 0 040619 143723.822
0.0000000000 0.0000000000 0 0 0 0 0 0 110 22 112 1 0 0 0 0 040619 143724.022
0.0000000000 0.0000000000 0 0 0 0 0 0 100 22 112 1 0 0 0 0 040619 143724.222
0.0000000000 0.0000000000 0 0 0 0 0 0 103 22 112 1 0 0 0 0 040619 143724.422
0.0000000000 0.0000000000 0 0 0 0 0 0 116 22 112 1 0 0 0 0 040619 143724.622
0.0000000000 0.0000000000 0 0 0 0 0 0 66 22 112 1 0 0 0 0 040619 143724.823
0.0000000000 0.0000000000 0 0 0 0 0 0 130 22 112 1 0 0 0 0 040619 143725.023
0.0000000000 0.0000000000 0 0 0 0 0 0 94 22 112 1 0 0 0 0 040619 143725.223
0.0000000000 0.0000000000 0 0 0 0 0 0 167 22 112 1 0 0 0 0 040619 143725.423
0.0000000000 0.0000000000 0 0 0 0 0 0 180 22 112 1 0 0 0 0 040619 143725.623
0.0000000000 0.0000000000 0 0 0 0 0 0 134 22 112 1 0 0 0 0 040619 143725.823
0.0000000000 0.0000000000 0 0 0 0 0 0 178 22 112 1 0 0 0 0 040619 143726.023
0.0000000000 0.0000000000 0 0 0 0 0 0 170 22 112 1 0 0 0 0 040619 143726.224
0.0000000000 0.0000000000 0 0 0 0 0 0 103 22 112 1 0 0 0 0 040619 143726.424
0.0000000000 0.0000000000 0 0 0 0 0 0 199 22 112 1 0 0 0 0 040619 143726.624
0.0000000000 0.0000000000 0 0 0 0 0 0 164 22 112 1 0 0 0 0 040619 143726.824
0.0000000000 0.0000000000 0 0 0 0 0 0 141 22 112 1 0 0 0 0 040619 143727.024
0.0000000000 0.0000000000 0 0 0 0 0 0 154 22 112 1 0 0 0 0 040619 143727.224
0.0000000000 0.0000000000 0 0 0 0 0 0 99 22 112 1 0 0 0 0 040619 143727.424
0.0000000000 0.0000000000 0 0 0 0 0 0 123 22 112 1 0 0 0 0 040619 143727.625
0.0000000000 0.0000000000 0 0 0 0 0 0 99 22 112 1 0 0 0 0 040619 143727.825
0.0000000000 0.0000000000 0 0 0 0 0 0 149 22 112 1 0 0 0 0 040619 143728.025
0.0000000000 0.0000000000 0 0 0 0 0 0 121 22 112 1 0 0 0 0 040619 143728.225
0.0000000000 0.0000000000 0 0 0 0 0 0 110 22 112 1 0 0 0 0 040619 143728.425
0.0000000000 0.0000000000 0 0 0 0 0 0 80 22 112 1 0 0 0 0 040619 143728.625
0.0000000000 0.0000000000 0 0 0 0 0 0 26 22 112 1 0 0 0 0 040619 143728.826
0.0000000000 0.0000000000 0 0 0 0 0 0 21 22 112 1 0 0 0 0 040619 143729.026
0.0000000000 0.0000000000 0 0 0 0 0 0 47 22 112 1 0 0 0 0 040619 143729.226
0.0000000000 0.0000000000 0 0 0 0 0 0 31 22 112 1 0 0 0 0 040619 143729.426
0.0000000000 0.0000000000 0 0 0 0 0 0 48 22 112 1 0 0 0 0 040619 143729.626
0.0000000000 0.0000000000 0 0 0 0 0 0 62 22 112 1 0 0 0 0 040619 143729.826
0.0000000000 0.0000000000 0 0 0 0 0 0 106 22 112 1 0 0 0 0 040619 143730.026
0.0000000000 0.0000000000 0 0 0 0 0 0 79 22 112 1 0 0 0 0 040619 143730.227
0.0000000000 0.0000000000 0 0 0 0 0 0 39 22 112 1 0 0 0 0 040619 143730.427
0.0000000000 0.0000000000 0 0 0 0 0 0 54 22 112 1 0 0 0 0 040619 143730.627
0.0000000000 0.0000000000 0 0 0 0 0 0 75 22 112 1 0 0 0 0 040619 143730.827
0.0000000000 0.0000000000 0 0 0 0 0 0 132 22 112 1 0 0 0 0 040619 143731.027
0.0000000000 0.0000000000 0 0 0 0 0 0 104 22 112 1 0 0 0 0 040619 143731.227
0.0000000000 0.0000000000 0 0 0 0 0 0 102 22 112 1 0 0 0 0 040619 143731.427
0.0000000000 0.0000000000 0 0 0 0 0 0 97 22 112 1 0 0 0 0 040619 143731.628
0.0000000000 0.0000000000 0 0 0 0 0 0 84 22 112 1 0 0 0 0 040619 143731.828
0.0000000000 0.0000000000 0 0 0 0 0 0 91 22 112 1 0 0 0 0 040619 143732.028
0.0000000000 0.0000000000 0 0 0 0 0 0 107 22 112 1 0 0 0 0 040619 143732.228
0.0000000000 0.0000000000 0 0 0 0 0 0 111 22 112 1 0 0 0 0 040619 143732.428
0.0000000000 0.0000000000 0 0 0 0 0 0 113 22 112 1 0 0 0 0 040619 143732.628
0.0000000000 0.0000000000 0 0 0 0 0 0 97 22 112 1 0 0 0 0 040619 143732.828
0.0000000000 0.0000000000 0 0 0 0 0 0 97 22 112 1 0 0 0 0 040619 143733.028
0.0000000000 0.0000000000 0 0 0 0 0 0 129 22 112 1 0 0 0 0 040619 143733.229
0.0000000000 0.0000000000 0 0 0 0 0 0 110 22 112 1 0 0 0 0 040619 143733.429
0.0000000000 0.0000000000 0 0 0 0 0 0 99 22 112 1 0 0 0 0 040619 143733.629
0.0000000000 0.0000000000 0 0 0 0 0 0 129 22 112 1 0 0 0 0 040619 143733.829
0.0000000000 0.0000000000 0 0 0 0 0 0 121 22 112 1 0 0 0 0 040619 143734.029
0.0000000000 0.0000000000 0 0 0 0 0 0 116 22 112 1 0 0 0 0 040619 143734.229
0.0000000000 0.0000000000 0 0 0 0 0 0 135 22 112 1 0 0 0 0 040619 143734.429
0.0000000000 0.0000000000 0 0 0 0 0 0 181 22 112 1 0 0 0 0 040619 143734.629
0.0000000000 0.0000000000 0 0 0 0 0 0 248 22 112 1 0 0 0 0 040619 143734.830
0.0000000000 0.0000000000 0 0 0 0 0 0 231 22 112 1 0 0 0 0 040619 143735.030
0.0000000000 0.0000000000 0 0 0 0 0 0 221 22 112 1 0 0 0 0 040619 143735.230
0.0000000000 0.0000000000 0 0 0 0 0 0 245 22 112 1 0 0 0 0 040619 143735.430
0.0000000000 0.0000000000 0 0 0 0 0 0 65 23 112 1 0 0 0 0 040619 143735.630
0.0000000000 0.0000000000 0 0 0 0 0 0 45 23 112 1 0 0 0 0 040619 143735.830
0.0000000000 0.0000000000 0 0 0 0 0 0 15 23 112 1 0 0 0 0 040619 143736.030
0.0000000000 0.0000000000 0 0 0 0 0 0 246 22 112 1 0 0 0 0 040619 143736.231
0.0000000000 0.0000000000 0 0 0 0 0 0 13 23 112 1 0 0 0 0 040619 143736.431
0.0000000000 0.0000000000 0 0 0 0 0 0 207 22 112 1 0 0 0 0 040619 143736.631
0.0000000000 0.0000000000 0 0 0 0 0 0 238 22 112 1 0 0 0 0 040619 143736.831
0.0000000000 0.0000000000 0 0 0 0 0 0 6 23 112 1 0 0 0 0 040619 143737.031
0.0000000000 0.0000000000 0 0 0 0 0 0 23 23 112 1 0 0 0 0 040619 143737.231
0.0000000000 0.0000000000 0 0 0 0 0 0 247 22 112 1 0 0 0 0 040619 143737.431
0.0000000000 0.0000000000 0 0 0 0 0 0 175 22 112 1 0 0 0 0 040619 143737.632
0.0000000000 0.0000000000 0 0 0 0 0 0 244 22 112 1 0 0 0 0 040619 143737.832
0.0000000000 0.0000000000 0 0 0 0 0 0 226 22 112 1 0 0 0 0 040619 143738.032
0.0000000000 0.0000000000 0 0 0 0 0 0 4 23 112 1 0 0 0 0 040619 143738.232
0.0000000000 0.0000000000 0 0 0 0 0 0 23 23 112 1 0 0 0 0 040619 143738.432
0.0000000000 0.0000000000 0 0 0 0 0 0 27 23 112 1 0 0 0 0 040619 143738.632
0.0000000000 0.0000000000 0 0 0 0 0 0 246 22 112 1 0 0 0 0 040619 143738.832
0.0000000000 0.0000000000 0 0 0 0 0 0 200 22 112 1 0 0 0 0 040619 143739.033
0.0000000000 0.0000000000 0 0 0 0 0 0 231 22 112 1 0 0 0 0 040619 143739.233
0.0000000000 0.0000000000 0 0 0 0 0 0 1 23 112 1 0 0 0 0 040619 143739.433
0.0000000000 0.0000000000 0 0 0 0 0 0 221 22 112 1 0 0 0 0 040619 143739.634
0.0000000000 0.0000000000 0 0 0 0 0 0 227 22 112 1 0 0 0 0 040619 143739.834
0.0000000000 0.0000000000 0 0 0 0 0 0 241 22 112 1 0 0 0 0 040619 143740.034
0.0000000000 0.0000000000 0 0 0 0 0 0 238 22 112 1 0 0 0 0 040619 143740.234
0.0000000000 0.0000000000 0 0 0 0 0 0 2 23 112 1 0 0 0 0 040619 143740.435
0.0000000000 0.0000000000 0 0 0 0 0 0 255 22 112 1 0 0 0 0 040619 143740.635
0.0000000000 0.0000000000 0 0 0 0 0 0 234 22 112 1 0 0 0 0 040619 143740.835
0.0000000000 0.0000000000 0 0 0 0 0 0 0 23 112 1 0 0 0 0 040619 143741.035
0.0000000000 0.0000000000 0 0 0 0 0 0 243 22 112 1 0 0 0 0 040619 143741.235
0.0000000000 0.0000000000 0 0 0 0 0 0 207 22 112 1 0 0 0 0 040619 143741.435
0.0000000000 0.0000000000 0 0 0 0 0 0 223 22 112 1 0 0 0 0 040619 143741.635
0.0000000000 0.0000000000 0 0 0 0 0 0 245 22 112 1 0 0 0 0 040619 143741.836
0.0000000000 0.0000000000 0 0 0 0 0 0 16 23 112 1 0 0 0 0 040619 143742.036
0.0000000000 0.0000000000 0 0 0 0 0 0 14 23 112 1 0 0 0 0 040619 143742.236
0.0000000000 0.0000000000 0 0 0 0 0 0 35 23 112 1 0 0 0 0 040619 143742.436
0.0000000000 0.0000000000 0 0 0 0 0 0 26 23 112 1 0 0 0 0 040619 143742.636
0.0000000000 0.0000000000 0 0 0 0 0 0 33 23 112 1 0 0 0 0 040619 143742.836
0.0000000000 0.0000000000 0 0 0 0 0 0 69 23 112 1 0 0 0 0 040619 143743.036
0.0000000000 0.0000000000 0 0 0 0 0 0 82 23 112 1 0 0 0 0 040619 143743.236
0.0000000000 0.0000000000 0 0 0 0 0 0 60 23 112 1 0 0 0 0 040619 143743.437
0.0000000000 0.0000000000 0 0 0 0 0 0 69 23 112 1 0 0 0 0 040619 143743.637
0.0000000000 0.0000000000 0 0 0 0 0 0 69 23 112 1 0 0 0 0 040619 143743.837
0.0000000000 0.0000000000 0 0 0 0 0 0 76 23 112 1 0 0 0 0 040619 143744.037
0.0000000000 0.0000000000 0 0 0 0 0 0 83 23 112 1 0 0 0 0 040619 143744.237
0.0000000000 0.0000000000 0 0 0 0 0 0 59 23 112 1 0 0 0 0 040619 143744.437
0.0000000000 0.0000000000 0 0 0 0 0 0 60 23 112 1 0 0 0 0 040619 143744.638
0.0000000000 0.0000000000 0 0 0 0 0 0 38 23 112 1 0 0 0 0 040619 143744.838
0.0000000000 0.0000000000 0 0 0 0 0 0 65 23 112 1 0 0 0 0 040619 143745.038
0.0000000000 0.0000000000 0 0 0 0 0 0 34 23 112 1 0 0 0 0 040619 143745.238
0.0000000000 0.0000000000 0 0 0 0 0 0 61 23 112 1 0 0 0 0 040619 143745.438
0.0000000000 0.0000000000 0 0 0 0 0 0 51 23 112 1 0 0 0 0 040619 143745.638
0.0000000000 0.0000000000 0 0 0 0 0 0 78 23 112 1 0 0 0 0 040619 143745.838
0.0000000000 0.0000000000 0 0 0 0 0 0 88 23 112 1 0 0 0 0 040619 143746.039
0.0000000000 0.0000000000 0 0 0 0 0 0 70 23 112 1 0 0 0 0 040619 143746.239
0.0000000000 0.0000000000 0 0 0 0 0 0 105 23 112 1 0 0 0 0 040619 143746.439
0.0000000000 0.0000000000 0 0 0 0 0 0 72 23 112 1 0 0 0 0 040619 143746.639
0.0000000000 0.0000000000 0 0 0 0 0 0 109 23 112 1 0 0 0 0 040619 143746.839
0.0000000000 0.0000000000 0 0 0 0 0 0 103 23 112 1 0 0 0 0 040619 143747.039
0.0000000000 0.0000000000 0 0 0 0 0 0 122 23 112 1 0 0 0 0 040619 143747.239
0.0000000000 0.0000000000 0 0 0 0 0 0 156 23 112 1 0 0 0 0 040619 143747.440
0.0000000000 0.0000000000 0 0 0 0 0 0 164 23 112 1 0 0 0 0 040619 143747.640
0.0000000000 0.0000000000 0 0 0 0 0 0 153 23 112 1 0 0 0 0 040619 143747.840
0.0000000000 0.0000000000 0 0 0 0 0 0 164 23 112 1 0 0 0 0 040619 143748.041
0.0000000000 0.0000000000 0 0 0 0 0 0 126 23 112 1 0 0 0 0 040619 143748.241
0.0000000000 0.0000000000 0 0 0 0 0 0 132 23 112 1 0 0 0 0 040619 143748.441
0.0000000000 0.0000000000 0 0 0 0 0 0 151 23 112 1 0 0 0 0 040619 143748.641
0.0000000000 0.0000000000 0 0 0 0 0 0 119 23 112 1 0 0 0 0 040619 143748.841
0.0000000000 0.0000000000 0 0 0 0 0 0 83 23 112 1 0 0 0 0 040619 143749.041
0.0000000000 0.0000000000 0 0 0 0 0 0 84 23 112 1 0 0 0 0 040619 143749.241
0.0000000000 0.0000000000 0 0 0 0 0 0 80 23 112 1 0 0 0 0 040619 143749.442
0.0000000000 0.0000000000 0 0 0 0 0 0 86 23 112 1 0 0 0 0 040619 143749.642
0.0000000000 0.0000000000 0 0 0 0 0 0 92 23 112 1 0 0 0 0 040619 143749.842
0.0000000000 0.0000000000 0 0 0 0 0 0 95 23 112 1 0 0 0 0 040619 143750.042
0.0000000000 0.0000000000 0 0 0 0 0 0 135 23 112 1 0 0 0 0 040619 143750.242
0.0000000000 0.0000000000 0 0 0 0 0 0 125 23 112 1 0 0 0 0 040619 143750.442
0.0000000000 0.0000000000 0 0 0 0 0 0 116 23 112 1 0 0 0 0 040619 143750.643
0.0000000000 0.0000000000 0 0 0 0 0 0 88 23 112 1 0 0 0 0 040619 143750.843
0.0000000000 0.0000000000 0 0 0 0 0 0 62 23 112 1 0 0 0 0 040619 143751.043
0.0000000000 0.0000000000 0 0 0 0 0 0 41 23 112 1 0 0 0 0 040619 143751.243
0.0000000000 0.0000000000 0 0 0 0 0 0 69 23 112 1 0 0 0 0 040619 143751.443
0.0000000000 0.0000000000 0 0 0 0 0 0 59 23 112 1 0 0 0 0 040619 143751.643
0.0000000000 0.0000000000 0 0 0 0 0 0 58 23 112 1 0 0 0 0 040619 143751.843
0.0000000000 0.0000000000 0 0 0 0 0 0 56 23 112 1 0 0 0 0 040619 143752.044
0.0000000000 0.0000000000 0 0 0 0 0 0 76 23 112 1 0 0 0 0 040619 143752.244
0.0000000000 0.0000000000 0 0 0 0 0 0 70 23 112 1 0 0 0 0 040619 143752.444
0.0000000000 0.0000000000 0 0 0 0 0 0 90 23 112 1 0 0 0 0 040619 143752.644
0.0000000000 0.0000000000 0 0 0 0 0 0 86 23 112 1 0 0 0 0 040619 143752.844
0.0000000000 0.0000000000 0 0 0 0 0 0 122 23 112 1 0 0 0 0 040619 143753.044
0.0000000000 0.0000000000 0 0 0 0 0 0 84 23 112 1 0 0 0 0 040619 143753.244
0.0000000000 0.0000000000 0 0 0 0 0 0 115 23 112 1 0 0 0 0 040619 143753.445
0.0000000000 0.0000000000 0 0 0 0 0 0 91 23 112 1 0 0 0 0 040619 143753.645
0.0000000000 0.0000000000 0 0 0 0 0 0 100 23 112 1 0 0 0 0 040619 143753.845
0.0000000000 0.0000000000 0 0 0 0 0 0 150 23 112 1 0 0 0 0 040619 143754.045
0.0000000000 0.0000000000 0 0 0 0 0 0 121 23 112 1 0 0 0 0 040619 143754.245
0.0000000000 0.0000000000 0 0 0 0 0 0 115 23 112 1 0 0 0 0 040619 143754.445
0.0000000000 0.0000000000 0 0 0 0 0 0 48 23 112 1 0 0 0 0 040619 143754.645
0.0000000000 0.0000000000 0 0 0 0 0 0 68 23 112 1 0 0 0 0 040619 143754.846
0.0000000000 0.0000000000 0 0 0 0 0 0 39 23 112 1 0 0 0 0 040619 143755.046
0.0000000000 0.0000000000 0 0 0 0 0 0 253 22 112 1 0 0 0 0 040619 143755.246
0.0000000000 0.0000000000 0 0 0 0 0 0 49 23 112 1 0 0 0 0 040619 143755.446
0.0000000000 0.0000000000 0 0 0 0 0 0 8 23 112 1 0 0 0 0 040619 143755.646
0.0000000000 0.0000000000 0 0 0 0 0 0 226 22 112 1 0 0 0 0 040619 143755.846
0.0000000000 0.0000000000 0 0 0 0 0 0 22 23 112 1 0 0 0 0 040619 143756.047
0.0000000000 0.0000000000 0 0 0 0 0 0 30 23 112 1 0 0 0 0 040619 143756.247
0.0000000000 0.0000000000 0 0 0 0 0 0 47 23 112 1 0 0 0 0 040619 143756.447
0.0000000000 0.0000000000 0 0 0 0 0 0 16 23 112 1 0 0 0 0 040619 143756.647
0.0000000000 0.0000000000 0 0 0 0 0 0 23 23 112 1 0 0 0 0 040619 143756.847
0.0000000000 0.0000000000 0 0 0 0 0 0 20 23 112 1 0 0 0 0 040619 143757.047
0.0000000000 0.0000000000 0 0 0 0 0 0 29 23 112 1 0 0 0 0 040619 143757.247
0.0000000000 0.0000000000 0 0 0 0 0 0 19 23 112 1 0 0 0 0 040619 143757.448
0.0000000000 0.0000000000 0 0 0 0 0 0 29 23 112 1 0 0 0 0 040619 143757.648
0.0000000000 0.0000000000 0 0 0 0 0 0 81 23 112 1 0 0 0 0 040619 143757.848
0.0000000000 0.0000000000 0 0 0 0 0 0 80 23 112 1 0 0 0 0 040619 143758.048
0.0000000000 0.0000000000 0 0 0 0 0 0 50 23 112 1 0 0 0 0 040619 143758.248
0.0000000000 0.0000000000 0 0 0 0 0 0 57 23 112 1 0 0 0 0 040619 143758.448
0.0000000000 0.0000000000 0 0 0 0 0 0 99 23 112 1 0 0 0 0 040619 143758.648
0.0000000000 0.0000000000 0 0 0 0 0 0 126 23 112 1 0 0 0 0 040619 143758.849
0.0000000000 0.0000000000 0 0 0 0 0 0 97 23 112 1 0 0 0 0 040619 143759.049
0.0000000000 0.0000000000 0 0 0 0 0 0 106 23 112 1 0 0 0 0 040619 143759.249
0.0000000000 0.0000000000 0 0 0 0 0 0 98 23 112 1 0 0 0 0 040619 143759.449
0.0000000000 0.0000000000 0 0 0 0 0 0 134 23 112 1 0 0 0 0 040619 143759.649
0.0000000000 0.0000000000 0 0 0 0 0 0 139 23 112 1 0 0 0 0 040619 143759.849
0.0000000000 0.0000000000 0 0 0 0 0 0 131 23 112 1 0 0 0 0 040619 143800.049
0.0000000000 0.0000000000 0 0 0 0 0 0 125 23 112 1 0 0 0 0 040619 143800.250
0.0000000000 0.0000000000 0 0 0 0 0 0 167 23 112 1 0 0 0 0 040619 143800.450
0.0000000000 0.0000000000 0 0 0 0 0 0 207 23 112 1 0 0 0 0 040619 143800.650
0.0000000000 0.0000000000 0 0 0 0 0 0 194 23 112 1 0 0 0 0 040619 143800.850
0.0000000000 0.0000000000 0 0 0 0 0 0 163 23 112 1 0 0 0 0 040619 143801.050
0.0000000000 0.0000000000 0 0 0 0 0 0 176 23 112 1 0 0 0 0 040619 143801.250
0.0000000000 0.0000000000 0 0 0 0 0 0 138 23 112 1 0 0 0 0 040619 143801.450
0.0000000000 0.0000000000 0 0 0 0 0 0 150 23 112 1 0 0 0 0 040619 143801.651
0.0000000000 0.0000000000 0 0 0 0 0 0 163 23 112 1 0 0 0 0 040619 143801.851
0.0000000000 0.0000000000 0 0 0 0 0 0 106 23 112 1 0 0 0 0 040619 143802.051
0.0000000000 0.0000000000 0 0 0 0 0 0 92 23 112 1 0 0 0 0 040619 143802.251
0.0000000000 0.0000000000 0 0 0 0 0 0 82 23 112 1 0 0 0 0 040619 143802.451
0.0000000000 0.0000000000 0 0 0 0 0 0 131 23 112 1 0 0 0 0 040619 143802.651
0.0000000000 0.0000000000 0 0 0 0 0 0 136 23 112 1 0 0 0 0 040619 143802.851
0.0000000000 0.0000000000 0 0 0 0 0 0 119 23 112 1 0 0 0 0 040619 143803.052
0.0000000000 0.0000000000 0 0 0 0 0 0 120 23 112 1 0 0 0 0 040619 143803.252
0.0000000000 0.0000000000 0 0 0 0 0 0 122 23 112 1 0 0 0 0 040619 143803.452
0.0000000000 0.0000000000 0 0 0 0 0 0 143 23 112 1 0 0 0 0 040619 143803.652
0.0000000000 0.0000000000 0 0 0 0 0 0 160 23 112 1 0 0 0 0 040619 143803.852
0.0000000000 0.0000000000 0 0 0 0 0 0 153 23 112 1 0 0 0 0 040619 143804.052
0.0000000000 0.0000000000 0 0 0 0 0 0 136 23 112 1 0 0 0 0 040619 143804.252
0.0000000000 0.0000000000 0 0 0 0 0 0 158 23 112 1 0 0 0 0 040619 143804.453
0.0000000000 0.0000000000 0 0 0 0 0 0 146 23 112 1 0 0 0 0 040619 143804.653
0.0000000000 0.0000000000 0 0 0 0 0 0 182 23 112 1 0 0 0 0 040619 143804.853
0.0000000000 0.0000000000 0 0 0 0 0 0 160 23 112 1 0 0 0 0 040619 143805.053
0.0000000000 0.0000000000 0 0 0 0 0 0 140 23 112 1 0 0 0 0 040619 143805.253
0.0000000000 0.0000000000 0 0 0 0 0 0 153 23 112 1 0 0 0 0 040619 143805.453
0.0000000000 0.0000000000 0 0 0 0 0 0 174 23 112 1 0 0 0 0 040619 143805.653
0.0000000000 0.0000000000 0 0 0 0 0 0 22 24 112 1 0 0 0 0 040619 143805.854
0.0000000000 0.0000000000 0 0 0 0 0 0 34 24 112 1 0 0 0 0 040619 143806.054
0.0000000000 0.0000000000 0 0 0 0 0 0 32 24 112 1 0 0 0 0 040619 143806.254
0.0000000000 0.0000000000 0 0 0 0 0 0 50 24 112 1 0 0 0 0 040619 143806.454
0.0000000000 0.0000000000 0 0 0 0 0 0 43 24 112 1 0 0 0 0 040619 143806.654
0.0000000000 0.0000000000 0 0 0 0 0 0 129 24 112 1 0 0 0 0 040619 143806.854
0.0000000000 0.0000000000 0 0 0 0 0 0 83 24 112 1 0 0 0 0 040619 143807.054
0.0000000000 0.0000000000 0 0 0 0 0 0 74 24 112 1 0 0 0 0 040619 143807.255
0.0000000000 0.0000000000 0 0 0 0 0 0 85 24 112 1 0 0 0 0 040619 143807.455
0.0000000000 0.0000000000 0 0 0 0 0 0 49 24 112 1 0 0 0 0 040619 143807.655
0.0000000000 0.0000000000 0 0 0 0 0 0 78 24 112 1 0 0 0 0 040619 143807.855
0.0000000000 0.0000000000 0 0 0 0 0 0 143 24 112 1 0 0 0 0 040619 143808.055
0.0000000000 0.0000000000 0 0 0 0 0 0 195 24 112 1 0 0 0 0 040619 143808.255
0.0000000000 0.0000000000 0 0 0 0 0 0 197 24 112 1 0 0 0 0 040619 143808.455
0.0000000000 0.0000000000 0 0 0 0 0 0 193 24 112 1 0 0 0 0 040619 143808.656
0.0000000000 0.0000000000 0 0 0 0 0 0 198 24 112 1 0 0 0 0 040619 143808.856
0.0000000000 0.0000000000 0 0 0 0 0 0 231 24 112 1 0 0 0 0 040619 143809.056
0.0000000000 0.0000000000 0 0 0 0 0 0 184 24 112 1 0 0 0 0 040619 143809.256
0.0000000000 0.0000000000 0 0 0 0 0 0 187 24 112 1 0 0 0 0 040619 143809.456
0.0000000000 0.0000000000 0 0 0 0 0 0 193 24 112 1 0 0 0 0 040619 143809.656
0.0000000000 0.0000000000 0 0 0 0 0 0 152 24 112 1 0 0 0 0 040619 143809.856
0.0000000000 0.0000000000 0 0 0 0 0 0 191 24 112 1 0 0 0 0 040619 143810.057
0.0000000000 0.0000000000 0 0 0 0 0 0 201 24 112 1 0 0 0 0 040619 143810.257
0.0000000000 0.0000000000 0 0 0 0 0 0 203 24 112 1 0 0 0 0 040619 143810.457
0.0000000000 0.0000000000 0 0 0 0 0 0 232 24 112 1 0 0 0 0 040619 143810.657
0.0000000000 0.0000000000 0 0 0 0 0 0 190 24 112 1 0 0 0 0 040619 143810.857
0.0000000000 0.0000000000 0 0 0 0 0 0 169 24 112 1 0 0 0 0 040619 143811.057
0.0000000000 0.0000000000 0 0 0 0 0 0 203 24 112 1 0 0 0 0 040619 143811.257
0.0000000000 0.0000000000 0 0 0 0 0 0 113 24 112 1 0 0 0 0 040619 143811.458
0.0000000000 0.0000000000 0 0 0 0 0 0 79 24 112 1 0 0 0 0 040619 143811.658
0.0000000000 0.0000000000 0 0 0 0 0 0 27 24 112 1 0 0 0 0 040619 143811.858
0.0000000000 0.0000000000 0 0 0 0 0 0 25 24 112 1 0 0 0 0 040619 143812.058
0.0000000000 0.0000000000 0 0 0 0 0 0 37 24 112 1 0 0 0 0 040619 143812.258
0.0000000000 0.0000000000 0 0 0 0 0 0 34 24 112 1 0 0 0 0 040619 143812.458
0.0000000000 0.0000000000 0 0 0 0 0 0 31 24 112 1 0 0 0 0 040619 143812.658
0.0000000000 0.0000000000 0 0 0 0 0 0 8 24 112 1 0 0 0 0 040619 143812.859
0.0000000000 0.0000000000 0 0 0 0 0 0 23 24 112 1 0 0 0 0 040619 143813.059
0.0000000000 0.0000000000 0 0 0 0 0 0 59 24 112 1 0 0 0 0 040619 143813.259
0.0000000000 0.0000000000 0 0 0 0 0 0 27 24 112 1 0 0 0 0 040619 143813.459
0.0000000000 0.0000000000 0 0 0 0 0 0 32 24 112 1 0 0 0 0 040619 143813.659
0.0000000000 0.0000000000 0 0 0 0 0 0 22 24 112 1 0 0 0 0 040619 143813.859
0.0000000000 0.0000000000 0 0 0 0 0 0 46 24 112 1 0 0 0 0 040619 143814.059
0.0000000000 0.0000000000 0 0 0 0 0 0 1 24 112 1 0 0 0 0 040619 143814.260
0.0000000000 0.0000000000 0 0 0 0 0 0 30 24 112 1 0 0 0 0 040619 143814.460
0.0000000000 0.0000000000 0 0 0 0 0 0 58 24 112 1 0 0 0 0 040619 143814.660
0.0000000000 0.0000000000 0 0 0 0 0 0 50 24 112 1 0 0 0 0 040619 143814.860
0.0000000000 0.0000000000 0 0 0 0 0 0 22 24 112 1 0 0 0 0 040619 143815.060
0.0000000000 0.0000000000 0 0 0 0 0 0 62 24 112 1 0 0 0 0 040619 143815.260
0.0000000000 0.0000000000 0 0 0 0 0 0 48 24 112 1 0 0 0 0 040619 143815.461
0.0000000000 0.0000000000 0 0 0 0 0 0 30 24 112 1 0 0 0 0 040619 143815.661
0.0000000000 0.0000000000 0 0 0 0 0 0 122 24 112 1 0 0 0 0 040619 143815.861
0.0000000000 0.0000000000 0 0 0 0 0 0 41 24 112 1 0 0 0 0 040619 143816.061
0.0000000000 0.0000000000 0 0 0 0 0 0 75 24 112 1 0 0 0 0 040619 143816.261
0.0000000000 0.0000000000 0 0 0 0 0 0 64 24 112 1 0 0 0 0 040619 143816.461
0.0000000000 0.0000000000 0 0 0 0 0 0 82 24 112 1 0 0 0 0 040619 143816.661
0.0000000000 0.0000000000 0 0 0 0 0 0 63 24 112 1 0 0 0 0 040619 143816.862
0.0000000000 0.0000000000 0 0 0 0 0 0 132 24 112 1 0 0 0 0 040619 143817.062
0.0000000000 0.0000000000 0 0 0 0 0 0 114 24 112 1 0 0 0 0 040619 143817.262
0.0000000000 0.0000000000 0 0 0 0 0 0 139 24 112 1 0 0 0 0 040619 143817.462
0.0000000000 0.0000000000 0 0 0 0 0 0 161 24 112 1 0 0 0 0 040619 143817.662
0.0000000000 0.0000000000 0 0 0 0 0 0 154 24 112 1 0 0 0 0 040619 143817.863
0.0000000000 0.0000000000 0 0 0 0 0 0 99 24 112 1 0 0 0 0 040619 143818.063
0.0000000000 0.0000000000 0 0 0 0 0 0 86 24 112 1 0 0 0 0 040619 143818.263
0.0000000000 0.0000000000 0 0 0 0 0 0 74 24 112 1 0 0 0 0 040619 143818.463
0.0000000000 0.0000000000 0 0 0 0 0 0 84 24 112 1 0 0 0 0 040619 143818.663
0.0000000000 0.0000000000 0 0 0 0 0 0 64 24 112 1 0 0 0 0 040619 143818.863
0.0000000000 0.0000000000 0 0 0 0 0 0 27 24 112 1 0 0 0 0 040619 143819.063
0.0000000000 0.0000000000 0 0 0 0 0 0 36 24 112 1 0 0 0 0 040619 143819.264
0.0000000000 0.0000000000 0 0 0 0 0 0 93 24 112 1 0 0 0 0 040619 143819.464
0.0000000000 0.0000000000 0 0 0 0 0 0 37 24 112 1 0 0 0 0 040619 143819.664
0.0000000000 0.0000000000 0 0 0 0 0 0 56 24 112 1 0 0 0 0 040619 143819.864
0.0000000000 0.0000000000 0 0 0 0 0 0 68 24 112 1 0 0 0 0 040619 143820.064
0.0000000000 0.0000000000 0 0 0 0 0 0 53 24 112 1 0 0 0 0 040619 143820.264
0.0000000000 0.0000000000 0 0 0 0 0 0 48 24 112 1 0 0 0 0 040619 143820.464
0.0000000000 0.0000000000 0 0 0 0 0 0 63 24 112 1 0 0 0 0 040619 143820.665
0.0000000000 0.0000000000 0 0 0 0 0 0 104 24 112 1 0 0 0 0 040619 143820.865
0.0000000000 0.0000000000 0 0 0 0 0 0 99 24 112 1 0 0 0 0 040619 143821.065
0.0000000000 0.0000000000 0 0 0 0 0 0 106 24 112 1 0 0 0 0 040619 143821.265
0.0000000000 0.0000000000 0 0 0 0 0 0 106 24 112 1 0 0 0 0 040619 143821.465
0.0000000000 0.0000000000 0 0 0 0 0 0 103 24 112 1 0 0 0 0 040619 143821.665
0.0000000000 0.0000000000 0 0 0 0 0 0 115 24 112 1 0 0 0 0 040619 143821.865
0.0000000000 0.0000000000 0 0 0 0 0 0 147 24 112 1 0 0 0 0 040619 143822.065
0.0000000000 0.0000000000 0 0 0 0 0 0 154 24 112 1 0 0 0 0 040619 143822.266
0.0000000000 0.0000000000 0 0 0 0 0 0 164 24 112 1 0 0 0 0 040619 143822.466
0.0000000000 0.0000000000 0 0 0 0 0 0 168 24 112 1 0 0 0 0 040619 143822.666
0.0000000000 0.0000000000 0 0 0 0 0 0 147 24 112 1 0 0 0 0 040619 143822.866
0.0000000000 0.0000000000 0 0 0 0 0 0 143 24 112 1 0 0 0 0 040619 143823.066
0.0000000000 0.0000000000 0 0 0 0 0 0 139 24 112 1 0 0 0 0 040619 143823.266
0.0000000000 0.0000000000 0 0 0 0 0 0 160 24 112 1 0 0 0 0 040619 143823.466
0.0000000000 0.0000000000 0 0 0 0 0 0 161 24 112 1 0 0 0 0 040619 143823.667
0.0000000000 0.0000000000 0 0 0 0 0 0 163 24 112 1 0 0 0 0 040619 143823.867
0.0000000000 0.0000000000 0 0 0 0 0 0 127 24 112 1 0 0 0 0 040619 143824.067
0.0000000000 0.0000000000 0 0 0 0 0 0 117 24 112 1 0 0 0 0 040619 143824.267
0.0000000000 0.0000000000 0 0 0 0 0 0 115 24 112 1 0 0 0 0 040619 143824.467
0.0000000000 0.0000000000 0 0 0 0 0 0 115 24 112 1 0 0 0 0 040619 143824.667
0.0000000000 0.0000000000 0 0 0 0 0 0 118 24 112 1 0 0 0 0 040619 143824.868
0.0000000000 0.0000000000 0 0 0 0 0 0 152 24 112 1 0 0 0 0 040619 143825.068
0.0000000000 0.0000000000 0 0 0 0 0 0 169 24 112 1 0 0 0 0 040619 143825.268
0.0000000000 0.0000000000 0 0 0 0 0 0 186 24 112 1 0 0 0 0 040619 143825.468
0.0000000000 0.0000000000 0 0 0 0 0 0 197 24 112 1 0 0 0 0 040619 143825.668
0.0000000000 0.0000000000 0 0 0 0 0 0 197 24 112 1 0 0 0 0 040619 143825.868
0.0000000000 0.0000000000 0 0 0 0 0 0 188 24 112 1 0 0 0 0 040619 143826.068
0.0000000000 0.0000000000 0 0 0 0 0 0 178 24 112 1 0 0 0 0 040619 143826.269
0.0000000000 0.0000000000 0 0 0 0 0 0 183 24 112 1 0 0 0 0 040619 143826.469
0.0000000000 0.0000000000 0 0 0 0 0 0 168 24 112 1 0 0 0 0 040619 143826.669
0.0000000000 0.0000000000 0 0 0 0 0 0 169 24 112 1 0 0 0 0 040619 143826.869
0.0000000000 0.0000000000 0 0 0 0 0 0 170 24 112 1 0 0 0 0 040619 143827.069
0.0000000000 0.0000000000 0 0 0 0 0 0 157 24 112 1 0 0 0 0 040619 143827.269
0.0000000000 0.0000000000 0 0 0 0 0 0 161 24 112 1 0 0 0 0 040619 143827.469
0.0000000000 0.0000000000 0 0 0 0 0 0 150 24 112 1 0 0 0 0 040619 143827.670
0.0000000000 0.0000000000 0 0 0 0 0 0 148 24 112 1 0 0 0 0 040619 143827.870
0.0000000000 0.0000000000 0 0 0 0 0 0 159 24 112 1 0 0 0 0 040619 143828.070
0.0000000000 0.0000000000 0 0 0 0 0 0 173 24 112 1 0 0 0 0 040619 143828.270
0.0000000000 0.0000000000 0 0 0 0 0 0 160 24 112 1 0 0 0 0 040619 143828.470
0.0000000000 0.0000000000 0 0 0 0 0 0 176 24 112 1 0 0 0 0 040619 143828.670
0.0000000000 0.0000000000 0 0 0 0 0 0 164 24 112 1 0 0 0 0 040619 143828.870
0.0000000000 0.0000000000 0 0 0 0 0 0 172 24 112 1 0 0 0 0 040619 143829.071
0.0000000000 0.0000000000 0 0 0 0 0 0 161 24 112 1 0 0 0 0 040619 143829.271
0.0000000000 0.0000000000 0 0 0 0 0 0 151 24 112 1 0 0 0 0 040619 143829.471
0.0000000000 0.0000000000 0 0 0 0 0 0 157 24 112 1 0 0 0 0 040619 143829.671
0.0000000000 0.0000000000 0 0 0 0 0 0 181 24 112 1 0 0 0 0 040619 143829.871
0.0000000000 0.0000000000 0 0 0 0 0 0 143 24 112 1 0 0 0 0 040619 143830.072
0.0000000000 0.0000000000 0 0 0 0 0 0 170 24 112 1 0 0 0 0 040619 143830.272
0.0000000000 0.0000000000 0 0 0 0 0 0 165 24 112 1 0 0 0 0 040619 143830.472
0.0000000000 0.0000000000 0 0 0 0 0 0 202 24 112 1 0 0 0 0 040619 143830.672
0.0000000000 0.0000000000 0 0 0 0 0 0 199 24 112 1 0 0 0 0 040619 143830.873
0.0000000000 0.0000000000 0 0 0 0 0 0 201 24 112 1 0 0 0 0 040619 143831.073
0.0000000000 0.0000000000 0 0 0 0 0 0 199 24 112 1 0 0 0 0 040619 143831.273
0.0000000000 0.0000000000 0 0 0 0 0 0 225 24 112 1 0 0 0 0 040619 143831.473
0.0000000000 0.0000000000 0 0 0 0 0 0 199 24 112 1 0 0 0 0 040619 143831.673
0.0000000000 0.0000000000 0 0 0 0 0 0 193 24 112 1 0 0 0 0 040619 143831.873
0.0000000000 0.0000000000 0 0 0 0 0 0 224 24 112 1 0 0 0 0 040619 143832.073
0.0000000000 0.0000000000 0 0 0 0 0 0 194 24 112 1 0 0 0 0 040619 143832.274
0.0000000000 0.0000000000 0 0 0 0 0 0 201 24 112 1 0 0 0 0 040619 143832.474
0.0000000000 0.0000000000 0 0 0 0 0 0 235 24 112 1 0 0 0 0 040619 143832.674
0.0000000000 0.0000000000 0 0 0 0 0 0 235 24 112 1 0 0 0 0 040619 143832.874
0.0000000000 0.0000000000 0 0 0 0 0 0 3 25 112 1 0 0 0 0 040619 143833.074
0.0000000000 0.0000000000 0 0 0 0 0 0 245 24 112 1 0 0 0 0 040619 143833.274
0.0000000000 0.0000000000 0 0 0 0 0 0 229 24 112 1 0 0 0 0 040619 143833.475
0.0000000000 0.0000000000 0 0 0 0 0 0 13 25 112 1 0 0 0 0 040619 143833.675
0.0000000000 0.0000000000 0 0 0 0 0 0 20 25 112 1 0 0 0 0 040619 143833.875
0.0000000000 0.0000000000 0 0 0 0 0 0 237 24 112 1 0 0 0 0 040619 143834.075
0.0000000000 0.0000000000 0 0 0 0 0 0