0.0000000000 0.0000000000 0 0 0 0 0 0 0 0 127 0 0 0 0 0 030619 155620.687
0.0000000000 0.0000000000 0 0 0 0 0 0 0 0 127 0 0 0 0 0 030619 155620.887
0.0000000000 0.0000000000 0 0 0 0 0 0 0 0 127 0 0 0 0 0 030619 155621.088
0.0000000000 0.0000000000 0 0 0 0 0 0 0 0 127 0 0 0 0 0 030619 155621.288
0.0000000000 0.0000000000 0 0 0 0 0 0 0 0 127 0 0 0 0 0 030619 155621.489
0.0000000000 0.0000000000 0 0 0 0 0 0 0 0 127 0 0 0 0 0 030619 155621.689
0.0000000000 0.0000000000 0 0 0 0 0 0 0 0 127 0 0 0 0 0 030619 155621.890
0.0000000000 0.0000000000 0 0 0 0 0 0 0 0 127 0 0 0 0 0 030619 155622.091
0.0000000000 0.0000000000 0 0 0 0 0 0 0 0 127 0 0 0 0 0 030619 155622.291
0.0000000000 0.0000000000 0 0 0 0 0 0 0 0 127 0 0 0 0 0 030619 155622.492
0.0000000000 0.0000000000 0 0 0 0 0 0 0 0 127 0 0 0 0 0 030619 155622.692
0.0000000000 0.0000000000 0 0 0 0 0 0 0 0 127 0 0 0 0 0 030619 155622.893
0.0000000000 0.0000000000 0 0 0 0 0 0 0 0 127 0 0 0 0 0 030619 155623.093
0.0000000000 0.0000000000 0 0 0 0 0 0 0 0 127 0 0 0 0 0 030619 155623.293
0.0000000000 0.0000000000 0 0 0 0 0 0 0 0 127 0 0 0 0 0 030619 155623.494
0.0000000000 0.0000000000 0 0 0 0 0 0 0 0 127 0 0 0 0 0 030619 155623.694
0.0000000000 0.0000000000 0 0 0 0 0 0 0 0 127 0 0 0 0 0 030619 155623.895
0.0000000000 0.0000000000 0 0 0 0 0 0 0 0 127 0 0 0 0 0 030619 155624.095
0.0000000000 0.0000000000 0 0 0 0 0 0 0 0 127 0 0 0 0 0 030619 155624.296
