0.0000000000 0.0000000000 0 0 0 0 0 0 185 21 112 1 0 0 0 0 040619 121404.948
0.0000000000 0.0000000000 0 0 0 0 0 0 50 23 112 1 0 0 0 0 040619 121405.148
0.0000000000 0.0000000000 0 0 0 0 0 0 149 21 112 1 0 0 0 0 040619 121405.348
0.0000000000 0.0000000000 0 0 0 0 0 0 179 23 112 1 0 0 0 0 040619 121405.548
0.0000000000 0.0000000000 0 0 0 0 0 0 145 22 112 1 0 0 0 0 040619 121405.749
0.0000000000 0.0000000000 0 0 0 0 0 0 233 22 112 1 0 0 0 0 040619 121405.949
0.0000000000 0.0000000000 0 0 0 0 0 0 131 22 112 1 0 0 0 0 040619 121406.149
0.0000000000 0.0000000000 0 0 0 0 0 0 148 21 112 1 0 0 0 0 040619 121406.349
0.0000000000 0.0000000000 0 0 0 0 0 0 91 22 112 1 0 0 0 0 040619 121406.550
0.0000000000 0.0000000000 0 0 0 0 0 0 110 22 112 1 0 0 0 0 040619 121406.750
0.0000000000 0.0000000000 0 0 0 0 0 0 158 22 112 1 0 0 0 0 040619 121406.950
0.0000000000 0.0000000000 0 0 0 0 0 0 219 22 112 1 0 0 0 0 040619 121407.150
0.0000000000 0.0000000000 0 0 0 0 0 0 119 22 112 1 0 0 0 0 040619 121407.351
0.0000000000 0.0000000000 0 0 0 0 0 0 125 22 112 1 0 0 0 0 040619 121407.551
0.0000000000 0.0000000000 0 0 0 0 0 0 131 22 112 1 0 0 0 0 040619 121407.751
0.0000000000 0.0000000000 0 0 0 0 0 0 140 22 112 1 0 0 0 0 040619 121407.951
0.0000000000 0.0000000000 0 0 0 0 0 0 109 22 112 1 0 0 0 0 040619 121408.151
0.0000000000 0.0000000000 0 0 0 0 0 0 111 22 112 1 0 0 0 0 040619 121408.352
0.0000000000 0.0000000000 0 0 0 0 0 0 112 19 112 1 0 0 0 0 040619 121408.552
0.0000000000 0.0000000000 0 0 0 0 0 0 199 22 112 1 0 0 0 0 040619 121408.752
0.0000000000 0.0000000000 0 0 0 0 0 0 49 22 112 1 0 0 0 0 040619 121408.952
0.0000000000 0.0000000000 0 0 0 0 0 0 235 20 112 1 0 0 0 0 040619 121409.153
0.0000000000 0.0000000000 0 0 0 0 0 0 103 22 112 1 0 0 0 0 040619 121409.353
0.0000000000 0.0000000000 0 0 0 0 0 0 14 23 112 1 0 0 0 0 040619 121409.553
0.0000000000 0.0000000000 0 0 0 0 0 0 154 22 112 1 0 0 0 0 040619 121409.753
0.0000000000 0.0000000000 0 0 0 0 0 0 147 23 112 1 0 0 0 0 040619 121409.954
0.0000000000 0.0000000000 0 0 0 0 0 0 129 22 112 1 0 0 0 0 040619 121410.154
0.0000000000 0.0000000000 0 0 0 0 0 0 128 22 112 1 0 0 0 0 040619 121410.354
0.0000000000 0.0000000000 0 0 0 0 0 0 105 22 112 1 0 0 0 0 040619 121410.554
0.0000000000 0.0000000000 0 0 0 0 0 0 132 22 112 1 0 0 0 0 040619 121410.754
0.0000000000 0.0000000000 0 0 0 0 0 0 90 22 112 1 0 0 0 0 040619 121410.955
0.0000000000 0.0000000000 0 0 0 0 0 0 116 22 112 1 0 0 0 0 040619 121411.155
0.0000000000 0.0000000000 0 0 0 0 0 0 121 22 112 1 0 0 0 0 040619 121411.355
0.0000000000 0.0000000000 0 0 0 0 0 0 139 22 112 1 0 0 0 0 040619 121411.555
0.0000000000 0.0000000000 0 0 0 0 0 0 37 22 112 1 0 0 0 0 040619 121411.755
0.0000000000 0.0000000000 0 0 0 0 0 0 176 24 112 1 0 0 0 0 040619 121411.956
0.0000000000 0.0000000000 0 0 0 0 0 0 30 23 112 1 0 0 0 0 040619 121412.156
0.0000000000 0.0000000000 0 0 0 0 0 0 216 21 112 1 0 0 0 0 040619 121412.356
0.0000000000 0.0000000000 0 0 0 0 0 0 173 22 112 1 0 0 0 0 040619 121412.556
0.0000000000 0.0000000000 0 0 0 0 0 0 160 22 112 1 0 0 0 0 040619 121412.756
0.0000000000 0.0000000000 0 0 0 0 0 0 64 22 112 1 0 0 0 0 040619 121412.957
0.0000000000 0.0000000000 0 0 0 0 0 0 113 21 112 1 0 0 0 0 040619 121413.157
0.0000000000 0.0000000000 0 0 0 0 0 0 60 22 112 1 0 0 0 0 040619 121413.357
0.0000000000 0.0000000000 0 0 0 0 0 0 39 23 112 1 0 0 0 0 040619 121413.557
0.0000000000 0.0000000000 0 0 0 0 0 0 165 22 112 1 0 0 0 0 040619 121413.758
0.0000000000 0.0000000000 0 0 0 0 0 0 130 22 112 1 0 0 0 0 040619 121413.958
0.0000000000 0.0000000000 0 0 0 0 0 0 141 22 112 1 0 0 0 0 040619 121414.158
0.0000000000 0.0000000000 0 0 0 0 0 0 36 23 112 1 0 0 0 0 040619 121414.358
0.0000000000 0.0000000000 0 0 0 0 0 0 172 23 112 1 0 0 0 0 040619 121414.558
0.0000000000 0.0000000000 0 0 0 0 0 0 133 21 112 1 0 0 0 0 040619 121414.759
0.0000000000 0.0000000000 0 0 0 0 0 0 165 22 112 1 0 0 0 0 040619 121414.959
0.0000000000 0.0000000000 0 0 0 0 0 0 229 22 112 1 0 0 0 0 040619 121415.159
0.0000000000 0.0000000000 0 0 0 0 0 0 107 22 112 1 0 0 0 0 040619 121415.359
0.0000000000 0.0000000000 0 0 0 0 0 0 218 22 112 1 0 0 0 0 040619 121415.560
0.0000000000 0.0000000000 0 0 0 0 0 0 30 22 112 1 0 0 0 0 040619 121415.760
0.0000000000 0.0000000000 0 0 0 0 0 0 183 22 112 1 0 0 0 0 040619 121415.960
0.0000000000 0.0000000000 0 0 0 0 0 0 107 22 112 1 0 0 0 0 040619 121416.160
0.0000000000 0.0000000000 0 0 0 0 0 0 141 22 112 1 0 0 0 0 040619 121416.360
0.0000000000 0.0000000000 0 0 0 0 0 0 186 22 112 1 0 0 0 0 040619 121416.561
0.0000000000 0.0000000000 0 0 0 0 0 0 9 23 112 1 0 0 0 0 040619 121416.761
0.0000000000 0.0000000000 0 0 0 0 0 0 199 22 112 1 0 0 0 0 040619 121416.961
0.0000000000 0.0000000000 0 0 0 0 0 0 205 23 112 1 0 0 0 0 040619 121417.161
0.0000000000 0.0000000000 0 0 0 0 0 0 171 23 112 1 0 0 0 0 040619 121417.362
0.0000000000 0.0000000000 0 0 0 0 0 0 125 24 112 1 0 0 0 0 040619 121417.562
0.0000000000 0.0000000000 0 0 0 0 0 0 77 23 112 1 0 0 0 0 040619 121417.762
0.0000000000 0.0000000000 0 0 0 0 0 0 242 23 112 1 0 0 0 0 040619 121417.962
0.0000000000 0.0000000000 0 0 0 0 0 0 168 22 112 1 0 0 0 0 040619 121418.162
0.0000000000 0.0000000000 0 0 0 0 0 0 212 23 112 1 0 0 0 0 040619 121418.363
0.0000000000 0.0000000000 0 0 0 0 0 0 168 23 112 1 0 0 0 0 040619 121418.563
0.0000000000 0.0000000000 0 0 0 0 0 0 81 25 112 1 0 0 0 0 040619 121418.763
0.0000000000 0.0000000000 0 0 0 0 0 0 138 24 112 1 0 0 0 0 040619 121418.963
0.0000000000 0.0000000000 0 0 0 0 0 0 210 22 112 1 0 0 0 0 040619 121419.163
0.0000000000 0.0000000000 0 0 0 0 0 0 93 23 112 1 0 0 0 0 040619 121419.364
0.0000000000 0.0000000000 0 0 0 0 0 0 105 23 112 1 0 0 0 0 040619 121419.564
0.0000000000 0.0000000000 0 0 0 0 0 0 120 24 112 1 0 0 0 0 040619 121419.764
0.0000000000 0.0000000000 0 0 0 0 0 0 108 22 112 1 0 0 0 0 040619 121419.964
0.0000000000 0.0000000000 0 0 0 0 0 0 101 23 112 1 0 0 0 0 040619 121420.165
0.0000000000 0.0000000000 0 0 0 0 0 0 249 22 112 1 0 0 0 0 040619 121420.365
0.0000000000 0.0000000000 0 0 0 0 0 0 107 24 112 1 0 0 0 0 040619 121420.565
0.0000000000 0.0000000000 0 0 0 0 0 0 79 24 112 1 0 0 0 0 040619 121420.765
0.0000000000 0.0000000000 0 0 0 0 0 0 227 22 112 1 0 0 0 0 040619 121420.966
0.0000000000 0.0000000000 0 0 0 0 0 0 218 23 112 1 0 0 0 0 040619 121421.166
0.0000000000 0.0000000000 0 0 0 0 0 0 142 23 112 1 0 0 0 0 040619 121421.366
0.0000000000 0.0000000000 0 0 0 0 0 0 252 24 112 1 0 0 0 0 040619 121421.566
0.0000000000 0.0000000000 0 0 0 0 0 0 48 24 112 1 0 0 0 0 040619 121421.767
0.0000000000 0.0000000000 0 0 0 0 0 0 105 24 112 1 0 0 0 0 040619 121421.967
0.0000000000 0.0000000000 0 0 0 0 0 0 9 23 112 1 0 0 0 0 040619 121422.167
0.0000000000 0.0000000000 0 0 0 0 0 0 54 25 112 1 0 0 0 0 040619 121422.367
0.0000000000 0.0000000000 0 0 0 0 0 0 48 23 112 1 0 0 0 0 040619 121422.567
0.0000000000 0.0000000000 0 0 0 0 0 0 120 25 112 1 0 0 0 0 040619 121422.768
0.0000000000 0.0000000000 0 0 0 0 0 0 212 22 112 1 0 0 0 0 040619 121422.968
0.0000000000 0.0000000000 0 0 0 0 0 0 167 23 112 1 0 0 0 0 040619 121423.168
0.0000000000 0.0000000000 0 0 0 0 0 0 153 21 112 1 0 0 0 0 040619 121423.368
0.0000000000 0.0000000000 0 0 0 0 0 0 177 23 112 1 0 0 0 0 040619 121423.569
0.0000000000 0.0000000000 0 0 0 0 0 0 222 23 112 1 0 0 0 0 040619 121423.769
0.0000000000 0.0000000000 0 0 0 0 0 0 136 23 112 1 0 0 0 0 040619 121423.969
0.0000000000 0.0000000000 0 0 0 0 0 0 134 23 112 1 0 0 0 0 040619 121424.169
0.0000000000 0.0000000000 0 0 0 0 0 0 15 27 112 1 0 0 0 0 040619 121424.369
0.0000000000 0.0000000000 0 0 0 0 0 0 233 23 112 1 0 0 0 0 040619 121424.570
0.0000000000 0.0000000000 0 0 0 0 0 0 162 20 112 1 0 0 0 0 040619 121424.770
0.0000000000 0.0000000000 0 0 0 0 0 0 249 24 112 1 0 0 0 0 040619 121424.970
0.0000000000 0.0000000000 0 0 0 0 0 0 164 23 112 1 0 0 0 0 040619 121425.170
0.0000000000 0.0000000000 0 0 0 0 0 0 179 23 112 1 0 0 0 0 040619 121425.371
0.0000000000 0.0000000000 0 0 0 0 0 0 178 23 112 1 0 0 0 0 040619 121425.571
0.0000000000 0.0000000000 0 0 0 0 0 0 0 0 127 0 0 0 0 0 040619 121425.771
0.0000000000 0.0000000000 0 0 0 0 0 0 0 0 127 0 0 0 0 0 040619 121425.971
0.0000000000 0.0000000000 0 0 0 0 0 0 0 0 127 0 0 0 0 0 040619 121426.172
0.0000000000 0.0000000000 0 0 0 0 0 0 0 0 127 0 0 0 0 0 040619 121426.372
0.0000000000 0.0000000000 0 0 0 0 0 0 0 0 127 0 0 0 0 0 040619 121426.572
0.0000000000 0.0000000000 0 0 0 0 0 0 0 0 127 0 0 0 0 0 040619 121426.772
0.0000000000 0.0000000000 0 0 0 0 0 0 0 0 127 0 0 0 0 0 040619 121426.972
0.0000000000 0.0000000000 0 0 0 0 0 0 0 0 127 0 0 0 0 0 040619 121427.173
0.0000000000 0.0000000000 0 0 0 0 0 0 0 0 127 0 0 0 0 0 040619 121427.373
0.0000000000 0.0000000000 0 0 0 0 0 0 0 0 127 0 0 0 0 0 040619 121427.573
0.0000000000 0.0000000000 0 0 0 0 0 0 0 0 127 0 0 0 0 0 040619 121427.773
0.0000000000 0.0000000000 0 0 0 0 0 0 0 0 127 0 0 0 0 0 040619 121427.974
0.0000000000 0.0000000000 0 0 0 0 0 0 0 0 127 0 0 0 0 0 040619 121428.174
0.0000000000 0.0000000000 0 0 0 0 0 0 0 0 127 0 0 0 0 0 040619 121428.374
0.0000000000 0.0000000000 0 0 0 0 0 0 0 0 127 0 0 0 0 0 040619 121428.574
0.0000000000 0.0000000000 0 0 0 0 0 0 0 0 127 0 0 0 0 0 040619 121428.775
