0.0000000000 0.0000000000 0 0 0 0 0 0 255 127 112 1 0 0 0 0 040520 105353.742
0.0000000000 0.0000000000 0 0 0 0 0 0 255 127 112 1 0 0 0 0 040520 105353.792
0.0000000000 0.0000000000 0 0 0 0 0 0 255 127 112 1 0 0 0 0 040520 105353.842
0.0000000000 0.0000000000 0 0 0 0 0 0 255 127 112 1 0 0 0 0 040520 105353.892
0.0000000000 0.0000000000 0 0 0 0 0 0 255 127 112 1 0 0 0 0 040520 105353.943
0.0000000000 0.0000000000 0 0 0 0 0 0 255 127 112 1 0 0 0 0 040520 105353.993
0.0000000000 0.0000000000 0 0 0 0 0 0 255 127 112 1 0 0 0 0 040520 105354.043
0.0000000000 0.0000000000 0 0 0 0 0 0 255 127 112 1 0 0 0 0 040520 105354.094
0.0000000000 0.0000000000 0 0 0 0 0 0 255 127 112 1 0 0 0 0 040520 105354.144
0.0000000000 0.0000000000 0 0 0 0 0 0 255 127 112 1 0 0 0 0 040520 105354.194
0.0000000000 0.0000000000 0 0 0 0 0 0 255 127 112 1 0 0 0 0 040520 105354.245
0.0000000000 0.0000000000 0 0 0 0 0 0 255 127 112 1 0 0 0 0 040520 105354.295
0.0000000000 0.0000000000 0 0 0 0 0 0 255 127 112 1 0 0 0 0 040520 105354.345
0.0000000000 0.0000000000 0 0 0 0 0 0 255 127 112 1 0 0 0 0 040520 105354.395
0.0000000000 0.0000000000 0 0 0 0 0 0 255 127 112 1 0 0 0 0 040520 105354.446
0.0000000000 0.0000000000 0 0 0 0 0 0 255 127 112 1 0 0 0 0 040520 105354.496
0.0000000000 0.0000000000 0 0 0 0 0 0 255 127 112 1 0 0 0 0 040520 105354.546
0.0000000000 0.0000000000 0 0 0 0 0 0 255 127 112 1 0 0 0 0 040520 105354.597
0.0000000000 0.0000000000 0 0 0 0 0 0 255 127 112 1 0 0 0 0 040520 105354.647
0.0000000000 0.0000000000 0 0 0 0 0 0 255 127 112 1 0 0 0 0 040520 105354.697
0.0000000000 0.0000000000 0 0 0 0 0 0 255 127 112 1 0 0 0 0 040520 105354.748
0.0000000000 0.0000000000 0 0 0 0 0 0 255 127 112 1 0 0 0 0 040520 105354.798
0.0000000000 0.0000000000 0 0 0 0 0 0 255 127 112 1 0 0 0 0 040520 105354.848
0.0000000000 0.0000000000 0 0 0 0 0 0 255 127 112 1 0 0 0 0 040520 105354.899
0.0000000000 0.0000000000 0 0 0 0 0 0 255 127 112 1 0 0 0 0 040520 105354.949
0.0000000000 0.0000000000 0 0 0 0 0 0 255 127 112 1 0 0 0 0 040520 105355.000
0.0000000000 0.0000000000 0 0 0 0 0 0 255 127 112 1 0 0 0 0 040520 105355.050
0.0000000000 0.0000000000 0 0 0 0 0 0 255 127 112 1 0 0 0 0 040520 105355.101
0.0000000000 0.0000000000 0 0 0 0 0 0 255 127 112 1 0 0 0 0 040520 105355.151
0.0000000000 0.0000000000 0 0 0 0 0 0 255 127 112 1 0 0 0 0 040520 105355.201
0.0000000000 0.0000000000 0 0 0 0 0 0 255 127 112 1 0 0 0 0 040520 105355.251
0.0000000000 0.0000000000 0 0 0 0 0 0 255 127 112 1 0 0 0 0 040520 105355.302
0.0000000000 0.0000000000 0 0 0 0 0 0 255 127 112 1 0 0 0 0 040520 105355.352
0.0000000000 0.0000000000 0 0 0 0 0 0 255 127 112 1 0 0 0 0 040520 105355.403
0.0000000000 0.0000000000 0 0 0 0 0 0 255 127 112 1 0 0 0 0 040520 105355.453
0.0000000000 0.0000000000 0 0 0 0 0 0 255 127 112 1 0 0 0 0 040520 105355.503
0.0000000000 0.0000000000 0 0 0 0 0 0 255 127 112 1 0 0 0 0 040520 105355.554
0.0000000000 0.0000000000 0 0 0 0 0 0 255 127 112 1 0 0 0 0 040520 105355.604
0.0000000000 0.0000000000 0 0 0 0 0 0 255 127 112 1 0 0 0 0 040520 105355.655
0.0000000000 0.0000000000 0 0 0 0 0 0 255 127 112 1 0 0 0 0 040520 105355.705
0.0000000000 0.0000000000 0 0 0 0 0 0 255 127 112 1 0 0 0 0 040520 105355.756
0.0000000000 0.0000000000 0 0 0 0 0 0 255 127 112 1 0 0 0 0 040520 105355.806
0.0000000000 0.0000000000 0 0 0 0 0 0 255 127 112 1 0 0 0 0 040520 105355.856
0.0000000000 0.0000000000 0 0 0 0 0 0 255 127 112 1 0 0 0 0 040520 105355.907
0.0000000000 0.0000000000 0 0 0 0 0 0 255 127 112 1 0 0 0 0 040520 105355.957
0.0000000000 0.0000000000 0 0 0 0 0 0 255 127 112 1 0 0 0 0 040520 105356.007
0.0000000000 0.0000000000 0 0 0 0 0 0 255 127 112 1 0 0 0 0 040520 105356.057
0.0000000000 0.0000000000 0 0 0 0 0 0 255 127 112 1 0 0 0 0 040520 105356.108
0.0000000000 0.0000000000 0 0 0 0 0 0 255 127 112 1 0 0 0 0 040520 105356.158
0.0000000000 0.0000000000 0 0 0 0 0 0 255 127 112 1 0 0 0 0 040520 105356.208
0.0000000000 0.0000000000 0 0 0 0 0 0 255 127 112 1 0 0 0 0 040520 105356.259
0.0000000000 0.0000000000 0 0 0 0 0 0 255 127 112 1 0 0 0 0 040520 105356.309
0.0000000000 0.0000000000 0 0 0 0 0 0 255 127 112 1 0 0 0 0 040520 105356.359
0.0000000000 0.0000000000 0 0 0 0 0 0 255 127 112 1 0 0 0 0 040520 105356.410
0.0000000000 0.0000000000 0 0 0 0 0 0 255 127 112 1 0 0 0 0 040520 105356.460
0.0000000000 0.0000000000 0 0 0 0 0 0 255 127 112 1 0 0 0 0 040520 105356.511
0.0000000000 0.0000000000 0 0 0 0 0 0 255 127 112 1 0 0 0 0 040520 105356.561
0.0000000000 0.0000000000 0 0 0 0 0 0 255 127 112 1 0 0 0 0 040520 105356.611
0.0000000000 0.0000000000 0 0 0 0 0 0 255 127 112 1 0 0 0 0 040520 105356.662
0.0000000000 0.0000000000 0 0 0 0 0 0 255 127 112 1 0 0 0 0 040520 105356.712
