0.0000000000 0.0000000000 0 0 0 0 0 0 0 0 127 0 0 0 0 0 030619 200210.971
0.0000000000 0.0000000000 0 0 0 0 0 0 0 0 127 0 0 0 0 0 030619 200211.171
0.0000000000 0.0000000000 0 0 0 0 0 0 0 0 127 0 0 0 0 0 030619 200211.371
0.0000000000 0.0000000000 0 0 0 0 0 0 0 0 127 0 0 0 0 0 030619 200211.571
0.0000000000 0.0000000000 0 0 0 0 0 0 0 0 127 0 0 0 0 0 030619 200211.771
0.0000000000 0.0000000000 0 0 0 0 0 0 0 0 127 0 0 0 0 0 030619 200211.972
0.0000000000 0.0000000000 0 0 0 0 0 0 0 0 127 0 0 0 0 0 030619 200212.172
0.0000000000 0.0000000000 0 0 0 0 0 0 0 0 127 0 0 0 0 0 030619 200212.372
0.0000000000 0.0000000000 0 0 0 0 0 0 0 0 127 0 0 0 0 0 030619 200212.572
0.0000000000 0.0000000000 0 0 0 0 0 0 0 0 127 0 0 0 0 0 030619 200212.772
0.0000000000 0.0000000000 0 0 0 0 0 0 0 0 127 0 0 0 0 0 030619 200212.972
0.0000000000 0.0000000000 0 0 0 0 0 0 0 0 127 0 0 0 0 0 030619 200213.172
0.0000000000 0.0000000000 0 0 0 0 0 0 0 0 127 0 0 0 0 0 030619 200213.373
