0.0000000000 0.0000000000 0 0 0 0 0 0 105 243 112 1 0 0 0 0 230919 141421.972
0.0000000000 0.0000000000 0 0 0 0 0 0 150 243 112 1 0 0 0 0 230919 141422.173
0.0000000000 0.0000000000 0 0 0 0 0 0 173 243 112 1 0 0 0 0 230919 141422.373
0.0000000000 0.0000000000 0 0 0 0 0 0 207 243 112 1 0 0 0 0 230919 141422.574
0.0000000000 0.0000000000 0 0 0 0 0 0 47 244 112 1 0 0 0 0 230919 141422.775
0.0000000000 0.0000000000 0 0 0 0 0 0 112 244 112 1 0 0 0 0 230919 141422.975
0.0000000000 0.0000000000 0 0 0 0 0 0 177 244 112 1 0 0 0 0 230919 141423.175
0.0000000000 0.0000000000 0 0 0 0 0 0 221 244 112 1 0 0 0 0 230919 141423.375
0.0000000000 0.0000000000 0 0 0 0 0 0 23 245 112 1 0 0 0 0 230919 141423.576
0.0000000000 0.0000000000 0 0 0 0 0 0 237 244 112 1 0 0 0 0 230919 141423.776
0.0000000000 0.0000000000 0 0 0 0 0 0 66 245 112 1 0 0 0 0 230919 141423.977
0.0000000000 0.0000000000 0 0 0 0 0 0 253 245 112 1 0 0 0 0 230919 141424.177
0.0000000000 0.0000000000 0 0 0 0 0 0 214 246 112 1 0 0 0 0 230919 141424.377
0.0000000000 0.0000000000 0 0 0 0 0 0 142 247 112 1 0 0 0 0 230919 141424.578
0.0000000000 0.0000000000 0 0 0 0 0 0 219 247 112 1 0 0 0 0 230919 141424.778
0.0000000000 0.0000000000 0 0 0 0 0 0 83 248 112 1 0 0 0 0 230919 141424.978
0.0000000000 0.0000000000 0 0 0 0 0 0 201 248 112 1 0 0 0 0 230919 141425.179
0.0000000000 0.0000000000 0 0 0 0 0 0 60 249 112 1 0 0 0 0 230919 141425.379
0.0000000000 0.0000000000 0 0 0 0 0 0 107 249 112 1 0 0 0 0 230919 141425.579
0.0000000000 0.0000000000 0 0 0 0 0 0 227 249 112 1 0 0 0 0 230919 141425.780
0.0000000000 0.0000000000 0 0 0 0 0 0 72 250 112 1 0 0 0 0 230919 141425.980
0.0000000000 0.0000000000 0 0 0 0 0 0 118 250 112 1 0 0 0 0 230919 141426.180
0.0000000000 0.0000000000 0 0 0 0 0 0 235 250 112 1 0 0 0 0 230919 141426.381
0.0000000000 0.0000000000 0 0 0 0 0 0 95 251 112 1 0 0 0 0 230919 141426.581
0.0000000000 0.0000000000 0 0 0 0 0 0 222 251 112 1 0 0 0 0 230919 141426.781
0.0000000000 0.0000000000 0 0 0 0 0 0 16 252 112 1 0 0 0 0 230919 141426.982
0.0000000000 0.0000000000 0 0 0 0 0 0 115 252 112 1 0 0 0 0 230919 141427.182
0.0000000000 0.0000000000 0 0 0 0 0 0 195 252 112 1 0 0 0 0 230919 141427.382
0.0000000000 0.0000000000 0 0 0 0 0 0 202 252 112 1 0 0 0 0 230919 141427.583
0.0000000000 0.0000000000 0 0 0 0 0 0 212 252 112 1 0 0 0 0 230919 141427.783
0.0000000000 0.0000000000 0 0 0 0 0 0 89 253 112 1 0 0 0 0 230919 141427.983
0.0000000000 0.0000000000 0 0 0 0 0 0 149 253 112 1 0 0 0 0 230919 141428.184
0.0000000000 0.0000000000 0 0 0 0 0 0 0 0 112 1 0 0 0 0 230919 141428.384
0.0000000000 0.0000000000 0 0 0 0 0 0 0 0 112 1 0 0 0 0 230919 141428.585
0.0000000000 0.0000000000 0 0 0 0 0 0 0 0 112 1 0 0 0 0 230919 141428.785
0.0000000000 0.0000000000 0 0 0 0 0 0 0 0 112 1 0 0 0 0 230919 141428.985
0.0000000000 0.0000000000 0 0 0 0 0 0 0 0 112 1 0 0 0 0 230919 141429.186
0.0000000000 0.0000000000 0 0 0 0 0 0 0 0 112 1 0 0 0 0 230919 141429.386
0.0000000000 0.0000000000 0 0 0 0 0 0 0 0 112 1 0 0 0 0 230919 141429.586
0.0000000000 0.0000000000 0 0 0 0 0 0 0 0 112 1 0 0 0 0 230919 141429.787
0.0000000000 0.0000000000 0 0 0 0 0 0 0 0 112 1 0 0 0 0 230919 141429.987
0.0000000000 0.0000000000 0 0 0 0 0 0 0 0 112 1 0 0 0 0 230919 141430.187
0.0000000000 0.0000000000 0 0 0 0 0 0 0 0 112 1 0 0 0 0 230919 141430.388
0.0000000000 0.0000000000 0 0 0 0 0 0 0 0 112 1 0 0 0 0 230919 141430.588
0.0000000000 0.0000000000 0 0 0 0 0 0 0 0 112 1 0 0 0 0 230919 141430.788
0.0000000000 0.0000000000 0 0 0 0 0 0 122 2 112 1 0 0 0 0 230919 141430.989
0.0000000000 0.0000000000 0 0 0 0 0 0 200 2 112 1 0 0 0 0 230919 141431.189
0.0000000000 0.0000000000 0 0 0 0 0 0 142 3 112 1 0 0 0 0 230919 141431.389
0.0000000000 0.0000000000 0 0 0 0 0 0 209 3 112 1 0 0 0 0 230919 141431.589
0.0000000000 0.0000000000 0 0 0 0 0 0 115 4 112 1 0 0 0 0 230919 141431.790
0.0000000000 0.0000000000 0 0 0 0 0 0 125 4 112 1 0 0 0 0 230919 141431.990
0.0000000000 0.0000000000 0 0 0 0 0 0 146 4 112 1 0 0 0 0 230919 141432.190
0.0000000000 0.0000000000 0 0 0 0 0 0 172 4 112 1 0 0 0 0 230919 141432.391
0.0000000000 0.0000000000 0 0 0 0 0 0 194 4 112 1 0 0 0 0 230919 141432.591
0.0000000000 0.0000000000 0 0 0 0 0 0 191 4 112 1 0 0 0 0 230919 141432.791
0.0000000000 0.0000000000 0 0 0 0 0 0 208 4 112 1 0 0 0 0 230919 141432.992
0.0000000000 0.0000000000 0 0 0 0 0 0 232 4 112 1 0 0 0 0 230919 141433.192
0.0000000000 0.0000000000 0 0 0 0 0 0 1 5 112 1 0 0 0 0 230919 141433.392
0.0000000000 0.0000000000 0 0 0 0 0 0 32 5 112 1 0 0 0 0 230919 141433.593
0.0000000000 0.0000000000 0 0 0 0 0 0 47 5 112 1 0 0 0 0 230919 141433.793
0.0000000000 0.0000000000 0 0 0 0 0 0 78 5 112 1 0 0 0 0 230919 141433.993
0.0000000000 0.0000000000 0 0 0 0 0 0 113 5 112 1 0 0 0 0 230919 141434.194
0.0000000000 0.0000000000 0 0 0 0 0 0 141 5 112 1 0 0 0 0 230919 141434.394
0.0000000000 0.0000000000 0 0 0 0 0 0 186 5 112 1 0 0 0 0 230919 141434.594
0.0000000000 0.0000000000 0 0 0 0 0 0 219 5 112 1 0 0 0 0 230919 141434.794
0.0000000000 0.0000000000 0 0 0 0 0 0 233 5 112 1 0 0 0 0 230919 141434.995
0.0000000000 0.0000000000 0 0 0 0 0 0 14 6 112 1 0 0 0 0 230919 141435.195
0.0000000000 0.0000000000 0 0 0 0 0 0 49 6 112 1 0 0 0 0 230919 141435.395
0.0000000000 0.0000000000 0 0 0 0 0 0 80 6 112 1 0 0 0 0 230919 141435.596
0.0000000000 0.0000000000 0 0 0 0 0 0 119 6 112 1 0 0 0 0 230919 141435.796
0.0000000000 0.0000000000 0 0 0 0 0 0 146 6 112 1 0 0 0 0 230919 141435.996
0.0000000000 0.0000000000 0 0 0 0 0 0 187 6 112 1 0 0 0 0 230919 141436.197
0.0000000000 0.0000000000 0 0 0 0 0 0 215 6 112 1 0 0 0 0 230919 141436.397
0.0000000000 0.0000000000 0 0 0 0 0 0 225 6 112 1 0 0 0 0 230919 141436.597
0.0000000000 0.0000000000 0 0 0 0 0 0 3 7 112 1 0 0 0 0 230919 141436.797
0.0000000000 0.0000000000 0 0 0 0 0 0 34 7 112 1 0 0 0 0 230919 141436.998
0.0000000000 0.0000000000 0 0 0 0 0 0 59 7 112 1 0 0 0 0 230919 141437.198
0.0000000000 0.0000000000 0 0 0 0 0 0 81 7 112 1 0 0 0 0 230919 141437.398
0.0000000000 0.0000000000 0 0 0 0 0 0 110 7 112 1 0 0 0 0 230919 141437.599
0.0000000000 0.0000000000 0 0 0 0 0 0 124 7 112 1 0 0 0 0 230919 141437.799
0.0000000000 0.0000000000 0 0 0 0 0 0 151 7 112 1 0 0 0 0 230919 141437.999
0.0000000000 0.0000000000 0 0 0 0 0 0 174 7 112 1 0 0 0 0 230919 141438.200
0.0000000000 0.0000000000 0 0 0 0 0 0 205 7 112 1 0 0 0 0 230919 141438.400
0.0000000000 0.0000000000 0 0 0 0 0 0 207 7 112 1 0 0 0 0 230919 141438.600
0.0000000000 0.0000000000 0 0 0 0 0 0 145 7 112 1 0 0 0 0 230919 141438.801
0.0000000000 0.0000000000 0 0 0 0 0 0 100 7 112 1 0 0 0 0 230919 141439.001
0.0000000000 0.0000000000 0 0 0 0 0 0 69 7 112 1 0 0 0 0 230919 141439.201
0.0000000000 0.0000000000 0 0 0 0 0 0 36 7 112 1 0 0 0 0 230919 141439.401
0.0000000000 0.0000000000 0 0 0 0 0 0 8 7 112 1 0 0 0 0 230919 141439.602
0.0000000000 0.0000000000 0 0 0 0 0 0 232 6 112 1 0 0 0 0 230919 141439.802
0.0000000000 0.0000000000 0 0 0 0 0 0 201 6 112 1 0 0 0 0 230919 141440.002
0.0000000000 0.0000000000 0 0 0 0 0 0 188 6 112 1 0 0 0 0 230919 141440.203
0.0000000000 0.0000000000 0 0 0 0 0 0 162 6 112 1 0 0 0 0 230919 141440.403
0.0000000000 0.0000000000 0 0 0 0 0 0 126 6 112 1 0 0 0 0 230919 141440.603
0.0000000000 0.0000000000 0 0 0 0 0 0 97 6 112 1 0 0 0 0 230919 141440.804
0.0000000000 0.0000000000 0 0 0 0 0 0 62 6 112 1 0 0 0 0 230919 141441.004
0.0000000000 0.0000000000 0 0 0 0 0 0 18 6 112 1 0 0 0 0 230919 141441.204
0.0000000000 0.0000000000 0 0 0 0 0 0 222 5 112 1 0 0 0 0 230919 141441.404
0.0000000000 0.0000000000 0 0 0 0 0 0 167 5 112 1 0 0 0 0 230919 141441.605
0.0000000000 0.0000000000 0 0 0 0 0 0 125 5 112 1 0 0 0 0 230919 141441.805
0.0000000000 0.0000000000 0 0 0 0 0 0 78 5 112 1 0 0 0 0 230919 141442.005
0.0000000000 0.0000000000 0 0 0 0 0 0 28 5 112 1 0 0 0 0 230919 141442.206
0.0000000000 0.0000000000 0 0 0 0 0 0 246 4 112 1 0 0 0 0 230919 141442.406
0.0000000000 0.0000000000 0 0 0 0 0 0 209 4 112 1 0 0 0 0 230919 141442.606
0.0000000000 0.0000000000 0 0 0 0 0 0 166 4 112 1 0 0 0 0 230919 141442.806
0.0000000000 0.0000000000 0 0 0 0 0 0 117 4 112 1 0 0 0 0 230919 141443.007
0.0000000000 0.0000000000 0 0 0 0 0 0 39 4 112 1 0 0 0 0 230919 141443.207
0.0000000000 0.0000000000 0 0 0 0 0 0 219 3 112 1 0 0 0 0 230919 141443.407
0.0000000000 0.0000000000 0 0 0 0 0 0 149 3 112 1 0 0 0 0 230919 141443.608
0.0000000000 0.0000000000 0 0 0 0 0 0 0 0 127 0 0 0 0 0 230919 141443.808
0.0000000000 0.0000000000 0 0 0 0 0 0 0 0 127 0 0 0 0 0 230919 141444.008
0.0000000000 0.0000000000 0 0 0 0 0 0 0 0 127 0 0 0 0 0 230919 141444.208
0.0000000000 0.0000000000 0 0 0 0 0 0 0 0 127 0 0 0 0 0 230919 141444.409
0.0000000000 0.0000000000 0 0 0 0 0 0 0 0 127 0 0 0 0 0 230919 141444.609
0.0000000000 0.0000000000 0 0 0 0 0 0 0 0 127 0 0 0 0 0 230919 141444.809
