0.0000000000 0.0000000000 0 0 0 0 0 0 0 0 112 1 0 0 0 0 041019 164213.643
0.0000000000 0.0000000000 0 0 0 0 0 0 0 0 112 1 0 0 0 0 041019 164213.843
0.0000000000 0.0000000000 0 0 0 0 0 0 0 0 112 1 0 0 0 0 041019 164214.043
0.0000000000 0.0000000000 0 0 0 0 0 0 0 0 112 1 0 0 0 0 041019 164214.243
0.0000000000 0.0000000000 0 0 0 0 0 0 0 0 112 1 0 0 0 0 041019 164214.444
0.0000000000 0.0000000000 0 0 0 0 0 0 0 0 112 1 0 0 0 0 041019 164214.644
0.0000000000 0.0000000000 0 0 0 0 0 0 0 0 112 1 0 0 0 0 041019 164214.844
0.0000000000 0.0000000000 0 0 0 0 0 0 0 0 112 1 0 0 0 0 041019 164215.044
0.0000000000 0.0000000000 0 0 0 0 0 0 0 0 112 1 0 0 0 0 041019 164215.244
0.0000000000 0.0000000000 0 0 0 0 0 0 0 0 112 1 0 0 0 0 041019 164215.444
0.0000000000 0.0000000000 0 0 0 0 0 0 0 0 112 1 0 0 0 0 041019 164215.645
0.0000000000 0.0000000000 0 0 0 0 0 0 0 0 112 1 0 0 0 0 041019 164215.845
0.0000000000 0.0000000000 0 0 0 0 0 0 0 0 112 1 0 0 0 0 041019 164216.045
0.0000000000 0.0000000000 0 0 0 0 0 0 0 0 112 1 0 0 0 0 041019 164216.245
0.0000000000 0.0000000000 0 0 0 0 0 0 0 0 112 1 0 0 0 0 041019 164216.445
0.0000000000 0.0000000000 0 0 0 0 0 0 0 0 112 1 0 0 0 0 041019 164216.645
0.0000000000 0.0000000000 0 0 0 0 0 0 0 0 112 1 0 0 0 0 041019 164216.846
0.0000000000 0.0000000000 0 0 0 0 0 0 0 0 112 1 0 0 0 0 041019 164217.046
0.0000000000 0.0000000000 0 0 0 0 0 0 0 0 112 1 0 0 0 0 041019 164217.246
0.0000000000 0.0000000000 0 0 0 0 0 0 0 0 112 1 0 0 0 0 041019 164217.446
0.0000000000 0.0000000000 0 0 0 0 0 0 0 0 112 1 0 0 0 0 041019 164217.646
0.0000000000 0.0000000000 0 0 0 0 0 0 0 0 112 1 0 0 0 0 041019 164217.847
0.0000000000 0.0000000000 0 0 0 0 0 0 0 0 112 1 0 0 0 0 041019 164218.047
0.0000000000 0.0000000000 0 0 0 0 0 0 0 0 112 1 0 0 0 0 041019 164218.247
0.0000000000 0.0000000000 0 0 0 0 0 0 0 0 112 1 0 0 0 0 041019 164218.447
0.0000000000 0.0000000000 0 0 0 0 0 0 0 0 112 1 0 0 0 0 041019 164218.647
0.0000000000 0.0000000000 0 0 0 0 0 0 0 0 112 1 0 0 0 0 041019 164218.847
0.0000000000 0.0000000000 0 0 0 0 0 0 0 0 112 1 0 0 0 0 041019 164219.048
0.0000000000 0.0000000000 0 0 0 0 0 0 0 0 112 1 0 0 0 0 041019 164219.248
0.0000000000 0.0000000000 0 0 0 0 0 0 0 0 112 1 0 0 0 0 041019 164219.448
0.0000000000 0.0000000000 0 0 0 0 0 0 0 0 112 1 0 0 0 0 041019 164219.648
0.0000000000 0.0000000000 0 0 0 0 0 0 0 0 112 1 0 0 0 0 041019 164219.848
0.0000000000 0.0000000000 0 0 0 0 0 0 0 0 112 1 0 0 0 0 041019 164220.048
0.0000000000 0.0000000000 0 0 0 0 0 0 0 0 112 1 0 0 0 0 041019 164220.249
0.0000000000 0.0000000000 0 0 0 0 0 0 0 0 112 1 0 0 0 0 041019 164220.449
0.0000000000 0.0000000000 0 0 0 0 0 0 0 0 112 1 0 0 0 0 041019 164220.649
0.0000000000 0.0000000000 0 0 0 0 0 0 0 0 112 1 0 0 0 0 041019 164220.849
0.0000000000 0.0000000000 0 0 0 0 0 0 0 0 112 1 0 0 0 0 041019 164221.049
0.0000000000 0.0000000000 0 0 0 0 0 0 0 0 112 1 0 0 0 0 041019 164221.250
0.0000000000 0.0000000000 0 0 0 0 0 0 0 0 112 1 0 0 0 0 041019 164221.450
0.0000000000 0.0000000000 0 0 0 0 0 0 0 0 112 1 0 0 0 0 041019 164221.650
0.0000000000 0.0000000000 0 0 0 0 0 0 0 0 112 1 0 0 0 0 041019 164221.850
0.0000000000 0.0000000000 0 0 0 0 0 0 0 0 112 1 0 0 0 0 041019 164222.050
0.0000000000 0.0000000000 0 0 0 0 0 0 0 0 112 1 0 0 0 0 041019 164222.250
0.0000000000 0.0000000000 0 0 0 0 0 0 0 0 112 1 0 0 0 0 041019 164222.450
0.0000000000 0.0000000000 0 0 0 0 0 0 0 0 112 1 0 0 0 0 041019 164222.651
0.0000000000 0.0000000000 0 0 0 0 0 0 0 0 112 1 0 0 0 0 041019 164222.851
0.0000000000 0.0000000000 0 0 0 0 0 0 0 0 112 1 0 0 0 0 041019 164223.051
0.0000000000 0.0000000000 0 0 0 0 0 0 0 0 112 1 0 0 0 0 041019 164223.251
0.0000000000 0.0000000000 0 0 0 0 0 0 0 0 112 1 0 0 0 0 041019 164223.451
0.0000000000 0.0000000000 0 0 0 0 0 0 0 0 112 1 0 0 0 0 041019 164223.652
0.0000000000 0.0000000000 0 0 0 0 0 0 0 0 112 1 0 0 0 0 041019 164223.852
0.0000000000 0.0000000000 0 0 0 0 0 0 0 0 112 1 0 0 0 0 041019 164224.052
0.0000000000 0.0000000000 0 0 0 0 0 0 0 0 112 1 0 0 0 0 041019 164224.252
0.0000000000 0.0000000000 0 0 0 0 0 0 0 0 112 1 0 0 0 0 041019 164224.453
0.0000000000 0.0000000000 0 0 0 0 0 0 0 0 112 1 0 0 0 0 041019 164224.653
0.0000000000 0.0000000000 0 0 0 0 0 0 0 0 112 1 0 0 0 0 041019 164224.853
0.0000000000 0.0000000000 0 0 0 0 0 0 0 0 112 1 0 0 0 0 041019 164225.053
0.0000000000 0.0000000000 0 0 0 0 0 0 0 0 112 1 0 0 0 0 041019 164225.253
0.0000000000 0.0000000000 0 0 0 0 0 0 0 0 112 1 0 0 0 0 041019 164225.454
0.0000000000 0.0000000000 0 0 0 0 0 0 0 0 112 1 0 0 0 0 041019 164225.654
0.0000000000 0.0000000000 0 0 0 0 0 0 0 0 112 1 0 0 0 0 041019 164225.854
0.0000000000 0.0000000000 0 0 0 0 0 0 0 0 112 1 0 0 0 0 041019 164226.054
0.0000000000 0.0000000000 0 0 0 0 0 0 0 0 112 1 0 0 0 0 041019 164226.254
0.0000000000 0.0000000000 0 0 0 0 0 0 0 0 112 1 0 0 0 0 041019 164226.455
0.0000000000 0.0000000000 0 0 0 0 0 0 0 0 112 1 0 0 0 0 041019 164226.655
0.0000000000 0.0000000000 0 0 0 0 0 0 0 0 112 1 0 0 0 0 041019 164226.855
0.0000000000 0.0000000000 0 0 0 0 0 0 0 0 112 1 0 0 0 0 041019 164227.055
0.0000000000 0.0000000000 0 0 0 0 0 0 0 0 112 1 0 0 0 0 041019 164227.255
0.0000000000 0.0000000000 0 0 0 0 0 0 0 0 112 1 0 0 0 0 041019 164227.456
0.0000000000 0.0000000000 0 0 0 0 0 0 0 0 112 1 0 0 0 0 041019 164227.656
0.0000000000 0.0000000000 0 0 0 0 0 0 0 0 112 1 0 0 0 0 041019 164227.856
0.0000000000 0.0000000000 0 0 0 0 0 0 0 0 112 1 0 0 0 0 041019 164228.056
0.0000000000 0.0000000000 0 0 0 0 0 0 0 0 112 1 0 0 0 0 041019 164228.256
0.0000000000 0.0000000000 0 0 0 0 0 0 0 0 112 1 0 0 0 0 041019 164228.456
0.0000000000 0.0000000000 0 0 0 0 0 0 0 0 112 1 0 0 0 0 041019 164228.657
0.0000000000 0.0000000000 0 0 0 0 0 0 0 0 112 1 0 0 0 0 041019 164228.857
0.0000000000 0.0000000000 0 0 0 0 0 0 0 0 112 1 0 0 0 0 041019 164229.057
0.0000000000 0.0000000000 0 0 0 0 0 0 0 0 112 1 0 0 0 0 041019 164229.257
0.0000000000 0.0000000000 0 0 0 0 0 0 0 0 112 1 0 0 0 0 041019 164229.457
0.0000000000 0.0000000000 0 0 0 0 0 0 0 0 112 1 0 0 0 0 041019 164229.658
0.0000000000 0.0000000000 0 0 0 0 0 0 0 0 112 1 0 0 0 0 041019 164229.858
0.0000000000 0.0000000000 0 0 0 0 0 0 0 0 112 1 0 0 0 0 041019 164230.058
0.0000000000 0.0000000000 0 0 0 0 0 0 0 0 112 1 0 0 0 0 041019 164230.258
0.0000000000 0.0000000000 0 0 0 0 0 0 0 0 112 1 0 0 0 0 041019 164230.458
0.0000000000 0.0000000000 0 0 0 0 0 0 0 0 112 1 0 0 0 0 041019 164230.658
0.0000000000 0.0000000000 0 0 0 0 0 0 0 0 112 1 0 0 0 0 041019 164230.859
0.0000000000 0.0000000000 0 0 0 0 0 0 0 0 112 1 0 0 0 0 041019 164231.059
0.0000000000 0.0000000000 0 0 0 0 0 0 0 0 112 1 0 0 0 0 041019 164231.259
0.0000000000 0.0000000000 0 0 0 0 0 0 0 0 112 1 0 0 0 0 041019 164231.459
0.0000000000 0.0000000000 0 0 0 0 0 0 0 0 112 1 0 0 0 0 041019 164231.659
0.0000000000 0.0000000000 0 0 0 0 0 0 0 0 112 1 0 0 0 0 041019 164231.859
0.0000000000 0.0000000000 0 0 0 0 0 0 0 0 112 1 0 0 0 0 041019 164232.060
0.0000000000 0.0000000000 0 0 0 0 0 0 0 0 112 1 0 0 0 0 041019 164232.260
0.0000000000 0.0000000000 0 0 0 0 0 0 0 0 112 1 0 0 0 0 041019 164232.460
0.0000000000 0.0000000000 0 0 0 0 0 0 0 0 112 1 0 0 0 0 041019 164232.660
0.0000000000 0.0000000000 0 0 0 0 0 0 0 0 112 1 0 0 0 0 041019 164232.860
0.0000000000 0.0000000000 0 0 0 0 0 0 0 0 112 1 0 0 0 0 041019 164233.060
0.0000000000 0.0000000000 0 0 0 0 0 0 0 0 112 1 0 0 0 0 041019 164233.261
0.0000000000 0.0000000000 0 0 0 0 0 0 0 0 112 1 0 0 0 0 041019 164233.461
0.0000000000 0.0000000000 0 0 0 0 0 0 0 0 112 1 0 0 0 0 041019 164233.661
0.0000000000 0.0000000000 0 0 0 0 0 0 0 0 112 1 0 0 0 0 041019 164233.861
0.0000000000 0.0000000000 0 0 0 0 0 0 0 0 112 1 0 0 0 0 041019 164234.061
0.0000000000 0.0000000000 0 0 0 0 0 0 0 0 112 1 0 0 0 0 041019 164234.262
0.0000000000 0.0000000000 0 0 0 0 0 0 0 0 112 1 0 0 0 0 041019 164234.462
0.0000000000 0.0000000000 0 0 0 0 0 0 0 0 112 1 0 0 0 0 041019 164234.662
0.0000000000 0.0000000000 0 0 0 0 0 0 0 0 112 1 0 0 0 0 041019 164234.862
0.0000000000 0.0000000000 0 0 0 0 0 0 0 0 112 1 0 0 0 0 041019 164235.062
0.0000000000 0.0000000000 0 0 0 0 0 0 0 0 112 1 0 0 0 0 041019 164235.263
0.0000000000 0.0000000000 0 0 0 0 0 0 0 0 112 1 0 0 0 0 041019 164235.463
0.0000000000 0.0000000000 0 0 0 0 0 0 0 0 112 1 0 0 0 0 041019 164235.663
0.0000000000 0.0000000000 0 0 0 0 0 0 0 0 112 1 0 0 0 0 041019 164235.863
0.0000000000 0.0000000000 0 0 0 0 0 0 0 0 112 1 0 0 0 0 041019 164236.063
0.0000000000 0.0000000000 0 0 0 0 0 0 0 0 112 1 0 0 0 0 041019 164236.264
0.0000000000 0.0000000000 0 0 0 0 0 0 0 0 112 1 0 0 0 0 041019 164236.464
0.0000000000 0.0000000000 0 0 0 0 0 0 0 0 112 1 0 0 0 0 041019 164236.664
0.0000000000 0.0000000000 0 0 0 0 0 0 0 0 112 1 0 0 0 0 041019 164236.864
0.0000000000 0.0000000000 0 0 0 0 0 0 0 0 112 1 0 0 0 0 041019 164237.064
0.0000000000 0.0000000000 0 0 0 0 0 0 0 0 112 1 0 0 0 0 041019 164237.264
0.0000000000 0.0000000000 0 0 0 0 0 0 0 0 112 1 0 0 0 0 041019 164237.465
0.0000000000 0.0000000000 0 0 0 0 0 0 0 0 112 1 0 0 0 0 041019 164237.665
0.0000000000 0.0000000000 0 0 0 0 0 0 0 0 112 1 0 0 0 0 041019 164237.865
0.0000000000 0.0000000000 0 0 0 0 0 0 0 0 112 1 0 0 0 0 041019 164238.065
0.0000000000 0.0000000000 0 0 0 0 0 0 0 0 112 1 0 0 0 0 041019 164238.266
0.0000000000 0.0000000000 0 0 0 0 0 0 0 0 112 1 0 0 0 0 041019 164238.466
0.0000000000 0.0000000000 0 0 0 0 0 0 0 0 112 1 0 0 0 0 041019 164238.666
0.0000000000 0.0000000000 0 0 0 0 0 0 0 0 112 1 0 0 0 0 041019 164238.866
0.0000000000 0.0000000000 0 0 0 0 0 0 0 0 112 1 0 0 0 0 041019 164239.066
0.0000000000 0.0000000000 0 0 0 0 0 0 0 0 112 1 0 0 0 0 041019 164239.267
0.0000000000 0.0000000000 0 0 0 0 0 0 0 0 112 1 0 0 0 0 041019 164239.467
0.0000000000 0.0000000000 0 0 0 0 0 0 0 0 112 1 0 0 0 0 041019 164239.667
0.0000000000 0.0000000000 0 0 0 0 0 0 0 0 112 1 0 0 0 0 041019 164239.867
0.0000000000 0.0000000000 0 0 0 0 0 0 0 0 112 1 0 0 0 0 041019 164240.067
0.0000000000 0.0000000000 0 0 0 0 0 0 0 0 112 1 0 0 0 0 041019 164240.268
0.0000000000 0.0000000000 0 0 0 0 0 0 0 0 112 1 0 0 0 0 041019 164240.468
0.0000000000 0.0000000000 0 0 0 0 0 0 0 0 112 1 0 0 0 0 041019 164240.668
0.0000000000 0.0000000000 0 0 0 0 0 0 0 0 112 1 0 0 0 0 041019 164240.868
0.0000000000 0.0000000000 0 0 0 0 0 0 0 0 112 1 0 0 0 0 041019 164241.068
0.0000000000 0.0000000000 0 0 0 0 0 0 0 0 112 1 0 0 0 0 041019 164241.268
0.0000000000 0.0000000000 0 0 0 0 0 0 0 0 112 1 0 0 0 0 041019 164241.468
0.0000000000 0.0000000000 0 0 0 0 0 0 0 0 112 1 0 0 0 0 041019 164241.668
0.0000000000 0.0000000000 0 0 0 0 0 0 0 0 112 1 0 0 0 0 041019 164241.869
0.0000000000 0.0000000000 0 0 0 0 0 0 0 0 112 1 0 0 0 0 041019 164242.069
0.0000000000 0.0000000000 0 0 0 0 0 0 0 0 112 1 0 0 0 0 041019 164242.269
0.0000000000 0.0000000000 0 0 0 0 0 0 0 0 112 1 0 0 0 0 041019 164242.469
0.0000000000 0.0000000000 0 0 0 0 0 0 0 0 112 1 0 0 0 0 041019 164242.669
0.0000000000 0.0000000000 0 0 0 0 0 0 0 0 112 1 0 0 0 0 041019 164242.869
0.0000000000 0.0000000000 0 0 0 0 0 0 0 0 112 1 0 0 0 0 041019 164243.070
0.0000000000 0.0000000000 0 0 0 0 0 0 0 0 112 1 0 0 0 0 041019 164243.270
0.0000000000 0.0000000000 0 0 0 0 0 0 0 0 112 1 0 0 0 0 041019 164243.470
0.0000000000 0.0000000000 0 0 0 0 0 0 0 0 112 1 0 0 0 0 041019 164243.670
0.0000000000 0.0000000000 0 0 0 0 0 0 0 0 112 1 0 0 0 0 041019 164243.870
0.0000000000 0.0000000000 0 0 0 0 0 0 0 0 112 1 0 0 0 0 041019 164244.070
0.0000000000 0.0000000000 0 0 0 0 0 0 0 0 112 1 0 0 0 0 041019 164244.270
0.0000000000 0.0000000000 0 0 0 0 0 0 0 0 112 1 0 0 0 0 041019 164244.470
0.0000000000 0.0000000000 0 0 0 0 0 0 0 0 112 1 0 0 0 0 041019 164244.671
0.0000000000 0.0000000000 0 0 0 0 0 0 0 0 112 1 0 0 0 0 041019 164244.871
0.0000000000 0.0000000000 0 0 0 0 0 0 0 0 112 1 0 0 0 0 041019 164245.071
0.0000000000 0.0000000000 0 0 0 0 0 0 0 0 112 1 0 0 0 0 041019 164245.271
0.0000000000 0.0000000000 0 0 0 0 0 0 0 0 112 1 0 0 0 0 041019 164245.471
0.0000000000 0.0000000000 0 0 0 0 0 0 0 0 112 1 0 0 0 0 041019 164245.671
0.0000000000 0.0000000000 0 0 0 0 0 0 0 0 112 1 0 0 0 0 041019 164245.871
0.0000000000 0.0000000000 0 0 0 0 0 0 0 0 112 1 0 0 0 0 041019 164246.072
0.0000000000 0.0000000000 0 0 0 0 0 0 0 0 112 1 0 0 0 0 041019 164246.272
0.0000000000 0.0000000000 0 0 0 0 0 0 0 0 112 1 0 0 0 0 041019 164246.472
0.0000000000 0.0000000000 0 0 0 0 0 0 0 0 112 1 0 0 0 0 041019 164246.672
0.0000000000 0.0000000000 0 0 0 0 0 0 0 0 112 1 0 0 0 0 041019 164246.872
0.0000000000 0.0000000000 0 0 0 0 0 0 0 0 112 1 0 0 0 0 041019 164247.072
0.0000000000 0.0000000000 0 0 0 0 0 0 0 0 112 1 0 0 0 0 041019 164247.273
0.0000000000 0.0000000000 0 0 0 0 0 0 0 0 112 1 0 0 0 0 041019 164247.473
0.0000000000 0.0000000000 0 0 0 0 0 0 0 0 112 1 0 0 0 0 041019 164247.673
0.0000000000 0.0000000000 0 0 0 0 0 0 0 0 112 1 0 0 0 0 041019 164247.873
0.0000000000 0.0000000000 0 0 0 0 0 0 0 0 112 1 0 0 0 0 041019 164248.073
0.0000000000 0.0000000000 0 0 0 0 0 0 0 0 112 1 0 0 0 0 041019 164248.273
0.0000000000 0.0000000000 0 0 0 0 0 0 0 0 112 1 0 0 0 0 041019 164248.474
0.0000000000 0.0000000000 0 0 0 0 0 0 0 0 112 1 0 0 0 0 041019 164248.674
0.0000000000 0.0000000000 0 0 0 0 0 0 0 0 112 1 0 0 0 0 041019 164248.874
0.0000000000 0.0000000000 0 0 0 0 0 0 0 0 112 1 0 0 0 0 041019 164249.074
0.0000000000 0.0000000000 0 0 0 0 0 0 0 0 112 1 0 0 0 0 041019 164249.274
0.0000000000 0.0000000000 0 0 0 0 0 0 0 0 112 1 0 0 0 0 041019 164249.475
0.0000000000 0.0000000000 0 0 0 0 0 0 0 0 112 1 0 0 0 0 041019 164249.675
0.0000000000 0.0000000000 0 0 0 0 0 0 0 0 112 1 0 0 0 0 041019 164249.875
0.0000000000 0.0000000000 0 0 0 0 0 0 0 0 112 1 0 0 0 0 041019 164250.075
0.0000000000 0.0000000000 0 0 0 0 0 0 0 0 112 1 0 0 0 0 041019 164250.275
0.0000000000 0.0000000000 0 0 0 0 0 0 0 0 112 1 0 0 0 0 041019 164250.475
0.0000000000 0.0000000000 0 0 0 0 0 0 0 0 112 1 0 0 0 0 041019 164250.676
0.0000000000 0.0000000000 0 0 0 0 0 0 0 0 112 1 0 0 0 0 041019 164250.876
0.0000000000 0.0000000000 0 0 0 0 0 0 0 0 112 1 0 0 0 0 041019 164251.076
0.0000000000 0.0000000000 0 0 0 0 0 0 0 0 112 1 0 0 0 0 041019 164251.276
0.0000000000 0.0000000000 0 0 0 0 0 0 0 0 112 1 0 0 0 0 041019 164251.476
0.0000000000 0.0000000000 0 0 0 0 0 0 0 0 112 1 0 0 0 0 041019 164251.676
0.0000000000 0.0000000000 0 0 0 0 0 0 0 0 112 1 0 0 0 0 041019 164251.876
0.0000000000 0.0000000000 0 0 0 0 0 0 0 0 112 1 0 0 0 0 041019 164252.077
0.0000000000 0.0000000000 0 0 0 0 0 0 0 0 112 1 0 0 0 0 041019 164252.277
0.0000000000 0.0000000000 0 0 0 0 0 0 0 0 112 1 0 0 0 0 041019 164252.477
0.0000000000 0.0000000000 0 0 0 0 0 0 0 0 112 1 0 0 0 0 041019 164252.677
0.0000000000 0.0000000000 0 0 0 0 0 0 0 0 112 1 0 0 0 0 041019 164252.877
0.0000000000 0.0000000000 0 0 0 0 0 0 0 0 112 1 0 0 0 0 041019 164253.077
0.0000000000 0.0000000000 0 0 0 0 0 0 0 0 112 1 0 0 0 0 041019 164253.278
0.0000000000 0.0000000000 0 0 0 0 0 0 0 0 112 1 0 0 0 0 041019 164253.478
0.0000000000 0.0000000000 0 0 0 0 0 0 0 0 112 1 0 0 0 0 041019 164253.678
0.0000000000 0.0000000000 0 0 0 0 0 0 0 0 112 1 0 0 0 0 041019 164253.878
0.0000000000 0.0000000000 0 0 0 0 0 0 0 0 112 1 0 0 0 0 041019 164254.078
0.0000000000 0.0000000000 0 0 0 0 0 0 0 0 112 1 0 0 0 0 041019 164254.278
0.0000000000 0.0000000000 0 0 0 0 0 0 0 0 112 1 0 0 0 0 041019 164254.479
0.0000000000 0.0000000000 0 0 0 0 0 0 0 0 112 1 0 0 0 0 041019 164254.679
0.0000000000 0.0000000000 0 0 0 0 0 0 0 0 112 1 0 0 0 0 041019 164254.879
0.0000000000 0.0000000000 0 0 0 0 0 0 0 0 112 1 0 0 0 0 041019 164255.079
0.0000000000 0.0000000000 0 0 0 0 0 0 0 0 112 1 0 0 0 0 041019 164255.279
0.0000000000 0.0000000000 0 0 0 0 0 0 0 0 112 1 0 0 0 0 041019 164255.480
0.0000000000 0.0000000000 0 0 0 0 0 0 0 0 112 1 0 0 0 0 041019 164255.680
0.0000000000 0.0000000000 0 0 0 0 0 0 0 0 112 1 0 0 0 0 041019 164255.880
0.0000000000 0.0000000000 0 0 0 0 0 0 0 0 112 1 0 0 0 0 041019 164256.080
0.0000000000 0.0000000000 0 0 0 0 0 0 0 0 112 1 0 0 0 0 041019 164256.280
0.0000000000 0.0000000000 0 0 0 0 0 0 0 0 112 1 0 0 0 0 041019 164256.480
0.0000000000 0.0000000000 0 0 0 0 0 0 0 0 112 1 0 0 0 0 041019 164256.681
0.0000000000 0.0000000000 0 0 0 0 0 0 0 0 112 1 0 0 0 0 041019 164256.881
0.0000000000 0.0000000000 0 0 0 0 0 0 0 0 112 1 0 0 0 0 041019 164257.081
0.0000000000 0.0000000000 0 0 0 0 0 0 0 0 112 1 0 0 0 0 041019 164257.281
0.0000000000 0.0000000000 0 0 0 0 0 0 0 0 112 1 0 0 0 0 041019 164257.481
0.0000000000 0.0000000000 0 0 0 0 0 0 0 0 112 1 0 0 0 0 041019 164257.681
0.0000000000 0.0000000000 0 0 0 0 0 0 0 0 112 1 0 0 0 0 041019 164257.882
0.0000000000 0.0000000000 0 0 0 0 0 0 0 0 112 1 0 0 0 0 041019 164258.082
0.0000000000 0.0000000000 0 0 0 0 0 0 0 0 112 1 0 0 0 0 041019 164258.282
0.0000000000 0.0000000000 0 0 0 0 0 0 0 0 112 1 0 0 0 0 041019 164258.482
0.0000000000 0.0000000000 0 0 0 0 0 0 0 0 112 1 0 0 0 0 041019 164258.682
0.0000000000 0.0000000000 0 0 0 0 0 0 0 0 112 1 0 0 0 0 041019 164258.882
0.0000000000 0.0000000000 0 0 0 0 0 0 0 0 112 1 0 0 0 0 041019 164259.082
0.0000000000 0.0000000000 0 0 0 0 0 0 0 0 112 1 0 0 0 0 041019 164259.283
0.0000000000 0.0000000000 0 0 0 0 0 0 0 0 112 1 0 0 0 0 041019 164259.483
0.0000000000 0.0000000000 0 0 0 0 0 0 0 0 112 1 0 0 0 0 041019 164259.683
0.0000000000 0.0000000000 0 0 0 0 0 0 0 0 112 1 0 0 0 0 041019 164259.883
0.0000000000 0.0000000000 0 0 0 0 0 0 0 0 112 1 0 0 0 0 041019 164300.083
0.0000000000 0.0000000000 0 0 0 0 0 0 0 0 112 1 0 0 0 0 041019 164300.283
0.0000000000 0.0000000000 0 0 0 0 0 0 0 0 112 1 0 0 0 0 041019 164300.483
0.0000000000 0.0000000000 0 0 0 0 0 0 0 0 112 1 0 0 0 0 041019 164300.684
0.0000000000 0.0000000000 0 0 0 0 0 0 0 0 112 1 0 0 0 0 041019 164300.884
0.0000000000 0.0000000000 0 0 0 0 0 0 0 0 112 1 0 0 0 0 041019 164301.084
0.0000000000 0.0000000000 0 0 0 0 0 0 0 0 112 1 0 0 0 0 041019 164301.284
0.0000000000 0.0000000000 0 0 0 0 0 0 0 0 112 1 0 0 0 0 041019 164301.484
0.0000000000 0.0000000000 0 0 0 0 0 0 0 0 112 1 0 0 0 0 041019 164301.684
0.0000000000 0.0000000000 0 0 0 0 0 0 0 0 112 1 0 0 0 0 041019 164301.884
0.0000000000 0.0000000000 0 0 0 0 0 0 0 0 112 1 0 0 0 0 041019 164302.085
0.0000000000 0.0000000000 0 0 0 0 0 0 0 0 112 1 0 0 0 0 041019 164302.285
0.0000000000 0.0000000000 0 0 0 0 0 0 0 0 112 1 0 0 0 0 041019 164302.485
0.0000000000 0.0000000000 0 0 0 0 0 0 0 0 112 1 0 0 0 0 041019 164302.685
0.0000000000 0.0000000000 0 0 0 0 0 0 0 0 112 1 0 0 0 0 041019 164302.886
0.0000000000 0.0000000000 0 0 0 0 0 0 0 0 112 1 0 0 0 0 041019 164303.086
0.0000000000 0.0000000000 0 0 0 0 0 0 0 0 112 1 0 0 0 0 041019 164303.286
0.0000000000 0.0000000000 0 0 0 0 0 0 0 0 112 1 0 0 0 0 041019 164303.486
0.0000000000 0.0000000000 0 0 0 0 0 0 0 0 112 1 0 0 0 0 041019 164303.686
0.0000000000 0.0000000000 0 0 0 0 0 0 0 0 112 1 0 0 0 0 041019 164303.886
0.0000000000 0.0000000000 0 0 0 0 0 0 0 0 112 1 0 0 0 0 041019 164304.086
0.0000000000 0.0000000000 0 0 0 0 0 0 0 0 112 1 0 0 0 0 041019 164304.287
0.0000000000 0.0000000000 0 0 0 0 0 0 0 0 112 1 0 0 0 0 041019 164304.487
0.0000000000 0.0000000000 0 0 0 0 0 0 0 0 112 1 0 0 0 0 041019 164304.687
0.0000000000 0.0000000000 0 0 0 0 0 0 0 0 112 1 0 0 0 0 041019 164304.887
0.0000000000 0.0000000000 0 0 0 0 0 0 0 0 112 1 0 0 0 0 041019 164305.088
0.0000000000 0.0000000000 0 0 0 0 0 0 0 0 112 1 0 0 0 0 041019 164305.288
0.0000000000 0.0000000000 0 0 0 0 0 0 0 0 112 1 0 0 0 0 041019 164305.488
0.0000000000 0.0000000000 0 0 0 0 0 0 0 0 112 1 0 0 0 0 041019 164305.688
0.0000000000 0.0000000000 0 0 0 0 0 0 0 0 112 1 0 0 0 0 041019 164305.889
0.0000000000 0.0000000000 0 0 0 0 0 0 0 0 112 1 0 0 0 0 041019 164306.089
0.0000000000 0.0000000000 0 0 0 0 0 0 0 0 112 1 0 0 0 0 041019 164306.289
0.0000000000 0.0000000000 0 0 0 0 0 0 0 0 112 1 0 0 0 0 041019 164306.489
0.0000000000 0.0000000000 0 0 0 0 0 0 0 0 112 1 0 0 0 0 041019 164306.689
0.0000000000 0.0000000000 0 0 0 0 0 0 0 0 112 1 0 0 0 0 041019 164306.889
0.0000000000 0.0000000000 0 0 0 0 0 0 0 0 112 1 0 0 0 0 041019 164307.090
0.0000000000 0.0000000000 0 0 0 0 0 0 0 0 112 1 0 0 0 0 041019 164307.290
0.0000000000 0.0000000000 0 0 0 0 0 0 0 0 112 1 0 0 0 0 041019 164307.490
0.0000000000 0.0000000000 0 0 0 0 0 0 0 0 112 1 0 0 0 0 041019 164307.690
0.0000000000 0.0000000000 0 0 0 0 0 0 0 0 112 1 0 0 0 0 041019 164307.890
0.0000000000 0.0000000000 0 0 0 0 0 0 0 0 112 1 0 0 0 0 041019 164308.090
0.0000000000 0.0000000000 0 0 0 0 0 0 0 0 112 1 0 0 0 0 041019 164308.291
0.0000000000 0.0000000000 0 0 0 0 0 0 0 0 112 1 0 0 0 0 041019 164308.491
0.0000000000 0.0000000000 0 0 0 0 0 0 0 0 112 1 0 0 0 0 041019 164308.691
0.0000000000 0.0000000000 0 0 0 0 0 0 0 0 112 1 0 0 0 0 041019 164308.891
0.0000000000 0.0000000000 0 0 0 0 0 0 0 0 112 1 0 0 0 0 041019 164309.091
0.0000000000 0.0000000000 0 0 0 0 0 0 0 0 112 1 0 0 0 0 041019 164309.291
0.0000000000 0.0000000000 0 0 0 0 0 0 0 0 112 1 0 0 0 0 041019 164309.492
0.0000000000 0.0000000000 0 0 0 0 0 0 0 0 112 1 0 0 0 0 041019 164309.692
0.0000000000 0.0000000000 0 0 0 0 0 0 0 0 112 1 0 0 0 0 041019 164309.892
0.0000000000 0.0000000000 0 0 0 0 0 0 0 0 112 1 0 0 0 0 041019 164310.092
0.0000000000 0.0000000000 0 0 0 0 0 0 0 0 112 1 0 0 0 0 041019 164310.292
0.0000000000 0.0000000000 0 0 0 0 0 0 0 0 112 1 0 0 0 0 041019 164310.493
0.0000000000 0.0000000000 0 0 0 0 0 0 0 0 112 1 0 0 0 0 041019 164310.693
0.0000000000 0.0000000000 0 0 0 0 0 0 0 0 112 1 0 0 0 0 041019 164310.893
0.0000000000 0.0000000000 0 0 0 0 0 0 0 0 112 1 0 0 0 0 041019 164311.093
0.0000000000 0.0000000000 0 0 0 0 0 0 0 0 112 1 0 0 0 0 041019 164311.293
0.0000000000 0.0000000000 0 0 0 0 0 0 0 0 112 1 0 0 0 0 041019 164311.494
0.0000000000 0.0000000000 0 0 0 0 0 0 0 0 112 1 0 0 0 0 041019 164311.694
0.0000000000 0.0000000000 0 0 0 0 0 0 0 0 112 1 0 0 0 0 041019 164311.894
0.0000000000 0.0000000000 0 0 0 0 0 0 0 0 112 1 0 0 0 0 041019 164312.094
0.0000000000 0.0000000000 0 0 0 0 0 0 0 0 112 1 0 0 0 0 041019 164312.294
0.0000000000 0.0000000000 0 0 0 0 0 0 0 0 112 1 0 0 0 0 041019 164312.494
0.0000000000 0.0000000000 0 0 0 0 0 0 0 0 112 1 0 0 0 0 041019 164312.695
0.0000000000 0.0000000000 0 0 0 0 0 0 0 0 112 1 0 0 0 0 041019 164312.895
0.0000000000 0.0000000000 0 0 0 0 0 0 0 0 112 1 0 0 0 0 041019 164313.095
0.0000000000 0.0000000000 0 0 0 0 0 0 0 0 112 1 0 0 0 0 041019 164313.295
0.0000000000 0.0000000000 0 0 0 0 0 0 0 0 112 1 0 0 0 0 041019 164313.495
0.0000000000 0.0000000000 0 0 0 0 0 0 0 0 112 1 0 0 0 0 041019 164313.696
0.0000000000 0.0000000000 0 0 0 0 0 0 0 0 112 1 0 0 0 0 041019 164313.896
0.0000000000 0.0000000000 0 0 0 0 0 0 0 0 112 1 0 0 0 0 041019 164314.096
0.0000000000 0.0000000000 0 0 0 0 0 0 0 0 112 1 0 0 0 0 041019 164314.296
0.0000000000 0.0000000000 0 0 0 0 0 0 0 0 112 1 0 0 0 0 041019 164314.496
0.0000000000 0.0000000000 0 0 0 0 0 0 0 0 112 1 0 0 0 0 041019 164314.696
0.0000000000 0.0000000000 0 0 0 0 0 0 0 0 112 1 0 0 0 0 041019 164314.897
0.0000000000 0.0000000000 0 0 0 0 0 0 0 0 112 1 0 0 0 0 041019 164315.097
0.0000000000 0.0000000000 0 0 0 0 0 0 0 0 112 1 0 0 0 0 041019 164315.297
0.0000000000 0.0000000000 0 0 0 0 0 0 0 0 112 1 0 0 0 0 041019 164315.497
0.0000000000 0.0000000000 0 0 0 0 0 0 0 0 112 1 0 0 0 0 041019 164315.697
0.0000000000 0.0000000000 0 0 0 0 0 0 0 0 112 1 0 0 0 0 041019 164315.897
0.0000000000 0.0000000000 0 0 0 0 0 0 0 0 112 1 0 0 0 0 041019 164316.097
0.0000000000 0.0000000000 0 0 0 0 0 0 0 0 112 1 0 0 0 0 041019 164316.298
0.0000000000 0.0000000000 0 0 0 0 0 0 0 0 112 1 0 0 0 0 041019 164316.498
0.0000000000 0.0000000000 0 0 0 0 0 0 0 0 112 1 0 0 0 0 041019 164316.698
0.0000000000 0.0000000000 0 0 0 0 0 0 0 0 112 1 0 0 0 0 041019 164316.898
0.0000000000 0.0000000000 0 0 0 0 0 0 0 0 112 1 0 0 0 0 041019 164317.098
0.0000000000 0.0000000000 0 0 0 0 0 0 0 0 112 1 0 0 0 0 041019 164317.299
0.0000000000 0.0000000000 0 0 0 0 0 0 0 0 112 1 0 0 0 0 041019 164317.499
0.0000000000 0.0000000000 0 0 0 0 0 0 0 0 112 1 0 0 0 0 041019 164317.699
0.0000000000 0.0000000000 0 0 0 0 0 0 0 0 112 1 0 0 0 0 041019 164317.899
0.0000000000 0.0000000000 0 0 0 0 0 0 0 0 112 1 0 0 0 0 041019 164318.099
0.0000000000 0.0000000000 0 0 0 0 0 0 0 0 112 1 0 0 0 0 041019 164318.300
0.0000000000 0.0000000000 0 0 0 0 0 0 0 0 112 1 0 0 0 0 041019 164318.500
0.0000000000 0.0000000000 0 0 0 0 0 0 0 0 112 1 0 0 0 0 041019 164318.700
0.0000000000 0.0000000000 0 0 0 0 0 0 0 0 112 1 0 0 0 0 041019 164318.900
0.0000000000 0.0000000000 0 0 0 0 0 0 0 0 112 1 0 0 0 0 041019 164319.101
0.0000000000 0.0000000000 0 0 0 0 0 0 0 0 112 1 0 0 0 0 041019 164319.301
0.0000000000 0.0000000000 0 0 0 0 0 0 0 0 112 1 0 0 0 0 041019 164319.501
0.0000000000 0.0000000000 0 0 0 0 0 0 0 0 112 1 0 0 0 0 041019 164319.701
0.0000000000 0.0000000000 0 0 0 0 0 0 0 0 112 1 0 0 0 0 041019 164319.901
0.0000000000 0.0000000000 0 0 0 0 0 0 0 0 112 1 0 0 0 0 041019 164320.101
0.0000000000 0.0000000000 0 0 0 0 0 0 0 0 112 1 0 0 0 0 041019 164320.302
0.0000000000 0.0000000000 0 0 0 0 0 0 0 0 112 1 0 0 0 0 041019 164320.502
0.0000000000 0.0000000000 0 0 0 0 0 0 0 0 112 1 0 0 0 0 041019 164320.702
0.0000000000 0.0000000000 0 0 0 0 0 0 0 0 112 1 0 0 0 0 041019 164320.902
0.0000000000 0.0000000000 0 0 0 0 0 0 0 0 112 1 0 0 0 0 041019 164321.102
0.0000000000 0.0000000000 0 0 0 0 0 0 0 0 112 1 0 0 0 0 041019 164321.302
0.0000000000 0.0000000000 0 0 0 0 0 0 0 0 112 1 0 0 0 0 041019 164321.503
0.0000000000 0.0000000000 0 0 0 0 0 0 0 0 112 1 0 0 0 0 041019 164321.703
0.0000000000 0.0000000000 0 0 0 0 0 0 0 0 112 1 0 0 0 0 041019 164321.903
0.0000000000 0.0000000000 0 0 0 0 0 0 0 0 112 1 0 0 0 0 041019 164322.103
0.0000000000 0.0000000000 0 0 0 0 0 0 0 0 112 1 0 0 0 0 041019 164322.303
0.0000000000 0.0000000000 0 0 0 0 0 0 0 0 112 1 0 0 0 0 041019 164322.504
0.0000000000 0.0000000000 0 0 0 0 0 0 0 0 112 1 0 0 0 0 041019 164322.704
0.0000000000 0.0000000000 0 0 0 0 0 0 0 0 112 1 0 0 0 0 041019 164322.904
0.0000000000 0.0000000000 0 0 0 0 0 0 0 0 112 1 0 0 0 0 041019 164323.104
0.0000000000 0.0000000000 0 0 0 0 0 0 0 0 112 1 0 0 0 0 041019 164323.305
0.0000000000 0.0000000000 0 0 0 0 0 0 0 0 112 1 0 0 0 0 041019 164323.505
0.0000000000 0.0000000000 0 0 0 0 0 0 0 0 112 1 0 0 0 0 041019 164323.705
0.0000000000 0.0000000000 0 0 0 0 0 0 0 0 112 1 0 0 0 0 041019 164323.905
0.0000000000 0.0000000000 0 0 0 0 0 0 0 0 112 1 0 0 0 0 041019 164324.105
0.0000000000 0.0000000000 0 0 0 0 0 0 0 0 112 1 0 0 0 0 041019 164324.306
0.0000000000 0.0000000000 0 0 0 0 0 0 0 0 112 1 0 0 0 0 041019 164324.506
0.0000000000 0.0000000000 0 0 0 0 0 0 0 0 112 1 0 0 0 0 041019 164324.706
0.0000000000 0.0000000000 0 0 0 0 0 0 0 0 112 1 0 0 0 0 041019 164324.906
0.0000000000 0.0000000000 0 0 0 0 0 0 0 0 112 1 0 0 0 0 041019 164325.106
0.0000000000 0.0000000000 0 0 0 0 0 0 0 0 112 1 0 0 0 0 041019 164325.306
0.0000000000 0.0000000000 0 0 0 0 0 0 0 0 112 1 0 0 0 0 041019 164325.507
0.0000000000 0.0000000000 0 0 0 0 0 0 0 0 112 1 0 0 0 0 041019 164325.707
0.0000000000 0.0000000000 0 0 0 0 0 0 0 0 112 1 0 0 0 0 041019 164325.907
0.0000000000 0.0000000000 0 0 0 0 0 0 0 0 112 1 0 0 0 0 041019 164326.107
0.0000000000 0.0000000000 0 0 0 0 0 0 0 0 112 1 0 0 0 0 041019 164326.307
0.0000000000 0.0000000000 0 0 0 0 0 0 0 0 112 1 0 0 0 0 041019 164326.507
0.0000000000 0.0000000000 0 0 0 0 0 0 0 0 112 1 0 0 0 0 041019 164326.708
0.0000000000 0.0000000000 0 0 0 0 0 0 0 0 112 1 0 0 0 0 041019 164326.908
0.0000000000 0.0000000000 0 0 0 0 0 0 0 0 112 1 0 0 0 0 041019 164327.108
0.0000000000 0.0000000000 0 0 0 0 0 0 0 0 112 1 0 0 0 0 041019 164327.308
0.0000000000 0.0000000000 0 0 0 0 0 0 0 0 112 1 0 0 0 0 041019 164327.509
0.0000000000 0.0000000000 0 0 0 0 0 0 0 0 112 1 0 0 0 0 041019 164327.709
0.0000000000 0.0000000000 0 0 0 0 0 0 0 0 112 1 0 0 0 0 041019 164327.909
0.0000000000 0.0000000000 0 0 0 0 0 0 0 0 112 1 0 0 0 0 041019 164328.109
0.0000000000 0.0000000000 0 0 0 0 0 0 0 0 112 1 0 0 0 0 041019 164328.309
0.0000000000 0.0000000000 0 0 0 0 0 0 0 0 112 1 0 0 0 0 041019 164328.510
0.0000000000 0.0000000000 0 0 0 0 0 0 0 0 112 1 0 0 0 0 041019 164328.710
0.0000000000 0.0000000000 0 0 0 0 0 0 0 0 112 1 0 0 0 0 041019 164328.910
0.0000000000 0.0000000000 0 0 0 0 0 0 0 0 112 1 0 0 0 0 041019 164329.110
0.0000000000 0.0000000000 0 0 0 0 0 0 0 0 112 1 0 0 0 0 041019 164329.310
0.0000000000 0.0000000000 0 0 0 0 0 0 0 0 112 1 0 0 0 0 041019 164329.510
0.0000000000 0.0000000000 0 0 0 0 0 0 0 0 112 1 0 0 0 0 041019 164329.711
0.0000000000 0.0000000000 0 0 0 0 0 0 0 0 112 1 0 0 0 0 041019 164329.911
0.0000000000 0.0000000000 0 0 0 0 0 0 0 0 112 1 0 0 0 0 041019 164330.111
0.0000000000 0.0000000000 0 0 0 0 0 0 0 0 112 1 0 0 0 0 041019 164330.311
0.0000000000 0.0000000000 0 0 0 0 0 0 0 0 112 1 0 0 0 0 041019 164330.511
0.0000000000 0.0000000000 0 0 0 0 0 0 0 0 112 1 0 0 0 0 041019 164330.711
0.0000000000 0.0000000000 0 0 0 0 0 0 0 0 112 1 0 0 0 0 041019 164330.912
0.0000000000 0.0000000000 0 0 0 0 0 0 0 0 112 1 0 0 0 0 041019 164331.112
0.0000000000 0.0000000000 0 0 0 0 0 0 0 0 112 1 0 0 0 0 041019 164331.312
0.0000000000 0.0000000000 0 0 0 0 0 0 0 0 112 1 0 0 0 0 041019 164331.512
0.0000000000 0.0000000000 0 0 0 0 0 0 0 0 112 1 0 0 0 0 041019 164331.712
0.0000000000 0.0000000000 0 0 0 0 0 0 0 0 112 1 0 0 0 0 041019 164331.912
0.0000000000 0.0000000000 0 0 0 0 0 0 0 0 112 1 0 0 0 0 041019 164332.113
0.0000000000 0.0000000000 0 0 0 0 0 0 0 0 112 1 0 0 0 0 041019 164332.313
0.0000000000 0.0000000000 0 0 0 0 0 0 0 0 112 1 0 0 0 0 041019 164332.513
0.0000000000 0.0000000000 0 0 0 0 0 0 0 0 112 1 0 0 0 0 041019 164332.713
0.0000000000 0.0000000000 0 0 0 0 0 0 0 0 112 1 0 0 0 0 041019 164332.913
0.0000000000 0.0000000000 0 0 0 0 0 0 0 0 112 1 0 0 0 0 041019 164333.113
0.0000000000 0.0000000000 0 0 0 0 0 0 0 0 112 1 0 0 0 0 041019 164333.313
0.0000000000 0.0000000000 0 0 0 0 0 0 0 0 112 1 0 0 0 0 041019 164333.514
0.0000000000 0.0000000000 0 0 0 0 0 0 0 0 112 1 0 0 0 0 041019 164333.714
0.0000000000 0.0000000000 0 0 0 0 0 0 0 0 112 1 0 0 0 0 041019 164333.914
0.0000000000 0.0000000000 0 0 0 0 0 0 0 0 112 1 0 0 0 0 041019 164334.114
0.0000000000 0.0000000000 0 0 0 0 0 0 0 0 112 1 0 0 0 0 041019 164334.314
0.0000000000 0.0000000000 0 0 0 0 0 0 0 0 112 1 0 0 0 0 041019 164334.514
0.0000000000 0.0000000000 0 0 0 0 0 0 0 0 112 1 0 0 0 0 041019 164334.715
0.0000000000 0.0000000000 0 0 0 0 0 0 0 0 112 1 0 0 0 0 041019 164334.915
0.0000000000 0.0000000000 0 0 0 0 0 0 0 0 112 1 0 0 0 0 041019 164335.115
0.0000000000 0.0000000000 0 0 0 0 0 0 0 0 112 1 0 0 0 0 041019 164335.315
0.0000000000 0.0000000000 0 0 0 0 0 0 0 0 112 1 0 0 0 0 041019 164335.515
0.0000000000 0.0000000000 0 0 0 0 0 0 0 0 112 1 0 0 0 0 041019 164335.715
0.0000000000 0.0000000000 0 0 0 0 0 0 0 0 112 1 0 0 0 0 041019 164335.916
0.0000000000 0.0000000000 0 0 0 0 0 0 0 0 112 1 0 0 0 0 041019 164336.116
0.0000000000 0.0000000000 0 0 0 0 0 0 0 0 112 1 0 0 0 0 041019 164336.316
0.0000000000 0.0000000000 0 0 0 0 0 0 0 0 112 1 0 0 0 0 041019 164336.516
0.0000000000 0.0000000000 0 0 0 0 0 0 0 0 112 1 0 0 0 0 041019 164336.716
0.0000000000 0.0000000000 0 0 0 0 0 0 0 0 112 1 0 0 0 0 041019 164336.916
0.0000000000 0.0000000000 0 0 0 0 0 0 0 0 112 1 0 0 0 0 041019 164337.117
0.0000000000 0.0000000000 0 0 0 0 0 0 0 0 112 1 0 0 0 0 041019 164337.317
0.0000000000 0.0000000000 0 0 0 0 0 0 0 0 112 1 0 0 0 0 041019 164337.517
0.0000000000 0.0000000000 0 0 0 0 0 0 0 0 112 1 0 0 0 0 041019 164337.718
0.0000000000 0.0000000000 0 0 0 0 0 0 0 0 112 1 0 0 0 0 041019 164337.918
0.0000000000 0.0000000000 0 0 0 0 0 0 0 0 112 1 0 0 0 0 041019 164338.118
0.0000000000 0.0000000000 0 0 0 0 0 0 0 0 112 1 0 0 0 0 041019 164338.318
0.0000000000 0.0000000000 0 0 0 0 0 0 0 0 112 1 0 0 0 0 041019 164338.518
0.0000000000 0.0000000000 0 0 0 0 0 0 0 0 112 1 0 0 0 0 041019 164338.718
0.0000000000 0.0000000000 0 0 0 0 0 0 0 0 112 1 0 0 0 0 041019 164338.919
0.0000000000 0.0000000000 0 0 0 0 0 0 0 0 112 1 0 0 0 0 041019 164339.119
0.0000000000 0.0000000000 0 0 0 0 0 0 0 0 112 1 0 0 0 0 041019 164339.319
0.0000000000 0.0000000000 0 0 0 0 0 0 0 0 112 1 0 0 0 0 041019 164339.519
0.0000000000 0.0000000000 0 0 0 0 0 0 0 0 112 1 0 0 0 0 041019 164339.719
0.0000000000 0.0000000000 0 0 0 0 0 0 0 0 112 1 0 0 0 0 041019 164339.920
0.0000000000 0.0000000000 0 0 0 0 0 0 0 0 112 1 0 0 0 0 041019 164340.120
0.0000000000 0.0000000000 0 0 0 0 0 0 0 0 112 1 0 0 0 0 041019 164340.320
0.0000000000 0.0000000000 0 0 0 0 0 0 0 0 112 1 0 0 0 0 041019 164340.520
0.0000000000 0.0000000000 0 0 0 0 0 0 0 0 112 1 0 0 0 0 041019 164340.720
0.0000000000 0.0000000000 0 0 0 0 0 0 0 0 112 1 0 0 0 0 041019 164340.920
0.0000000000 0.0000000000 0 0 0 0 0 0 0 0 112 1 0 0 0 0 041019 164341.121
0.0000000000 0.0000000000 0 0 0 0 0 0 0 0 112 1 0 0 0 0 041019 164341.321
0.0000000000 0.0000000000 0 0 0 0 0 0 0 0 112 1 0 0 0 0 041019 164341.521
0.0000000000 0.0000000000 0 0 0 0 0 0 0 0 112 1 0 0 0 0 041019 164341.722
0.0000000000 0.0000000000 0 0 0 0 0 0 0 0 112 1 0 0 0 0 041019 164341.922
0.0000000000 0.0000000000 0 0 0 0 0 0 0 0 112 1 0 0 0 0 041019 164342.122
0.0000000000 0.0000000000 0 0 0 0 0 0 0 0 112 1 0 0 0 0 041019 164342.322
0.0000000000 0.0000000000 0 0 0 0 0 0 0 0 112 1 0 0 0 0 041019 164342.523
0.0000000000 0.0000000000 0 0 0 0 0 0 0 0 112 1 0 0 0 0 041019 164342.723
0.0000000000 0.0000000000 0 0 0 0 0 0 0 0 112 1 0 0 0 0 041019 164342.923
0.0000000000 0.0000000000 0 0 0 0 0 0 0 0 112 1 0 0 0 0 041019 164343.123
0.0000000000 0.0000000000 0 0 0 0 0 0 0 0 112 1 0 0 0 0 041019 164343.323
0.0000000000 0.0000000000 0 0 0 0 0 0 0 0 112 1 0 0 0 0 041019 164343.524
0.0000000000 0.0000000000 0 0 0 0 0 0 0 0 112 1 0 0 0 0 041019 164343.724
0.0000000000 0.0000000000 0 0 0 0 0 0 0 0 112 1 0 0 0 0 041019 164343.924
0.0000000000 0.0000000000 0 0 0 0 0 0 0 0 112 1 0 0 0 0 041019 164344.124
0.0000000000 0.0000000000 0 0 0 0 0 0 0 0 112 1 0 0 0 0 041019 164344.324
0.0000000000 0.0000000000 0 0 0 0 0 0 0 0 112 1 0 0 0 0 041019 164344.524
0.0000000000 0.0000000000 0 0 0 0 0 0 0 0 112 1 0 0 0 0 041019 164344.724
0.0000000000 0.0000000000 0 0 0 0 0 0 0 0 112 1 0 0 0 0 041019 164344.925
0.0000000000 0.0000000000 0 0 0 0 0 0 0 0 112 1 0 0 0 0 041019 164345.125
0.0000000000 0.0000000000 0 0 0 0 0 0 0 0 112 1 0 0 0 0 041019 164345.325
0.0000000000 0.0000000000 0 0 0 0 0 0 0 0 112 1 0 0 0 0 041019 164345.525
0.0000000000 0.0000000000 0 0 0 0 0 0 0 0 112 1 0 0 0 0 041019 164345.725
0.0000000000 0.0000000000 0 0 0 0 0 0 0 0 112 1 0 0 0 0 041019 164345.926
0.0000000000 0.0000000000 0 0 0 0 0 0 0 0 112 1 0 0 0 0 041019 164346.126
0.0000000000 0.0000000000 0 0 0 0 0 0 0 0 112 1 0 0 0 0 041019 164346.326
0.0000000000 0.0000000000 0 0 0 0 0 0 0 0 112 1 0 0 0 0 041019 164346.526
0.0000000000 0.0000000000 0 0 0 0 0 0 0 0 112 1 0 0 0 0 041019 164346.726
0.0000000000 0.0000000000 0 0 0 0 0 0 0 0 112 1 0 0 0 0 041019 164346.927
0.0000000000 0.0000000000 0 0 0 0 0 0 0 0 112 1 0 0 0 0 041019 164347.127
0.0000000000 0.0000000000 0 0 0 0 0 0 0 0 112 1 0 0 0 0 041019 164347.327
0.0000000000 0.0000000000 0 0 0 0 0 0 0 0 112 1 0 0 0 0 041019 164347.527
0.0000000000 0.0000000000 0 0 0 0 0 0 0 0 112 1 0 0 0 0 041019 164347.727
0.0000000000 0.0000000000 0 0 0 0 0 0 0 0 112 1 0 0 0 0 041019 164347.927
0.0000000000 0.0000000000 0 0 0 0 0 0 0 0 112 1 0 0 0 0 041019 164348.128
0.0000000000 0.0000000000 0 0 0 0 0 0 0 0 112 1 0 0 0 0 041019 164348.328
0.0000000000 0.0000000000 0 0 0 0 0 0 0 0 112 1 0 0 0 0 041019 164348.528
0.0000000000 0.0000000000 0 0 0 0 0 0 0 0 112 1 0 0 0 0 041019 164348.728
0.0000000000 0.0000000000 0 0 0 0 0 0 0 0 112 1 0 0 0 0 041019 164348.928
0.0000000000 0.0000000000 0 0 0 0 0 0 0 0 112 1 0 0 0 0 041019 164349.129
0.0000000000 0.0000000000 0 0 0 0 0 0 0 0 112 1 0 0 0 0 041019 164349.329
0.0000000000 0.0000000000 0 0 0 0 0 0 0 0 112 1 0 0 0 0 041019 164349.529
0.0000000000 0.0000000000 0 0 0 0 0 0 0 0 112 1 0 0 0 0 041019 164349.729
0.0000000000 0.0000000000 0 0 0 0 0 0 0 0 112 1 0 0 0 0 041019 164349.929
0.0000000000 0.0000000000 0 0 0 0 0 0 0 0 112 1 0 0 0 0 041019 164350.129
0.0000000000 0.0000000000 0 0 0 0 0 0 0 0 112 1 0 0 0 0 041019 164350.330
0.0000000000 0.0000000000 0 0 0 0 0 0 0 0 112 1 0 0 0 0 041019 164350.530
0.0000000000 0.0000000000 0 0 0 0 0 0 0 0 112 1 0 0 0 0 041019 164350.730
0.0000000000 0.0000000000 0 0 0 0 0 0 0 0 112 1 0 0 0 0 041019 164350.930
0.0000000000 0.0000000000 0 0 0 0 0 0 0 0 112 1 0 0 0 0 041019 164351.130
0.0000000000 0.0000000000 0 0 0 0 0 0 0 0 112 1 0 0 0 0 041019 164351.330
0.0000000000 0.0000000000 0 0 0 0 0 0 0 0 112 1 0 0 0 0 041019 164351.531
0.0000000000 0.0000000000 0 0 0 0 0 0 0 0 112 1 0 0 0 0 041019 164351.731
0.0000000000 0.0000000000 0 0 0 0 0 0 0 0 112 1 0 0 0 0 041019 164351.931
0.0000000000 0.0000000000 0 0 0 0 0 0 0 0 112 1 0 0 0 0 041019 164352.131
0.0000000000 0.0000000000 0 0 0 0 0 0 0 0 112 1 0 0 0 0 041019 164352.331
0.0000000000 0.0000000000 0 0 0 0 0 0 0 0 112 1 0 0 0 0 041019 164352.531
0.0000000000 0.0000000000 0 0 0 0 0 0 0 0 112 1 0 0 0 0 041019 164352.732
0.0000000000 0.0000000000 0 0 0 0 0 0 0 0 112 1 0 0 0 0 041019 164352.932
0.0000000000 0.0000000000 0 0 0 0 0 0 0 0 112 1 0 0 0 0 041019 164353.132
0.0000000000 0.0000000000 0 0 0 0 0 0 0 0 112 1 0 0 0 0 041019 164353.332
0.0000000000 0.0000000000 0 0 0 0 0 0 0 0 112 1 0 0 0 0 041019 164353.532
0.0000000000 0.0000000000 0 0 0 0 0 0 0 0 112 1 0 0 0 0 041019 164353.732
0.0000000000 0.0000000000 0 0 0 0 0 0 0 0 112 1 0 0 0 0 041019 164353.932
0.0000000000 0.0000000000 0 0 0 0 0 0 0 0 112 1 0 0 0 0 041019 164354.133
0.0000000000 0.0000000000 0 0 0 0 0 0 0 0 112 1 0 0 0 0 041019 164354.333
0.0000000000 0.0000000000 0 0 0 0 0 0 0 0 112 1 0 0 0 0 041019 164354.533
0.0000000000 0.0000000000 0 0 0 0 0 0 0 0 112 1 0 0 0 0 041019 164354.733
0.0000000000 0.0000000000 0 0 0 0 0 0 0 0 112 1 0 0 0 0 041019 164354.933
0.0000000000 0.0000000000 0 0 0 0 0 0 0 0 112 1 0 0 0 0 041019 164355.133
0.0000000000 0.0000000000 0 0 0 0 0 0 0 0 112 1 0 0 0 0 041019 164355.334
0.0000000000 0.0000000000 0 0 0 0 0 0 0 0 112 1 0 0 0 0 041019 164355.534
0.0000000000 0.0000000000 0 0 0 0 0 0 0 0 112 1 0 0 0 0 041019 164355.734
0.0000000000 0.0000000000 0 0 0 0 0 0 0 0 112 1 0 0 0 0 041019 164355.934
0.0000000000 0.0000000000 0 0 0 0 0 0 0 0 112 1 0 0 0 0 041019 164356.134
0.0000000000 0.0000000000 0 0 0 0 0 0 0 0 112 1 0 0 0 0 041019 164356.335
0.0000000000 0.0000000000 0 0 0 0 0 0 0 0 112 1 0 0 0 0 041019 164356.535
0.0000000000 0.0000000000 0 0 0 0 0 0 0 0 112 1 0 0 0 0 041019 164356.735
0.0000000000 0.0000000000 0 0 0 0 0 0 0 0 112 1 0 0 0 0 041019 164356.935
0.0000000000 0.0000000000 0 0 0 0 0 0 0 0 112 1 0 0 0 0 041019 164357.135
0.0000000000 0.0000000000 0 0 0 0 0 0 0 0 112 1 0 0 0 0 041019 164357.335
0.0000000000 0.0000000000 0 0 0 0 0 0 0 0 112 1 0 0 0 0 041019 164357.536
0.0000000000 0.0000000000 0 0 0 0 0 0 0 0 112 1 0 0 0 0 041019 164357.736
0.0000000000 0.0000000000 0 0 0 0 0 0 0 0 112 1 0 0 0 0 041019 164357.936
0.0000000000 0.0000000000 0 0 0 0 0 0 0 0 112 1 0 0 0 0 041019 164358.136
0.0000000000 0.0000000000 0 0 0 0 0 0 0 0 112 1 0 0 0 0 041019 164358.336
0.0000000000 0.0000000000 0 0 0 0 0 0 0 0 112 1 0 0 0 0 041019 164358.537
0.0000000000 0.0000000000 0 0 0 0 0 0 0 0 112 1 0 0 0 0 041019 164358.737
0.0000000000 0.0000000000 0 0 0 0 0 0 0 0 112 1 0 0 0 0 041019 164358.937
0.0000000000 0.0000000000 0 0 0 0 0 0 0 0 112 1 0 0 0 0 041019 164359.137
0.0000000000 0.0000000000 0 0 0 0 0 0 0 0 112 1 0 0 0 0 041019 164359.337
0.0000000000 0.0000000000 0 0 0 0 0 0 0 0 112 1 0 0 0 0 041019 164359.537
0.0000000000 0.0000000000 0 0 0 0 0 0 0 0 112 1 0 0 0 0 041019 164359.737
0.0000000000 0.0000000000 0 0 0 0 0 0 0 0 112 1 0 0 0 0 041019 164359.938
0.0000000000 0.0000000000 0 0 0 0 0 0 0 0 112 1 0 0 0 0 041019 164400.138
0.0000000000 0.0000000000 0 0 0 0 0 0 0 0 112 1 0 0 0 0 041019 164400.338
0.0000000000 0.0000000000 0 0 0 0 0 0 0 0 112 1 0 0 0 0 041019 164400.538
0.0000000000 0.0000000000 0 0 0 0 0 0 0 0 112 1 0 0 0 0 041019 164400.738
0.0000000000 0.0000000000 0 0 0 0 0 0 0 0 112 1 0 0 0 0 041019 164400.938
0.0000000000 0.0000000000 0 0 0 0 0 0 0 0 112 1 0 0 0 0 041019 164401.138
0.0000000000 0.0000000000 0 0 0 0 0 0 0 0 112 1 0 0 0 0 041019 164401.338
0.0000000000 0.0000000000 0 0 0 0 0 0 0 0 112 1 0 0 0 0 041019 164401.539
