0.0000000000 0.0000000000 0 0 0 0 0 0 165 24 112 1 0 0 0 0 040619 121434.335
0.0000000000 0.0000000000 0 0 0 0 0 0 57 24 112 1 0 0 0 0 040619 121434.535
0.0000000000 0.0000000000 0 0 0 0 0 0 243 24 112 1 0 0 0 0 040619 121434.735
0.0000000000 0.0000000000 0 0 0 0 0 0 159 24 112 1 0 0 0 0 040619 121434.935
0.0000000000 0.0000000000 0 0 0 0 0 0 228 25 112 1 0 0 0 0 040619 121435.135
0.0000000000 0.0000000000 0 0 0 0 0 0 255 24 112 1 0 0 0 0 040619 121435.336
0.0000000000 0.0000000000 0 0 0 0 0 0 137 24 112 1 0 0 0 0 040619 121435.536
0.0000000000 0.0000000000 0 0 0 0 0 0 180 24 112 1 0 0 0 0 040619 121435.736
0.0000000000 0.0000000000 0 0 0 0 0 0 98 17 112 1 0 0 0 0 040619 121435.936
0.0000000000 0.0000000000 0 0 0 0 0 0 196 24 112 1 0 0 0 0 040619 121436.137
0.0000000000 0.0000000000 0 0 0 0 0 0 122 24 112 1 0 0 0 0 040619 121436.337
0.0000000000 0.0000000000 0 0 0 0 0 0 106 24 112 1 0 0 0 0 040619 121436.537
0.0000000000 0.0000000000 0 0 0 0 0 0 110 23 112 1 0 0 0 0 040619 121436.737
0.0000000000 0.0000000000 0 0 0 0 0 0 202 25 112 1 0 0 0 0 040619 121436.938
0.0000000000 0.0000000000 0 0 0 0 0 0 70 24 112 1 0 0 0 0 040619 121437.138
0.0000000000 0.0000000000 0 0 0 0 0 0 135 24 112 1 0 0 0 0 040619 121437.338
0.0000000000 0.0000000000 0 0 0 0 0 0 139 25 112 1 0 0 0 0 040619 121437.538
0.0000000000 0.0000000000 0 0 0 0 0 0 63 24 112 1 0 0 0 0 040619 121437.738
0.0000000000 0.0000000000 0 0 0 0 0 0 186 24 112 1 0 0 0 0 040619 121437.939
0.0000000000 0.0000000000 0 0 0 0 0 0 227 24 112 1 0 0 0 0 040619 121438.139
0.0000000000 0.0000000000 0 0 0 0 0 0 215 26 112 1 0 0 0 0 040619 121438.339
0.0000000000 0.0000000000 0 0 0 0 0 0 91 24 112 1 0 0 0 0 040619 121438.539
0.0000000000 0.0000000000 0 0 0 0 0 0 82 24 112 1 0 0 0 0 040619 121438.739
0.0000000000 0.0000000000 0 0 0 0 0 0 3 25 112 1 0 0 0 0 040619 121438.940
0.0000000000 0.0000000000 0 0 0 0 0 0 85 24 112 1 0 0 0 0 040619 121439.140
0.0000000000 0.0000000000 0 0 0 0 0 0 180 28 112 1 0 0 0 0 040619 121439.340
0.0000000000 0.0000000000 0 0 0 0 0 0 200 24 112 1 0 0 0 0 040619 121439.540
0.0000000000 0.0000000000 0 0 0 0 0 0 112 25 112 1 0 0 0 0 040619 121439.741
0.0000000000 0.0000000000 0 0 0 0 0 0 160 22 112 1 0 0 0 0 040619 121439.941
0.0000000000 0.0000000000 0 0 0 0 0 0 83 24 112 1 0 0 0 0 040619 121440.141
0.0000000000 0.0000000000 0 0 0 0 0 0 177 25 112 1 0 0 0 0 040619 121440.341
0.0000000000 0.0000000000 0 0 0 0 0 0 179 21 112 1 0 0 0 0 040619 121440.541
0.0000000000 0.0000000000 0 0 0 0 0 0 107 23 112 1 0 0 0 0 040619 121440.742
0.0000000000 0.0000000000 0 0 0 0 0 0 203 19 112 1 0 0 0 0 040619 121440.942
0.0000000000 0.0000000000 0 0 0 0 0 0 115 24 112 1 0 0 0 0 040619 121441.142
0.0000000000 0.0000000000 0 0 0 0 0 0 149 24 112 1 0 0 0 0 040619 121441.342
0.0000000000 0.0000000000 0 0 0 0 0 0 21 25 112 1 0 0 0 0 040619 121441.543
0.0000000000 0.0000000000 0 0 0 0 0 0 164 24 112 1 0 0 0 0 040619 121441.743
0.0000000000 0.0000000000 0 0 0 0 0 0 243 24 112 1 0 0 0 0 040619 121441.943
0.0000000000 0.0000000000 0 0 0 0 0 0 233 24 112 1 0 0 0 0 040619 121442.143
0.0000000000 0.0000000000 0 0 0 0 0 0 85 24 112 1 0 0 0 0 040619 121442.343
0.0000000000 0.0000000000 0 0 0 0 0 0 162 27 112 1 0 0 0 0 040619 121442.544
0.0000000000 0.0000000000 0 0 0 0 0 0 206 27 112 1 0 0 0 0 040619 121442.744
0.0000000000 0.0000000000 0 0 0 0 0 0 42 24 112 1 0 0 0 0 040619 121442.944
0.0000000000 0.0000000000 0 0 0 0 0 0 102 21 112 1 0 0 0 0 040619 121443.144
0.0000000000 0.0000000000 0 0 0 0 0 0 183 24 112 1 0 0 0 0 040619 121443.345
