0.0000000000 0.0000000000 0 0 0 0 0 0 160 15 112 1 0 0 0 0 120120 153239.716
0.0000000000 0.0000000000 0 0 0 0 0 0 160 15 112 1 0 0 0 0 120120 153239.766
0.0000000000 0.0000000000 0 0 0 0 0 0 160 15 112 1 0 0 0 0 120120 153239.817
0.0000000000 0.0000000000 0 0 0 0 0 0 160 15 112 1 0 0 0 0 120120 153239.867
0.0000000000 0.0000000000 0 0 0 0 0 0 160 15 112 1 0 0 0 0 120120 153239.917
0.0000000000 0.0000000000 0 0 0 0 0 0 160 15 112 1 0 0 0 0 120120 153239.967
0.0000000000 0.0000000000 0 0 0 0 0 0 160 15 112 1 0 0 0 0 120120 153240.017
0.0000000000 0.0000000000 0 0 0 0 0 0 160 15 112 1 0 0 0 0 120120 153240.067
0.0000000000 0.0000000000 0 0 0 0 0 0 160 15 112 1 0 0 0 0 120120 153240.118
0.0000000000 0.0000000000 0 0 0 0 0 0 160 15 112 1 0 0 0 0 120120 153240.168
0.0000000000 0.0000000000 0 0 0 0 0 0 160 15 112 1 0 0 0 0 120120 153240.218
0.0000000000 0.0000000000 0 0 0 0 0 0 160 15 112 1 0 0 0 0 120120 153240.268
0.0000000000 0.0000000000 0 0 0 0 0 0 160 15 112 1 0 0 0 0 120120 153240.318
0.0000000000 0.0000000000 0 0 0 0 0 0 160 15 112 1 0 0 0 0 120120 153240.369
0.0000000000 0.0000000000 0 0 0 0 0 0 160 15 112 1 0 0 0 0 120120 153240.419
0.0000000000 0.0000000000 0 0 0 0 0 0 160 15 112 1 0 0 0 0 120120 153240.469
0.0000000000 0.0000000000 0 0 0 0 0 0 160 15 112 1 0 0 0 0 120120 153240.519
0.0000000000 0.0000000000 0 0 0 0 0 0 160 15 112 1 0 0 0 0 120120 153240.569
0.0000000000 0.0000000000 0 0 0 0 0 0 160 15 112 1 0 0 0 0 120120 153240.619
0.0000000000 0.0000000000 0 0 0 0 0 0 160 15 112 1 0 0 0 0 120120 153240.670
0.0000000000 0.0000000000 0 0 0 0 0 0 160 15 112 1 0 0 0 0 120120 153240.720
0.0000000000 0.0000000000 0 0 0 0 0 0 160 15 112 1 0 0 0 0 120120 153240.770
0.0000000000 0.0000000000 0 0 0 0 0 0 160 15 112 1 0 0 0 0 120120 153240.820
0.0000000000 0.0000000000 0 0 0 0 0 0 160 15 112 1 0 0 0 0 120120 153240.870
0.0000000000 0.0000000000 0 0 0 0 0 0 160 15 112 1 0 0 0 0 120120 153240.920
0.0000000000 0.0000000000 0 0 0 0 0 0 160 15 112 1 0 0 0 0 120120 153240.971
0.0000000000 0.0000000000 0 0 0 0 0 0 160 15 112 1 0 0 0 0 120120 153241.021
0.0000000000 0.0000000000 0 0 0 0 0 0 160 15 112 1 0 0 0 0 120120 153241.071
0.0000000000 0.0000000000 0 0 0 0 0 0 160 15 112 1 0 0 0 0 120120 153241.121
0.0000000000 0.0000000000 0 0 0 0 0 0 160 15 112 1 0 0 0 0 120120 153241.171
0.0000000000 0.0000000000 0 0 0 0 0 0 160 15 112 1 0 0 0 0 120120 153241.221
0.0000000000 0.0000000000 0 0 0 0 0 0 160 15 112 1 0 0 0 0 120120 153241.272
0.0000000000 0.0000000000 0 0 0 0 0 0 160 15 112 1 0 0 0 0 120120 153241.322
0.0000000000 0.0000000000 0 0 0 0 0 0 160 15 112 1 0 0 0 0 120120 153241.372
0.0000000000 0.0000000000 0 0 0 0 0 0 160 15 112 1 0 0 0 0 120120 153241.422
0.0000000000 0.0000000000 0 0 0 0 0 0 160 15 112 1 0 0 0 0 120120 153241.472
0.0000000000 0.0000000000 0 0 0 0 0 0 160 15 112 1 0 0 0 0 120120 153241.523
0.0000000000 0.0000000000 0 0 0 0 0 0 160 15 112 1 0 0 0 0 120120 153241.573
0.0000000000 0.0000000000 0 0 0 0 0 0 160 15 112 1 0 0 0 0 120120 153241.623
0.0000000000 0.0000000000 0 0 0 0 0 0 160 15 112 1 0 0 0 0 120120 153241.673
0.0000000000 0.0000000000 0 0 0 0 0 0 160 15 112 1 0 0 0 0 120120 153241.724
0.0000000000 0.0000000000 0 0 0 0 0 0 160 15 112 1 0 0 0 0 120120 153241.774
0.0000000000 0.0000000000 0 0 0 0 0 0 160 15 112 1 0 0 0 0 120120 153241.824
0.0000000000 0.0000000000 0 0 0 0 0 0 160 15 112 1 0 0 0 0 120120 153241.874
0.0000000000 0.0000000000 0 0 0 0 0 0 160 15 112 1 0 0 0 0 120120 153241.924
0.0000000000 0.0000000000 0 0 0 0 0 0 160 15 112 1 0 0 0 0 120120 153241.975
0.0000000000 0.0000000000 0 0 0 0 0 0 160 15 112 1 0 0 0 0 120120 153242.025
0.0000000000 0.0000000000 0 0 0 0 0 0 160 15 112 1 0 0 0 0 120120 153242.075
0.0000000000 0.0000000000 0 0 0 0 0 0 160 15 112 1 0 0 0 0 120120 153242.125
0.0000000000 0.0000000000 0 0 0 0 0 0 160 15 112 1 0 0 0 0 120120 153242.176
0.0000000000 0.0000000000 0 0 0 0 0 0 160 15 112 1 0 0 0 0 120120 153242.226
0.0000000000 0.0000000000 0 0 0 0 0 0 160 15 112 1 0 0 0 0 120120 153242.276
0.0000000000 0.0000000000 0 0 0 0 0 0 160 15 112 1 0 0 0 0 120120 153242.326
0.0000000000 0.0000000000 0 0 0 0 0 0 160 15 112 1 0 0 0 0 120120 153242.377
0.0000000000 0.0000000000 0 0 0 0 0 0 160 15 112 1 0 0 0 0 120120 153242.427
0.0000000000 0.0000000000 0 0 0 0 0 0 160 15 112 1 0 0 0 0 120120 153242.477
0.0000000000 0.0000000000 0 0 0 0 0 0 160 15 112 1 0 0 0 0 120120 153242.527
0.0000000000 0.0000000000 0 0 0 0 0 0 160 15 112 1 0 0 0 0 120120 153242.578
0.0000000000 0.0000000000 0 0 0 0 0 0 160 15 112 1 0 0 0 0 120120 153242.628
0.0000000000 0.0000000000 0 0 0 0 0 0 160 15 112 1 0 0 0 0 120120 153242.678
0.0000000000 0.0000000000 0 0 0 0 0 0 160 15 112 1 0 0 0 0 120120 153242.728
0.0000000000 0.0000000000 0 0 0 0 0 0 160 15 112 1 0 0 0 0 120120 153242.779
0.0000000000 0.0000000000 0 0 0 0 0 0 160 15 112 1 0 0 0 0 120120 153242.829
0.0000000000 0.0000000000 0 0 0 0 0 0 160 15 112 1 0 0 0 0 120120 153242.879
0.0000000000 0.0000000000 0 0 0 0 0 0 160 15 112 1 0 0 0 0 120120 153242.929
0.0000000000 0.0000000000 0 0 0 0 0 0 160 15 112 1 0 0 0 0 120120 153242.980
0.0000000000 0.0000000000 0 0 0 0 0 0 160 15 112 1 0 0 0 0 120120 153243.030
0.0000000000 0.0000000000 0 0 0 0 0 0 160 15 112 1 0 0 0 0 120120 153243.081
0.0000000000 0.0000000000 0 0 0 0 0 0 160 15 112 1 0 0 0 0 120120 153243.131
0.0000000000 0.0000000000 0 0 0 0 0 0 160 15 112 1 0 0 0 0 120120 153243.181
0.0000000000 0.0000000000 0 0 0 0 0 0 160 15 112 1 0 0 0 0 120120 153243.232
0.0000000000 0.0000000000 0 0 0 0 0 0 160 15 112 1 0 0 0 0 120120 153243.282
0.0000000000 0.0000000000 0 0 0 0 0 0 160 15 112 1 0 0 0 0 120120 153243.332
0.0000000000 0.0000000000 0 0 0 0 0 0 160 15 112 1 0 0 0 0 120120 153243.383
0.0000000000 0.0000000000 0 0 0 0 0 0 160 15 112 1 0 0 0 0 120120 153243.433
0.0000000000 0.0000000000 0 0 0 0 0 0 160 15 112 1 0 0 0 0 120120 153243.483
0.0000000000 0.0000000000 0 0 0 0 0 0 160 15 112 1 0 0 0 0 120120 153243.533
0.0000000000 0.0000000000 0 0 0 0 0 0 160 15 112 1 0 0 0 0 120120 153243.583
0.0000000000 0.0000000000 0 0 0 0 0 0 160 15 112 1 0 0 0 0 120120 153243.634
0.0000000000 0.0000000000 0 0 0 0 0 0 160 15 112 1 0 0 0 0 120120 153243.684
0.0000000000 0.0000000000 0 0 0 0 0 0 160 15 112 1 0 0 0 0 120120 153243.734
0.0000000000 0.0000000000 0 0 0 0 0 0 160 15 112 1 0 0 0 0 120120 153243.784
0.0000000000 0.0000000000 0 0 0 0 0 0 160 15 112 1 0 0 0 0 120120 153243.835
0.0000000000 0.0000000000 0 0 0 0 0 0 160 15 112 1 0 0 0 0 120120 153243.885
0.0000000000 0.0000000000 0 0 0 0 0 0 160 15 112 1 0 0 0 0 120120 153243.935
0.0000000000 0.0000000000 0 0 0 0 0 0 160 15 112 1 0 0 0 0 120120 153243.986
0.0000000000 0.0000000000 0 0 0 0 0 0 160 15 112 1 0 0 0 0 120120 153244.036
0.0000000000 0.0000000000 0 0 0 0 0 0 160 15 112 1 0 0 0 0 120120 153244.086
0.0000000000 0.0000000000 0 0 0 0 0 0 160 15 112 1 0 0 0 0 120120 153244.136
0.0000000000 0.0000000000 0 0 0 0 0 0 160 15 112 1 0 0 0 0 120120 153244.187
0.0000000000 0.0000000000 0 0 0 0 0 0 160 15 112 1 0 0 0 0 120120 153244.237
0.0000000000 0.0000000000 0 0 0 0 0 0 160 15 112 1 0 0 0 0 120120 153244.287
0.0000000000 0.0000000000 0 0 0 0 0 0 160 15 112 1 0 0 0 0 120120 153244.337
0.0000000000 0.0000000000 0 0 0 0 0 0 160 15 112 1 0 0 0 0 120120 153244.388
0.0000000000 0.0000000000 0 0 0 0 0 0 160 15 112 1 0 0 0 0 120120 153244.438
0.0000000000 0.0000000000 0 0 0 0 0 0 160 15 112 1 0 0 0 0 120120 153244.488
0.0000000000 0.0000000000 0 0 0 0 0 0 160 15 112 1 0 0 0 0 120120 153244.538
0.0000000000 0.0000000000 0 0 0 0 0 0 160 15 112 1 0 0 0 0 120120 153244.588
0.0000000000 0.0000000000 0 0 0 0 0 0 160 15 112 1 0 0 0 0 120120 153244.639
0.0000000000 0.0000000000 0 0 0 0 0 0 160 15 112 1 0 0 0 0 120120 153244.689
0.0000000000 0.0000000000 0 0 0 0 0 0 160 15 112 1 0 0 0 0 120120 153244.739
0.0000000000 0.0000000000 0 0 0 0 0 0 160 15 112 1 0 0 0 0 120120 153244.789
0.0000000000 0.0000000000 0 0 0 0 0 0 160 15 112 1 0 0 0 0 120120 153244.840
0.0000000000 0.0000000000 0 0 0 0 0 0 160 15 112 1 0 0 0 0 120120 153244.890
0.0000000000 0.0000000000 0 0 0 0 0 0 160 15 112 1 0 0 0 0 120120 153244.940
0.0000000000 0.0000000000 0 0 0 0 0 0 160 15 112 1 0 0 0 0 120120 153244.990
0.0000000000 0.0000000000 0 0 0 0 0 0 160 15 112 1 0 0 0 0 120120 153245.041
0.0000000000 0.0000000000 0 0 0 0 0 0 160 15 112 1 0 0 0 0 120120 153245.091
0.0000000000 0.0000000000 0 0 0 0 0 0 160 15 112 1 0 0 0 0 120120 153245.141
0.0000000000 0.0000000000 0 0 0 0 0 0 160 15 112 1 0 0 0 0 120120 153245.191
0.0000000000 0.0000000000 0 0 0 0 0 0 160 15 112 1 0 0 0 0 120120 153245.242
0.0000000000 0.0000000000 0 0 0 0 0 0 160 15 112 1 0 0 0 0 120120 153245.292
0.0000000000 0.0000000000 0 0 0 0 0 0 160 15 112 1 0 0 0 0 120120 153245.342
0.0000000000 0.0000000000 0 0 0 0 0 0 160 15 112 1 0 0 0 0 120120 153245.393
0.0000000000 0.0000000000 0 0 0 0 0 0 160 15 112 1 0 0 0 0 120120 153245.443
0.0000000000 0.0000000000 0 0 0 0 0 0 160 15 112 1 0 0 0 0 120120 153245.493
0.0000000000 0.0000000000 0 0 0 0 0 0 160 15 112 1 0 0 0 0 120120 153245.543
0.0000000000 0.0000000000 0 0 0 0 0 0 160 15 112 1 0 0 0 0 120120 153245.594
0.0000000000 0.0000000000 0 0 0 0 0 0 160 15 112 1 0 0 0 0 120120 153245.644
0.0000000000 0.0000000000 0 0 0 0 0 0 160 15 112 1 0 0 0 0 120120 153245.694
0.0000000000 0.0000000000 0 0 0 0 0 0 160 15 112 1 0 0 0 0 120120 153245.744
0.0000000000 0.0000000000 0 0 0 0 0 0 160 15 112 1 0 0 0 0 120120 153245.794
0.0000000000 0.0000000000 0 0 0 0 0 0 160 15 112 1 0 0 0 0 120120 153245.844
0.0000000000 0.0000000000 0 0 0 0 0 0 160 15 112 1 0 0 0 0 120120 153245.895
0.0000000000 0.0000000000 0 0 0 0 0 0 160 15 112 1 0 0 0 0 120120 153245.945
0.0000000000 0.0000000000 0 0 0 0 0 0 160 15 112 1 0 0 0 0 120120 153245.995
0.0000000000 0.0000000000 0 0 0 0 0 0 160 15 112 1 0 0 0 0 120120 153246.045
0.0000000000 0.0000000000 0 0 0 0 0 0 160 15 112 1 0 0 0 0 120120 153246.095
0.0000000000 0.0000000000 0 0 0 0 0 0 160 15 112 1 0 0 0 0 120120 153246.146
0.0000000000 0.0000000000 0 0 0 0 0 0 160 15 112 1 0 0 0 0 120120 153246.196
0.0000000000 0.0000000000 0 0 0 0 0 0 160 15 112 1 0 0 0 0 120120 153246.246
0.0000000000 0.0000000000 0 0 0 0 0 0 160 15 112 1 0 0 0 0 120120 153246.296
0.0000000000 0.0000000000 0 0 0 0 0 0 160 15 112 1 0 0 0 0 120120 153246.346
0.0000000000 0.0000000000 0 0 0 0 0 0 160 15 112 1 0 0 0 0 120120 153246.397
0.0000000000 0.0000000000 0 0 0 0 0 0 160 15 112 1 0 0 0 0 120120 153246.447
0.0000000000 0.0000000000 0 0 0 0 0 0 160 15 112 1 0 0 0 0 120120 153246.497
0.0000000000 0.0000000000 0 0 0 0 0 0 160 15 112 1 0 0 0 0 120120 153246.547
0.0000000000 0.0000000000 0 0 0 0 0 0 160 15 112 1 0 0 0 0 120120 153246.597
0.0000000000 0.0000000000 0 0 0 0 0 0 160 15 112 1 0 0 0 0 120120 153246.648
0.0000000000 0.0000000000 0 0 0 0 0 0 160 15 112 1 0 0 0 0 120120 153246.698
0.0000000000 0.0000000000 0 0 0 0 0 0 160 15 112 1 0 0 0 0 120120 153246.748
0.0000000000 0.0000000000 0 0 0 0 0 0 160 15 112 1 0 0 0 0 120120 153246.798
0.0000000000 0.0000000000 0 0 0 0 0 0 160 15 112 1 0 0 0 0 120120 153246.849
0.0000000000 0.0000000000 0 0 0 0 0 0 160 15 112 1 0 0 0 0 120120 153246.899
0.0000000000 0.0000000000 0 0 0 0 0 0 160 15 112 1 0 0 0 0 120120 153246.949
0.0000000000 0.0000000000 0 0 0 0 0 0 160 15 112 1 0 0 0 0 120120 153246.999
0.0000000000 0.0000000000 0 0 0 0 0 0 160 15 112 1 0 0 0 0 120120 153247.049
0.0000000000 0.0000000000 0 0 0 0 0 0 160 15 112 1 0 0 0 0 120120 153247.100
0.0000000000 0.0000000000 0 0 0 0 0 0 160 15 112 1 0 0 0 0 120120 153247.150
0.0000000000 0.0000000000 0 0 0 0 0 0 160 15 112 1 0 0 0 0 120120 153247.200
0.0000000000 0.0000000000 0 0 0 0 0 0 160 15 112 1 0 0 0 0 120120 153247.251
0.0000000000 0.0000000000 0 0 0 0 0 0 160 15 112 1 0 0 0 0 120120 153247.301
0.0000000000 0.0000000000 0 0 0 0 0 0 160 15 112 1 0 0 0 0 120120 153247.351
0.0000000000 0.0000000000 0 0 0 0 0 0 160 15 112 1 0 0 0 0 120120 153247.401
0.0000000000 0.0000000000 0 0 0 0 0 0 160 15 112 1 0 0 0 0 120120 153247.451
0.0000000000 0.0000000000 0 0 0 0 0 0 160 15 112 1 0 0 0 0 120120 153247.502
0.0000000000 0.0000000000 0 0 0 0 0 0 160 15 112 1 0 0 0 0 120120 153247.552
0.0000000000 0.0000000000 0 0 0 0 0 0 160 15 112 1 0 0 0 0 120120 153247.602
0.0000000000 0.0000000000 0 0 0 0 0 0 160 15 112 1 0 0 0 0 120120 153247.652
0.0000000000 0.0000000000 0 0 0 0 0 0 160 15 112 1 0 0 0 0 120120 153247.703
0.0000000000 0.0000000000 0 0 0 0 0 0 160 15 112 1 0 0 0 0 120120 153247.753
0.0000000000 0.0000000000 0 0 0 0 0 0 160 15 112 1 0 0 0 0 120120 153247.803
0.0000000000 0.0000000000 0 0 0 0 0 0 160 15 112 1 0 0 0 0 120120 153247.853
0.0000000000 0.0000000000 0 0 0 0 0 0 160 15 112 1 0 0 0 0 120120 153247.904
0.0000000000 0.0000000000 0 0 0 0 0 0 160 15 112 1 0 0 0 0 120120 153247.954
0.0000000000 0.0000000000 0 0 0 0 0 0 160 15 112 1 0 0 0 0 120120 153248.004
0.0000000000 0.0000000000 0 0 0 0 0 0 160 15 112 1 0 0 0 0 120120 153248.055
0.0000000000 0.0000000000 0 0 0 0 0 0 160 15 112 1 0 0 0 0 120120 153248.105
0.0000000000 0.0000000000 0 0 0 0 0 0 160 15 112 1 0 0 0 0 120120 153248.155
0.0000000000 0.0000000000 0 0 0 0 0 0 160 15 112 1 0 0 0 0 120120 153248.205
0.0000000000 0.0000000000 0 0 0 0 0 0 160 15 112 1 0 0 0 0 120120 153248.255
0.0000000000 0.0000000000 0 0 0 0 0 0 160 15 112 1 0 0 0 0 120120 153248.306
0.0000000000 0.0000000000 0 0 0 0 0 0 160 15 112 1 0 0 0 0 120120 153248.356
0.0000000000 0.0000000000 0 0 0 0 0 0 106 5 112 1 0 0 0 0 120120 153248.406
0.0000000000 0.0000000000 0 0 0 0 0 0 113 5 112 1 0 0 0 0 120120 153248.456
0.0000000000 0.0000000000 0 0 0 0 0 0 85 5 112 1 0 0 0 0 120120 153248.507
0.0000000000 0.0000000000 0 0 0 0 0 0 248 4 112 1 0 0 0 0 120120 153248.557
0.0000000000 0.0000000000 0 0 0 0 0 0 217 4 112 1 0 0 0 0 120120 153248.607
0.0000000000 0.0000000000 0 0 0 0 0 0 190 4 112 1 0 0 0 0 120120 153248.657
0.0000000000 0.0000000000 0 0 0 0 0 0 141 4 112 1 0 0 0 0 120120 153248.708
0.0000000000 0.0000000000 0 0 0 0 0 0 124 4 112 1 0 0 0 0 120120 153248.758
0.0000000000 0.0000000000 0 0 0 0 0 0 68 2 112 1 0 0 0 0 120120 153248.808
0.0000000000 0.0000000000 0 0 0 0 0 0 57 4 112 1 0 0 0 0 120120 153248.859
0.0000000000 0.0000000000 0 0 0 0 0 0 48 4 112 1 0 0 0 0 120120 153248.909
0.0000000000 0.0000000000 0 0 0 0 0 0 22 4 112 1 0 0 0 0 120120 153248.959
0.0000000000 0.0000000000 0 0 0 0 0 0 252 3 112 1 0 0 0 0 120120 153249.009
0.0000000000 0.0000000000 0 0 0 0 0 0 235 3 112 1 0 0 0 0 120120 153249.060
0.0000000000 0.0000000000 0 0 0 0 0 0 33 3 112 1 0 0 0 0 120120 153249.110
0.0000000000 0.0000000000 0 0 0 0 0 0 15 3 112 1 0 0 0 0 120120 153249.160
0.0000000000 0.0000000000 0 0 0 0 0 0 202 2 112 1 0 0 0 0 120120 153249.210
0.0000000000 0.0000000000 0 0 0 0 0 0 201 2 112 1 0 0 0 0 120120 153249.261
0.0000000000 0.0000000000 0 0 0 0 0 0 164 2 112 1 0 0 0 0 120120 153249.311
0.0000000000 0.0000000000 0 0 0 0 0 0 131 2 112 1 0 0 0 0 120120 153249.361
0.0000000000 0.0000000000 0 0 0 0 0 0 158 2 112 1 0 0 0 0 120120 153249.411
0.0000000000 0.0000000000 0 0 0 0 0 0 115 2 112 1 0 0 0 0 120120 153249.461
0.0000000000 0.0000000000 0 0 0 0 0 0 200 6 112 1 0 0 0 0 120120 153249.511
0.0000000000 0.0000000000 0 0 0 0 0 0 98 2 112 1 0 0 0 0 120120 153249.562
0.0000000000 0.0000000000 0 0 0 0 0 0 120 2 112 1 0 0 0 0 120120 153249.612
0.0000000000 0.0000000000 0 0 0 0 0 0 45 255 112 1 0 0 0 0 120120 153249.662
0.0000000000 0.0000000000 0 0 0 0 0 0 240 1 112 1 0 0 0 0 120120 153249.712
0.0000000000 0.0000000000 0 0 0 0 0 0 212 1 112 1 0 0 0 0 120120 153249.762
0.0000000000 0.0000000000 0 0 0 0 0 0 251 249 112 1 0 0 0 0 120120 153249.813
0.0000000000 0.0000000000 0 0 0 0 0 0 53 1 112 1 0 0 0 0 120120 153249.863
0.0000000000 0.0000000000 0 0 0 0 0 0 134 0 112 1 0 0 0 0 120120 153249.913
0.0000000000 0.0000000000 0 0 0 0 0 0 202 0 112 1 0 0 0 0 120120 153249.964
0.0000000000 0.0000000000 0 0 0 0 0 0 110 0 112 1 0 0 0 0 120120 153250.014
0.0000000000 0.0000000000 0 0 0 0 0 0 89 0 112 1 0 0 0 0 120120 153250.064
0.0000000000 0.0000000000 0 0 0 0 0 0 225 255 112 1 0 0 0 0 120120 153250.114
0.0000000000 0.0000000000 0 0 0 0 0 0 173 255 112 1 0 0 0 0 120120 153250.165
0.0000000000 0.0000000000 0 0 0 0 0 0 161 1 112 1 0 0 0 0 120120 153250.215
0.0000000000 0.0000000000 0 0 0 0 0 0 91 255 112 1 0 0 0 0 120120 153250.265
0.0000000000 0.0000000000 0 0 0 0 0 0 49 255 112 1 0 0 0 0 120120 153250.315
0.0000000000 0.0000000000 0 0 0 0 0 0 44 255 112 1 0 0 0 0 120120 153250.365
0.0000000000 0.0000000000 0 0 0 0 0 0 7 255 112 1 0 0 0 0 120120 153250.416
0.0000000000 0.0000000000 0 0 0 0 0 0 210 254 112 1 0 0 0 0 120120 153250.466
0.0000000000 0.0000000000 0 0 0 0 0 0 176 254 112 1 0 0 0 0 120120 153250.516
0.0000000000 0.0000000000 0 0 0 0 0 0 178 254 112 1 0 0 0 0 120120 153250.566
0.0000000000 0.0000000000 0 0 0 0 0 0 101 254 112 1 0 0 0 0 120120 153250.617
0.0000000000 0.0000000000 0 0 0 0 0 0 115 254 112 1 0 0 0 0 120120 153250.667
0.0000000000 0.0000000000 0 0 0 0 0 0 51 254 112 1 0 0 0 0 120120 153250.717
0.0000000000 0.0000000000 0 0 0 0 0 0 10 254 112 1 0 0 0 0 120120 153250.767
0.0000000000 0.0000000000 0 0 0 0 0 0 136 252 112 1 0 0 0 0 120120 153250.818
0.0000000000 0.0000000000 0 0 0 0 0 0 33 253 112 1 0 0 0 0 120120 153250.868
0.0000000000 0.0000000000 0 0 0 0 0 0 149 5 112 1 0 0 0 0 120120 153250.918
0.0000000000 0.0000000000 0 0 0 0 0 0 130 252 112 1 0 0 0 0 120120 153250.968
0.0000000000 0.0000000000 0 0 0 0 0 0 35 253 112 1 0 0 0 0 120120 153251.019
0.0000000000 0.0000000000 0 0 0 0 0 0 88 253 112 1 0 0 0 0 120120 153251.069
0.0000000000 0.0000000000 0 0 0 0 0 0 58 253 112 1 0 0 0 0 120120 153251.119
0.0000000000 0.0000000000 0 0 0 0 0 0 171 252 112 1 0 0 0 0 120120 153251.169
0.0000000000 0.0000000000 0 0 0 0 0 0 129 242 112 1 0 0 0 0 120120 153251.219
0.0000000000 0.0000000000 0 0 0 0 0 0 107 252 112 1 0 0 0 0 120120 153251.270
0.0000000000 0.0000000000 0 0 0 0 0 0 0 0 127 0 0 0 0 0 120120 153251.320
0.0000000000 0.0000000000 0 0 0 0 0 0 0 0 127 0 0 0 0 0 120120 153251.371
0.0000000000 0.0000000000 0 0 0 0 0 0 0 0 127 0 0 0 0 0 120120 153251.421
0.0000000000 0.0000000000 0 0 0 0 0 0 0 0 127 0 0 0 0 0 120120 153251.471
0.0000000000 0.0000000000 0 0 0 0 0 0 0 0 127 0 0 0 0 0 120120 153251.521
0.0000000000 0.0000000000 0 0 0 0 0 0 0 0 127 0 0 0 0 0 120120 153251.571
0.0000000000 0.0000000000 0 0 0 0 0 0 0 0 127 0 0 0 0 0 120120 153251.622
0.0000000000 0.0000000000 0 0 0 0 0 0 0 0 127 0 0 0 0 0 120120 153251.672
0.0000000000 0.0000000000 0 0 0 0 0 0 0 0 127 0 0 0 0 0 120120 153251.722
0.0000000000 0.0000000000 0 0 0 0 0 0 0 0 127 0 0 0 0 0 120120 153251.773
0.0000000000 0.0000000000 0 0 0 0 0 0 0 0 127 0 0 0 0 0 120120 153251.823
0.0000000000 0.0000000000 0 0 0 0 0 0 0 0 127 0 0 0 0 0 120120 153251.873
0.0000000000 0.0000000000 0 0 0 0 0 0 0 0 127 0 0 0 0 0 120120 153251.924
0.0000000000 0.0000000000 0 0 0 0 0 0 0 0 127 0 0 0 0 0 120120 153251.974
0.0000000000 0.0000000000 0 0 0 0 0 0 0 0 127 0 0 0 0 0 120120 153252.024
0.0000000000 0.0000000000 0 0 0 0 0 0 0 0 127 0 0 0 0 0 120120 153252.074
0.0000000000 0.0000000000 0 0 0 0 0 0 0 0 127 0 0 0 0 0 120120 153252.124
0.0000000000 0.0000000000 0 0 0 0 0 0 0 0 127 0 0 0 0 0 120120 153252.175
0.0000000000 0.0000000000 0 0 0 0 0 0 0 0 127 0 0 0 0 0 120120 153252.225
0.0000000000 0.0000000000 0 0 0 0 0 0 0 0 127 0 0 0 0 0 120120 153252.275
0.0000000000 0.0000000000 0 0 0 0 0 0 0 0 127 0 0 0 0 0 120120 153252.326
0.0000000000 0.0000000000 0 0 0 0 0 0 0 0 127 0 0 0 0 0 120120 153252.376
0.0000000000 0.0000000000 0 0 0 0 0 0 0 0 127 0 0 0 0 0 120120 153252.426
0.0000000000 0.0000000000 0 0 0 0 0 0 0 0 127 0 0 0 0 0 120120 153252.476
0.0000000000 0.0000000000 0 0 0 0 0 0 0 0 127 0 0 0 0 0 120120 153252.527
0.0000000000 0.0000000000 0 0 0 0 0 0 0 0 127 0 0 0 0 0 120120 153252.577
0.0000000000 0.0000000000 0 0 0 0 0 0 0 0 127 0 0 0 0 0 120120 153252.627
0.0000000000 0.0000000000 0 0 0 0 0 0 0 0 127 0 0 0 0 0 120120 153252.677
0.0000000000 0.0000000000 0 0 0 0 0 0 0 0 127 0 0 0 0 0 120120 153252.728
0.0000000000 0.0000000000 0 0 0 0 0 0 0 0 127 0 0 0 0 0 120120 153252.778
0.0000000000 0.0000000000 0 0 0 0 0 0 0 0 127 0 0 0 0 0 120120 153252.828
0.0000000000 0.0000000000 0 0 0 0 0 0 0 0 127 0 0 0 0 0 120120 153252.879
0.0000000000 0.0000000000 0 0 0 0 0 0 0 0 127 0 0 0 0 0 120120 153252.929
0.0000000000 0.0000000000 0 0 0 0 0 0 0 0 127 0 0 0 0 0 120120 153252.979
0.0000000000 0.0000000000 0 0 0 0 0 0 0 0 127 0 0 0 0 0 120120 153253.029
0.0000000000 0.0000000000 0 0 0 0 0 0 0 0 127 0 0 0 0 0 120120 153253.080
0.0000000000 0.0000000000 0 0 0 0 0 0 0 0 127 0 0 0 0 0 120120 153253.130
0.0000000000 0.0000000000 0 0 0 0 0 0 0 0 127 0 0 0 0 0 120120 153253.180
0.0000000000 0.0000000000 0 0 0 0 0 0 0 0 127 0 0 0 0 0 120120 153253.230
0.0000000000 0.0000000000 0 0 0 0 0 0 0 0 127 0 0 0 0 0 120120 153253.281
0.0000000000 0.0000000000 0 0 0 0 0 0 0 0 127 0 0 0 0 0 120120 153253.331
0.0000000000 0.0000000000 0 0 0 0 0 0 0 0 127 0 0 0 0 0 120120 153253.381
0.0000000000 0.0000000000 0 0 0 0 0 0 0 0 127 0 0 0 0 0 120120 153253.432
0.0000000000 0.0000000000 0 0 0 0 0 0 0 0 127 0 0 0 0 0 120120 153253.482
0.0000000000 0.0000000000 0 0 0 0 0 0 0 0 127 0 0 0 0 0 120120 153253.532
0.0000000000 0.0000000000 0 0 0 0 0 0 0 0 127 0 0 0 0 0 120120 153253.582
0.0000000000 0.0000000000 0 0 0 0 0 0 0 0 127 0 0 0 0 0 120120 153253.633
0.0000000000 0.0000000000 0 0 0 0 0 0 0 0 127 0 0 0 0 0 120120 153253.683
0.0000000000 0.0000000000 0 0 0 0 0 0 0 0 127 0 0 0 0 0 120120 153253.733
0.0000000000 0.0000000000 0 0 0 0 0 0 0 0 127 0 0 0 0 0 120120 153253.783
0.0000000000 0.0000000000 0 0 0 0 0 0 0 0 127 0 0 0 0 0 120120 153253.834
0.0000000000 0.0000000000 0 0 0 0 0 0 0 0 127 0 0 0 0 0 120120 153253.884
0.0000000000 0.0000000000 0 0 0 0 0 0 0 0 127 0 0 0 0 0 120120 153253.934
0.0000000000 0.0000000000 0 0 0 0 0 0 0 0 127 0 0 0 0 0 120120 153253.985
0.0000000000 0.0000000000 0 0 0 0 0 0 0 0 127 0 0 0 0 0 120120 153254.035
0.0000000000 0.0000000000 0 0 0 0 0 0 0 0 127 0 0 0 0 0 120120 153254.085
0.0000000000 0.0000000000 0 0 0 0 0 0 0 0 127 0 0 0 0 0 120120 153254.135
0.0000000000 0.0000000000 0 0 0 0 0 0 0 0 127 0 0 0 0 0 120120 153254.186
0.0000000000 0.0000000000 0 0 0 0 0 0 0 0 127 0 0 0 0 0 120120 153254.236
0.0000000000 0.0000000000 0 0 0 0 0 0 0 0 127 0 0 0 0 0 120120 153254.286
0.0000000000 0.0000000000 0 0 0 0 0 0 0 0 127 0 0 0 0 0 120120 153254.336
0.0000000000 0.0000000000 0 0 0 0 0 0 0 0 127 0 0 0 0 0 120120 153254.387
0.0000000000 0.0000000000 0 0 0 0 0 0 0 0 127 0 0 0 0 0 120120 153254.437
0.0000000000 0.0000000000 0 0 0 0 0 0 0 0 127 0 0 0 0 0 120120 153254.487
0.0000000000 0.0000000000 0 0 0 0 0 0 0 0 127 0 0 0 0 0 120120 153254.538
0.0000000000 0.0000000000 0 0 0 0 0 0 0 0 127 0 0 0 0 0 120120 153254.588
0.0000000000 0.0000000000 0 0 0 0 0 0 0 0 127 0 0 0 0 0 120120 153254.638
0.0000000000 0.0000000000 0 0 0 0 0 0 0 0 127 0 0 0 0 0 120120 153254.689
0.0000000000 0.0000000000 0 0 0 0 0 0 0 0 127 0 0 0 0 0 120120 153254.739
0.0000000000 0.0000000000 0 0 0 0 0 0 0 0 127 0 0 0 0 0 120120 153254.790
0.0000000000 0.0000000000 0 0 0 0 0 0 0 0 127 0 0 0 0 0 120120 153254.840
0.0000000000 0.0000000000 0 0 0 0 0 0 0 0 127 0 0 0 0 0 120120 153254.890
0.0000000000 0.0000000000 0 0 0 0 0 0 0 0 127 0 0 0 0 0 120120 153254.940
0.0000000000 0.0000000000 0 0 0 0 0 0 0 0 127 0 0 0 0 0 120120 153254.991
0.0000000000 0.0000000000 0 0 0 0 0 0 0 0 127 0 0 0 0 0 120120 153255.041
0.0000000000 0.0000000000 0 0 0 0 0 0 0 0 127 0 0 0 0 0 120120 153255.091
0.0000000000 0.0000000000 0 0 0 0 0 0 0 0 127 0 0 0 0 0 120120 153255.142
0.0000000000 0.0000000000 0 0 0 0 0 0 0 0 127 0 0 0 0 0 120120 153255.192
0.0000000000 0.0000000000 0 0 0 0 0 0 0 0 127 0 0 0 0 0 120120 153255.242
0.0000000000 0.0000000000 0 0 0 0 0 0 0 0 127 0 0 0 0 0 120120 153255.292
0.0000000000 0.0000000000 0 0 0 0 0 0 0 0 127 0 0 0 0 0 120120 153255.342
0.0000000000 0.0000000000 0 0 0 0 0 0 0 0 127 0 0 0 0 0 120120 153255.393
0.0000000000 0.0000000000 0 0 0 0 0 0 0 0 127 0 0 0 0 0 120120 153255.443
0.0000000000 0.0000000000 0 0 0 0 0 0 0 0 127 0 0 0 0 0 120120 153255.493
0.0000000000 0.0000000000 0 0 0 0 0 0 0 0 127 0 0 0 0 0 120120 153255.544
0.0000000000 0.0000000000 0 0 0 0 0 0 0 0 127 0 0 0 0 0 120120 153255.594
0.0000000000 0.0000000000 0 0 0 0 0 0 0 0 127 0 0 0 0 0 120120 153255.644
0.0000000000 0.0000000000 0 0 0 0 0 0 0 0 127 0 0 0 0 0 120120 153255.694
0.0000000000 0.0000000000 0 0 0 0 0 0 0 0 127 0 0 0 0 0 120120 153255.745
0.0000000000 0.0000000000 0 0 0 0 0 0 0 0 127 0 0 0 0 0 120120 153255.795
0.0000000000 0.0000000000 0 0 0 0 0 0 0 0 127 0 0 0 0 0 120120 153255.845
0.0000000000 0.0000000000 0 0 0 0 0 0 0 0 127 0 0 0 0 0 120120 153255.895
0.0000000000 0.0000000000 0 0 0 0 0 0 0 0 127 0 0 0 0 0 120120 153255.946
0.0000000000 0.0000000000 0 0 0 0 0 0 0 0 127 0 0 0 0 0 120120 153255.996
0.0000000000 0.0000000000 0 0 0 0 0 0 0 0 127 0 0 0 0 0 120120 153256.046
0.0000000000 0.0000000000 0 0 0 0 0 0 0 0 127 0 0 0 0 0 120120 153256.096
0.0000000000 0.0000000000 0 0 0 0 0 0 0 0 127 0 0 0 0 0 120120 153256.146
0.0000000000 0.0000000000 0 0 0 0 0 0 0 0 127 0 0 0 0 0 120120 153256.196
0.0000000000 0.0000000000 0 0 0 0 0 0 0 0 127 0 0 0 0 0 120120 153256.247
0.0000000000 0.0000000000 0 0 0 0 0 0 0 0 127 0 0 0 0 0 120120 153256.297
0.0000000000 0.0000000000 0 0 0 0 0 0 0 0 127 0 0 0 0 0 120120 153256.347
0.0000000000 0.0000000000 0 0 0 0 0 0 0 0 127 0 0 0 0 0 120120 153256.397
0.0000000000 0.0000000000 0 0 0 0 0 0 0 0 127 0 0 0 0 0 120120 153256.447
0.0000000000 0.0000000000 0 0 0 0 0 0 0 0 127 0 0 0 0 0 120120 153256.498
0.0000000000 0.0000000000 0 0 0 0 0 0 0 0 127 0 0 0 0 0 120120 153256.548
0.0000000000 0.0000000000 0 0 0 0 0 0 0 0 127 0 0 0 0 0 120120 153256.598
0.0000000000 0.0000000000 0 0 0 0 0 0 0 0 127 0 0 0 0 0 120120 153256.648
0.0000000000 0.0000000000 0 0 0 0 0 0 0 0 127 0 0 0 0 0 120120 153256.699
0.0000000000 0.0000000000 0 0 0 0 0 0 0 0 127 0 0 0 0 0 120120 153256.749
0.0000000000 0.0000000000 0 0 0 0 0 0 0 0 127 0 0 0 0 0 120120 153256.799
0.0000000000 0.0000000000 0 0 0 0 0 0 0 0 127 0 0 0 0 0 120120 153256.849
0.0000000000 0.0000000000 0 0 0 0 0 0 0 0 127 0 0 0 0 0 120120 153256.900
0.0000000000 0.0000000000 0 0 0 0 0 0 0 0 127 0 0 0 0 0 120120 153256.950
0.0000000000 0.0000000000 0 0 0 0 0 0 0 0 127 0 0 0 0 0 120120 153257.000
0.0000000000 0.0000000000 0 0 0 0 0 0 0 0 127 0 0 0 0 0 120120 153257.050
0.0000000000 0.0000000000 0 0 0 0 0 0 0 0 127 0 0 0 0 0 120120 153257.100
0.0000000000 0.0000000000 0 0 0 0 0 0 0 0 127 0 0 0 0 0 120120 153257.151
0.0000000000 0.0000000000 0 0 0 0 0 0 0 0 127 0 0 0 0 0 120120 153257.201
0.0000000000 0.0000000000 0 0 0 0 0 0 0 0 127 0 0 0 0 0 120120 153257.251
0.0000000000 0.0000000000 0 0 0 0 0 0 0 0 127 0 0 0 0 0 120120 153257.301
0.0000000000 0.0000000000 0 0 0 0 0 0 0 0 127 0 0 0 0 0 120120 153257.351
0.0000000000 0.0000000000 0 0 0 0 0 0 0 0 127 0 0 0 0 0 120120 153257.402
0.0000000000 0.0000000000 0 0 0 0 0 0 0 0 127 0 0 0 0 0 120120 153257.452
0.0000000000 0.0000000000 0 0 0 0 0 0 0 0 127 0 0 0 0 0 120120 153257.502
0.0000000000 0.0000000000 0 0 0 0 0 0 0 0 127 0 0 0 0 0 120120 153257.552
0.0000000000 0.0000000000 0 0 0 0 0 0 0 0 127 0 0 0 0 0 120120 153257.603
0.0000000000 0.0000000000 0 0 0 0 0 0 0 0 127 0 0 0 0 0 120120 153257.653
0.0000000000 0.0000000000 0 0 0 0 0 0 0 0 127 0 0 0 0 0 120120 153257.703
0.0000000000 0.0000000000 0 0 0 0 0 0 0 0 127 0 0 0 0 0 120120 153257.753
0.0000000000 0.0000000000 0 0 0 0 0 0 0 0 127 0 0 0 0 0 120120 153257.804
0.0000000000 0.0000000000 0 0 0 0 0 0 0 0 127 0 0 0 0 0 120120 153257.854
0.0000000000 0.0000000000 0 0 0 0 0 0 0 0 127 0 0 0 0 0 120120 153257.904
0.0000000000 0.0000000000 0 0 0 0 0 0 0 0 127 0 0 0 0 0 120120 153257.954
0.0000000000 0.0000000000 0 0 0 0 0 0 0 0 127 0 0 0 0 0 120120 153258.005
0.0000000000 0.0000000000 0 0 0 0 0 0 0 0 127 0 0 0 0 0 120120 153258.055
0.0000000000 0.0000000000 0 0 0 0 0 0 0 0 127 0 0 0 0 0 120120 153258.105
0.0000000000 0.0000000000 0 0 0 0 0 0 0 0 127 0 0 0 0 0 120120 153258.155
0.0000000000 0.0000000000 0 0 0 0 0 0 0 0 127 0 0 0 0 0 120120 153258.206
0.0000000000 0.0000000000 0 0 0 0 0 0 0 0 127 0 0 0 0 0 120120 153258.256
0.0000000000 0.0000000000 0 0 0 0 0 0 0 0 127 0 0 0 0 0 120120 153258.306
0.0000000000 0.0000000000 0 0 0 0 0 0 0 0 127 0 0 0 0 0 120120 153258.356
0.0000000000 0.0000000000 0 0 0 0 0 0 0 0 127 0 0 0 0 0 120120 153258.407
0.0000000000 0.0000000000 0 0 0 0 0 0 0 0 127 0 0 0 0 0 120120 153258.457
0.0000000000 0.0000000000 0 0 0 0 0 0 0 0 127 0 0 0 0 0 120120 153258.507
0.0000000000 0.0000000000 0 0 0 0 0 0 0 0 127 0 0 0 0 0 120120 153258.557
0.0000000000 0.0000000000 0 0 0 0 0 0 0 0 127 0 0 0 0 0 120120 153258.607
0.0000000000 0.0000000000 0 0 0 0 0 0 0 0 127 0 0 0 0 0 120120 153258.657
0.0000000000 0.0000000000 0 0 0 0 0 0 0 0 127 0 0 0 0 0 120120 153258.708
0.0000000000 0.0000000000 0 0 0 0 0 0 0 0 127 0 0 0 0 0 120120 153258.758
0.0000000000 0.0000000000 0 0 0 0 0 0 0 0 127 0 0 0 0 0 120120 153258.808
0.0000000000 0.0000000000 0 0 0 0 0 0 0 0 127 0 0 0 0 0 120120 153258.858
0.0000000000 0.0000000000 0 0 0 0 0 0 0 0 127 0 0 0 0 0 120120 153258.909
0.0000000000 0.0000000000 0 0 0 0 0 0 0 0 127 0 0 0 0 0 120120 153258.959
0.0000000000 0.0000000000 0 0 0 0 0 0 0 0 127 0 0 0 0 0 120120 153259.009
0.0000000000 0.0000000000 0 0 0 0 0 0 0 0 127 0 0 0 0 0 120120 153259.059
0.0000000000 0.0000000000 0 0 0 0 0 0 0 0 127 0 0 0 0 0 120120 153259.110
0.0000000000 0.0000000000 0 0 0 0 0 0 0 0 127 0 0 0 0 0 120120 153259.160
0.0000000000 0.0000000000 0 0 0 0 0 0 0 0 127 0 0 0 0 0 120120 153259.210
0.0000000000 0.0000000000 0 0 0 0 0 0 0 0 127 0 0 0 0 0 120120 153259.260
0.0000000000 0.0000000000 0 0 0 0 0 0 0 0 127 0 0 0 0 0 120120 153259.310
0.0000000000 0.0000000000 0 0 0 0 0 0 0 0 127 0 0 0 0 0 120120 153259.361
0.0000000000 0.0000000000 0 0 0 0 0 0 0 0 127 0 0 0 0 0 120120 153259.411
0.0000000000 0.0000000000 0 0 0 0 0 0 0 0 127 0 0 0 0 0 120120 153259.461
0.0000000000 0.0000000000 0 0 0 0 0 0 0 0 127 0 0 0 0 0 120120 153259.511
0.0000000000 0.0000000000 0 0 0 0 0 0 0 0 127 0 0 0 0 0 120120 153259.562
0.0000000000 0.0000000000 0 0 0 0 0 0 0 0 127 0 0 0 0 0 120120 153259.612
0.0000000000 0.0000000000 0 0 0 0 0 0 0 0 127 0 0 0 0 0 120120 153259.662
0.0000000000 0.0000000000 0 0 0 0 0 0 0 0 127 0 0 0 0 0 120120 153259.712
0.0000000000 0.0000000000 0 0 0 0 0 0 0 0 127 0 0 0 0 0 120120 153259.762
0.0000000000 0.0000000000 0 0 0 0 0 0 0 0 127 0 0 0 0 0 120120 153259.813
0.0000000000 0.0000000000 0 0 0 0 0 0 0 0 127 0 0 0 0 0 120120 153259.863
0.0000000000 0.0000000000 0 0 0 0 0 0 0 0 127 0 0 0 0 0 120120 153259.913
0.0000000000 0.0000000000 0 0 0 0 0 0 0 0 127 0 0 0 0 0 120120 153259.963
0.0000000000 0.0000000000 0 0 0 0 0 0 0 0 127 0 0 0 0 0 120120 153300.013
0.0000000000 0.0000000000 0 0 0 0 0 0 0 0 127 0 0 0 0 0 120120 153300.063
0.0000000000 0.0000000000 0 0 0 0 0 0 0 0 127 0 0 0 0 0 120120 153300.114
0.0000000000 0.0000000000 0 0 0 0 0 0 0 0 127 0 0 0 0 0 120120 153300.164
0.0000000000 0.0000000000 0 0 0 0 0 0 0 0 127 0 0 0 0 0 120120 153300.214
0.0000000000 0.0000000000 0 0 0 0 0 0 0 0 127 0 0 0 0 0 120120 153300.265
0.0000000000 0.0000000000 0 0 0 0 0 0 0 0 127 0 0 0 0 0 120120 153300.315
0.0000000000 0.0000000000 0 0 0 0 0 0 0 0 127 0 0 0 0 0 120120 153300.365
0.0000000000 0.0000000000 0 0 0 0 0 0 0 0 127 0 0 0 0 0 120120 153300.415
0.0000000000 0.0000000000 0 0 0 0 0 0 0 0 127 0 0 0 0 0 120120 153300.465
0.0000000000 0.0000000000 0 0 0 0 0 0 0 0 127 0 0 0 0 0 120120 153300.515
0.0000000000 0.0000000000 0 0 0 0 0 0 0 0 127 0 0 0 0 0 120120 153300.566
0.0000000000 0.0000000000 0 0 0 0 0 0 0 0 127 0 0 0 0 0 120120 153300.616
0.0000000000 0.0000000000 0 0 0 0 0 0 0 0 127 0 0 0 0 0 120120 153300.666
0.0000000000 0.0000000000 0 0 0 0 0 0 0 0 127 0 0 0 0 0 120120 153300.716
0.0000000000 0.0000000000 0 0 0 0 0 0 0 0 127 0 0 0 0 0 120120 153300.766
0.0000000000 0.0000000000 0 0 0 0 0 0 0 0 127 0 0 0 0 0 120120 153300.817
0.0000000000 0.0000000000 0 0 0 0 0 0 0 0 127 0 0 0 0 0 120120 153300.867
0.0000000000 0.0000000000 0 0 0 0 0 0 0 0 127 0 0 0 0 0 120120 153300.917
0.0000000000 0.0000000000 0 0 0 0 0 0 0 0 127 0 0 0 0 0 120120 153300.967
0.0000000000 0.0000000000 0 0 0 0 0 0 0 0 127 0 0 0 0 0 120120 153301.017
0.0000000000 0.0000000000 0 0 0 0 0 0 0 0 127 0 0 0 0 0 120120 153301.067
0.0000000000 0.0000000000 0 0 0 0 0 0 0 0 127 0 0 0 0 0 120120 153301.118
0.0000000000 0.0000000000 0 0 0 0 0 0 0 0 127 0 0 0 0 0 120120 153301.168
0.0000000000 0.0000000000 0 0 0 0 0 0 0 0 127 0 0 0 0 0 120120 153301.218
0.0000000000 0.0000000000 0 0 0 0 0 0 0 0 127 0 0 0 0 0 120120 153301.268
0.0000000000 0.0000000000 0 0 0 0 0 0 0 0 127 0 0 0 0 0 120120 153301.318
0.0000000000 0.0000000000 0 0 0 0 0 0 0 0 127 0 0 0 0 0 120120 153301.369
0.0000000000 0.0000000000 0 0 0 0 0 0 0 0 127 0 0 0 0 0 120120 153301.419
0.0000000000 0.0000000000 0 0 0 0 0 0 0 0 127 0 0 0 0 0 120120 153301.469
0.0000000000 0.0000000000 0 0 0 0 0 0 0 0 127 0 0 0 0 0 120120 153301.519
0.0000000000 0.0000000000 0 0 0 0 0 0 0 0 127 0 0 0 0 0 120120 153301.570
0.0000000000 0.0000000000 0 0 0 0 0 0 0 0 127 0 0 0 0 0 120120 153301.620
0.0000000000 0.0000000000 0 0 0 0 0 0 0 0 127 0 0 0 0 0 120120 153301.670
0.0000000000 0.0000000000 0 0 0 0 0 0 0 0 127 0 0 0 0 0 120120 153301.720
0.0000000000 0.0000000000 0 0 0 0 0 0 0 0 127 0 0 0 0 0 120120 153301.770
0.0000000000 0.0000000000 0 0 0 0 0 0 0 0 127 0 0 0 0 0 120120 153301.820
0.0000000000 0.0000000000 0 0 0 0 0 0 0 0 127 0 0 0 0 0 120120 153301.871
0.0000000000 0.0000000000 0 0 0 0 0 0 0 0 127 0 0 0 0 0 120120 153301.921
0.0000000000 0.0000000000 0 0 0 0 0 0 0 0 127 0 0 0 0 0 120120 153301.971
0.0000000000 0.0000000000 0 0 0 0 0 0 0 0 127 0 0 0 0 0 120120 153302.021
0.0000000000 0.0000000000 0 0 0 0 0 0 0 0 127 0 0 0 0 0 120120 153302.072
0.0000000000 0.0000000000 0 0 0 0 0 0 0 0 127 0 0 0 0 0 120120 153302.122
0.0000000000 0.0000000000 0 0 0 0 0 0 0 0 127 0 0 0 0 0 120120 153302.172
0.0000000000 0.0000000000 0 0 0 0 0 0 0 0 127 0 0 0 0 0 120120 153302.222
0.0000000000 0.0000000000 0 0 0 0 0 0 0 0 127 0 0 0 0 0 120120 153302.272
0.0000000000 0.0000000000 0 0 0 0 0 0 0 0 127 0 0 0 0 0 120120 153302.322
0.0000000000 0.0000000000 0 0 0 0 0 0 0 0 127 0 0 0 0 0 120120 153302.373
0.0000000000 0.0000000000 0 0 0 0 0 0 0 0 127 0 0 0 0 0 120120 153302.423
0.0000000000 0.0000000000 0 0 0 0 0 0 0 0 127 0 0 0 0 0 120120 153302.473
0.0000000000 0.0000000000 0 0 0 0 0 0 0 0 127 0 0 0 0 0 120120 153302.523
0.0000000000 0.0000000000 0 0 0 0 0 0 0 0 127 0 0 0 0 0 120120 153302.574
0.0000000000 0.0000000000 0 0 0 0 0 0 0 0 127 0 0 0 0 0 120120 153302.624
0.0000000000 0.0000000000 0 0 0 0 0 0 0 0 127 0 0 0 0 0 120120 153302.674
0.0000000000 0.0000000000 0 0 0 0 0 0 0 0 127 0 0 0 0 0 120120 153302.724
0.0000000000 0.0000000000 0 0 0 0 0 0 0 0 127 0 0 0 0 0 120120 153302.774
0.0000000000 0.0000000000 0 0 0 0 0 0 0 0 127 0 0 0 0 0 120120 153302.825
0.0000000000 0.0000000000 0 0 0 0 0 0 0 0 127 0 0 0 0 0 120120 153302.875
0.0000000000 0.0000000000 0 0 0 0 0 0 0 0 127 0 0 0 0 0 120120 153302.925
0.0000000000 0.0000000000 0 0 0 0 0 0 0 0 127 0 0 0 0 0 120120 153302.975
0.0000000000 0.0000000000 0 0 0 0 0 0 0 0 127 0 0 0 0 0 120120 153303.025
0.0000000000 0.0000000000 0 0 0 0 0 0 0 0 127 0 0 0 0 0 120120 153303.076
0.0000000000 0.0000000000 0 0 0 0 0 0 0 0 127 0 0 0 0 0 120120 153303.126
0.0000000000 0.0000000000 0 0 0 0 0 0 0 0 127 0 0 0 0 0 120120 153303.176
0.0000000000 0.0000000000 0 0 0 0 0 0 0 0 127 0 0 0 0 0 120120 153303.226
0.0000000000 0.0000000000 0 0 0 0 0 0 0 0 127 0 0 0 0 0 120120 153303.276
0.0000000000 0.0000000000 0 0 0 0 0 0 0 0 127 0 0 0 0 0 120120 153303.327
0.0000000000 0.0000000000 0 0 0 0 0 0 0 0 127 0 0 0 0 0 120120 153303.377
0.0000000000 0.0000000000 0 0 0 0 0 0 0 0 127 0 0 0 0 0 120120 153303.427
0.0000000000 0.0000000000 0 0 0 0 0 0 0 0 127 0 0 0 0 0 120120 153303.477
0.0000000000 0.0000000000 0 0 0 0 0 0 0 0 127 0 0 0 0 0 120120 153303.527
0.0000000000 0.0000000000 0 0 0 0 0 0 0 0 127 0 0 0 0 0 120120 153303.578
0.0000000000 0.0000000000 0 0 0 0 0 0 0 0 127 0 0 0 0 0 120120 153303.628
0.0000000000 0.0000000000 0 0 0 0 0 0 0 0 127 0 0 0 0 0 120120 153303.678
0.0000000000 0.0000000000 0 0 0 0 0 0 0 0 127 0 0 0 0 0 120120 153303.728
0.0000000000 0.0000000000 0 0 0 0 0 0 0 0 127 0 0 0 0 0 120120 153303.779
0.0000000000 0.0000000000 0 0 0 0 0 0 0 0 127 0 0 0 0 0 120120 153303.829
0.0000000000 0.0000000000 0 0 0 0 0 0 0 0 127 0 0 0 0 0 120120 153303.879
0.0000000000 0.0000000000 0 0 0 0 0 0 0 0 127 0 0 0 0 0 120120 153303.929
0.0000000000 0.0000000000 0 0 0 0 0 0 0 0 127 0 0 0 0 0 120120 153303.979
0.0000000000 0.0000000000 0 0 0 0 0 0 0 0 127 0 0 0 0 0 120120 153304.030
0.0000000000 0.0000000000 0 0 0 0 0 0 0 0 127 0 0 0 0 0 120120 153304.080
0.0000000000 0.0000000000 0 0 0 0 0 0 0 0 127 0 0 0 0 0 120120 153304.130
0.0000000000 0.0000000000 0 0 0 0 0 0 0 0 127 0 0 0 0 0 120120 153304.180
0.0000000000 0.0000000000 0 0 0 0 0 0 0 0 127 0 0 0 0 0 120120 153304.230
0.0000000000 0.0000000000 0 0 0 0 0 0 0 0 127 0 0 0 0 0 120120 153304.281
0.0000000000 0.0000000000 0 0 0 0 0 0 0 0 127 0 0 0 0 0 120120 153304.331
0.0000000000 0.0000000000 0 0 0 0 0 0 0 0 127 0 0 0 0 0 120120 153304.381
0.0000000000 0.0000000000 0 0 0 0 0 0 0 0 127 0 0 0 0 0 120120 153304.431
0.0000000000 0.0000000000 0 0 0 0 0 0 0 0 127 0 0 0 0 0 120120 153304.481
0.0000000000 0.0000000000 0 0 0 0 0 0 0 0 127 0 0 0 0 0 120120 153304.532
0.0000000000 0.0000000000 0 0 0 0 0 0 0 0 127 0 0 0 0 0 120120 153304.582
0.0000000000 0.0000000000 0 0 0 0 0 0 0 0 127 0 0 0 0 0 120120 153304.632
0.0000000000 0.0000000000 0 0 0 0 0 0 0 0 127 0 0 0 0 0 120120 153304.682
0.0000000000 0.0000000000 0 0 0 0 0 0 0 0 127 0 0 0 0 0 120120 153304.732
0.0000000000 0.0000000000 0 0 0 0 0 0 0 0 127 0 0 0 0 0 120120 153304.783
0.0000000000 0.0000000000 0 0 0 0 0 0 0 0 127 0 0 0 0 0 120120 153304.833
0.0000000000 0.0000000000 0 0 0 0 0 0 0 0 127 0 0 0 0 0 120120 153304.883
0.0000000000 0.0000000000 0 0 0 0 0 0 0 0 127 0 0 0 0 0 120120 153304.933
0.0000000000 0.0000000000 0 0 0 0 0 0 0 0 127 0 0 0 0 0 120120 153304.983
0.0000000000 0.0000000000 0 0 0 0 0 0 0 0 127 0 0 0 0 0 120120 153305.033
0.0000000000 0.0000000000 0 0 0 0 0 0 0 0 127 0 0 0 0 0 120120 153305.084
0.0000000000 0.0000000000 0 0 0 0 0 0 0 0 127 0 0 0 0 0 120120 153305.134
0.0000000000 0.0000000000 0 0 0 0 0 0 0 0 127 0 0 0 0 0 120120 153305.184
0.0000000000 0.0000000000 0 0 0 0 0 0 0 0 127 0 0 0 0 0 120120 153305.234
0.0000000000 0.0000000000 0 0 0 0 0 0 0 0 127 0 0 0 0 0 120120 153305.284
0.0000000000 0.0000000000 0 0 0 0 0 0 0 0 127 0 0 0 0 0 120120 153305.334
0.0000000000 0.0000000000 0 0 0 0 0 0 0 0 127 0 0 0 0 0 120120 153305.385
0.0000000000 0.0000000000 0 0 0 0 0 0 0 0 127 0 0 0 0 0 120120 153305.435
0.0000000000 0.0000000000 0 0 0 0 0 0 0 0 127 0 0 0 0 0 120120 153305.485
0.0000000000 0.0000000000 0 0 0 0 0 0 0 0 127 0 0 0 0 0 120120 153305.535
0.0000000000 0.0000000000 0 0 0 0 0 0 0 0 127 0 0 0 0 0 120120 153305.585
0.0000000000 0.0000000000 0 0 0 0 0 0 0 0 127 0 0 0 0 0 120120 153305.636
0.0000000000 0.0000000000 0 0 0 0 0 0 0 0 127 0 0 0 0 0 120120 153305.686
0.0000000000 0.0000000000 0 0 0 0 0 0 0 0 127 0 0 0 0 0 120120 153305.736
0.0000000000 0.0000000000 0 0 0 0 0 0 0 0 127 0 0 0 0 0 120120 153305.786
0.0000000000 0.0000000000 0 0 0 0 0 0 0 0 127 0 0 0 0 0 120120 153305.836
0.0000000000 0.0000000000 0 0 0 0 0 0 0 0 127 0 0 0 0 0 120120 153305.887
0.0000000000 0.0000000000 0 0 0 0 0 0 0 0 127 0 0 0 0 0 120120 153305.937
0.0000000000 0.0000000000 0 0 0 0 0 0 0 0 127 0 0 0 0 0 120120 153305.987
0.0000000000 0.0000000000 0 0 0 0 0 0 0 0 127 0 0 0 0 0 120120 153306.037
0.0000000000 0.0000000000 0 0 0 0 0 0 0 0 127 0 0 0 0 0 120120 153306.087
0.0000000000 0.0000000000 0 0 0 0 0 0 0 0 127 0 0 0 0 0 120120 153306.137
0.0000000000 0.0000000000 0 0 0 0 0 0 0 0 127 0 0 0 0 0 120120 153306.188
0.0000000000 0.0000000000 0 0 0 0 0 0 0 0 127 0 0 0 0 0 120120 153306.238
0.0000000000 0.0000000000 0 0 0 0 0 0 0 0 127 0 0 0 0 0 120120 153306.288
0.0000000000 0.0000000000 0 0 0 0 0 0 0 0 127 0 0 0 0 0 120120 153306.338
0.0000000000 0.0000000000 0 0 0 0 0 0 0 0 127 0 0 0 0 0 120120 153306.388
0.0000000000 0.0000000000 0 0 0 0 0 0 0 0 127 0 0 0 0 0 120120 153306.438
0.0000000000 0.0000000000 0 0 0 0 0 0 0 0 127 0 0 0 0 0 120120 153306.489
0.0000000000 0.0000000000 0 0 0 0 0 0 0 0 127 0 0 0 0 0 120120 153306.539
0.0000000000 0.0000000000 0 0 0 0 0 0 0 0 127 0 0 0 0 0 120120 153306.589
0.0000000000 0.0000000000 0 0 0 0 0 0 0 0 127 0 0 0 0 0 120120 153306.639
0.0000000000 0.0000000000 0 0 0 0 0 0 0 0 127 0 0 0 0 0 120120 153306.689
0.0000000000 0.0000000000 0 0 0 0 0 0 0 0 127 0 0 0 0 0 120120 153306.740
0.0000000000 0.0000000000 0 0 0 0 0 0 0 0 127 0 0 0 0 0 120120 153306.790
0.0000000000 0.0000000000 0 0 0 0 0 0 0 0 127 0 0 0 0 0 120120 153306.840
0.0000000000 0.0000000000 0 0 0 0 0 0 0 0 127 0 0 0 0 0 120120 153306.890
0.0000000000 0.0000000000 0 0 0 0 0 0 0 0 127 0 0 0 0 0 120120 153306.940
0.0000000000 0.0000000000 0 0 0 0 0 0 0 0 127 0 0 0 0 0 120120 153306.991
0.0000000000 0.0000000000 0 0 0 0 0 0 0 0 127 0 0 0 0 0 120120 153307.041
0.0000000000 0.0000000000 0 0 0 0 0 0 0 0 127 0 0 0 0 0 120120 153307.091
0.0000000000 0.0000000000 0 0 0 0 0 0 0 0 127 0 0 0 0 0 120120 153307.141
0.0000000000 0.0000000000 0 0 0 0 0 0 0 0 127 0 0 0 0 0 120120 153307.192
0.0000000000 0.0000000000 0 0 0 0 0 0 0 0 127 0 0 0 0 0 120120 153307.242
0.0000000000 0.0000000000 0 0 0 0 0 0 0 0 127 0 0 0 0 0 120120 153307.292
0.0000000000 0.0000000000 0 0 0 0 0 0 0 0 127 0 0 0 0 0 120120 153307.342
0.0000000000 0.0000000000 0 0 0 0 0 0 0 0 127 0 0 0 0 0 120120 153307.392
0.0000000000 0.0000000000 0 0 0 0 0 0 0 0 127 0 0 0 0 0 120120 153307.443
0.0000000000 0.0000000000 0 0 0 0 0 0 0 0 127 0 0 0 0 0 120120 153307.493
0.0000000000 0.0000000000 0 0 0 0 0 0 0 0 127 0 0 0 0 0 120120 153307.543
0.0000000000 0.0000000000 0 0 0 0 0 0 0 0 127 0 0 0 0 0 120120 153307.593
0.0000000000 0.0000000000 0 0 0 0 0 0 0 0 127 0 0 0 0 0 120120 153307.643
0.0000000000 0.0000000000 0 0 0 0 0 0 0 0 127 0 0 0 0 0 120120 153307.693
0.0000000000 0.0000000000 0 0 0 0 0 0 0 0 127 0 0 0 0 0 120120 153307.744
0.0000000000 0.0000000000 0 0 0 0 0 0 0 0 127 0 0 0 0 0 120120 153307.794
0.0000000000 0.0000000000 0 0 0 0 0 0 0 0 127 0 0 0 0 0 120120 153307.844
0.0000000000 0.0000000000 0 0 0 0 0 0 0 0 127 0 0 0 0 0 120120 153307.894
0.0000000000 0.0000000000 0 0 0 0 0 0 0 0 127 0 0 0 0 0 120120 153307.944
0.0000000000 0.0000000000 0 0 0 0 0 0 0 0 127 0 0 0 0 0 120120 153307.995
0.0000000000 0.0000000000 0 0 0 0 0 0 0 0 127 0 0 0 0 0 120120 153308.045
0.0000000000 0.0000000000 0 0 0 0 0 0 0 0 127 0 0 0 0 0 120120 153308.095
0.0000000000 0.0000000000 0 0 0 0 0 0 0 0 127 0 0 0 0 0 120120 153308.145
0.0000000000 0.0000000000 0 0 0 0 0 0 0 0 127 0 0 0 0 0 120120 153308.195
0.0000000000 0.0000000000 0 0 0 0 0 0 0 0 127 0 0 0 0 0 120120 153308.246
0.0000000000 0.0000000000 0 0 0 0 0 0 0 0 127 0 0 0 0 0 120120 153308.296
0.0000000000 0.0000000000 0 0 0 0 0 0 0 0 127 0 0 0 0 0 120120 153308.346
0.0000000000 0.0000000000 0 0 0 0 0 0 0 0 127 0 0 0 0 0 120120 153308.396
0.0000000000 0.0000000000 0 0 0 0 0 0 0 0 127 0 0 0 0 0 120120 153308.446
0.0000000000 0.0000000000 0 0 0 0 0 0 0 0 127 0 0 0 0 0 120120 153308.496
0.0000000000 0.0000000000 0 0 0 0 0 0 0 0 127 0 0 0 0 0 120120 153308.547
0.0000000000 0.0000000000 0 0 0 0 0 0 0 0 127 0 0 0 0 0 120120 153308.597
0.0000000000 0.0000000000 0 0 0 0 0 0 0 0 127 0 0 0 0 0 120120 153308.647
0.0000000000 0.0000000000 0 0 0 0 0 0 0 0 127 0 0 0 0 0 120120 153308.697
0.0000000000 0.0000000000 0 0 0 0 0 0 0 0 127 0 0 0 0 0 120120 153308.747
0.0000000000 0.0000000000 0 0 0 0 0 0 0 0 127 0 0 0 0 0 120120 153308.798
0.0000000000 0.0000000000 0 0 0 0 0 0 0 0 127 0 0 0 0 0 120120 153308.848
0.0000000000 0.0000000000 0 0 0 0 0 0 0 0 127 0 0 0 0 0 120120 153308.898
0.0000000000 0.0000000000 0 0 0 0 0 0 0 0 127 0 0 0 0 0 120120 153308.948
0.0000000000 0.0000000000 0 0 0 0 0 0 0 0 127 0 0 0 0 0 120120 153308.998
0.0000000000 0.0000000000 0 0 0 0 0 0 0 0 127 0 0 0 0 0 120120 153309.048
0.0000000000 0.0000000000 0 0 0 0 0 0 0 0 127 0 0 0 0 0 120120 153309.098
0.0000000000 0.0000000000 0 0 0 0 0 0 0 0 127 0 0 0 0 0 120120 153309.149
0.0000000000 0.0000000000 0 0 0 0 0 0 0 0 127 0 0 0 0 0 120120 153309.199
0.0000000000 0.0000000000 0 0 0 0 0 0 0 0 127 0 0 0 0 0 120120 153309.249
0.0000000000 0.0000000000 0 0 0 0 0 0 0 0 127 0 0 0 0 0 120120 153309.299
0.0000000000 0.0000000000 0 0 0 0 0 0 0 0 127 0 0 0 0 0 120120 153309.349
0.0000000000 0.0000000000 0 0 0 0 0 0 0 0 127 0 0 0 0 0 120120 153309.400
0.0000000000 0.0000000000 0 0 0 0 0 0 0 0 127 0 0 0 0 0 120120 153309.450
0.0000000000 0.0000000000 0 0 0 0 0 0 0 0 127 0 0 0 0 0 120120 153309.500
0.0000000000 0.0000000000 0 0 0 0 0 0 0 0 127 0 0 0 0 0 120120 153309.550
0.0000000000 0.0000000000 0 0 0 0 0 0 0 0 127 0 0 0 0 0 120120 153309.600
0.0000000000 0.0000000000 0 0 0 0 0 0 0 0 127 0 0 0 0 0 120120 153309.651
0.0000000000 0.0000000000 0 0 0 0 0 0 0 0 127 0 0 0 0 0 120120 153309.701
0.0000000000 0.0000000000 0 0 0 0 0 0 0 0 127 0 0 0 0 0 120120 153309.751
0.0000000000 0.0000000000 0 0 0 0 0 0 0 0 127 0 0 0 0 0 120120 153309.801
0.0000000000 0.0000000000 0 0 0 0 0 0 0 0 127 0 0 0 0 0 120120 153309.851
0.0000000000 0.0000000000 0 0 0 0 0 0 0 0 127 0 0 0 0 0 120120 153309.902
0.0000000000 0.0000000000 0 0 0 0 0 0 0 0 127 0 0 0 0 0 120120 153309.952
0.0000000000 0.0000000000 0 0 0 0 0 0 0 0 127 0 0 0 0 0 120120 153310.002
0.0000000000 0.0000000000 0 0 0 0 0 0 0 0 127 0 0 0 0 0 120120 153310.052
0.0000000000 0.0000000000 0 0 0 0 0 0 0 0 127 0 0 0 0 0 120120 153310.102
0.0000000000 0.0000000000 0 0 0 0 0 0 0 0 127 0 0 0 0 0 120120 153310.152
0.0000000000 0.0000000000 0 0 0 0 0 0 0 0 127 0 0 0 0 0 120120 153310.203
0.0000000000 0.0000000000 0 0 0 0 0 0 0 0 127 0 0 0 0 0 120120 153310.253
0.0000000000 0.0000000000 0 0 0 0 0 0 0 0 127 0 0 0 0 0 120120 153310.303
0.0000000000 0.0000000000 0 0 0 0 0 0 0 0 127 0 0 0 0 0 120120 153310.353
0.0000000000 0.0000000000 0 0 0 0 0 0 0 0 127 0 0 0 0 0 120120 153310.403
0.0000000000 0.0000000000 0 0 0 0 0 0 0 0 127 0 0 0 0 0 120120 153310.453
0.0000000000 0.0000000000 0 0 0 0 0 0 0 0 127 0 0 0 0 0 120120 153310.504
0.0000000000 0.0000000000 0 0 0 0 0 0 0 0 127 0 0 0 0 0 120120 153310.554
0.0000000000 0.0000000000 0 0 0 0 0 0 0 0 127 0 0 0 0 0 120120 153310.604
0.0000000000 0.0000000000 0 0 0 0 0 0 0 0 127 0 0 0 0 0 120120 153310.654
0.0000000000 0.0000000000 0 0 0 0 0 0 0 0 127 0 0 0 0 0 120120 153310.704
0.0000000000 0.0000000000 0 0 0 0 0 0 0 0 127 0 0 0 0 0 120120 153310.755
0.0000000000 0.0000000000 0 0 0 0 0 0 0 0 127 0 0 0 0 0 120120 153310.805
0.0000000000 0.0000000000 0 0 0 0 0 0 0 0 127 0 0 0 0 0 120120 153310.855
0.0000000000 0.0000000000 0 0 0 0 0 0 0 0 127 0 0 0 0 0 120120 153310.905
0.0000000000 0.0000000000 0 0 0 0 0 0 0 0 127 0 0 0 0 0 120120 153310.955
0.0000000000 0.0000000000 0 0 0 0 0 0 0 0 127 0 0 0 0 0 120120 153311.005
0.0000000000 0.0000000000 0 0 0 0 0 0 0 0 127 0 0 0 0 0 120120 153311.056
0.0000000000 0.0000000000 0 0 0 0 0 0 0 0 127 0 0 0 0 0 120120 153311.106
0.0000000000 0.0000000000 0 0 0 0 0 0 0 0 127 0 0 0 0 0 120120 153311.156
0.0000000000 0.0000000000 0 0 0 0 0 0 0 0 127 0 0 0 0 0 120120 153311.206
0.0000000000 0.0000000000 0 0 0 0 0 0 0 0 127 0 0 0 0 0 120120 153311.256
0.0000000000 0.0000000000 0 0 0 0 0 0 0 0 127 0 0 0 0 0 120120 153311.306
0.0000000000 0.0000000000 0 0 0 0 0 0 0 0 127 0 0 0 0 0 120120 153311.357
0.0000000000 0.0000000000 0 0 0 0 0 0 0 0 127 0 0 0 0 0 120120 153311.407
0.0000000000 0.0000000000 0 0 0 0 0 0 0 0 127 0 0 0 0 0 120120 153311.457
0.0000000000 0.0000000000 0 0 0 0 0 0 0 0 127 0 0 0 0 0 120120 153311.507
0.0000000000 0.0000000000 0 0 0 0 0 0 0 0 127 0 0 0 0 0 120120 153311.557
0.0000000000 0.0000000000 0 0 0 0 0 0 0 0 127 0 0 0 0 0 120120 153311.608
0.0000000000 0.0000000000 0 0 0 0 0 0 0 0 127 0 0 0 0 0 120120 153311.658
0.0000000000 0.0000000000 0 0 0 0 0 0 0 0 127 0 0 0 0 0 120120 153311.708
0.0000000000 0.0000000000 0 0 0 0 0 0 0 0 127 0 0 0 0 0 120120 153311.758
0.0000000000 0.0000000000 0 0 0 0 0 0 0 0 127 0 0 0 0 0 120120 153311.808
0.0000000000 0.0000000000 0 0 0 0 0 0 0 0 127 0 0 0 0 0 120120 153311.859
0.0000000000 0.0000000000 0 0 0 0 0 0 0 0 127 0 0 0 0 0 120120 153311.909
0.0000000000 0.0000000000 0 0 0 0 0 0 0 0 127 0 0 0 0 0 120120 153311.959
0.0000000000 0.0000000000 0 0 0 0 0 0 0 0 127 0 0 0 0 0 120120 153312.009
0.0000000000 0.0000000000 0 0 0 0 0 0 0 0 127 0 0 0 0 0 120120 153312.059
0.0000000000 0.0000000000 0 0 0 0 0 0 0 0 127 0 0 0 0 0 120120 153312.109
0.0000000000 0.0000000000 0 0 0 0 0 0 0 0 127 0 0 0 0 0 120120 153312.160
0.0000000000 0.0000000000 0 0 0 0 0 0 0 0 127 0 0 0 0 0 120120 153312.210
0.0000000000 0.0000000000 0 0 0 0 0 0 0 0 127 0 0 0 0 0 120120 153312.260
0.0000000000 0.0000000000 0 0 0 0 0 0 0 0 127 0 0 0 0 0 120120 153312.310
0.0000000000 0.0000000000 0 0 0 0 0 0 0 0 127 0 0 0 0 0 120120 153312.360
0.0000000000 0.0000000000 0 0 0 0 0 0 0 0 127 0 0 0 0 0 120120 153312.410
0.0000000000 0.0000000000 0 0 0 0 0 0 0 0 127 0 0 0 0 0 120120 153312.461
0.0000000000 0.0000000000 0 0 0 0 0 0 0 0 127 0 0 0 0 0 120120 153312.511
0.0000000000 0.0000000000 0 0 0 0 0 0 0 0 127 0 0 0 0 0 120120 153312.561
0.0000000000 0.0000000000 0 0 0 0 0 0 0 0 127 0 0 0 0 0 120120 153312.611
0.0000000000 0.0000000000 0 0 0 0 0 0 0 0 127 0 0 0 0 0 120120 153312.661
0.0000000000 0.0000000000 0 0 0 0 0 0 0 0 127 0 0 0 0 0 120120 153312.712
0.0000000000 0.0000000000 0 0 0 0 0 0 0 0 127 0 0 0 0 0 120120 153312.762
0.0000000000 0.0000000000 0 0 0 0 0 0 0 0 127 0 0 0 0 0 120120 153312.812
0.0000000000 0.0000000000 0 0 0 0 0 0 0 0 127 0 0 0 0 0 120120 153312.862
0.0000000000 0.0000000000 0 0 0 0 0 0 0 0 127 0 0 0 0 0 120120 153312.912
0.0000000000 0.0000000000 0 0 0 0 0 0 0 0 127 0 0 0 0 0 120120 153312.963
0.0000000000 0.0000000000 0 0 0 0 0 0 0 0 127 0 0 0 0 0 120120 153313.013
0.0000000000 0.0000000000 0 0 0 0 0 0 0 0 127 0 0 0 0 0 120120 153313.063
0.0000000000 0.0000000000 0 0 0 0 0 0 0 0 127 0 0 0 0 0 120120 153313.113
0.0000000000 0.0000000000 0 0 0 0 0 0 0 0 127 0 0 0 0 0 120120 153313.163
0.0000000000 0.0000000000 0 0 0 0 0 0 0 0 127 0 0 0 0 0 120120 153313.213
0.0000000000 0.0000000000 0 0 0 0 0 0 0 0 127 0 0 0 0 0 120120 153313.264
0.0000000000 0.0000000000 0 0 0 0 0 0 0 0 127 0 0 0 0 0 120120 153313.314
0.0000000000 0.0000000000 0 0 0 0 0 0 0 0 127 0 0 0 0 0 120120 153313.364
0.0000000000 0.0000000000 0 0 0 0 0 0 0 0 127 0 0 0 0 0 120120 153313.414
0.0000000000 0.0000000000 0 0 0 0 0 0 0 0 127 0 0 0 0 0 120120 153313.464
0.0000000000 0.0000000000 0 0 0 0 0 0 0 0 127 0 0 0 0 0 120120 153313.515
0.0000000000 0.0000000000 0 0 0 0 0 0 0 0 127 0 0 0 0 0 120120 153313.565
0.0000000000 0.0000000000 0 0 0 0 0 0 0 0 127 0 0 0 0 0 120120 153313.615
0.0000000000 0.0000000000 0 0 0 0 0 0 0 0 127 0 0 0 0 0 120120 153313.665
0.0000000000 0.0000000000 0 0 0 0 0 0 0 0 127 0 0 0 0 0 120120 153313.715
0.0000000000 0.0000000000 0 0 0 0 0 0 0 0 127 0 0 0 0 0 120120 153313.765
0.0000000000 0.0000000000 0 0 0 0 0 0 0 0 127 0 0 0 0 0 120120 153313.816
0.0000000000 0.0000000000 0 0 0 0 0 0 0 0 127 0 0 0 0 0 120120 153313.866
0.0000000000 0.0000000000 0 0 0 0 0 0 0 0 127 0 0 0 0 0 120120 153313.916
0.0000000000 0.0000000000 0 0 0 0 0 0 0 0 127 0 0 0 0 0 120120 153313.966
0.0000000000 0.0000000000 0 0 0 0 0 0 0 0 127 0 0 0 0 0 120120 153314.016
0.0000000000 0.0000000000 0 0 0 0 0 0 0 0 127 0 0 0 0 0 120120 153314.066
0.0000000000 0.0000000000 0 0 0 0 0 0 0 0 127 0 0 0 0 0 120120 153314.117
0.0000000000 0.0000000000 0 0 0 0 0 0 0 0 127 0 0 0 0 0 120120 153314.167
0.0000000000 0.0000000000 0 0 0 0 0 0 0 0 127 0 0 0 0 0 120120 153314.217
0.0000000000 0.0000000000 0 0 0 0 0 0 0 0 127 0 0 0 0 0 120120 153314.267
0.0000000000 0.0000000000 0 0 0 0 0 0 0 0 127 0 0 0 0 0 120120 153314.317
0.0000000000 0.0000000000 0 0 0 0 0 0 0 0 127 0 0 0 0 0 120120 153314.368
0.0000000000 0.0000000000 0 0 0 0 0 0 0 0 127 0 0 0 0 0 120120 153314.418
0.0000000000 0.0000000000 0 0 0 0 0 0 0 0 127 0 0 0 0 0 120120 153314.468
0.0000000000 0.0000000000 0 0 0 0 0 0 0 0 127 0 0 0 0 0 120120 153314.518
0.0000000000 0.0000000000 0 0 0 0 0 0 0 0 127 0 0 0 0 0 120120 153314.568
0.0000000000 0.0000000000 0 0 0 0 0 0 0 0 127 0 0 0 0 0 120120 153314.619
0.0000000000 0.0000000000 0 0 0 0 0 0 0 0 127 0 0 0 0 0 120120 153314.669
0.0000000000 0.0000000000 0 0 0 0 0 0 0 0 127 0 0 0 0 0 120120 153314.719
0.0000000000 0.0000000000 0 0 0 0 0 0 0 0 127 0 0 0 0 0 120120 153314.769
0.0000000000 0.0000000000 0 0 0 0 0 0 0 0 127 0 0 0 0 0 120120 153314.819
0.0000000000 0.0000000000 0 0 0 0 0 0 0 0 127 0 0 0 0 0 120120 153314.870
0.0000000000 0.0000000000 0 0 0 0 0 0 0 0 127 0 0 0 0 0 120120 153314.920
0.0000000000 0.0000000000 0 0 0 0 0 0 0 0 127 0 0 0 0 0 120120 153314.970
0.0000000000 0.0000000000 0 0 0 0 0 0 0 0 127 0 0 0 0 0 120120 153315.020
0.0000000000 0.0000000000 0 0 0 0 0 0 0 0 127 0 0 0 0 0 120120 153315.071
0.0000000000 0.0000000000 0 0 0 0 0 0 0 0 127 0 0 0 0 0 120120 153315.121
0.0000000000 0.0000000000 0 0 0 0 0 0 0 0 127 0 0 0 0 0 120120 153315.171
0.0000000000 0.0000000000 0 0 0 0 0 0 0 0 127 0 0 0 0 0 120120 153315.221
0.0000000000 0.0000000000 0 0 0 0 0 0 0 0 127 0 0 0 0 0 120120 153315.271
0.0000000000 0.0000000000 0 0 0 0 0 0 0 0 127 0 0 0 0 0 120120 153315.321
0.0000000000 0.0000000000 0 0 0 0 0 0 0 0 127 0 0 0 0 0 120120 153315.372
0.0000000000 0.0000000000 0 0 0 0 0 0 0 0 127 0 0 0 0 0 120120 153315.422
0.0000000000 0.0000000000 0 0 0 0 0 0 0 0 127 0 0 0 0 0 120120 153315.472
0.0000000000 0.0000000000 0 0 0 0 0 0 0 0 127 0 0 0 0 0 120120 153315.522
0.0000000000 0.0000000000 0 0 0 0 0 0 0 0 127 0 0 0 0 0 120120 153315.572
0.0000000000 0.0000000000 0 0 0 0 0 0 0 0 127 0 0 0 0 0 120120 153315.623
0.0000000000 0.0000000000 0 0 0 0 0 0 0 0 127 0 0 0 0 0 120120 153315.673
0.0000000000 0.0000000000 0 0 0 0 0 0 0 0 127 0 0 0 0 0 120120 153315.723
0.0000000000 0.0000000000 0 0 0 0 0 0 0 0 127 0 0 0 0 0 120120 153315.773
0.0000000000 0.0000000000 0 0 0 0 0 0 0 0 127 0 0 0 0 0 120120 153315.823
0.0000000000 0.0000000000 0 0 0 0 0 0 0 0 127 0 0 0 0 0 120120 153315.873
0.0000000000 0.0000000000 0 0 0 0 0 0 0 0 127 0 0 0 0 0 120120 153315.924
0.0000000000 0.0000000000 0 0 0 0 0 0 0 0 127 0 0 0 0 0 120120 153315.974
0.0000000000 0.0000000000 0 0 0 0 0 0 0 0 127 0 0 0 0 0 120120 153316.024
0.0000000000 0.0000000000 0 0 0 0 0 0 0 0 127 0 0 0 0 0 120120 153316.074
0.0000000000 0.0000000000 0 0 0 0 0 0 0 0 127 0 0 0 0 0 120120 153316.124
0.0000000000 0.0000000000 0 0 0 0 0 0 0 0 127 0 0 0 0 0 120120 153316.175
0.0000000000 0.0000000000 0 0 0 0 0 0 0 0 127 0 0 0 0 0 120120 153316.225
0.0000000000 0.0000000000 0 0 0 0 0 0 0 0 127 0 0 0 0 0 120120 153316.275
0.0000000000 0.0000000000 0 0 0 0 0 0 0 0 127 0 0 0 0 0 120120 153316.325
0.0000000000 0.0000000000 0 0 0 0 0 0 0 0 127 0 0 0 0 0 120120 153316.375
0.0000000000 0.0000000000 0 0 0 0 0 0 0 0 127 0 0 0 0 0 120120 153316.426
0.0000000000 0.0000000000 0 0 0 0 0 0 0 0 127 0 0 0 0 0 120120 153316.476
0.0000000000 0.0000000000 0 0 0 0 0 0 0 0 127 0 0 0 0 0 120120 153316.526
0.0000000000 0.0000000000 0 0 0 0 0 0 0 0 127 0 0 0 0 0 120120 153316.576
0.0000000000 0.0000000000 0 0 0 0 0 0 0 0 127 0 0 0 0 0 120120 153316.626
0.0000000000 0.0000000000 0 0 0 0 0 0 0 0 127 0 0 0 0 0 120120 153316.677
0.0000000000 0.0000000000 0 0 0 0 0 0 0 0 127 0 0 0 0 0 120120 153316.727
0.0000000000 0.0000000000 0 0 0 0 0 0 0 0 127 0 0 0 0 0 120120 153316.777
0.0000000000 0.0000000000 0 0 0 0 0 0 0 0 127 0 0 0 0 0 120120 153316.827
0.0000000000 0.0000000000 0 0 0 0 0 0 0 0 127 0 0 0 0 0 120120 153316.877
0.0000000000 0.0000000000 0 0 0 0 0 0 0 0 127 0 0 0 0 0 120120 153316.927
0.0000000000 0.0000000000 0 0 0 0 0 0 0 0 127 0 0 0 0 0 120120 153316.978
0.0000000000 0.0000000000 0 0 0 0 0 0 0 0 127 0 0 0 0 0 120120 153317.028
0.0000000000 0.0000000000 0 0 0 0 0 0 0 0 127 0 0 0 0 0 120120 153317.078
0.0000000000 0.0000000000 0 0 0 0 0 0 0 0 127 0 0 0 0 0 120120 153317.128
0.0000000000 0.0000000000 0 0 0 0 0 0 0 0 127 0 0 0 0 0 120120 153317.178
0.0000000000 0.0000000000 0 0 0 0 0 0 0 0 127 0 0 0 0 0 120120 153317.229
0.0000000000 0.0000000000 0 0 0 0 0 0 0 0 127 0 0 0 0 0 120120 153317.279
0.0000000000 0.0000000000 0 0 0 0 0 0 0 0 127 0 0 0 0 0 120120 153317.329
0.0000000000 0.0000000000 0 0 0 0 0 0 0 0 127 0 0 0 0 0 120120 153317.379
0.0000000000 0.0000000000 0 0 0 0 0 0 0 0 127 0 0 0 0 0 120120 153317.429
0.0000000000 0.0000000000 0 0 0 0 0 0 0 0 127 0 0 0 0 0 120120 153317.480
0.0000000000 0.0000000000 0 0 0 0 0 0 0 0 127 0 0 0 0 0 120120 153317.530
0.0000000000 0.0000000000 0 0 0 0 0 0 0 0 127 0 0 0 0 0 120120 153317.580
0.0000000000 0.0000000000 0 0 0 0 0 0 0 0 127 0 0 0 0 0 120120 153317.630
0.0000000000 0.0000000000 0 0 0 0 0 0 0 0 127 0 0 0 0 0 120120 153317.680
0.0000000000 0.0000000000 0 0 0 0 0 0 0 0 127 0 0 0 0 0 120120 153317.730
0.0000000000 0.0000000000 0 0 0 0 0 0 0 0 127 0 0 0 0 0 120120 153317.781
0.0000000000 0.0000000000 0 0 0 0 0 0 0 0 127 0 0 0 0 0 120120 153317.831
0.0000000000 0.0000000000 0 0 0 0 0 0 0 0 127 0 0 0 0 0 120120 153317.881
0.0000000000 0.0000000000 0 0 0 0 0 0 0 0 127 0 0 0 0 0 120120 153317.931
0.0000000000 0.0000000000 0 0 0 0 0 0 0 0 127 0 0 0 0 0 120120 153317.981
0.0000000000 0.0000000000 0 0 0 0 0 0 0 0 127 0 0 0 0 0 120120 153318.032
0.0000000000 0.0000000000 0 0 0 0 0 0 0 0 127 0 0 0 0 0 120120 153318.082
0.0000000000 0.0000000000 0 0 0 0 0 0 0 0 127 0 0 0 0 0 120120 153318.132
0.0000000000 0.0000000000 0 0 0 0 0 0 0 0 127 0 0 0 0 0 120120 153318.182
0.0000000000 0.0000000000 0 0 0 0 0 0 0 0 127 0 0 0 0 0 120120 153318.232
0.0000000000 0.0000000000 0 0 0 0 0 0 0 0 127 0 0 0 0 0 120120 153318.282
0.0000000000 0.0000000000 0 0 0 0 0 0 0 0 127 0 0 0 0 0 120120 153318.333
0.0000000000 0.0000000000 0 0 0 0 0 0 0 0 127 0 0 0 0 0 120120 153318.383
0.0000000000 0.0000000000 0 0 0 0 0 0 0 0 127 0 0 0 0 0 120120 153318.433
0.0000000000 0.0000000000 0 0 0 0 0 0 0 0 127 0 0 0 0 0 120120 153318.483
0.0000000000 0.0000000000 0 0 0 0 0 0 0 0 127 0 0 0 0 0 120120 153318.534
0.0000000000 0.0000000000 0 0 0 0 0 0 0 0 127 0 0 0 0 0 120120 153318.584
0.0000000000 0.0000000000 0 0 0 0 0 0 0 0 127 0 0 0 0 0 120120 153318.634
0.0000000000 0.0000000000 0 0 0 0 0 0 0 0 127 0 0 0 0 0 120120 153318.684
0.0000000000 0.0000000000 0 0 0 0 0 0 0 0 127 0 0 0 0 0 120120 153318.734
0.0000000000 0.0000000000 0 0 0 0 0 0 0 0 127 0 0 0 0 0 120120 153318.784
0.0000000000 0.0000000000 0 0 0 0 0 0 0 0 127 0 0 0 0 0 120120 153318.835
0.0000000000 0.0000000000 0 0 0 0 0 0 0 0 127 0 0 0 0 0 120120 153318.885
0.0000000000 0.0000000000 0 0 0 0 0 0 0 0 127 0 0 0 0 0 120120 153318.935
0.0000000000 0.0000000000 0 0 0 0 0 0 0 0 127 0 0 0 0 0 120120 153318.985
0.0000000000 0.0000000000 0 0 0 0 0 0 0 0 127 0 0 0 0 0 120120 153319.036
0.0000000000 0.0000000000 0 0 0 0 0 0 0 0 127 0 0 0 0 0 120120 153319.086
0.0000000000 0.0000000000 0 0 0 0 0 0 0 0 127 0 0 0 0 0 120120 153319.136
0.0000000000 0.0000000000 0 0 0 0 0 0 0 0 127 0 0 0 0 0 120120 153319.186
0.0000000000 0.0000000000 0 0 0 0 0 0 0 0 127 0 0 0 0 0 120120 153319.236
0.0000000000 0.0000000000 0 0 0 0 0 0 0 0 127 0 0 0 0 0 120120 153319.287
0.0000000000 0.0000000000 0 0 0 0 0 0 0 0 127 0 0 0 0 0 120120 153319.337
0.0000000000 0.0000000000 0 0 0 0 0 0 0 0 127 0 0 0 0 0 120120 153319.387
0.0000000000 0.0000000000 0 0 0 0 0 0 0 0 127 0 0 0 0 0 120120 153319.437
0.0000000000 0.0000000000 0 0 0 0 0 0 0 0 127 0 0 0 0 0 120120 153319.487
0.0000000000 0.0000000000 0 0 0 0 0 0 0 0 127 0 0 0 0 0 120120 153319.538
0.0000000000 0.0000000000 0 0 0 0 0 0 0 0 127 0 0 0 0 0 120120 153319.588
0.0000000000 0.0000000000 0 0 0 0 0 0 0 0 127 0 0 0 0 0 120120 153319.638
0.0000000000 0.0000000000 0 0 0 0 0 0 0 0 127 0 0 0 0 0 120120 153319.688
0.0000000000 0.0000000000 0 0 0 0 0 0 0 0 127 0 0 0 0 0 120120 153319.738
0.0000000000 0.0000000000 0 0 0 0 0 0 0 0 127 0 0 0 0 0 120120 153319.789
0.0000000000 0.0000000000 0 0 0 0 0 0 0 0 127 0 0 0 0 0 120120 153319.839
0.0000000000 0.0000000000 0 0 0 0 0 0 0 0 127 0 0 0 0 0 120120 153319.889
0.0000000000 0.0000000000 0 0 0 0 0 0 0 0 127 0 0 0 0 0 120120 153319.939
0.0000000000 0.0000000000 0 0 0 0 0 0 0 0 127 0 0 0 0 0 120120 153319.989
0.0000000000 0.0000000000 0 0 0 0 0 0 0 0 127 0 0 0 0 0 120120 153320.039
0.0000000000 0.0000000000 0 0 0 0 0 0 0 0 127 0 0 0 0 0 120120 153320.090
0.0000000000 0.0000000000 0 0 0 0 0 0 0 0 127 0 0 0 0 0 120120 153320.140
0.0000000000 0.0000000000 0 0 0 0 0 0 0 0 127 0 0 0 0 0 120120 153320.190
0.0000000000 0.0000000000 0 0 0 0 0 0 0 0 127 0 0 0 0 0 120120 153320.240
0.0000000000 0.0000000000 0 0 0 0 0 0 0 0 127 0 0 0 0 0 120120 153320.291
0.0000000000 0.0000000000 0 0 0 0 0 0 0 0 127 0 0 0 0 0 120120 153320.341
0.0000000000 0.0000000000 0 0 0 0 0 0 0 0 127 0 0 0 0 0 120120 153320.391
0.0000000000 0.0000000000 0 0 0 0 0 0 0 0 127 0 0 0 0 0 120120 153320.441
0.0000000000 0.0000000000 0 0 0 0 0 0 0 0 127 0 0 0 0 0 120120 153320.492
0.0000000000 0.0000000000 0 0 0 0 0 0 0 0 127 0 0 0 0 0 120120 153320.542
