0.0000000000 0.0000000000 0 0 0 0 0 0 238 251 112 1 0 0 0 0 030619 155231.839
0.0000000000 0.0000000000 0 0 0 0 0 0 27 252 112 1 0 0 0 0 030619 155232.040
0.0000000000 0.0000000000 0 0 0 0 0 0 81 252 112 1 0 0 0 0 030619 155232.240
0.0000000000 0.0000000000 0 0 0 0 0 0 107 252 112 1 0 0 0 0 030619 155232.440
0.0000000000 0.0000000000 0 0 0 0 0 0 147 252 112 1 0 0 0 0 030619 155232.641
0.0000000000 0.0000000000 0 0 0 0 0 0 184 252 112 1 0 0 0 0 030619 155232.841
0.0000000000 0.0000000000 0 0 0 0 0 0 225 252 112 1 0 0 0 0 030619 155233.041
0.0000000000 0.0000000000 0 0 0 0 0 0 6 253 112 1 0 0 0 0 030619 155233.242
0.0000000000 0.0000000000 0 0 0 0 0 0 42 253 112 1 0 0 0 0 030619 155233.442
0.0000000000 0.0000000000 0 0 0 0 0 0 82 253 112 1 0 0 0 0 030619 155233.642
