0.0000000000 0.0000000000 0 0 0 0 0 0 0 0 112 1 0 0 0 0 231119 154505.568
0.0000000000 0.0000000000 0 0 0 0 0 0 0 0 112 1 0 0 0 0 231119 154505.768
0.0000000000 0.0000000000 0 0 0 0 0 0 0 0 112 1 0 0 0 0 231119 154505.969
0.0000000000 0.0000000000 0 0 0 0 0 0 0 0 112 1 0 0 0 0 231119 154506.169
0.0000000000 0.0000000000 0 0 0 0 0 0 0 0 112 1 0 0 0 0 231119 154506.369
0.0000000000 0.0000000000 0 0 0 0 0 0 0 0 112 1 0 0 0 0 231119 154506.569
0.0000000000 0.0000000000 0 0 0 0 0 0 0 0 112 1 0 0 0 0 231119 154506.769
0.0000000000 0.0000000000 0 0 0 0 0 0 0 0 112 1 0 0 0 0 231119 154506.970
0.0000000000 0.0000000000 0 0 0 0 0 0 0 0 112 1 0 0 0 0 231119 154507.170
0.0000000000 0.0000000000 0 0 0 0 0 0 0 0 112 1 0 0 0 0 231119 154507.370
0.0000000000 0.0000000000 0 0 0 0 0 0 0 0 112 1 0 0 0 0 231119 154507.570
0.0000000000 0.0000000000 0 0 0 0 0 0 0 0 112 1 0 0 0 0 231119 154507.770
0.0000000000 0.0000000000 0 0 0 0 0 0 0 0 112 1 0 0 0 0 231119 154507.971
0.0000000000 0.0000000000 0 0 0 0 0 0 0 0 112 1 0 0 0 0 231119 154508.171
0.0000000000 0.0000000000 0 0 0 0 0 0 0 0 112 1 0 0 0 0 231119 154508.371
0.0000000000 0.0000000000 0 0 0 0 0 0 0 0 112 1 0 0 0 0 231119 154508.571
0.0000000000 0.0000000000 0 0 0 0 0 0 0 0 112 1 0 0 0 0 231119 154508.771
0.0000000000 0.0000000000 0 0 0 0 0 0 0 0 112 1 0 0 0 0 231119 154508.971
0.0000000000 0.0000000000 0 0 0 0 0 0 0 0 112 1 0 0 0 0 231119 154509.172
0.0000000000 0.0000000000 0 0 0 0 0 0 0 0 112 1 0 0 0 0 231119 154509.372
0.0000000000 0.0000000000 0 0 0 0 0 0 0 0 112 1 0 0 0 0 231119 154509.572
0.0000000000 0.0000000000 0 0 0 0 0 0 0 0 112 1 0 0 0 0 231119 154509.772
0.0000000000 0.0000000000 0 0 0 0 0 0 0 0 112 1 0 0 0 0 231119 154509.972
0.0000000000 0.0000000000 0 0 0 0 0 0 0 0 112 1 0 0 0 0 231119 154510.173
0.0000000000 0.0000000000 0 0 0 0 0 0 0 0 112 1 0 0 0 0 231119 154510.373
0.0000000000 0.0000000000 0 0 0 0 0 0 0 0 112 1 0 0 0 0 231119 154510.573
0.0000000000 0.0000000000 0 0 0 0 0 0 0 0 112 1 0 0 0 0 231119 154510.773
0.0000000000 0.0000000000 0 0 0 0 0 0 0 0 112 1 0 0 0 0 231119 154510.973
0.0000000000 0.0000000000 0 0 0 0 0 0 0 0 112 1 0 0 0 0 231119 154511.174
0.0000000000 0.0000000000 0 0 0 0 0 0 0 0 112 1 0 0 0 0 231119 154511.374
0.0000000000 0.0000000000 0 0 0 0 0 0 0 0 112 1 0 0 0 0 231119 154511.574
0.0000000000 0.0000000000 0 0 0 0 0 0 0 0 112 1 0 0 0 0 231119 154511.774
0.0000000000 0.0000000000 0 0 0 0 0 0 0 0 112 1 0 0 0 0 231119 154511.974
0.0000000000 0.0000000000 0 0 0 0 0 0 0 0 112 1 0 0 0 0 231119 154512.175
0.0000000000 0.0000000000 0 0 0 0 0 0 0 0 112 1 0 0 0 0 231119 154512.375
0.0000000000 0.0000000000 0 0 0 0 0 0 0 0 112 1 0 0 0 0 231119 154512.575
0.0000000000 0.0000000000 0 0 0 0 0 0 0 0 112 1 0 0 0 0 231119 154512.775
0.0000000000 0.0000000000 0 0 0 0 0 0 0 0 112 1 0 0 0 0 231119 154512.975
0.0000000000 0.0000000000 0 0 0 0 0 0 0 0 112 1 0 0 0 0 231119 154513.176
0.0000000000 0.0000000000 0 0 0 0 0 0 0 0 112 1 0 0 0 0 231119 154513.376
0.0000000000 0.0000000000 0 0 0 0 0 0 0 0 112 1 0 0 0 0 231119 154513.576
0.0000000000 0.0000000000 0 0 0 0 0 0 0 0 112 1 0 0 0 0 231119 154513.776
0.0000000000 0.0000000000 0 0 0 0 0 0 0 0 112 1 0 0 0 0 231119 154513.976
0.0000000000 0.0000000000 0 0 0 0 0 0 0 0 112 1 0 0 0 0 231119 154514.176
0.0000000000 0.0000000000 0 0 0 0 0 0 0 0 112 1 0 0 0 0 231119 154514.377
0.0000000000 0.0000000000 0 0 0 0 0 0 0 0 112 1 0 0 0 0 231119 154514.577
0.0000000000 0.0000000000 0 0 0 0 0 0 0 0 112 1 0 0 0 0 231119 154514.777
0.0000000000 0.0000000000 0 0 0 0 0 0 0 0 112 1 0 0 0 0 231119 154514.977
0.0000000000 0.0000000000 0 0 0 0 0 0 0 0 112 1 0 0 0 0 231119 154515.178
0.0000000000 0.0000000000 0 0 0 0 0 0 0 0 112 1 0 0 0 0 231119 154515.378
0.0000000000 0.0000000000 0 0 0 0 0 0 0 0 112 1 0 0 0 0 231119 154515.578
0.0000000000 0.0000000000 0 0 0 0 0 0 0 0 112 1 0 0 0 0 231119 154515.778
0.0000000000 0.0000000000 0 0 0 0 0 0 0 0 112 1 0 0 0 0 231119 154515.978
0.0000000000 0.0000000000 0 0 0 0 0 0 0 0 112 1 0 0 0 0 231119 154516.178
0.0000000000 0.0000000000 0 0 0 0 0 0 0 0 112 1 0 0 0 0 231119 154516.378
0.0000000000 0.0000000000 0 0 0 0 0 0 0 0 112 1 0 0 0 0 231119 154516.579
0.0000000000 0.0000000000 0 0 0 0 0 0 0 0 112 1 0 0 0 0 231119 154516.779
0.0000000000 0.0000000000 0 0 0 0 0 0 0 0 112 1 0 0 0 0 231119 154516.979
0.0000000000 0.0000000000 0 0 0 0 0 0 0 0 112 1 0 0 0 0 231119 154517.180
0.0000000000 0.0000000000 0 0 0 0 0 0 0 0 112 1 0 0 0 0 231119 154517.380
0.0000000000 0.0000000000 0 0 0 0 0 0 0 0 112 1 0 0 0 0 231119 154517.580
0.0000000000 0.0000000000 0 0 0 0 0 0 0 0 112 1 0 0 0 0 231119 154517.780
0.0000000000 0.0000000000 0 0 0 0 0 0 0 0 112 1 0 0 0 0 231119 154517.980
0.0000000000 0.0000000000 0 0 0 0 0 0 0 0 112 1 0 0 0 0 231119 154518.181
0.0000000000 0.0000000000 0 0 0 0 0 0 0 0 112 1 0 0 0 0 231119 154518.381
0.0000000000 0.0000000000 0 0 0 0 0 0 0 0 112 1 0 0 0 0 231119 154518.581
0.0000000000 0.0000000000 0 0 0 0 0 0 0 0 112 1 0 0 0 0 231119 154518.781
0.0000000000 0.0000000000 0 0 0 0 0 0 0 0 112 1 0 0 0 0 231119 154518.982
0.0000000000 0.0000000000 0 0 0 0 0 0 0 0 112 1 0 0 0 0 231119 154519.182
0.0000000000 0.0000000000 0 0 0 0 0 0 0 0 112 1 0 0 0 0 231119 154519.382
0.0000000000 0.0000000000 0 0 0 0 0 0 0 0 112 1 0 0 0 0 231119 154519.582
0.0000000000 0.0000000000 0 0 0 0 0 0 0 0 112 1 0 0 0 0 231119 154519.782
0.0000000000 0.0000000000 0 0 0 0 0 0 0 0 112 1 0 0 0 0 231119 154519.982
0.0000000000 0.0000000000 0 0 0 0 0 0 0 0 112 1 0 0 0 0 231119 154520.183
0.0000000000 0.0000000000 0 0 0 0 0 0 0 0 112 1 0 0 0 0 231119 154520.383
0.0000000000 0.0000000000 0 0 0 0 0 0 0 0 112 1 0 0 0 0 231119 154520.583
0.0000000000 0.0000000000 0 0 0 0 0 0 0 0 112 1 0 0 0 0 231119 154520.783
0.0000000000 0.0000000000 0 0 0 0 0 0 0 0 112 1 0 0 0 0 231119 154520.983
0.0000000000 0.0000000000 0 0 0 0 0 0 0 0 112 1 0 0 0 0 231119 154521.184
0.0000000000 0.0000000000 0 0 0 0 0 0 0 0 112 1 0 0 0 0 231119 154521.384
0.0000000000 0.0000000000 0 0 0 0 0 0 0 0 112 1 0 0 0 0 231119 154521.584
0.0000000000 0.0000000000 0 0 0 0 0 0 0 0 112 1 0 0 0 0 231119 154521.784
0.0000000000 0.0000000000 0 0 0 0 0 0 0 0 112 1 0 0 0 0 231119 154521.985
0.0000000000 0.0000000000 0 0 0 0 0 0 0 0 112 1 0 0 0 0 231119 154522.185
0.0000000000 0.0000000000 0 0 0 0 0 0 0 0 112 1 0 0 0 0 231119 154522.385
0.0000000000 0.0000000000 0 0 0 0 0 0 0 0 112 1 0 0 0 0 231119 154522.586
0.0000000000 0.0000000000 0 0 0 0 0 0 0 0 112 1 0 0 0 0 231119 154522.786
0.0000000000 0.0000000000 0 0 0 0 0 0 0 0 112 1 0 0 0 0 231119 154522.986
0.0000000000 0.0000000000 0 0 0 0 0 0 0 0 112 1 0 0 0 0 231119 154523.186
0.0000000000 0.0000000000 0 0 0 0 0 0 0 0 112 1 0 0 0 0 231119 154523.387
0.0000000000 0.0000000000 0 0 0 0 0 0 0 0 112 1 0 0 0 0 231119 154523.587
0.0000000000 0.0000000000 0 0 0 0 0 0 0 0 112 1 0 0 0 0 231119 154523.787
0.0000000000 0.0000000000 0 0 0 0 0 0 213 239 112 1 0 0 0 0 231119 154523.987
0.0000000000 0.0000000000 0 0 0 0 0 0 7 239 112 1 0 0 0 0 231119 154524.187
0.0000000000 0.0000000000 0 0 0 0 0 0 240 247 112 1 0 0 0 0 231119 154524.388
0.0000000000 0.0000000000 0 0 0 0 0 0 33 243 112 1 0 0 0 0 231119 154524.588
0.0000000000 0.0000000000 0 0 0 0 0 0 192 247 112 1 0 0 0 0 231119 154524.788
0.0000000000 0.0000000000 0 0 0 0 0 0 47 238 112 1 0 0 0 0 231119 154524.988
0.0000000000 0.0000000000 0 0 0 0 0 0 68 246 112 1 0 0 0 0 231119 154525.188
0.0000000000 0.0000000000 0 0 0 0 0 0 5 243 112 1 0 0 0 0 231119 154525.389
0.0000000000 0.0000000000 0 0 0 0 0 0 191 246 112 1 0 0 0 0 231119 154525.589
0.0000000000 0.0000000000 0 0 0 0 0 0 146 233 112 1 0 0 0 0 231119 154525.789
0.0000000000 0.0000000000 0 0 0 0 0 0 99 235 112 1 0 0 0 0 231119 154525.989
0.0000000000 0.0000000000 0 0 0 0 0 0 214 242 112 1 0 0 0 0 231119 154526.190
0.0000000000 0.0000000000 0 0 0 0 0 0 72 245 112 1 0 0 0 0 231119 154526.390
0.0000000000 0.0000000000 0 0 0 0 0 0 131 237 112 1 0 0 0 0 231119 154526.590
0.0000000000 0.0000000000 0 0 0 0 0 0 25 240 112 1 0 0 0 0 231119 154526.790
0.0000000000 0.0000000000 0 0 0 0 0 0 16 242 112 1 0 0 0 0 231119 154526.990
0.0000000000 0.0000000000 0 0 0 0 0 0 191 234 112 1 0 0 0 0 231119 154527.190
0.0000000000 0.0000000000 0 0 0 0 0 0 34 233 112 1 0 0 0 0 231119 154527.390
0.0000000000 0.0000000000 0 0 0 0 0 0 234 242 112 1 0 0 0 0 231119 154527.591
0.0000000000 0.0000000000 0 0 0 0 0 0 5 238 112 1 0 0 0 0 231119 154527.791
0.0000000000 0.0000000000 0 0 0 0 0 0 205 229 112 1 0 0 0 0 231119 154527.991
0.0000000000 0.0000000000 0 0 0 0 0 0 125 244 112 1 0 0 0 0 231119 154528.191
0.0000000000 0.0000000000 0 0 0 0 0 0 169 241 112 1 0 0 0 0 231119 154528.392
0.0000000000 0.0000000000 0 0 0 0 0 0 113 240 112 1 0 0 0 0 231119 154528.592
0.0000000000 0.0000000000 0 0 0 0 0 0 64 242 112 1 0 0 0 0 231119 154528.792
0.0000000000 0.0000000000 0 0 0 0 0 0 17 239 112 1 0 0 0 0 231119 154528.992
0.0000000000 0.0000000000 0 0 0 0 0 0 27 240 112 1 0 0 0 0 231119 154529.192
0.0000000000 0.0000000000 0 0 0 0 0 0 219 229 112 1 0 0 0 0 231119 154529.392
0.0000000000 0.0000000000 0 0 0 0 0 0 47 239 112 1 0 0 0 0 231119 154529.593
0.0000000000 0.0000000000 0 0 0 0 0 0 198 238 112 1 0 0 0 0 231119 154529.793
0.0000000000 0.0000000000 0 0 0 0 0 0 126 237 112 1 0 0 0 0 231119 154529.993
0.0000000000 0.0000000000 0 0 0 0 0 0 84 232 112 1 0 0 0 0 231119 154530.193
0.0000000000 0.0000000000 0 0 0 0 0 0 33 221 112 1 0 0 0 0 231119 154530.394
0.0000000000 0.0000000000 0 0 0 0 0 0 99 235 112 1 0 0 0 0 231119 154530.594
0.0000000000 0.0000000000 0 0 0 0 0 0 91 236 112 1 0 0 0 0 231119 154530.794
0.0000000000 0.0000000000 0 0 0 0 0 0 147 230 112 1 0 0 0 0 231119 154530.994
0.0000000000 0.0000000000 0 0 0 0 0 0 227 235 112 1 0 0 0 0 231119 154531.194
0.0000000000 0.0000000000 0 0 0 0 0 0 181 227 112 1 0 0 0 0 231119 154531.394
0.0000000000 0.0000000000 0 0 0 0 0 0 7 236 112 1 0 0 0 0 231119 154531.594
0.0000000000 0.0000000000 0 0 0 0 0 0 4 235 112 1 0 0 0 0 231119 154531.795
0.0000000000 0.0000000000 0 0 0 0 0 0 121 227 112 1 0 0 0 0 231119 154531.995
0.0000000000 0.0000000000 0 0 0 0 0 0 223 235 112 1 0 0 0 0 231119 154532.195
0.0000000000 0.0000000000 0 0 0 0 0 0 26 234 112 1 0 0 0 0 231119 154532.395
0.0000000000 0.0000000000 0 0 0 0 0 0 50 232 112 1 0 0 0 0 231119 154532.596
0.0000000000 0.0000000000 0 0 0 0 0 0 28 235 112 1 0 0 0 0 231119 154532.796
0.0000000000 0.0000000000 0 0 0 0 0 0 12 236 112 1 0 0 0 0 231119 154532.996
0.0000000000 0.0000000000 0 0 0 0 0 0 106 233 112 1 0 0 0 0 231119 154533.196
0.0000000000 0.0000000000 0 0 0 0 0 0 168 235 112 1 0 0 0 0 231119 154533.396
0.0000000000 0.0000000000 0 0 0 0 0 0 62 231 112 1 0 0 0 0 231119 154533.596
0.0000000000 0.0000000000 0 0 0 0 0 0 82 234 112 1 0 0 0 0 231119 154533.797
0.0000000000 0.0000000000 0 0 0 0 0 0 89 232 112 1 0 0 0 0 231119 154533.997
0.0000000000 0.0000000000 0 0 0 0 0 0 108 232 112 1 0 0 0 0 231119 154534.197
0.0000000000 0.0000000000 0 0 0 0 0 0 124 234 112 1 0 0 0 0 231119 154534.397
0.0000000000 0.0000000000 0 0 0 0 0 0 161 230 112 1 0 0 0 0 231119 154534.597
0.0000000000 0.0000000000 0 0 0 0 0 0 113 236 112 1 0 0 0 0 231119 154534.798
0.0000000000 0.0000000000 0 0 0 0 0 0 220 238 112 1 0 0 0 0 231119 154534.998
0.0000000000 0.0000000000 0 0 0 0 0 0 181 238 112 1 0 0 0 0 231119 154535.198
0.0000000000 0.0000000000 0 0 0 0 0 0 186 233 112 1 0 0 0 0 231119 154535.398
0.0000000000 0.0000000000 0 0 0 0 0 0 238 235 112 1 0 0 0 0 231119 154535.599
0.0000000000 0.0000000000 0 0 0 0 0 0 57 231 112 1 0 0 0 0 231119 154535.799
0.0000000000 0.0000000000 0 0 0 0 0 0 224 233 112 1 0 0 0 0 231119 154535.999
0.0000000000 0.0000000000 0 0 0 0 0 0 32 236 112 1 0 0 0 0 231119 154536.199
0.0000000000 0.0000000000 0 0 0 0 0 0 73 230 112 1 0 0 0 0 231119 154536.399
0.0000000000 0.0000000000 0 0 0 0 0 0 136 234 112 1 0 0 0 0 231119 154536.600
0.0000000000 0.0000000000 0 0 0 0 0 0 110 237 112 1 0 0 0 0 231119 154536.800
0.0000000000 0.0000000000 0 0 0 0 0 0 247 240 112 1 0 0 0 0 231119 154537.000
0.0000000000 0.0000000000 0 0 0 0 0 0 171 241 112 1 0 0 0 0 231119 154537.200
0.0000000000 0.0000000000 0 0 0 0 0 0 61 241 112 1 0 0 0 0 231119 154537.400
0.0000000000 0.0000000000 0 0 0 0 0 0 24 245 112 1 0 0 0 0 231119 154537.601
0.0000000000 0.0000000000 0 0 0 0 0 0 9 247 112 1 0 0 0 0 231119 154537.801
0.0000000000 0.0000000000 0 0 0 0 0 0 174 248 112 1 0 0 0 0 231119 154538.001
0.0000000000 0.0000000000 0 0 0 0 0 0 65 241 112 1 0 0 0 0 231119 154538.201
0.0000000000 0.0000000000 0 0 0 0 0 0 205 241 112 1 0 0 0 0 231119 154538.401
0.0000000000 0.0000000000 0 0 0 0 0 0 144 238 112 1 0 0 0 0 231119 154538.601
0.0000000000 0.0000000000 0 0 0 0 0 0 209 242 112 1 0 0 0 0 231119 154538.802
0.0000000000 0.0000000000 0 0 0 0 0 0 249 239 112 1 0 0 0 0 231119 154539.002
0.0000000000 0.0000000000 0 0 0 0 0 0 246 241 112 1 0 0 0 0 231119 154539.202
0.0000000000 0.0000000000 0 0 0 0 0 0 224 240 112 1 0 0 0 0 231119 154539.402
0.0000000000 0.0000000000 0 0 0 0 0 0 0 241 112 1 0 0 0 0 231119 154539.602
0.0000000000 0.0000000000 0 0 0 0 0 0 109 238 112 1 0 0 0 0 231119 154539.803
0.0000000000 0.0000000000 0 0 0 0 0 0 127 241 112 1 0 0 0 0 231119 154540.003
0.0000000000 0.0000000000 0 0 0 0 0 0 167 238 112 1 0 0 0 0 231119 154540.203
0.0000000000 0.0000000000 0 0 0 0 0 0 134 231 112 1 0 0 0 0 231119 154540.403
0.0000000000 0.0000000000 0 0 0 0 0 0 101 240 112 1 0 0 0 0 231119 154540.603
0.0000000000 0.0000000000 0 0 0 0 0 0 51 241 112 1 0 0 0 0 231119 154540.804
0.0000000000 0.0000000000 0 0 0 0 0 0 233 239 112 1 0 0 0 0 231119 154541.004
0.0000000000 0.0000000000 0 0 0 0 0 0 20 242 112 1 0 0 0 0 231119 154541.204
0.0000000000 0.0000000000 0 0 0 0 0 0 119 241 112 1 0 0 0 0 231119 154541.404
0.0000000000 0.0000000000 0 0 0 0 0 0 252 242 112 1 0 0 0 0 231119 154541.604
0.0000000000 0.0000000000 0 0 0 0 0 0 235 1 112 1 0 0 0 0 231119 154541.804
0.0000000000 0.0000000000 0 0 0 0 0 0 150 246 112 1 0 0 0 0 231119 154542.005
0.0000000000 0.0000000000 0 0 0 0 0 0 167 244 112 1 0 0 0 0 231119 154542.205
0.0000000000 0.0000000000 0 0 0 0 0 0 214 238 112 1 0 0 0 0 231119 154542.405
0.0000000000 0.0000000000 0 0 0 0 0 0 127 242 112 1 0 0 0 0 231119 154542.605
0.0000000000 0.0000000000 0 0 0 0 0 0 76 243 112 1 0 0 0 0 231119 154542.805
0.0000000000 0.0000000000 0 0 0 0 0 0 129 245 112 1 0 0 0 0 231119 154543.006
0.0000000000 0.0000000000 0 0 0 0 0 0 249 242 112 1 0 0 0 0 231119 154543.206
0.0000000000 0.0000000000 0 0 0 0 0 0 199 247 112 1 0 0 0 0 231119 154543.406
0.0000000000 0.0000000000 0 0 0 0 0 0 145 245 112 1 0 0 0 0 231119 154543.606
0.0000000000 0.0000000000 0 0 0 0 0 0 43 245 112 1 0 0 0 0 231119 154543.806
0.0000000000 0.0000000000 0 0 0 0 0 0 210 241 112 1 0 0 0 0 231119 154544.006
0.0000000000 0.0000000000 0 0 0 0 0 0 166 241 112 1 0 0 0 0 231119 154544.207
0.0000000000 0.0000000000 0 0 0 0 0 0 47 240 112 1 0 0 0 0 231119 154544.407
0.0000000000 0.0000000000 0 0 0 0 0 0 237 244 112 1 0 0 0 0 231119 154544.607
0.0000000000 0.0000000000 0 0 0 0 0 0 162 245 112 1 0 0 0 0 231119 154544.807
0.0000000000 0.0000000000 0 0 0 0 0 0 202 245 112 1 0 0 0 0 231119 154545.007
0.0000000000 0.0000000000 0 0 0 0 0 0 107 246 112 1 0 0 0 0 231119 154545.207
0.0000000000 0.0000000000 0 0 0 0 0 0 56 246 112 1 0 0 0 0 231119 154545.408
0.0000000000 0.0000000000 0 0 0 0 0 0 0 128 112 1 0 0 0 0 231119 154545.608
0.0000000000 0.0000000000 0 0 0 0 0 0 215 241 112 1 0 0 0 0 231119 154545.808
0.0000000000 0.0000000000 0 0 0 0 0 0 215 241 112 1 0 0 0 0 231119 154546.008
0.0000000000 0.0000000000 0 0 0 0 0 0 215 241 112 1 0 0 0 0 231119 154546.208
0.0000000000 0.0000000000 0 0 0 0 0 0 215 241 112 1 0 0 0 0 231119 154546.409
0.0000000000 0.0000000000 0 0 0 0 0 0 215 241 112 1 0 0 0 0 231119 154546.609
0.0000000000 0.0000000000 0 0 0 0 0 0 215 241 112 1 0 0 0 0 231119 154546.809
0.0000000000 0.0000000000 0 0 0 0 0 0 215 241 112 1 0 0 0 0 231119 154547.009
0.0000000000 0.0000000000 0 0 0 0 0 0 215 241 112 1 0 0 0 0 231119 154547.210
0.0000000000 0.0000000000 0 0 0 0 0 0 215 241 112 1 0 0 0 0 231119 154547.410
0.0000000000 0.0000000000 0 0 0 0 0 0 215 241 112 1 0 0 0 0 231119 154547.610
0.0000000000 0.0000000000 0 0 0 0 0 0 215 241 112 1 0 0 0 0 231119 154547.810
0.0000000000 0.0000000000 0 0 0 0 0 0 215 241 112 1 0 0 0 0 231119 154548.010
0.0000000000 0.0000000000 0 0 0 0 0 0 215 241 112 1 0 0 0 0 231119 154548.210
0.0000000000 0.0000000000 0 0 0 0 0 0 0 128 112 1 0 0 0 0 231119 154548.411
0.0000000000 0.0000000000 0 0 0 0 0 0 219 238 112 1 0 0 0 0 231119 154548.611
0.0000000000 0.0000000000 0 0 0 0 0 0 219 238 112 1 0 0 0 0 231119 154548.811
0.0000000000 0.0000000000 0 0 0 0 0 0 219 238 112 1 0 0 0 0 231119 154549.011
0.0000000000 0.0000000000 0 0 0 0 0 0 219 238 112 1 0 0 0 0 231119 154549.212
0.0000000000 0.0000000000 0 0 0 0 0 0 29 243 112 1 0 0 0 0 231119 154549.412
0.0000000000 0.0000000000 0 0 0 0 0 0 10 240 112 1 0 0 0 0 231119 154549.612
0.0000000000 0.0000000000 0 0 0 0 0 0 10 240 112 1 0 0 0 0 231119 154549.812
0.0000000000 0.0000000000 0 0 0 0 0 0 10 240 112 1 0 0 0 0 231119 154550.012
0.0000000000 0.0000000000 0 0 0 0 0 0 152 243 112 1 0 0 0 0 231119 154550.213
0.0000000000 0.0000000000 0 0 0 0 0 0 67 244 112 1 0 0 0 0 231119 154550.413
0.0000000000 0.0000000000 0 0 0 0 0 0 67 244 112 1 0 0 0 0 231119 154550.613
0.0000000000 0.0000000000 0 0 0 0 0 0 241 251 112 1 0 0 0 0 231119 154550.813
0.0000000000 0.0000000000 0 0 0 0 0 0 91 244 112 1 0 0 0 0 231119 154551.013
0.0000000000 0.0000000000 0 0 0 0 0 0 91 244 112 1 0 0 0 0 231119 154551.213
0.0000000000 0.0000000000 0 0 0 0 0 0 91 244 112 1 0 0 0 0 231119 154551.414
0.0000000000 0.0000000000 0 0 0 0 0 0 91 244 112 1 0 0 0 0 231119 154551.614
0.0000000000 0.0000000000 0 0 0 0 0 0 91 244 112 1 0 0 0 0 231119 154551.814
0.0000000000 0.0000000000 0 0 0 0 0 0 100 245 112 1 0 0 0 0 231119 154552.014
0.0000000000 0.0000000000 0 0 0 0 0 0 68 246 112 1 0 0 0 0 231119 154552.214
0.0000000000 0.0000000000 0 0 0 0 0 0 68 246 112 1 0 0 0 0 231119 154552.414
0.0000000000 0.0000000000 0 0 0 0 0 0 0 128 112 1 0 0 0 0 231119 154552.615
0.0000000000 0.0000000000 0 0 0 0 0 0 110 246 112 1 0 0 0 0 231119 154552.815
0.0000000000 0.0000000000 0 0 0 0 0 0 110 246 112 1 0 0 0 0 231119 154553.015
0.0000000000 0.0000000000 0 0 0 0 0 0 55 247 112 1 0 0 0 0 231119 154553.215
0.0000000000 0.0000000000 0 0 0 0 0 0 1 247 112 1 0 0 0 0 231119 154553.415
0.0000000000 0.0000000000 0 0 0 0 0 0 1 247 112 1 0 0 0 0 231119 154553.616
0.0000000000 0.0000000000 0 0 0 0 0 0 1 247 112 1 0 0 0 0 231119 154553.816
0.0000000000 0.0000000000 0 0 0 0 0 0 1 247 112 1 0 0 0 0 231119 154554.016
0.0000000000 0.0000000000 0 0 0 0 0 0 1 247 112 1 0 0 0 0 231119 154554.216
0.0000000000 0.0000000000 0 0 0 0 0 0 1 247 112 1 0 0 0 0 231119 154554.416
0.0000000000 0.0000000000 0 0 0 0 0 0 146 54 112 1 0 0 0 0 231119 154554.616
0.0000000000 0.0000000000 0 0 0 0 0 0 56 28 112 1 0 0 0 0 231119 154554.817
0.0000000000 0.0000000000 0 0 0 0 0 0 36 249 112 1 0 0 0 0 231119 154555.017
0.0000000000 0.0000000000 0 0 0 0 0 0 36 249 112 1 0 0 0 0 231119 154555.217
0.0000000000 0.0000000000 0 0 0 0 0 0 36 249 112 1 0 0 0 0 231119 154555.417
0.0000000000 0.0000000000 0 0 0 0 0 0 36 249 112 1 0 0 0 0 231119 154555.617
0.0000000000 0.0000000000 0 0 0 0 0 0 36 249 112 1 0 0 0 0 231119 154555.817
0.0000000000 0.0000000000 0 0 0 0 0 0 3 34 112 1 0 0 0 0 231119 154556.018
0.0000000000 0.0000000000 0 0 0 0 0 0 114 251 112 1 0 0 0 0 231119 154556.218
0.0000000000 0.0000000000 0 0 0 0 0 0 123 46 112 1 0 0 0 0 231119 154556.418
0.0000000000 0.0000000000 0 0 0 0 0 0 64 27 112 1 0 0 0 0 231119 154556.618
0.0000000000 0.0000000000 0 0 0 0 0 0 161 18 112 1 0 0 0 0 231119 154556.818
0.0000000000 0.0000000000 0 0 0 0 0 0 125 3 112 1 0 0 0 0 231119 154557.019
0.0000000000 0.0000000000 0 0 0 0 0 0 138 2 112 1 0 0 0 0 231119 154557.219
0.0000000000 0.0000000000 0 0 0 0 0 0 238 9 112 1 0 0 0 0 231119 154557.419
0.0000000000 0.0000000000 0 0 0 0 0 0 34 1 112 1 0 0 0 0 231119 154557.619
0.0000000000 0.0000000000 0 0 0 0 0 0 0 0 112 1 0 0 0 0 231119 154557.819
0.0000000000 0.0000000000 0 0 0 0 0 0 0 0 127 0 0 0 0 0 231119 154558.019
0.0000000000 0.0000000000 0 0 0 0 0 0 0 0 127 0 0 0 0 0 231119 154558.220
0.0000000000 0.0000000000 0 0 0 0 0 0 0 0 127 0 0 0 0 0 231119 154558.420
0.0000000000 0.0000000000 0 0 0 0 0 0 0 0 127 0 0 0 0 0 231119 154558.620
0.0000000000 0.0000000000 0 0 0 0 0 0 0 0 127 0 0 0 0 0 231119 154558.820
0.0000000000 0.0000000000 0 0 0 0 0 0 0 0 127 0 0 0 0 0 231119 154559.020
0.0000000000 0.0000000000 0 0 0 0 0 0 0 0 127 0 0 0 0 0 231119 154559.220
0.0000000000 0.0000000000 0 0 0 0 0 0 0 0 127 0 0 0 0 0 231119 154559.421
0.0000000000 0.0000000000 0 0 0 0 0 0 0 0 127 0 0 0 0 0 231119 154559.621
0.0000000000 0.0000000000 0 0 0 0 0 0 0 0 127 0 0 0 0 0 231119 154559.821
