0.0000000000 0.0000000000 0 0 0 0 0 0 150 215 112 1 0 0 0 0 040619 160715.814
0.0000000000 0.0000000000 0 0 0 0 0 0 183 211 112 1 0 0 0 0 040619 160716.014
0.0000000000 0.0000000000 0 0 0 0 0 0 34 216 112 1 0 0 0 0 040619 160716.214
0.0000000000 0.0000000000 0 0 0 0 0 0 108 217 112 1 0 0 0 0 040619 160716.414
0.0000000000 0.0000000000 0 0 0 0 0 0 67 215 112 1 0 0 0 0 040619 160716.615
0.0000000000 0.0000000000 0 0 0 0 0 0 195 212 112 1 0 0 0 0 040619 160716.815
0.0000000000 0.0000000000 0 0 0 0 0 0 114 211 112 1 0 0 0 0 040619 160717.015
0.0000000000 0.0000000000 0 0 0 0 0 0 114 211 112 1 0 0 0 0 040619 160717.215
0.0000000000 0.0000000000 0 0 0 0 0 0 211 214 112 1 0 0 0 0 040619 160717.416
0.0000000000 0.0000000000 0 0 0 0 0 0 119 207 112 1 0 0 0 0 040619 160717.616
0.0000000000 0.0000000000 0 0 0 0 0 0 6 216 112 1 0 0 0 0 040619 160717.816
0.0000000000 0.0000000000 0 0 0 0 0 0 93 213 112 1 0 0 0 0 040619 160718.016
0.0000000000 0.0000000000 0 0 0 0 0 0 155 220 112 1 0 0 0 0 040619 160718.216
0.0000000000 0.0000000000 0 0 0 0 0 0 155 220 112 1 0 0 0 0 040619 160718.417
0.0000000000 0.0000000000 0 0 0 0 0 0 184 220 112 1 0 0 0 0 040619 160718.617
0.0000000000 0.0000000000 0 0 0 0 0 0 88 225 112 1 0 0 0 0 040619 160718.817
0.0000000000 0.0000000000 0 0 0 0 0 0 225 227 112 1 0 0 0 0 040619 160719.017
0.0000000000 0.0000000000 0 0 0 0 0 0 230 243 112 1 0 0 0 0 040619 160719.218
0.0000000000 0.0000000000 0 0 0 0 0 0 234 245 112 1 0 0 0 0 040619 160719.418
0.0000000000 0.0000000000 0 0 0 0 0 0 31 241 112 1 0 0 0 0 040619 160719.618
0.0000000000 0.0000000000 0 0 0 0 0 0 109 232 112 1 0 0 0 0 040619 160719.819
0.0000000000 0.0000000000 0 0 0 0 0 0 92 248 112 1 0 0 0 0 040619 160720.019
0.0000000000 0.0000000000 0 0 0 0 0 0 68 242 112 1 0 0 0 0 040619 160720.220
0.0000000000 0.0000000000 0 0 0 0 0 0 0 246 112 1 0 0 0 0 040619 160720.420
0.0000000000 0.0000000000 0 0 0 0 0 0 165 247 112 1 0 0 0 0 040619 160720.620
0.0000000000 0.0000000000 0 0 0 0 0 0 103 244 112 1 0 0 0 0 040619 160720.820
0.0000000000 0.0000000000 0 0 0 0 0 0 221 248 112 1 0 0 0 0 040619 160721.021
0.0000000000 0.0000000000 0 0 0 0 0 0 139 244 112 1 0 0 0 0 040619 160721.221
0.0000000000 0.0000000000 0 0 0 0 0 0 166 240 112 1 0 0 0 0 040619 160721.422
0.0000000000 0.0000000000 0 0 0 0 0 0 40 243 112 1 0 0 0 0 040619 160721.622
0.0000000000 0.0000000000 0 0 0 0 0 0 226 247 112 1 0 0 0 0 040619 160721.822
0.0000000000 0.0000000000 0 0 0 0 0 0 210 238 112 1 0 0 0 0 040619 160722.022
0.0000000000 0.0000000000 0 0 0 0 0 0 186 238 112 1 0 0 0 0 040619 160722.223
0.0000000000 0.0000000000 0 0 0 0 0 0 173 241 112 1 0 0 0 0 040619 160722.423
0.0000000000 0.0000000000 0 0 0 0 0 0 33 242 112 1 0 0 0 0 040619 160722.623
0.0000000000 0.0000000000 0 0 0 0 0 0 121 233 112 1 0 0 0 0 040619 160722.823
0.0000000000 0.0000000000 0 0 0 0 0 0 0 0 127 0 0 0 0 0 040619 160723.026
0.0000000000 0.0000000000 0 0 0 0 0 0 0 0 127 0 0 0 0 0 040619 160723.231
0.0000000000 0.0000000000 0 0 0 0 0 0 0 0 127 0 0 0 0 0 040619 160723.431
0.0000000000 0.0000000000 0 0 0 0 0 0 246 239 112 1 0 0 0 0 040619 160723.631
0.0000000000 0.0000000000 0 0 0 0 0 0 74 238 112 1 0 0 0 0 040619 160723.832
0.0000000000 0.0000000000 0 0 0 0 0 0 0 0 127 0 0 0 0 0 040619 160724.032
0.0000000000 0.0000000000 0 0 0 0 0 0 0 0 127 0 0 0 0 0 040619 160724.232
0.0000000000 0.0000000000 0 0 0 0 0 0 0 0 127 0 0 0 0 0 040619 160724.433
0.0000000000 0.0000000000 0 0 0 0 0 0 0 0 127 0 0 0 0 0 040619 160724.633
0.0000000000 0.0000000000 0 0 0 0 0 0 0 0 127 0 0 0 0 0 040619 160724.833
0.0000000000 0.0000000000 0 0 0 0 0 0 0 0 127 0 0 0 0 0 040619 160725.033
0.0000000000 0.0000000000 0 0 0 0 0 0 231 225 112 1 0 0 0 0 040619 160725.234
0.0000000000 0.0000000000 0 0 0 0 0 0 0 0 127 0 0 0 0 0 040619 160725.434
0.0000000000 0.0000000000 0 0 0 0 0 0 0 0 127 0 0 0 0 0 040619 160725.634
0.0000000000 0.0000000000 0 0 0 0 0 0 0 0 127 0 0 0 0 0 040619 160725.834
0.0000000000 0.0000000000 0 0 0 0 0 0 0 0 127 0 0 0 0 0 040619 160726.034
0.0000000000 0.0000000000 0 0 0 0 0 0 0 0 127 0 0 0 0 0 040619 160726.235
0.0000000000 0.0000000000 0 0 0 0 0 0 0 0 127 0 0 0 0 0 040619 160726.435
0.0000000000 0.0000000000 0 0 0 0 0 0 0 0 127 0 0 0 0 0 040619 160726.635
0.0000000000 0.0000000000 0 0 0 0 0 0 18 232 112 1 0 0 0 0 040619 160726.835
0.0000000000 0.0000000000 0 0 0 0 0 0 59 229 112 1 0 0 0 0 040619 160727.036
0.0000000000 0.0000000000 0 0 0 0 0 0 196 230 112 1 0 0 0 0 040619 160727.236
0.0000000000 0.0000000000 0 0 0 0 0 0 217 229 112 1 0 0 0 0 040619 160727.436
0.0000000000 0.0000000000 0 0 0 0 0 0 40 229 112 1 0 0 0 0 040619 160727.636
0.0000000000 0.0000000000 0 0 0 0 0 0 203 231 112 1 0 0 0 0 040619 160727.837
0.0000000000 0.0000000000 0 0 0 0 0 0 203 231 112 1 0 0 0 0 040619 160728.037
0.0000000000 0.0000000000 0 0 0 0 0 0 113 224 112 1 0 0 0 0 040619 160728.237
0.0000000000 0.0000000000 0 0 0 0 0 0 210 229 112 1 0 0 0 0 040619 160728.437
0.0000000000 0.0000000000 0 0 0 0 0 0 58 226 112 1 0 0 0 0 040619 160728.637
0.0000000000 0.0000000000 0 0 0 0 0 0 58 226 112 1 0 0 0 0 040619 160728.838
0.0000000000 0.0000000000 0 0 0 0 0 0 68 235 112 1 0 0 0 0 040619 160729.038
0.0000000000 0.0000000000 0 0 0 0 0 0 68 235 112 1 0 0 0 0 040619 160729.238
0.0000000000 0.0000000000 0 0 0 0 0 0 225 227 112 1 0 0 0 0 040619 160729.438
0.0000000000 0.0000000000 0 0 0 0 0 0 137 232 112 1 0 0 0 0 040619 160729.638
0.0000000000 0.0000000000 0 0 0 0 0 0 103 236 112 1 0 0 0 0 040619 160729.839
0.0000000000 0.0000000000 0 0 0 0 0 0 132 244 112 1 0 0 0 0 040619 160730.039
0.0000000000 0.0000000000 0 0 0 0 0 0 195 244 112 1 0 0 0 0 040619 160730.239
0.0000000000 0.0000000000 0 0 0 0 0 0 91 247 112 1 0 0 0 0 040619 160730.439
0.0000000000 0.0000000000 0 0 0 0 0 0 152 253 112 1 0 0 0 0 040619 160730.640
0.0000000000 0.0000000000 0 0 0 0 0 0 18 248 112 1 0 0 0 0 040619 160730.842
0.0000000000 0.0000000000 0 0 0 0 0 0 106 12 112 1 0 0 0 0 040619 160731.042
0.0000000000 0.0000000000 0 0 0 0 0 0 190 255 112 1 0 0 0 0 040619 160731.242
0.0000000000 0.0000000000 0 0 0 0 0 0 37 5 112 1 0 0 0 0 040619 160731.442
0.0000000000 0.0000000000 0 0 0 0 0 0 188 26 112 1 0 0 0 0 040619 160731.643
0.0000000000 0.0000000000 0 0 0 0 0 0 89 10 112 1 0 0 0 0 040619 160731.843
0.0000000000 0.0000000000 0 0 0 0 0 0 180 8 112 1 0 0 0 0 040619 160732.043
0.0000000000 0.0000000000 0 0 0 0 0 0 29 23 112 1 0 0 0 0 040619 160732.243
0.0000000000 0.0000000000 0 0 0 0 0 0 29 23 112 1 0 0 0 0 040619 160732.443
0.0000000000 0.0000000000 0 0 0 0 0 0 196 18 112 1 0 0 0 0 040619 160732.644
0.0000000000 0.0000000000 0 0 0 0 0 0 16 15 112 1 0 0 0 0 040619 160732.844
0.0000000000 0.0000000000 0 0 0 0 0 0 171 16 112 1 0 0 0 0 040619 160733.044
0.0000000000 0.0000000000 0 0 0 0 0 0 99 9 112 1 0 0 0 0 040619 160733.244
0.0000000000 0.0000000000 0 0 0 0 0 0 99 9 112 1 0 0 0 0 040619 160733.445
0.0000000000 0.0000000000 0 0 0 0 0 0 164 9 112 1 0 0 0 0 040619 160733.645
0.0000000000 0.0000000000 0 0 0 0 0 0 164 9 112 1 0 0 0 0 040619 160733.845
0.0000000000 0.0000000000 0 0 0 0 0 0 23 5 112 1 0 0 0 0 040619 160734.045
0.0000000000 0.0000000000 0 0 0 0 0 0 173 7 112 1 0 0 0 0 040619 160734.245
0.0000000000 0.0000000000 0 0 0 0 0 0 0 0 127 0 0 0 0 0 040619 160734.446
0.0000000000 0.0000000000 0 0 0 0 0 0 186 12 112 1 0 0 0 0 040619 160734.646
0.0000000000 0.0000000000 0 0 0 0 0 0 186 12 112 1 0 0 0 0 040619 160734.846
0.0000000000 0.0000000000 0 0 0 0 0 0 71 12 112 1 0 0 0 0 040619 160735.046
0.0000000000 0.0000000000 0 0 0 0 0 0 0 0 127 0 0 0 0 0 040619 160735.247
0.0000000000 0.0000000000 0 0 0 0 0 0 0 0 127 0 0 0 0 0 040619 160735.447
0.0000000000 0.0000000000 0 0 0 0 0 0 0 0 127 0 0 0 0 0 040619 160735.647
0.0000000000 0.0000000000 0 0 0 0 0 0 0 0 127 0 0 0 0 0 040619 160735.848
0.0000000000 0.0000000000 0 0 0 0 0 0 0 0 127 0 0 0 0 0 040619 160736.048
0.0000000000 0.0000000000 0 0 0 0 0 0 0 0 127 0 0 0 0 0 040619 160736.248
0.0000000000 0.0000000000 0 0 0 0 0 0 0 0 127 0 0 0 0 0 040619 160736.449
0.0000000000 0.0000000000 0 0 0 0 0 0 0 0 127 0 0 0 0 0 040619 160736.649
0.0000000000 0.0000000000 0 0 0 0 0 0 0 0 112 1 0 0 0 0 040619 160736.849
0.0000000000 0.0000000000 0 0 0 0 0 0 0 0 127 0 0 0 0 0 040619 160737.050
0.0000000000 0.0000000000 0 0 0 0 0 0 0 0 112 1 0 0 0 0 040619 160737.250
0.0000000000 0.0000000000 0 0 0 0 0 0 0 0 127 0 0 0 0 0 040619 160737.450
0.0000000000 0.0000000000 0 0 0 0 0 0 0 0 127 0 0 0 0 0 040619 160737.650
0.0000000000 0.0000000000 0 0 0 0 0 0 0 0 127 0 0 0 0 0 040619 160737.851
0.0000000000 0.0000000000 0 0 0 0 0 0 0 0 127 0 0 0 0 0 040619 160738.051
0.0000000000 0.0000000000 0 0 0 0 0 0 0 0 127 0 0 0 0 0 040619 160738.251
0.0000000000 0.0000000000 0 0 0 0 0 0 0 0 127 0 0 0 0 0 040619 160738.452
0.0000000000 0.0000000000 0 0 0 0 0 0 0 0 127 0 0 0 0 0 040619 160738.652
0.0000000000 0.0000000000 0 0 0 0 0 0 0 0 112 1 0 0 0 0 040619 160738.852
0.0000000000 0.0000000000 0 0 0 0 0 0 0 0 112 1 0 0 0 0 040619 160739.052
0.0000000000 0.0000000000 0 0 0 0 0 0 0 0 112 1 0 0 0 0 040619 160739.253
0.0000000000 0.0000000000 0 0 0 0 0 0 0 0 112 1 0 0 0 0 040619 160739.453
0.0000000000 0.0000000000 0 0 0 0 0 0 0 0 112 1 0 0 0 0 040619 160739.653
0.0000000000 0.0000000000 0 0 0 0 0 0 0 0 112 1 0 0 0 0 040619 160739.853
0.0000000000 0.0000000000 0 0 0 0 0 0 0 0 112 1 0 0 0 0 040619 160740.053
0.0000000000 0.0000000000 0 0 0 0 0 0 0 0 112 1 0 0 0 0 040619 160740.254
0.0000000000 0.0000000000 0 0 0 0 0 0 0 0 112 1 0 0 0 0 040619 160740.454
0.0000000000 0.0000000000 0 0 0 0 0 0 0 0 112 1 0 0 0 0 040619 160740.654
0.0000000000 0.0000000000 0 0 0 0 0 0 0 0 112 1 0 0 0 0 040619 160740.854
0.0000000000 0.0000000000 0 0 0 0 0 0 0 0 112 1 0 0 0 0 040619 160741.055
0.0000000000 0.0000000000 0 0 0 0 0 0 0 0 112 1 0 0 0 0 040619 160741.255
0.0000000000 0.0000000000 0 0 0 0 0 0 0 0 112 1 0 0 0 0 040619 160741.455
0.0000000000 0.0000000000 0 0 0 0 0 0 0 21 112 1 0 0 0 0 040619 160741.655
0.0000000000 0.0000000000 0 0 0 0 0 0 0 21 112 1 0 0 0 0 040619 160741.855
0.0000000000 0.0000000000 0 0 0 0 0 0 208 31 112 1 0 0 0 0 040619 160742.056
0.0000000000 0.0000000000 0 0 0 0 0 0 166 17 112 1 0 0 0 0 040619 160742.256
0.0000000000 0.0000000000 0 0 0 0 0 0 240 27 112 1 0 0 0 0 040619 160742.456
0.0000000000 0.0000000000 0 0 0 0 0 0 96 31 112 1 0 0 0 0 040619 160742.656
0.0000000000 0.0000000000 0 0 0 0 0 0 186 13 112 1 0 0 0 0 040619 160742.856
0.0000000000 0.0000000000 0 0 0 0 0 0 73 26 112 1 0 0 0 0 040619 160743.057
0.0000000000 0.0000000000 0 0 0 0 0 0 73 26 112 1 0 0 0 0 040619 160743.257
0.0000000000 0.0000000000 0 0 0 0 0 0 23 14 112 1 0 0 0 0 040619 160743.457
0.0000000000 0.0000000000 0 0 0 0 0 0 23 14 112 1 0 0 0 0 040619 160743.657
0.0000000000 0.0000000000 0 0 0 0 0 0 75 15 112 1 0 0 0 0 040619 160743.858
0.0000000000 0.0000000000 0 0 0 0 0 0 75 15 112 1 0 0 0 0 040619 160744.058
0.0000000000 0.0000000000 0 0 0 0 0 0 11 7 112 1 0 0 0 0 040619 160744.258
0.0000000000 0.0000000000 0 0 0 0 0 0 11 7 112 1 0 0 0 0 040619 160744.458
0.0000000000 0.0000000000 0 0 0 0 0 0 69 2 112 1 0 0 0 0 040619 160744.658
0.0000000000 0.0000000000 0 0 0 0 0 0 182 2 112 1 0 0 0 0 040619 160744.859
0.0000000000 0.0000000000 0 0 0 0 0 0 182 2 112 1 0 0 0 0 040619 160745.059
0.0000000000 0.0000000000 0 0 0 0 0 0 211 18 112 1 0 0 0 0 040619 160745.259
0.0000000000 0.0000000000 0 0 0 0 0 0 206 12 112 1 0 0 0 0 040619 160745.459
0.0000000000 0.0000000000 0 0 0 0 0 0 206 12 112 1 0 0 0 0 040619 160745.659
0.0000000000 0.0000000000 0 0 0 0 0 0 251 17 112 1 0 0 0 0 040619 160745.860
0.0000000000 0.0000000000 0 0 0 0 0 0 131 15 112 1 0 0 0 0 040619 160746.060
0.0000000000 0.0000000000 0 0 0 0 0 0 131 15 112 1 0 0 0 0 040619 160746.260
0.0000000000 0.0000000000 0 0 0 0 0 0 124 5 112 1 0 0 0 0 040619 160746.460
0.0000000000 0.0000000000 0 0 0 0 0 0 124 5 112 1 0 0 0 0 040619 160746.661
0.0000000000 0.0000000000 0 0 0 0 0 0 223 4 112 1 0 0 0 0 040619 160746.861
0.0000000000 0.0000000000 0 0 0 0 0 0 210 254 112 1 0 0 0 0 040619 160747.061
0.0000000000 0.0000000000 0 0 0 0 0 0 86 13 112 1 0 0 0 0 040619 160747.261
0.0000000000 0.0000000000 0 0 0 0 0 0 34 1 112 1 0 0 0 0 040619 160747.461
0.0000000000 0.0000000000 0 0 0 0 0 0 34 1 112 1 0 0 0 0 040619 160747.662
0.0000000000 0.0000000000 0 0 0 0 0 0 62 17 112 1 0 0 0 0 040619 160747.862
0.0000000000 0.0000000000 0 0 0 0 0 0 62 17 112 1 0 0 0 0 040619 160748.063
0.0000000000 0.0000000000 0 0 0 0 0 0 55 9 112 1 0 0 0 0 040619 160748.264
0.0000000000 0.0000000000 0 0 0 0 0 0 55 9 112 1 0 0 0 0 040619 160748.465
0.0000000000 0.0000000000 0 0 0 0 0 0 137 11 112 1 0 0 0 0 040619 160748.665
0.0000000000 0.0000000000 0 0 0 0 0 0 0 0 127 0 0 0 0 0 040619 160748.865
0.0000000000 0.0000000000 0 0 0 0 0 0 0 0 127 0 0 0 0 0 040619 160749.065
0.0000000000 0.0000000000 0 0 0 0 0 0 123 2 112 1 0 0 0 0 040619 160749.266
0.0000000000 0.0000000000 0 0 0 0 0 0 151 4 112 1 0 0 0 0 040619 160749.466
0.0000000000 0.0000000000 0 0 0 0 0 0 151 4 112 1 0 0 0 0 040619 160749.666
0.0000000000 0.0000000000 0 0 0 0 0 0 0 0 127 0 0 0 0 0 040619 160749.867
0.0000000000 0.0000000000 0 0 0 0 0 0 0 0 127 0 0 0 0 0 040619 160750.067
0.0000000000 0.0000000000 0 0 0 0 0 0 0 0 127 0 0 0 0 0 040619 160750.267
0.0000000000 0.0000000000 0 0 0 0 0 0 0 0 127 0 0 0 0 0 040619 160750.468
0.0000000000 0.0000000000 0 0 0 0 0 0 0 0 127 0 0 0 0 0 040619 160750.668
0.0000000000 0.0000000000 0 0 0 0 0 0 0 0 127 0 0 0 0 0 040619 160750.870
0.0000000000 0.0000000000 0 0 0 0 0 0 0 0 127 0 0 0 0 0 040619 160751.071
0.0000000000 0.0000000000 0 0 0 0 0 0 0 0 127 0 0 0 0 0 040619 160751.274
0.0000000000 0.0000000000 0 0 0 0 0 0 0 0 127 0 0 0 0 0 040619 160751.476
0.0000000000 0.0000000000 0 0 0 0 0 0 0 0 127 0 0 0 0 0 040619 160751.676
0.0000000000 0.0000000000 0 0 0 0 0 0 0 0 127 0 0 0 0 0 040619 160751.877
0.0000000000 0.0000000000 0 0 0 0 0 0 0 0 127 0 0 0 0 0 040619 160752.077
0.0000000000 0.0000000000 0 0 0 0 0 0 0 0 127 0 0 0 0 0 040619 160752.277
0.0000000000 0.0000000000 0 0 0 0 0 0 0 0 127 0 0 0 0 0 040619 160752.477
0.0000000000 0.0000000000 0 0 0 0 0 0 0 0 127 0 0 0 0 0 040619 160752.678
0.0000000000 0.0000000000 0 0 0 0 0 0 0 0 127 0 0 0 0 0 040619 160752.878
0.0000000000 0.0000000000 0 0 0 0 0 0 0 0 127 0 0 0 0 0 040619 160753.078
0.0000000000 0.0000000000 0 0 0 0 0 0 0 0 127 0 0 0 0 0 040619 160753.278
0.0000000000 0.0000000000 0 0 0 0 0 0 0 0 127 0 0 0 0 0 040619 160753.478
0.0000000000 0.0000000000 0 0 0 0 0 0 0 0 127 0 0 0 0 0 040619 160753.679
0.0000000000 0.0000000000 0 0 0 0 0 0 0 0 127 0 0 0 0 0 040619 160753.879
0.0000000000 0.0000000000 0 0 0 0 0 0 0 0 127 0 0 0 0 0 040619 160754.079
0.0000000000 0.0000000000 0 0 0 0 0 0 0 0 127 0 0 0 0 0 040619 160754.279
0.0000000000 0.0000000000 0 0 0 0 0 0 0 0 127 0 0 0 0 0 040619 160754.480
0.0000000000 0.0000000000 0 0 0 0 0 0 0 0 127 0 0 0 0 0 040619 160754.680
0.0000000000 0.0000000000 0 0 0 0 0 0 222 11 112 1 0 0 0 0 040619 160754.880
0.0000000000 0.0000000000 0 0 0 0 0 0 0 0 127 0 0 0 0 0 040619 160755.080
0.0000000000 0.0000000000 0 0 0 0 0 0 0 0 127 0 0 0 0 0 040619 160755.280
0.0000000000 0.0000000000 0 0 0 0 0 0 0 0 127 0 0 0 0 0 040619 160755.481
0.0000000000 0.0000000000 0 0 0 0 0 0 0 0 127 0 0 0 0 0 040619 160755.681
0.0000000000 0.0000000000 0 0 0 0 0 0 27 8 112 1 0 0 0 0 040619 160755.881
0.0000000000 0.0000000000 0 0 0 0 0 0 27 8 112 1 0 0 0 0 040619 160756.081
0.0000000000 0.0000000000 0 0 0 0 0 0 27 8 112 1 0 0 0 0 040619 160756.282
0.0000000000 0.0000000000 0 0 0 0 0 0 27 8 112 1 0 0 0 0 040619 160756.482
0.0000000000 0.0000000000 0 0 0 0 0 0 27 8 112 1 0 0 0 0 040619 160756.682
0.0000000000 0.0000000000 0 0 0 0 0 0 27 8 112 1 0 0 0 0 040619 160756.882
0.0000000000 0.0000000000 0 0 0 0 0 0 27 8 112 1 0 0 0 0 040619 160757.083
0.0000000000 0.0000000000 0 0 0 0 0 0 27 8 112 1 0 0 0 0 040619 160757.283
0.0000000000 0.0000000000 0 0 0 0 0 0 27 8 112 1 0 0 0 0 040619 160757.483
0.0000000000 0.0000000000 0 0 0 0 0 0 27 8 112 1 0 0 0 0 040619 160757.683
0.0000000000 0.0000000000 0 0 0 0 0 0 27 8 112 1 0 0 0 0 040619 160757.883
0.0000000000 0.0000000000 0 0 0 0 0 0 27 8 112 1 0 0 0 0 040619 160758.084
0.0000000000 0.0000000000 0 0 0 0 0 0 27 8 112 1 0 0 0 0 040619 160758.284
0.0000000000 0.0000000000 0 0 0 0 0 0 27 8 112 1 0 0 0 0 040619 160758.484
0.0000000000 0.0000000000 0 0 0 0 0 0 27 8 112 1 0 0 0 0 040619 160758.684
0.0000000000 0.0000000000 0 0 0 0 0 0 27 8 112 1 0 0 0 0 040619 160758.885
0.0000000000 0.0000000000 0 0 0 0 0 0 27 8 112 1 0 0 0 0 040619 160759.085
0.0000000000 0.0000000000 0 0 0 0 0 0 121 246 112 1 0 0 0 0 040619 160759.285
0.0000000000 0.0000000000 0 0 0 0 0 0 224 2 112 1 0 0 0 0 040619 160759.485
0.0000000000 0.0000000000 0 0 0 0 0 0 28 1 112 1 0 0 0 0 040619 160759.685
0.0000000000 0.0000000000 0 0 0 0 0 0 28 1 112 1 0 0 0 0 040619 160759.886
0.0000000000 0.0000000000 0 0 0 0 0 0 143 9 112 1 0 0 0 0 040619 160800.086
0.0000000000 0.0000000000 0 0 0 0 0 0 233 254 112 1 0 0 0 0 040619 160800.286
0.0000000000 0.0000000000 0 0 0 0 0 0 150 8 112 1 0 0 0 0 040619 160800.486
0.0000000000 0.0000000000 0 0 0 0 0 0 30 7 112 1 0 0 0 0 040619 160800.687
0.0000000000 0.0000000000 0 0 0 0 0 0 0 0 127 0 0 0 0 0 040619 160800.887
0.0000000000 0.0000000000 0 0 0 0 0 0 0 0 127 0 0 0 0 0 040619 160801.087
0.0000000000 0.0000000000 0 0 0 0 0 0 0 0 127 0 0 0 0 0 040619 160801.287
0.0000000000 0.0000000000 0 0 0 0 0 0 0 0 127 0 0 0 0 0 040619 160801.487
0.0000000000 0.0000000000 0 0 0 0 0 0 0 0 127 0 0 0 0 0 040619 160801.688
0.0000000000 0.0000000000 0 0 0 0 0 0 0 0 127 0 0 0 0 0 040619 160801.888
0.0000000000 0.0000000000 0 0 0 0 0 0 0 0 127 0 0 0 0 0 040619 160802.090
0.0000000000 0.0000000000 0 0 0 0 0 0 0 0 127 0 0 0 0 0 040619 160802.291
0.0000000000 0.0000000000 0 0 0 0 0 0 0 0 127 0 0 0 0 0 040619 160802.491
0.0000000000 0.0000000000 0 0 0 0 0 0 0 0 127 0 0 0 0 0 040619 160802.691
0.0000000000 0.0000000000 0 0 0 0 0 0 0 0 127 0 0 0 0 0 040619 160802.892
0.0000000000 0.0000000000 0 0 0 0 0 0 0 0 127 0 0 0 0 0 040619 160803.092
0.0000000000 0.0000000000 0 0 0 0 0 0 0 0 127 0 0 0 0 0 040619 160803.293
0.0000000000 0.0000000000 0 0 0 0 0 0 0 0 127 0 0 0 0 0 040619 160803.493
0.0000000000 0.0000000000 0 0 0 0 0 0 0 0 127 0 0 0 0 0 040619 160803.694
0.0000000000 0.0000000000 0 0 0 0 0 0 0 0 127 0 0 0 0 0 040619 160803.894
0.0000000000 0.0000000000 0 0 0 0 0 0 0 0 127 0 0 0 0 0 040619 160804.094
0.0000000000 0.0000000000 0 0 0 0 0 0 0 0 127 0 0 0 0 0 040619 160804.294
0.0000000000 0.0000000000 0 0 0 0 0 0 0 0 127 0 0 0 0 0 040619 160804.495
0.0000000000 0.0000000000 0 0 0 0 0 0 0 0 127 0 0 0 0 0 040619 160804.695
0.0000000000 0.0000000000 0 0 0 0 0 0 0 0 127 0 0 0 0 0 040619 160804.896
0.0000000000 0.0000000000 0 0 0 0 0 0 0 0 127 0 0 0 0 0 040619 160805.097
0.0000000000 0.0000000000 0 0 0 0 0 0 0 0 127 0 0 0 0 0 040619 160805.297
0.0000000000 0.0000000000 0 0 0 0 0 0 0 0 127 0 0 0 0 0 040619 160805.497
0.0000000000 0.0000000000 0 0 0 0 0 0 0 0 127 0 0 0 0 0 040619 160805.698
0.0000000000 0.0000000000 0 0 0 0 0 0 0 0 127 0 0 0 0 0 040619 160805.899
0.0000000000 0.0000000000 0 0 0 0 0 0 0 0 127 0 0 0 0 0 040619 160806.100
0.0000000000 0.0000000000 0 0 0 0 0 0 0 0 127 0 0 0 0 0 040619 160806.300
0.0000000000 0.0000000000 0 0 0 0 0 0 0 0 127 0 0 0 0 0 040619 160806.501
0.0000000000 0.0000000000 0 0 0 0 0 0 0 0 127 0 0 0 0 0 040619 160806.701
0.0000000000 0.0000000000 0 0 0 0 0 0 0 0 127 0 0 0 0 0 040619 160806.901
0.0000000000 0.0000000000 0 0 0 0 0 0 0 0 127 0 0 0 0 0 040619 160807.102
0.0000000000 0.0000000000 0 0 0 0 0 0 0 0 127 0 0 0 0 0 040619 160807.302
0.0000000000 0.0000000000 0 0 0 0 0 0 0 0 127 0 0 0 0 0 040619 160807.502
0.0000000000 0.0000000000 0 0 0 0 0 0 0 0 127 0 0 0 0 0 040619 160807.702
0.0000000000 0.0000000000 0 0 0 0 0 0 0 0 127 0 0 0 0 0 040619 160807.903
0.0000000000 0.0000000000 0 0 0 0 0 0 0 0 127 0 0 0 0 0 040619 160808.103
0.0000000000 0.0000000000 0 0 0 0 0 0 0 0 127 0 0 0 0 0 040619 160808.303
0.0000000000 0.0000000000 0 0 0 0 0 0 0 0 127 0 0 0 0 0 040619 160808.503
0.0000000000 0.0000000000 0 0 0 0 0 0 0 0 127 0 0 0 0 0 040619 160808.704
0.0000000000 0.0000000000 0 0 0 0 0 0 0 0 127 0 0 0 0 0 040619 160808.904
0.0000000000 0.0000000000 0 0 0 0 0 0 0 0 127 0 0 0 0 0 040619 160809.104
0.0000000000 0.0000000000 0 0 0 0 0 0 0 0 127 0 0 0 0 0 040619 160809.304
0.0000000000 0.0000000000 0 0 0 0 0 0 0 0 127 0 0 0 0 0 040619 160809.505
0.0000000000 0.0000000000 0 0 0 0 0 0 0 0 127 0 0 0 0 0 040619 160809.705
0.0000000000 0.0000000000 0 0 0 0 0 0 0 0 127 0 0 0 0 0 040619 160809.905
0.0000000000 0.0000000000 0 0 0 0 0 0 0 0 127 0 0 0 0 0 040619 160810.106
0.0000000000 0.0000000000 0 0 0 0 0 0 0 0 127 0 0 0 0 0 040619 160810.306
0.0000000000 0.0000000000 0 0 0 0 0 0 0 0 127 0 0 0 0 0 040619 160810.506
0.0000000000 0.0000000000 0 0 0 0 0 0 0 0 127 0 0 0 0 0 040619 160810.706
0.0000000000 0.0000000000 0 0 0 0 0 0 0 0 127 0 0 0 0 0 040619 160810.906
0.0000000000 0.0000000000 0 0 0 0 0 0 0 0 127 0 0 0 0 0 040619 160811.107
0.0000000000 0.0000000000 0 0 0 0 0 0 0 0 127 0 0 0 0 0 040619 160811.307
0.0000000000 0.0000000000 0 0 0 0 0 0 0 0 127 0 0 0 0 0 040619 160811.507
0.0000000000 0.0000000000 0 0 0 0 0 0 0 0 127 0 0 0 0 0 040619 160811.707
0.0000000000 0.0000000000 0 0 0 0 0 0 0 0 127 0 0 0 0 0 040619 160811.908
0.0000000000 0.0000000000 0 0 0 0 0 0 0 0 127 0 0 0 0 0 040619 160812.108
0.0000000000 0.0000000000 0 0 0 0 0 0 0 0 127 0 0 0 0 0 040619 160812.308
0.0000000000 0.0000000000 0 0 0 0 0 0 0 0 127 0 0 0 0 0 040619 160812.508
0.0000000000 0.0000000000 0 0 0 0 0 0 0 0 127 0 0 0 0 0 040619 160812.709
0.0000000000 0.0000000000 0 0 0 0 0 0 0 0 127 0 0 0 0 0 040619 160812.909
0.0000000000 0.0000000000 0 0 0 0 0 0 0 0 127 0 0 0 0 0 040619 160813.109
0.0000000000 0.0000000000 0 0 0 0 0 0 0 0 127 0 0 0 0 0 040619 160813.309
0.0000000000 0.0000000000 0 0 0 0 0 0 0 0 127 0 0 0 0 0 040619 160813.510
0.0000000000 0.0000000000 0 0 0 0 0 0 0 0 127 0 0 0 0 0 040619 160813.710
0.0000000000 0.0000000000 0 0 0 0 0 0 0 0 127 0 0 0 0 0 040619 160813.910
0.0000000000 0.0000000000 0 0 0 0 0 0 0 0 127 0 0 0 0 0 040619 160814.110
0.0000000000 0.0000000000 0 0 0 0 0 0 0 0 127 0 0 0 0 0 040619 160814.311
0.0000000000 0.0000000000 0 0 0 0 0 0 0 0 127 0 0 0 0 0 040619 160814.511
0.0000000000 0.0000000000 0 0 0 0 0 0 0 0 127 0 0 0 0 0 040619 160814.711
0.0000000000 0.0000000000 0 0 0 0 0 0 0 0 127 0 0 0 0 0 040619 160814.911
0.0000000000 0.0000000000 0 0 0 0 0 0 0 0 127 0 0 0 0 0 040619 160815.112
0.0000000000 0.0000000000 0 0 0 0 0 0 0 0 127 0 0 0 0 0 040619 160815.312
0.0000000000 0.0000000000 0 0 0 0 0 0 0 0 127 0 0 0 0 0 040619 160815.512
0.0000000000 0.0000000000 0 0 0 0 0 0 0 0 127 0 0 0 0 0 040619 160815.712
0.0000000000 0.0000000000 0 0 0 0 0 0 0 0 127 0 0 0 0 0 040619 160815.913
0.0000000000 0.0000000000 0 0 0 0 0 0 0 0 127 0 0 0 0 0 040619 160816.113
0.0000000000 0.0000000000 0 0 0 0 0 0 0 0 127 0 0 0 0 0 040619 160816.313
0.0000000000 0.0000000000 0 0 0 0 0 0 0 0 127 0 0 0 0 0 040619 160816.513
0.0000000000 0.0000000000 0 0 0 0 0 0 0 0 127 0 0 0 0 0 040619 160816.714
0.0000000000 0.0000000000 0 0 0 0 0 0 0 0 127 0 0 0 0 0 040619 160816.914
0.0000000000 0.0000000000 0 0 0 0 0 0 0 0 127 0 0 0 0 0 040619 160817.114
0.0000000000 0.0000000000 0 0 0 0 0 0 0 0 127 0 0 0 0 0 040619 160817.314
0.0000000000 0.0000000000 0 0 0 0 0 0 0 0 127 0 0 0 0 0 040619 160817.515
0.0000000000 0.0000000000 0 0 0 0 0 0 0 0 127 0 0 0 0 0 040619 160817.715
0.0000000000 0.0000000000 0 0 0 0 0 0 0 0 127 0 0 0 0 0 040619 160817.915
0.0000000000 0.0000000000 0 0 0 0 0 0 0 0 127 0 0 0 0 0 040619 160818.115
0.0000000000 0.0000000000 0 0 0 0 0 0 0 0 127 0 0 0 0 0 040619 160818.316
0.0000000000 0.0000000000 0 0 0 0 0 0 0 0 127 0 0 0 0 0 040619 160818.516
0.0000000000 0.0000000000 0 0 0 0 0 0 0 0 127 0 0 0 0 0 040619 160818.717
0.0000000000 0.0000000000 0 0 0 0 0 0 0 0 127 0 0 0 0 0 040619 160818.917
0.0000000000 0.0000000000 0 0 0 0 0 0 0 0 127 0 0 0 0 0 040619 160819.118
0.0000000000 0.0000000000 0 0 0 0 0 0 0 0 127 0 0 0 0 0 040619 160819.321
0.0000000000 0.0000000000 0 0 0 0 0 0 0 0 127 0 0 0 0 0 040619 160819.521
0.0000000000 0.0000000000 0 0 0 0 0 0 0 0 127 0 0 0 0 0 040619 160819.722
0.0000000000 0.0000000000 0 0 0 0 0 0 0 0 127 0 0 0 0 0 040619 160819.922
0.0000000000 0.0000000000 0 0 0 0 0 0 0 0 127 0 0 0 0 0 040619 160820.122
0.0000000000 0.0000000000 0 0 0 0 0 0 0 0 127 0 0 0 0 0 040619 160820.323
0.0000000000 0.0000000000 0 0 0 0 0 0 0 0 127 0 0 0 0 0 040619 160820.523
0.0000000000 0.0000000000 0 0 0 0 0 0 0 0 127 0 0 0 0 0 040619 160820.723
0.0000000000 0.0000000000 0 0 0 0 0 0 0 0 127 0 0 0 0 0 040619 160820.923
0.0000000000 0.0000000000 0 0 0 0 0 0 0 0 127 0 0 0 0 0 040619 160821.124
0.0000000000 0.0000000000 0 0 0 0 0 0 0 0 127 0 0 0 0 0 040619 160821.324
0.0000000000 0.0000000000 0 0 0 0 0 0 0 0 127 0 0 0 0 0 040619 160821.524
0.0000000000 0.0000000000 0 0 0 0 0 0 0 0 127 0 0 0 0 0 040619 160821.724
0.0000000000 0.0000000000 0 0 0 0 0 0 0 0 127 0 0 0 0 0 040619 160821.925
0.0000000000 0.0000000000 0 0 0 0 0 0 0 0 127 0 0 0 0 0 040619 160822.125
0.0000000000 0.0000000000 0 0 0 0 0 0 0 0 127 0 0 0 0 0 040619 160822.325
0.0000000000 0.0000000000 0 0 0 0 0 0 0 0 127 0 0 0 0 0 040619 160822.525
0.0000000000 0.0000000000 0 0 0 0 0 0 0 0 127 0 0 0 0 0 040619 160822.726
0.0000000000 0.0000000000 0 0 0 0 0 0 0 0 127 0 0 0 0 0 040619 160822.926
0.0000000000 0.0000000000 0 0 0 0 0 0 0 0 127 0 0 0 0 0 040619 160823.126
0.0000000000 0.0000000000 0 0 0 0 0 0 0 0 127 0 0 0 0 0 040619 160823.327
0.0000000000 0.0000000000 0 0 0 0 0 0 0 0 127 0 0 0 0 0 040619 160823.534
0.0000000000 0.0000000000 0 0 0 0 0 0 0 0 127 0 0 0 0 0 040619 160823.735
0.0000000000 0.0000000000 0 0 0 0 0 0 0 0 127 0 0 0 0 0 040619 160823.935
0.0000000000 0.0000000000 0 0 0 0 0 0 0 0 127 0 0 0 0 0 040619 160824.135
0.0000000000 0.0000000000 0 0 0 0 0 0 0 0 127 0 0 0 0 0 040619 160824.336
0.0000000000 0.0000000000 0 0 0 0 0 0 0 0 127 0 0 0 0 0 040619 160824.536
0.0000000000 0.0000000000 0 0 0 0 0 0 0 0 127 0 0 0 0 0 040619 160824.736
0.0000000000 0.0000000000 0 0 0 0 0 0 0 0 127 0 0 0 0 0 040619 160824.936
0.0000000000 0.0000000000 0 0 0 0 0 0 0 0 127 0 0 0 0 0 040619 160825.137
0.0000000000 0.0000000000 0 0 0 0 0 0 0 0 127 0 0 0 0 0 040619 160825.337
0.0000000000 0.0000000000 0 0 0 0 0 0 0 0 127 0 0 0 0 0 040619 160825.538
0.0000000000 0.0000000000 0 0 0 0 0 0 0 0 127 0 0 0 0 0 040619 160825.746
0.0000000000 0.0000000000 0 0 0 0 0 0 0 0 127 0 0 0 0 0 040619 160825.947
0.0000000000 0.0000000000 0 0 0 0 0 0 0 0 127 0 0 0 0 0 040619 160826.147
0.0000000000 0.0000000000 0 0 0 0 0 0 0 0 127 0 0 0 0 0 040619 160826.348
0.0000000000 0.0000000000 0 0 0 0 0 0 0 0 127 0 0 0 0 0 040619 160826.548
0.0000000000 0.0000000000 0 0 0 0 0 0 0 0 127 0 0 0 0 0 040619 160826.748
0.0000000000 0.0000000000 0 0 0 0 0 0 0 0 127 0 0 0 0 0 040619 160826.948
0.0000000000 0.0000000000 0 0 0 0 0 0 0 0 127 0 0 0 0 0 040619 160827.149
0.0000000000 0.0000000000 0 0 0 0 0 0 0 0 127 0 0 0 0 0 040619 160827.354
0.0000000000 0.0000000000 0 0 0 0 0 0 0 0 127 0 0 0 0 0 040619 160827.555
0.0000000000 0.0000000000 0 0 0 0 0 0 0 0 127 0 0 0 0 0 040619 160827.755
0.0000000000 0.0000000000 0 0 0 0 0 0 0 0 127 0 0 0 0 0 040619 160827.955
0.0000000000 0.0000000000 0 0 0 0 0 0 0 0 127 0 0 0 0 0 040619 160828.155
0.0000000000 0.0000000000 0 0 0 0 0 0 0 0 127 0 0 0 0 0 040619 160828.356
0.0000000000 0.0000000000 0 0 0 0 0 0 0 0 127 0 0 0 0 0 040619 160828.556
0.0000000000 0.0000000000 0 0 0 0 0 0 0 0 127 0 0 0 0 0 040619 160828.756
0.0000000000 0.0000000000 0 0 0 0 0 0 0 0 127 0 0 0 0 0 040619 160828.956
0.0000000000 0.0000000000 0 0 0 0 0 0 0 0 127 0 0 0 0 0 040619 160829.157
0.0000000000 0.0000000000 0 0 0 0 0 0 0 0 127 0 0 0 0 0 040619 160829.357
0.0000000000 0.0000000000 0 0 0 0 0 0 0 0 127 0 0 0 0 0 040619 160829.557
0.0000000000 0.0000000000 0 0 0 0 0 0 0 0 127 0 0 0 0 0 040619 160829.757
0.0000000000 0.0000000000 0 0 0 0 0 0 0 0 127 0 0 0 0 0 040619 160829.958
0.0000000000 0.0000000000 0 0 0 0 0 0 223 8 112 1 0 0 0 0 040619 160830.158
0.0000000000 0.0000000000 0 0 0 0 0 0 0 0 127 0 0 0 0 0 040619 160830.358
0.0000000000 0.0000000000 0 0 0 0 0 0 66 8 112 1 0 0 0 0 040619 160830.558
0.0000000000 0.0000000000 0 0 0 0 0 0 163 3 112 1 0 0 0 0 040619 160830.759
0.0000000000 0.0000000000 0 0 0 0 0 0 228 8 112 1 0 0 0 0 040619 160830.959
0.0000000000 0.0000000000 0 0 0 0 0 0 243 1 112 1 0 0 0 0 040619 160831.159
0.0000000000 0.0000000000 0 0 0 0 0 0 18 5 112 1 0 0 0 0 040619 160831.359
0.0000000000 0.0000000000 0 0 0 0 0 0 230 9 112 1 0 0 0 0 040619 160831.559
0.0000000000 0.0000000000 0 0 0 0 0 0 0 0 127 0 0 0 0 0 040619 160831.760
0.0000000000 0.0000000000 0 0 0 0 0 0 0 0 127 0 0 0 0 0 040619 160831.960
0.0000000000 0.0000000000 0 0 0 0 0 0 92 8 112 1 0 0 0 0 040619 160832.160
0.0000000000 0.0000000000 0 0 0 0 0 0 191 5 112 1 0 0 0 0 040619 160832.360
0.0000000000 0.0000000000 0 0 0 0 0 0 191 5 112 1 0 0 0 0 040619 160832.561
0.0000000000 0.0000000000 0 0 0 0 0 0 248 7 112 1 0 0 0 0 040619 160832.761
0.0000000000 0.0000000000 0 0 0 0 0 0 250 8 112 1 0 0 0 0 040619 160832.961
0.0000000000 0.0000000000 0 0 0 0 0 0 250 8 112 1 0 0 0 0 040619 160833.161
0.0000000000 0.0000000000 0 0 0 0 0 0 117 5 112 1 0 0 0 0 040619 160833.361
0.0000000000 0.0000000000 0 0 0 0 0 0 189 4 112 1 0 0 0 0 040619 160833.562
0.0000000000 0.0000000000 0 0 0 0 0 0 219 3 112 1 0 0 0 0 040619 160833.762
0.0000000000 0.0000000000 0 0 0 0 0 0 250 7 112 1 0 0 0 0 040619 160833.962
0.0000000000 0.0000000000 0 0 0 0 0 0 185 1 112 1 0 0 0 0 040619 160834.163
0.0000000000 0.0000000000 0 0 0 0 0 0 120 4 112 1 0 0 0 0 040619 160834.364
0.0000000000 0.0000000000 0 0 0 0 0 0 6 254 112 1 0 0 0 0 040619 160834.565
0.0000000000 0.0000000000 0 0 0 0 0 0 6 254 112 1 0 0 0 0 040619 160834.765
0.0000000000 0.0000000000 0 0 0 0 0 0 79 7 112 1 0 0 0 0 040619 160834.965
0.0000000000 0.0000000000 0 0 0 0 0 0 80 2 112 1 0 0 0 0 040619 160835.165
0.0000000000 0.0000000000 0 0 0 0 0 0 241 244 112 1 0 0 0 0 040619 160835.366
0.0000000000 0.0000000000 0 0 0 0 0 0 221 7 112 1 0 0 0 0 040619 160835.566
0.0000000000 0.0000000000 0 0 0 0 0 0 24 1 112 1 0 0 0 0 040619 160835.766
0.0000000000 0.0000000000 0 0 0 0 0 0 0 0 127 0 0 0 0 0 040619 160835.967
0.0000000000 0.0000000000 0 0 0 0 0 0 42 5 112 1 0 0 0 0 040619 160836.168
0.0000000000 0.0000000000 0 0 0 0 0 0 243 3 112 1 0 0 0 0 040619 160836.374
0.0000000000 0.0000000000 0 0 0 0 0 0 105 2 112 1 0 0 0 0 040619 160836.575
0.0000000000 0.0000000000 0 0 0 0 0 0 27 0 112 1 0 0 0 0 040619 160836.775
0.0000000000 0.0000000000 0 0 0 0 0 0 0 0 127 0 0 0 0 0 040619 160836.975
0.0000000000 0.0000000000 0 0 0 0 0 0 0 0 127 0 0 0 0 0 040619 160837.176
0.0000000000 0.0000000000 0 0 0 0 0 0 0 0 127 0 0 0 0 0 040619 160837.376
0.0000000000 0.0000000000 0 0 0 0 0 0 0 0 127 0 0 0 0 0 040619 160837.576
0.0000000000 0.0000000000 0 0 0 0 0 0 0 0 127 0 0 0 0 0 040619 160837.776
0.0000000000 0.0000000000 0 0 0 0 0 0 0 0 127 0 0 0 0 0 040619 160837.976
0.0000000000 0.0000000000 0 0 0 0 0 0 0 0 127 0 0 0 0 0 040619 160838.177
0.0000000000 0.0000000000 0 0 0 0 0 0 0 0 127 0 0 0 0 0 040619 160838.377
0.0000000000 0.0000000000 0 0 0 0 0 0 0 0 127 0 0 0 0 0 040619 160838.577
0.0000000000 0.0000000000 0 0 0 0 0 0 0 0 127 0 0 0 0 0 040619 160838.777
0.0000000000 0.0000000000 0 0 0 0 0 0 0 0 127 0 0 0 0 0 040619 160838.978
0.0000000000 0.0000000000 0 0 0 0 0 0 0 0 127 0 0 0 0 0 040619 160839.178
0.0000000000 0.0000000000 0 0 0 0 0 0 0 0 127 0 0 0 0 0 040619 160839.379
0.0000000000 0.0000000000 0 0 0 0 0 0 0 0 127 0 0 0 0 0 040619 160839.580
0.0000000000 0.0000000000 0 0 0 0 0 0 0 0 127 0 0 0 0 0 040619 160839.782
0.0000000000 0.0000000000 0 0 0 0 0 0 0 0 127 0 0 0 0 0 040619 160839.983
0.0000000000 0.0000000000 0 0 0 0 0 0 78 8 112 1 0 0 0 0 040619 160840.183
0.0000000000 0.0000000000 0 0 0 0 0 0 78 8 112 1 0 0 0 0 040619 160840.384
0.0000000000 0.0000000000 0 0 0 0 0 0 242 0 112 1 0 0 0 0 040619 160840.584
0.0000000000 0.0000000000 0 0 0 0 0 0 0 0 127 0 0 0 0 0 040619 160840.787
0.0000000000 0.0000000000 0 0 0 0 0 0 20 1 112 1 0 0 0 0 040619 160840.987
0.0000000000 0.0000000000 0 0 0 0 0 0 80 7 112 1 0 0 0 0 040619 160841.187
0.0000000000 0.0000000000 0 0 0 0 0 0 22 3 112 1 0 0 0 0 040619 160841.390
0.0000000000 0.0000000000 0 0 0 0 0 0 0 0 127 0 0 0 0 0 040619 160841.594
0.0000000000 0.0000000000 0 0 0 0 0 0 112 6 112 1 0 0 0 0 040619 160841.796
0.0000000000 0.0000000000 0 0 0 0 0 0 0 0 127 0 0 0 0 0 040619 160841.996
0.0000000000 0.0000000000 0 0 0 0 0 0 0 0 127 0 0 0 0 0 040619 160842.196
0.0000000000 0.0000000000 0 0 0 0 0 0 0 0 127 0 0 0 0 0 040619 160842.397
0.0000000000 0.0000000000 0 0 0 0 0 0 0 0 127 0 0 0 0 0 040619 160842.597
0.0000000000 0.0000000000 0 0 0 0 0 0 205 255 112 1 0 0 0 0 040619 160842.797
0.0000000000 0.0000000000 0 0 0 0 0 0 247 12 112 1 0 0 0 0 040619 160842.998
0.0000000000 0.0000000000 0 0 0 0 0 0 47 254 112 1 0 0 0 0 040619 160843.198
0.0000000000 0.0000000000 0 0 0 0 0 0 175 4 112 1 0 0 0 0 040619 160843.398
0.0000000000 0.0000000000 0 0 0 0 0 0 130 5 112 1 0 0 0 0 040619 160843.598
0.0000000000 0.0000000000 0 0 0 0 0 0 23 8 112 1 0 0 0 0 040619 160843.799
0.0000000000 0.0000000000 0 0 0 0 0 0 228 254 112 1 0 0 0 0 040619 160843.999
0.0000000000 0.0000000000 0 0 0 0 0 0 4 7 112 1 0 0 0 0 040619 160844.199
0.0000000000 0.0000000000 0 0 0 0 0 0 165 254 112 1 0 0 0 0 040619 160844.399
0.0000000000 0.0000000000 0 0 0 0 0 0 84 3 112 1 0 0 0 0 040619 160844.600
0.0000000000 0.0000000000 0 0 0 0 0 0 162 1 112 1 0 0 0 0 040619 160844.800
0.0000000000 0.0000000000 0 0 0 0 0 0 235 255 112 1 0 0 0 0 040619 160845.000
0.0000000000 0.0000000000 0 0 0 0 0 0 121 0 112 1 0 0 0 0 040619 160845.200
0.0000000000 0.0000000000 0 0 0 0 0 0 20 2 112 1 0 0 0 0 040619 160845.400
0.0000000000 0.0000000000 0 0 0 0 0 0 95 249 112 1 0 0 0 0 040619 160845.601
0.0000000000 0.0000000000 0 0 0 0 0 0 108 250 112 1 0 0 0 0 040619 160845.801
0.0000000000 0.0000000000 0 0 0 0 0 0 232 1 112 1 0 0 0 0 040619 160846.001
0.0000000000 0.0000000000 0 0 0 0 0 0 126 3 112 1 0 0 0 0 040619 160846.201
0.0000000000 0.0000000000 0 0 0 0 0 0 0 0 112 1 0 0 0 0 040619 160846.401
0.0000000000 0.0000000000 0 0 0 0 0 0 0 0 112 1 0 0 0 0 040619 160846.602
0.0000000000 0.0000000000 0 0 0 0 0 0 0 0 112 1 0 0 0 0 040619 160846.802
0.0000000000 0.0000000000 0 0 0 0 0 0 0 0 112 1 0 0 0 0 040619 160847.002
0.0000000000 0.0000000000 0 0 0 0 0 0 0 0 112 1 0 0 0 0 040619 160847.203
0.0000000000 0.0000000000 0 0 0 0 0 0 0 0 112 1 0 0 0 0 040619 160847.403
0.0000000000 0.0000000000 0 0 0 0 0 0 0 0 112 1 0 0 0 0 040619 160847.603
0.0000000000 0.0000000000 0 0 0 0 0 0 0 0 112 1 0 0 0 0 040619 160847.803
0.0000000000 0.0000000000 0 0 0 0 0 0 0 0 112 1 0 0 0 0 040619 160848.003
0.0000000000 0.0000000000 0 0 0 0 0 0 0 0 112 1 0 0 0 0 040619 160848.204
0.0000000000 0.0000000000 0 0 0 0 0 0 0 0 112 1 0 0 0 0 040619 160848.404
0.0000000000 0.0000000000 0 0 0 0 0 0 0 0 112 1 0 0 0 0 040619 160848.604
0.0000000000 0.0000000000 0 0 0 0 0 0 0 0 112 1 0 0 0 0 040619 160848.804
0.0000000000 0.0000000000 0 0 0 0 0 0 0 0 112 1 0 0 0 0 040619 160849.004
0.0000000000 0.0000000000 0 0 0 0 0 0 0 0 112 1 0 0 0 0 040619 160849.205
0.0000000000 0.0000000000 0 0 0 0 0 0 0 0 112 1 0 0 0 0 040619 160849.405
0.0000000000 0.0000000000 0 0 0 0 0 0 0 0 112 1 0 0 0 0 040619 160849.605
0.0000000000 0.0000000000 0 0 0 0 0 0 0 0 112 1 0 0 0 0 040619 160849.805
0.0000000000 0.0000000000 0 0 0 0 0 0 0 0 112 1 0 0 0 0 040619 160850.006
0.0000000000 0.0000000000 0 0 0 0 0 0 0 0 112 1 0 0 0 0 040619 160850.206
0.0000000000 0.0000000000 0 0 0 0 0 0 0 0 112 1 0 0 0 0 040619 160850.407
0.0000000000 0.0000000000 0 0 0 0 0 0 0 0 112 1 0 0 0 0 040619 160850.608
0.0000000000 0.0000000000 0 0 0 0 0 0 0 0 112 1 0 0 0 0 040619 160850.808
0.0000000000 0.0000000000 0 0 0 0 0 0 0 0 112 1 0 0 0 0 040619 160851.008
0.0000000000 0.0000000000 0 0 0 0 0 0 0 0 112 1 0 0 0 0 040619 160851.208
0.0000000000 0.0000000000 0 0 0 0 0 0 0 0 112 1 0 0 0 0 040619 160851.409
0.0000000000 0.0000000000 0 0 0 0 0 0 0 0 112 1 0 0 0 0 040619 160851.609
0.0000000000 0.0000000000 0 0 0 0 0 0 0 0 112 1 0 0 0 0 040619 160851.809
0.0000000000 0.0000000000 0 0 0 0 0 0 0 0 112 1 0 0 0 0 040619 160852.009
0.0000000000 0.0000000000 0 0 0 0 0 0 0 0 112 1 0 0 0 0 040619 160852.209
0.0000000000 0.0000000000 0 0 0 0 0 0 0 0 112 1 0 0 0 0 040619 160852.410
0.0000000000 0.0000000000 0 0 0 0 0 0 0 0 127 0 0 0 0 0 040619 160852.610
0.0000000000 0.0000000000 0 0 0 0 0 0 0 0 112 1 0 0 0 0 040619 160852.810
0.0000000000 0.0000000000 0 0 0 0 0 0 0 0 112 1 0 0 0 0 040619 160853.010
0.0000000000 0.0000000000 0 0 0 0 0 0 0 0 112 1 0 0 0 0 040619 160853.211
0.0000000000 0.0000000000 0 0 0 0 0 0 0 0 112 1 0 0 0 0 040619 160853.411
0.0000000000 0.0000000000 0 0 0 0 0 0 0 0 112 1 0 0 0 0 040619 160853.611
0.0000000000 0.0000000000 0 0 0 0 0 0 0 0 112 1 0 0 0 0 040619 160853.811
0.0000000000 0.0000000000 0 0 0 0 0 0 0 0 112 1 0 0 0 0 040619 160854.012
0.0000000000 0.0000000000 0 0 0 0 0 0 0 0 112 1 0 0 0 0 040619 160854.212
0.0000000000 0.0000000000 0 0 0 0 0 0 0 0 112 1 0 0 0 0 040619 160854.412
0.0000000000 0.0000000000 0 0 0 0 0 0 0 0 112 1 0 0 0 0 040619 160854.612
0.0000000000 0.0000000000 0 0 0 0 0 0 0 0 112 1 0 0 0 0 040619 160854.813
0.0000000000 0.0000000000 0 0 0 0 0 0 0 0 112 1 0 0 0 0 040619 160855.013
0.0000000000 0.0000000000 0 0 0 0 0 0 0 0 112 1 0 0 0 0 040619 160855.220
0.0000000000 0.0000000000 0 0 0 0 0 0 0 0 112 1 0 0 0 0 040619 160855.421
0.0000000000 0.0000000000 0 0 0 0 0 0 0 0 112 1 0 0 0 0 040619 160855.621
0.0000000000 0.0000000000 0 0 0 0 0 0 0 0 112 1 0 0 0 0 040619 160855.824
0.0000000000 0.0000000000 0 0 0 0 0 0 0 0 112 1 0 0 0 0 040619 160856.024
0.0000000000 0.0000000000 0 0 0 0 0 0 0 0 112 1 0 0 0 0 040619 160856.224
0.0000000000 0.0000000000 0 0 0 0 0 0 0 0 112 1 0 0 0 0 040619 160856.424
0.0000000000 0.0000000000 0 0 0 0 0 0 0 0 112 1 0 0 0 0 040619 160856.625
0.0000000000 0.0000000000 0 0 0 0 0 0 0 0 112 1 0 0 0 0 040619 160856.825
0.0000000000 0.0000000000 0 0 0 0 0 0 237 242 112 1 0 0 0 0 040619 160857.025
0.0000000000 0.0000000000 0 0 0 0 0 0 237 242 112 1 0 0 0 0 040619 160857.225
0.0000000000 0.0000000000 0 0 0 0 0 0 91 240 112 1 0 0 0 0 040619 160857.425
0.0000000000 0.0000000000 0 0 0 0 0 0 117 249 112 1 0 0 0 0 040619 160857.626
0.0000000000 0.0000000000 0 0 0 0 0 0 194 240 112 1 0 0 0 0 040619 160857.826
0.0000000000 0.0000000000 0 0 0 0 0 0 130 247 112 1 0 0 0 0 040619 160858.026
0.0000000000 0.0000000000 0 0 0 0 0 0 130 247 112 1 0 0 0 0 040619 160858.227
0.0000000000 0.0000000000 0 0 0 0 0 0 226 250 112 1 0 0 0 0 040619 160858.427
0.0000000000 0.0000000000 0 0 0 0 0 0 149 246 112 1 0 0 0 0 040619 160858.627
0.0000000000 0.0000000000 0 0 0 0 0 0 224 1 112 1 0 0 0 0 040619 160858.828
0.0000000000 0.0000000000 0 0 0 0 0 0 38 247 112 1 0 0 0 0 040619 160859.028
0.0000000000 0.0000000000 0 0 0 0 0 0 238 1 112 1 0 0 0 0 040619 160859.228
0.0000000000 0.0000000000 0 0 0 0 0 0 11 1 112 1 0 0 0 0 040619 160859.428
0.0000000000 0.0000000000 0 0 0 0 0 0 29 248 112 1 0 0 0 0 040619 160859.629
0.0000000000 0.0000000000 0 0 0 0 0 0 54 252 112 1 0 0 0 0 040619 160859.829
0.0000000000 0.0000000000 0 0 0 0 0 0 50 250 112 1 0 0 0 0 040619 160900.029
0.0000000000 0.0000000000 0 0 0 0 0 0 40 251 112 1 0 0 0 0 040619 160900.230
0.0000000000 0.0000000000 0 0 0 0 0 0 26 246 112 1 0 0 0 0 040619 160900.430
0.0000000000 0.0000000000 0 0 0 0 0 0 26 246 112 1 0 0 0 0 040619 160900.630
0.0000000000 0.0000000000 0 0 0 0 0 0 8 251 112 1 0 0 0 0 040619 160900.830
0.0000000000 0.0000000000 0 0 0 0 0 0 95 248 112 1 0 0 0 0 040619 160901.030
0.0000000000 0.0000000000 0 0 0 0 0 0 255 245 112 1 0 0 0 0 040619 160901.231
0.0000000000 0.0000000000 0 0 0 0 0 0 255 245 112 1 0 0 0 0 040619 160901.431
0.0000000000 0.0000000000 0 0 0 0 0 0 109 246 112 1 0 0 0 0 040619 160901.631
0.0000000000 0.0000000000 0 0 0 0 0 0 15 252 112 1 0 0 0 0 040619 160901.831
0.0000000000 0.0000000000 0 0 0 0 0 0 70 249 112 1 0 0 0 0 040619 160902.031
0.0000000000 0.0000000000 0 0 0 0 0 0 17 2 112 1 0 0 0 0 040619 160902.232
0.0000000000 0.0000000000 0 0 0 0 0 0 69 248 112 1 0 0 0 0 040619 160902.432
0.0000000000 0.0000000000 0 0 0 0 0 0 126 244 112 1 0 0 0 0 040619 160902.632
0.0000000000 0.0000000000 0 0 0 0 0 0 190 251 112 1 0 0 0 0 040619 160902.832
0.0000000000 0.0000000000 0 0 0 0 0 0 248 249 112 1 0 0 0 0 040619 160903.033
0.0000000000 0.0000000000 0 0 0 0 0 0 152 249 112 1 0 0 0 0 040619 160903.233
0.0000000000 0.0000000000 0 0 0 0 0 0 72 249 112 1 0 0 0 0 040619 160903.433
0.0000000000 0.0000000000 0 0 0 0 0 0 148 253 112 1 0 0 0 0 040619 160903.633
0.0000000000 0.0000000000 0 0 0 0 0 0 194 239 112 1 0 0 0 0 040619 160903.833
0.0000000000 0.0000000000 0 0 0 0 0 0 228 236 112 1 0 0 0 0 040619 160904.034
0.0000000000 0.0000000000 0 0 0 0 0 0 206 243 112 1 0 0 0 0 040619 160904.234
0.0000000000 0.0000000000 0 0 0 0 0 0 206 243 112 1 0 0 0 0 040619 160904.434
0.0000000000 0.0000000000 0 0 0 0 0 0 242 239 112 1 0 0 0 0 040619 160904.634
0.0000000000 0.0000000000 0 0 0 0 0 0 44 237 112 1 0 0 0 0 040619 160904.834
0.0000000000 0.0000000000 0 0 0 0 0 0 15 245 112 1 0 0 0 0 040619 160905.035
0.0000000000 0.0000000000 0 0 0 0 0 0 60 225 112 1 0 0 0 0 040619 160905.235
0.0000000000 0.0000000000 0 0 0 0 0 0 78 245 112 1 0 0 0 0 040619 160905.435
0.0000000000 0.0000000000 0 0 0 0 0 0 104 235 112 1 0 0 0 0 040619 160905.635
0.0000000000 0.0000000000 0 0 0 0 0 0 126 237 112 1 0 0 0 0 040619 160905.836
0.0000000000 0.0000000000 0 0 0 0 0 0 140 238 112 1 0 0 0 0 040619 160906.036
0.0000000000 0.0000000000 0 0 0 0 0 0 93 237 112 1 0 0 0 0 040619 160906.236
0.0000000000 0.0000000000 0 0 0 0 0 0 209 234 112 1 0 0 0 0 040619 160906.436
0.0000000000 0.0000000000 0 0 0 0 0 0 124 227 112 1 0 0 0 0 040619 160906.636
0.0000000000 0.0000000000 0 0 0 0 0 0 202 234 112 1 0 0 0 0 040619 160906.838
0.0000000000 0.0000000000 0 0 0 0 0 0 152 230 112 1 0 0 0 0 040619 160907.038
0.0000000000 0.0000000000 0 0 0 0 0 0 67 245 112 1 0 0 0 0 040619 160907.238
0.0000000000 0.0000000000 0 0 0 0 0 0 184 236 112 1 0 0 0 0 040619 160907.438
0.0000000000 0.0000000000 0 0 0 0 0 0 137 225 112 1 0 0 0 0 040619 160907.638
0.0000000000 0.0000000000 0 0 0 0 0 0 214 230 112 1 0 0 0 0 040619 160907.839
0.0000000000 0.0000000000 0 0 0 0 0 0 212 224 112 1 0 0 0 0 040619 160908.039
0.0000000000 0.0000000000 0 0 0 0 0 0 194 221 112 1 0 0 0 0 040619 160908.239
0.0000000000 0.0000000000 0 0 0 0 0 0 96 233 112 1 0 0 0 0 040619 160908.439
0.0000000000 0.0000000000 0 0 0 0 0 0 159 231 112 1 0 0 0 0 040619 160908.640
0.0000000000 0.0000000000 0 0 0 0 0 0 122 228 112 1 0 0 0 0 040619 160908.840
0.0000000000 0.0000000000 0 0 0 0 0 0 28 245 112 1 0 0 0 0 040619 160909.040
0.0000000000 0.0000000000 0 0 0 0 0 0 6 220 112 1 0 0 0 0 040619 160909.240
0.0000000000 0.0000000000 0 0 0 0 0 0 150 229 112 1 0 0 0 0 040619 160909.441
0.0000000000 0.0000000000 0 0 0 0 0 0 170 221 112 1 0 0 0 0 040619 160909.641
0.0000000000 0.0000000000 0 0 0 0 0 0 165 224 112 1 0 0 0 0 040619 160909.841
0.0000000000 0.0000000000 0 0 0 0 0 0 253 226 112 1 0 0 0 0 040619 160910.041
0.0000000000 0.0000000000 0 0 0 0 0 0 170 230 112 1 0 0 0 0 040619 160910.241
0.0000000000 0.0000000000 0 0 0 0 0 0 55 229 112 1 0 0 0 0 040619 160910.442
0.0000000000 0.0000000000 0 0 0 0 0 0 221 213 112 1 0 0 0 0 040619 160910.642
0.0000000000 0.0000000000 0 0 0 0 0 0 106 209 112 1 0 0 0 0 040619 160910.842
0.0000000000 0.0000000000 0 0 0 0 0 0 216 205 112 1 0 0 0 0 040619 160911.042
0.0000000000 0.0000000000 0 0 0 0 0 0 216 205 112 1 0 0 0 0 040619 160911.242
0.0000000000 0.0000000000 0 0 0 0 0 0 86 214 112 1 0 0 0 0 040619 160911.443
0.0000000000 0.0000000000 0 0 0 0 0 0 118 224 112 1 0 0 0 0 040619 160911.643
0.0000000000 0.0000000000 0 0 0 0 0 0 101 210 112 1 0 0 0 0 040619 160911.843
0.0000000000 0.0000000000 0 0 0 0 0 0 238 222 112 1 0 0 0 0 040619 160912.043
0.0000000000 0.0000000000 0 0 0 0 0 0 119 236 112 1 0 0 0 0 040619 160912.243
0.0000000000 0.0000000000 0 0 0 0 0 0 208 212 112 1 0 0 0 0 040619 160912.444
0.0000000000 0.0000000000 0 0 0 0 0 0 169 204 112 1 0 0 0 0 040619 160912.644
0.0000000000 0.0000000000 0 0 0 0 0 0 147 212 112 1 0 0 0 0 040619 160912.844
0.0000000000 0.0000000000 0 0 0 0 0 0 107 212 112 1 0 0 0 0 040619 160913.044
0.0000000000 0.0000000000 0 0 0 0 0 0 51 208 112 1 0 0 0 0 040619 160913.244
0.0000000000 0.0000000000 0 0 0 0 0 0 16 218 112 1 0 0 0 0 040619 160913.446
0.0000000000 0.0000000000 0 0 0 0 0 0 61 219 112 1 0 0 0 0 040619 160913.649
0.0000000000 0.0000000000 0 0 0 0 0 0 61 219 112 1 0 0 0 0 040619 160913.850
0.0000000000 0.0000000000 0 0 0 0 0 0 42 207 112 1 0 0 0 0 040619 160914.051
0.0000000000 0.0000000000 0 0 0 0 0 0 93 213 112 1 0 0 0 0 040619 160914.251
0.0000000000 0.0000000000 0 0 0 0 0 0 0 0 127 0 0 0 0 0 040619 160914.451
0.0000000000 0.0000000000 0 0 0 0 0 0 112 227 112 1 0 0 0 0 040619 160914.651
0.0000000000 0.0000000000 0 0 0 0 0 0 150 203 112 1 0 0 0 0 040619 160914.852
0.0000000000 0.0000000000 0 0 0 0 0 0 95 209 112 1 0 0 0 0 040619 160915.052
0.0000000000 0.0000000000 0 0 0 0 0 0 227 217 112 1 0 0 0 0 040619 160915.252
0.0000000000 0.0000000000 0 0 0 0 0 0 81 219 112 1 0 0 0 0 040619 160915.452
0.0000000000 0.0000000000 0 0 0 0 0 0 0 0 127 0 0 0 0 0 040619 160915.653
0.0000000000 0.0000000000 0 0 0 0 0 0 0 0 127 0 0 0 0 0 040619 160915.853
0.0000000000 0.0000000000 0 0 0 0 0 0 0 0 127 0 0 0 0 0 040619 160916.053
0.0000000000 0.0000000000 0 0 0 0 0 0 98 197 112 1 0 0 0 0 040619 160916.253
0.0000000000 0.0000000000 0 0 0 0 0 0 26 205 112 1 0 0 0 0 040619 160916.453
0.0000000000 0.0000000000 0 0 0 0 0 0 208 213 112 1 0 0 0 0 040619 160916.654
0.0000000000 0.0000000000 0 0 0 0 0 0 137 201 112 1 0 0 0 0 040619 160916.854
0.0000000000 0.0000000000 0 0 0 0 0 0 137 201 112 1 0 0 0 0 040619 160917.054
0.0000000000 0.0000000000 0 0 0 0 0 0 155 222 112 1 0 0 0 0 040619 160917.254
0.0000000000 0.0000000000 0 0 0 0 0 0 155 222 112 1 0 0 0 0 040619 160917.454
0.0000000000 0.0000000000 0 0 0 0 0 0 105 208 112 1 0 0 0 0 040619 160917.655
0.0000000000 0.0000000000 0 0 0 0 0 0 79 171 112 1 0 0 0 0 040619 160917.855
0.0000000000 0.0000000000 0 0 0 0 0 0 0 0 127 0 0 0 0 0 040619 160918.055
0.0000000000 0.0000000000 0 0 0 0 0 0 140 191 112 1 0 0 0 0 040619 160918.255
0.0000000000 0.0000000000 0 0 0 0 0 0 140 191 112 1 0 0 0 0 040619 160918.455
0.0000000000 0.0000000000 0 0 0 0 0 0 64 190 112 1 0 0 0 0 040619 160918.656
0.0000000000 0.0000000000 0 0 0 0 0 0 49 181 112 1 0 0 0 0 040619 160918.856
0.0000000000 0.0000000000 0 0 0 0 0 0 49 181 112 1 0 0 0 0 040619 160919.056
0.0000000000 0.0000000000 0 0 0 0 0 0 49 181 112 1 0 0 0 0 040619 160919.256
0.0000000000 0.0000000000 0 0 0 0 0 0 49 181 112 1 0 0 0 0 040619 160919.457
0.0000000000 0.0000000000 0 0 0 0 0 0 49 181 112 1 0 0 0 0 040619 160919.657
0.0000000000 0.0000000000 0 0 0 0 0 0 49 181 112 1 0 0 0 0 040619 160919.857
0.0000000000 0.0000000000 0 0 0 0 0 0 49 181 112 1 0 0 0 0 040619 160920.057
0.0000000000 0.0000000000 0 0 0 0 0 0 49 181 112 1 0 0 0 0 040619 160920.257
0.0000000000 0.0000000000 0 0 0 0 0 0 49 181 112 1 0 0 0 0 040619 160920.458
0.0000000000 0.0000000000 0 0 0 0 0 0 49 181 112 1 0 0 0 0 040619 160920.658
0.0000000000 0.0000000000 0 0 0 0 0 0 49 181 112 1 0 0 0 0 040619 160920.858
0.0000000000 0.0000000000 0 0 0 0 0 0 49 181 112 1 0 0 0 0 040619 160921.058
0.0000000000 0.0000000000 0 0 0 0 0 0 49 181 112 1 0 0 0 0 040619 160921.259
0.0000000000 0.0000000000 0 0 0 0 0 0 49 181 112 1 0 0 0 0 040619 160921.459
0.0000000000 0.0000000000 0 0 0 0 0 0 49 181 112 1 0 0 0 0 040619 160921.659
0.0000000000 0.0000000000 0 0 0 0 0 0 49 181 112 1 0 0 0 0 040619 160921.859
0.0000000000 0.0000000000 0 0 0 0 0 0 0 0 127 0 0 0 0 0 040619 160922.060
0.0000000000 0.0000000000 0 0 0 0 0 0 174 223 112 1 0 0 0 0 040619 160922.260
0.0000000000 0.0000000000 0 0 0 0 0 0 0 0 127 0 0 0 0 0 040619 160922.460
0.0000000000 0.0000000000 0 0 0 0 0 0 0 0 127 0 0 0 0 0 040619 160922.666
0.0000000000 0.0000000000 0 0 0 0 0 0 0 0 127 0 0 0 0 0 040619 160922.866
0.0000000000 0.0000000000 0 0 0 0 0 0 0 0 127 0 0 0 0 0 040619 160923.067
0.0000000000 0.0000000000 0 0 0 0 0 0 0 0 127 0 0 0 0 0 040619 160923.267
0.0000000000 0.0000000000 0 0 0 0 0 0 0 0 127 0 0 0 0 0 040619 160923.472
0.0000000000 0.0000000000 0 0 0 0 0 0 0 0 127 0 0 0 0 0 040619 160923.674
0.0000000000 0.0000000000 0 0 0 0 0 0 0 0 127 0 0 0 0 0 040619 160923.878
0.0000000000 0.0000000000 0 0 0 0 0 0 0 0 127 0 0 0 0 0 040619 160924.082
0.0000000000 0.0000000000 0 0 0 0 0 0 0 0 127 0 0 0 0 0 040619 160924.284
0.0000000000 0.0000000000 0 0 0 0 0 0 0 0 127 0 0 0 0 0 040619 160924.485
0.0000000000 0.0000000000 0 0 0 0 0 0 68 214 112 1 0 0 0 0 040619 160924.685
0.0000000000 0.0000000000 0 0 0 0 0 0 0 0 127 0 0 0 0 0 040619 160924.885
0.0000000000 0.0000000000 0 0 0 0 0 0 0 0 127 0 0 0 0 0 040619 160925.086
0.0000000000 0.0000000000 0 0 0 0 0 0 0 0 127 0 0 0 0 0 040619 160925.289
0.0000000000 0.0000000000 0 0 0 0 0 0 0 0 127 0 0 0 0 0 040619 160925.490
0.0000000000 0.0000000000 0 0 0 0 0 0 105 212 112 1 0 0 0 0 040619 160925.690
0.0000000000 0.0000000000 0 0 0 0 0 0 0 0 127 0 0 0 0 0 040619 160925.890
0.0000000000 0.0000000000 0 0 0 0 0 0 0 0 127 0 0 0 0 0 040619 160926.090
0.0000000000 0.0000000000 0 0 0 0 0 0 0 0 127 0 0 0 0 0 040619 160926.291
0.0000000000 0.0000000000 0 0 0 0 0 0 101 210 112 1 0 0 0 0 040619 160926.491
0.0000000000 0.0000000000 0 0 0 0 0 0 148 215 112 1 0 0 0 0 040619 160926.691
0.0000000000 0.0000000000 0 0 0 0 0 0 26 217 112 1 0 0 0 0 040619 160926.891
0.0000000000 0.0000000000 0 0 0 0 0 0 244 212 112 1 0 0 0 0 040619 160927.091
0.0000000000 0.0000000000 0 0 0 0 0 0 96 216 112 1 0 0 0 0 040619 160927.292
0.0000000000 0.0000000000 0 0 0 0 0 0 7 217 112 1 0 0 0 0 040619 160927.492
0.0000000000 0.0000000000 0 0 0 0 0 0 34 215 112 1 0 0 0 0 040619 160927.692
0.0000000000 0.0000000000 0 0 0 0 0 0 34 215 112 1 0 0 0 0 040619 160927.892
0.0000000000 0.0000000000 0 0 0 0 0 0 110 215 112 1 0 0 0 0 040619 160928.094
0.0000000000 0.0000000000 0 0 0 0 0 0 76 216 112 1 0 0 0 0 040619 160928.294
0.0000000000 0.0000000000 0 0 0 0 0 0 76 216 112 1 0 0 0 0 040619 160928.499
0.0000000000 0.0000000000 0 0 0 0 0 0 211 221 112 1 0 0 0 0 040619 160928.699
0.0000000000 0.0000000000 0 0 0 0 0 0 124 212 112 1 0 0 0 0 040619 160928.899
0.0000000000 0.0000000000 0 0 0 0 0 0 124 212 112 1 0 0 0 0 040619 160929.100
0.0000000000 0.0000000000 0 0 0 0 0 0 141 212 112 1 0 0 0 0 040619 160929.300
0.0000000000 0.0000000000 0 0 0 0 0 0 141 212 112 1 0 0 0 0 040619 160929.501
0.0000000000 0.0000000000 0 0 0 0 0 0 191 218 112 1 0 0 0 0 040619 160929.701
0.0000000000 0.0000000000 0 0 0 0 0 0 24 214 112 1 0 0 0 0 040619 160929.901
0.0000000000 0.0000000000 0 0 0 0 0 0 72 214 112 1 0 0 0 0 040619 160930.101
0.0000000000 0.0000000000 0 0 0 0 0 0 120 215 112 1 0 0 0 0 040619 160930.302
0.0000000000 0.0000000000 0 0 0 0 0 0 120 215 112 1 0 0 0 0 040619 160930.502
0.0000000000 0.0000000000 0 0 0 0 0 0 143 218 112 1 0 0 0 0 040619 160930.702
0.0000000000 0.0000000000 0 0 0 0 0 0 0 0 127 0 0 0 0 0 040619 160930.902
0.0000000000 0.0000000000 0 0 0 0 0 0 0 0 127 0 0 0 0 0 040619 160931.103
0.0000000000 0.0000000000 0 0 0 0 0 0 0 0 127 0 0 0 0 0 040619 160931.303
0.0000000000 0.0000000000 0 0 0 0 0 0 21 215 112 1 0 0 0 0 040619 160931.503
0.0000000000 0.0000000000 0 0 0 0 0 0 0 0 127 0 0 0 0 0 040619 160931.703
0.0000000000 0.0000000000 0 0 0 0 0 0 0 0 127 0 0 0 0 0 040619 160931.904
0.0000000000 0.0000000000 0 0 0 0 0 0 0 0 127 0 0 0 0 0 040619 160932.104
0.0000000000 0.0000000000 0 0 0 0 0 0 0 0 127 0 0 0 0 0 040619 160932.304
0.0000000000 0.0000000000 0 0 0 0 0 0 0 0 127 0 0 0 0 0 040619 160932.504
0.0000000000 0.0000000000 0 0 0 0 0 0 0 0 127 0 0 0 0 0 040619 160932.705
0.0000000000 0.0000000000 0 0 0 0 0 0 0 0 127 0 0 0 0 0 040619 160932.905
0.0000000000 0.0000000000 0 0 0 0 0 0 0 0 127 0 0 0 0 0 040619 160933.105
0.0000000000 0.0000000000 0 0 0 0 0 0 0 0 127 0 0 0 0 0 040619 160933.305
0.0000000000 0.0000000000 0 0 0 0 0 0 0 0 127 0 0 0 0 0 040619 160933.506
0.0000000000 0.0000000000 0 0 0 0 0 0 0 0 127 0 0 0 0 0 040619 160933.706
0.0000000000 0.0000000000 0 0 0 0 0 0 0 0 127 0 0 0 0 0 040619 160933.906
0.0000000000 0.0000000000 0 0 0 0 0 0 0 0 127 0 0 0 0 0 040619 160934.107
0.0000000000 0.0000000000 0 0 0 0 0 0 0 0 127 0 0 0 0 0 040619 160934.307
0.0000000000 0.0000000000 0 0 0 0 0 0 0 0 127 0 0 0 0 0 040619 160934.508
0.0000000000 0.0000000000 0 0 0 0 0 0 0 0 127 0 0 0 0 0 040619 160934.708
0.0000000000 0.0000000000 0 0 0 0 0 0 0 0 127 0 0 0 0 0 040619 160934.908
0.0000000000 0.0000000000 0 0 0 0 0 0 0 0 127 0 0 0 0 0 040619 160935.108
0.0000000000 0.0000000000 0 0 0 0 0 0 0 0 127 0 0 0 0 0 040619 160935.309
0.0000000000 0.0000000000 0 0 0 0 0 0 0 0 127 0 0 0 0 0 040619 160935.509
0.0000000000 0.0000000000 0 0 0 0 0 0 0 0 127 0 0 0 0 0 040619 160935.709
0.0000000000 0.0000000000 0 0 0 0 0 0 0 0 127 0 0 0 0 0 040619 160935.909
0.0000000000 0.0000000000 0 0 0 0 0 0 0 0 127 0 0 0 0 0 040619 160936.109
0.0000000000 0.0000000000 0 0 0 0 0 0 0 0 127 0 0 0 0 0 040619 160936.310
0.0000000000 0.0000000000 0 0 0 0 0 0 0 0 127 0 0 0 0 0 040619 160936.510
0.0000000000 0.0000000000 0 0 0 0 0 0 0 0 127 0 0 0 0 0 040619 160936.710
0.0000000000 0.0000000000 0 0 0 0 0 0 0 0 127 0 0 0 0 0 040619 160936.911
0.0000000000 0.0000000000 0 0 0 0 0 0 0 0 127 0 0 0 0 0 040619 160937.111
0.0000000000 0.0000000000 0 0 0 0 0 0 0 0 127 0 0 0 0 0 040619 160937.311
0.0000000000 0.0000000000 0 0 0 0 0 0 0 0 127 0 0 0 0 0 040619 160937.511
0.0000000000 0.0000000000 0 0 0 0 0 0 0 0 127 0 0 0 0 0 040619 160937.712
0.0000000000 0.0000000000 0 0 0 0 0 0 0 0 127 0 0 0 0 0 040619 160937.912
0.0000000000 0.0000000000 0 0 0 0 0 0 0 0 127 0 0 0 0 0 040619 160938.112
0.0000000000 0.0000000000 0 0 0 0 0 0 0 0 127 0 0 0 0 0 040619 160938.312
0.0000000000 0.0000000000 0 0 0 0 0 0 0 0 127 0 0 0 0 0 040619 160938.512
0.0000000000 0.0000000000 0 0 0 0 0 0 0 0 127 0 0 0 0 0 040619 160938.713
0.0000000000 0.0000000000 0 0 0 0 0 0 0 0 127 0 0 0 0 0 040619 160938.913
0.0000000000 0.0000000000 0 0 0 0 0 0 0 0 127 0 0 0 0 0 040619 160939.113
0.0000000000 0.0000000000 0 0 0 0 0 0 0 0 127 0 0 0 0 0 040619 160939.313
0.0000000000 0.0000000000 0 0 0 0 0 0 0 0 127 0 0 0 0 0 040619 160939.514
0.0000000000 0.0000000000 0 0 0 0 0 0 0 0 127 0 0 0 0 0 040619 160939.714
0.0000000000 0.0000000000 0 0 0 0 0 0 0 0 127 0 0 0 0 0 040619 160939.914
0.0000000000 0.0000000000 0 0 0 0 0 0 0 0 127 0 0 0 0 0 040619 160940.114
0.0000000000 0.0000000000 0 0 0 0 0 0 0 0 127 0 0 0 0 0 040619 160940.315
0.0000000000 0.0000000000 0 0 0 0 0 0 0 0 127 0 0 0 0 0 040619 160940.515
0.0000000000 0.0000000000 0 0 0 0 0 0 0 0 127 0 0 0 0 0 040619 160940.715
0.0000000000 0.0000000000 0 0 0 0 0 0 0 0 127 0 0 0 0 0 040619 160940.915
0.0000000000 0.0000000000 0 0 0 0 0 0 0 0 127 0 0 0 0 0 040619 160941.115
0.0000000000 0.0000000000 0 0 0 0 0 0 0 0 127 0 0 0 0 0 040619 160941.316
0.0000000000 0.0000000000 0 0 0 0 0 0 0 0 127 0 0 0 0 0 040619 160941.516
0.0000000000 0.0000000000 0 0 0 0 0 0 0 0 127 0 0 0 0 0 040619 160941.716
0.0000000000 0.0000000000 0 0 0 0 0 0 0 0 127 0 0 0 0 0 040619 160941.916
0.0000000000 0.0000000000 0 0 0 0 0 0 0 0 127 0 0 0 0 0 040619 160942.117
0.0000000000 0.0000000000 0 0 0 0 0 0 0 0 127 0 0 0 0 0 040619 160942.317
0.0000000000 0.0000000000 0 0 0 0 0 0 0 0 127 0 0 0 0 0 040619 160942.517
0.0000000000 0.0000000000 0 0 0 0 0 0 0 0 127 0 0 0 0 0 040619 160942.717
0.0000000000 0.0000000000 0 0 0 0 0 0 0 0 127 0 0 0 0 0 040619 160942.918
0.0000000000 0.0000000000 0 0 0 0 0 0 0 0 127 0 0 0 0 0 040619 160943.118
0.0000000000 0.0000000000 0 0 0 0 0 0 0 0 127 0 0 0 0 0 040619 160943.318
0.0000000000 0.0000000000 0 0 0 0 0 0 0 0 127 0 0 0 0 0 040619 160943.518
0.0000000000 0.0000000000 0 0 0 0 0 0 0 0 127 0 0 0 0 0 040619 160943.721
0.0000000000 0.0000000000 0 0 0 0 0 0 0 0 127 0 0 0 0 0 040619 160943.922
0.0000000000 0.0000000000 0 0 0 0 0 0 0 0 127 0 0 0 0 0 040619 160944.122
0.0000000000 0.0000000000 0 0 0 0 0 0 0 0 127 0 0 0 0 0 040619 160944.322
0.0000000000 0.0000000000 0 0 0 0 0 0 0 0 127 0 0 0 0 0 040619 160944.523
0.0000000000 0.0000000000 0 0 0 0 0 0 21 215 112 1 0 0 0 0 040619 160944.723
0.0000000000 0.0000000000 0 0 0 0 0 0 0 0 127 0 0 0 0 0 040619 160944.923
0.0000000000 0.0000000000 0 0 0 0 0 0 0 0 127 0 0 0 0 0 040619 160945.124
0.0000000000 0.0000000000 0 0 0 0 0 0 0 0 127 0 0 0 0 0 040619 160945.324
0.0000000000 0.0000000000 0 0 0 0 0 0 0 0 127 0 0 0 0 0 040619 160945.525
0.0000000000 0.0000000000 0 0 0 0 0 0 0 0 127 0 0 0 0 0 040619 160945.725
0.0000000000 0.0000000000 0 0 0 0 0 0 0 0 127 0 0 0 0 0 040619 160945.925
0.0000000000 0.0000000000 0 0 0 0 0 0 0 0 127 0 0 0 0 0 040619 160946.125
0.0000000000 0.0000000000 0 0 0 0 0 0 0 0 127 0 0 0 0 0 040619 160946.326
0.0000000000 0.0000000000 0 0 0 0 0 0 0 0 127 0 0 0 0 0 040619 160946.526
0.0000000000 0.0000000000 0 0 0 0 0 0 0 0 127 0 0 0 0 0 040619 160946.726
0.0000000000 0.0000000000 0 0 0 0 0 0 0 0 127 0 0 0 0 0 040619 160946.926
0.0000000000 0.0000000000 0 0 0 0 0 0 0 0 127 0 0 0 0 0 040619 160947.127
0.0000000000 0.0000000000 0 0 0 0 0 0 0 0 127 0 0 0 0 0 040619 160947.327
0.0000000000 0.0000000000 0 0 0 0 0 0 0 0 127 0 0 0 0 0 040619 160947.527
0.0000000000 0.0000000000 0 0 0 0 0 0 0 0 127 0 0 0 0 0 040619 160947.727
0.0000000000 0.0000000000 0 0 0 0 0 0 0 0 127 0 0 0 0 0 040619 160947.928
0.0000000000 0.0000000000 0 0 0 0 0 0 0 0 127 0 0 0 0 0 040619 160948.128
0.0000000000 0.0000000000 0 0 0 0 0 0 0 0 127 0 0 0 0 0 040619 160948.328
0.0000000000 0.0000000000 0 0 0 0 0 0 0 0 127 0 0 0 0 0 040619 160948.528
0.0000000000 0.0000000000 0 0 0 0 0 0 0 0 127 0 0 0 0 0 040619 160948.729
0.0000000000 0.0000000000 0 0 0 0 0 0 0 0 127 0 0 0 0 0 040619 160948.929
0.0000000000 0.0000000000 0 0 0 0 0 0 0 0 127 0 0 0 0 0 040619 160949.129
0.0000000000 0.0000000000 0 0 0 0 0 0 0 0 127 0 0 0 0 0 040619 160949.329
0.0000000000 0.0000000000 0 0 0 0 0 0 0 0 127 0 0 0 0 0 040619 160949.529
0.0000000000 0.0000000000 0 0 0 0 0 0 0 0 127 0 0 0 0 0 040619 160949.730
0.0000000000 0.0000000000 0 0 0 0 0 0 0 0 127 0 0 0 0 0 040619 160949.930
0.0000000000 0.0000000000 0 0 0 0 0 0 0 0 127 0 0 0 0 0 040619 160950.130
0.0000000000 0.0000000000 0 0 0 0 0 0 0 0 127 0 0 0 0 0 040619 160950.330
0.0000000000 0.0000000000 0 0 0 0 0 0 0 0 127 0 0 0 0 0 040619 160950.531
0.0000000000 0.0000000000 0 0 0 0 0 0 0 0 127 0 0 0 0 0 040619 160950.731
0.0000000000 0.0000000000 0 0 0 0 0 0 0 0 127 0 0 0 0 0 040619 160950.931
0.0000000000 0.0000000000 0 0 0 0 0 0 0 0 127 0 0 0 0 0 040619 160951.132
0.0000000000 0.0000000000 0 0 0 0 0 0 0 0 127 0 0 0 0 0 040619 160951.332
0.0000000000 0.0000000000 0 0 0 0 0 0 0 0 127 0 0 0 0 0 040619 160951.532
0.0000000000 0.0000000000 0 0 0 0 0 0 0 0 127 0 0 0 0 0 040619 160951.732
0.0000000000 0.0000000000 0 0 0 0 0 0 0 0 127 0 0 0 0 0 040619 160951.932
0.0000000000 0.0000000000 0 0 0 0 0 0 21 215 112 1 0 0 0 0 040619 160952.133
0.0000000000 0.0000000000 0 0 0 0 0 0 21 215 112 1 0 0 0 0 040619 160952.333
0.0000000000 0.0000000000 0 0 0 0 0 0 0 0 127 0 0 0 0 0 040619 160952.533
0.0000000000 0.0000000000 0 0 0 0 0 0 0 0 127 0 0 0 0 0 040619 160952.733
0.0000000000 0.0000000000 0 0 0 0 0 0 0 0 127 0 0 0 0 0 040619 160952.934
0.0000000000 0.0000000000 0 0 0 0 0 0 0 0 127 0 0 0 0 0 040619 160953.134
0.0000000000 0.0000000000 0 0 0 0 0 0 0 0 127 0 0 0 0 0 040619 160953.334
0.0000000000 0.0000000000 0 0 0 0 0 0 0 0 127 0 0 0 0 0 040619 160953.534
0.0000000000 0.0000000000 0 0 0 0 0 0 0 0 127 0 0 0 0 0 040619 160953.735
0.0000000000 0.0000000000 0 0 0 0 0 0 0 0 127 0 0 0 0 0 040619 160953.935
0.0000000000 0.0000000000 0 0 0 0 0 0 0 0 127 0 0 0 0 0 040619 160954.135
0.0000000000 0.0000000000 0 0 0 0 0 0 0 0 127 0 0 0 0 0 040619 160954.335
0.0000000000 0.0000000000 0 0 0 0 0 0 0 0 127 0 0 0 0 0 040619 160954.536
0.0000000000 0.0000000000 0 0 0 0 0 0 0 0 127 0 0 0 0 0 040619 160954.736
0.0000000000 0.0000000000 0 0 0 0 0 0 0 0 127 0 0 0 0 0 040619 160954.936
0.0000000000 0.0000000000 0 0 0 0 0 0 0 0 127 0 0 0 0 0 040619 160955.136
0.0000000000 0.0000000000 0 0 0 0 0 0 0 0 127 0 0 0 0 0 040619 160955.337
0.0000000000 0.0000000000 0 0 0 0 0 0 0 0 127 0 0 0 0 0 040619 160955.537
0.0000000000 0.0000000000 0 0 0 0 0 0 0 0 127 0 0 0 0 0 040619 160955.737
0.0000000000 0.0000000000 0 0 0 0 0 0 0 0 127 0 0 0 0 0 040619 160955.937
0.0000000000 0.0000000000 0 0 0 0 0 0 0 0 127 0 0 0 0 0 040619 160956.138
0.0000000000 0.0000000000 0 0 0 0 0 0 0 0 127 0 0 0 0 0 040619 160956.338
0.0000000000 0.0000000000 0 0 0 0 0 0 0 0 127 0 0 0 0 0 040619 160956.538
0.0000000000 0.0000000000 0 0 0 0 0 0 0 0 127 0 0 0 0 0 040619 160956.738
0.0000000000 0.0000000000 0 0 0 0 0 0 0 0 127 0 0 0 0 0 040619 160956.939
0.0000000000 0.0000000000 0 0 0 0 0 0 0 0 127 0 0 0 0 0 040619 160957.139
0.0000000000 0.0000000000 0 0 0 0 0 0 0 0 127 0 0 0 0 0 040619 160957.339
0.0000000000 0.0000000000 0 0 0 0 0 0 0 0 127 0 0 0 0 0 040619 160957.539
0.0000000000 0.0000000000 0 0 0 0 0 0 0 0 127 0 0 0 0 0 040619 160957.739
0.0000000000 0.0000000000 0 0 0 0 0 0 0 0 127 0 0 0 0 0 040619 160957.940
0.0000000000 0.0000000000 0 0 0 0 0 0 0 0 127 0 0 0 0 0 040619 160958.140
0.0000000000 0.0000000000 0 0 0 0 0 0 0 0 127 0 0 0 0 0 040619 160958.344
0.0000000000 0.0000000000 0 0 0 0 0 0 0 0 127 0 0 0 0 0 040619 160958.545
0.0000000000 0.0000000000 0 0 0 0 0 0 0 0 127 0 0 0 0 0 040619 160958.745
0.0000000000 0.0000000000 0 0 0 0 0 0 0 0 127 0 0 0 0 0 040619 160958.946
0.0000000000 0.0000000000 0 0 0 0 0 0 0 0 127 0 0 0 0 0 040619 160959.146
0.0000000000 0.0000000000 0 0 0 0 0 0 0 0 127 0 0 0 0 0 040619 160959.346
0.0000000000 0.0000000000 0 0 0 0 0 0 0 0 127 0 0 0 0 0 040619 160959.547
0.0000000000 0.0000000000 0 0 0 0 0 0 0 0 127 0 0 0 0 0 040619 160959.747
0.0000000000 0.0000000000 0 0 0 0 0 0 0 0 127 0 0 0 0 0 040619 160959.947
0.0000000000 0.0000000000 0 0 0 0 0 0 0 0 127 0 0 0 0 0 040619 161000.147
0.0000000000 0.0000000000 0 0 0 0 0 0 0 0 127 0 0 0 0 0 040619 161000.348
0.0000000000 0.0000000000 0 0 0 0 0 0 0 0 127 0 0 0 0 0 040619 161000.548
0.0000000000 0.0000000000 0 0 0 0 0 0 0 0 127 0 0 0 0 0 040619 161000.748
0.0000000000 0.0000000000 0 0 0 0 0 0 0 0 127 0 0 0 0 0 040619 161000.948
0.0000000000 0.0000000000 0 0 0 0 0 0 0 0 127 0 0 0 0 0 040619 161001.149
0.0000000000 0.0000000000 0 0 0 0 0 0 0 0 127 0 0 0 0 0 040619 161001.349
0.0000000000 0.0000000000 0 0 0 0 0 0 21 215 112 1 0 0 0 0 040619 161001.549
0.0000000000 0.0000000000 0 0 0 0 0 0 0 0 127 0 0 0 0 0 040619 161001.749
0.0000000000 0.0000000000 0 0 0 0 0 0 0 0 127 0 0 0 0 0 040619 161001.950
0.0000000000 0.0000000000 0 0 0 0 0 0 0 0 127 0 0 0 0 0 040619 161002.150
0.0000000000 0.0000000000 0 0 0 0 0 0 0 0 127 0 0 0 0 0 040619 161002.350
0.0000000000 0.0000000000 0 0 0 0 0 0 0 0 127 0 0 0 0 0 040619 161002.550
0.0000000000 0.0000000000 0 0 0 0 0 0 0 0 127 0 0 0 0 0 040619 161002.751
0.0000000000 0.0000000000 0 0 0 0 0 0 0 0 127 0 0 0 0 0 040619 161002.951
0.0000000000 0.0000000000 0 0 0 0 0 0 0 0 127 0 0 0 0 0 040619 161003.151
0.0000000000 0.0000000000 0 0 0 0 0 0 0 0 127 0 0 0 0 0 040619 161003.351
0.0000000000 0.0000000000 0 0 0 0 0 0 0 0 127 0 0 0 0 0 040619 161003.554
0.0000000000 0.0000000000 0 0 0 0 0 0 0 0 127 0 0 0 0 0 040619 161003.754
0.0000000000 0.0000000000 0 0 0 0 0 0 0 0 127 0 0 0 0 0 040619 161003.954
0.0000000000 0.0000000000 0 0 0 0 0 0 0 0 127 0 0 0 0 0 040619 161004.155
0.0000000000 0.0000000000 0 0 0 0 0 0 0 0 127 0 0 0 0 0 040619 161004.355
0.0000000000 0.0000000000 0 0 0 0 0 0 0 0 127 0 0 0 0 0 040619 161004.555
0.0000000000 0.0000000000 0 0 0 0 0 0 0 0 127 0 0 0 0 0 040619 161004.755
0.0000000000 0.0000000000 0 0 0 0 0 0 0 0 127 0 0 0 0 0 040619 161004.956
0.0000000000 0.0000000000 0 0 0 0 0 0 0 0 127 0 0 0 0 0 040619 161005.156
0.0000000000 0.0000000000 0 0 0 0 0 0 0 0 127 0 0 0 0 0 040619 161005.356
0.0000000000 0.0000000000 0 0 0 0 0 0 0 0 127 0 0 0 0 0 040619 161005.556
0.0000000000 0.0000000000 0 0 0 0 0 0 0 0 127 0 0 0 0 0 040619 161005.757
0.0000000000 0.0000000000 0 0 0 0 0 0 0 0 127 0 0 0 0 0 040619 161005.957
0.0000000000 0.0000000000 0 0 0 0 0 0 0 0 127 0 0 0 0 0 040619 161006.157
0.0000000000 0.0000000000 0 0 0 0 0 0 0 0 127 0 0 0 0 0 040619 161006.357
0.0000000000 0.0000000000 0 0 0 0 0 0 21 215 112 1 0 0 0 0 040619 161006.558
0.0000000000 0.0000000000 0 0 0 0 0 0 0 0 127 0 0 0 0 0 040619 161006.758
0.0000000000 0.0000000000 0 0 0 0 0 0 0 0 127 0 0 0 0 0 040619 161006.958
0.0000000000 0.0000000000 0 0 0 0 0 0 21 215 112 1 0 0 0 0 040619 161007.158
0.0000000000 0.0000000000 0 0 0 0 0 0 0 0 127 0 0 0 0 0 040619 161007.358
0.0000000000 0.0000000000 0 0 0 0 0 0 0 0 127 0 0 0 0 0 040619 161007.559
0.0000000000 0.0000000000 0 0 0 0 0 0 0 0 127 0 0 0 0 0 040619 161007.759
0.0000000000 0.0000000000 0 0 0 0 0 0 0 0 127 0 0 0 0 0 040619 161007.959
0.0000000000 0.0000000000 0 0 0 0 0 0 0 0 127 0 0 0 0 0 040619 161008.159
0.0000000000 0.0000000000 0 0 0 0 0 0 21 215 112 1 0 0 0 0 040619 161008.360
0.0000000000 0.0000000000 0 0 0 0 0 0 0 0 127 0 0 0 0 0 040619 161008.560
0.0000000000 0.0000000000 0 0 0 0 0 0 0 0 127 0 0 0 0 0 040619 161008.760
0.0000000000 0.0000000000 0 0 0 0 0 0 21 215 112 1 0 0 0 0 040619 161008.960
0.0000000000 0.0000000000 0 0 0 0 0 0 21 215 112 1 0 0 0 0 040619 161009.161
0.0000000000 0.0000000000 0 0 0 0 0 0 21 215 112 1 0 0 0 0 040619 161009.361
0.0000000000 0.0000000000 0 0 0 0 0 0 21 215 112 1 0 0 0 0 040619 161009.561
0.0000000000 0.0000000000 0 0 0 0 0 0 21 215 112 1 0 0 0 0 040619 161009.762
0.0000000000 0.0000000000 0 0 0 0 0 0 21 215 112 1 0 0 0 0 040619 161009.962
0.0000000000 0.0000000000 0 0 0 0 0 0 21 215 112 1 0 0 0 0 040619 161010.162
0.0000000000 0.0000000000 0 0 0 0 0 0 21 215 112 1 0 0 