4.5730 -0.3817 0.0000 0.00 0.00 1.00 0 22 9 112 1 0 0 0 0 221219 165337.801
4.5729 -0.3820 0.0000 0.00 0.00 1.00 0 252 7 112 1 0 0 0 0 221219 165338.001
4.5795 -0.3867 0.0000 0.00 0.00 1.00 0 0 0 112 1 0 0 0 0 221219 165338.201
4.6132 -0.3978 0.0000 0.00 0.00 1.00 0 0 0 112 1 0 0 0 0 221219 165338.401
4.6531 -0.4067 0.0000 0.00 0.00 1.00 0 0 0 112 1 0 0 0 0 221219 165338.601
4.6825 -0.4177 0.0000 0.00 0.00 1.00 0 0 0 112 1 0 0 0 0 221219 165338.801
4.7105 -0.4257 0.0000 0.00 0.00 1.00 0 0 0 112 1 0 0 0 0 221219 165339.002
4.7433 -0.4362 0.0000 0.00 0.00 1.00 0 0 0 112 1 0 0 0 0 221219 165339.202
4.7774 -0.4452 0.0000 0.00 0.00 1.00 0 0 0 112 1 0 0 0 0 221219 165339.402
4.8097 -0.4519 0.0000 0.00 0.00 1.00 0 0 0 112 1 0 0 0 0 221219 165339.602
4.8412 -0.4618 0.0000 0.00 0.00 1.00 0 0 0 112 1 0 0 0 0 221219 165339.802
4.8768 -0.4712 0.0000 0.00 0.00 1.00 0 0 0 112 1 0 0 0 0 221219 165340.002
4.9107 -0.4815 0.0000 0.00 0.00 1.00 0 0 0 112 1 0 0 0 0 221219 165340.203
4.9433 -0.4884 0.0000 0.00 0.00 1.00 0 0 0 112 1 0 0 0 0 221219 165340.403
4.9761 -0.5002 0.0000 0.00 0.00 1.00 0 0 0 112 1 0 0 0 0 221219 165340.603
5.0081 -0.5111 0.0000 0.00 0.00 1.00 0 0 0 112 1 0 0 0 0 221219 165340.803
5.0392 -0.5216 0.0000 0.00 0.00 1.00 0 0 0 112 1 0 0 0 0 221219 165341.003
5.0693 -0.5318 0.0000 0.00 0.00 1.00 0 0 0 112 1 0 0 0 0 221219 165341.203
5.1033 -0.5404 0.0000 0.00 0.00 1.00 0 0 0 112 1 0 0 0 0 221219 165341.403
5.1370 -0.5513 0.0000 0.00 0.00 1.00 0 0 0 112 1 0 0 0 0 221219 165341.604
5.1631 -0.5556 0.0000 0.00 0.00 1.00 0 0 0 112 1 0 0 0 0 221219 165341.804
5.2028 -0.5694 0.0000 0.00 0.00 1.00 0 0 0 112 1 0 0 0 0 221219 165342.004
5.2265 -0.5760 0.0000 0.00 0.00 1.00 0 0 0 112 1 0 0 0 0 221219 165342.204
5.2663 -0.5885 0.0000 0.00 0.00 1.00 0 0 0 112 1 0 0 0 0 221219 165342.404
5.2989 -0.5990 0.0000 0.00 0.00 1.00 0 0 0 112 1 0 0 0 0 221219 165342.604
5.3340 -0.6060 0.0000 0.00 0.00 1.00 0 0 0 112 1 0 0 0 0 221219 165342.804
5.3675 -0.6146 0.0000 0.00 0.00 1.00 0 0 0 112 1 0 0 0 0 221219 165343.005
5.4014 -0.6231 0.0000 0.00 0.00 1.00 0 0 0 112 1 0 0 0 0 221219 165343.205
5.4327 -0.6344 0.0000 0.00 0.00 1.00 0 0 0 112 1 0 0 0 0 221219 165343.405
5.4628 -0.6460 0.0000 0.00 0.00 1.00 0 0 0 112 1 0 0 0 0 221219 165343.605
5.4963 -0.6556 0.0000 0.00 0.00 1.00 0 0 0 112 1 0 0 0 0 221219 165343.805
5.5298 -0.6660 0.0000 0.00 0.00 1.00 0 0 0 112 1 0 0 0 0 221219 165344.006
5.5631 -0.6759 0.0000 0.00 0.00 1.00 0 0 0 112 1 0 0 0 0 221219 165344.206
5.5985 -0.6832 0.0000 0.00 0.00 1.00 0 0 0 112 1 0 0 0 0 221219 165344.406
5.6287 -0.6927 0.0000 0.00 0.00 1.00 0 0 0 112 1 0 0 0 0 221219 165344.606
5.6595 -0.7018 0.0000 0.00 0.00 1.00 0 0 0 112 1 0 0 0 0 221219 165344.806
5.6942 -0.7085 0.0000 0.00 0.00 1.00 0 0 0 112 1 0 0 0 0 221219 165345.006
5.7286 -0.7178 0.0000 0.00 0.00 1.00 0 0 0 112 1 0 0 0 0 221219 165345.207
5.7623 -0.7259 0.0000 0.00 0.00 1.00 0 0 0 112 1 0 0 0 0 221219 165345.407
5.7966 -0.7358 0.0000 0.00 0.00 1.00 0 0 0 112 1 0 0 0 0 221219 165345.607
5.8222 -0.7487 0.0000 0.00 0.00 1.00 0 0 0 112 1 0 0 0 0 221219 165345.807
5.8548 -0.7595 0.0000 0.00 0.00 1.00 0 0 0 112 1 0 0 0 0 221219 165346.007
5.8898 -0.7688 0.0000 0.00 0.00 1.00 0 0 0 112 1 0 0 0 0 221219 165346.207
5.9258 -0.7777 0.0000 0.00 0.00 1.00 0 0 0 112 1 0 0 0 0 221219 165346.407
5.9594 -0.7901 0.0000 0.00 0.00 1.00 0 0 0 112 1 0 0 0 0 221219 165346.607
5.9928 -0.7976 0.0000 0.00 0.00 1.00 0 0 0 112 1 0 0 0 0 221219 165346.808
6.0277 -0.8100 0.0000 0.00 0.00 1.00 0 0 0 112 1 0 0 0 0 221219 165347.008
6.0642 -0.8194 0.0000 0.00 0.00 1.00 0 0 0 112 1 0 0 0 0 221219 165347.208
6.0972 -0.8308 0.0000 0.00 0.00 1.00 0 0 0 112 1 0 0 0 0 221219 165347.408
6.1283 -0.8422 0.0000 0.00 0.00 1.00 0 0 0 112 1 0 0 0 0 221219 165347.608
6.1612 -0.8515 0.0000 0.00 0.00 1.00 0 0 0 112 1 0 0 0 0 221219 165347.808
6.1964 -0.8605 0.0000 0.00 0.00 1.00 0 0 0 112 1 0 0 0 0 221219 165348.008
6.2309 -0.8713 0.0000 0.00 0.00 1.00 0 0 0 112 1 0 0 0 0 221219 165348.208
6.2616 -0.8808 0.0000 0.00 0.00 1.00 0 0 0 112 1 0 0 0 0 221219 165348.409
6.2945 -0.8880 0.0000 0.00 0.00 1.00 0 0 0 112 1 0 0 0 0 221219 165348.609
6.3286 -0.8949 0.0000 0.00 0.00 1.00 0 0 0 112 1 0 0 0 0 221219 165348.809
6.3640 -0.9003 0.0000 0.00 0.00 1.00 0 0 0 112 1 0 0 0 0 221219 165349.009
6.3985 -0.9071 0.0000 0.00 0.00 1.00 0 0 0 112 1 0 0 0 0 221219 165349.209
6.4325 -0.9116 0.0000 0.00 0.00 1.00 0 0 0 112 1 0 0 0 0 221219 165349.409
6.4657 -0.9171 0.0000 0.00 0.00 1.00 0 0 0 112 1 0 0 0 0 221219 165349.609
6.4965 -0.9279 0.0000 0.00 0.00 1.00 0 0 0 112 1 0 0 0 0 221219 165349.810
6.5326 -0.9305 0.0000 0.00 0.00 1.00 0 0 0 127 0 0 0 0 0 221219 165350.010
6.5598 -0.9490 0.0000 0.00 0.00 1.00 0 0 0 127 0 0 0 0 0 221219 165350.210
6.5821 -0.9551 0.0000 0.00 0.00 1.00 0 0 0 127 0 0 0 0 0 221219 165350.410
6.5708 -0.9550 0.0000 0.00 0.00 1.00 0 0 0 127 0 0 0 0 0 221219 165350.610
6.5707 -0.9560 0.0000 0.00 0.00 1.00 0 0 0 127 0 0 0 0 0 221219 165350.811
6.5711 -0.9595 0.0000 0.00 0.00 1.00 0 0 0 127 0 0 0 0 0 221219 165351.011
6.5647 -0.9649 0.0000 0.00 0.00 1.00 0 0 0 127 0 0 0 0 0 221219 165351.211
6.5658 -0.9623 0.0000 0.00 0.00 1.00 0 0 0 112 1 0 0 0 0 221219 165351.411
6.5660 -0.9607 0.0000 0.00 0.00 1.00 0 0 0 112 1 0 0 0 0 221219 165351.611
6.5693 -0.9625 0.0000 0.00 0.00 1.00 0 0 0 112 1 0 0 0 0 221219 165351.811
6.5966 -0.9713 0.0000 0.00 0.00 1.00 0 0 0 127 0 0 0 0 0 221219 165352.012
6.6396 -0.9838 0.0000 0.00 0.00 1.00 0 0 0 127 0 0 0 0 0 221219 165352.212
6.6748 -0.9863 0.0000 0.00 0.00 1.00 0 0 0 112 1 0 0 0 0 221219 165352.412
6.6764 -0.9714 0.0000 0.00 0.00 1.00 0 0 0 112 1 0 0 0 0 221219 165352.612
6.6722 -0.9675 0.0000 0.00 0.00 1.00 0 0 0 127 0 0 0 0 0 221219 165352.812
6.6972 -0.9843 0.0000 0.00 0.00 1.00 0 0 0 127 0 0 0 0 0 221219 165353.012
6.7333 -1.0001 0.0000 0.00 0.00 1.00 0 0 0 127 0 0 0 0 0 221219 165353.213
6.7342 -1.0004 0.0000 0.00 0.00 1.00 0 0 0 127 0 0 0 0 0 221219 165353.413
6.7175 -0.9988 0.0000 0.00 0.00 1.00 0 0 0 127 0 0 0 0 0 221219 165353.613
6.7223 -1.0032 0.0000 0.00 0.00 1.00 0 0 0 127 0 0 0 0 0 221219 165353.813
6.7193 -1.0047 0.0000 0.00 0.00 1.00 0 0 0 127 0 0 0 0 0 221219 165354.013
6.7187 -1.0046 0.0000 0.00 0.00 1.00 0 0 0 127 0 0 0 0 0 221219 165354.213
6.7191 -1.0046 0.0000 0.00 0.00 1.00 0 0 0 127 0 0 0 0 0 221219 165354.414
6.7190 -1.0049 0.0000 0.00 0.00 1.00 0 0 0 127 0 0 0 0 0 221219 165354.614
6.7192 -1.0059 0.0000 0.00 0.00 1.00 0 0 0 127 0 0 0 0 0 221219 165354.814
6.7190 -1.0058 0.0000 0.00 0.00 1.00 0 0 0 127 0 0 0 0 0 221219 165355.014
6.7198 -1.0047 0.0000 0.00 0.00 1.00 0 0 0 127 0 0 0 0 0 221219 165355.214
6.7204 -1.0044 0.0000 0.00 0.00 1.00 0 0 0 127 0 0 0 0 0 221219 165355.414
6.7206 -1.0046 0.0000 0.00 0.00 1.00 0 0 0 112 1 0 0 0 0 221219 165355.615
6.7202 -1.0055 0.0000 0.00 0.00 1.00 0 0 0 127 0 0 0 0 0 221219 165355.815
6.7254 -1.0089 0.0000 0.00 0.00 1.00 0 0 0 127 0 0 0 0 0 221219 165356.015
6.7450 -1.0182 0.0000 0.00 0.00 1.00 0 0 0 127 0 0 0 0 0 221219 165356.215
6.7476 -1.0182 0.0000 0.00 0.00 1.00 0 0 0 127 0 0 0 0 0 221219 165356.415
6.7423 -1.0139 0.0000 0.00 0.00 1.00 0 0 0 127 0 0 0 0 0 221219 165356.615
6.7428 -1.0179 0.0000 0.00 0.00 1.00 0 0 0 127 0 0 0 0 0 221219 165356.816
6.7404 -1.0226 0.0000 0.00 0.00 1.00 0 0 0 127 0 0 0 0 0 221219 165357.016
6.7366 -1.0313 0.0000 0.00 0.00 1.00 0 0 0 127 0 0 0 0 0 221219 165357.216
6.7342 -1.0320 0.0000 0.00 0.00 1.00 0 0 0 127 0 0 0 0 0 221219 165357.416
6.7346 -1.0269 0.0000 0.00 0.00 1.00 0 0 0 127 0 0 0 0 0 221219 165357.616
6.7344 -1.0258 0.0000 0.00 0.00 1.00 0 0 0 127 0 0 0 0 0 221219 165357.816
6.7332 -1.0271 0.0000 0.00 0.00 1.00 0 0 0 127 0 0 0 0 0 221219 165358.017
6.7322 -1.0289 0.0000 0.00 0.00 1.00 0 0 0 127 0 0 0 0 0 221219 165358.217
6.7323 -1.0277 0.0000 0.00 0.00 1.00 0 0 0 127 0 0 0 0 0 221219 165358.417
6.7379 -1.0166 0.0000 0.00 0.00 1.00 0 0 0 127 0 0 0 0 0 221219 165358.617
6.7491 -1.0050 0.0000 0.00 0.00 1.00 0 0 0 127 0 0 0 0 0 221219 165358.817
6.7476 -1.0082 0.0000 0.00 0.00 1.00 0 0 0 127 0 0 0 0 0 221219 165359.017
6.7485 -1.0086 0.0000 0.00 0.00 1.00 0 0 0 127 0 0 0 0 0 221219 165359.218
6.7532 -1.0067 0.0000 0.00 0.00 1.00 0 0 0 112 1 0 0 0 0 221219 165359.418
6.7524 -1.0074 0.0000 0.00 0.00 1.00 0 0 0 112 1 0 0 0 0 221219 165359.618
6.7606 -1.0094 0.0000 0.00 0.00 1.00 0 0 0 112 1 0 0 0 0 221219 165359.818
6.7966 -1.0194 0.0000 0.00 0.00 1.00 0 0 0 112 1 0 0 0 0 221219 165400.018
6.8293 -1.0282 0.0000 0.00 0.00 1.00 0 0 0 112 1 0 0 0 0 221219 165400.218
6.8597 -1.0380 0.0000 0.00 0.00 1.00 0 0 0 112 1 0 0 0 0 221219 165400.418
6.8814 -1.0480 0.0000 0.00 0.00 1.00 0 0 0 112 1 0 0 0 0 221219 165400.619
6.9157 -1.0559 0.0000 0.00 0.00 1.00 0 0 0 112 1 0 0 0 0 221219 165400.819
6.9563 -1.0687 0.0000 0.00 0.00 1.00 0 0 0 112 1 0 0 0 0 221219 165401.019
6.9795 -1.0756 0.0000 0.00 0.00 1.00 0 0 0 112 1 0 0 0 0 221219 165401.219
7.0123 -1.0855 0.0000 0.00 0.00 1.00 0 0 0 112 1 0 0 0 0 221219 165401.419
7.0433 -1.0938 0.0000 0.00 0.00 1.00 0 0 0 112 1 0 0 0 0 221219 165401.619
7.0759 -1.1030 0.0000 0.00 0.00 1.00 0 0 0 112 1 0 0 0 0 221219 165401.819
7.1084 -1.1117 0.0000 0.00 0.00 1.00 0 0 0 112 1 0 0 0 0 221219 165402.020
7.1490 -1.1219 0.0000 0.00 0.00 1.00 0 0 0 112 1 0 0 0 0 221219 165402.220
7.1810 -1.1282 0.0000 0.00 0.00 1.00 0 0 0 112 1 0 0 0 0 221219 165402.420
7.2050 -1.1344 0.0000 0.00 0.00 1.00 0 0 0 112 1 0 0 0 0 221219 165402.620
7.2442 -1.1459 0.0000 0.00 0.00 1.00 0 0 0 112 1 0 0 0 0 221219 165402.820
7.2684 -1.1525 0.0000 0.00 0.00 1.00 0 0 0 112 1 0 0 0 0 221219 165403.020
7.3018 -1.1618 0.0000 0.00 0.00 1.00 0 0 0 112 1 0 0 0 0 221219 165403.220
7.3334 -1.1717 0.0000 0.00 0.00 1.00 0 0 0 112 1 0 0 0 0 221219 165403.420
7.3663 -1.1799 0.0000 0.00 0.00 1.00 0 0 0 112 1 0 0 0 0 221219 165403.621
7.4092 -1.1921 0.0000 0.00 0.00 1.00 0 0 0 112 1 0 0 0 0 221219 165403.821
7.4408 -1.2003 0.0000 0.00 0.00 1.00 0 0 0 112 1 0 0 0 0 221219 165404.021
7.4725 -1.2090 0.0000 0.00 0.00 1.00 0 0 0 112 1 0 0 0 0 221219 165404.221
7.4952 -1.2146 0.0000 0.00 0.00 1.00 0 0 0 112 1 0 0 0 0 221219 165404.421
7.5398 -1.2237 0.0000 0.00 0.00 1.00 0 0 0 112 1 0 0 0 0 221219 165404.621
7.5722 -1.2353 0.0000 0.00 0.00 1.00 0 0 0 112 1 0 0 0 0 221219 165404.821
7.6006 -1.2398 0.0000 0.00 0.00 1.00 0 0 0 112 1 0 0 0 0 221219 165405.022
7.6395 -1.2531 0.0000 0.00 0.00 1.00 0 0 0 112 1 0 0 0 0 221219 165405.222
7.6642 -1.2600 0.0000 0.00 0.00 1.00 0 0 0 112 1 0 0 0 0 221219 165405.422
7.7074 -1.2736 0.0000 0.00 0.00 1.00 0 0 0 112 1 0 0 0 0 221219 165405.622
7.7335 -1.2785 0.0000 0.00 0.00 1.00 0 0 0 112 1 0 0 0 0 221219 165405.822
7.7647 -1.2886 0.0000 0.00 0.00 1.00 0 0 0 112 1 0 0 0 0 221219 165406.022
7.8061 -1.3000 0.0000 0.00 0.00 1.00 0 0 0 112 1 0 0 0 0 221219 165406.222
7.8400 -1.3093 0.0000 0.00 0.00 1.00 0 0 0 112 1 0 0 0 0 221219 165406.423
7.8646 -1.3164 0.0000 0.00 0.00 1.00 0 0 0 112 1 0 0 0 0 221219 165406.623
7.9057 -1.3285 0.0000 0.00 0.00 1.00 0 0 0 112 1 0 0 0 0 221219 165406.823
7.9349 -1.3359 0.0000 0.00 0.00 1.00 0 0 0 112 1 0 0 0 0 221219 165407.023
7.9683 -1.3459 0.0000 0.00 0.00 1.00 0 0 0 112 1 0 0 0 0 221219 165407.223
8.0004 -1.3538 0.0000 0.00 0.00 1.00 0 0 0 112 1 0 0 0 0 221219 165407.423
8.0360 -1.3630 0.0000 0.00 0.00 1.00 0 0 0 112 1 0 0 0 0 221219 165407.624
8.0693 -1.3730 0.0000 0.00 0.00 1.00 0 0 0 112 1 0 0 0 0 221219 165407.824
8.1021 -1.3825 0.0000 0.00 0.00 1.00 0 0 0 112 1 0 0 0 0 221219 165408.024
8.1281 -1.3912 0.0000 0.00 0.00 1.00 0 0 0 112 1 0 0 0 0 221219 165408.224
8.1617 -1.4000 0.0000 0.00 0.00 1.00 0 0 0 112 1 0 0 0 0 221219 165408.424
8.2035 -1.4138 0.0000 0.00 0.00 1.00 0 0 0 112 1 0 0 0 0 221219 165408.624
8.2360 -1.4229 0.0000 0.00 0.00 1.00 0 0 0 112 1 0 0 0 0 221219 165408.824
8.2643 -1.4310 0.0000 0.00 0.00 1.00 0 0 0 112 1 0 0 0 0 221219 165409.025
8.2965 -1.4389 0.0000 0.00 0.00 1.00 0 0 0 112 1 0 0 0 0 221219 165409.225
8.3403 -1.4513 0.0000 0.00 0.00 1.00 0 0 0 112 1 0 0 0 0 221219 165409.425
8.3664 -1.4591 0.0000 0.00 0.00 1.00 0 0 0 112 1 0 0 0 0 221219 165409.625
8.3845 -1.4625 0.0000 0.00 0.00 1.00 0 0 0 112 1 0 0 0 0 221219 165409.825
8.4248 -1.4757 0.0000 0.00 0.00 1.00 0 0 0 112 1 0 0 0 0 221219 165410.025
8.4588 -1.4855 0.0000 0.00 0.00 1.00 0 0 0 112 1 0 0 0 0 221219 165410.226
8.4898 -1.4946 0.0000 0.00 0.00 1.00 0 0 0 112 1 0 0 0 0 221219 165410.426
8.5219 -1.5024 0.0000 0.00 0.00 1.00 0 0 0 112 1 0 0 0 0 221219 165410.626
8.5564 -1.5128 0.0000 0.00 0.00 1.00 0 0 0 112 1 0 0 0 0 221219 165410.826
8.5883 -1.5207 0.0000 0.00 0.00 1.00 0 0 0 112 1 0 0 0 0 221219 165411.026
8.6132 -1.5283 0.0000 0.00 0.00 1.00 0 0 0 112 1 0 0 0 0 221219 165411.226
8.6528 -1.5383 0.0000 0.00 0.00 1.00 0 0 0 112 1 0 0 0 0 221219 165411.427
8.6842 -1.5466 0.0000 0.00 0.00 1.00 0 0 0 112 1 0 0 0 0 221219 165411.627
8.7068 -1.5516 0.0000 0.00 0.00 1.00 0 0 0 112 1 0 0 0 0 221219 165411.827
8.7478 -1.5636 0.0000 0.00 0.00 1.00 0 0 0 112 1 0 0 0 0 221219 165412.027
8.7787 -1.5751 0.0000 0.00 0.00 1.00 0 0 0 112 1 0 0 0 0 221219 165412.227
8.8119 -1.5829 0.0000 0.00 0.00 1.00 0 0 0 112 1 0 0 0 0 221219 165412.427
8.8486 -1.5941 0.0000 0.00 0.00 1.00 0 0 0 112 1 0 0 0 0 221219 165412.628
8.8729 -1.5995 0.0000 0.00 0.00 1.00 0 0 0 112 1 0 0 0 0 221219 165412.828
8.9044 -1.6085 0.0000 0.00 0.00 1.00 0 0 0 112 1 0 0 0 0 221219 165413.028
8.9359 -1.6174 0.0000 0.00 0.00 1.00 0 0 0 112 1 0 0 0 0 221219 165413.228
8.9659 -1.6270 0.0000 0.00 0.00 1.00 0 0 0 112 1 0 0 0 0 221219 165413.428
8.9970 -1.6345 0.0000 0.00 0.00 1.00 0 0 0 112 1 0 0 0 0 221219 165413.628
9.0397 -1.6454 0.0000 0.00 0.00 1.00 0 0 0 112 1 0 0 0 0 221219 165413.829
9.0637 -1.6515 0.0000 0.00 0.00 1.00 0 0 0 112 1 0 0 0 0 221219 165414.029
9.0972 -1.6619 0.0000 0.00 0.00 1.00 0 0 0 112 1 0 0 0 0 221219 165414.229
9.1295 -1.6710 0.0000 0.00 0.00 1.00 0 0 0 112 1 0 0 0 0 221219 165414.429
9.1629 -1.6802 0.0000 0.00 0.00 1.00 0 0 0 112 1 0 0 0 0 221219 165414.629
9.1823 -1.6824 0.0000 0.00 0.00 1.00 0 0 0 112 1 0 0 0 0 221219 165414.829
9.2281 -1.6970 0.0000 0.00 0.00 1.00 0 0 0 112 1 0 0 0 0 221219 165415.030
9.2507 -1.7033 0.0000 0.00 0.00 1.00 0 178 241 112 1 0 0 0 0 221219 165415.230
9.2885 -1.7154 0.0000 0.00 0.00 1.00 0 99 241 112 1 0 0 0 0 221219 165415.430
9.3105 -1.7217 0.0000 0.00 0.00 1.00 0 66 233 112 1 0 0 0 0 221219 165415.630
9.3492 -1.7332 0.0000 0.00 0.00 1.00 0 83 230 112 1 0 0 0 0 221219 165415.830
9.3804 -1.7416 0.0000 0.00 0.00 1.00 0 79 229 112 1 0 0 0 0 221219 165416.030
9.4096 -1.7498 0.0000 0.00 0.00 1.00 0 240 233 112 1 0 0 0 0 221219 165416.230
9.4320 -1.7567 0.0000 0.00 0.00 1.00 0 125 232 112 1 0 0 0 0 221219 165416.431
9.4588 -1.7637 0.0000 0.00 0.00 1.00 0 8 232 112 1 0 0 0 0 221219 165416.631
9.4890 -1.7697 0.0000 0.00 0.00 1.00 0 47 230 112 1 0 0 0 0 221219 165416.831
9.5175 -1.7783 0.0000 0.00 0.00 1.00 0 218 217 112 1 0 0 0 0 221219 165417.031
9.5382 -1.7824 0.0000 0.00 0.00 1.00 0 125 235 112 1 0 0 0 0 221219 165417.231
9.5728 -1.7890 0.0000 0.00 0.00 1.00 0 75 228 112 1 0 0 0 0 221219 165417.431
9.5984 -1.7934 0.0000 0.00 0.00 1.00 0 65 229 112 1 0 0 0 0 221219 165417.632
9.6270 -1.8006 0.0000 0.00 0.00 1.00 0 136 225 112 1 0 0 0 0 221219 165417.832
9.6566 -1.8056 0.0000 0.00 0.00 1.00 0 51 226 112 1 0 0 0 0 221219 165418.032
9.6847 -1.8094 0.0000 0.00 0.00 1.00 0 245 217 112 1 0 0 0 0 221219 165418.232
9.7046 -1.8097 0.0000 0.00 0.00 1.00 0 215 224 112 1 0 0 0 0 221219 165418.432
9.7393 -1.8180 0.0000 0.00 0.00 1.00 0 37 223 112 1 0 0 0 0 221219 165418.632
9.7656 -1.8201 0.0000 0.00 0.00 1.00 0 172 225 112 1 0 0 0 0 221219 165418.832
9.7920 -1.8217 0.0000 0.00 0.00 1.00 0 35 217 112 1 0 0 0 0 221219 165419.033
9.8140 -1.8241 0.0000 0.00 0.00 1.00 0 222 222 112 1 0 0 0 0 221219 165419.233
9.8405 -1.8277 0.0000 0.00 0.00 1.00 0 92 224 112 1 0 0 0 0 221219 165419.433
9.8741 -1.8272 0.0000 0.00 0.00 1.00 0 204 223 112 1 0 0 0 0 221219 165419.633
9.8979 -1.8284 0.0000 0.00 0.00 1.00 0 41 211 112 1 0 0 0 0 221219 165419.833
9.9247 -1.8277 0.0000 0.00 0.00 1.00 0 186 227 112 1 0 0 0 0 221219 165420.033
9.9473 -1.8296 0.0000 0.00 0.00 1.00 0 200 220 112 1 0 0 0 0 221219 165420.233
9.9789 -1.8324 0.0000 0.00 0.00 1.00 0 194 215 112 1 0 0 0 0 221219 165420.434
9.9974 -1.8325 0.0000 0.00 0.00 1.00 0 30 221 112 1 0 0 0 0 221219 165420.634
10.0313 -1.8327 0.0000 0.00 0.00 1.00 0 103 222 112 1 0 0 0 0 221219 165420.834
10.0560 -1.8320 0.0000 0.00 0.00 1.00 0 64 223 112 1 0 0 0 0 221219 165421.034
10.0815 -1.8302 0.0000 0.00 0.00 1.00 0 140 214 112 1 0 0 0 0 221219 165421.234
10.1050 -1.8288 0.0000 0.00 0.00 1.00 0 225 221 112 1 0 0 0 0 221219 165421.434
10.1308 -1.8270 0.0000 0.00 0.00 1.00 0 8 221 112 1 0 0 0 0 221219 165421.635
10.1520 -1.8266 0.0000 0.00 0.00 1.00 0 51 222 112 1 0 0 0 0 221219 165421.835
10.1670 -1.8271 0.0000 0.00 0.00 1.00 0 182 213 112 1 0 0 0 0 221219 165422.035
10.1987 -1.8236 0.0000 0.00 0.00 1.00 0 38 222 112 1 0 0 0 0 221219 165422.235
10.2263 -1.8193 0.0000 0.00 0.00 1.00 0 222 219 112 1 0 0 0 0 221219 165422.435
10.2425 -1.8181 0.0000 0.00 0.00 1.00 0 109 218 112 1 0 0 0 0 221219 165422.635
10.2725 -1.8158 0.0000 0.00 0.00 1.00 0 24 213 112 1 0 0 0 0 221219 165422.835
10.2988 -1.8153 0.0000 0.00 0.00 1.00 0 94 210 112 1 0 0 0 0 221219 165423.036
10.3244 -1.8133 0.0000 0.00 0.00 1.00 0 206 208 112 1 0 0 0 0 221219 165423.236
10.3460 -1.8087 0.0000 0.00 0.00 1.00 0 93 219 112 1 0 0 0 0 221219 165423.436
10.3689 -1.8054 0.0000 0.00 0.00 1.00 0 193 211 112 1 0 0 0 0 221219 165423.636
10.3889 -1.8003 0.0000 0.00 0.00 1.00 0 230 214 112 1 0 0 0 0 221219 165423.836
10.4160 -1.7945 0.0000 0.00 0.00 1.00 0 174 209 112 1 0 0 0 0 221219 165424.036
10.4418 -1.7868 0.0000 0.00 0.00 1.00 0 66 212 112 1 0 0 0 0 221219 165424.237
10.4637 -1.7799 0.0000 0.00 0.00 1.00 0 170 213 112 1 0 0 0 0 221219 165424.437
10.4862 -1.7757 0.0000 0.00 0.00 1.00 0 213 209 112 1 0 0 0 0 221219 165424.637
10.5104 -1.7671 0.0000 0.00 0.00 1.00 0 75 207 112 1 0 0 0 0 221219 165424.837
10.5390 -1.7562 0.0000 0.00 0.00 1.00 0 48 207 112 1 0 0 0 0 221219 165425.037
10.5563 -1.7494 0.0000 0.00 0.00 1.00 0 242 207 112 1 0 0 0 0 221219 165425.237
10.5830 -1.7440 0.0000 0.00 0.00 1.00 0 199 208 112 1 0 0 0 0 221219 165425.437
10.6165 -1.7290 0.0000 0.00 0.00 1.00 0 11 210 112 1 0 0 0 0 221219 165425.638
10.6366 -1.7210 0.0000 0.00 0.00 1.00 0 57 209 112 1 0 0 0 0 221219 165425.838
10.6588 -1.7108 0.0000 0.00 0.00 1.00 0 66 203 112 1 0 0 0 0 221219 165426.038
10.6774 -1.7004 0.0000 0.00 0.00 1.00 0 138 207 112 1 0 0 0 0 221219 165426.238
10.7000 -1.6912 0.0000 0.00 0.00 1.00 0 80 206 112 1 0 0 0 0 221219 165426.438
10.7206 -1.6787 0.0000 0.00 0.00 1.00 0 50 202 112 1 0 0 0 0 221219 165426.638
10.7469 -1.6659 0.0000 0.00 0.00 1.00 0 239 207 112 1 0 0 0 0 221219 165426.838
10.7612 -1.6575 0.0000 0.00 0.00 1.00 0 55 207 112 1 0 0 0 0 221219 165427.039
10.7880 -1.6439 0.0000 0.00 0.00 1.00 0 169 203 112 1 0 0 0 0 221219 165427.239
10.8034 -1.6321 0.0000 0.00 0.00 1.00 0 118 209 112 1 0 0 0 0 221219 165427.439
10.8245 -1.6191 0.0000 0.00 0.00 1.00 0 154 204 112 1 0 0 0 0 221219 165427.639
10.8431 -1.6061 0.0000 0.00 0.00 1.00 0 250 209 112 1 0 0 0 0 221219 165427.839
10.8627 -1.5929 0.0000 0.00 0.00 1.00 0 5 199 112 1 0 0 0 0 221219 165428.039
10.8908 -1.5713 0.0000 0.00 0.00 1.00 0 247 206 112 1 0 0 0 0 221219 165428.239
10.9087 -1.5559 0.0000 0.00 0.00 1.00 0 183 206 112 1 0 0 0 0 221219 165428.440
10.9259 -1.5413 0.0000 0.00 0.00 1.00 0 96 207 112 1 0 0 0 0 221219 165428.640
10.9432 -1.5254 0.0000 0.00 0.00 1.00 0 240 205 112 1 0 0 0 0 221219 165428.840
10.9652 -1.5089 0.0000 0.00 0.00 1.00 0 78 208 112 1 0 0 0 0 221219 165429.040
10.9799 -1.4926 0.0000 0.00 0.00 1.00 0 210 215 112 1 0 0 0 0 221219 165429.240
10.9964 -1.4758 0.0000 0.00 0.00 1.00 0 199 210 112 1 0 0 0 0 221219 165429.440
11.0147 -1.4570 0.0000 0.00 0.00 1.00 0 105 209 112 1 0 0 0 0 221219 165429.641
11.0317 -1.4369 0.0000 0.00 0.00 1.00 0 31 214 112 1 0 0 0 0 221219 165429.841
11.0510 -1.4182 0.0000 0.00 0.00 1.00 0 181 215 112 1 0 0 0 0 221219 165430.041
11.0653 -1.3987 0.0000 0.00 0.00 1.00 0 237 212 112 1 0 0 0 0 221219 165430.241
11.0820 -1.3798 0.0000 0.00 0.00 1.00 0 240 212 112 1 0 0 0 0 221219 165430.441
11.0979 -1.3598 0.0000 0.00 0.00 1.00 0 249 215 112 1 0 0 0 0 221219 165430.641
11.1170 -1.3379 0.0000 0.00 0.00 1.00 0 113 210 112 1 0 0 0 0 221219 165430.841
11.1355 -1.3169 0.0000 0.00 0.00 1.00 0 185 208 112 1 0 0 0 0 221219 165431.042
11.1545 -1.2964 0.0000 0.00 0.00 1.00 0 228 206 112 1 0 0 0 0 221219 165431.242
11.1670 -1.2760 0.0000 0.00 0.00 1.00 0 178 214 112 1 0 0 0 0 221219 165431.442
11.1829 -1.2569 0.0000 0.00 0.00 1.00 0 22 210 112 1 0 0 0 0 221219 165431.642
11.1950 -1.2372 0.0000 0.00 0.00 1.00 0 237 212 112 1 0 0 0 0 221219 165431.842
11.2101 -1.2168 0.0000 0.00 0.00 1.00 0 199 215 112 1 0 0 0 0 221219 165432.042
11.2246 -1.1952 0.0000 0.00 0.00 1.00 0 23 213 112 1 0 0 0 0 221219 165432.242
11.2360 -1.1744 0.0000 0.00 0.00 1.00 0 223 211 112 1 0 0 0 0 221219 165432.443
11.2470 -1.1534 0.0000 0.00 0.00 1.00 0 71 218 112 1 0 0 0 0 221219 165432.643
11.2552 -1.1344 0.0000 0.00 0.00 1.00 0 211 217 112 1 0 0 0 0 221219 165432.843
11.2715 -1.1123 0.0000 0.00 0.00 1.00 0 79 213 112 1 0 0 0 0 221219 165433.043
11.2791 -1.0891 0.0000 0.00 0.00 1.00 0 184 216 112 1 0 0 0 0 221219 165433.243
11.2930 -1.0649 0.0000 0.00 0.00 1.00 0 229 216 112 1 0 0 0 0 221219 165433.443
11.3028 -1.0433 0.0000 0.00 0.00 1.00 0 125 221 112 1 0 0 0 0 221219 165433.643
11.3149 -1.0233 0.0000 0.00 0.00 1.00 0 43 216 112 1 0 0 0 0 221219 165433.844
11.3261 -1.0032 0.0000 0.00 0.00 1.00 0 173 218 112 1 0 0 0 0 221219 165434.044
11.3312 -0.9865 0.0000 0.00 0.00 1.00 0 240 219 112 1 0 0 0 0 221219 165434.244
11.3380 -0.9653 0.0000 0.00 0.00 1.00 0 214 219 112 1 0 0 0 0 221219 165434.444
11.3419 -0.9466 0.0000 0.00 0.00 1.00 0 255 224 112 1 0 0 0 0 221219 165434.644
11.3561 -0.9206 0.0000 0.00 0.00 1.00 0 96 217 112 1 0 0 0 0 221219 165434.844
11.3635 -0.8996 0.0000 0.00 0.00 1.00 0 204 222 112 1 0 0 0 0 221219 165435.044
11.3807 -0.8741 0.0000 0.00 0.00 1.00 0 108 218 112 1 0 0 0 0 221219 165435.245
11.3925 -0.8468 0.0000 0.00 0.00 1.00 0 46 225 112 1 0 0 0 0 221219 165435.445
11.4034 -0.8206 0.0000 0.00 0.00 1.00 0 213 222 112 1 0 0 0 0 221219 165435.645
11.4131 -0.7966 0.0000 0.00 0.00 1.00 0 221 222 112 1 0 0 0 0 221219 165435.845
11.4211 -0.7739 0.0000 0.00 0.00 1.00 0 204 223 112 1 0 0 0 0 221219 165436.046
11.4238 -0.7585 0.0000 0.00 0.00 1.00 0 29 224 112 1 0 0 0 0 221219 165436.246
11.4260 -0.7373 0.0000 0.00 0.00 1.00 0 38 225 112 1 0 0 0 0 221219 165436.446
11.4301 -0.7233 0.0000 0.00 0.00 1.00 0 220 222 112 1 0 0 0 0 221219 165436.646
11.4347 -0.7046 0.0000 0.00 0.00 1.00 0 11 223 112 1 0 0 0 0 221219 165436.846
11.4370 -0.6888 0.0000 0.00 0.00 1.00 0 126 222 112 1 0 0 0 0 221219 165437.046
11.4418 -0.6817 0.0000 0.00 0.00 1.00 0 128 221 112 1 0 0 0 0 221219 165437.247
11.4452 -0.6677 0.0000 0.00 0.00 1.00 0 165 222 112 1 0 0 0 0 221219 165437.447
11.4456 -0.6583 0.0000 0.00 0.00 1.00 0 237 223 112 1 0 0 0 0 221219 165437.647
11.4510 -0.6342 0.0000 0.00 0.00 1.00 0 236 223 112 1 0 0 0 0 221219 165437.847
11.4572 -0.6110 0.0000 0.00 0.00 1.00 0 215 222 112 1 0 0 0 0 221219 165438.047
11.4598 -0.5853 0.0000 0.00 0.00 1.00 0 199 230 112 1 0 0 0 0 221219 165438.247
11.4599 -0.5622 0.0000 0.00 0.00 1.00 0 112 230 112 1 0 0 0 0 221219 165438.448
11.4654 -0.5335 0.0000 0.00 0.00 1.00 0 57 233 112 1 0 0 0 0 221219 165438.648
11.4688 -0.5068 0.0000 0.00 0.00 1.00 0 242 231 112 1 0 0 0 0 221219 165438.848
11.4737 -0.4790 0.0000 0.00 0.00 1.00 0 159 233 112 1 0 0 0 0 221219 165439.048
11.4789 -0.4495 0.0000 0.00 0.00 1.00 0 255 228 112 1 0 0 0 0 221219 165439.248
11.4847 -0.4185 0.0000 0.00 0.00 1.00 0 221 226 112 1 0 0 0 0 221219 165439.448
11.4857 -0.3907 0.0000 0.00 0.00 1.00 0 252 235 112 1 0 0 0 0 221219 165439.649
11.4943 -0.3576 0.0000 0.00 0.00 1.00 0 65 227 112 1 0 0 0 0 221219 165439.849
11.5003 -0.3326 0.0000 0.00 0.00 1.00 0 89 242 112 1 0 0 0 0 221219 165440.049
11.5033 -0.3067 0.0000 0.00 0.00 1.00 0 225 229 112 1 0 0 0 0 221219 165440.249
11.5077 -0.2764 0.0000 0.00 0.00 1.00 0 84 227 112 1 0 0 0 0 221219 165440.449
11.5112 -0.2478 0.0000 0.00 0.00 1.00 0 141 229 112 1 0 0 0 0 221219 165440.649
11.5124 -0.2163 0.0000 0.00 0.00 1.00 0 80 237 112 1 0 0 0 0 221219 165440.849
11.5143 -0.1882 0.0000 0.00 0.00 1.00 0 202 243 112 1 0 0 0 0 221219 165441.050
11.5147 -0.1586 0.0000 0.00 0.00 1.00 0 67 228 112 1 0 0 0 0 221219 165441.250
11.5131 -0.1277 0.0000 0.00 0.00 1.00 0 223 229 112 1 0 0 0 0 221219 165441.450
11.5145 -0.1008 0.0000 0.00 0.00 1.00 0 65 236 112 1 0 0 0 0 221219 165441.650
11.5110 -0.0774 0.0000 0.00 0.00 1.00 0 169 241 112 1 0 0 0 0 221219 165441.850
11.5094 -0.0443 0.0000 0.00 0.00 1.00 0 144 236 112 1 0 0 0 0 221219 165442.050
11.5162 -0.0123 0.0000 0.00 0.00 1.00 0 141 231 112 1 0 0 0 0 221219 165442.251
11.5156 0.0147 0.0000 0.00 0.00 1.00 0 196 230 112 1 0 0 0 0 221219 165442.451
11.5136 0.0448 0.0000 0.00 0.00 1.00 0 49 236 112 1 0 0 0 0 221219 165442.651
11.5116 0.0717 0.0000 0.00 0.00 1.00 0 183 238 112 1 0 0 0 0 221219 165442.851
11.5080 0.1006 0.0000 0.00 0.00 1.00 0 83 241 112 1 0 0 0 0 221219 165443.051
11.5081 0.1168 0.0000 0.00 0.00 1.00 0 204 234 112 1 0 0 0 0 221219 165443.251
11.5076 0.1479 0.0000 0.00 0.00 1.00 0 88 230 112 1 0 0 0 0 221219 165443.451
11.5066 0.1787 0.0000 0.00 0.00 1.00 0 49 233 112 1 0 0 0 0 221219 165443.652
11.5035 0.2154 0.0000 0.00 0.00 1.00 0 226 233 112 1 0 0 0 0 221219 165443.852
11.5001 0.2431 0.0000 0.00 0.00 1.00 0 199 228 112 1 0 0 0 0 221219 165444.052
11.5017 0.2697 0.0000 0.00 0.00 1.00 0 214 230 112 1 0 0 0 0 221219 165444.252
11.5051 0.2931 0.0000 0.00 0.00 1.00 0 189 227 112 1 0 0 0 0 221219 165444.452
11.5032 0.3188 0.0000 0.00 0.00 1.00 0 244 232 112 1 0 0 0 0 221219 165444.653
11.5019 0.3466 0.0000 0.00 0.00 1.00 0 50 230 112 1 0 0 0 0 221219 165444.853
11.4967 0.3767 0.0000 0.00 0.00 1.00 0 225 227 112 1 0 0 0 0 221219 165445.053
11.4953 0.4049 0.0000 0.00 0.00 1.00 0 3 229 112 1 0 0 0 0 221219 165445.253
11.4898 0.4290 0.0000 0.00 0.00 1.00 0 39 231 112 1 0 0 0 0 221219 165445.453
11.4903 0.4470 0.0000 0.00 0.00 1.00 0 70 232 112 1 0 0 0 0 221219 165445.654
11.4831 0.4813 0.0000 0.00 0.00 1.00 0 192 229 112 1 0 0 0 0 221219 165445.854
11.4809 0.5028 0.0000 0.00 0.00 1.00 0 169 227 112 1 0 0 0 0 221219 165446.054
11.4799 0.5376 0.0000 0.00 0.00 1.00 0 244 223 112 1 0 0 0 0 221219 165446.254
11.4752 0.5661 0.0000 0.00 0.00 1.00 0 45 225 112 1 0 0 0 0 221219 165446.454
11.4725 0.5853 0.0000 0.00 0.00 1.00 0 200 221 112 1 0 0 0 0 221219 165446.654
11.4631 0.6145 0.0000 0.00 0.00 1.00 0 155 225 112 1 0 0 0 0 221219 165446.854
11.4548 0.6389 0.0000 0.00 0.00 1.00 0 32 227 112 1 0 0 0 0 221219 165447.055
11.4497 0.6615 0.0000 0.00 0.00 1.00 0 245 225 112 1 0 0 0 0 221219 165447.255
11.4457 0.6855 0.0000 0.00 0.00 1.00 0 76 228 112 1 0 0 0 0 221219 165447.455
11.4371 0.7111 0.0000 0.00 0.00 1.00 0 119 228 112 1 0 0 0 0 221219 165447.655
11.4269 0.7387 0.0000 0.00 0.00 1.00 0 86 225 112 1 0 0 0 0 221219 165447.855
11.4163 0.7648 0.0000 0.00 0.00 1.00 0 8 229 112 1 0 0 0 0 221219 165448.055
11.4084 0.7907 0.0000 0.00 0.00 1.00 0 250 229 112 1 0 0 0 0 221219 165448.255
11.4016 0.8176 0.0000 0.00 0.00 1.00 0 173 225 112 1 0 0 0 0 221219 165448.456
11.3908 0.8486 0.0000 0.00 0.00 1.00 0 147 233 112 1 0 0 0 0 221219 165448.656
11.3793 0.8744 0.0000 0.00 0.00 1.00 0 98 232 112 1 0 0 0 0 221219 165448.856
11.3698 0.8935 0.0000 0.00 0.00 1.00 0 180 235 112 1 0 0 0 0 221219 165449.056
11.3585 0.9217 0.0000 0.00 0.00 1.00 0 47 234 112 1 0 0 0 0 221219 165449.256
11.3456 0.9485 0.0000 0.00 0.00 1.00 0 12 229 112 1 0 0 0 0 221219 165449.456
11.3326 0.9774 0.0000 0.00 0.00 1.00 0 249 228 112 1 0 0 0 0 221219 165449.657
11.3176 1.0021 0.0000 0.00 0.00 1.00 0 52 236 112 1 0 0 0 0 221219 165449.857
11.2998 1.0352 0.0000 0.00 0.00 1.00 0 147 238 112 1 0 0 0 0 221219 165450.057
11.2834 1.0606 0.0000 0.00 0.00 1.00 0 222 237 112 1 0 0 0 0 221219 165450.257
11.2713 1.0820 0.0000 0.00 0.00 1.00 0 14 233 112 1 0 0 0 0 221219 165450.457
11.2569 1.1091 0.0000 0.00 0.00 1.00 0 192 233 112 1 0 0 0 0 221219 165450.657
11.2415 1.1327 0.0000 0.00 0.00 1.00 0 138 238 112 1 0 0 0 0 221219 165450.857
11.2273 1.1604 0.0000 0.00 0.00 1.00 0 2 229 112 1 0 0 0 0 221219 165451.058
11.2036 1.1938 0.0000 0.00 0.00 1.00 0 34 232 112 1 0 0 0 0 221219 165451.258
11.1904 1.2154 0.0000 0.00 0.00 1.00 0 186 234 112 1 0 0 0 0 221219 165451.458
11.1742 1.2401 0.0000 0.00 0.00 1.00 0 149 230 112 1 0 0 0 0 221219 165451.658
11.1587 1.2643 0.0000 0.00 0.00 1.00 0 169 230 112 1 0 0 0 0 221219 165451.858
11.1381 1.2934 0.0000 0.00 0.00 1.00 0 186 233 112 1 0 0 0 0 221219 165452.058
11.1233 1.3081 0.0000 0.00 0.00 1.00 0 79 239 112 1 0 0 0 0 221219 165452.259
11.1089 1.3259 0.0000 0.00 0.00 1.00 0 53 236 112 1 0 0 0 0 221219 165452.459
11.0951 1.3499 0.0000 0.00 0.00 1.00 0 189 235 112 1 0 0 0 0 221219 165452.659
11.0771 1.3712 0.0000 0.00 0.00 1.00 0 99 237 112 1 0 0 0 0 221219 165452.859
11.0541 1.4016 0.0000 0.00 0.00 1.00 0 141 237 112 1 0 0 0 0 221219 165453.059
11.0394 1.4187 0.0000 0.00 0.00 1.00 0 208 238 112 1 0 0 0 0 221219 165453.259
11.0246 1.4433 0.0000 0.00 0.00 1.00 0 81 234 112 1 0 0 0 0 221219 165453.459
11.0077 1.4705 0.0000 0.00 0.00 1.00 0 205 230 112 1 0 0 0 0 221219 165453.660
10.9882 1.4943 0.0000 0.00 0.00 1.00 0 75 236 112 1 0 0 0 0 221219 165453.860
10.9676 1.5175 0.0000 0.00 0.00 1.00 0 180 236 112 1 0 0 0 0 221219 165454.060
10.9444 1.5478 0.0000 0.00 0.00 1.00 0 60 237 112 1 0 0 0 0 221219 165454.260
10.9269 1.5709 0.0000 0.00 0.00 1.00 0 37 235 112 1 0 0 0 0 221219 165454.460
10.9132 1.5872 0.0000 0.00 0.00 1.00 0 219 235 112 1 0 0 0 0 221219 165454.660
10.8936 1.6072 0.0000 0.00 0.00 1.00 0 204 242 112 1 0 0 0 0 221219 165454.861
10.8752 1.6269 0.0000 0.00 0.00 1.00 0 2 236 112 1 0 0 0 0 221219 165455.061
10.8565 1.6477 0.0000 0.00 0.00 1.00 0 145 239 112 1 0 0 0 0 221219 165455.261
10.8322 1.6733 0.0000 0.00 0.00 1.00 0 219 239 112 1 0 0 0 0 221219 165455.461
10.8170 1.6897 0.0000 0.00 0.00 1.00 0 213 237 112 1 0 0 0 0 221219 165455.661
10.7952 1.7074 0.0000 0.00 0.00 1.00 0 85 242 112 1 0 0 0 0 221219 165455.861
10.7696 1.7342 0.0000 0.00 0.00 1.00 0 234 237 112 1 0 0 0 0 221219 165456.061
10.7477 1.7551 0.0000 0.00 0.00 1.00 0 27 243 112 1 0 0 0 0 221219 165456.262
10.7257 1.7737 0.0000 0.00 0.00 1.00 0 54 242 112 1 0 0 0 0 221219 165456.462
10.7109 1.7892 0.0000 0.00 0.00 1.00 0 40 238 112 1 0 0 0 0 221219 165456.662
10.6862 1.8160 0.0000 0.00 0.00 1.00 0 113 245 112 1 0 0 0 0 221219 165456.862
10.6627 1.8387 0.0000 0.00 0.00 1.00 0 14 243 112 1 0 0 0 0 221219 165457.062
10.6419 1.8632 0.0000 0.00 0.00 1.00 0 5 240 112 1 0 0 0 0 221219 165457.262
10.6256 1.8797 0.0000 0.00 0.00 1.00 0 107 236 112 1 0 0 0 0 221219 165457.463
10.6002 1.9072 0.0000 0.00 0.00 1.00 0 60 237 112 1 0 0 0 0 221219 165457.663
10.5803 1.9182 0.0000 0.00 0.00 1.00 0 18 241 112 1 0 0 0 0 221219 165457.863
10.5660 1.9298 0.0000 0.00 0.00 1.00 0 95 244 112 1 0 0 0 0 221219 165458.063
10.5369 1.9566 0.0000 0.00 0.00 1.00 0 98 242 112 1 0 0 0 0 221219 165458.263
10.5181 1.9742 0.0000 0.00 0.00 1.00 0 13 238 112 1 0 0 0 0 221219 165458.463
10.4974 1.9963 0.0000 0.00 0.00 1.00 0 133 232 112 1 0 0 0 0 221219 165458.663
10.4731 2.0154 0.0000 0.00 0.00 1.00 0 80 238 112 1 0 0 0 0 221219 165458.863
10.4512 2.0354 0.0000 0.00 0.00 1.00 0 249 226 112 1 0 0 0 0 221219 165459.064
10.4303 2.0529 0.0000 0.00 0.00 1.00 0 243 233 112 1 0 0 0 0 221219 165459.264
10.4050 2.0727 0.0000 0.00 0.00 1.00 0 73 230 112 1 0 0 0 0 221219 165459.464
10.3808 2.0953 0.0000 0.00 0.00 1.00 0 10 233 112 1 0 0 0 0 221219 165459.664
10.3593 2.1120 0.0000 0.00 0.00 1.00 0 167 235 112 1 0 0 0 0 221219 165459.864
10.3314 2.1342 0.0000 0.00 0.00 1.00 0 108 228 112 1 0 0 0 0 221219 165500.064
10.3055 2.1535 0.0000 0.00 0.00 1.00 0 192 233 112 1 0 0 0 0 221219 165500.265
10.2895 2.1618 0.0000 0.00 0.00 1.00 0 68 237 112 1 0 0 0 0 221219 165500.465
10.2579 2.1892 0.0000 0.00 0.00 1.00 0 171 229 112 1 0 0 0 0 221219 165500.665
10.2374 2.2028 0.0000 0.00 0.00 1.00 0 232 228 112 1 0 0 0 0 221219 165500.865
10.2203 2.2177 0.0000 0.00 0.00 1.00 0 28 225 112 1 0 0 0 0 221219 165501.065
10.1920 2.2341 0.0000 0.00 0.00 1.00 0 123 235 112 1 0 0 0 0 221219 165501.265
10.1718 2.2451 0.0000 0.00 0.00 1.00 0 101 235 112 1 0 0 0 0 221219 165501.465
10.1556 2.2556 0.0000 0.00 0.00 1.00 0 152 225 112 1 0 0 0 0 221219 165501.666
10.1205 2.2835 0.0000 0.00 0.00 1.00 0 194 233 112 1 0 0 0 0 221219 165501.866
10.1040 2.2950 0.0000 0.00 0.00 1.00 0 245 238 112 1 0 0 0 0 221219 165502.066
10.0749 2.3179 0.0000 0.00 0.00 1.00 0 213 230 112 1 0 0 0 0 221219 165502.266
10.0548 2.3303 0.0000 0.00 0.00 1.00 0 201 227 112 1 0 0 0 0 221219 165502.466
10.0241 2.3479 0.0000 0.00 0.00 1.00 0 101 235 112 1 0 0 0 0 221219 165502.666
9.9963 2.3736 0.0000 0.00 0.00 1.00 0 81 222 112 1 0 0 0 0 221219 165502.866
9.9742 2.3907 0.0000 0.00 0.00 1.00 0 231 218 112 1 0 0 0 0 221219 165503.067
9.9411 2.4137 0.0000 0.00 0.00 1.00 0 13 223 112 1 0 0 0 0 221219 165503.267
9.9221 2.4270 0.0000 0.00 0.00 1.00 0 220 217 112 1 0 0 0 0 221219 165503.467
9.8981 2.4440 0.0000 0.00 0.00 1.00 0 204 227 112 1 0 0 0 0 221219 165503.667
9.8656 2.4639 0.0000 0.00 0.00 1.00 0 179 230 112 1 0 0 0 0 221219 165503.867
9.8456 2.4781 0.0000 0.00 0.00 1.00 0 171 226 112 1 0 0 0 0 221219 165504.067
9.8103 2.5124 0.0000 0.00 0.00 1.00 0 70 217 112 1 0 0 0 0 221219 165504.268
9.7861 2.5267 0.0000 0.00 0.00 1.00 0 112 222 112 1 0 0 0 0 221219 165504.468
9.7690 2.5411 0.0000 0.00 0.00 1.00 0 85 223 112 1 0 0 0 0 221219 165504.668
9.7407 2.5585 0.0000 0.00 0.00 1.00 0 95 216 112 1 0 0 0 0 221219 165504.868
9.7244 2.5645 0.0000 0.00 0.00 1.00 0 73 226 112 1 0 0 0 0 221219 165505.068
9.6934 2.5902 0.0000 0.00 0.00 1.00 0 220 211 112 1 0 0 0 0 221219 165505.268
9.6752 2.6068 0.0000 0.00 0.00 1.00 0 1 214 112 1 0 0 0 0 221219 165505.468
9.6674 2.6161 0.0000 0.00 0.00 1.00 0 184 221 112 1 0 0 0 0 221219 165505.669
9.6438 2.6250 0.0000 0.00 0.00 1.00 0 169 225 112 1 0 0 0 0 221219 165505.869
9.6224 2.6317 0.0000 0.00 0.00 1.00 0 24 227 112 1 0 0 0 0 221219 165506.069
9.6028 2.6378 0.0000 0.00 0.00 1.00 0 196 224 112 1 0 0 0 0 221219 165506.269
9.5746 2.6460 0.0000 0.00 0.00 1.00 0 219 224 112 1 0 0 0 0 221219 165506.469
9.5400 2.6557 0.0000 0.00 0.00 1.00 0 50 227 112 1 0 0 0 0 221219 165506.669
9.5184 2.6620 0.0000 0.00 0.00 1.00 0 223 228 112 1 0 0 0 0 221219 165506.869
9.4876 2.6683 0.0000 0.00 0.00 1.00 0 153 225 112 1 0 0 0 0 221219 165507.069
9.4596 2.6738 0.0000 0.00 0.00 1.00 0 164 232 112 1 0 0 0 0 221219 165507.270
9.4400 2.6802 0.0000 0.00 0.00 1.00 0 227 226 112 1 0 0 0 0 221219 165507.470
9.4068 2.6858 0.0000 0.00 0.00 1.00 0 136 231 112 1 0 0 0 0 221219 165507.670
9.3790 2.6914 0.0000 0.00 0.00 1.00 0 250 229 112 1 0 0 0 0 221219 165507.870
9.3623 2.6951 0.0000 0.00 0.00 1.00 0 186 228 112 1 0 0 0 0 221219 165508.070
9.3234 2.7021 0.0000 0.00 0.00 1.00 0 97 230 112 1 0 0 0 0 221219 165508.271
9.3023 2.7039 0.0000 0.00 0.00 1.00 0 9 234 112 1 0 0 0 0 221219 165508.471
9.2693 2.7103 0.0000 0.00 0.00 1.00 0 138 235 112 1 0 0 0 0 221219 165508.671
9.2396 2.7140 0.0000 0.00 0.00 1.00 0 238 234 112 1 0 0 0 0 221219 165508.871
9.2196 2.7147 0.0000 0.00 0.00 1.00 0 58 235 112 1 0 0 0 0 221219 165509.071
9.1844 2.7193 0.0000 0.00 0.00 1.00 0 85 229 112 1 0 0 0 0 221219 165509.271
9.1577 2.7204 0.0000 0.00 0.00 1.00 0 17 237 112 1 0 0 0 0 221219 165509.471
9.1271 2.7235 0.0000 0.00 0.00 1.00 0 171 238 112 1 0 0 0 0 221219 165509.672
9.1083 2.7239 0.0000 0.00 0.00 1.00 0 67 235 112 1 0 0 0 0 221219 165509.872
9.0703 2.7279 0.0000 0.00 0.00 1.00 0 133 240 112 1 0 0 0 0 221219 165510.072
9.0382 2.7310 0.0000 0.00 0.00 1.00 0 251 241 112 1 0 0 0 0 221219 165510.272
9.0160 2.7317 0.0000 0.00 0.00 1.00 0 207 236 112 1 0 0 0 0 221219 165510.472
8.9769 2.7346 0.0000 0.00 0.00 1.00 0 46 240 112 1 0 0 0 0 221219 165510.672
8.9481 2.7360 0.0000 0.00 0.00 1.00 0 120 246 112 1 0 0 0 0 221219 165510.872
8.9205 2.7363 0.0000 0.00 0.00 1.00 0 64 246 112 1 0 0 0 0 221219 165511.073
8.8865 2.7408 0.0000 0.00 0.00 1.00 0 225 251 112 1 0 0 0 0 221219 165511.273
8.8641 2.7415 0.0000 0.00 0.00 1.00 0 53 240 112 1 0 0 0 0 221219 165511.473
8.8266 2.7410 0.0000 0.00 0.00 1.00 0 228 245 112 1 0 0 0 0 221219 165511.673
8.7934 2.7411 0.0000 0.00 0.00 1.00 0 227 1 112 1 0 0 0 0 221219 165511.873
8.7625 2.7429 0.0000 0.00 0.00 1.00 0 123 244 112 1 0 0 0 0 221219 165512.073
8.7339 2.7417 0.0000 0.00 0.00 1.00 0 52 254 112 1 0 0 0 0 221219 165512.274
8.7103 2.7438 0.0000 0.00 0.00 1.00 0 47 247 112 1 0 0 0 0 221219 165512.474
8.6676 2.7421 0.0000 0.00 0.00 1.00 0 29 251 112 1 0 0 0 0 221219 165512.674
8.6341 2.7430 0.0000 0.00 0.00 1.00 0 76 252 112 1 0 0 0 0 221219 165512.874
8.6027 2.7429 0.0000 0.00 0.00 1.00 0 230 0 112 1 0 0 0 0 221219 165513.074
8.5709 2.7432 0.0000 0.00 0.00 1.00 0 58 3 112 1 0 0 0 0 221219 165513.274
8.5342 2.7429 0.0000 0.00 0.00 1.00 0 183 253 112 1 0 0 0 0 221219 165513.475
8.5062 2.7407 0.0000 0.00 0.00 1.00 0 140 1 112 1 0 0 0 0 221219 165513.675
8.4850 2.7421 0.0000 0.00 0.00 1.00 0 71 249 112 1 0 0 0 0 221219 165513.875
8.4573 2.7385 0.0000 0.00 0.00 1.00 0 96 253 112 1 0 0 0 0 221219 165514.075
8.4225 2.7403 0.0000 0.00 0.00 1.00 0 218 253 112 1 0 0 0 0 221219 165514.275
8.3851 2.7406 0.0000 0.00 0.00 1.00 0 0 0 112 1 0 0 0 0 221219 165514.475
8.3593 2.7412 0.0000 0.00 0.00 1.00 0 0 0 112 1 0 0 0 0 221219 165514.675
8.3242 2.7393 0.0000 0.00 0.00 1.00 0 0 0 112 1 0 0 0 0 221219 165514.875
8.3002 2.7390 0.0000 0.00 0.00 1.00 0 0 0 112 1 0 0 0 0 221219 165515.076
8.2587 2.7378 0.0000 0.00 0.00 1.00 0 0 0 112 1 0 0 0 0 221219 165515.276
8.2307 2.7362 0.0000 0.00 0.00 1.00 0 0 0 112 1 0 0 0 0 221219 165515.476
8.2065 2.7354 0.0000 0.00 0.00 1.00 0 0 0 112 1 0 0 0 0 221219 165515.676
8.1749 2.7323 0.0000 0.00 0.00 1.00 0 0 0 112 1 0 0 0 0 221219 165515.876
8.1398 2.7325 0.0000 0.00 0.00 1.00 0 0 0 112 1 0 0 0 0 221219 165516.076
8.1185 2.7330 0.0000 0.00 0.00 1.00 0 0 0 112 1 0 0 0 0 221219 165516.276
8.0772 2.7333 0.0000 0.00 0.00 1.00 0 0 0 112 1 0 0 0 0 221219 165516.477
8.0547 2.7325 0.0000 0.00 0.00 1.00 0 0 0 112 1 0 0 0 0 221219 165516.677
8.0235 2.7315 0.0000 0.00 0.00 1.00 0 0 0 112 1 0 0 0 0 221219 165516.877
7.9871 2.7295 0.0000 0.00 0.00 1.00 0 0 0 112 1 0 0 0 0 221219 165517.077
7.9682 2.7318 0.0000 0.00 0.00 1.00 0 0 0 112 1 0 0 0 0 221219 165517.277
7.9277 2.7328 0.0000 0.00 0.00 1.00 0 0 0 112 1 0 0 0 0 221219 165517.477
7.9045 2.7323 0.0000 0.00 0.00 1.00 0 0 0 112 1 0 0 0 0 221219 165517.677
7.8716 2.7358 0.0000 0.00 0.00 1.00 0 0 0 112 1 0 0 0 0 221219 165517.878
7.8335 2.7369 0.0000 0.00 0.00 1.00 0 0 0 112 1 0 0 0 0 221219 165518.078
7.8098 2.7373 0.0000 0.00 0.00 1.00 0 0 0 112 1 0 0 0 0 221219 165518.278
7.7743 2.7360 0.0000 0.00 0.00 1.00 0 0 0 112 1 0 0 0 0 221219 165518.478
7.7540 2.7343 0.0000 0.00 0.00 1.00 0 0 0 112 1 0 0 0 0 221219 165518.678
7.7147 2.7364 0.0000 0.00 0.00 1.00 0 0 0 112 1 0 0 0 0 221219 165518.878
7.6915 2.7360 0.0000 0.00 0.00 1.00 0 0 0 112 1 0 0 0 0 221219 165519.079
7.6510 2.7386 0.0000 0.00 0.00 1.00 0 0 0 112 1 0 0 0 0 221219 165519.279
7.6277 2.7363 0.0000 0.00 0.00 1.00 0 0 0 112 1 0 0 0 0 221219 165519.479
7.5954 2.7346 0.0000 0.00 0.00 1.00 0 0 0 112 1 0 0 0 0 221219 165519.679
7.5564 2.7388 0.0000 0.00 0.00 1.00 0 0 0 112 1 0 0 0 0 221219 165519.879
7.5244 2.7355 0.0000 0.00 0.00 1.00 0 0 0 112 1 0 0 0 0 221219 165520.079
7.5004 2.7385 0.0000 0.00 0.00 1.00 0 0 0 112 1 0 0 0 0 221219 165520.280
7.4613 2.7362 0.0000 0.00 0.00 1.00 0 0 0 112 1 0 0 0 0 221219 165520.480
7.4377 2.7326 0.0000 0.00 0.00 1.00 0 0 0 112 1 0 0 0 0 221219 165520.680
7.3987 2.7342 0.0000 0.00 0.00 1.00 0 236 236 112 1 0 0 0 0 221219 165520.880
7.3679 2.7335 0.0000 0.00 0.00 1.00 0 173 233 112 1 0 0 0 0 221219 165521.080
7.3392 2.7316 0.0000 0.00 0.00 1.00 0 105 243 112 1 0 0 0 0 221219 165521.280
7.3246 2.7285 0.0000 0.00 0.00 1.00 0 102 245 112 1 0 0 0 0 221219 165521.480
7.2885 2.7318 0.0000 0.00 0.00 1.00 0 147 225 112 1 0 0 0 0 221219 165521.681
7.2581 2.7303 0.0000 0.00 0.00 1.00 0 174 228 112 1 0 0 0 0 221219 165521.881
7.2246 2.7306 0.0000 0.00 0.00 1.00 0 102 230 112 1 0 0 0 0 221219 165522.081
7.1983 2.7293 0.0000 0.00 0.00 1.00 0 221 231 112 1 0 0 0 0 221219 165522.281
7.1793 2.7264 0.0000 0.00 0.00 1.00 0 176 239 112 1 0 0 0 0 221219 165522.481
7.1481 2.7249 0.0000 0.00 0.00 1.00 0 82 233 112 1 0 0 0 0 221219 165522.681
7.1156 2.7215 0.0000 0.00 0.00 1.00 0 213 232 112 1 0 0 0 0 221219 165522.882
7.0912 2.7202 0.0000 0.00 0.00 1.00 0 78 221 112 1 0 0 0 0 221219 165523.082
7.0542 2.7167 0.0000 0.00 0.00 1.00 0 67 226 112 1 0 0 0 0 221219 165523.282
7.0363 2.7101 0.0000 0.00 0.00 1.00 0 243 235 112 1 0 0 0 0 221219 165523.482
7.0042 2.7074 0.0000 0.00 0.00 1.00 0 242 226 112 1 0 0 0 0 221219 165523.682
6.9767 2.7044 0.0000 0.00 0.00 1.00 0 147 223 112 1 0 0 0 0 221219 165523.882
6.9453 2.6990 0.0000 0.00 0.00 1.00 0 43 224 112 1 0 0 0 0 221219 165524.082
6.9175 2.6952 0.0000 0.00 0.00 1.00 0 66 222 112 1 0 0 0 0 221219 165524.283
6.8944 2.6949 0.0000 0.00 0.00 1.00 0 81 217 112 1 0 0 0 0 221219 165524.483
6.8618 2.6863 0.0000 0.00 0.00 1.00 0 174 230 112 1 0 0 0 0 221219 165524.683
6.8336 2.6821 0.0000 0.00 0.00 1.00 0 147 221 112 1 0 0 0 0 221219 165524.883
6.8115 2.6767 0.0000 0.00 0.00 1.00 0 60 217 112 1 0 0 0 0 221219 165525.083
6.7909 2.6694 0.0000 0.00 0.00 1.00 0 0 227 112 1 0 0 0 0 221219 165525.283
6.7535 2.6628 0.0000 0.00 0.00 1.00 0 196 212 112 1 0 0 0 0 221219 165525.484
6.7284 2.6593 0.0000 0.00 0.00 1.00 0 130 216 112 1 0 0 0 0 221219 165525.684
6.7051 2.6518 0.0000 0.00 0.00 1.00 0 138 211 112 1 0 0 0 0 221219 165525.884
6.6818 2.6459 0.0000 0.00 0.00 1.00 0 155 220 112 1 0 0 0 0 221219 165526.084
6.6571 2.6372 0.0000 0.00 0.00 1.00 0 57 222 112 1 0 0 0 0 221219 165526.284
6.6383 2.6314 0.0000 0.00 0.00 1.00 0 168 217 112 1 0 0 0 0 221219 165526.484
6.6111 2.6217 0.0000 0.00 0.00 1.00 0 98 219 112 1 0 0 0 0 221219 165526.684
6.5931 2.6142 0.0000 0.00 0.00 1.00 0 206 218 112 1 0 0 0 0 221219 165526.885
6.5611 2.6022 0.0000 0.00 0.00 1.00 0 227 212 112 1 0 0 0 0 221219 165527.085
6.5372 2.5928 0.0000 0.00 0.00 1.00 0 46 205 112 1 0 0 0 0 221219 165527.285
6.5139 2.5848 0.0000 0.00 0.00 1.00 0 125 216 112 1 0 0 0 0 221219 165527.485
6.4937 2.5743 0.0000 0.00 0.00 1.00 0 125 219 112 1 0 0 0 0 221219 165527.685
6.4720 2.5653 0.0000 0.00 0.00 1.00 0 78 214 112 1 0 0 0 0 221219 165527.885
6.4491 2.5530 0.0000 0.00 0.00 1.00 0 91 212 112 1 0 0 0 0 221219 165528.085
6.4262 2.5393 0.0000 0.00 0.00 1.00 0 200 217 112 1 0 0 0 0 221219 165528.286
6.4030 2.5276 0.0000 0.00 0.00 1.00 0 77 209 112 1 0 0 0 0 221219 165528.486
6.3798 2.5164 0.0000 0.00 0.00 1.00 0 59 212 112 1 0 0 0 0 221219 165528.686
6.3566 2.5050 0.0000 0.00 0.00 1.00 0 166 212 112 1 0 0 0 0 221219 165528.886
6.3316 2.4934 0.0000 0.00 0.00 1.00 0 108 206 112 1 0 0 0 0 221219 165529.086
6.3097 2.4788 0.0000 0.00 0.00 1.00 0 51 209 112 1 0 0 0 0 221219 165529.286
6.2930 2.4662 0.0000 0.00 0.00 1.00 0 243 211 112 1 0 0 0 0 221219 165529.486
6.2746 2.4539 0.0000 0.00 0.00 1.00 0 201 212 112 1 0 0 0 0 221219 165529.687
6.2565 2.4408 0.0000 0.00 0.00 1.00 0 174 212 112 1 0 0 0 0 221219 165529.887
6.2357 2.4261 0.0000 0.00 0.00 1.00 0 210 212 112 1 0 0 0 0 221219 165530.087
6.2173 2.4110 0.0000 0.00 0.00 1.00 0 27 213 112 1 0 0 0 0 221219 165530.287
6.1974 2.3965 0.0000 0.00 0.00 1.00 0 172 211 112 1 0 0 0 0 221219 165530.487
6.1791 2.3829 0.0000 0.00 0.00 1.00 0 33 211 112 1 0 0 0 0 221219 165530.687
6.1625 2.3693 0.0000 0.00 0.00 1.00 0 110 213 112 1 0 0 0 0 221219 165530.887
6.1430 2.3518 0.0000 0.00 0.00 1.00 0 167 209 112 1 0 0 0 0 221219 165531.088
6.1242 2.3361 0.0000 0.00 0.00 1.00 0 192 213 112 1 0 0 0 0 221219 165531.288
6.1037 2.3198 0.0000 0.00 0.00 1.00 0 141 208 112 1 0 0 0 0 221219 165531.488
6.0855 2.3035 0.0000 0.00 0.00 1.00 0 7 209 112 1 0 0 0 0 221219 165531.688
6.0623 2.2845 0.0000 0.00 0.00 1.00 0 192 205 112 1 0 0 0 0 221219 165531.888
6.0494 2.2727 0.0000 0.00 0.00 1.00 0 61 208 112 1 0 0 0 0 221219 165532.088
6.0331 2.2564 0.0000 0.00 0.00 1.00 0 104 211 112 1 0 0 0 0 221219 165532.288
6.0133 2.2388 0.0000 0.00 0.00 1.00 0 202 206 112 1 0 0 0 0 221219 165532.489
5.9967 2.2207 0.0000 0.00 0.00 1.00 0 106 208 112 1 0 0 0 0 221219 165532.689
5.9769 2.2013 0.0000 0.00 0.00 1.00 0 170 209 112 1 0 0 0 0 221219 165532.889
5.9629 2.1818 0.0000 0.00 0.00 1.00 0 171 210 112 1 0 0 0 0 221219 165533.089
5.9483 2.1627 0.0000 0.00 0.00 1.00 0 64 205 112 1 0 0 0 0 221219 165533.289
5.9277 2.1380 0.0000 0.00 0.00 1.00 0 188 206 112 1 0 0 0 0 221219 165533.489
5.9190 2.1224 0.0000 0.00 0.00 1.00 0 49 212 112 1 0 0 0 0 221219 165533.689
5.9008 2.1024 0.0000 0.00 0.00 1.00 0 115 201 112 1 0 0 0 0 221219 165533.889
5.8869 2.0822 0.0000 0.00 0.00 1.00 0 133 209 112 1 0 0 0 0 221219 165534.090
5.8698 2.0558 0.0000 0.00 0.00 1.00 0 136 206 112 1 0 0 0 0 221219 165534.290
5.8570 2.0377 0.0000 0.00 0.00 1.00 0 152 209 112 1 0 0 0 0 221219 165534.490
5.8426 2.0207 0.0000 0.00 0.00 1.00 0 70 212 112 1 0 0 0 0 221219 165534.690
5.8285 2.0020 0.0000 0.00 0.00 1.00 0 133 206 112 1 0 0 0 0 221219 165534.890
5.8170 1.9799 0.0000 0.00 0.00 1.00 0 175 207 112 1 0 0 0 0 221219 165535.090
5.8124 1.9643 0.0000 0.00 0.00 1.00 0 157 216 112 1 0 0 0 0 221219 165535.291
5.7994 1.9433 0.0000 0.00 0.00 1.00 0 253 205 112 1 0 0 0 0 221219 165535.491
5.7873 1.9214 0.0000 0.00 0.00 1.00 0 136 209 112 1 0 0 0 0 221219 165535.691
5.7760 1.8987 0.0000 0.00 0.00 1.00 0 7 209 112 1 0 0 0 0 221219 165535.891
5.7668 1.8800 0.0000 0.00 0.00 1.00 0 241 214 112 1 0 0 0 0 221219 165536.091
5.7563 1.8546 0.0000 0.00 0.00 1.00 0 15 207 112 1 0 0 0 0 221219 165536.291
5.7506 1.8316 0.0000 0.00 0.00 1.00 0 198 207 112 1 0 0 0 0 221219 165536.491
5.7433 1.8158 0.0000 0.00 0.00 1.00 0 15 215 112 1 0 0 0 0 221219 165536.692
5.7355 1.7966 0.0000 0.00 0.00 1.00 0 80 207 112 1 0 0 0 0 221219 165536.892
5.7294 1.7764 0.0000 0.00 0.00 1.00 0 255 211 112 1 0 0 0 0 221219 165537.092
5.7186 1.7486 0.0000 0.00 0.00 1.00 0 235 211 112 1 0 0 0 0 221219 165537.292
5.7132 1.7322 0.0000 0.00 0.00 1.00 0 1 212 112 1 0 0 0 0 221219 165537.492
5.7084 1.7121 0.0000 0.00 0.00 1.00 0 170 216 112 1 0 0 0 0 221219 165537.692
5.7018 1.6891 0.0000 0.00 0.00 1.00 0 196 210 112 1 0 0 0 0 221219 165537.892
5.6973 1.6680 0.0000 0.00 0.00 1.00 0 187 213 112 1 0 0 0 0 221219 165538.093
5.6891 1.6430 0.0000 0.00 0.00 1.00 0 106 212 112 1 0 0 0 0 221219 165538.293
5.6813 1.6163 0.0000 0.00 0.00 1.00 0 149 220 112 1 0 0 0 0 221219 165538.493
5.6761 1.5838 0.0000 0.00 0.00 1.00 0 223 216 112 1 0 0 0 0 221219 165538.693
5.6715 1.5617 0.0000 0.00 0.00 1.00 0 99 217 112 1 0 0 0 0 221219 165538.893
5.6685 1.5349 0.0000 0.00 0.00 1.00 0 156 222 112 1 0 0 0 0 221219 165539.093
5.6652 1.5123 0.0000 0.00 0.00 1.00 0 211 216 112 1 0 0 0 0 221219 165539.293
5.6623 1.4926 0.0000 0.00 0.00 1.00 0 108 220 112 1 0 0 0 0 221219 165539.494
5.6588 1.4659 0.0000 0.00 0.00 1.00 0 63 221 112 1 0 0 0 0 221219 165539.694
5.6525 1.4387 0.0000 0.00 0.00 1.00 0 85 220 112 1 0 0 0 0 221219 165539.894
5.6466 1.4143 0.0000 0.00 0.00 1.00 0 193 218 112 1 0 0 0 0 221219 165540.094
5.6457 1.3816 0.0000 0.00 0.00 1.00 0 26 223 112 1 0 0 0 0 221219 165540.294
5.6393 1.3512 0.0000 0.00 0.00 1.00 0 42 225 112 1 0 0 0 0 221219 165540.494
5.6334 1.3259 0.0000 0.00 0.00 1.00 0 218 221 112 1 0 0 0 0 221219 165540.695
5.6298 1.3066 0.0000 0.00 0.00 1.00 0 69 221 112 1 0 0 0 0 221219 165540.895
5.6242 1.2862 0.0000 0.00 0.00 1.00 0 104 224 112 1 0 0 0 0 221219 165541.095
5.6160 1.2613 0.0000 0.00 0.00 1.00 0 239 220 112 1 0 0 0 0 221219 165541.295
5.6119 1.2486 0.0000 0.00 0.00 1.00 0 175 220 112 1 0 0 0 0 221219 165541.495
5.6039 1.2164 0.0000 0.00 0.00 1.00 0 137 222 112 1 0 0 0 0 221219 165541.695
5.5984 1.2007 0.0000 0.00 0.00 1.00 0 105 218 112 1 0 0 0 0 221219 165541.896
5.5943 1.1773 0.0000 0.00 0.00 1.00 0 249 219 112 1 0 0 0 0 221219 165542.096
5.5910 1.1563 0.0000 0.00 0.00 1.00 0 43 227 112 1 0 0 0 0 221219 165542.296
5.5875 1.1400 0.0000 0.00 0.00 1.00 0 191 226 112 1 0 0 0 0 221219 165542.496
5.5853 1.1046 0.0000 0.00 0.00 1.00 0 154 232 112 1 0 0 0 0 221219 165542.696
5.5847 1.0769 0.0000 0.00 0.00 1.00 0 164 228 112 1 0 0 0 0 221219 165542.896
5.5869 1.0482 0.0000 0.00 0.00 1.00 0 104 232 112 1 0 0 0 0 221219 165543.096
5.5872 1.0245 0.0000 0.00 0.00 1.00 0 231 228 112 1 0 0 0 0 221219 165543.297
5.5837 0.9992 0.0000 0.00 0.00 1.00 0 84 230 112 1 0 0 0 0 221219 165543.497
5.5876 0.9695 0.0000 0.00 0.00 1.00 0 175 238 112 1 0 0 0 0 221219 165543.697
5.5893 0.9432 0.0000 0.00 0.00 1.00 0 30 232 112 1 0 0 0 0 221219 165543.897
5.5918 0.9119 0.0000 0.00 0.00 1.00 0 223 238 112 1 0 0 0 0 221219 165544.097
5.5975 0.8821 0.0000 0.00 0.00 1.00 0 136 240 112 1 0 0 0 0 221219 165544.297
5.6003 0.8534 0.0000 0.00 0.00 1.00 0 51 241 112 1 0 0 0 0 221219 165544.498
5.6046 0.8225 0.0000 0.00 0.00 1.00 0 36 247 112 1 0 0 0 0 221219 165544.698
5.6078 0.7942 0.0000 0.00 0.00 1.00 0 226 242 112 1 0 0 0 0 221219 165544.898
5.6118 0.7663 0.0000 0.00 0.00 1.00 0 119 249 112 1 0 0 0 0 221219 165545.098
5.6123 0.7394 0.0000 0.00 0.00 1.00 0 28 241 112 1 0 0 0 0 221219 165545.298
5.6162 0.7066 0.0000 0.00 0.00 1.00 0 226 240 112 1 0 0 0 0 221219 165545.498
5.6186 0.6864 0.0000 0.00 0.00 1.00 0 82 240 112 1 0 0 0 0 221219 165545.699
5.6163 0.6513 0.0000 0.00 0.00 1.00 0 253 242 112 1 0 0 0 0 221219 165545.899
5.6183 0.6227 0.0000 0.00 0.00 1.00 0 24 245 112 1 0 0 0 0 221219 165546.099
5.6178 0.5924 0.0000 0.00 0.00 1.00 0 227 247 112 1 0 0 0 0 221219 165546.299
5.6245 0.5615 0.0000 0.00 0.00 1.00 0 116 253 112 1 0 0 0 0 221219 165546.499
5.6319 0.5302 0.0000 0.00 0.00 1.00 0 82 1 112 1 0 0 0 0 221219 165546.699
5.6363 0.4982 0.0000 0.00 0.00 1.00 0 213 255 112 1 0 0 0 0 221219 165546.900
5.6395 0.4761 0.0000 0.00 0.00 1.00 0 173 252 112 1 0 0 0 0 221219 165547.100
5.6467 0.4417 0.0000 0.00 0.00 1.00 0 213 6 112 1 0 0 0 0 221219 165547.300
5.6510 0.4111 0.0000 0.00 0.00 1.00 0 0 0 112 1 0 0 0 0 221219 165547.500
5.6556 0.3877 0.0000 0.00 0.00 1.00 0 0 0 112 1 0 0 0 0 221219 165547.700
5.6640 0.3512 0.0000 0.00 0.00 1.00 0 163 66 112 1 0 0 0 0 221219 165547.900
