-5.3134 5.9310 0.0000 0.00 0.00 1.00 0 0 0 127 0 0 0 0 0 030619 200210.971
-5.3120 5.9320 0.0000 0.00 0.00 1.00 0 0 0 127 0 0 0 0 0 030619 200211.171
-5.3138 5.9298 0.0000 0.00 0.00 1.00 0 0 0 127 0 0 0 0 0 030619 200211.371
-5.3124 5.9307 0.0000 0.00 0.00 1.00 0 0 0 127 0 0 0 0 0 030619 200211.571
-5.3134 5.9312 0.0000 0.00 0.00 1.00 0 0 0 127 0 0 0 0 0 030619 200211.771
-5.3134 5.9310 0.0000 0.00 0.00 1.00 0 0 0 127 0 0 0 0 0 030619 200211.972
-5.3151 5.9306 0.0000 0.00 0.00 1.00 0 0 0 127 0 0 0 0 0 030619 200212.172
-5.3139 5.9311 0.0000 0.00 0.00 1.00 0 0 0 127 0 0 0 0 0 030619 200212.372
-5.3137 5.9324 0.0000 0.00 0.00 1.00 0 0 0 127 0 0 0 0 0 030619 200212.572
-5.3112 5.9324 0.0000 0.00 0.00 1.00 0 0 0 127 0 0 0 0 0 030619 200212.772
-5.3123 5.9316 0.0000 0.00 0.00 1.00 0 0 0 127 0 0 0 0 0 030619 200212.972
-5.3128 5.9318 0.0000 0.00 0.00 1.00 0 0 0 127 0 0 0 0 0 030619 200213.172
-5.3150 5.9321 0.0000 0.00 0.00 1.00 0 0 0 127 0 0 0 0 0 030619 200213.373
