-0.2680 0.0134 0.0000 0.00 0.00 1.00 0 0 0 112 1 0 0 0 0 231219 194430.199
-0.2664 0.0159 0.0000 0.00 0.00 1.00 0 0 0 112 1 0 0 0 0 231219 194430.399
-0.2699 0.0173 0.0000 0.00 0.00 1.00 0 0 0 112 1 0 0 0 0 231219 194430.599
-0.2921 0.0113 0.0000 0.00 0.00 1.00 0 0 0 112 1 0 0 0 0 231219 194430.800
-0.3647 0.0018 0.0000 0.00 0.00 1.00 0 0 0 112 1 0 0 0 0 231219 194431.000
-0.4157 -0.0067 0.0000 0.00 0.00 1.00 0 0 0 112 1 0 0 0 0 231219 194431.200
-0.4663 -0.0084 0.0000 0.00 0.00 1.00 0 0 0 112 1 0 0 0 0 231219 194431.401
-0.4873 -0.0106 0.0000 0.00 0.00 1.00 0 0 0 112 1 0 0 0 0 231219 194431.601
-0.5129 -0.0099 0.0000 0.00 0.00 1.00 0 0 0 112 1 0 0 0 0 231219 194431.801
-0.5370 -0.0183 0.0000 0.00 0.00 1.00 0 0 0 112 1 0 0 0 0 231219 194432.002
-0.5631 -0.0255 0.0000 0.00 0.00 1.00 0 0 0 112 1 0 0 0 0 231219 194432.202
-0.6059 -0.0253 0.0000 0.00 0.00 1.00 0 0 0 112 1 0 0 0 0 231219 194432.402
-0.6526 -0.0307 0.0000 0.00 0.00 1.00 0 0 0 112 1 0 0 0 0 231219 194432.602
-0.6872 -0.0309 0.0000 0.00 0.00 1.00 0 0 0 112 1 0 0 0 0 231219 194432.802
-0.7252 -0.0361 0.0000 0.00 0.00 1.00 0 0 0 112 1 0 0 0 0 231219 194433.002
-0.7543 -0.0397 0.0000 0.00 0.00 1.00 0 0 0 112 1 0 0 0 0 231219 194433.203
-0.7804 -0.0434 0.0000 0.00 0.00 1.00 0 0 0 112 1 0 0 0 0 231219 194433.403
-0.8124 -0.0480 0.0000 0.00 0.00 1.00 0 0 0 112 1 0 0 0 0 231219 194433.603
-0.8454 -0.0520 0.0000 0.00 0.00 1.00 0 0 0 112 1 0 0 0 0 231219 194433.804
-0.8751 -0.0536 0.0000 0.00 0.00 1.00 0 0 0 112 1 0 0 0 0 231219 194434.004
-0.9194 -0.0579 0.0000 0.00 0.00 1.00 0 0 0 112 1 0 0 0 0 231219 194434.204
-0.9525 -0.0678 0.0000 0.00 0.00 1.00 0 0 0 112 1 0 0 0 0 231219 194434.404
-0.9835 -0.0730 0.0000 0.00 0.00 1.00 0 0 0 112 1 0 0 0 0 231219 194434.605
-1.0162 -0.0771 0.0000 0.00 0.00 1.00 0 0 0 112 1 0 0 0 0 231219 194434.805
-1.0536 -0.0817 0.0000 0.00 0.00 1.00 0 0 0 112 1 0 0 0 0 231219 194435.005
-1.0926 -0.0847 0.0000 0.00 0.00 1.00 0 0 0 112 1 0 0 0 0 231219 194435.205
-1.1325 -0.0891 0.0000 0.00 0.00 1.00 0 0 0 112 1 0 0 0 0 231219 194435.405
-1.1695 -0.0945 0.0000 0.00 0.00 1.00 0 0 0 112 1 0 0 0 0 231219 194435.606
-1.2048 -0.0979 0.0000 0.00 0.00 1.00 0 0 0 112 1 0 0 0 0 231219 194435.806
-1.2323 -0.1047 0.0000 0.00 0.00 1.00 0 0 0 112 1 0 0 0 0 231219 194436.006
-1.2660 -0.1087 0.0000 0.00 0.00 1.00 0 0 0 112 1 0 0 0 0 231219 194436.207
-1.2971 -0.1088 0.0000 0.00 0.00 1.00 0 0 0 112 1 0 0 0 0 231219 194436.407
-1.3304 -0.1146 0.0000 0.00 0.00 1.00 0 0 0 112 1 0 0 0 0 231219 194436.607
-1.3647 -0.1212 0.0000 0.00 0.00 1.00 0 0 0 112 1 0 0 0 0 231219 194436.808
-1.4034 -0.1252 0.0000 0.00 0.00 1.00 0 0 0 112 1 0 0 0 0 231219 194437.008
-1.4329 -0.1256 0.0000 0.00 0.00 1.00 0 0 0 112 1 0 0 0 0 231219 194437.208
-1.4648 -0.1260 0.0000 0.00 0.00 1.00 0 0 0 112 1 0 0 0 0 231219 194437.408
-1.4923 -0.1334 0.0000 0.00 0.00 1.00 0 0 0 112 1 0 0 0 0 231219 194437.608
-1.5226 -0.1388 0.0000 0.00 0.00 1.00 0 0 0 112 1 0 0 0 0 231219 194437.808
-1.5571 -0.1471 0.0000 0.00 0.00 1.00 0 0 0 112 1 0 0 0 0 231219 194438.008
-1.5925 -0.1488 0.0000 0.00 0.00 1.00 0 0 0 112 1 0 0 0 0 231219 194438.208
-1.6247 -0.1528 0.0000 0.00 0.00 1.00 0 0 0 112 1 0 0 0 0 231219 194438.409
-1.6589 -0.1595 0.0000 0.00 0.00 1.00 0 0 0 112 1 0 0 0 0 231219 194438.609
-1.6854 -0.1639 0.0000 0.00 0.00 1.00 0 0 0 112 1 0 0 0 0 231219 194438.809
-1.7132 -0.1693 0.0000 0.00 0.00 1.00 0 0 0 112 1 0 0 0 0 231219 194439.010
-1.7542 -0.1697 0.0000 0.00 0.00 1.00 0 0 0 112 1 0 0 0 0 231219 194439.210
-1.7880 -0.1729 0.0000 0.00 0.00 1.00 0 0 0 112 1 0 0 0 0 231219 194439.410
-1.8207 -0.1795 0.0000 0.00 0.00 1.00 0 0 0 112 1 0 0 0 0 231219 194439.610
-1.8524 -0.1847 0.0000 0.00 0.00 1.00 0 0 0 112 1 0 0 0 0 231219 194439.810
-1.8869 -0.1925 0.0000 0.00 0.00 1.00 0 0 0 112 1 0 0 0 0 231219 194440.011
-1.9255 -0.1972 0.0000 0.00 0.00 1.00 0 0 0 112 1 0 0 0 0 231219 194440.211
-1.9618 -0.2039 0.0000 0.00 0.00 1.00 0 0 0 112 1 0 0 0 0 231219 194440.411
-1.9996 -0.2114 0.0000 0.00 0.00 1.00 0 0 0 112 1 0 0 0 0 231219 194440.611
-2.0282 -0.2142 0.0000 0.00 0.00 1.00 0 0 0 112 1 0 0 0 0 231219 194440.811
-2.0618 -0.2175 0.0000 0.00 0.00 1.00 0 0 0 112 1 0 0 0 0 231219 194441.012
-2.0988 -0.2181 0.0000 0.00 0.00 1.00 0 0 0 112 1 0 0 0 0 231219 194441.212
-2.1314 -0.2267 0.0000 0.00 0.00 1.00 0 0 0 112 1 0 0 0 0 231219 194441.412
-2.1574 -0.2313 0.0000 0.00 0.00 1.00 0 0 0 112 1 0 0 0 0 231219 194441.613
-2.1892 -0.2348 0.0000 0.00 0.00 1.00 0 0 0 112 1 0 0 0 0 231219 194441.813
-2.2219 -0.2422 0.0000 0.00 0.00 1.00 0 0 0 112 1 0 0 0 0 231219 194442.013
-2.2606 -0.2438 0.0000 0.00 0.00 1.00 0 0 0 112 1 0 0 0 0 231219 194442.214
-2.3020 -0.2494 0.0000 0.00 0.00 1.00 0 0 0 112 1 0 0 0 0 231219 194442.414
-2.3346 -0.2601 0.0000 0.00 0.00 1.00 0 0 0 112 1 0 0 0 0 231219 194442.614
-2.3688 -0.2621 0.0000 0.00 0.00 1.00 0 0 0 112 1 0 0 0 0 231219 194442.814
-2.3997 -0.2612 0.0000 0.00 0.00 1.00 0 0 0 112 1 0 0 0 0 231219 194443.014
-2.4333 -0.2683 0.0000 0.00 0.00 1.00 0 0 0 112 1 0 0 0 0 231219 194443.214
-2.4678 -0.2699 0.0000 0.00 0.00 1.00 0 0 0 112 1 0 0 0 0 231219 194443.415
-2.5042 -0.2729 0.0000 0.00 0.00 1.00 0 0 0 112 1 0 0 0 0 231219 194443.615
-2.5336 -0.2848 0.0000 0.00 0.00 1.00 0 0 0 112 1 0 0 0 0 231219 194443.815
-2.5717 -0.2929 0.0000 0.00 0.00 1.00 0 0 0 112 1 0 0 0 0 231219 194444.015
-2.6029 -0.2926 0.0000 0.00 0.00 1.00 0 0 0 112 1 0 0 0 0 231219 194444.215
-2.6333 -0.2916 0.0000 0.00 0.00 1.00 0 0 0 112 1 0 0 0 0 231219 194444.415
-2.6681 -0.2944 0.0000 0.00 0.00 1.00 0 0 0 112 1 0 0 0 0 231219 194444.616
-2.7004 -0.2985 0.0000 0.00 0.00 1.00 0 0 0 112 1 0 0 0 0 231219 194444.816
-2.7304 -0.3110 0.0000 0.00 0.00 1.00 0 0 0 112 1 0 0 0 0 231219 194445.016
-2.7637 -0.3148 0.0000 0.00 0.00 1.00 0 0 0 112 1 0 0 0 0 231219 194445.216
-2.7982 -0.3180 0.0000 0.00 0.00 1.00 0 0 0 112 1 0 0 0 0 231219 194445.416
-2.8338 -0.3209 0.0000 0.00 0.00 1.00 0 0 0 112 1 0 0 0 0 231219 194445.616
-2.8672 -0.3260 0.0000 0.00 0.00 1.00 0 0 0 112 1 0 0 0 0 231219 194445.817
-2.9067 -0.3293 0.0000 0.00 0.00 1.00 0 0 0 112 1 0 0 0 0 231219 194446.017
-2.9425 -0.3308 0.0000 0.00 0.00 1.00 0 0 0 112 1 0 0 0 0 231219 194446.217
-2.9770 -0.3375 0.0000 0.00 0.00 1.00 0 0 0 112 1 0 0 0 0 231219 194446.418
-3.0120 -0.3459 0.0000 0.00 0.00 1.00 0 0 0 112 1 0 0 0 0 231219 194446.618
-3.0472 -0.3513 0.0000 0.00 0.00 1.00 0 0 0 112 1 0 0 0 0 231219 194446.818
-3.0712 -0.3562 0.0000 0.00 0.00 1.00 0 0 0 112 1 0 0 0 0 231219 194447.018
-3.0957 -0.3580 0.0000 0.00 0.00 1.00 0 0 0 112 1 0 0 0 0 231219 194447.218
-3.1354 -0.3607 0.0000 0.00 0.00 1.00 0 0 0 112 1 0 0 0 0 231219 194447.418
-3.1788 -0.3617 0.0000 0.00 0.00 1.00 0 0 0 112 1 0 0 0 0 231219 194447.619
-3.2150 -0.3735 0.0000 0.00 0.00 1.00 0 0 0 112 1 0 0 0 0 231219 194447.819
-3.2480 -0.3828 0.0000 0.00 0.00 1.00 0 0 0 112 1 0 0 0 0 231219 194448.019
-3.2818 -0.3888 0.0000 0.00 0.00 1.00 0 0 0 112 1 0 0 0 0 231219 194448.220
-3.3181 -0.3954 0.0000 0.00 0.00 1.00 0 0 0 112 1 0 0 0 0 231219 194448.420
-3.3498 -0.3954 0.0000 0.00 0.00 1.00 0 0 0 112 1 0 0 0 0 231219 194448.620
-3.3848 -0.3963 0.0000 0.00 0.00 1.00 0 0 0 112 1 0 0 0 0 231219 194448.820
-3.4076 -0.4010 0.0000 0.00 0.00 1.00 0 0 0 112 1 0 0 0 0 231219 194449.020
-3.4384 -0.4095 0.0000 0.00 0.00 1.00 0 0 0 112 1 0 0 0 0 231219 194449.221
-3.4796 -0.4190 0.0000 0.00 0.00 1.00 0 208 10 112 1 0 0 0 0 231219 194449.421
-3.5192 -0.4205 0.0000 0.00 0.00 1.00 0 0 0 112 1 0 0 0 0 231219 194449.621
-3.5538 -0.4224 0.0000 0.00 0.00 1.00 0 0 0 112 1 0 0 0 0 231219 194449.821
-3.5800 -0.4300 0.0000 0.00 0.00 1.00 0 232 9 112 1 0 0 0 0 231219 194450.021
-3.6084 -0.4353 0.0000 0.00 0.00 1.00 0 205 9 112 1 0 0 0 0 231219 194450.222
-3.6474 -0.4358 0.0000 0.00 0.00 1.00 0 33 8 112 1 0 0 0 0 231219 194450.422
-3.6809 -0.4404 0.0000 0.00 0.00 1.00 0 132 8 112 1 0 0 0 0 231219 194450.622
-3.7088 -0.4390 0.0000 0.00 0.00 1.00 0 0 0 112 1 0 0 0 0 231219 194450.822
-3.7394 -0.4434 0.0000 0.00 0.00 1.00 0 0 0 112 1 0 0 0 0 231219 194451.023
-3.7775 -0.4558 0.0000 0.00 0.00 1.00 0 45 10 112 1 0 0 0 0 231219 194451.223
-3.8076 -0.4629 0.0000 0.00 0.00 1.00 0 243 10 112 1 0 0 0 0 231219 194451.423
-3.8422 -0.4664 0.0000 0.00 0.00 1.00 0 72 10 112 1 0 0 0 0 231219 194451.623
-3.8712 -0.4687 0.0000 0.00 0.00 1.00 0 139 9 112 1 0 0 0 0 231219 194451.823
-3.8969 -0.4712 0.0000 0.00 0.00 1.00 0 128 9 112 1 0 0 0 0 231219 194452.024
-3.9283 -0.4782 0.0000 0.00 0.00 1.00 0 97 20 112 1 0 0 0 0 231219 194452.224
-3.9591 -0.4833 0.0000 0.00 0.00 1.00 0 61 11 112 1 0 0 0 0 231219 194452.424
-3.9908 -0.4871 0.0000 0.00 0.00 1.00 0 233 10 112 1 0 0 0 0 231219 194452.624
-4.0219 -0.4873 0.0000 0.00 0.00 1.00 0 150 251 112 1 0 0 0 0 231219 194452.825
-4.0500 -0.4908 0.0000 0.00 0.00 1.00 0 253 7 112 1 0 0 0 0 231219 194453.025
-4.0753 -0.4937 0.0000 0.00 0.00 1.00 0 125 5 112 1 0 0 0 0 231219 194453.225
-4.1045 -0.4968 0.0000 0.00 0.00 1.00 0 202 7 112 1 0 0 0 0 231219 194453.425
-4.1377 -0.5004 0.0000 0.00 0.00 1.00 0 216 7 112 1 0 0 0 0 231219 194453.625
-4.1749 -0.4948 0.0000 0.00 0.00 1.00 0 0 0 112 1 0 0 0 0 231219 194453.825
-4.2120 -0.4973 0.0000 0.00 0.00 1.00 0 0 0 112 1 0 0 0 0 231219 194454.026
-4.2463 -0.5055 0.0000 0.00 0.00 1.00 0 0 0 112 1 0 0 0 0 231219 194454.226
-4.2856 -0.5094 0.0000 0.00 0.00 1.00 0 0 0 112 1 0 0 0 0 231219 194454.426
-4.3156 -0.5181 0.0000 0.00 0.00 1.00 0 0 0 112 1 0 0 0 0 231219 194454.626
-4.3441 -0.5247 0.0000 0.00 0.00 1.00 0 0 0 112 1 0 0 0 0 231219 194454.826
-4.3850 -0.5254 0.0000 0.00 0.00 1.00 0 0 0 112 1 0 0 0 0 231219 194455.026
-4.4227 -0.5273 0.0000 0.00 0.00 1.00 0 0 0 112 1 0 0 0 0 231219 194455.227
-4.4571 -0.5296 0.0000 0.00 0.00 1.00 0 0 0 112 1 0 0 0 0 231219 194455.427
-4.4910 -0.5270 0.0000 0.00 0.00 1.00 0 0 0 112 1 0 0 0 0 231219 194455.627
-4.5156 -0.5331 0.0000 0.00 0.00 1.00 0 0 0 112 1 0 0 0 0 231219 194455.827
-4.5472 -0.5366 0.0000 0.00 0.00 1.00 0 0 0 112 1 0 0 0 0 231219 194456.028
-4.5854 -0.5380 0.0000 0.00 0.00 1.00 0 0 0 112 1 0 0 0 0 231219 194456.228
-4.6280 -0.5372 0.0000 0.00 0.00 1.00 0 0 0 112 1 0 0 0 0 231219 194456.428
-4.6590 -0.5448 0.0000 0.00 0.00 1.00 0 0 0 112 1 0 0 0 0 231219 194456.628
-4.6882 -0.5504 0.0000 0.00 0.00 1.00 0 0 0 112 1 0 0 0 0 231219 194456.829
-4.7195 -0.5538 0.0000 0.00 0.00 1.00 0 0 0 112 1 0 0 0 0 231219 194457.029
-4.7534 -0.5521 0.0000 0.00 0.00 1.00 0 0 0 112 1 0 0 0 0 231219 194457.229
-4.7905 -0.5483 0.0000 0.00 0.00 1.00 0 0 0 112 1 0 0 0 0 231219 194457.429
-4.8284 -0.5579 0.0000 0.00 0.00 1.00 0 0 0 112 1 0 0 0 0 231219 194457.630
-4.8668 -0.5649 0.0000 0.00 0.00 1.00 0 0 0 112 1 0 0 0 0 231219 194457.830
-4.8965 -0.5674 0.0000 0.00 0.00 1.00 0 218 255 112 1 0 0 0 0 231219 194458.030
-4.9322 -0.5711 0.0000 0.00 0.00 1.00 0 53 241 112 1 0 0 0 0 231219 194458.230
-4.9652 -0.5693 0.0000 0.00 0.00 1.00 0 90 236 112 1 0 0 0 0 231219 194458.430
-4.9971 -0.5728 0.0000 0.00 0.00 1.00 0 92 238 112 1 0 0 0 0 231219 194458.630
-5.0285 -0.5753 0.0000 0.00 0.00 1.00 0 128 236 112 1 0 0 0 0 231219 194458.830
-5.0600 -0.5808 0.0000 0.00 0.00 1.00 0 174 236 112 1 0 0 0 0 231219 194459.031
-5.0883 -0.5864 0.0000 0.00 0.00 1.00 0 157 235 112 1 0 0 0 0 231219 194459.231
-5.1160 -0.5846 0.0000 0.00 0.00 1.00 0 144 233 112 1 0 0 0 0 231219 194459.431
-5.1462 -0.5872 0.0000 0.00 0.00 1.00 0 72 232 112 1 0 0 0 0 231219 194459.631
-5.1855 -0.5903 0.0000 0.00 0.00 1.00 0 117 229 112 1 0 0 0 0 231219 194459.831
-5.2180 -0.5932 0.0000 0.00 0.00 1.00 0 242 227 112 1 0 0 0 0 231219 194500.031
-5.2462 -0.5965 0.0000 0.00 0.00 1.00 0 148 235 112 1 0 0 0 0 231219 194500.232
-5.2722 -0.6013 0.0000 0.00 0.00 1.00 0 5 228 112 1 0 0 0 0 231219 194500.432
-5.3017 -0.6075 0.0000 0.00 0.00 1.00 0 26 227 112 1 0 0 0 0 231219 194500.632
-5.3318 -0.6130 0.0000 0.00 0.00 1.00 0 182 224 112 1 0 0 0 0 231219 194500.832
-5.3684 -0.6153 0.0000 0.00 0.00 1.00 0 74 221 112 1 0 0 0 0 231219 194501.033
-5.4049 -0.6178 0.0000 0.00 0.00 1.00 0 244 218 112 1 0 0 0 0 231219 194501.233
-5.4387 -0.6227 0.0000 0.00 0.00 1.00 0 126 217 112 1 0 0 0 0 231219 194501.433
-5.4684 -0.6298 0.0000 0.00 0.00 1.00 0 132 201 112 1 0 0 0 0 231219 194501.633
-5.5003 -0.6346 0.0000 0.00 0.00 1.00 0 99 215 112 1 0 0 0 0 231219 194501.833
-5.5306 -0.6464 0.0000 0.00 0.00 1.00 0 24 228 112 1 0 0 0 0 231219 194502.034
-5.5586 -0.6512 0.0000 0.00 0.00 1.00 0 197 213 112 1 0 0 0 0 231219 194502.234
-5.5943 -0.6564 0.0000 0.00 0.00 1.00 0 45 207 112 1 0 0 0 0 231219 194502.434
-5.6259 -0.6650 0.0000 0.00 0.00 1.00 0 165 207 112 1 0 0 0 0 231219 194502.634
-5.6539 -0.6756 0.0000 0.00 0.00 1.00 0 0 208 112 1 0 0 0 0 231219 194502.835
-5.6775 -0.6853 0.0000 0.00 0.00 1.00 0 44 207 112 1 0 0 0 0 231219 194503.035
-5.7058 -0.6899 0.0000 0.00 0.00 1.00 0 214 205 112 1 0 0 0 0 231219 194503.235
-5.7331 -0.6940 0.0000 0.00 0.00 1.00 0 231 202 112 1 0 0 0 0 231219 194503.435
-5.7579 -0.7064 0.0000 0.00 0.00 1.00 0 240 202 112 1 0 0 0 0 231219 194503.635
-5.7903 -0.7225 0.0000 0.00 0.00 1.00 0 150 199 112 1 0 0 0 0 231219 194503.836
-5.8239 -0.7336 0.0000 0.00 0.00 1.00 0 28 198 112 1 0 0 0 0 231219 194504.036
-5.8519 -0.7377 0.0000 0.00 0.00 1.00 0 69 196 112 1 0 0 0 0 231219 194504.236
-5.8783 -0.7488 0.0000 0.00 0.00 1.00 0 251 195 112 1 0 0 0 0 231219 194504.436
-5.9071 -0.7615 0.0000 0.00 0.00 1.00 0 237 207 112 1 0 0 0 0 231219 194504.636
-5.9290 -0.7790 0.0000 0.00 0.00 1.00 0 196 194 112 1 0 0 0 0 231219 194504.837
-5.9556 -0.7971 0.0000 0.00 0.00 1.00 0 164 193 112 1 0 0 0 0 231219 194505.037
-5.9797 -0.8098 0.0000 0.00 0.00 1.00 0 61 193 112 1 0 0 0 0 231219 194505.237
-6.0076 -0.8216 0.0000 0.00 0.00 1.00 0 45 191 112 1 0 0 0 0 231219 194505.437
-6.0311 -0.8368 0.0000 0.00 0.00 1.00 0 200 190 112 1 0 0 0 0 231219 194505.637
-6.0595 -0.8488 0.0000 0.00 0.00 1.00 0 100 187 112 1 0 0 0 0 231219 194505.837
-6.0862 -0.8699 0.0000 0.00 0.00 1.00 0 147 188 112 1 0 0 0 0 231219 194506.038
-6.1074 -0.8906 0.0000 0.00 0.00 1.00 0 127 188 112 1 0 0 0 0 231219 194506.238
-6.1270 -0.9068 0.0000 0.00 0.00 1.00 0 115 179 112 1 0 0 0 0 231219 194506.438
-6.1481 -0.9233 0.0000 0.00 0.00 1.00 0 143 187 112 1 0 0 0 0 231219 194506.638
-6.1719 -0.9439 0.0000 0.00 0.00 1.00 0 151 184 112 1 0 0 0 0 231219 194506.838
-6.1906 -0.9681 0.0000 0.00 0.00 1.00 0 132 188 112 1 0 0 0 0 231219 194507.038
-6.2115 -0.9917 0.0000 0.00 0.00 1.00 0 65 186 112 1 0 0 0 0 231219 194507.239
-6.2312 -1.0156 0.0000 0.00 0.00 1.00 0 124 188 112 1 0 0 0 0 231219 194507.439
-6.2525 -1.0345 0.0000 0.00 0.00 1.00 0 22 187 112 1 0 0 0 0 231219 194507.639
-6.2654 -1.0519 0.0000 0.00 0.00 1.00 0 55 188 112 1 0 0 0 0 231219 194507.839
-6.2880 -1.0730 0.0000 0.00 0.00 1.00 0 125 185 112 1 0 0 0 0 231219 194508.039
-6.3093 -1.1044 0.0000 0.00 0.00 1.00 0 202 185 112 1 0 0 0 0 231219 194508.239
-6.3308 -1.1349 0.0000 0.00 0.00 1.00 0 225 185 112 1 0 0 0 0 231219 194508.440
-6.3425 -1.1587 0.0000 0.00 0.00 1.00 0 106 193 112 1 0 0 0 0 231219 194508.640
-6.3530 -1.1860 0.0000 0.00 0.00 1.00 0 7 189 112 1 0 0 0 0 231219 194508.840
-6.3665 -1.2151 0.0000 0.00 0.00 1.00 0 154 188 112 1 0 0 0 0 231219 194509.040
-6.3835 -1.2406 0.0000 0.00 0.00 1.00 0 248 187 112 1 0 0 0 0 231219 194509.241
-6.3984 -1.2669 0.0000 0.00 0.00 1.00 0 5 188 112 1 0 0 0 0 231219 194509.441
-6.4139 -1.2964 0.0000 0.00 0.00 1.00 0 126 188 112 1 0 0 0 0 231219 194509.641
-6.4240 -1.3227 0.0000 0.00 0.00 1.00 0 91 189 112 1 0 0 0 0 231219 194509.841
-6.4262 -1.3499 0.0000 0.00 0.00 1.00 0 205 191 112 1 0 0 0 0 231219 194510.041
-6.4327 -1.3674 0.0000 0.00 0.00 1.00 0 145 191 112 1 0 0 0 0 231219 194510.241
-6.4394 -1.4047 0.0000 0.00 0.00 1.00 0 240 193 112 1 0 0 0 0 231219 194510.442
-6.4491 -1.4359 0.0000 0.00 0.00 1.00 0 251 193 112 1 0 0 0 0 231219 194510.642
-6.4518 -1.4656 0.0000 0.00 0.00 1.00 0 177 195 112 1 0 0 0 0 231219 194510.842
-6.4610 -1.4881 0.0000 0.00 0.00 1.00 0 146 194 112 1 0 0 0 0 231219 194511.042
-6.4663 -1.5250 0.0000 0.00 0.00 1.00 0 128 195 112 1 0 0 0 0 231219 194511.242
-6.4681 -1.5534 0.0000 0.00 0.00 1.00 0 186 196 112 1 0 0 0 0 231219 194511.443
-6.4654 -1.5804 0.0000 0.00 0.00 1.00 0 155 203 112 1 0 0 0 0 231219 194511.643
-6.4646 -1.6051 0.0000 0.00 0.00 1.00 0 50 200 112 1 0 0 0 0 231219 194511.843
-6.4605 -1.6330 0.0000 0.00 0.00 1.00 0 200 201 112 1 0 0 0 0 231219 194512.043
-6.4638 -1.6658 0.0000 0.00 0.00 1.00 0 236 200 112 1 0 0 0 0 231219 194512.243
-6.4679 -1.6951 0.0000 0.00 0.00 1.00 0 199 200 112 1 0 0 0 0 231219 194512.444
-6.4637 -1.7304 0.0000 0.00 0.00 1.00 0 23 203 112 1 0 0 0 0 231219 194512.644
-6.4641 -1.7669 0.0000 0.00 0.00 1.00 0 17 204 112 1 0 0 0 0 231219 194512.844
-6.4582 -1.7896 0.0000 0.00 0.00 1.00 0 178 205 112 1 0 0 0 0 231219 194513.044
-6.4516 -1.8188 0.0000 0.00 0.00 1.00 0 125 207 112 1 0 0 0 0 231219 194513.245
-6.4404 -1.8492 0.0000 0.00 0.00 1.00 0 108 220 112 1 0 0 0 0 231219 194513.445
-6.4379 -1.8735 0.0000 0.00 0.00 1.00 0 149 210 112 1 0 0 0 0 231219 194513.645
-6.4287 -1.9117 0.0000 0.00 0.00 1.00 0 112 214 112 1 0 0 0 0 231219 194513.845
-6.4214 -1.9410 0.0000 0.00 0.00 1.00 0 232 212 112 1 0 0 0 0 231219 194514.045
-6.4127 -1.9723 0.0000 0.00 0.00 1.00 0 174 215 112 1 0 0 0 0 231219 194514.245
-6.4035 -2.0053 0.0000 0.00 0.00 1.00 0 52 217 112 1 0 0 0 0 231219 194514.446
-6.3907 -2.0341 0.0000 0.00 0.00 1.00 0 101 219 112 1 0 0 0 0 231219 194514.646
-6.3776 -2.0687 0.0000 0.00 0.00 1.00 0 183 220 112 1 0 0 0 0 231219 194514.846
-6.3680 -2.1020 0.0000 0.00 0.00 1.00 0 192 221 112 1 0 0 0 0 231219 194515.046
-6.3549 -2.1186 0.0000 0.00 0.00 1.00 0 1 223 112 1 0 0 0 0 231219 194515.246
-6.3447 -2.1393 0.0000 0.00 0.00 1.00 0 162 224 112 1 0 0 0 0 231219 194515.446
-6.3312 -2.1717 0.0000 0.00 0.00 1.00 0 148 227 112 1 0 0 0 0 231219 194515.647
-6.3161 -2.1983 0.0000 0.00 0.00 1.00 0 104 230 112 1 0 0 0 0 231219 194515.847
-6.3034 -2.2236 0.0000 0.00 0.00 1.00 0 41 229 112 1 0 0 0 0 231219 194516.047
-6.2858 -2.2592 0.0000 0.00 0.00 1.00 0 162 235 112 1 0 0 0 0 231219 194516.247
-6.2731 -2.2860 0.0000 0.00 0.00 1.00 0 20 232 112 1 0 0 0 0 231219 194516.447
-6.2600 -2.3053 0.0000 0.00 0.00 1.00 0 86 233 112 1 0 0 0 0 231219 194516.648
-6.2410 -2.3370 0.0000 0.00 0.00 1.00 0 135 236 112 1 0 0 0 0 231219 194516.848
-6.2289 -2.3646 0.0000 0.00 0.00 1.00 0 211 236 112 1 0 0 0 0 231219 194517.048
-6.2069 -2.4000 0.0000 0.00 0.00 1.00 0 150 240 112 1 0 0 0 0 231219 194517.248
-6.1894 -2.4289 0.0000 0.00 0.00 1.00 0 175 241 112 1 0 0 0 0 231219 194517.448
-6.1717 -2.4533 0.0000 0.00 0.00 1.00 0 10 243 112 1 0 0 0 0 231219 194517.648
-6.1508 -2.4779 0.0000 0.00 0.00 1.00 0 100 245 112 1 0 0 0 0 231219 194517.849
-6.1347 -2.5071 0.0000 0.00 0.00 1.00 0 195 232 112 1 0 0 0 0 231219 194518.049
-6.1214 -2.5349 0.0000 0.00 0.00 1.00 0 11 247 112 1 0 0 0 0 231219 194518.249
-6.1028 -2.5623 0.0000 0.00 0.00 1.00 0 192 2 112 1 0 0 0 0 231219 194518.449
-6.0845 -2.5870 0.0000 0.00 0.00 1.00 0 76 251 112 1 0 0 0 0 231219 194518.649
-6.0655 -2.6124 0.0000 0.00 0.00 1.00 0 70 253 112 1 0 0 0 0 231219 194518.850
-6.0418 -2.6351 0.0000 0.00 0.00 1.00 0 0 0 112 1 0 0 0 0 231219 194519.050
-6.0273 -2.6612 0.0000 0.00 0.00 1.00 0 0 0 112 1 0 0 0 0 231219 194519.250
-6.0041 -2.6874 0.0000 0.00 0.00 1.00 0 0 0 112 1 0 0 0 0 231219 194519.450
-5.9798 -2.7167 0.0000 0.00 0.00 1.00 0 0 0 112 1 0 0 0 0 231219 194519.651
-5.9551 -2.7525 0.0000 0.00 0.00 1.00 0 0 0 112 1 0 0 0 0 231219 194519.851
-5.9327 -2.7808 0.0000 0.00 0.00 1.00 0 0 0 112 1 0 0 0 0 231219 194520.051
-5.9143 -2.8055 0.0000 0.00 0.00 1.00 0 0 0 112 1 0 0 0 0 231219 194520.251
-5.8944 -2.8334 0.0000 0.00 0.00 1.00 0 0 0 112 1 0 0 0 0 231219 194520.451
-5.8756 -2.8530 0.0000 0.00 0.00 1.00 0 0 0 112 1 0 0 0 0 231219 194520.652
-5.8576 -2.8763 0.0000 0.00 0.00 1.00 0 52 15 112 1 0 0 0 0 231219 194520.852
-5.8305 -2.9104 0.0000 0.00 0.00 1.00 0 2 34 112 1 0 0 0 0 231219 194521.052
-5.8094 -2.9448 0.0000 0.00 0.00 1.00 0 139 19 112 1 0 0 0 0 231219 194521.252
-5.7907 -2.9660 0.0000 0.00 0.00 1.00 0 33 3 112 1 0 0 0 0 231219 194521.452
-5.7734 -2.9840 0.0000 0.00 0.00 1.00 0 51 21 112 1 0 0 0 0 231219 194521.653
-5.7541 -3.0061 0.0000 0.00 0.00 1.00 0 222 23 112 1 0 0 0 0 231219 194521.853
-5.7352 -3.0297 0.0000 0.00 0.00 1.00 0 15 24 112 1 0 0 0 0 231219 194522.053
-5.7157 -3.0531 0.0000 0.00 0.00 1.00 0 7 25 112 1 0 0 0 0 231219 194522.254
-5.6961 -3.0828 0.0000 0.00 0.00 1.00 0 86 26 112 1 0 0 0 0 231219 194522.454
-5.6767 -3.1053 0.0000 0.00 0.00 1.00 0 123 27 112 1 0 0 0 0 231219 194522.654
-5.6602 -3.1267 0.0000 0.00 0.00 1.00 0 134 34 112 1 0 0 0 0 231219 194522.854
-5.6433 -3.1461 0.0000 0.00 0.00 1.00 0 43 29 112 1 0 0 0 0 231219 194523.054
-5.6294 -3.1649 0.0000 0.00 0.00 1.00 0 198 25 112 1 0 0 0 0 231219 194523.255
-5.6124 -3.1857 0.0000 0.00 0.00 1.00 0 231 30 112 1 0 0 0 0 231219 194523.455
-5.5962 -3.2081 0.0000 0.00 0.00 1.00 0 204 30 112 1 0 0 0 0 231219 194523.655
-5.5764 -3.2280 0.0000 0.00 0.00 1.00 0 247 31 112 1 0 0 0 0 231219 194523.855
-5.5597 -3.2575 0.0000 0.00 0.00 1.00 0 22 32 112 1 0 0 0 0 231219 194524.055
-5.5488 -3.2767 0.0000 0.00 0.00 1.00 0 22 32 112 1 0 0 0 0 231219 194524.255
-5.5325 -3.3024 0.0000 0.00 0.00 1.00 0 33 33 112 1 0 0 0 0 231219 194524.456
-5.5188 -3.3302 0.0000 0.00 0.00 1.00 0 249 36 112 1 0 0 0 0 231219 194524.656
-5.5021 -3.3562 0.0000 0.00 0.00 1.00 0 156 33 112 1 0 0 0 0 231219 194524.856
-5.4930 -3.3787 0.0000 0.00 0.00 1.00 0 133 29 112 1 0 0 0 0 231219 194525.056
-5.4808 -3.4008 0.0000 0.00 0.00 1.00 0 82 31 112 1 0 0 0 0 231219 194525.256
-5.4653 -3.4161 0.0000 0.00 0.00 1.00 0 19 35 112 1 0 0 0 0 231219 194525.457
-5.4543 -3.4380 0.0000 0.00 0.00 1.00 0 89 32 112 1 0 0 0 0 231219 194525.657
-5.4419 -3.4655 0.0000 0.00 0.00 1.00 0 217 31 112 1 0 0 0 0 231219 194525.857
-5.4293 -3.4890 0.0000 0.00 0.00 1.00 0 250 31 112 1 0 0 0 0 231219 194526.057
-5.4201 -3.5143 0.0000 0.00 0.00 1.00 0 197 29 112 1 0 0 0 0 231219 194526.257
-5.4089 -3.5415 0.0000 0.00 0.00 1.00 0 67 24 112 1 0 0 0 0 231219 194526.457
-5.3965 -3.5671 0.0000 0.00 0.00 1.00 0 112 29 112 1 0 0 0 0 231219 194526.658
-5.3859 -3.5967 0.0000 0.00 0.00 1.00 0 15 28 112 1 0 0 0 0 231219 194526.858
-5.3738 -3.6232 0.0000 0.00 0.00 1.00 0 60 28 112 1 0 0 0 0 231219 194527.058
-5.3642 -3.6448 0.0000 0.00 0.00 1.00 0 60 28 112 1 0 0 0 0 231219 194527.258
-5.3511 -3.6751 0.0000 0.00 0.00 1.00 0 155 25 112 1 0 0 0 0 231219 194527.458
-5.3461 -3.7043 0.0000 0.00 0.00 1.00 0 239 16 112 1 0 0 0 0 231219 194527.658
-5.3361 -3.7330 0.0000 0.00 0.00 1.00 0 117 22 112 1 0 0 0 0 231219 194527.858
-5.3259 -3.7576 0.0000 0.00 0.00 1.00 0 98 22 112 1 0 0 0 0 231219 194528.059
-5.3185 -3.7863 0.0000 0.00 0.00 1.00 0 151 20 112 1 0 0 0 0 231219 194528.259
-5.3121 -3.8123 0.0000 0.00 0.00 1.00 0 99 20 112 1 0 0 0 0 231219 194528.459
-5.3035 -3.8446 0.0000 0.00 0.00 1.00 0 77 16 112 1 0 0 0 0 231219 194528.659
-5.2940 -3.8767 0.0000 0.00 0.00 1.00 0 190 14 112 1 0 0 0 0 231219 194528.859
-5.2878 -3.9019 0.0000 0.00 0.00 1.00 0 29 14 112 1 0 0 0 0 231219 194529.059
-5.2819 -3.9330 0.0000 0.00 0.00 1.00 0 221 11 112 1 0 0 0 0 231219 194529.260
-5.2810 -3.9573 0.0000 0.00 0.00 1.00 0 43 9 112 1 0 0 0 0 231219 194529.460
-5.2743 -3.9860 0.0000 0.00 0.00 1.00 0 95 9 112 1 0 0 0 0 231219 194529.660
-5.2665 -4.0212 0.0000 0.00 0.00 1.00 0 173 2 112 1 0 0 0 0 231219 194529.860
-5.2563 -4.0546 0.0000 0.00 0.00 1.00 0 252 3 112 1 0 0 0 0 231219 194530.060
-5.2523 -4.0834 0.0000 0.00 0.00 1.00 0 200 250 112 1 0 0 0 0 231219 194530.260
-5.2444 -4.1194 0.0000 0.00 0.00 1.00 0 0 0 112 1 0 0 0 0 231219 194530.460
-5.2406 -4.1542 0.0000 0.00 0.00 1.00 0 0 0 112 1 0 0 0 0 231219 194530.661
-5.2371 -4.1763 0.0000 0.00 0.00 1.00 0 0 0 112 1 0 0 0 0 231219 194530.861
-5.2268 -4.2019 0.0000 0.00 0.00 1.00 0 0 0 112 1 0 0 0 0 231219 194531.061
-5.2220 -4.2471 0.0000 0.00 0.00 1.00 0 0 0 112 1 0 0 0 0 231219 194531.261
-5.2137 -4.2850 0.0000 0.00 0.00 1.00 0 0 0 112 1 0 0 0 0 231219 194531.461
-5.2122 -4.3174 0.0000 0.00 0.00 1.00 0 0 0 112 1 0 0 0 0 231219 194531.661
-5.2104 -4.3451 0.0000 0.00 0.00 1.00 0 0 0 112 1 0 0 0 0 231219 194531.861
-5.2068 -4.3676 0.0000 0.00 0.00 1.00 0 0 0 112 1 0 0 0 0 231219 194532.061
-5.2007 -4.4031 0.0000 0.00 0.00 1.00 0 70 238 112 1 0 0 0 0 231219 194532.262
-5.1890 -4.4398 0.0000 0.00 0.00 1.00 0 169 235 112 1 0 0 0 0 231219 194532.462
-5.1830 -4.4802 0.0000 0.00 0.00 1.00 0 36 232 112 1 0 0 0 0 231219 194532.662
-5.1817 -4.5050 0.0000 0.00 0.00 1.00 0 0 0 127 0 0 0 0 0 231219 194532.862
-5.1817 -4.5050 0.0000 0.00 0.00 1.00 0 0 0 127 0 0 0 0 0 231219 194533.062
-5.1817 -4.5050 0.0000 0.00 0.00 1.00 0 0 0 127 0 0 0 0 0 231219 194533.262
-5.1817 -4.5050 0.0000 0.00 0.00 1.00 0 0 0 127 0 0 0 0 0 231219 194533.463
-5.1817 -4.5050 0.0000 0.00 0.00 1.00 0 0 0 127 0 0 0 0 0 231219 194533.663
-5.1817 -4.5050 0.0000 0.00 0.00 1.00 0 0 0 127 0 0 0 0 0 231219 194533.863
-5.1817 -4.5050 0.0000 0.00 0.00 1.00 0 0 0 127 0 0 0 0 0 231219 194534.063
-5.1817 -4.5050 0.0000 0.00 0.00 1.00 0 0 0 127 0 0 0 0 0 231219 194534.263
-5.1817 -4.5050 0.0000 0.00 0.00 1.00 0 0 0 127 0 0 0 0 0 231219 194534.463
-5.1817 -4.5050 0.0000 0.00 0.00 1.00 0 0 0 127 0 0 0 0 0 231219 194534.663
-5.1817 -4.5050 0.0000 0.00 0.00 1.00 0 0 0 127 0 0 0 0 0 231219 194534.864
-5.1817 -4.5050 0.0000 0.00 0.00 1.00 0 0 0 127 0 0 0 0 0 231219 194535.064
-5.1817 -4.5050 0.0000 0.00 0.00 1.00 0 0 0 127 0 0 0 0 0 231219 194535.264
-5.1817 -4.5050 0.0000 0.00 0.00 1.00 0 0 0 127 0 0 0 0 0 231219 194535.464
-5.1817 -4.5050 0.0000 0.00 0.00 1.00 0 0 0 127 0 0 0 0 0 231219 194535.664
-5.1817 -4.5050 0.0000 0.00 0.00 1.00 0 0 0 127 0 0 0 0 0 231219 194535.864
-5.1817 -4.5050 0.0000 0.00 0.00 1.00 0 0 0 127 0 0 0 0 0 231219 194536.065
-5.1817 -4.5050 0.0000 0.00 0.00 1.00 0 0 0 127 0 0 0 0 0 231219 194536.265
-5.1817 -4.5050 0.0000 0.00 0.00 1.00 0 0 0 127 0 0 0 0 0 231219 194536.465
