-5.3103 5.9307 0.0000 0.00 0.00 1.00 0 100 4 112 1 0 0 0 0 030619 200714.941
-5.3090 5.9299 0.0000 0.00 0.00 1.00 0 56 2 112 1 0 0 0 0 030619 200715.141
-5.3095 5.9300 0.0000 0.00 0.00 1.00 0 150 3 112 1 0 0 0 0 030619 200715.341
-5.3186 5.9459 0.0000 0.00 0.00 1.00 0 39 3 112 1 0 0 0 0 030619 200715.541
-5.3544 5.9994 0.0000 0.00 0.00 1.00 0 136 2 112 1 0 0 0 0 030619 200715.741
-5.3691 6.0258 0.0000 0.00 0.00 1.00 0 140 0 112 1 0 0 0 0 030619 200715.942
-5.3811 6.0450 0.0000 0.00 0.00 1.00 0 204 3 112 1 0 0 0 0 030619 200716.142
-5.3985 6.0718 0.0000 0.00 0.00 1.00 0 52 1 112 1 0 0 0 0 030619 200716.342
-5.4157 6.1029 0.0000 0.00 0.00 1.00 0 122 1 112 1 0 0 0 0 030619 200716.542
-5.4288 6.1215 0.0000 0.00 0.00 1.00 0 214 2 112 1 0 0 0 0 030619 200716.742
-5.4456 6.1522 0.0000 0.00 0.00 1.00 0 22 0 112 1 0 0 0 0 030619 200716.942
-5.4673 6.1881 0.0000 0.00 0.00 1.00 0 218 1 112 1 0 0 0 0 030619 200717.142
-5.4897 6.2190 0.0000 0.00 0.00 1.00 0 83 5 112 1 0 0 0 0 030619 200717.343
-5.5029 6.2409 0.0000 0.00 0.00 1.00 0 232 3 112 1 0 0 0 0 030619 200717.543
-5.5188 6.2696 0.0000 0.00 0.00 1.00 0 171 0 112 1 0 0 0 0 030619 200717.743
-5.5441 6.3078 0.0000 0.00 0.00 1.00 0 49 2 112 1 0 0 0 0 030619 200717.943
-5.5544 6.3302 0.0000 0.00 0.00 1.00 0 98 254 112 1 0 0 0 0 030619 200718.143
-5.5761 6.3619 0.0000 0.00 0.00 1.00 0 146 0 112 1 0 0 0 0 030619 200718.343
-5.5932 6.3880 0.0000 0.00 0.00 1.00 0 110 1 112 1 0 0 0 0 030619 200718.544
-5.6195 6.4320 0.0000 0.00 0.00 1.00 0 12 3 112 1 0 0 0 0 030619 200718.744
-5.6380 6.4619 0.0000 0.00 0.00 1.00 0 15 255 112 1 0 0 0 0 030619 200718.944
-5.6530 6.4844 0.0000 0.00 0.00 1.00 0 144 2 112 1 0 0 0 0 030619 200719.144
-5.6684 6.5094 0.0000 0.00 0.00 1.00 0 193 1 112 1 0 0 0 0 030619 200719.344
-5.6899 6.5468 0.0000 0.00 0.00 1.00 0 236 253 112 1 0 0 0 0 030619 200719.544
-5.7079 6.5753 0.0000 0.00 0.00 1.00 0 161 2 112 1 0 0 0 0 030619 200719.745
-5.7247 6.6048 0.0000 0.00 0.00 1.00 0 66 1 112 1 0 0 0 0 030619 200719.945
-5.7347 6.6242 0.0000 0.00 0.00 1.00 0 106 255 112 1 0 0 0 0 030619 200720.145
-5.7520 6.6537 0.0000 0.00 0.00 1.00 0 216 253 112 1 0 0 0 0 030619 200720.345
-5.7742 6.6886 0.0000 0.00 0.00 1.00 0 160 0 112 1 0 0 0 0 030619 200720.545
-5.7871 6.7094 0.0000 0.00 0.00 1.00 0 26 1 112 1 0 0 0 0 030619 200720.745
-5.8048 6.7372 0.0000 0.00 0.00 1.00 0 26 255 112 1 0 0 0 0 030619 200720.945
-5.8217 6.7651 0.0000 0.00 0.00 1.00 0 201 255 112 1 0 0 0 0 030619 200721.146
-5.8428 6.8029 0.0000 0.00 0.00 1.00 0 209 0 112 1 0 0 0 0 030619 200721.346
-5.8600 6.8320 0.0000 0.00 0.00 1.00 0 134 1 112 1 0 0 0 0 030619 200721.546
-5.8738 6.8531 0.0000 0.00 0.00 1.00 0 247 2 112 1 0 0 0 0 030619 200721.746
-5.8919 6.8834 0.0000 0.00 0.00 1.00 0 7 0 112 1 0 0 0 0 030619 200721.946
-5.9132 6.9202 0.0000 0.00 0.00 1.00 0 40 2 112 1 0 0 0 0 030619 200722.146
-5.9308 6.9497 0.0000 0.00 0.00 1.00 0 163 0 112 1 0 0 0 0 030619 200722.347
-5.9435 6.9733 0.0000 0.00 0.00 1.00 0 77 0 112 1 0 0 0 0 030619 200722.547
-5.9633 7.0023 0.0000 0.00 0.00 1.00 0 97 2 112 1 0 0 0 0 030619 200722.747
-5.9815 7.0384 0.0000 0.00 0.00 1.00 0 74 253 112 1 0 0 0 0 030619 200722.947
-5.9980 7.0690 0.0000 0.00 0.00 1.00 0 242 253 112 1 0 0 0 0 030619 200723.147
-6.0145 7.0953 0.0000 0.00 0.00 1.00 0 0 0 112 1 0 0 0 0 030619 200723.347
-6.0293 7.1190 0.0000 0.00 0.00 1.00 0 0 0 112 1 0 0 0 0 030619 200723.548
-6.0484 7.1476 0.0000 0.00 0.00 1.00 0 0 0 112 1 0 0 0 0 030619 200723.748
-6.0617 7.1730 0.0000 0.00 0.00 1.00 0 0 0 112 1 0 0 0 0 030619 200723.948
-6.0749 7.1959 0.0000 0.00 0.00 1.00 0 0 0 112 1 0 0 0 0 030619 200724.148
-6.0940 7.2235 0.0000 0.00 0.00 1.00 0 0 0 112 1 0 0 0 0 030619 200724.348
-6.1221 7.2703 0.0000 0.00 0.00 1.00 0 0 0 112 1 0 0 0 0 030619 200724.548
-6.1376 7.2983 0.0000 0.00 0.00 1.00 0 0 0 112 1 0 0 0 0 030619 200724.749
-6.1481 7.3195 0.0000 0.00 0.00 1.00 0 0 0 112 1 0 0 0 0 030619 200724.949
-6.1662 7.3506 0.0000 0.00 0.00 1.00 0 0 0 112 1 0 0 0 0 030619 200725.149
-6.1849 7.3792 0.0000 0.00 0.00 1.00 0 0 0 112 1 0 0 0 0 030619 200725.349
-6.2041 7.4104 0.0000 0.00 0.00 1.00 0 0 0 112 1 0 0 0 0 030619 200725.549
-6.2240 7.4470 0.0000 0.00 0.00 1.00 0 0 0 112 1 0 0 0 0 030619 200725.749
-6.2411 7.4757 0.0000 0.00 0.00 1.00 0 0 0 112 1 0 0 0 0 030619 200725.950
-6.2603 7.5052 0.0000 0.00 0.00 1.00 0 0 0 112 1 0 0 0 0 030619 200726.150
-6.2738 7.5295 0.0000 0.00 0.00 1.00 0 0 0 112 1 0 0 0 0 030619 200726.350
-6.2926 7.5600 0.0000 0.00 0.00 1.00 0 0 0 112 1 0 0 0 0 030619 200726.550
-6.3106 7.5893 0.0000 0.00 0.00 1.00 0 0 0 112 1 0 0 0 0 030619 200726.750
-6.3291 7.6207 0.0000 0.00 0.00 1.00 0 0 0 112 1 0 0 0 0 030619 200726.950
-6.3481 7.6512 0.0000 0.00 0.00 1.00 0 0 0 112 1 0 0 0 0 030619 200727.151
-6.3664 7.6814 0.0000 0.00 0.00 1.00 0 0 0 112 1 0 0 0 0 030619 200727.351
-6.3844 7.7090 0.0000 0.00 0.00 1.00 0 0 0 112 1 0 0 0 0 030619 200727.551
-6.4018 7.7377 0.0000 0.00 0.00 1.00 0 0 0 112 1 0 0 0 0 030619 200727.751
-6.4166 7.7600 0.0000 0.00 0.00 1.00 0 0 0 112 1 0 0 0 0 030619 200727.951
-6.4320 7.7882 0.0000 0.00 0.00 1.00 0 0 0 112 1 0 0 0 0 030619 200728.151
-6.4498 7.8176 0.0000 0.00 0.00 1.00 0 0 0 112 1 0 0 0 0 030619 200728.352
-6.4675 7.8462 0.0000 0.00 0.00 1.00 0 0 0 112 1 0 0 0 0 030619 200728.552
-6.4877 7.8800 0.0000 0.00 0.00 1.00 0 0 0 112 1 0 0 0 0 030619 200728.752
-6.5036 7.9053 0.0000 0.00 0.00 1.00 0 0 0 112 1 0 0 0 0 030619 200728.952
-6.5212 7.9348 0.0000 0.00 0.00 1.00 0 0 0 112 1 0 0 0 0 030619 200729.152
-6.5422 7.9730 0.0000 0.00 0.00 1.00 0 0 0 112 1 0 0 0 0 030619 200729.352
-6.5613 8.0036 0.0000 0.00 0.00 1.00 0 0 0 112 1 0 0 0 0 030619 200729.552
-6.5800 8.0344 0.0000 0.00 0.00 1.00 0 0 0 112 1 0 0 0 0 030619 200729.753
-6.5981 8.0619 0.0000 0.00 0.00 1.00 0 0 0 112 1 0 0 0 0 030619 200729.953
-6.6124 8.0843 0.0000 0.00 0.00 1.00 0 0 0 112 1 0 0 0 0 030619 200730.153
-6.6294 8.1144 0.0000 0.00 0.00 1.00 0 0 0 112 1 0 0 0 0 030619 200730.353
-6.6468 8.1421 0.0000 0.00 0.00 1.00 0 0 0 112 1 0 0 0 0 030619 200730.553
-6.6640 8.1690 0.0000 0.00 0.00 1.00 0 0 0 112 1 0 0 0 0 030619 200730.753
-6.6862 8.2053 0.0000 0.00 0.00 1.00 0 0 0 112 1 0 0 0 0 030619 200730.953
-6.7054 8.2364 0.0000 0.00 0.00 1.00 0 0 0 112 1 0 0 0 0 030619 200731.154
-6.7283 8.2696 0.0000 0.00 0.00 1.00 0 0 0 112 1 0 0 0 0 030619 200731.354
-6.7472 8.3009 0.0000 0.00 0.00 1.00 0 0 0 112 1 0 0 0 0 030619 200731.554
-6.7618 8.3219 0.0000 0.00 0.00 1.00 0 0 0 112 1 0 0 0 0 030619 200731.754
-6.7788 8.3512 0.0000 0.00 0.00 1.00 0 0 0 112 1 0 0 0 0 030619 200731.954
-6.7983 8.3801 0.0000 0.00 0.00 1.00 0 0 0 112 1 0 0 0 0 030619 200732.155
-6.8176 8.4110 0.0000 0.00 0.00 1.00 0 0 0 112 1 0 0 0 0 030619 200732.355
-6.8388 8.4462 0.0000 0.00 0.00 1.00 0 0 0 112 1 0 0 0 0 030619 200732.555
-6.8575 8.4772 0.0000 0.00 0.00 1.00 0 0 0 112 1 0 0 0 0 030619 200732.755
-6.8783 8.5067 0.0000 0.00 0.00 1.00 0 0 0 112 1 0 0 0 0 030619 200732.955
-6.8909 8.5287 0.0000 0.00 0.00 1.00 0 0 0 112 1 0 0 0 0 030619 200733.155
-6.9075 8.5588 0.0000 0.00 0.00 1.00 0 0 0 112 1 0 0 0 0 030619 200733.355
-6.9330 8.5969 0.0000 0.00 0.00 1.00 0 0 0 112 1 0 0 0 0 030619 200733.556
-6.9514 8.6260 0.0000 0.00 0.00 1.00 0 0 0 112 1 0 0 0 0 030619 200733.756
-6.9709 8.6569 0.0000 0.00 0.00 1.00 0 0 0 112 1 0 0 0 0 030619 200733.956
-6.9877 8.6839 0.0000 0.00 0.00 1.00 0 0 0 112 1 0 0 0 0 030619 200734.156
-7.0005 8.7055 0.0000 0.00 0.00 1.00 0 0 0 112 1 0 0 0 0 030619 200734.356
-7.0230 8.7419 0.0000 0.00 0.00 1.00 0 0 0 112 1 0 0 0 0 030619 200734.556
-7.0412 8.7729 0.0000 0.00 0.00 1.00 0 0 0 112 1 0 0 0 0 030619 200734.757
-7.0587 8.7986 0.0000 0.00 0.00 1.00 0 0 0 112 1 0 0 0 0 030619 200734.957
-7.0715 8.8216 0.0000 0.00 0.00 1.00 0 0 0 112 1 0 0 0 0 030619 200735.157
-7.0917 8.8522 0.0000 0.00 0.00 1.00 0 0 0 112 1 0 0 0 0 030619 200735.357
-7.1150 8.8874 0.0000 0.00 0.00 1.00 0 0 0 112 1 0 0 0 0 030619 200735.557
-7.1339 8.9162 0.0000 0.00 0.00 1.00 0 0 0 112 1 0 0 0 0 030619 200735.757
-7.1534 8.9486 0.0000 0.00 0.00 1.00 0 0 0 112 1 0 0 0 0 030619 200735.957
-7.1652 8.9709 0.0000 0.00 0.00 1.00 0 0 0 112 1 0 0 0 0 030619 200736.158
-7.1852 9.0008 0.0000 0.00 0.00 1.00 0 0 0 112 1 0 0 0 0 030619 200736.358
-7.2045 9.0306 0.0000 0.00 0.00 1.00 0 0 0 112 1 0 0 0 0 030619 200736.558
-7.2269 9.0673 0.0000 0.00 0.00 1.00 0 0 0 112 1 0 0 0 0 030619 200736.758
-7.2457 9.0984 0.0000 0.00 0.00 1.00 0 0 0 112 1 0 0 0 0 030619 200736.958
-7.2612 9.1216 0.0000 0.00 0.00 1.00 0 0 0 112 1 0 0 0 0 030619 200737.158
-7.2892 9.1669 0.0000 0.00 0.00 1.00 0 0 0 112 1 0 0 0 0 030619 200737.359
-7.3016 9.1898 0.0000 0.00 0.00 1.00 0 0 0 112 1 0 0 0 0 030619 200737.559
-7.3191 9.2200 0.0000 0.00 0.00 1.00 0 0 0 112 1 0 0 0 0 030619 200737.759
-7.3369 9.2469 0.0000 0.00 0.00 1.00 0 0 0 112 1 0 0 0 0 030619 200737.959
-7.3513 9.2673 0.0000 0.00 0.00 1.00 0 0 0 112 1 0 0 0 0 030619 200738.159
-7.3689 9.2959 0.0000 0.00 0.00 1.00 0 0 0 112 1 0 0 0 0 030619 200738.360
-7.3943 9.3358 0.0000 0.00 0.00 1.00 0 0 0 112 1 0 0 0 0 030619 200738.560
-7.4110 9.3651 0.0000 0.00 0.00 1.00 0 0 0 112 1 0 0 0 0 030619 200738.760
-7.4303 9.3929 0.0000 0.00 0.00 1.00 0 0 0 112 1 0 0 0 0 030619 200738.960
-7.4469 9.4150 0.0000 0.00 0.00 1.00 0 0 0 112 1 0 0 0 0 030619 200739.160
-7.4663 9.4449 0.0000 0.00 0.00 1.00 0 0 0 112 1 0 0 0 0 030619 200739.360
-7.4852 9.4718 0.0000 0.00 0.00 1.00 0 0 0 112 1 0 0 0 0 030619 200739.560
-7.5089 9.5137 0.0000 0.00 0.00 1.00 0 0 0 112 1 0 0 0 0 030619 200739.761
-7.5318 9.5435 0.0000 0.00 0.00 1.00 0 0 0 112 1 0 0 0 0 030619 200739.961
-7.5479 9.5710 0.0000 0.00 0.00 1.00 0 0 0 112 1 0 0 0 0 030619 200740.161
-7.5672 9.5986 0.0000 0.00 0.00 1.00 0 0 0 112 1 0 0 0 0 030619 200740.361
-7.5795 9.6235 0.0000 0.00 0.00 1.00 0 158 250 112 1 0 0 0 0 030619 200740.561
-7.6040 9.6585 0.0000 0.00 0.00 1.00 0 196 253 112 1 0 0 0 0 030619 200740.761
-7.6216 9.6862 0.0000 0.00 0.00 1.00 0 11 252 112 1 0 0 0 0 030619 200740.962
-7.6405 9.7163 0.0000 0.00 0.00 1.00 0 215 249 112 1 0 0 0 0 030619 200741.162
-7.6595 9.7432 0.0000 0.00 0.00 1.00 0 149 253 112 1 0 0 0 0 030619 200741.362
-7.6708 9.7657 0.0000 0.00 0.00 1.00 0 123 251 112 1 0 0 0 0 030619 200741.562
-7.6890 9.7923 0.0000 0.00 0.00 1.00 0 18 254 112 1 0 0 0 0 030619 200741.762
-7.7072 9.8242 0.0000 0.00 0.00 1.00 0 49 252 112 1 0 0 0 0 030619 200741.962
-7.7249 9.8517 0.0000 0.00 0.00 1.00 0 80 250 112 1 0 0 0 0 030619 200742.162
-7.7430 9.8798 0.0000 0.00 0.00 1.00 0 107 252 112 1 0 0 0 0 030619 200742.363
-7.7568 9.8982 0.0000 0.00 0.00 1.00 0 65 0 112 1 0 0 0 0 030619 200742.563
-7.7828 9.9391 0.0000 0.00 0.00 1.00 0 18 253 112 1 0 0 0 0 030619 200742.763
-7.7975 9.9599 0.0000 0.00 0.00 1.00 0 106 254 112 1 0 0 0 0 030619 200742.963
-7.8104 9.9813 0.0000 0.00 0.00 1.00 0 88 252 112 1 0 0 0 0 030619 200743.163
-7.8311 10.0178 0.0000 0.00 0.00 1.00 0 190 248 112 1 0 0 0 0 030619 200743.364
-7.8514 10.0473 0.0000 0.00 0.00 1.00 0 29 251 112 1 0 0 0 0 030619 200743.564
-7.8708 10.0717 0.0000 0.00 0.00 1.00 0 223 252 112 1 0 0 0 0 030619 200743.764
-7.8865 10.0934 0.0000 0.00 0.00 1.00 0 73 251 112 1 0 0 0 0 030619 200743.964
-7.9045 10.1216 0.0000 0.00 0.00 1.00 0 85 252 112 1 0 0 0 0 030619 200744.164
-7.9294 10.1566 0.0000 0.00 0.00 1.00 0 217 254 112 1 0 0 0 0 030619 200744.364
-7.9491 10.1838 0.0000 0.00 0.00 1.00 0 154 254 112 1 0 0 0 0 030619 200744.564
-7.9663 10.2069 0.0000 0.00 0.00 1.00 0 100 255 112 1 0 0 0 0 030619 200744.765
-7.9940 10.2478 0.0000 0.00 0.00 1.00 0 159 251 112 1 0 0 0 0 030619 200744.965
-8.0093 10.2680 0.0000 0.00 0.00 1.00 0 231 252 112 1 0 0 0 0 030619 200745.165
-8.0299 10.2963 0.0000 0.00 0.00 1.00 0 224 250 112 1 0 0 0 0 030619 200745.365
-8.0480 10.3216 0.0000 0.00 0.00 1.00 0 243 252 112 1 0 0 0 0 030619 200745.565
-8.0620 10.3396 0.0000 0.00 0.00 1.00 0 22 252 112 1 0 0 0 0 030619 200745.765
-8.0809 10.3678 0.0000 0.00 0.00 1.00 0 74 251 112 1 0 0 0 0 030619 200745.965
-8.0949 10.3878 0.0000 0.00 0.00 1.00 0 180 252 112 1 0 0 0 0 030619 200746.166
-8.1197 10.4203 0.0000 0.00 0.00 1.00 0 21 251 112 1 0 0 0 0 030619 200746.366
-8.1373 10.4461 0.0000 0.00 0.00 1.00 0 103 252 112 1 0 0 0 0 030619 200746.566
-8.1577 10.4740 0.0000 0.00 0.00 1.00 0 197 250 112 1 0 0 0 0 030619 200746.766
-8.1786 10.4998 0.0000 0.00 0.00 1.00 0 176 252 112 1 0 0 0 0 030619 200746.966
-8.1930 10.5187 0.0000 0.00 0.00 1.00 0 246 254 112 1 0 0 0 0 030619 200747.166
-8.2121 10.5470 0.0000 0.00 0.00 1.00 0 185 251 112 1 0 0 0 0 030619 200747.366
-8.2419 10.5888 0.0000 0.00 0.00 1.00 0 130 253 112 1 0 0 0 0 030619 200747.567
-8.2548 10.6087 0.0000 0.00 0.00 1.00 0 104 250 112 1 0 0 0 0 030619 200747.767
-8.2758 10.6352 0.0000 0.00 0.00 1.00 0 20 254 112 1 0 0 0 0 030619 200747.967
-8.2895 10.6537 0.0000 0.00 0.00 1.00 0 36 251 112 1 0 0 0 0 030619 200748.167
-8.3159 10.6879 0.0000 0.00 0.00 1.00 0 8 253 112 1 0 0 0 0 030619 200748.367
-8.3364 10.7146 0.0000 0.00 0.00 1.00 0 47 254 112 1 0 0 0 0 030619 200748.567
-8.3576 10.7400 0.0000 0.00 0.00 1.00 0 99 254 112 1 0 0 0 0 030619 200748.768
-8.3738 10.7601 0.0000 0.00 0.00 1.00 0 249 252 112 1 0 0 0 0 030619 200748.968
-8.4003 10.7953 0.0000 0.00 0.00 1.00 0 112 251 112 1 0 0 0 0 030619 200749.168
-8.4140 10.8142 0.0000 0.00 0.00 1.00 0 98 251 112 1 0 0 0 0 030619 200749.368
-8.4349 10.8377 0.0000 0.00 0.00 1.00 0 8 254 112 1 0 0 0 0 030619 200749.568
-8.4587 10.8686 0.0000 0.00 0.00 1.00 0 38 251 112 1 0 0 0 0 030619 200749.768
-8.4802 10.8961 0.0000 0.00 0.00 1.00 0 226 252 112 1 0 0 0 0 030619 200749.969
-8.4956 10.9136 0.0000 0.00 0.00 1.00 0 185 255 112 1 0 0 0 0 030619 200750.169
-8.5225 10.9494 0.0000 0.00 0.00 1.00 0 221 252 112 1 0 0 0 0 030619 200750.369
-8.5441 10.9775 0.0000 0.00 0.00 1.00 0 42 251 112 1 0 0 0 0 030619 200750.569
-8.5658 11.0006 0.0000 0.00 0.00 1.00 0 119 255 112 1 0 0 0 0 030619 200750.769
-8.5809 11.0200 0.0000 0.00 0.00 1.00 0 44 254 112 1 0 0 0 0 030619 200750.969
-8.6089 11.0542 0.0000 0.00 0.00 1.00 0 202 251 112 1 0 0 0 0 030619 200751.170
-8.6320 11.0791 0.0000 0.00 0.00 1.00 0 14 1 112 1 0 0 0 0 030619 200751.370
-8.6531 11.1052 0.0000 0.00 0.00 1.00 0 160 255 112 1 0 0 0 0 030619 200751.570
-8.6699 11.1240 0.0000 0.00 0.00 1.00 0 149 255 112 1 0 0 0 0 030619 200751.770
-8.6891 11.1478 0.0000 0.00 0.00 1.00 0 21 255 112 1 0 0 0 0 030619 200751.970
-8.7163 11.1794 0.0000 0.00 0.00 1.00 0 244 251 112 1 0 0 0 0 030619 200752.170
-8.7369 11.2051 0.0000 0.00 0.00 1.00 0 132 254 112 1 0 0 0 0 030619 200752.370
-8.7561 11.2235 0.0000 0.00 0.00 1.00 0 24 255 112 1 0 0 0 0 030619 200752.571
-8.7839 11.2581 0.0000 0.00 0.00 1.00 0 143 254 112 1 0 0 0 0 030619 200752.771
-8.8064 11.2830 0.0000 0.00 0.00 1.00 0 192 253 112 1 0 0 0 0 030619 200752.971
-8.8273 11.3093 0.0000 0.00 0.00 1.00 0 107 250 112 1 0 0 0 0 030619 200753.171
-8.8552 11.3411 0.0000 0.00 0.00 1.00 0 126 254 112 1 0 0 0 0 030619 200753.371
-8.8770 11.3647 0.0000 0.00 0.00 1.00 0 88 0 112 1 0 0 0 0 030619 200753.571
-8.8932 11.3811 0.0000 0.00 0.00 1.00 0 166 0 112 1 0 0 0 0 030619 200753.772
-8.9171 11.4081 0.0000 0.00 0.00 1.00 0 224 254 112 1 0 0 0 0 030619 200753.972
-8.9339 11.4272 0.0000 0.00 0.00 1.00 0 121 255 112 1 0 0 0 0 030619 200754.172
-8.9649 11.4569 0.0000 0.00 0.00 1.00 0 184 0 112 1 0 0 0 0 030619 200754.372
-8.9880 11.4839 0.0000 0.00 0.00 1.00 0 118 255 112 1 0 0 0 0 030619 200754.572
-9.0048 11.5049 0.0000 0.00 0.00 1.00 0 145 254 112 1 0 0 0 0 030619 200754.772
-9.0375 11.5388 0.0000 0.00 0.00 1.00 0 74 1 112 1 0 0 0 0 030619 200754.973
-9.0535 11.5591 0.0000 0.00 0.00 1.00 0 27 252 112 1 0 0 0 0 030619 200755.173
-9.0800 11.5885 0.0000 0.00 0.00 1.00 0 239 249 112 1 0 0 0 0 030619 200755.373
-9.0989 11.6077 0.0000 0.00 0.00 1.00 0 67 253 112 1 0 0 0 0 030619 200755.573
-9.1341 11.6452 0.0000 0.00 0.00 1.00 0 185 253 112 1 0 0 0 0 030619 200755.773
-9.1484 11.6645 0.0000 0.00 0.00 1.00 0 11 249 112 1 0 0 0 0 030619 200755.973
-9.1763 11.6967 0.0000 0.00 0.00 1.00 0 214 247 112 1 0 0 0 0 030619 200756.173
-9.1973 11.7156 0.0000 0.00 0.00 1.00 0 42 0 112 1 0 0 0 0 030619 200756.374
-9.2120 11.7331 0.0000 0.00 0.00 1.00 0 243 251 112 1 0 0 0 0 030619 200756.574
-9.2381 11.7606 0.0000 0.00 0.00 1.00 0 245 253 112 1 0 0 0 0 030619 200756.774
-9.2597 11.7824 0.0000 0.00 0.00 1.00 0 46 252 112 1 0 0 0 0 030619 200756.974
-9.2832 11.8074 0.0000 0.00 0.00 1.00 0 112 249 112 1 0 0 0 0 030619 200757.174
-9.3111 11.8363 0.0000 0.00 0.00 1.00 0 24 252 112 1 0 0 0 0 030619 200757.374
-9.3299 11.8576 0.0000 0.00 0.00 1.00 0 194 251 112 1 0 0 0 0 030619 200757.575
-9.3527 11.8826 0.0000 0.00 0.00 1.00 0 127 252 112 1 0 0 0 0 030619 200757.775
-9.3674 11.8972 0.0000 0.00 0.00 1.00 0 37 253 112 1 0 0 0 0 030619 200757.975
-9.3925 11.9213 0.0000 0.00 0.00 1.00 0 194 253 112 1 0 0 0 0 030619 200758.175
-9.4266 11.9564 0.0000 0.00 0.00 1.00 0 118 252 112 1 0 0 0 0 030619 200758.375
-9.4426 11.9733 0.0000 0.00 0.00 1.00 0 144 253 112 1 0 0 0 0 030619 200758.575
-9.4656 11.9947 0.0000 0.00 0.00 1.00 0 133 254 112 1 0 0 0 0 030619 200758.776
-9.4860 12.0141 0.0000 0.00 0.00 1.00 0 249 254 112 1 0 0 0 0 030619 200758.976
-9.5134 12.0428 0.0000 0.00 0.00 1.00 0 237 254 112 1 0 0 0 0 030619 200759.176
-9.5352 12.0651 0.0000 0.00 0.00 1.00 0 214 253 112 1 0 0 0 0 030619 200759.376
-9.5598 12.0926 0.0000 0.00 0.00 1.00 0 24 251 112 1 0 0 0 0 030619 200759.576
-9.5876 12.1214 0.0000 0.00 0.00 1.00 0 59 252 112 1 0 0 0 0 030619 200759.776
-9.6063 12.1418 0.0000 0.00 0.00 1.00 0 86 254 112 1 0 0 0 0 030619 200759.977
-9.6298 12.1684 0.0000 0.00 0.00 1.00 0 176 249 112 1 0 0 0 0 030619 200800.177
-9.6588 12.1974 0.0000 0.00 0.00 1.00 0 227 255 112 1 0 0 0 0 030619 200800.377
-9.6755 12.2130 0.0000 0.00 0.00 1.00 0 51 255 112 1 0 0 0 0 030619 200800.577
-9.6940 12.2323 0.0000 0.00 0.00 1.00 0 36 0 112 1 0 0 0 0 030619 200800.777
-9.7267 12.2720 0.0000 0.00 0.00 1.00 0 203 251 112 1 0 0 0 0 030619 200800.977
-9.7520 12.2973 0.0000 0.00 0.00 1.00 0 184 15 112 1 0 0 0 0 030619 200801.178
-9.7712 12.3163 0.0000 0.00 0.00 1.00 0 106 246 112 1 0 0 0 0 030619 200801.378
-9.7989 12.3399 0.0000 0.00 0.00 1.00 0 56 240 112 1 0 0 0 0 030619 200801.578
-9.8255 12.3653 0.0000 0.00 0.00 1.00 0 240 241 112 1 0 0 0 0 030619 200801.778
-9.8438 12.3835 0.0000 0.00 0.00 1.00 0 192 239 112 1 0 0 0 0 030619 200801.978
-9.8572 12.4001 0.0000 0.00 0.00 1.00 0 77 246 112 1 0 0 0 0 030619 200802.178
-9.8905 12.4305 0.0000 0.00 0.00 1.00 0 163 241 112 1 0 0 0 0 030619 200802.379
-9.9091 12.4467 0.0000 0.00 0.00 1.00 0 52 245 112 1 0 0 0 0 030619 200802.579
-10.6061 17.1288 0.0000 0.00 0.00 1.00 0 0 128 112 1 0 0 0 0 030619 200802.779
-10.5679 17.1144 0.0000 0.00 0.00 1.00 0 176 221 112 1 0 0 0 0 030619 200802.979
-10.5415 17.1031 0.0000 0.00 0.00 1.00 0 235 209 112 1 0 0 0 0 030619 200803.179
-10.5052 17.0951 0.0000 0.00 0.00 1.00 0 26 212 112 1 0 0 0 0 030619 200803.379
-10.4898 17.0918 0.0000 0.00 0.00 1.00 0 247 191 112 1 0 0 0 0 030619 200803.580
-10.4596 17.0897 0.0000 0.00 0.00 1.00 0 41 200 112 1 0 0 0 0 030619 200803.780
-10.4226 17.0951 0.0000 0.00 0.00 1.00 0 112 194 112 1 0 0 0 0 030619 200803.980
-10.4028 17.0741 0.0000 0.00 0.00 1.00 0 196 220 112 1 0 0 0 0 030619 200804.180
-10.3676 17.0801 0.0000 0.00 0.00 1.00 0 53 193 112 1 0 0 0 0 030619 200804.380
-10.3481 17.0740 0.0000 0.00 0.00 1.00 0 9 200 112 1 0 0 0 0 030619 200804.580
-10.3229 17.0766 0.0000 0.00 0.00 1.00 0 176 191 112 1 0 0 0 0 030619 200804.781
-10.2934 17.0717 0.0000 0.00 0.00 1.00 0 94 205 112 1 0 0 0 0 030619 200804.981
-10.2724 17.0602 0.0000 0.00 0.00 1.00 0 146 209 112 1 0 0 0 0 030619 200805.181
-10.2154 17.0884 0.0000 0.00 0.00 1.00 0 67 177 112 1 0 0 0 0 030619 200805.381
-10.1983 17.0821 0.0000 0.00 0.00 1.00 0 207 199 112 1 0 0 0 0 030619 200805.581
-10.1714 17.0634 0.0000 0.00 0.00 1.00 0 127 224 112 1 0 0 0 0 030619 200805.781
-10.1484 17.0649 0.0000 0.00 0.00 1.00 0 111 193 112 1 0 0 0 0 030619 200805.982
-10.1208 17.0641 0.0000 0.00 0.00 1.00 0 229 199 112 1 0 0 0 0 030619 200806.182
-10.0996 17.0716 0.0000 0.00 0.00 1.00 0 42 184 112 1 0 0 0 0 030619 200806.382
-10.0666 17.0617 0.0000 0.00 0.00 1.00 0 214 216 112 1 0 0 0 0 030619 200806.582
-10.0249 17.0801 0.0000 0.00 0.00 1.00 0 184 182 112 1 0 0 0 0 030619 200806.782
-10.0080 17.0799 0.0000 0.00 0.00 1.00 0 171 192 112 1 0 0 0 0 030619 200806.982
-10.0080 17.0799 0.0000 0.00 0.00 1.00 0 171 192 112 1 0 0 0 0 030619 200807.182
-9.9430 17.1051 0.0000 0.00 0.00 1.00 0 211 188 112 1 0 0 0 0 030619 200807.383
-9.8959 17.1142 0.0000 0.00 0.00 1.00 0 230 199 112 1 0 0 0 0 030619 200807.583
-9.8590 17.1370 0.0000 0.00 0.00 1.00 0 159 173 112 1 0 0 0 0 030619 200807.783
-9.8590 17.1370 0.0000 0.00 0.00 1.00 0 159 173 112 1 0 0 0 0 030619 200807.983
-9.8415 17.1350 0.0000 0.00 0.00 1.00 0 31 196 112 1 0 0 0 0 030619 200808.183
-9.8181 17.1337 0.0000 0.00 0.00 1.00 0 54 199 112 1 0 0 0 0 030619 200808.383
-9.8101 17.1466 0.0000 0.00 0.00 1.00 0 149 168 112 1 0 0 0 0 030619 200808.584
-9.8101 17.1466 0.0000 0.00 0.00 1.00 0 149 168 112 1 0 0 0 0 030619 200808.784
-9.7735 17.1641 0.0000 0.00 0.00 1.00 0 62 181 112 1 0 0 0 0 030619 200808.984
-9.7735 17.1641 0.0000 0.00 0.00 1.00 0 62 181 112 1 0 0 0 0 030619 200809.184
-9.7334 17.1780 0.0000 0.00 0.00 1.00 0 192 188 112 1 0 0 0 0 030619 200809.385
-9.6491 17.2117 0.0000 0.00 0.00 1.00 0 7 190 112 1 0 0 0 0 030619 200809.585
-9.6491 17.2117 0.0000 0.00 0.00 1.00 0 7 190 112 1 0 0 0 0 030619 200809.785
-9.6491 17.2117 0.0000 0.00 0.00 1.00 0 7 190 112 1 0 0 0 0 030619 200809.985
-9.6177 17.2315 0.0000 0.00 0.00 1.00 0 140 174 112 1 0 0 0 0 030619 200810.185
-9.6177 17.2315 0.0000 0.00 0.00 1.00 0 140 174 112 1 0 0 0 0 030619 200810.385
-9.5888 17.2771 0.0000 0.00 0.00 1.00 0 214 135 112 1 0 0 0 0 030619 200810.586
-9.5620 17.2961 0.0000 0.00 0.00 1.00 0 27 172 112 1 0 0 0 0 030619 200810.786
-9.5233 17.3266 0.0000 0.00 0.00 1.00 0 80 163 112 1 0 0 0 0 030619 200810.986
-9.5233 17.3266 0.0000 0.00 0.00 1.00 0 80 163 112 1 0 0 0 0 030619 200811.186
-9.5142 17.3368 0.0000 0.00 0.00 1.00 0 90 172 112 1 0 0 0 0 030619 200811.386
-9.5019 17.3537 0.0000 0.00 0.00 1.00 0 213 164 112 1 0 0 0 0 030619 200811.586
-9.4832 17.3826 0.0000 0.00 0.00 1.00 0 171 151 112 1 0 0 0 0 030619 200811.786
-9.4832 17.3826 0.0000 0.00 0.00 1.00 0 171 151 112 1 0 0 0 0 030619 200811.987
-9.4580 17.4229 0.0000 0.00 0.00 1.00 0 132 139 112 1 0 0 0 0 030619 200812.187
-9.4277 17.4597 0.0000 0.00 0.00 1.00 0 57 147 112 1 0 0 0 0 030619 200812.387
-9.4277 17.4597 0.0000 0.00 0.00 1.00 0 57 147 112 1 0 0 0 0 030619 200812.587
-9.4236 17.4827 0.0000 0.00 0.00 1.00 0 38 149 112 1 0 0 0 0 030619 200812.787
-9.4236 17.4827 0.0000 0.00 0.00 1.00 0 38 149 112 1 0 0 0 0 030619 200812.988
-9.3966 17.5046 0.0000 0.00 0.00 1.00 0 180 165 112 1 0 0 0 0 030619 200813.188
-9.3958 17.5473 0.0000 0.00 0.00 1.00 0 0 128 112 1 0 0 0 0 030619 200813.388
-9.3907 17.5526 0.0000 0.00 0.00 1.00 0 187 173 112 1 0 0 0 0 030619 200813.588
-9.3846 17.6045 0.0000 0.00 0.00 1.00 0 0 128 112 1 0 0 0 0 030619 200813.788
-9.3846 17.6045 0.0000 0.00 0.00 1.00 0 0 128 112 1 0 0 0 0 030619 200813.989
-9.3689 17.6505 0.0000 0.00 0.00 1.00 0 0 128 112 1 0 0 0 0 030619 200814.189
-9.3689 17.6505 0.0000 0.00 0.00 1.00 0 0 128 112 1 0 0 0 0 030619 200814.389
-9.3638 17.6696 0.0000 0.00 0.00 1.00 0 123 152 112 1 0 0 0 0 030619 200814.589
-9.3671 17.6863 0.0000 0.00 0.00 1.00 0 244 149 112 1 0 0 0 0 030619 200814.789
-9.3673 17.7080 0.0000 0.00 0.00 1.00 0 156 144 112 1 0 0 0 0 030619 200814.989
-9.3684 17.7312 0.0000 0.00 0.00 1.00 0 117 141 112 1 0 0 0 0 030619 200815.190
-9.3684 17.7499 0.0000 0.00 0.00 1.00 0 41 148 112 1 0 0 0 0 030619 200815.390
-9.3728 17.7803 0.0000 0.00 0.00 1.00 0 25 128 112 1 0 0 0 0 030619 200815.590
-9.3813 17.7920 0.0000 0.00 0.00 1.00 0 168 151 112 1 0 0 0 0 030619 200815.790
-9.3818 17.8251 0.0000 0.00 0.00 1.00 0 0 128 112 1 0 0 0 0 030619 200815.990
-9.3953 17.8522 0.0000 0.00 0.00 1.00 0 0 128 112 1 0 0 0 0 030619 200816.190
-9.4047 17.8678 0.0000 0.00 0.00 1.00 0 251 143 112 1 0 0 0 0 030619 200816.390
-9.4178 17.8730 0.0000 0.00 0.00 1.00 0 7 156 112 1 0 0 0 0 030619 200816.591
-9.4264 17.8906 0.0000 0.00 0.00 1.00 0 11 141 112 1 0 0 0 0 030619 200816.791
-9.4505 17.9249 0.0000 0.00 0.00 1.00 0 129 130 112 1 0 0 0 0 030619 200816.991
-9.4505 17.9249 0.0000 0.00 0.00 1.00 0 129 130 112 1 0 0 0 0 030619 200817.191
-9.4552 17.9462 0.0000 0.00 0.00 1.00 0 58 137 112 1 0 0 0 0 030619 200817.391
-9.4725 17.9586 0.0000 0.00 0.00 1.00 0 249 140 112 1 0 0 0 0 030619 200817.591
-9.4928 17.9657 0.0000 0.00 0.00 1.00 0 97 146 112 1 0 0 0 0 030619 200817.791
-9.4954 17.9918 0.0000 0.00 0.00 1.00 0 165 130 112 1 0 0 0 0 030619 200817.992
-9.5295 18.0470 0.0000 0.00 0.00 1.00 0 0 128 112 1 0 0 0 0 030619 200818.192
-9.5295 18.0470 0.0000 0.00 0.00 1.00 0 0 128 112 1 0 0 0 0 030619 200818.392
-9.5502 18.0450 0.0000 0.00 0.00 1.00 0 8 157 112 1 0 0 0 0 030619 200818.592
-9.5705 18.0428 0.0000 0.00 0.00 1.00 0 123 157 112 1 0 0 0 0 030619 200818.792
-9.5823 18.0706 0.0000 0.00 0.00 1.00 0 0 128 112 1 0 0 0 0 030619 200818.992
-9.5978 18.0828 0.0000 0.00 0.00 1.00 0 70 139 112 1 0 0 0 0 030619 200819.193
-9.6144 18.0817 0.0000 0.00 0.00 1.00 0 75 157 112 1 0 0 0 0 030619 200819.393
-9.6657 18.0958 0.0000 0.00 0.00 1.00 0 27 173 112 1 0 0 0 0 030619 200819.593
-9.6657 18.0958 0.0000 0.00 0.00 1.00 0 27 173 112 1 0 0 0 0 030619 200819.793
-9.6805 18.0991 0.0000 0.00 0.00 1.00 0 78 151 112 1 0 0 0 0 030619 200819.993
-9.7219 18.0986 0.0000 0.00 0.00 1.00 0 230 138 112 1 0 0 0 0 030619 200820.193
-9.7504 18.0888 0.0000 0.00 0.00 1.00 0 107 160 112 1 0 0 0 0 030619 200820.394
-9.7750 18.0836 0.0000 0.00 0.00 1.00 0 102 156 112 1 0 0 0 0 030619 200820.594
-9.8110 18.0954 0.0000 0.00 0.00 1.00 0 13 162 112 1 0 0 0 0 030619 200820.794
-9.8110 18.0954 0.0000 0.00 0.00 1.00 0 13 162 112 1 0 0 0 0 030619 200820.994
-9.8437 18.0815 0.0000 0.00 0.00 1.00 0 201 162 112 1 0 0 0 0 030619 200821.194
-9.8659 18.0886 0.0000 0.00 0.00 1.00 0 215 139 112 1 0 0 0 0 030619 200821.394
-9.8997 18.0802 0.0000 0.00 0.00 1.00 0 189 153 112 1 0 0 0 0 030619 200821.594
-9.9262 18.0671 0.0000 0.00 0.00 1.00 0 113 165 112 1 0 0 0 0 030619 200821.795
-9.9481 18.0611 0.0000 0.00 0.00 1.00 0 53 158 112 1 0 0 0 0 030619 200821.995
-9.9672 18.0663 0.0000 0.00 0.00 1.00 0 7 144 112 1 0 0 0 0 030619 200822.195
-10.0012 18.0391 0.0000 0.00 0.00 1.00 0 91 161 112 1 0 0 0 0 030619 200822.395
-10.0012 18.0391 0.0000 0.00 0.00 1.00 0 91 161 112 1 0 0 0 0 030619 200822.595
-10.0197 18.0302 0.0000 0.00 0.00 1.00 0 149 164 112 1 0 0 0 0 030619 200822.795
-10.0380 18.0265 0.0000 0.00 0.00 1.00 0 66 157 112 1 0 0 0 0 030619 200822.996
-10.0589 18.0076 0.0000 0.00 0.00 1.00 0 58 177 112 1 0 0 0 0 030619 200823.196
-10.0880 17.9946 0.0000 0.00 0.00 1.00 0 108 163 112 1 0 0 0 0 030619 200823.396
-10.1092 17.9770 0.0000 0.00 0.00 1.00 0 77 175 112 1 0 0 0 0 030619 200823.596
-10.1272 17.9575 0.0000 0.00 0.00 1.00 0 61 180 112 1 0 0 0 0 030619 200823.796
-10.1486 17.9401 0.0000 0.00 0.00 1.00 0 66 175 112 1 0 0 0 0 030619 200823.996
-10.1612 17.9221 0.0000 0.00 0.00 1.00 0 22 182 112 1 0 0 0 0 030619 200824.197
-10.1806 17.9156 0.0000 0.00 0.00 1.00 0 58 161 112 1 0 0 0 0 030619 200824.397
-10.2054 17.8674 0.0000 0.00 0.00 1.00 0 143 193 112 1 0 0 0 0 030619 200824.597
-10.2054 17.8674 0.0000 0.00 0.00 1.00 0 143 193 112 1 0 0 0 0 030619 200824.797
-10.2162 17.8498 0.0000 0.00 0.00 1.00 0 140 183 112 1 0 0 0 0 030619 200824.997
-10.2406 17.8289 0.0000 0.00 0.00 1.00 0 111 179 112 1 0 0 0 0 030619 200825.197
-10.2494 17.8016 0.0000 0.00 0.00 1.00 0 35 199 112 1 0 0 0 0 030619 200825.398
-10.2556 17.7899 0.0000 0.00 0.00 1.00 0 246 178 112 1 0 0 0 0 030619 200825.598
-10.2776 17.7638 0.0000 0.00 0.00 1.00 0 53 189 112 1 0 0 0 0 030619 200825.798
-10.2961 17.7121 0.0000 0.00 0.00 1.00 0 140 195 112 1 0 0 0 0 030619 200825.998
-10.2961 17.7121 0.0000 0.00 0.00 1.00 0 140 195 112 1 0 0 0 0 030619 200826.198
-10.3081 17.6705 0.0000 0.00 0.00 1.00 0 10 219 112 1 0 0 0 0 030619 200826.398
-10.3220 17.6522 0.0000 0.00 0.00 1.00 0 51 185 112 1 0 0 0 0 030619 200826.598
-10.3258 17.6364 0.0000 0.00 0.00 1.00 0 115 188 112 1 0 0 0 0 030619 200826.799
-10.3204 17.6214 0.0000 0.00 0.00 1.00 0 218 193 112 1 0 0 0 0 030619 200826.999
-10.3306 17.5877 0.0000 0.00 0.00 1.00 0 120 210 112 1 0 0 0 0 030619 200827.199
-10.3425 17.5647 0.0000 0.00 0.00 1.00 0 103 194 112 1 0 0 0 0 030619 200827.399
-10.3267 17.5343 0.0000 0.00 0.00 1.00 0 253 223 112 1 0 0 0 0 030619 200827.599
-10.3413 17.4985 0.0000 0.00 0.00 1.00 0 251 211 112 1 0 0 0 0 030619 200827.799
-10.3553 17.4598 0.0000 0.00 0.00 1.00 0 16 217 112 1 0 0 0 0 030619 200828.000
-10.3682 17.4338 0.0000 0.00 0.00 1.00 0 16 200 112 1 0 0 0 0 030619 200828.200
-10.3628 17.4078 0.0000 0.00 0.00 1.00 0 191 212 112 1 0 0 0 0 030619 200828.400
-10.3644 17.3797 0.0000 0.00 0.00 1.00 0 184 211 112 1 0 0 0 0 030619 200828.600
-10.3432 17.3569 0.0000 0.00 0.00 1.00 0 215 219 112 1 0 0 0 0 030619 200828.800
-10.3548 17.3200 0.0000 0.00 0.00 1.00 0 129 218 112 1 0 0 0 0 030619 200829.000
-10.3701 17.2916 0.0000 0.00 0.00 1.00 0 97 204 112 1 0 0 0 0 030619 200829.200
-10.3516 17.2564 0.0000 0.00 0.00 1.00 0 80 237 112 1 0 0 0 0 030619 200829.401
-10.3572 17.2382 0.0000 0.00 0.00 1.00 0 121 197 112 1 0 0 0 0 030619 200829.601
-10.3652 17.1995 0.0000 0.00 0.00 1.00 0 155 225 112 1 0 0 0 0 030619 200829.801
-10.3516 17.1794 0.0000 0.00 0.00 1.00 0 227 213 112 1 0 0 0 0 030619 200830.001
-10.3508 17.1557 0.0000 0.00 0.00 1.00 0 22 211 112 1 0 0 0 0 030619 200830.201
-10.3416 17.1194 0.0000 0.00 0.00 1.00 0 64 235 112 1 0 0 0 0 030619 200830.401
-10.3349 17.0923 0.0000 0.00 0.00 1.00 0 250 220 112 1 0 0 0 0 030619 200830.602
-10.3285 17.0714 0.0000 0.00 0.00 1.00 0 137 212 112 1 0 0 0 0 030619 200830.802
-10.3210 17.0386 0.0000 0.00 0.00 1.00 0 179 230 112 1 0 0 0 0 030619 200831.002
-10.3325 17.0059 0.0000 0.00 0.00 1.00 0 81 218 112 1 0 0 0 0 030619 200831.202
-10.3314 16.9607 0.0000 0.00 0.00 1.00 0 83 245 112 1 0 0 0 0 030619 200831.402
-10.3161 16.9353 0.0000 0.00 0.00 1.00 0 69 227 112 1 0 0 0 0 030619 200831.602
-10.3001 16.9066 0.0000 0.00 0.00 1.00 0 14 233 112 1 0 0 0 0 030619 200831.802
-10.2948 16.8834 0.0000 0.00 0.00 1.00 0 139 218 112 1 0 0 0 0 030619 200832.003
-10.2786 16.8506 0.0000 0.00 0.00 1.00 0 52 240 112 1 0 0 0 0 030619 200832.203
-10.2593 16.8185 0.0000 0.00 0.00 1.00 0 229 241 112 1 0 0 0 0 030619 200832.403
-10.2497 16.8040 0.0000 0.00 0.00 1.00 0 219 210 112 1 0 0 0 0 030619 200832.603
-10.2628 16.7659 0.0000 0.00 0.00 1.00 0 242 229 112 1 0 0 0 0 030619 200832.803
-10.2534 16.7343 0.0000 0.00 0.00 1.00 0 20 236 112 1 0 0 0 0 030619 200833.003
-10.2339 16.7004 0.0000 0.00 0.00 1.00 0 235 246 112 1 0 0 0 0 030619 200833.204
-10.2167 16.6759 0.0000 0.00 0.00 1.00 0 164 232 112 1 0 0 0 0 030619 200833.404
-10.2085 16.6411 0.0000 0.00 0.00 1.00 0 248 241 112 1 0 0 0 0 030619 200833.604
-10.1668 16.5853 0.0000 0.00 0.00 1.00 0 188 240 112 1 0 0 0 0 030619 200833.804
-10.1668 16.5853 0.0000 0.00 0.00 1.00 0 188 240 112 1 0 0 0 0 030619 200834.004
-10.1557 16.5553 0.0000 0.00 0.00 1.00 0 4 239 112 1 0 0 0 0 030619 200834.204
-10.1380 16.5061 0.0000 0.00 0.00 1.00 0 94 239 112 1 0 0 0 0 030619 200834.404
-10.1331 16.4767 0.0000 0.00 0.00 1.00 0 200 235 112 1 0 0 0 0 030619 200834.605
-10.1052 16.4539 0.0000 0.00 0.00 1.00 0 58 242 112 1 0 0 0 0 030619 200834.805
-10.1052 16.4539 0.0000 0.00 0.00 1.00 0 58 242 112 1 0 0 0 0 030619 200835.005
-10.0955 16.4216 0.0000 0.00 0.00 1.00 0 45 244 112 1 0 0 0 0 030619 200835.205
-10.0768 16.3940 0.0000 0.00 0.00 1.00 0 50 244 112 1 0 0 0 0 030619 200835.405
-10.0591 16.3456 0.0000 0.00 0.00 1.00 0 237 17 112 1 0 0 0 0 030619 200835.605
-10.0422 16.3319 0.0000 0.00 0.00 1.00 0 192 224 112 1 0 0 0 0 030619 200835.806
-10.0206 16.3050 0.0000 0.00 0.00 1.00 0 24 247 112 1 0 0 0 0 030619 200836.006
-9.9906 16.2481 0.0000 0.00 0.00 1.00 0 73 237 112 1 0 0 0 0 030619 200836.206
-9.9906 16.2481 0.0000 0.00 0.00 1.00 0 73 237 112 1 0 0 0 0 030619 200836.406
-9.9624 16.2040 0.0000 0.00 0.00 1.00 0 90 242 112 1 0 0 0 0 030619 200836.606
-9.9624 16.2040 0.0000 0.00 0.00 1.00 0 90 242 112 1 0 0 0 0 030619 200836.806
-9.9240 16.1485 0.0000 0.00 0.00 1.00 0 210 244 112 1 0 0 0 0 030619 200837.007
-9.9240 16.1485 0.0000 0.00 0.00 1.00 0 210 244 112 1 0 0 0 0 030619 200837.207
-9.9075 16.0827 0.0000 0.00 0.00 1.00 0 202 2 112 1 0 0 0 0 030619 200837.407
-9.9075 16.0827 0.0000 0.00 0.00 1.00 0 202 2 112 1 0 0 0 0 030619 200837.607
-9.8530 16.0278 0.0000 0.00 0.00 1.00 0 155 3 112 1 0 0 0 0 030619 200837.807
-9.8530 16.0278 0.0000 0.00 0.00 1.00 0 155 3 112 1 0 0 0 0 030619 200838.007
-9.8069 15.9770 0.0000 0.00 0.00 1.00 0 68 249 112 1 0 0 0 0 030619 200838.208
-9.8069 15.9770 0.0000 0.00 0.00 1.00 0 68 249 112 1 0 0 0 0 030619 200838.408
-9.8855 13.9524 0.0000 0.00 0.00 1.00 0 85 214 112 1 0 0 0 0 030619 200838.608
-9.8853 13.9788 0.0000 0.00 0.00 1.00 0 174 223 112 1 0 0 0 0 030619 200838.808
-9.8864 14.0146 0.0000 0.00 0.00 1.00 0 221 225 112 1 0 0 0 0 030619 200839.008
-9.8846 14.0424 0.0000 0.00 0.00 1.00 0 73 221 112 1 0 0 0 0 030619 200839.208
-9.8854 14.0717 0.0000 0.00 0.00 1.00 0 219 221 112 1 0 0 0 0 030619 200839.408
-9.8890 14.1077 0.0000 0.00 0.00 1.00 0 49 208 112 1 0 0 0 0 030619 200839.609
-9.8902 14.1307 0.0000 0.00 0.00 1.00 0 181 217 112 1 0 0 0 0 030619 200839.809
-9.8900 14.1530 0.0000 0.00 0.00 1.00 0 56 212 112 1 0 0 0 0 030619 200840.009
-9.8966 14.1861 0.0000 0.00 0.00 1.00 0 187 211 112 1 0 0 0 0 030619 200840.209
-9.9002 14.2119 0.0000 0.00 0.00 1.00 0 56 212 112 1 0 0 0 0 030619 200840.409
-9.9049 14.2330 0.0000 0.00 0.00 1.00 0 212 219 112 1 0 0 0 0 030619 200840.610
-9.9075 14.2609 0.0000 0.00 0.00 1.00 0 168 222 112 1 0 0 0 0 030619 200840.810
-9.9144 14.2942 0.0000 0.00 0.00 1.00 0 31 211 112 1 0 0 0 0 030619 200841.010
-9.9225 14.3226 0.0000 0.00 0.00 1.00 0 57 209 112 1 0 0 0 0 030619 200841.210
-9.9291 14.3475 0.0000 0.00 0.00 1.00 0 191 212 112 1 0 0 0 0 030619 200841.410
-9.9351 14.3685 0.0000 0.00 0.00 1.00 0 188 217 112 1 0 0 0 0 030619 200841.610
-9.9438 14.3946 0.0000 0.00 0.00 1.00 0 194 217 112 1 0 0 0 0 030619 200841.810
-9.9528 14.4198 0.0000 0.00 0.00 1.00 0 241 219 112 1 0 0 0 0 030619 200842.011
-9.9573 14.4499 0.0000 0.00 0.00 1.00 0 251 217 112 1 0 0 0 0 030619 200842.211
-9.9642 14.4780 0.0000 0.00 0.00 1.00 0 141 205 112 1 0 0 0 0 030619 200842.411
-9.9715 14.5030 0.0000 0.00 0.00 1.00 0 218 207 112 1 0 0 0 0 030619 200842.611
-9.9740 14.5152 0.0000 0.00 0.00 1.00 0 196 217 112 1 0 0 0 0 030619 200842.811
-9.9851 14.5463 0.0000 0.00 0.00 1.00 0 172 203 112 1 0 0 0 0 030619 200843.011
-9.9930 14.5720 0.0000 0.00 0.00 1.00 0 230 213 112 1 0 0 0 0 030619 200843.212
-10.0040 14.5954 0.0000 0.00 0.00 1.00 0 140 213 112 1 0 0 0 0 030619 200843.412
-10.0149 14.6215 0.0000 0.00 0.00 1.00 0 141 213 112 1 0 0 0 0 030619 200843.612
-10.0288 14.6480 0.0000 0.00 0.00 1.00 0 10 213 112 1 0 0 0 0 030619 200843.812
-10.0414 14.6713 0.0000 0.00 0.00 1.00 0 65 213 112 1 0 0 0 0 030619 200844.012
-10.0548 14.7006 0.0000 0.00 0.00 1.00 0 130 204 112 1 0 0 0 0 030619 200844.212
-10.0643 14.7237 0.0000 0.00 0.00 1.00 0 247 200 112 1 0 0 0 0 030619 200844.413
-10.0720 14.7372 0.0000 0.00 0.00 1.00 0 185 209 112 1 0 0 0 0 030619 200844.613
-10.0872 14.7643 0.0000 0.00 0.00 1.00 0 180 202 112 1 0 0 0 0 030619 200844.813
-10.1012 14.7862 0.0000 0.00 0.00 1.00 0 218 199 112 1 0 0 0 0 030619 200845.014
-10.1169 14.8103 0.0000 0.00 0.00 1.00 0 115 210 112 1 0 0 0 0 030619 200845.214
-10.1297 14.8291 0.0000 0.00 0.00 1.00 0 174 211 112 1 0 0 0 0 030619 200845.414
-10.1442 14.8474 0.0000 0.00 0.00 1.00 0 177 210 112 1 0 0 0 0 030619 200845.614
-10.1681 14.8736 0.0000 0.00 0.00 1.00 0 100 206 112 1 0 0 0 0 030619 200845.814
-10.1869 14.8964 0.0000 0.00 0.00 1.00 0 9 194 112 1 0 0 0 0 030619 200846.014
-10.2026 14.9149 0.0000 0.00 0.00 1.00 0 25 200 112 1 0 0 0 0 030619 200846.215
-10.2158 14.9329 0.0000 0.00 0.00 1.00 0 71 201 112 1 0 0 0 0 030619 200846.415
-10.2211 14.9410 0.0000 0.00 0.00 1.00 0 33 210 112 1 0 0 0 0 030619 200846.615
-10.2386 14.9747 0.0000 0.00 0.00 1.00 0 92 208 112 1 0 0 0 0 030619 200846.815
-10.2553 14.9927 0.0000 0.00 0.00 1.00 0 72 205 112 1 0 0 0 0 030619 200847.015
-10.2553 14.9927 0.0000 0.00 0.00 1.00 0 0 0 127 0 0 0 0 0 030619 200847.215
-10.2553 14.9927 0.0000 0.00 0.00 1.00 0 0 0 127 0 0 0 0 0 030619 200847.416
-10.2553 14.9927 0.0000 0.00 0.00 1.00 0 0 0 127 0 0 0 0 0 030619 200847.616
-10.2553 14.9927 0.0000 0.00 0.00 1.00 0 0 0 127 0 0 0 0 0 030619 200847.816
-10.2553 14.9927 0.0000 0.00 0.00 1.00 0 0 0 127 0 0 0 0 0 030619 200848.016
-10.2553 14.9927 0.0000 0.00 0.00 1.00 0 0 0 127 0 0 0 0 0 030619 200848.216
-10.2553 14.9927 0.0000 0.00 0.00 1.00 0 0 0 127 0 0 0 0 0 030619 200848.417
-10.2553 14.9927 0.0000 0.00 0.00 1.00 0 0 0 127 0 0 0 0 0 030619 200848.617
-10.2553 14.9927 0.0000 0.00 0.00 1.00 0 0 0 127 0 0 0 0 0 030619 200848.817
-10.2553 14.9927 0.0000 0.00 0.00 1.00 0 0 0 127 0 0 0 0 0 030619 200849.017
-10.2553 14.9927 0.0000 0.00 0.00 1.00 0 0 0 127 0 0 0 0 0 030619 200849.217
-10.2553 14.9927 0.0000 0.00 0.00 1.00 0 0 0 127 0 0 0 0 0 030619 200849.418
-10.2553 14.9927 0.0000 0.00 0.00 1.00 0 0 0 127 0 0 0 0 0 030619 200849.618
-10.2553 14.9927 0.0000 0.00 0.00 1.00 0 0 0 127 0 0 0 0 0 030619 200849.818
-10.2553 14.9927 0.0000 0.00 0.00 1.00 0 0 0 127 0 0 0 0 0 030619 200850.018
-10.2553 14.9927 0.0000 0.00 0.00 1.00 0 0 0 127 0 0 0 0 0 030619 200850.218
-10.2553 14.9927 0.0000 0.00 0.00 1.00 0 0 0 127 0 0 0 0 0 030619 200850.419
-10.2553 14.9927 0.0000 0.00 0.00 1.00 0 0 0 127 0 0 0 0 0 030619 200850.619
-10.2553 14.9927 0.0000 0.00 0.00 1.00 0 0 0 127 0 0 0 0 0 030619 200850.819
-10.2553 14.9927 0.0000 0.00 0.00 1.00 0 0 0 127 0 0 0 0 0 030619 200851.019
-10.2553 14.9927 0.0000 0.00 0.00 1.00 0 0 0 127 0 0 0 0 0 030619 200851.219
-10.2553 14.9927 0.0000 0.00 0.00 1.00 0 0 0 127 0 0 0 0 0 030619 200851.419
-10.2553 14.9927 0.0000 0.00 0.00 1.00 0 0 0 127 0 0 0 0 0 030619 200851.620
-10.2553 14.9927 0.0000 0.00 0.00 1.00 0 0 0 127 0 0 0 0 0 030619 200851.820
-10.2553 14.9927 0.0000 0.00 0.00 1.00 0 0 0 127 0 0 0 0 0 030619 200852.020
-10.2553 14.9927 0.0000 0.00 0.00 1.00 0 0 0 127 0 0 0 0 0 030619 200852.222
-10.2553 14.9927 0.0000 0.00 0.00 1.00 0 0 0 127 0 0 0 0 0 030619 200852.422
-10.2553 14.9927 0.0000 0.00 0.00 1.00 0 0 0 127 0 0 0 0 0 030619 200852.622
-10.2553 14.9927 0.0000 0.00 0.00 1.00 0 0 0 127 0 0 0 0 0 030619 200852.822
-10.2553 14.9927 0.0000 0.00 0.00 1.00 0 0 0 127 0 0 0 0 0 030619 200853.023
-10.2553 14.9927 0.0000 0.00 0.00 1.00 0 0 0 127 0 0 0 0 0 030619 200853.223
-10.2553 14.9927 0.0000 0.00 0.00 1.00 0 0 0 127 0 0 0 0 0 030619 200853.423
-10.2553 14.9927 0.0000 0.00 0.00 1.00 0 0 0 127 0 0 0 0 0 030619 200853.623
-10.2553 14.9927 0.0000 0.00 0.00 1.00 0 0 0 127 0 0 0 0 0 030619 200853.823
-10.2553 14.9927 0.0000 0.00 0.00 1.00 0 0 0 127 0 0 0 0 0 030619 200854.024
-10.2553 14.9927 0.0000 0.00 0.00 1.00 0 0 0 127 0 0 0 0 0 030619 200854.224
-10.2553 14.9927 0.0000 0.00 0.00 1.00 0 0 0 127 0 0 0 0 0 030619 200854.424
-10.2553 14.9927 0.0000 0.00 0.00 1.00 0 0 0 127 0 0 0 0 0 030619 200854.624
-10.2553 14.9927 0.0000 0.00 0.00 1.00 0 0 0 127 0 0 0 0 0 030619 200854.824
-10.2553 14.9927 0.0000 0.00 0.00 1.00 0 0 0 127 0 0 0 0 0 030619 200855.025
-10.2553 14.9927 0.0000 0.00 0.00 1.00 0 0 0 127 0 0 0 0 0 030619 200855.225
-10.2553 14.9927 0.0000 0.00 0.00 1.00 0 0 0 127 0 0 0 0 0 030619 200855.425
-10.2553 14.9927 0.0000 0.00 0.00 1.00 0 0 0 127 0 0 0 0 0 030619 200855.625
-10.2553 14.9927 0.0000 0.00 0.00 1.00 0 0 0 127 0 0 0 0 0 030619 200855.825
-10.2553 14.9927 0.0000 0.00 0.00 1.00 0 0 0 127 0 0 0 0 0 030619 200856.026
-10.2553 14.9927 0.0000 0.00 0.00 1.00 0 0 0 127 0 0 0 0 0 030619 200856.226
-10.2553 14.9927 0.0000 0.00 0.00 1.00 0 0 0 127 0 0 0 0 0 030619 200856.426
-10.2553 14.9927 0.0000 0.00 0.00 1.00 0 0 0 127 0 0 0 0 0 030619 200856.626
-10.2553 14.9927 0.0000 0.00 0.00 1.00 0 0 0 127 0 0 0 0 0 030619 200856.826
-10.2553 14.9927 0.0000 0.00 0.00 1.00 0 0 0 127 0 0 0 0 0 030619 200857.026
-10.2553 14.9927 0.0000 0.00 0.00 1.00 0 0 0 127 0 0 0 0 0 030619 200857.227
-10.2553 14.9927 0.0000 0.00 0.00 1.00 0 0 0 127 0 0 0 0 0 030619 200857.427
-10.2553 14.9927 0.0000 0.00 0.00 1.00 0 0 0 127 0 0 0 0 0 030619 200857.627
-10.2553 14.9927 0.0000 0.00 0.00 1.00 0 0 0 127 0 0 0 0 0 030619 200857.827
-10.2553 14.9927 0.0000 0.00 0.00 1.00 0 0 0 127 0 0 0 0 0 030619 200858.027
-10.2553 14.9927 0.0000 0.00 0.00 1.00 0 0 0 127 0 0 0 0 0 030619 200858.228
-10.2553 14.9927 0.0000 0.00 0.00 1.00 0 0 0 127 0 0 0 0 0 030619 200858.428
-10.2553 14.9927 0.0000 0.00 0.00 1.00 0 0 0 127 0 0 0 0 0 030619 200858.628
-10.2553 14.9927 0.0000 0.00 0.00 1.00 0 0 0 127 0 0 0 0 0 030619 200858.828
-10.2553 14.9927 0.0000 0.00 0.00 1.00 0 0 0 127 0 0 0 0 0 030619 200859.028
-10.2553 14.9927 0.0000 0.00 0.00 1.00 0 0 0 127 0 0 0 0 0 030619 200859.228
-10.2553 14.9927 0.0000 0.00 0.00 1.00 0 0 0 127 0 0 0 0 0 030619 200859.429
-10.2553 14.9927 0.0000 0.00 0.00 1.00 0 0 0 127 0 0 0 0 0 030619 200859.629
-10.2553 14.9927 0.0000 0.00 0.00 1.00 0 0 0 127 0 0 0 0 0 030619 200859.829
-10.2553 14.9927 0.0000 0.00 0.00 1.00 0 0 0 127 0 0 0 0 0 030619 200900.029
-10.2553 14.9927 0.0000 0.00 0.00 1.00 0 0 0 127 0 0 0 0 0 030619 200900.229
-10.2553 14.9927 0.0000 0.00 0.00 1.00 0 0 0 127 0 0 0 0 0 030619 200900.429
-10.2553 14.9927 0.0000 0.00 0.00 1.00 0 0 0 127 0 0 0 0 0 030619 200900.630
-10.2553 14.9927 0.0000 0.00 0.00 1.00 0 0 0 127 0 0 0 0 0 030619 200900.830
-10.2553 14.9927 0.0000 0.00 0.00 1.00 0 0 0 127 0 0 0 0 0 030619 200901.030
-10.2553 14.9927 0.0000 0.00 0.00 1.00 0 0 0 127 0 0 0 0 0 030619 200901.230
-10.2553 14.9927 0.0000 0.00 0.00 1.00 0 0 0 127 0 0 0 0 0 030619 200901.430
-10.2553 14.9927 0.0000 0.00 0.00 1.00 0 0 0 127 0 0 0 0 0 030619 200901.631
-10.2553 14.9927 0.0000 0.00 0.00 1.00 0 0 0 127 0 0 0 0 0 030619 200901.831
-10.2553 14.9927 0.0000 0.00 0.00 1.00 0 0 0 127 0 0 0 0 0 030619 200902.031
-10.2553 14.9927 0.0000 0.00 0.00 1.00 0 0 0 127 0 0 0 0 0 030619 200902.231
-10.2553 14.9927 0.0000 0.00 0.00 1.00 0 0 0 127 0 0 0 0 0 030619 200902.431
-10.2553 14.9927 0.0000 0.00 0.00 1.00 0 0 0 127 0 0 0 0 0 030619 200902.632
-10.2553 14.9927 0.0000 0.00 0.00 1.00 0 0 0 127 0 0 0 0 0 030619 200902.832
-10.2553 14.9927 0.0000 0.00 0.00 1.00 0 0 0 127 0 0 0 0 0 030619 200903.032
-10.2553 14.9927 0.0000 0.00 0.00 1.00 0 0 0 127 0 0 0 0 0 030619 200903.232
-10.2553 14.9927 0.0000 0.00 0.00 1.00 0 0 0 127 0 0 0 0 0 030619 200903.432
-10.2553 14.9927 0.0000 0.00 0.00 1.00 0 0 0 127 0 0 0 0 0 030619 200903.632
-10.2553 14.9927 0.0000 0.00 0.00 1.00 0 0 0 127 0 0 0 0 0 030619 200903.833
-10.2553 14.9927 0.0000 0.00 0.00 1.00 0 0 0 127 0 0 0 0 0 030619 200904.033
-10.2553 14.9927 0.0000 0.00 0.00 1.00 0 0 0 127 0 0 0 0 0 030619 200904.233
-10.2553 14.9927 0.0000 0.00 0.00 1.00 0 0 0 127 0 0 0 0 0 030619 200904.433
-10.2553 14.9927 0.0000 0.00 0.00 1.00 0 0 0 127 0 0 0 0 0 030619 200904.633
-10.2553 14.9927 0.0000 0.00 0.00 1.00 0 0 0 127 0 0 0 0 0 030619 200904.834
-10.2553 14.9927 0.0000 0.00 0.00 1.00 0 0 0 127 0 0 0 0 0 030619 200905.034
-10.2553 14.9927 0.0000 0.00 0.00 1.00 0 0 0 127 0 0 0 0 0 030619 200905.234
-10.2553 14.9927 0.0000 0.00 0.00 1.00 0 0 0 127 0 0 0 0 0 030619 200905.434
-10.2553 14.9927 0.0000 0.00 0.00 1.00 0 0 0 127 0 0 0 0 0 030619 200905.634
-10.2553 14.9927 0.0000 0.00 0.00 1.00 0 0 0 127 0 0 0 0 0 030619 200905.835
-10.2553 14.9927 0.0000 0.00 0.00 1.00 0 0 0 127 0 0 0 0 0 030619 200906.035
-10.2553 14.9927 0.0000 0.00 0.00 1.00 0 0 0 127 0 0 0 0 0 030619 200906.235
-10.2553 14.9927 0.0000 0.00 0.00 1.00 0 0 0 127 0 0 0 0 0 030619 200906.435
-10.2553 14.9927 0.0000 0.00 0.00 1.00 0 0 0 127 0 0 0 0 0 030619 200906.636
-10.2553 14.9927 0.0000 0.00 0.00 1.00 0 0 0 127 0 0 0 0 0 030619 200906.836
-10.2553 14.9927 0.0000 0.00 0.00 1.00 0 0 0 127 0 0 0 0 0 030619 200907.036
-10.2553 14.9927 0.0000 0.00 0.00 1.00 0 0 0 127 0 0 0 0 0 030619 200907.236
-10.2553 14.9927 0.0000 0.00 0.00 1.00 0 0 0 127 0 0 0 0 0 030619 200907.436
-10.2553 14.9927 0.0000 0.00 0.00 1.00 0 0 0 127 0 0 0 0 0 030619 200907.637
-10.2553 14.9927 0.0000 0.00 0.00 1.00 0 0 0 127 0 0 0 0 0 030619 200907.837
-10.2553 14.9927 0.0000 0.00 0.00 1.00 0 0 0 127 0 0 0 0 0 030619 200908.037
-10.2553 14.9927 0.0000 0.00 0.00 1.00 0 0 0 127 0 0 0 0 0 030619 200908.237
-10.2553 14.9927 0.0000 0.00 0.00 1.00 0 0 0 127 0 0 0 0 0 030619 200908.437
-10.2553 14.9927 0.0000 0.00 0.00 1.00 0 0 0 127 0 0 0 0 0 030619 200908.638
-10.2553 14.9927 0.0000 0.00 0.00 1.00 0 0 0 127 0 0 0 0 0 030619 200908.838
-10.2553 14.9927 0.0000 0.00 0.00 1.00 0 0 0 127 0 0 0 0 0 030619 200909.038
-10.2553 14.9927 0.0000 0.00 0.00 1.00 0 0 0 127 0 0 0 0 0 030619 200909.238
-10.2553 14.9927 0.0000 0.00 0.00 1.00 0 0 0 127 0 0 0 0 0 030619 200909.438
-10.2553 14.9927 0.0000 0.00 0.00 1.00 0 0 0 127 0 0 0 0 0 030619 200909.638
-10.2553 14.9927 0.0000 0.00 0.00 1.00 0 0 0 127 0 0 0 0 0 030619 200909.839
-10.2553 14.9927 0.0000 0.00 0.00 1.00 0 0 0 127 0 0 0 0 0 030619 200910.039
-10.2553 14.9927 0.0000 0.00 0.00 1.00 0 0 0 127 0 0 0 0 0 030619 200910.239
-10.2553 14.9927 0.0000 0.00 0.00 1.00 0 0 0 127 0 0 0 0 0 030619 200910.439
-10.2553 14.9927 0.0000 0.00 0.00 1.00 0 0 0 127 0 0 0 0 0 030619 200910.639
-10.2553 14.9927 0.0000 0.00 0.00 1.00 0 0 0 127 0 0 0 0 0 030619 200910.839
-10.2553 14.9927 0.0000 0.00 0.00 1.00 0 0 0 127 0 0 0 0 0 030619 200911.040
-10.2553 14.9927 0.0000 0.00 0.00 1.00 0 0 0 127 0 0 0 0 0 030619 200911.240
-10.2553 14.9927 0.0000 0.00 0.00 1.00 0 0 0 127 0 0 0 0 0 030619 200911.440
-10.2553 14.9927 0.0000 0.00 0.00 1.00 0 0 0 127 0 0 0 0 0 030619 200911.640
-10.2553 14.9927 0.0000 0.00 0.00 1.00 0 0 0 127 0 0 0 0 0 030619 200911.840
-10.2553 14.9927 0.0000 0.00 0.00 1.00 0 0 0 127 0 0 0 0 0 030619 200912.040
-10.2553 14.9927 0.0000 0.00 0.00 1.00 0 0 0 127 0 0 0 0 0 030619 200912.241
-10.2553 14.9927 0.0000 0.00 0.00 1.00 0 0 0 127 0 0 0 0 0 030619 200912.441
-10.2553 14.9927 0.0000 0.00 0.00 1.00 0 0 0 127 0 0 0 0 0 030619 200912.641
-10.2553 14.9927 0.0000 0.00 0.00 1.00 0 0 0 127 0 0 0 0 0 030619 200912.841
-10.2553 14.9927 0.0000 0.00 0.00 1.00 0 0 0 127 0 0 0 0 0 030619 200913.041
-10.2553 14.9927 0.0000 0.00 0.00 1.00 0 0 0 127 0 0 0 0 0 030619 200913.241
-10.2553 14.9927 0.0000 0.00 0.00 1.00 0 0 0 127 0 0 0 0 0 030619 200913.442
-10.2553 14.9927 0.0000 0.00 0.00 1.00 0 0 0 127 0 0 0 0 0 030619 200913.642
-10.2553 14.9927 0.0000 0.00 0.00 1.00 0 0 0 127 0 0 0 0 0 030619 200913.842
-10.2553 14.9927 0.0000 0.00 0.00 1.00 0 0 0 127 0 0 0 0 0 030619 200914.042
-10.2553 14.9927 0.0000 0.00 0.00 1.00 0 0 0 127 0 0 0 0 0 030619 200914.242
-10.2553 14.9927 0.0000 0.00 0.00 1.00 0 0 0 127 0 0 0 0 0 030619 200914.443
-10.2553 14.9927 0.0000 0.00 0.00 1.00 0 0 0 127 0 0 0 0 0 030619 200914.643
-10.2553 14.9927 0.0000 0.00 0.00 1.00 0 0 0 127 0 0 0 0 0 030619 200914.843
-10.2553 14.9927 0.0000 0.00 0.00 1.00 0 0 0 127 0 0 0 0 0 030619 200915.043
-10.2553 14.9927 0.0000 0.00 0.00 1.00 0 0 0 127 0 0 0 0 0 030619 200915.243
-10.2553 14.9927 0.0000 0.00 0.00 1.00 0 0 0 127 0 0 0 0 0 030619 200915.443
-10.2553 14.9927 0.0000 0.00 0.00 1.00 0 0 0 127 0 0 0 0 0 030619 200915.644
-10.2553 14.9927 0.0000 0.00 0.00 1.00 0 0 0 127 0 0 0 0 0 030619 200915.844
-10.2553 14.9927 0.0000 0.00 0.00 1.00 0 0 0 127 0 0 0 0 0 030619 200916.044
-10.2553 14.9927 0.0000 0.00 0.00 1.00 0 0 0 127 0 0 0 0 0 030619 200916.244
-10.2553 14.9927 0.0000 0.00 0.00 1.00 0 0 0 127 0 0 0 0 0 030619 200916.444
-10.2553 14.9927 0.0000 0.00 0.00 1.00 0 0 0 127 0 0 0 0 0 030619 200916.645
-10.2553 14.9927 0.0000 0.00 0.00 1.00 0 0 0 127 0 0 0 0 0 030619 200916.845
-10.2553 14.9927 0.0000 0.00 0.00 1.00 0 0 0 127 0 0 0 0 0 030619 200917.045
-10.2553 14.9927 0.0000 0.00 0.00 1.00 0 0 0 127 0 0 0 0 0 030619 200917.245
-10.2553 14.9927 0.0000 0.00 0.00 1.00 0 0 0 127 0 0 0 0 0 030619 200917.445
-10.2553 14.9927 0.0000 0.00 0.00 1.00 0 0 0 127 0 0 0 0 0 030619 200917.645
-10.2553 14.9927 0.0000 0.00 0.00 1.00 0 0 0 127 0 0 0 0 0 030619 200917.846
-10.2553 14.9927 0.0000 0.00 0.00 1.00 0 0 0 127 0 0 0 0 0 030619 200918.046
-10.2553 14.9927 0.0000 0.00 0.00 1.00 0 0 0 127 0 0 0 0 0 030619 200918.246
-10.2553 14.9927 0.0000 0.00 0.00 1.00 0 0 0 127 0 0 0 0 0 030619 200918.446
-10.2553 14.9927 0.0000 0.00 0.00 1.00 0 0 0 127 0 0 0 0 0 030619 200918.646
-10.2553 14.9927 0.0000 0.00 0.00 1.00 0 0 0 127 0 0 0 0 0 030619 200918.847
-10.2553 14.9927 0.0000 0.00 0.00 1.00 0 0 0 127 0 0 0 0 0 030619 200919.047
-10.2553 14.9927 0.0000 0.00 0.00 1.00 0 0 0 127 0 0 0 0 0 030619 200919.247
-10.2553 14.9927 0.0000 0.00 0.00 1.00 0 0 0 127 0 0 0 0 0 030619 200919.447
-10.2553 14.9927 0.0000 0.00 0.00 1.00 0 0 0 127 0 0 0 0 0 030619 200919.647
-10.2553 14.9927 0.0000 0.00 0.00 1.00 0 0 0 127 0 0 0 0 0 030619 200919.847
-10.2553 14.9927 0.0000 0.00 0.00 1.00 0 0 0 127 0 0 0 0 0 030619 200920.048
-10.2553 14.9927 0.0000 0.00 0.00 1.00 0 0 0 127 0 0 0 0 0 030619 200920.248
-10.2553 14.9927 0.0000 0.00 0.00 1.00 0 0 0 127 0 0 0 0 0 030619 200920.448
-10.2553 14.9927 0.0000 0.00 0.00 1.00 0 0 0 127 0 0 0 0 0 030619 200920.648
-10.2553 14.9927 0.0000 0.00 0.00 1.00 0 0 0 127 0 0 0 0 0 030619 200920.849
-10.2553 14.9927 0.0000 0.00 0.00 1.00 0 0 0 127 0 0 0 0 0 030619 200921.049
-10.2553 14.9927 0.0000 0.00 0.00 1.00 0 0 0 127 0 0 0 0 0 030619 200921.249
-10.2553 14.9927 0.0000 0.00 0.00 1.00 0 0 0 127 0 0 0 0 0 030619 200921.449
-10.2553 14.9927 0.0000 0.00 0.00 1.00 0 0 0 127 0 0 0 0 0 030619 200921.649
-10.2553 14.9927 0.0000 0.00 0.00 1.00 0 0 0 127 0 0 0 0 0 030619 200921.849
-10.2553 14.9927 0.0000 0.00 0.00 1.00 0 0 0 127 0 0 0 0 0 030619 200922.050
-10.2553 14.9927 0.0000 0.00 0.00 1.00 0 0 0 127 0 0 0 0 0 030619 200922.250
-10.2553 14.9927 0.0000 0.00 0.00 1.00 0 0 0 127 0 0 0 0 0 030619 200922.450
-10.2553 14.9927 0.0000 0.00 0.00 1.00 0 0 0 127 0 0 0 0 0 030619 200922.650
-10.2553 14.9927 0.0000 0.00 0.00 1.00 0 0 0 127 0 0 0 0 0 030619 200922.850
-10.2553 14.9927 0.0000 0.00 0.00 1.00 0 0 0 127 0 0 0 0 0 030619 200923.050
-10.2553 14.9927 0.0000 0.00 0.00 1.00 0 0 0 127 0 0 0 0 0 030619 200923.251
-10.2553 14.9927 0.0000 0.00 0.00 1.00 0 0 0 127 0 0 0 0 0 030619 200923.451
-10.2553 14.9927 0.0000 0.00 0.00 1.00 0 0 0 127 0 0 0 0 0 030619 200923.651
-10.2553 14.9927 0.0000 0.00 0.00 1.00 0 0 0 127 0 0 0 0 0 030619 200923.851
-10.2553 14.9927 0.0000 0.00 0.00 1.00 0 0 0 127 0 0 0 0 0 030619 200924.051
-10.2553 14.9927 0.0000 0.00 0.00 1.00 0 0 0 127 0 0 0 0 0 030619 200924.252
-10.2553 14.9927 0.0000 0.00 0.00 1.00 0 0 0 127 0 0 0 0 0 030619 200924.452
-10.2553 14.9927 0.0000 0.00 0.00 1.00 0 0 0 127 0 0 0 0 0 030619 200924.652
-10.2553 14.9927 0.0000 0.00 0.00 1.00 0 0 0 127 0 0 0 0 0 030619 200924.852
-10.2553 14.9927 0.0000 0.00 0.00 1.00 0 0 0 127 0 0 0 0 0 030619 200925.052
-10.2553 14.9927 0.0000 0.00 0.00 1.00 0 0 0 127 0 0 0 0 0 030619 200925.252
-10.2553 14.9927 0.0000 0.00 0.00 1.00 0 0 0 127 0 0 0 0 0 030619 200925.454
-10.2553 14.9927 0.0000 0.00 0.00 1.00 0 0 0 127 0 0 0 0 0 030619 200925.654
-10.2553 14.9927 0.0000 0.00 0.00 1.00 0 0 0 127 0 0 0 0 0 030619 200925.855
-10.2553 14.9927 0.0000 0.00 0.00 1.00 0 0 0 127 0 0 0 0 0 030619 200926.055
-10.2553 14.9927 0.0000 0.00 0.00 1.00 0 0 0 127 0 0 0 0 0 030619 200926.255
-10.2553 14.9927 0.0000 0.00 0.00 1.00 0 0 0 127 0 0 0 0 0 030619 200926.455
-10.2553 14.9927 0.0000 0.00 0.00 1.00 0 0 0 127 0 0 0 0 0 030619 200926.655
-10.2553 14.9927 0.0000 0.00 0.00 1.00 0 0 0 127 0 0 0 0 0 030619 200926.855
-10.2553 14.9927 0.0000 0.00 0.00 1.00 0 0 0 127 0 0 0 0 0 030619 200927.056
-10.2553 14.9927 0.0000 0.00 0.00 1.00 0 0 0 127 0 0 0 0 0 030619 200927.256
-10.2553 14.9927 0.0000 0.00 0.00 1.00 0 0 0 127 0 0 0 0 0 030619 200927.456
-10.2553 14.9927 0.0000 0.00 0.00 1.00 0 0 0 127 0 0 0 0 0 030619 200927.656
-10.2553 14.9927 0.0000 0.00 0.00 1.00 0 0 0 127 0 0 0 0 0 030619 200927.856
-10.2553 14.9927 0.0000 0.00 0.00 1.00 0 0 0 127 0 0 0 0 0 030619 200928.056
-10.2553 14.9927 0.0000 0.00 0.00 1.00 0 0 0 127 0 0 0 0 0 030619 200928.257
-10.2553 14.9927 0.0000 0.00 0.00 1.00 0 0 0 127 0 0 0 0 0 030619 200928.457
-10.2553 14.9927 0.0000 0.00 0.00 1.00 0 0 0 127 0 0 0 0 0 030619 200928.657
-10.2553 14.9927 0.0000 0.00 0.00 1.00 0 0 0 127 0 0 0 0 0 030619 200928.857
-10.2553 14.9927 0.0000 0.00 0.00 1.00 0 0 0 127 0 0 0 0 0 030619 200929.057
-10.2553 14.9927 0.0000 0.00 0.00 1.00 0 0 0 127 0 0 0 0 0 030619 200929.258
-10.2553 14.9927 0.0000 0.00 0.00 1.00 0 0 0 127 0 0 0 0 0 030619 200929.458
-10.2553 14.9927 0.0000 0.00 0.00 1.00 0 0 0 127 0 0 0 0 0 030619 200929.658
-10.2553 14.9927 0.0000 0.00 0.00 1.00 0 0 0 127 0 0 0 0 0 030619 200929.858
-10.2553 14.9927 0.0000 0.00 0.00 1.00 0 0 0 127 0 0 0 0 0 030619 200930.058
-10.2553 14.9927 0.0000 0.00 0.00 1.00 0 0 0 127 0 0 0 0 0 030619 200930.258
-10.2553 14.9927 0.0000 0.00 0.00 1.00 0 0 0 127 0 0 0 0 0 030619 200930.459
-10.2553 14.9927 0.0000 0.00 0.00 1.00 0 0 0 127 0 0 0 0 0 030619 200930.659
-10.2553 14.9927 0.0000 0.00 0.00 1.00 0 0 0 127 0 0 0 0 0 030619 200930.859
-10.2553 14.9927 0.0000 0.00 0.00 1.00 0 0 0 127 0 0 0 0 0 030619 200931.059
-10.2553 14.9927 0.0000 0.00 0.00 1.00 0 0 0 127 0 0 0 0 0 030619 200931.259
-10.2553 14.9927 0.0000 0.00 0.00 1.00 0 0 0 127 0 0 0 0 0 030619 200931.460
-10.2553 14.9927 0.0000 0.00 0.00 1.00 0 0 0 127 0 0 0 0 0 030619 200931.660
-10.2553 14.9927 0.0000 0.00 0.00 1.00 0 0 0 127 0 0 0 0 0 030619 200931.860
-10.2553 14.9927 0.0000 0.00 0.00 1.00 0 0 0 127 0 0 0 0 0 030619 200932.060
-10.2553 14.9927 0.0000 0.00 0.00 1.00 0 0 0 127 0 0 0 0 0 030619 200932.260
-10.2553 14.9927 0.0000 0.00 0.00 1.00 0 0 0 127 0 0 0 0 0 030619 200932.461
-10.2553 14.9927 0.0000 0.00 0.00 1.00 0 0 0 127 0 0 0 0 0 030619 200932.661
-10.2553 14.9927 0.0000 0.00 0.00 1.00 0 0 0 127 0 0 0 0 0 030619 200932.861
-10.2553 14.9927 0.0000 0.00 0.00 1.00 0 0 0 127 0 0 0 0 0 030619 200933.061
-10.2553 14.9927 0.0000 0.00 0.00 1.00 0 0 0 127 0 0 0 0 0 030619 200933.261
-10.2553 14.9927 0.0000 0.00 0.00 1.00 0 0 0 127 0 0 0 0 0 030619 200933.461
-10.2553 14.9927 0.0000 0.00 0.00 1.00 0 0 0 127 0 0 0 0 0 030619 200933.662
-10.2553 14.9927 0.0000 0.00 0.00 1.00 0 0 0 127 0 0 0 0 0 030619 200933.862
-10.2553 14.9927 0.0000 0.00 0.00 1.00 0 0 0 127 0 0 0 0 0 030619 200934.062
-10.2553 14.9927 0.0000 0.00 0.00 1.00 0 0 0 127 0 0 0 0 0 030619 200934.262
-10.2553 14.9927 0.0000 0.00 0.00 1.00 0 0 0 127 0 0 0 0 0 030619 200934.462
-10.2553 14.9927 0.0000 0.00 0.00 1.00 0 0 0 127 0 0 0 0 0 030619 200934.663
-10.2553 14.9927 0.0000 0.00 0.00 1.00 0 0 0 127 0 0 0 0 0 030619 200934.863
-10.2553 14.9927 0.0000 0.00 0.00 1.00 0 0 0 127 0 0 0 0 0 030619 200935.063
-10.2553 14.9927 0.0000 0.00 0.00 1.00 0 0 0 127 0 0 0 0 0 030619 200935.263
-10.2553 14.9927 0.0000 0.00 0.00 1.00 0 0 0 127 0 0 0 0 0 030619 200935.463
-10.2553 14.9927 0.0000 0.00 0.00 1.00 0 0 0 127 0 0 0 0 0 030619 200935.664
-10.2553 14.9927 0.0000 0.00 0.00 1.00 0 0 0 127 0 0 0 0 0 030619 200935.864
-10.2553 14.9927 0.0000 0.00 0.00 1.00 0 0 0 127 0 0 0 0 0 030619 200936.064
-10.2553 14.9927 0.0000 0.00 0.00 1.00 0 0 0 127 0 0 0 0 0 030619 200936.264
-10.2553 14.9927 0.0000 0.00 0.00 1.00 0 0 0 127 0 0 0 0 0 030619 200936.464
-10.2553 14.9927 0.0000 0.00 0.00 1.00 0 0 0 127 0 0 0 0 0 030619 200936.664
-10.2553 14.9927 0.0000 0.00 0.00 1.00 0 0 0 127 0 0 0 0 0 030619 200936.865
-10.2553 14.9927 0.0000 0.00 0.00 1.00 0 0 0 127 0 0 0 0 0 030619 200937.065
-10.2553 14.9927 0.0000 0.00 0.00 1.00 0 0 0 127 0 0 0 0 0 030619 200937.265
-10.2553 14.9927 0.0000 0.00 0.00 1.00 0 0 0 127 0 0 0 0 0 030619 200937.465
-10.2553 14.9927 0.0000 0.00 0.00 1.00 0 0 0 127 0 0 0 0 0 030619 200937.665
-10.2553 14.9927 0.0000 0.00 0.00 1.00 0 0 0 127 0 0 0 0 0 030619 200937.866
-10.2553 14.9927 0.0000 0.00 0.00 1.00 0 0 0 127 0 0 0 0 0 030619 200938.066
-10.2553 14.9927 0.0000 0.00 0.00 1.00 0 0 0 127 0 0 0 0 0 030619 200938.266
-10.2553 14.9927 0.0000 0.00 0.00 1.00 0 0 0 127 0 0 0 0 0 030619 200938.466
-10.2553 14.9927 0.0000 0.00 0.00 1.00 0 0 0 127 0 0 0 0 0 030619 200938.666
-10.2553 14.9927 0.0000 0.00 0.00 1.00 0 0 0 127 0 0 0 0 0 030619 200938.867
-10.2553 14.9927 0.0000 0.00 0.00 1.00 0 0 0 127 0 0 0 0 0 030619 200939.067
-10.2553 14.9927 0.0000 0.00 0.00 1.00 0 0 0 127 0 0 0 0 0 030619 200939.267
-10.2553 14.9927 0.0000 0.00 0.00 1.00 0 0 0 127 0 0 0 0 0 030619 200939.467
-10.2553 14.9927 0.0000 0.00 0.00 1.00 0 0 0 127 0 0 0 0 0 030619 200939.667
-10.2553 14.9927 0.0000 0.00 0.00 1.00 0 0 0 127 0 0 0 0 0 030619 200939.867
-10.2553 14.9927 0.0000 0.00 0.00 1.00 0 0 0 127 0 0 0 0 0 030619 200940.068
-10.2553 14.9927 0.0000 0.00 0.00 1.00 0 0 0 127 0 0 0 0 0 030619 200940.268
-10.2553 14.9927 0.0000 0.00 0.00 1.00 0 0 0 127 0 0 0 0 0 030619 200940.468
-10.2553 14.9927 0.0000 0.00 0.00 1.00 0 0 0 127 0 0 0 0 0 030619 200940.668
-10.2553 14.9927 0.0000 0.00 0.00 1.00 0 0 0 127 0 0 0 0 0 030619 200940.868
-10.2553 14.9927 0.0000 0.00 0.00 1.00 0 0 0 127 0 0 0 0 0 030619 200941.069
-10.2553 14.9927 0.0000 0.00 0.00 1.00 0 0 0 127 0 0 0 0 0 030619 200941.269
-10.2553 14.9927 0.0000 0.00 0.00 1.00 0 0 0 127 0 0 0 0 0 030619 200941.469
-10.2553 14.9927 0.0000 0.00 0.00 1.00 0 0 0 127 0 0 0 0 0 030619 200941.669
-10.2553 14.9927 0.0000 0.00 0.00 1.00 0 0 0 127 0 0 0 0 0 030619 200941.869
-10.2553 14.9927 0.0000 0.00 0.00 1.00 0 0 0 127 0 0 0 0 0 030619 200942.070
-10.2553 14.9927 0.0000 0.00 0.00 1.00 0 0 0 127 0 0 0 0 0 030619 200942.270
-10.2553 14.9927 0.0000 0.00 0.00 1.00 0 0 0 127 0 0 0 0 0 030619 200942.470
-10.2553 14.9927 0.0000 0.00 0.00 1.00 0 0 0 127 0 0 0 0 0 030619 200942.670
-10.2553 14.9927 0.0000 0.00 0.00 1.00 0 0 0 127 0 0 0 0 0 030619 200942.870
-10.2553 14.9927 0.0000 0.00 0.00 1.00 0 0 0 127 0 0 0 0 0 030619 200943.070
-10.2553 14.9927 0.0000 0.00 0.00 1.00 0 0 0 127 0 0 0 0 0 030619 200943.271
-10.2553 14.9927 0.0000 0.00 0.00 1.00 0 0 0 127 0 0 0 0 0 030619 200943.471
-10.2553 14.9927 0.0000 0.00 0.00 1.00 0 0 0 127 0 0 0 0 0 030619 200943.671
-10.2553 14.9927 0.0000 0.00 0.00 1.00 0 0 0 127 0 0 0 0 0 030619 200943.871
-10.2553 14.9927 0.0000 0.00 0.00 1.00 0 0 0 127 0 0 0 0 0 030619 200944.071
-10.2553 14.9927 0.0000 0.00 0.00 1.00 0 0 0 127 0 0 0 0 0 030619 200944.271
-10.2553 14.9927 0.0000 0.00 0.00 1.00 0 0 0 127 0 0 0 0 0 030619 200944.472
-10.2553 14.9927 0.0000 0.00 0.00 1.00 0 0 0 127 0 0 0 0 0 030619 200944.672
-10.2553 14.9927 0.0000 0.00 0.00 1.00 0 0 0 127 0 0 0 0 0 030619 200944.872
-10.2553 14.9927 0.0000 0.00 0.00 1.00 0 0 0 127 0 0 0 0 0 030619 200945.072
-10.2553 14.9927 0.0000 0.00 0.00 1.00 0 0 0 127 0 0 0 0 0 030619 200945.272
-10.2553 14.9927 0.0000 0.00 0.00 1.00 0 0 0 127 0 0 0 0 0 030619 200945.472
-10.2553 14.9927 0.0000 0.00 0.00 1.00 0 0 0 127 0 0 0 0 0 030619 200945.673
-10.2553 14.9927 0.0000 0.00 0.00 1.00 0 0 0 127 0 0 0 0 0 030619 200945.873
-10.2553 14.9927 0.0000 0.00 0.00 1.00 0 0 0 127 0 0 0 0 0 030619 200946.073
-10.2553 14.9927 0.0000 0.00 0.00 1.00 0 0 0 127 0 0 0 0 0 030619 200946.273
-10.2553 14.9927 0.0000 0.00 0.00 1.00 0 0 0 127 0 0 0 0 0 030619 200946.473
-10.2553 14.9927 0.0000 0.00 0.00 1.00 0 0 0 127 0 0 0 0 0 030619 200946.674
-10.2553 14.9927 0.0000 0.00 0.00 1.00 0 0 0 127 0 0 0 0 0 030619 200946.874
-10.2553 14.9927 0.0000 0.00 0.00 1.00 0 0 0 127 0 0 0 0 0 030619 200947.074
-10.2553 14.9927 0.0000 0.00 0.00 1.00 0 0 0 127 0 0 0 0 0 030619 200947.274
-10.2553 14.9927 0.0000 0.00 0.00 1.00 0 0 0 127 0 0 0 0 0 030619 200947.474
-10.2553 14.9927 0.0000 0.00 0.00 1.00 0 0 0 127 0 0 0 0 0 030619 200947.674
-10.2553 14.9927 0.0000 0.00 0.00 1.00 0 0 0 127 0 0 0 0 0 030619 200947.875
-10.2553 14.9927 0.0000 0.00 0.00 1.00 0 0 0 127 0 0 0 0 0 030619 200948.075
-10.2553 14.9927 0.0000 0.00 0.00 1.00 0 0 0 127 0 0 0 0 0 030619 200948.275
-10.2553 14.9927 0.0000 0.00 0.00 1.00 0 0 0 127 0 0 0 0 0 030619 200948.475
-10.2553 14.9927 0.0000 0.00 0.00 1.00 0 0 0 127 0 0 0 0 0 030619 200948.675
-10.2553 14.9927 0.0000 0.00 0.00 1.00 0 0 0 127 0 0 0 0 0 030619 200948.876
-10.2553 14.9927 0.0000 0.00 0.00 1.00 0 0 0 127 0 0 0 0 0 030619 200949.076
-10.2553 14.9927 0.0000 0.00 0.00 1.00 0 0 0 127 0 0 0 0 0 030619 200949.276
-10.2553 14.9927 0.0000 0.00 0.00 1.00 0 0 0 127 0 0 0 0 0 030619 200949.476
-10.2553 14.9927 0.0000 0.00 0.00 1.00 0 0 0 127 0 0 0 0 0 030619 200949.676
-10.2553 14.9927 0.0000 0.00 0.00 1.00 0 0 0 127 0 0 0 0 0 030619 200949.876
-10.2553 14.9927 0.0000 0.00 0.00 1.00 0 0 0 127 0 0 0 0 0 030619 200950.077
-10.2553 14.9927 0.0000 0.00 0.00 1.00 0 0 0 127 0 0 0 0 0 030619 200950.277
-10.2553 14.9927 0.0000 0.00 0.00 1.00 0 0 0 127 0 0 0 0 0 030619 200950.477
-10.2553 14.9927 0.0000 0.00 0.00 1.00 0 0 0 127 0 0 0 0 0 030619 200950.677
-10.2553 14.9927 0.0000 0.00 0.00 1.00 0 0 0 127 0 0 0 0 0 030619 200950.877
-10.2553 14.9927 0.0000 0.00 0.00 1.00 0 0 0 127 0 0 0 0 0 030619 200951.078
-10.2553 14.9927 0.0000 0.00 0.00 1.00 0 0 0 127 0 0 0 0 0 030619 200951.278
-10.2553 14.9927 0.0000 0.00 0.00 1.00 0 0 0 127 0 0 0 0 0 030619 200951.478
-10.2553 14.9927 0.0000 0.00 0.00 1.00 0 0 0 127 0 0 0 0 0 030619 200951.678
-10.2553 14.9927 0.0000 0.00 0.00 1.00 0 0 0 127 0 0 0 0 0 030619 200951.878
-10.2553 14.9927 0.0000 0.00 0.00 1.00 0 0 0 127 0 0 0 0 0 030619 200952.079
-10.2553 14.9927 0.0000 0.00 0.00 1.00 0 0 0 127 0 0 0 0 0 030619 200952.279
-10.2553 14.9927 0.0000 0.00 0.00 1.00 0 0 0 127 0 0 0 0 0 030619 200952.479
-10.2553 14.9927 0.0000 0.00 0.00 1.00 0 0 0 127 0 0 0 0 0 030619 200952.679
-10.2553 14.9927 0.0000 0.00 0.00 1.00 0 0 0 127 0 0 0 0 0 030619 200952.879
-10.2553 14.9927 0.0000 0.00 0.00 1.00 0 0 0 127 0 0 0 0 0 030619 200953.079
-10.2553 14.9927 0.0000 0.00 0.00 1.00 0 0 0 127 0 0 0 0 0 030619 200953.280
-10.2553 14.9927 0.0000 0.00 0.00 1.00 0 0 0 127 0 0 0 0 0 030619 200953.480
-10.2553 14.9927 0.0000 0.00 0.00 1.00 0 0 0 127 0 0 0 0 0 030619 200953.680
-10.2553 14.9927 0.0000 0.00 0.00 1.00 0 0 0 127 0 0 0 0 0 030619 200953.880
-10.2553 14.9927 0.0000 0.00 0.00 1.00 0 0 0 127 0 0 0 0 0 030619 200954.080
-10.2553 14.9927 0.0000 0.00 0.00 1.00 0 0 0 127 0 0 0 0 0 030619 200954.280
-10.2553 14.9927 0.0000 0.00 0.00 1.00 0 0 0 127 0 0 0 0 0 030619 200954.481
-10.2553 14.9927 0.0000 0.00 0.00 1.00 0 0 0 127 0 0 0 0 0 030619 200954.681
-10.2553 14.9927 0.0000 0.00 0.00 1.00 0 0 0 127 0 0 0 0 0 030619 200954.881
-10.2553 14.9927 0.0000 0.00 0.00 1.00 0 0 0 127 0 0 0 0 0 030619 200955.081
-10.2553 14.9927 0.0000 0.00 0.00 1.00 0 0 0 127 0 0 0 0 0 030619 200955.281
-10.2553 14.9927 0.0000 0.00 0.00 1.00 0 0 0 127 0 0 0 0 0 030619 200955.482
-10.2553 14.9927 0.0000 0.00 0.00 1.00 0 0 0 127 0 0 0 0 0 030619 200955.682
