6.0577 -0.6516 0.0000 0.00 0.00 1.00 0 0 0 112 1 0 0 0 0 041019 164401.547
6.0577 -0.6516 0.0000 0.00 0.00 1.00 0 0 0 112 1 0 0 0 0 041019 164401.747
6.0577 -0.6516 0.0000 0.00 0.00 1.00 0 0 0 112 1 0 0 0 0 041019 164401.947
6.0577 -0.6516 0.0000 0.00 0.00 1.00 0 0 0 112 1 0 0 0 0 041019 164402.147
6.0577 -0.6516 0.0000 0.00 0.00 1.00 0 0 0 112 1 0 0 0 0 041019 164402.348
6.0577 -0.6516 0.0000 0.00 0.00 1.00 0 0 0 112 1 0 0 0 0 041019 164402.548
6.0577 -0.6516 0.0000 0.00 0.00 1.00 0 0 0 112 1 0 0 0 0 041019 164402.748
6.0577 -0.6516 0.0000 0.00 0.00 1.00 0 0 0 112 1 0 0 0 0 041019 164402.948
6.0577 -0.6516 0.0000 0.00 0.00 1.00 0 0 0 112 1 0 0 0 0 041019 164403.148
6.0577 -0.6516 0.0000 0.00 0.00 1.00 0 0 0 112 1 0 0 0 0 041019 164403.348
6.0577 -0.6516 0.0000 0.00 0.00 1.00 0 0 0 112 1 0 0 0 0 041019 164403.549
6.0577 -0.6516 0.0000 0.00 0.00 1.00 0 0 0 112 1 0 0 0 0 041019 164403.749
6.0577 -0.6516 0.0000 0.00 0.00 1.00 0 0 0 112 1 0 0 0 0 041019 164403.949
6.0577 -0.6516 0.0000 0.00 0.00 1.00 0 0 0 112 1 0 0 0 0 041019 164404.149
6.0577 -0.6516 0.0000 0.00 0.00 1.00 0 0 0 112 1 0 0 0 0 041019 164404.349
6.0577 -0.6516 0.0000 0.00 0.00 1.00 0 0 0 112 1 0 0 0 0 041019 164404.550
6.0577 -0.6516 0.0000 0.00 0.00 1.00 0 0 0 112 1 0 0 0 0 041019 164404.750
6.0577 -0.6516 0.0000 0.00 0.00 1.00 0 0 0 112 1 0 0 0 0 041019 164404.950
6.0577 -0.6516 0.0000 0.00 0.00 1.00 0 0 0 112 1 0 0 0 0 041019 164405.150
6.0577 -0.6516 0.0000 0.00 0.00 1.00 0 0 0 112 1 0 0 0 0 041019 164405.350
6.0577 -0.6516 0.0000 0.00 0.00 1.00 0 0 0 112 1 0 0 0 0 041019 164405.550
6.0577 -0.6516 0.0000 0.00 0.00 1.00 0 0 0 112 1 0 0 0 0 041019 164405.751
6.0577 -0.6516 0.0000 0.00 0.00 1.00 0 0 0 112 1 0 0 0 0 041019 164405.951
6.0577 -0.6516 0.0000 0.00 0.00 1.00 0 0 0 112 1 0 0 0 0 041019 164406.151
6.0577 -0.6516 0.0000 0.00 0.00 1.00 0 0 0 112 1 0 0 0 0 041019 164406.351
6.0577 -0.6516 0.0000 0.00 0.00 1.00 0 0 0 112 1 0 0 0 0 041019 164406.551
6.0577 -0.6516 0.0000 0.00 0.00 1.00 0 0 0 112 1 0 0 0 0 041019 164406.751
6.0577 -0.6516 0.0000 0.00 0.00 1.00 0 0 0 112 1 0 0 0 0 041019 164406.952
6.0577 -0.6516 0.0000 0.00 0.00 1.00 0 0 0 112 1 0 0 0 0 041019 164407.152
6.0577 -0.6516 0.0000 0.00 0.00 1.00 0 0 0 112 1 0 0 0 0 041019 164407.352
6.0577 -0.6516 0.0000 0.00 0.00 1.00 0 0 0 112 1 0 0 0 0 041019 164407.552
6.0577 -0.6516 0.0000 0.00 0.00 1.00 0 0 0 112 1 0 0 0 0 041019 164407.752
6.0577 -0.6516 0.0000 0.00 0.00 1.00 0 0 0 112 1 0 0 0 0 041019 164407.952
6.0577 -0.6516 0.0000 0.00 0.00 1.00 0 0 0 112 1 0 0 0 0 041019 164408.153
6.0577 -0.6516 0.0000 0.00 0.00 1.00 0 0 0 112 1 0 0 0 0 041019 164408.353
6.0577 -0.6516 0.0000 0.00 0.00 1.00 0 0 0 112 1 0 0 0 0 041019 164408.553
6.0577 -0.6516 0.0000 0.00 0.00 1.00 0 0 0 112 1 0 0 0 0 041019 164408.753
6.0577 -0.6516 0.0000 0.00 0.00 1.00 0 0 0 112 1 0 0 0 0 041019 164408.953
6.0577 -0.6516 0.0000 0.00 0.00 1.00 0 0 0 112 1 0 0 0 0 041019 164409.153
6.0577 -0.6516 0.0000 0.00 0.00 1.00 0 0 0 112 1 0 0 0 0 041019 164409.354
6.0577 -0.6516 0.0000 0.00 0.00 1.00 0 0 0 112 1 0 0 0 0 041019 164409.554
6.0577 -0.6516 0.0000 0.00 0.00 1.00 0 0 0 112 1 0 0 0 0 041019 164409.754
6.0577 -0.6516 0.0000 0.00 0.00 1.00 0 0 0 112 1 0 0 0 0 041019 164409.954
6.0577 -0.6516 0.0000 0.00 0.00 1.00 0 0 0 112 1 0 0 0 0 041019 164410.155
6.0577 -0.6516 0.0000 0.00 0.00 1.00 0 0 0 112 1 0 0 0 0 041019 164410.355
6.0577 -0.6516 0.0000 0.00 0.00 1.00 0 0 0 112 1 0 0 0 0 041019 164410.555
6.0577 -0.6516 0.0000 0.00 0.00 1.00 0 0 0 112 1 0 0 0 0 041019 164410.755
6.0577 -0.6516 0.0000 0.00 0.00 1.00 0 0 0 112 1 0 0 0 0 041019 164410.955
6.0577 -0.6516 0.0000 0.00 0.00 1.00 0 0 0 112 1 0 0 0 0 041019 164411.155
6.0577 -0.6516 0.0000 0.00 0.00 1.00 0 0 0 112 1 0 0 0 0 041019 164411.356
6.0577 -0.6516 0.0000 0.00 0.00 1.00 0 0 0 112 1 0 0 0 0 041019 164411.556
6.0577 -0.6516 0.0000 0.00 0.00 1.00 0 0 0 112 1 0 0 0 0 041019 164411.756
6.0577 -0.6516 0.0000 0.00 0.00 1.00 0 0 0 112 1 0 0 0 0 041019 164411.956
6.0577 -0.6516 0.0000 0.00 0.00 1.00 0 0 0 112 1 0 0 0 0 041019 164412.156
6.0577 -0.6516 0.0000 0.00 0.00 1.00 0 0 0 112 1 0 0 0 0 041019 164412.357
6.0577 -0.6516 0.0000 0.00 0.00 1.00 0 0 0 112 1 0 0 0 0 041019 164412.557
6.0577 -0.6516 0.0000 0.00 0.00 1.00 0 0 0 112 1 0 0 0 0 041019 164412.757
6.0577 -0.6516 0.0000 0.00 0.00 1.00 0 0 0 112 1 0 0 0 0 041019 164412.957
6.0577 -0.6516 0.0000 0.00 0.00 1.00 0 0 0 112 1 0 0 0 0 041019 164413.157
6.0577 -0.6516 0.0000 0.00 0.00 1.00 0 0 0 112 1 0 0 0 0 041019 164413.357
6.0577 -0.6516 0.0000 0.00 0.00 1.00 0 0 0 112 1 0 0 0 0 041019 164413.558
6.0577 -0.6516 0.0000 0.00 0.00 1.00 0 0 0 112 1 0 0 0 0 041019 164413.758
6.0577 -0.6516 0.0000 0.00 0.00 1.00 0 0 0 112 1 0 0 0 0 041019 164413.958
6.0577 -0.6516 0.0000 0.00 0.00 1.00 0 0 0 112 1 0 0 0 0 041019 164414.158
6.0577 -0.6516 0.0000 0.00 0.00 1.00 0 0 0 112 1 0 0 0 0 041019 164414.358
6.0577 -0.6516 0.0000 0.00 0.00 1.00 0 0 0 112 1 0 0 0 0 041019 164414.558
6.0577 -0.6516 0.0000 0.00 0.00 1.00 0 0 0 112 1 0 0 0 0 041019 164414.759
6.0577 -0.6516 0.0000 0.00 0.00 1.00 0 0 0 112 1 0 0 0 0 041019 164414.959
6.0577 -0.6516 0.0000 0.00 0.00 1.00 0 0 0 112 1 0 0 0 0 041019 164415.159
6.0577 -0.6516 0.0000 0.00 0.00 1.00 0 0 0 112 1 0 0 0 0 041019 164415.359
6.0577 -0.6516 0.0000 0.00 0.00 1.00 0 0 0 112 1 0 0 0 0 041019 164415.559
6.0577 -0.6516 0.0000 0.00 0.00 1.00 0 0 0 112 1 0 0 0 0 041019 164415.759
6.0577 -0.6516 0.0000 0.00 0.00 1.00 0 0 0 112 1 0 0 0 0 041019 164415.960
6.0577 -0.6516 0.0000 0.00 0.00 1.00 0 0 0 112 1 0 0 0 0 041019 164416.160
6.0577 -0.6516 0.0000 0.00 0.00 1.00 0 0 0 112 1 0 0 0 0 041019 164416.360
6.0577 -0.6516 0.0000 0.00 0.00 1.00 0 0 0 112 1 0 0 0 0 041019 164416.560
6.0577 -0.6516 0.0000 0.00 0.00 1.00 0 0 0 112 1 0 0 0 0 041019 164416.760
6.0577 -0.6516 0.0000 0.00 0.00 1.00 0 0 0 112 1 0 0 0 0 041019 164416.961
6.0577 -0.6516 0.0000 0.00 0.00 1.00 0 0 0 112 1 0 0 0 0 041019 164417.161
6.0577 -0.6516 0.0000 0.00 0.00 1.00 0 0 0 112 1 0 0 0 0 041019 164417.361
6.0577 -0.6516 0.0000 0.00 0.00 1.00 0 0 0 112 1 0 0 0 0 041019 164417.561
6.0577 -0.6516 0.0000 0.00 0.00 1.00 0 0 0 112 1 0 0 0 0 041019 164417.761
6.0577 -0.6516 0.0000 0.00 0.00 1.00 0 0 0 112 1 0 0 0 0 041019 164417.962
6.0577 -0.6516 0.0000 0.00 0.00 1.00 0 0 0 112 1 0 0 0 0 041019 164418.162
6.0577 -0.6516 0.0000 0.00 0.00 1.00 0 0 0 112 1 0 0 0 0 041019 164418.362
6.0577 -0.6516 0.0000 0.00 0.00 1.00 0 0 0 112 1 0 0 0 0 041019 164418.562
6.0577 -0.6516 0.0000 0.00 0.00 1.00 0 0 0 112 1 0 0 0 0 041019 164418.762
6.0577 -0.6516 0.0000 0.00 0.00 1.00 0 0 0 112 1 0 0 0 0 041019 164418.963
6.0577 -0.6516 0.0000 0.00 0.00 1.00 0 0 0 112 1 0 0 0 0 041019 164419.163
6.0577 -0.6516 0.0000 0.00 0.00 1.00 0 0 0 112 1 0 0 0 0 041019 164419.363
6.0577 -0.6516 0.0000 0.00 0.00 1.00 0 0 0 112 1 0 0 0 0 041019 164419.563
6.0577 -0.6516 0.0000 0.00 0.00 1.00 0 0 0 112 1 0 0 0 0 041019 164419.763
6.0577 -0.6516 0.0000 0.00 0.00 1.00 0 0 0 112 1 0 0 0 0 041019 164419.963
6.0577 -0.6516 0.0000 0.00 0.00 1.00 0 0 0 112 1 0 0 0 0 041019 164420.164
6.0577 -0.6516 0.0000 0.00 0.00 1.00 0 0 0 112 1 0 0 0 0 041019 164420.364
6.0577 -0.6516 0.0000 0.00 0.00 1.00 0 0 0 112 1 0 0 0 0 041019 164420.564
6.0577 -0.6516 0.0000 0.00 0.00 1.00 0 0 0 112 1 0 0 0 0 041019 164420.764
6.0577 -0.6516 0.0000 0.00 0.00 1.00 0 0 0 112 1 0 0 0 0 041019 164420.964
6.0577 -0.6516 0.0000 0.00 0.00 1.00 0 0 0 112 1 0 0 0 0 041019 164421.164
6.0577 -0.6516 0.0000 0.00 0.00 1.00 0 0 0 112 1 0 0 0 0 041019 164421.364
6.0577 -0.6516 0.0000 0.00 0.00 1.00 0 0 0 112 1 0 0 0 0 041019 164421.565
6.0577 -0.6516 0.0000 0.00 0.00 1.00 0 0 0 112 1 0 0 0 0 041019 164421.765
6.0577 -0.6516 0.0000 0.00 0.00 1.00 0 0 0 112 1 0 0 0 0 041019 164421.965
6.0577 -0.6516 0.0000 0.00 0.00 1.00 0 0 0 112 1 0 0 0 0 041019 164422.165
6.0577 -0.6516 0.0000 0.00 0.00 1.00 0 0 0 112 1 0 0 0 0 041019 164422.365
6.0577 -0.6516 0.0000 0.00 0.00 1.00 0 0 0 112 1 0 0 0 0 041019 164422.565
6.0577 -0.6516 0.0000 0.00 0.00 1.00 0 0 0 112 1 0 0 0 0 041019 164422.766
6.0577 -0.6516 0.0000 0.00 0.00 1.00 0 0 0 112 1 0 0 0 0 041019 164422.966
6.0577 -0.6516 0.0000 0.00 0.00 1.00 0 0 0 112 1 0 0 0 0 041019 164423.166
6.0577 -0.6516 0.0000 0.00 0.00 1.00 0 0 0 112 1 0 0 0 0 041019 164423.366
6.0577 -0.6516 0.0000 0.00 0.00 1.00 0 0 0 112 1 0 0 0 0 041019 164423.566
6.0577 -0.6516 0.0000 0.00 0.00 1.00 0 0 0 112 1 0 0 0 0 041019 164423.767
6.0577 -0.6516 0.0000 0.00 0.00 1.00 0 0 0 112 1 0 0 0 0 041019 164423.967
6.0577 -0.6516 0.0000 0.00 0.00 1.00 0 0 0 112 1 0 0 0 0 041019 164424.167
6.0577 -0.6516 0.0000 0.00 0.00 1.00 0 0 0 112 1 0 0 0 0 041019 164424.367
6.0577 -0.6516 0.0000 0.00 0.00 1.00 0 0 0 112 1 0 0 0 0 041019 164424.567
6.0577 -0.6516 0.0000 0.00 0.00 1.00 0 0 0 112 1 0 0 0 0 041019 164424.767
6.0577 -0.6516 0.0000 0.00 0.00 1.00 0 0 0 112 1 0 0 0 0 041019 164424.968
6.0577 -0.6516 0.0000 0.00 0.00 1.00 0 0 0 112 1 0 0 0 0 041019 164425.168
6.0577 -0.6516 0.0000 0.00 0.00 1.00 0 0 0 112 1 0 0 0 0 041019 164425.368
6.0577 -0.6516 0.0000 0.00 0.00 1.00 0 0 0 112 1 0 0 0 0 041019 164425.568
6.0577 -0.6516 0.0000 0.00 0.00 1.00 0 0 0 112 1 0 0 0 0 041019 164425.768
6.0577 -0.6516 0.0000 0.00 0.00 1.00 0 0 0 112 1 0 0 0 0 041019 164425.968
6.0577 -0.6516 0.0000 0.00 0.00 1.00 0 0 0 112 1 0 0 0 0 041019 164426.169
6.0577 -0.6516 0.0000 0.00 0.00 1.00 0 0 0 112 1 0 0 0 0 041019 164426.369
6.0577 -0.6516 0.0000 0.00 0.00 1.00 0 0 0 112 1 0 0 0 0 041019 164426.569
6.0577 -0.6516 0.0000 0.00 0.00 1.00 0 0 0 112 1 0 0 0 0 041019 164426.769
6.0577 -0.6516 0.0000 0.00 0.00 1.00 0 0 0 112 1 0 0 0 0 041019 164426.969
6.0577 -0.6516 0.0000 0.00 0.00 1.00 0 0 0 112 1 0 0 0 0 041019 164427.169
6.0577 -0.6516 0.0000 0.00 0.00 1.00 0 0 0 112 1 0 0 0 0 041019 164427.370
6.0577 -0.6516 0.0000 0.00 0.00 1.00 0 0 0 112 1 0 0 0 0 041019 164427.570
6.0577 -0.6516 0.0000 0.00 0.00 1.00 0 0 0 112 1 0 0 0 0 041019 164427.770
6.0577 -0.6516 0.0000 0.00 0.00 1.00 0 0 0 112 1 0 0 0 0 041019 164427.970
6.0577 -0.6516 0.0000 0.00 0.00 1.00 0 0 0 112 1 0 0 0 0 041019 164428.171
6.0577 -0.6516 0.0000 0.00 0.00 1.00 0 0 0 112 1 0 0 0 0 041019 164428.371
6.0577 -0.6516 0.0000 0.00 0.00 1.00 0 0 0 112 1 0 0 0 0 041019 164428.571
6.0577 -0.6516 0.0000 0.00 0.00 1.00 0 0 0 112 1 0 0 0 0 041019 164428.771
6.0577 -0.6516 0.0000 0.00 0.00 1.00 0 0 0 112 1 0 0 0 0 041019 164428.971
6.0577 -0.6516 0.0000 0.00 0.00 1.00 0 0 0 112 1 0 0 0 0 041019 164429.172
6.0577 -0.6516 0.0000 0.00 0.00 1.00 0 0 0 112 1 0 0 0 0 041019 164429.372
6.0577 -0.6516 0.0000 0.00 0.00 1.00 0 0 0 112 1 0 0 0 0 041019 164429.572
6.0577 -0.6516 0.0000 0.00 0.00 1.00 0 0 0 112 1 0 0 0 0 041019 164429.772
6.0577 -0.6516 0.0000 0.00 0.00 1.00 0 0 0 112 1 0 0 0 0 041019 164429.973
6.0577 -0.6516 0.0000 0.00 0.00 1.00 0 0 0 112 1 0 0 0 0 041019 164430.173
6.0577 -0.6516 0.0000 0.00 0.00 1.00 0 0 0 112 1 0 0 0 0 041019 164430.373
6.0577 -0.6516 0.0000 0.00 0.00 1.00 0 0 0 112 1 0 0 0 0 041019 164430.573
6.0577 -0.6516 0.0000 0.00 0.00 1.00 0 0 0 112 1 0 0 0 0 041019 164430.773
6.0577 -0.6516 0.0000 0.00 0.00 1.00 0 0 0 112 1 0 0 0 0 041019 164430.974
6.0577 -0.6516 0.0000 0.00 0.00 1.00 0 0 0 112 1 0 0 0 0 041019 164431.174
6.0577 -0.6516 0.0000 0.00 0.00 1.00 0 0 0 112 1 0 0 0 0 041019 164431.374
6.0577 -0.6516 0.0000 0.00 0.00 1.00 0 0 0 112 1 0 0 0 0 041019 164431.574
6.0577 -0.6516 0.0000 0.00 0.00 1.00 0 0 0 112 1 0 0 0 0 041019 164431.774
6.0577 -0.6516 0.0000 0.00 0.00 1.00 0 0 0 112 1 0 0 0 0 041019 164431.974
6.0577 -0.6516 0.0000 0.00 0.00 1.00 0 0 0 112 1 0 0 0 0 041019 164432.174
6.0577 -0.6516 0.0000 0.00 0.00 1.00 0 0 0 112 1 0 0 0 0 041019 164432.375
6.0577 -0.6516 0.0000 0.00 0.00 1.00 0 0 0 112 1 0 0 0 0 041019 164432.575
6.0577 -0.6516 0.0000 0.00 0.00 1.00 0 0 0 112 1 0 0 0 0 041019 164432.775
6.0577 -0.6516 0.0000 0.00 0.00 1.00 0 0 0 112 1 0 0 0 0 041019 164432.975
6.0577 -0.6516 0.0000 0.00 0.00 1.00 0 0 0 112 1 0 0 0 0 041019 164433.176
6.0577 -0.6516 0.0000 0.00 0.00 1.00 0 0 0 112 1 0 0 0 0 041019 164433.376
6.0577 -0.6516 0.0000 0.00 0.00 1.00 0 0 0 112 1 0 0 0 0 041019 164433.576
6.0577 -0.6516 0.0000 0.00 0.00 1.00 0 0 0 112 1 0 0 0 0 041019 164433.776
6.0577 -0.6516 0.0000 0.00 0.00 1.00 0 0 0 112 1 0 0 0 0 041019 164433.976
6.0577 -0.6516 0.0000 0.00 0.00 1.00 0 0 0 112 1 0 0 0 0 041019 164434.176
6.0577 -0.6516 0.0000 0.00 0.00 1.00 0 0 0 112 1 0 0 0 0 041019 164434.377
6.0577 -0.6516 0.0000 0.00 0.00 1.00 0 0 0 112 1 0 0 0 0 041019 164434.577
6.0577 -0.6516 0.0000 0.00 0.00 1.00 0 0 0 112 1 0 0 0 0 041019 164434.777
6.0577 -0.6516 0.0000 0.00 0.00 1.00 0 0 0 112 1 0 0 0 0 041019 164434.977
6.0577 -0.6516 0.0000 0.00 0.00 1.00 0 0 0 112 1 0 0 0 0 041019 164435.177
6.0577 -0.6516 0.0000 0.00 0.00 1.00 0 0 0 112 1 0 0 0 0 041019 164435.378
6.0577 -0.6516 0.0000 0.00 0.00 1.00 0 0 0 112 1 0 0 0 0 041019 164435.578
6.0577 -0.6516 0.0000 0.00 0.00 1.00 0 0 0 112 1 0 0 0 0 041019 164435.778
6.0577 -0.6516 0.0000 0.00 0.00 1.00 0 0 0 112 1 0 0 0 0 041019 164435.978
6.0577 -0.6516 0.0000 0.00 0.00 1.00 0 0 0 112 1 0 0 0 0 041019 164436.178
6.0577 -0.6516 0.0000 0.00 0.00 1.00 0 0 0 112 1 0 0 0 0 041019 164436.379
6.0577 -0.6516 0.0000 0.00 0.00 1.00 0 0 0 112 1 0 0 0 0 041019 164436.579
6.0577 -0.6516 0.0000 0.00 0.00 1.00 0 0 0 112 1 0 0 0 0 041019 164436.779
6.0577 -0.6516 0.0000 0.00 0.00 1.00 0 0 0 112 1 0 0 0 0 041019 164436.979
6.0577 -0.6516 0.0000 0.00 0.00 1.00 0 0 0 112 1 0 0 0 0 041019 164437.179
6.0577 -0.6516 0.0000 0.00 0.00 1.00 0 0 0 112 1 0 0 0 0 041019 164437.379
6.0577 -0.6516 0.0000 0.00 0.00 1.00 0 0 0 112 1 0 0 0 0 041019 164437.580
6.0577 -0.6516 0.0000 0.00 0.00 1.00 0 0 0 112 1 0 0 0 0 041019 164437.780
6.0577 -0.6516 0.0000 0.00 0.00 1.00 0 0 0 112 1 0 0 0 0 041019 164437.980
6.0577 -0.6516 0.0000 0.00 0.00 1.00 0 0 0 112 1 0 0 0 0 041019 164438.180
6.0577 -0.6516 0.0000 0.00 0.00 1.00 0 0 0 112 1 0 0 0 0 041019 164438.381
6.0577 -0.6516 0.0000 0.00 0.00 1.00 0 0 0 112 1 0 0 0 0 041019 164438.581
6.0577 -0.6516 0.0000 0.00 0.00 1.00 0 0 0 112 1 0 0 0 0 041019 164438.781
6.0577 -0.6516 0.0000 0.00 0.00 1.00 0 0 0 112 1 0 0 0 0 041019 164438.981
6.0577 -0.6516 0.0000 0.00 0.00 1.00 0 0 0 112 1 0 0 0 0 041019 164439.181
6.0577 -0.6516 0.0000 0.00 0.00 1.00 0 0 0 112 1 0 0 0 0 041019 164439.382
6.0577 -0.6516 0.0000 0.00 0.00 1.00 0 0 0 112 1 0 0 0 0 041019 164439.582
6.0577 -0.6516 0.0000 0.00 0.00 1.00 0 0 0 112 1 0 0 0 0 041019 164439.782
6.0577 -0.6516 0.0000 0.00 0.00 1.00 0 0 0 112 1 0 0 0 0 041019 164439.982
6.0577 -0.6516 0.0000 0.00 0.00 1.00 0 0 0 112 1 0 0 0 0 041019 164440.183
6.0577 -0.6516 0.0000 0.00 0.00 1.00 0 0 0 112 1 0 0 0 0 041019 164440.383
6.0577 -0.6516 0.0000 0.00 0.00 1.00 0 0 0 112 1 0 0 0 0 041019 164440.583
6.0577 -0.6516 0.0000 0.00 0.00 1.00 0 0 0 112 1 0 0 0 0 041019 164440.783
6.0577 -0.6516 0.0000 0.00 0.00 1.00 0 0 0 112 1 0 0 0 0 041019 164440.983
6.0577 -0.6516 0.0000 0.00 0.00 1.00 0 0 0 112 1 0 0 0 0 041019 164441.183
6.0577 -0.6516 0.0000 0.00 0.00 1.00 0 0 0 112 1 0 0 0 0 041019 164441.383
6.0577 -0.6516 0.0000 0.00 0.00 1.00 0 0 0 112 1 0 0 0 0 041019 164441.584
6.0577 -0.6516 0.0000 0.00 0.00 1.00 0 0 0 112 1 0 0 0 0 041019 164441.784
6.0577 -0.6516 0.0000 0.00 0.00 1.00 0 0 0 112 1 0 0 0 0 041019 164441.984
6.0577 -0.6516 0.0000 0.00 0.00 1.00 0 0 0 112 1 0 0 0 0 041019 164442.184
6.0577 -0.6516 0.0000 0.00 0.00 1.00 0 0 0 112 1 0 0 0 0 041019 164442.385
6.0577 -0.6516 0.0000 0.00 0.00 1.00 0 0 0 112 1 0 0 0 0 041019 164442.585
6.0577 -0.6516 0.0000 0.00 0.00 1.00 0 0 0 112 1 0 0 0 0 041019 164442.785
6.0577 -0.6516 0.0000 0.00 0.00 1.00 0 0 0 112 1 0 0 0 0 041019 164442.985
6.0577 -0.6516 0.0000 0.00 0.00 1.00 0 0 0 112 1 0 0 0 0 041019 164443.185
6.0577 -0.6516 0.0000 0.00 0.00 1.00 0 0 0 112 1 0 0 0 0 041019 164443.385
6.0577 -0.6516 0.0000 0.00 0.00 1.00 0 0 0 112 1 0 0 0 0 041019 164443.585
6.0577 -0.6516 0.0000 0.00 0.00 1.00 0 0 0 112 1 0 0 0 0 041019 164443.786
6.0577 -0.6516 0.0000 0.00 0.00 1.00 0 0 0 112 1 0 0 0 0 041019 164443.986
6.0577 -0.6516 0.0000 0.00 0.00 1.00 0 0 0 112 1 0 0 0 0 041019 164444.186
6.0577 -0.6516 0.0000 0.00 0.00 1.00 0 0 0 112 1 0 0 0 0 041019 164444.386
6.0577 -0.6516 0.0000 0.00 0.00 1.00 0 0 0 112 1 0 0 0 0 041019 164444.586
6.0577 -0.6516 0.0000 0.00 0.00 1.00 0 0 0 112 1 0 0 0 0 041019 164444.786
6.0577 -0.6516 0.0000 0.00 0.00 1.00 0 0 0 112 1 0 0 0 0 041019 164444.987
6.0577 -0.6516 0.0000 0.00 0.00 1.00 0 0 0 112 1 0 0 0 0 041019 164445.187
6.0577 -0.6516 0.0000 0.00 0.00 1.00 0 0 0 112 1 0 0 0 0 041019 164445.387
6.0577 -0.6516 0.0000 0.00 0.00 1.00 0 0 0 112 1 0 0 0 0 041019 164445.587
6.0577 -0.6516 0.0000 0.00 0.00 1.00 0 0 0 112 1 0 0 0 0 041019 164445.788
6.0577 -0.6516 0.0000 0.00 0.00 1.00 0 0 0 112 1 0 0 0 0 041019 164445.988
6.0577 -0.6516 0.0000 0.00 0.00 1.00 0 0 0 112 1 0 0 0 0 041019 164446.188
6.0577 -0.6516 0.0000 0.00 0.00 1.00 0 0 0 112 1 0 0 0 0 041019 164446.388
6.0577 -0.6516 0.0000 0.00 0.00 1.00 0 0 0 112 1 0 0 0 0 041019 164446.588
6.0577 -0.6516 0.0000 0.00 0.00 1.00 0 0 0 112 1 0 0 0 0 041019 164446.789
6.0577 -0.6516 0.0000 0.00 0.00 1.00 0 0 0 112 1 0 0 0 0 041019 164446.989
6.0577 -0.6516 0.0000 0.00 0.00 1.00 0 0 0 112 1 0 0 0 0 041019 164447.189
6.0577 -0.6516 0.0000 0.00 0.00 1.00 0 0 0 112 1 0 0 0 0 041019 164447.389
6.0577 -0.6516 0.0000 0.00 0.00 1.00 0 0 0 112 1 0 0 0 0 041019 164447.589
6.0577 -0.6516 0.0000 0.00 0.00 1.00 0 0 0 112 1 0 0 0 0 041019 164447.789
6.0577 -0.6516 0.0000 0.00 0.00 1.00 0 0 0 112 1 0 0 0 0 041019 164447.990
6.0577 -0.6516 0.0000 0.00 0.00 1.00 0 0 0 112 1 0 0 0 0 041019 164448.190
6.0577 -0.6516 0.0000 0.00 0.00 1.00 0 0 0 112 1 0 0 0 0 041019 164448.390
6.0577 -0.6516 0.0000 0.00 0.00 1.00 0 0 0 112 1 0 0 0 0 041019 164448.590
6.0577 -0.6516 0.0000 0.00 0.00 1.00 0 0 0 112 1 0 0 0 0 041019 164448.790
6.0577 -0.6516 0.0000 0.00 0.00 1.00 0 0 0 112 1 0 0 0 0 041019 164448.990
6.0577 -0.6516 0.0000 0.00 0.00 1.00 0 0 0 112 1 0 0 0 0 041019 164449.191
6.0577 -0.6516 0.0000 0.00 0.00 1.00 0 0 0 112 1 0 0 0 0 041019 164449.391
6.0577 -0.6516 0.0000 0.00 0.00 1.00 0 0 0 112 1 0 0 0 0 041019 164449.591
6.0577 -0.6516 0.0000 0.00 0.00 1.00 0 0 0 112 1 0 0 0 0 041019 164449.791
6.0577 -0.6516 0.0000 0.00 0.00 1.00 0 0 0 112 1 0 0 0 0 041019 164449.991
6.0577 -0.6516 0.0000 0.00 0.00 1.00 0 0 0 112 1 0 0 0 0 041019 164450.191
6.0577 -0.6516 0.0000 0.00 0.00 1.00 0 0 0 112 1 0 0 0 0 041019 164450.392
6.0577 -0.6516 0.0000 0.00 0.00 1.00 0 0 0 112 1 0 0 0 0 041019 164450.592
6.0577 -0.6516 0.0000 0.00 0.00 1.00 0 0 0 112 1 0 0 0 0 041019 164450.792
6.0577 -0.6516 0.0000 0.00 0.00 1.00 0 0 0 112 1 0 0 0 0 041019 164450.992
6.0577 -0.6516 0.0000 0.00 0.00 1.00 0 0 0 112 1 0 0 0 0 041019 164451.192
6.0577 -0.6516 0.0000 0.00 0.00 1.00 0 0 0 112 1 0 0 0 0 041019 164451.393
6.0577 -0.6516 0.0000 0.00 0.00 1.00 0 0 0 112 1 0 0 0 0 041019 164451.593
6.0577 -0.6516 0.0000 0.00 0.00 1.00 0 0 0 112 1 0 0 0 0 041019 164451.793
6.0577 -0.6516 0.0000 0.00 0.00 1.00 0 0 0 112 1 0 0 0 0 041019 164451.993
6.0577 -0.6516 0.0000 0.00 0.00 1.00 0 0 0 112 1 0 0 0 0 041019 164452.193
6.0577 -0.6516 0.0000 0.00 0.00 1.00 0 0 0 112 1 0 0 0 0 041019 164452.393
6.0577 -0.6516 0.0000 0.00 0.00 1.00 0 0 0 112 1 0 0 0 0 041019 164452.594
6.0577 -0.6516 0.0000 0.00 0.00 1.00 0 0 0 112 1 0 0 0 0 041019 164452.794
6.0577 -0.6516 0.0000 0.00 0.00 1.00 0 0 0 112 1 0 0 0 0 041019 164452.994
6.0577 -0.6516 0.0000 0.00 0.00 1.00 0 0 0 112 1 0 0 0 0 041019 164453.194
6.0577 -0.6516 0.0000 0.00 0.00 1.00 0 0 0 112 1 0 0 0 0 041019 164453.394
6.0577 -0.6516 0.0000 0.00 0.00 1.00 0 0 0 112 1 0 0 0 0 041019 164453.594
6.0577 -0.6516 0.0000 0.00 0.00 1.00 0 0 0 112 1 0 0 0 0 041019 164453.795
6.0577 -0.6516 0.0000 0.00 0.00 1.00 0 0 0 112 1 0 0 0 0 041019 164453.995
6.0577 -0.6516 0.0000 0.00 0.00 1.00 0 0 0 112 1 0 0 0 0 041019 164454.195
6.0577 -0.6516 0.0000 0.00 0.00 1.00 0 0 0 112 1 0 0 0 0 041019 164454.395
6.0577 -0.6516 0.0000 0.00 0.00 1.00 0 0 0 112 1 0 0 0 0 041019 164454.595
6.0577 -0.6516 0.0000 0.00 0.00 1.00 0 0 0 112 1 0 0 0 0 041019 164454.796
6.0577 -0.6516 0.0000 0.00 0.00 1.00 0 0 0 112 1 0 0 0 0 041019 164454.996
6.0577 -0.6516 0.0000 0.00 0.00 1.00 0 0 0 112 1 0 0 0 0 041019 164455.196
6.0577 -0.6516 0.0000 0.00 0.00 1.00 0 0 0 112 1 0 0 0 0 041019 164455.396
6.0577 -0.6516 0.0000 0.00 0.00 1.00 0 0 0 112 1 0 0 0 0 041019 164455.596
6.0577 -0.6516 0.0000 0.00 0.00 1.00 0 0 0 112 1 0 0 0 0 041019 164455.796
6.0577 -0.6516 0.0000 0.00 0.00 1.00 0 0 0 112 1 0 0 0 0 041019 164455.997
6.0577 -0.6516 0.0000 0.00 0.00 1.00 0 0 0 112 1 0 0 0 0 041019 164456.197
6.0577 -0.6516 0.0000 0.00 0.00 1.00 0 0 0 112 1 0 0 0 0 041019 164456.397
6.0577 -0.6516 0.0000 0.00 0.00 1.00 0 0 0 112 1 0 0 0 0 041019 164456.597
6.0577 -0.6516 0.0000 0.00 0.00 1.00 0 0 0 112 1 0 0 0 0 041019 164456.797
6.0577 -0.6516 0.0000 0.00 0.00 1.00 0 0 0 112 1 0 0 0 0 041019 164456.997
6.0577 -0.6516 0.0000 0.00 0.00 1.00 0 0 0 112 1 0 0 0 0 041019 164457.198
6.0577 -0.6516 0.0000 0.00 0.00 1.00 0 0 0 112 1 0 0 0 0 041019 164457.398
6.0577 -0.6516 0.0000 0.00 0.00 1.00 0 0 0 112 1 0 0 0 0 041019 164457.598
6.0577 -0.6516 0.0000 0.00 0.00 1.00 0 0 0 112 1 0 0 0 0 041019 164457.798
6.0577 -0.6516 0.0000 0.00 0.00 1.00 0 0 0 112 1 0 0 0 0 041019 164457.998
6.0577 -0.6516 0.0000 0.00 0.00 1.00 0 0 0 112 1 0 0 0 0 041019 164458.199
6.0577 -0.6516 0.0000 0.00 0.00 1.00 0 0 0 112 1 0 0 0 0 041019 164458.399
6.0577 -0.6516 0.0000 0.00 0.00 1.00 0 0 0 112 1 0 0 0 0 041019 164458.599
6.0577 -0.6516 0.0000 0.00 0.00 1.00 0 0 0 112 1 0 0 0 0 041019 164458.799
6.0577 -0.6516 0.0000 0.00 0.00 1.00 0 0 0 112 1 0 0 0 0 041019 164458.999
6.0577 -0.6516 0.0000 0.00 0.00 1.00 0 0 0 112 1 0 0 0 0 041019 164459.200
6.0577 -0.6516 0.0000 0.00 0.00 1.00 0 0 0 112 1 0 0 0 0 041019 164459.400
6.0577 -0.6516 0.0000 0.00 0.00 1.00 0 0 0 112 1 0 0 0 0 041019 164459.600
6.0577 -0.6516 0.0000 0.00 0.00 1.00 0 0 0 112 1 0 0 0 0 041019 164459.800
6.0577 -0.6516 0.0000 0.00 0.00 1.00 0 0 0 112 1 0 0 0 0 041019 164500.000
6.0577 -0.6516 0.0000 0.00 0.00 1.00 0 0 0 112 1 0 0 0 0 041019 164500.200
6.0577 -0.6516 0.0000 0.00 0.00 1.00 0 0 0 112 1 0 0 0 0 041019 164500.400
6.0577 -0.6516 0.0000 0.00 0.00 1.00 0 0 0 112 1 0 0 0 0 041019 164500.601
6.0577 -0.6516 0.0000 0.00 0.00 1.00 0 0 0 112 1 0 0 0 0 041019 164500.801
6.0577 -0.6516 0.0000 0.00 0.00 1.00 0 0 0 112 1 0 0 0 0 041019 164501.001
6.0577 -0.6516 0.0000 0.00 0.00 1.00 0 0 0 112 1 0 0 0 0 041019 164501.201
6.0577 -0.6516 0.0000 0.00 0.00 1.00 0 0 0 112 1 0 0 0 0 041019 164501.401
6.0577 -0.6516 0.0000 0.00 0.00 1.00 0 0 0 112 1 0 0 0 0 041019 164501.601
6.0577 -0.6516 0.0000 0.00 0.00 1.00 0 0 0 112 1 0 0 0 0 041019 164501.802
6.0577 -0.6516 0.0000 0.00 0.00 1.00 0 0 0 112 1 0 0 0 0 041019 164502.002
6.0577 -0.6516 0.0000 0.00 0.00 1.00 0 0 0 112 1 0 0 0 0 041019 164502.202
6.0577 -0.6516 0.0000 0.00 0.00 1.00 0 0 0 112 1 0 0 0 0 041019 164502.402
6.0577 -0.6516 0.0000 0.00 0.00 1.00 0 0 0 112 1 0 0 0 0 041019 164502.602
6.0577 -0.6516 0.0000 0.00 0.00 1.00 0 0 0 112 1 0 0 0 0 041019 164502.803
6.0577 -0.6516 0.0000 0.00 0.00 1.00 0 0 0 112 1 0 0 0 0 041019 164503.003
6.0577 -0.6516 0.0000 0.00 0.00 1.00 0 0 0 112 1 0 0 0 0 041019 164503.203
6.0577 -0.6516 0.0000 0.00 0.00 1.00 0 0 0 112 1 0 0 0 0 041019 164503.403
6.0577 -0.6516 0.0000 0.00 0.00 1.00 0 0 0 112 1 0 0 0 0 041019 164503.603
6.0577 -0.6516 0.0000 0.00 0.00 1.00 0 0 0 112 1 0 0 0 0 041019 164503.803
6.0577 -0.6516 0.0000 0.00 0.00 1.00 0 0 0 112 1 0 0 0 0 041019 164504.004
6.0577 -0.6516 0.0000 0.00 0.00 1.00 0 0 0 112 1 0 0 0 0 041019 164504.204
6.0577 -0.6516 0.0000 0.00 0.00 1.00 0 0 0 112 1 0 0 0 0 041019 164504.404
6.0577 -0.6516 0.0000 0.00 0.00 1.00 0 0 0 112 1 0 0 0 0 041019 164504.604
6.0577 -0.6516 0.0000 0.00 0.00 1.00 0 0 0 112 1 0 0 0 0 041019 164504.804
6.0577 -0.6516 0.0000 0.00 0.00 1.00 0 0 0 112 1 0 0 0 0 041019 164505.004
6.0577 -0.6516 0.0000 0.00 0.00 1.00 0 0 0 112 1 0 0 0 0 041019 164505.205
6.0577 -0.6516 0.0000 0.00 0.00 1.00 0 0 0 112 1 0 0 0 0 041019 164505.405
6.0577 -0.6516 0.0000 0.00 0.00 1.00 0 0 0 112 1 0 0 0 0 041019 164505.605
6.0577 -0.6516 0.0000 0.00 0.00 1.00 0 0 0 112 1 0 0 0 0 041019 164505.805
6.0577 -0.6516 0.0000 0.00 0.00 1.00 0 0 0 112 1 0 0 0 0 041019 164506.005
6.0577 -0.6516 0.0000 0.00 0.00 1.00 0 0 0 112 1 0 0 0 0 041019 164506.205
6.0577 -0.6516 0.0000 0.00 0.00 1.00 0 0 0 112 1 0 0 0 0 041019 164506.405
6.0577 -0.6516 0.0000 0.00 0.00 1.00 0 0 0 112 1 0 0 0 0 041019 164506.606
6.0577 -0.6516 0.0000 0.00 0.00 1.00 0 0 0 112 1 0 0 0 0 041019 164506.806
6.0577 -0.6516 0.0000 0.00 0.00 1.00 0 0 0 112 1 0 0 0 0 041019 164507.006
6.0577 -0.6516 0.0000 0.00 0.00 1.00 0 0 0 112 1 0 0 0 0 041019 164507.206
