25.4311 -12.5471 0.0000 0.00 0.00 1.00 0 231 241 96 1 0 0 0 0 040619 164801.730
25.4334 -12.5463 0.0000 0.00 0.00 1.00 0 252 243 96 1 0 0 0 0 040619 164801.931
25.4337 -12.5482 0.0000 0.00 0.00 1.00 0 37 242 96 1 0 0 0 0 040619 164802.135
25.4332 -12.5491 0.0000 0.00 0.00 1.00 0 127 242 96 1 0 0 0 0 040619 164802.336
25.4338 -12.5515 0.0000 0.00 0.00 1.00 0 199 241 96 1 0 0 0 0 040619 164802.537
25.4335 -12.5482 0.0000 0.00 0.00 1.00 0 243 244 96 1 0 0 0 0 040619 164802.737
25.4335 -12.5482 0.0000 0.00 0.00 1.00 0 243 244 96 1 0 0 0 0 040619 164802.937
25.4375 -12.5513 0.0000 0.00 0.00 1.00 0 249 241 96 1 0 0 0 0 040619 164803.137
25.4464 -12.5532 0.0000 0.00 0.00 1.00 0 145 243 96 1 0 0 0 0 040619 164803.337
25.4611 -12.5573 0.0000 0.00 0.00 1.00 0 77 243 96 1 0 0 0 0 040619 164803.538
25.5308 -12.5823 0.0000 0.00 0.00 1.00 0 194 240 96 1 0 0 0 0 040619 164803.738
25.5914 -12.6021 0.0000 0.00 0.00 1.00 0 13 242 96 1 0 0 0 0 040619 164803.938
25.5914 -12.6021 0.0000 0.00 0.00 1.00 0 13 242 96 1 0 0 0 0 040619 164804.138
25.6675 -12.6260 0.0000 0.00 0.00 1.00 0 97 242 96 1 0 0 0 0 040619 164804.338
25.7606 -12.6603 0.0000 0.00 0.00 1.00 0 60 239 96 1 0 0 0 0 040619 164804.539
25.8678 -12.6954 0.0000 0.00 0.00 1.00 0 27 241 96 1 0 0 0 0 040619 164804.739
26.1301 -12.7769 0.0000 0.00 0.00 1.00 0 56 241 96 1 0 0 0 0 040619 164804.939
26.2810 -12.8198 0.0000 0.00 0.00 1.00 0 38 244 96 1 0 0 0 0 040619 164805.139
26.4347 -12.8678 0.0000 0.00 0.00 1.00 0 172 241 96 1 0 0 0 0 040619 164805.340
26.5990 -12.9182 0.0000 0.00 0.00 1.00 0 26 242 96 1 0 0 0 0 040619 164805.540
26.5990 -12.9182 0.0000 0.00 0.00 1.00 0 26 242 96 1 0 0 0 0 040619 164805.740
26.7651 -12.9696 0.0000 0.00 0.00 1.00 0 141 239 96 1 0 0 0 0 040619 164805.940
26.9366 -13.0176 0.0000 0.00 0.00 1.00 0 105 241 96 1 0 0 0 0 040619 164806.140
27.1271 -13.0687 0.0000 0.00 0.00 1.00 0 139 242 96 1 0 0 0 0 040619 164806.341
27.3085 -13.1153 0.0000 0.00 0.00 1.00 0 221 243 96 1 0 0 0 0 040619 164806.541
27.6962 -13.2163 0.0000 0.00 0.00 1.00 0 190 244 96 1 0 0 0 0 040619 164806.741
27.8836 -13.2712 0.0000 0.00 0.00 1.00 0 0 0 127 0 0 0 0 0 040619 164806.941
27.8836 -13.2712 0.0000 0.00 0.00 1.00 0 0 0 127 0 0 0 0 0 040619 164807.141
28.0891 -13.3225 0.0000 0.00 0.00 1.00 0 0 0 127 0 0 0 0 0 040619 164807.342
28.2955 -13.3659 0.0000 0.00 0.00 1.00 0 0 0 127 0 0 0 0 0 040619 164807.542
28.4971 -13.4169 0.0000 0.00 0.00 1.00 0 0 0 127 0 0 0 0 0 040619 164807.742
28.7042 -13.4686 0.0000 0.00 0.00 1.00 0 0 0 127 0 0 0 0 0 040619 164807.942
28.7042 -13.4686 0.0000 0.00 0.00 1.00 0 0 0 127 0 0 0 0 0 040619 164808.143
29.2740 -13.6069 0.0000 0.00 0.00 1.00 0 0 0 127 0 0 0 0 0 040619 164808.343
29.2740 -13.6069 0.0000 0.00 0.00 1.00 0 0 0 127 0 0 0 0 0 040619 164808.543
29.4433 -13.6482 0.0000 0.00 0.00 1.00 0 0 0 127 0 0 0 0 0 040619 164808.743
29.7446 -13.7191 0.0000 0.00 0.00 1.00 0 0 0 127 0 0 0 0 0 040619 164808.943
29.7446 -13.7191 0.0000 0.00 0.00 1.00 0 0 0 127 0 0 0 0 0 040619 164809.144
29.8731 -13.7650 0.0000 0.00 0.00 1.00 0 0 0 127 0 0 0 0 0 040619 164809.344
30.0012 -13.7980 0.0000 0.00 0.00 1.00 0 0 0 127 0 0 0 0 0 040619 164809.544
30.1179 -13.8279 0.0000 0.00 0.00 1.00 0 0 0 127 0 0 0 0 0 040619 164809.744
30.2254 -13.8536 0.0000 0.00 0.00 1.00 0 0 0 127 0 0 0 0 0 040619 164809.945
30.2254 -13.8536 0.0000 0.00 0.00 1.00 0 0 0 127 0 0 0 0 0 040619 164810.145
30.4279 -13.9094 0.0000 0.00 0.00 1.00 0 0 0 127 0 0 0 0 0 040619 164810.345
30.5188 -13.9306 0.0000 0.00 0.00 1.00 0 0 0 127 0 0 0 0 0 040619 164810.545
30.6018 -13.9526 0.0000 0.00 0.00 1.00 0 0 0 127 0 0 0 0 0 040619 164810.745
30.7523 -13.9903 0.0000 0.00 0.00 1.00 0 0 0 127 0 0 0 0 0 040619 164810.946
30.8134 -14.0075 0.0000 0.00 0.00 1.00 0 0 0 127 0 0 0 0 0 040619 164811.146
30.8134 -14.0075 0.0000 0.00 0.00 1.00 0 0 0 127 0 0 0 0 0 040619 164811.346
30.8755 -14.0242 0.0000 0.00 0.00 1.00 0 0 0 127 0 0 0 0 0 040619 164811.546
30.9270 -14.0314 0.0000 0.00 0.00 1.00 0 0 0 127 0 0 0 0 0 040619 164811.747
31.0044 -14.0570 0.0000 0.00 0.00 1.00 0 0 0 127 0 0 0 0 0 040619 164811.947
31.0359 -14.0628 0.0000 0.00 0.00 1.00 0 0 0 127 0 0 0 0 0 040619 164812.147
31.0625 -14.0711 0.0000 0.00 0.00 1.00 0 0 0 127 0 0 0 0 0 040619 164812.347
31.0625 -14.0711 0.0000 0.00 0.00 1.00 0 0 0 127 0 0 0 0 0 040619 164812.548
31.0910 -14.0769 0.0000 0.00 0.00 1.00 0 0 0 127 0 0 0 0 0 040619 164812.748
31.0910 -14.0769 0.0000 0.00 0.00 1.00 0 0 0 127 0 0 0 0 0 040619 164812.948
31.0953 -14.0776 0.0000 0.00 0.00 1.00 0 163 236 96 1 0 0 0 0 040619 164813.148
31.0960 -14.0781 0.0000 0.00 0.00 1.00 0 117 236 96 1 0 0 0 0 040619 164813.348
31.0921 -14.0806 0.0000 0.00 0.00 1.00 0 244 234 96 1 0 0 0 0 040619 164813.549
31.0926 -14.0778 0.0000 0.00 0.00 1.00 0 99 238 96 1 0 0 0 0 040619 164813.749
31.0899 -14.0811 0.0000 0.00 0.00 1.00 0 120 234 96 1 0 0 0 0 040619 164813.949
31.0899 -14.0811 0.0000 0.00 0.00 1.00 0 120 234 96 1 0 0 0 0 040619 164814.149
31.0896 -14.0778 0.0000 0.00 0.00 1.00 0 163 238 96 1 0 0 0 0 040619 164814.350
31.1079 -14.0778 0.0000 0.00 0.00 1.00 0 36 238 96 1 0 0 0 0 040619 164814.550
31.1079 -14.0778 0.0000 0.00 0.00 1.00 0 36 238 96 1 0 0 0 0 040619 164814.750
31.1294 -14.0856 0.0000 0.00 0.00 1.00 0 171 233 96 1 0 0 0 0 040619 164814.950
31.1584 -14.0913 0.0000 0.00 0.00 1.00 0 84 235 96 1 0 0 0 0 040619 164815.150
31.2059 -14.1019 0.0000 0.00 0.00 1.00 0 183 233 96 1 0 0 0 0 040619 164815.351
31.3345 -14.1293 0.0000 0.00 0.00 1.00 0 117 229 96 1 0 0 0 0 040619 164815.551
31.4299 -14.1499 0.0000 0.00 0.00 1.00 0 182 230 96 1 0 0 0 0 040619 164815.751
31.5352 -14.1716 0.0000 0.00 0.00 1.00 0 126 230 96 1 0 0 0 0 040619 164815.951
31.6528 -14.1875 0.0000 0.00 0.00 1.00 0 176 234 96 1 0 0 0 0 040619 164816.152
31.6528 -14.1875 0.0000 0.00 0.00 1.00 0 176 234 96 1 0 0 0 0 040619 164816.352
31.7905 -14.2172 0.0000 0.00 0.00 1.00 0 195 227 96 1 0 0 0 0 040619 164816.552
31.9437 -14.2316 0.0000 0.00 0.00 1.00 0 229 237 96 1 0 0 0 0 040619 164816.753
32.2623 -14.2747 0.0000 0.00 0.00 1.00 0 76 228 96 1 0 0 0 0 040619 164816.953
32.4373 -14.2980 0.0000 0.00 0.00 1.00 0 200 228 96 1 0 0 0 0 040619 164817.153
32.6171 -14.3153 0.0000 0.00 0.00 1.00 0 119 232 96 1 0 0 0 0 040619 164817.354
32.7908 -14.3330 0.0000 0.00 0.00 1.00 0 184 231 96 1 0 0 0 0 040619 164817.554
32.9743 -14.3501 0.0000 0.00 0.00 1.00 0 130 232 96 1 0 0 0 0 040619 164817.755
32.9743 -14.3501 0.0000 0.00 0.00 1.00 0 130 232 96 1 0 0 0 0 040619 164817.955
33.3589 -14.3894 0.0000 0.00 0.00 1.00 0 192 226 96 1 0 0 0 0 040619 164818.155
33.5615 -14.3924 0.0000 0.00 0.00 1.00 0 156 234 96 1 0 0 0 0 040619 164818.355
33.7689 -14.4081 0.0000 0.00 0.00 1.00 0 206 226 96 1 0 0 0 0 040619 164818.556
33.7689 -14.4081 0.0000 0.00 0.00 1.00 0 206 226 96 1 0 0 0 0 040619 164818.756
33.9777 -14.4220 0.0000 0.00 0.00 1.00 0 153 227 96 1 0 0 0 0 040619 164818.956
34.1822 -14.4228 0.0000 0.00 0.00 1.00 0 101 235 96 1 0 0 0 0 040619 164819.157
34.4016 -14.4344 0.0000 0.00 0.00 1.00 0 10 227 96 1 0 0 0 0 040619 164819.357
34.6031 -14.4257 0.0000 0.00 0.00 1.00 0 106 233 96 1 0 0 0 0 040619 164819.557
34.8049 -14.4265 0.0000 0.00 0.00 1.00 0 149 227 96 1 0 0 0 0 040619 164819.757
35.2075 -14.4115 0.0000 0.00 0.00 1.00 0 121 232 96 1 0 0 0 0 040619 164819.958
35.4023 -14.3998 0.0000 0.00 0.00 1.00 0 44 235 96 1 0 0 0 0 040619 164820.158
35.4023 -14.3998 0.0000 0.00 0.00 1.00 0 44 235 96 1 0 0 0 0 040619 164820.359
35.7934 -14.3825 0.0000 0.00 0.00 1.00 0 53 233 96 1 0 0 0 0 040619 164820.559
35.7934 -14.3825 0.0000 0.00 0.00 1.00 0 53 233 96 1 0 0 0 0 040619 164820.759
35.9927 -14.3770 0.0000 0.00 0.00 1.00 0 225 225 96 1 0 0 0 0 040619 164820.960
36.1882 -14.3479 0.0000 0.00 0.00 1.00 0 71 240 96 1 0 0 0 0 040619 164821.162
36.5858 -14.3291 0.0000 0.00 0.00 1.00 0 114 224 96 1 0 0 0 0 040619 164821.362
36.7756 -14.3086 0.0000 0.00 0.00 1.00 0 167 228 96 1 0 0 0 0 040619 164821.562
36.7756 -14.3086 0.0000 0.00 0.00 1.00 0 167 228 96 1 0 0 0 0 040619 164821.763
36.9718 -14.2758 0.0000 0.00 0.00 1.00 0 127 233 96 1 0 0 0 0 040619 164821.963
37.1723 -14.2578 0.0000 0.00 0.00 1.00 0 23 224 96 1 0 0 0 0 040619 164822.163
37.5456 -14.1944 0.0000 0.00 0.00 1.00 0 102 235 96 1 0 0 0 0 040619 164822.363
37.7127 -14.1619 0.0000 0.00 0.00 1.00 0 227 235 96 1 0 0 0 0 040619 164822.564
37.8788 -14.1360 0.0000 0.00 0.00 1.00 0 60 232 96 1 0 0 0 0 040619 164822.764
37.8788 -14.1360 0.0000 0.00 0.00 1.00 0 60 232 96 1 0 0 0 0 040619 164822.964
38.0196 -14.1056 0.0000 0.00 0.00 1.00 0 92 237 96 1 0 0 0 0 040619 164823.164
38.3018 -14.0509 0.0000 0.00 0.00 1.00 0 186 228 96 1 0 0 0 0 040619 164823.364
38.4235 -14.0258 0.0000 0.00 0.00 1.00 0 195 230 96 1 0 0 0 0 040619 164823.565
38.5293 -13.9949 0.0000 0.00 0.00 1.00 0 111 236 96 1 0 0 0 0 040619 164823.765
38.5293 -13.9949 0.0000 0.00 0.00 1.00 0 111 236 96 1 0 0 0 0 040619 164823.965
38.7067 -13.9673 0.0000 0.00 0.00 1.00 0 5 225 96 1 0 0 0 0 040619 164824.165
38.7742 -13.9500 0.0000 0.00 0.00 1.00 0 29 233 96 1 0 0 0 0 040619 164824.365
38.8298 -13.9382 0.0000 0.00 0.00 1.00 0 138 231 96 1 0 0 0 0 040619 164824.566
38.8658 -13.9341 0.0000 0.00 0.00 1.00 0 112 229 96 1 0 0 0 0 040619 164824.766
38.8658 -13.9341 0.0000 0.00 0.00 1.00 0 112 229 96 1 0 0 0 0 040619 164824.966
38.9072 -13.9226 0.0000 0.00 0.00 1.00 0 18 233 96 1 0 0 0 0 040619 164825.166
38.9059 -13.9218 0.0000 0.00 0.00 1.00 0 96 232 96 1 0 0 0 0 040619 164825.367
38.9059 -13.9218 0.0000 0.00 0.00 1.00 0 96 232 96 1 0 0 0 0 040619 164825.567
38.9038 -13.9224 0.0000 0.00 0.00 1.00 0 187 231 96 1 0 0 0 0 040619 164825.767
38.9023 -13.9220 0.0000 0.00 0.00 1.00 0 57 232 96 1 0 0 0 0 040619 164825.967
38.9003 -13.9211 0.0000 0.00 0.00 1.00 0 161 232 96 1 0 0 0 0 040619 164826.167
38.9003 -13.9224 0.0000 0.00 0.00 1.00 0 18 231 96 1 0 0 0 0 040619 164826.368
38.8951 -13.9213 0.0000 0.00 0.00 1.00 0 49 233 96 1 0 0 0 0 040619 164826.568
38.8951 -13.9213 0.0000 0.00 0.00 1.00 0 49 233 96 1 0 0 0 0 040619 164826.768
38.9000 -13.9228 0.0000 0.00 0.00 1.00 0 83 230 96 1 0 0 0 0 040619 164826.968
38.9023 -13.9176 0.0000 0.00 0.00 1.00 0 166 234 96 1 0 0 0 0 040619 164827.168
38.8978 -13.9213 0.0000 0.00 0.00 1.00 0 80 230 96 1 0 0 0 0 040619 164827.369
38.8994 -13.9180 0.0000 0.00 0.00 1.00 0 173 233 96 1 0 0 0 0 040619 164827.570
38.8972 -13.9267 0.0000 0.00 0.00 1.00 0 253 226 96 1 0 0 0 0 040619 164827.770
38.8972 -13.9211 0.0000 0.00 0.00 1.00 0 16 235 96 1 0 0 0 0 040619 164827.971
38.8984 -13.9274 0.0000 0.00 0.00 1.00 0 227 227 96 1 0 0 0 0 040619 164828.171
38.8984 -13.9274 0.0000 0.00 0.00 1.00 0 227 227 96 1 0 0 0 0 040619 164828.371
38.8980 -13.9215 0.0000 0.00 0.00 1.00 0 81 235 96 1 0 0 0 0 040619 164828.572
38.8983 -13.9233 0.0000 0.00 0.00 1.00 0 178 230 96 1 0 0 0 0 040619 164828.772
38.9005 -13.9198 0.0000 0.00 0.00 1.00 0 161 233 96 1 0 0 0 0 040619 164828.972
38.8976 -13.9202 0.0000 0.00 0.00 1.00 0 15 232 96 1 0 0 0 0 040619 164829.172
38.8960 -13.9244 0.0000 0.00 0.00 1.00 0 137 229 96 1 0 0 0 0 040619 164829.372
38.8981 -13.9224 0.0000 0.00 0.00 1.00 0 187 232 96 1 0 0 0 0 040619 164829.573
38.8919 -13.9244 0.0000 0.00 0.00 1.00 0 109 231 96 1 0 0 0 0 040619 164829.773
38.8919 -13.9244 0.0000 0.00 0.00 1.00 0 109 231 96 1 0 0 0 0 040619 164829.973
38.9003 -13.9278 0.0000 0.00 0.00 1.00 0 165 228 96 1 0 0 0 0 040619 164830.173
38.8949 -13.9228 0.0000 0.00 0.00 1.00 0 6 231 96 1 0 0 0 0 040619 164830.374
38.8994 -13.9256 0.0000 0.00 0.00 1.00 0 142 229 96 1 0 0 0 0 040619 164830.574
38.8994 -13.9256 0.0000 0.00 0.00 1.00 0 142 229 96 1 0 0 0 0 040619 164830.774
38.8946 -13.9248 0.0000 0.00 0.00 1.00 0 206 232 96 1 0 0 0 0 040619 164830.975
38.8946 -13.9194 0.0000 0.00 0.00 1.00 0 8 235 96 1 0 0 0 0 040619 164831.175
38.8957 -13.9224 0.0000 0.00 0.00 1.00 0 2 230 96 1 0 0 0 0 040619 164831.375
38.8989 -13.9237 0.0000 0.00 0.00 1.00 0 161 230 96 1 0 0 0 0 040619 164831.575
38.8959 -13.9302 0.0000 0.00 0.00 1.00 0 64 228 96 1 0 0 0 0 040619 164831.775
38.8952 -13.9200 0.0000 0.00 0.00 1.00 0 217 237 96 1 0 0 0 0 040619 164831.976
38.8959 -13.9218 0.0000 0.00 0.00 1.00 0 185 230 96 1 0 0 0 0 040619 164832.176
38.8922 -13.9254 0.0000 0.00 0.00 1.00 0 57 230 96 1 0 0 0 0 040619 164832.376
38.8922 -13.9254 0.0000 0.00 0.00 1.00 0 57 230 96 1 0 0 0 0 040619 164832.576
38.8959 -13.9222 0.0000 0.00 0.00 1.00 0 48 233 96 1 0 0 0 0 040619 164832.777
38.8975 -13.9254 0.0000 0.00 0.00 1.00 0 186 229 96 1 0 0 0 0 040619 164832.977
38.8917 -13.9231 0.0000 0.00 0.00 1.00 0 218 233 96 1 0 0 0 0 040619 164833.177
38.8976 -13.9200 0.0000 0.00 0.00 1.00 0 248 232 96 1 0 0 0 0 040619 164833.377
38.8930 -13.9159 0.0000 0.00 0.00 1.00 0 2 235 96 1 0 0 0 0 040619 164833.577
38.8959 -13.9220 0.0000 0.00 0.00 1.00 0 255 227 96 1 0 0 0 0 040619 164833.778
38.8959 -13.9220 0.0000 0.00 0.00 1.00 0 255 227 96 1 0 0 0 0 040619 164833.978
38.8968 -13.9545 0.0000 0.00 0.00 1.00 0 15 212 96 1 0 0 0 0 040619 164834.178
38.8968 -13.9545 0.0000 0.00 0.00 1.00 0 15 212 96 1 0 0 0 0 040619 164834.378
38.8968 -13.9545 0.0000 0.00 0.00 1.00 0 15 212 96 1 0 0 0 0 040619 164834.579
38.8968 -13.9545 0.0000 0.00 0.00 1.00 0 15 212 96 1 0 0 0 0 040619 164834.779
38.8968 -13.9545 0.0000 0.00 0.00 1.00 0 15 212 96 1 0 0 0 0 040619 164834.979
40.4168 -13.9108 0.0000 0.00 0.00 1.00 0 83 219 96 1 0 0 0 0 040619 164835.179
40.4160 -13.9109 0.0000 0.00 0.00 1.00 0 63 218 96 1 0 0 0 0 040619 164835.379
40.4192 -13.9257 0.0000 0.00 0.00 1.00 0 6 210 96 1 0 0 0 0 040619 164835.580
40.4656 -14.0153 0.0000 0.00 0.00 1.00 0 61 200 96 1 0 0 0 0 040619 164835.780
40.4630 -14.0185 0.0000 0.00 0.00 1.00 0 188 213 96 1 0 0 0 0 040619 164835.980
40.4622 -14.0233 0.0000 0.00 0.00 1.00 0 235 213 96 1 0 0 0 0 040619 164836.180
40.4622 -14.0216 0.0000 0.00 0.00 1.00 0 4 214 96 1 0 0 0 0 040619 164836.380
40.4381 -14.0137 0.0000 0.00 0.00 1.00 0 131 212 96 1 0 0 0 0 040619 164836.581
40.4395 -14.0137 0.0000 0.00 0.00 1.00 0 45 214 96 1 0 0 0 0 040619 164836.781
40.4396 -14.0111 0.0000 0.00 0.00 1.00 0 89 214 96 1 0 0 0 0 040619 164836.981
40.4287 -14.0055 0.0000 0.00 0.00 1.00 0 236 219 96 1 0 0 0 0 040619 164837.181
40.4248 -14.0033 0.0000 0.00 0.00 1.00 0 79 214 96 1 0 0 0 0 040619 164837.381
40.3998 -13.9999 0.0000 0.00 0.00 1.00 0 73 218 96 1 0 0 0 0 040619 164837.582
40.3929 -14.0260 0.0000 0.00 0.00 1.00 0 255 207 96 1 0 0 0 0 040619 164837.782
40.3915 -14.0363 0.0000 0.00 0.00 1.00 0 31 211 96 1 0 0 0 0 040619 164837.982
40.3903 -14.0375 0.0000 0.00 0.00 1.00 0 9 215 96 1 0 0 0 0 040619 164838.182
40.3814 -14.0318 0.0000 0.00 0.00 1.00 0 159 214 96 1 0 0 0 0 040619 164838.383
40.3837 -14.0309 0.0000 0.00 0.00 1.00 0 66 213 96 1 0 0 0 0 040619 164838.583
40.3895 -14.0384 0.0000 0.00 0.00 1.00 0 16 213 96 1 0 0 0 0 040619 164838.783
40.3879 -14.0371 0.0000 0.00 0.00 1.00 0 56 215 96 1 0 0 0 0 040619 164838.983
40.3885 -14.0372 0.0000 0.00 0.00 1.00 0 26 214 96 1 0 0 0 0 040619 164839.184
40.3829 -14.0581 0.0000 0.00 0.00 1.00 0 241 209 96 1 0 0 0 0 040619 164839.384
40.4100 -14.0772 0.0000 0.00 0.00 1.00 0 90 212 96 1 0 0 0 0 040619 164839.584
40.4136 -14.0772 0.0000 0.00 0.00 1.00 0 40 211 96 1 0 0 0 0 040619 164839.784
40.4117 -14.0760 0.0000 0.00 0.00 1.00 0 185 215 96 1 0 0 0 0 040619 164839.984
40.4108 -14.0720 0.0000 0.00 0.00 1.00 0 190 213 96 1 0 0 0 0 040619 164840.186
40.4080 -14.0703 0.0000 0.00 0.00 1.00 0 254 212 96 1 0 0 0 0 040619 164840.387
40.4168 -14.0775 0.0000 0.00 0.00 1.00 0 118 206 96 1 0 0 0 0 040619 164840.589
40.4125 -14.0745 0.0000 0.00 0.00 1.00 0 235 212 96 1 0 0 0 0 040619 164840.791
40.4199 -14.0709 0.0000 0.00 0.00 1.00 0 135 212 96 1 0 0 0 0 040619 164840.991
40.4092 -14.0497 0.0000 0.00 0.00 1.00 0 195 227 96 1 0 0 0 0 040619 164841.191
40.4031 -14.0500 0.0000 0.00 0.00 1.00 0 105 214 96 1 0 0 0 0 040619 164841.391
40.4076 -14.0320 0.0000 0.00 0.00 1.00 0 143 223 96 1 0 0 0 0 040619 164841.591
40.4061 -14.0304 0.0000 0.00 0.00 1.00 0 64 215 96 1 0 0 0 0 040619 164841.792
40.4060 -14.0304 0.0000 0.00 0.00 1.00 0 94 214 96 1 0 0 0 0 040619 164841.992
40.4109 -14.0280 0.0000 0.00 0.00 1.00 0 133 214 96 1 0 0 0 0 040619 164842.192
40.4156 -14.0228 0.0000 0.00 0.00 1.00 0 144 215 96 1 0 0 0 0 040619 164842.393
40.4401 -14.0028 0.0000 0.00 0.00 1.00 0 252 212 96 1 0 0 0 0 040619 164842.593
40.4423 -14.0025 0.0000 0.00 0.00 1.00 0 12 214 96 1 0 0 0 0 040619 164842.793
40.4424 -14.0024 0.0000 0.00 0.00 1.00 0 178 214 96 1 0 0 0 0 040619 164842.993
40.4489 -14.0050 0.0000 0.00 0.00 1.00 0 15 214 96 1 0 0 0 0 040619 164843.193
40.4495 -14.0048 0.0000 0.00 0.00 1.00 0 3 215 96 1 0 0 0 0 040619 164843.394
40.4496 -14.0039 0.0000 0.00 0.00 1.00 0 244 214 96 1 0 0 0 0 040619 164843.594
40.4499 -14.0012 0.0000 0.00 0.00 1.00 0 214 215 96 1 0 0 0 0 040619 164843.794
40.4541 -13.9993 0.0000 0.00 0.00 1.00 0 48 216 96 1 0 0 0 0 040619 164843.994
40.4600 -13.9992 0.0000 0.00 0.00 1.00 0 216 212 96 1 0 0 0 0 040619 164844.195
40.4585 -13.9988 0.0000 0.00 0.00 1.00 0 119 214 96 1 0 0 0 0 040619 164844.396
40.4595 -13.9940 0.0000 0.00 0.00 1.00 0 202 214 96 1 0 0 0 0 040619 164844.598
40.5368 -14.0047 0.0000 0.00 0.00 1.00 0 207 192 96 1 0 0 0 0 040619 164844.798
40.8679 -13.9913 0.0000 0.00 0.00 1.00 0 210 240 96 1 0 0 0 0 040619 164845.002
41.0161 -13.8353 0.0000 0.00 0.00 1.00 0 23 228 96 1 0 0 0 0 040619 164845.222
41.2306 -13.6605 0.0000 0.00 0.00 1.00 0 50 246 96 1 0 0 0 0 040619 164845.422
41.6562 -13.4728 0.0000 0.00 0.00 1.00 0 32 220 96 1 0 0 0 0 040619 164845.622
43.0438 -15.2063 0.0000 0.00 0.00 1.00 0 0 128 96 1 0 0 0 0 040619 164845.822
43.0438 -15.2063 0.0000 0.00 0.00 1.00 0 233 140 96 1 0 0 0 0 040619 164846.023
43.0438 -15.2063 0.0000 0.00 0.00 1.00 0 233 140 96 1 0 0 0 0 040619 164846.223
43.0438 -15.2063 0.0000 0.00 0.00 1.00 0 233 140 96 1 0 0 0 0 040619 164846.423
43.0438 -15.2063 0.0000 0.00 0.00 1.00 0 233 140 96 1 0 0 0 0 040619 164846.623
43.0438 -15.2063 0.0000 0.00 0.00 1.00 0 233 140 96 1 0 0 0 0 040619 164846.823
43.0438 -15.2063 0.0000 0.00 0.00 1.00 0 233 140 96 1 0 0 0 0 040619 164847.026
43.0438 -15.2063 0.0000 0.00 0.00 1.00 0 233 140 96 1 0 0 0 0 040619 164847.227
43.0438 -15.2063 0.0000 0.00 0.00 1.00 0 233 140 96 1 0 0 0 0 040619 164847.427
43.0438 -15.2063 0.0000 0.00 0.00 1.00 0 233 140 96 1 0 0 0 0 040619 164847.627
43.0438 -15.2063 0.0000 0.00 0.00 1.00 0 233 140 96 1 0 0 0 0 040619 164847.827
43.0438 -15.2063 0.0000 0.00 0.00 1.00 0 233 140 96 1 0 0 0 0 040619 164848.027
43.0438 -15.2063 0.0000 0.00 0.00 1.00 0 233 140 96 1 0 0 0 0 040619 164848.228
43.0438 -15.2063 0.0000 0.00 0.00 1.00 0 233 140 96 1 0 0 0 0 040619 164848.428
43.0438 -15.2063 0.0000 0.00 0.00 1.00 0 233 140 96 1 0 0 0 0 040619 164848.628
43.0438 -15.2063 0.0000 0.00 0.00 1.00 0 233 140 96 1 0 0 0 0 040619 164848.828
43.0438 -15.2063 0.0000 0.00 0.00 1.00 0 233 140 96 1 0 0 0 0 040619 164849.028
43.0438 -15.2063 0.0000 0.00 0.00 1.00 0 233 140 96 1 0 0 0 0 040619 164849.229
43.0438 -15.2063 0.0000 0.00 0.00 1.00 0 233 140 96 1 0 0 0 0 040619 164849.429
43.0438 -15.2063 0.0000 0.00 0.00 1.00 0 233 140 96 1 0 0 0 0 040619 164849.630
43.0438 -15.2063 0.0000 0.00 0.00 1.00 0 233 140 96 1 0 0 0 0 040619 164849.830
43.0438 -15.2063 0.0000 0.00 0.00 1.00 0 233 140 96 1 0 0 0 0 040619 164850.031
43.0438 -15.2063 0.0000 0.00 0.00 1.00 0 233 140 96 1 0 0 0 0 040619 164850.231
43.0438 -15.2063 0.0000 0.00 0.00 1.00 0 233 140 96 1 0 0 0 0 040619 164850.431
43.0438 -15.2063 0.0000 0.00 0.00 1.00 0 233 140 96 1 0 0 0 0 040619 164850.631
43.0438 -15.2063 0.0000 0.00 0.00 1.00 0 233 140 96 1 0 0 0 0 040619 164850.832
43.0438 -15.2063 0.0000 0.00 0.00 1.00 0 233 140 96 1 0 0 0 0 040619 164851.032
43.0438 -15.2063 0.0000 0.00 0.00 1.00 0 233 140 96 1 0 0 0 0 040619 164851.232
43.0438 -15.2063 0.0000 0.00 0.00 1.00 0 233 140 96 1 0 0 0 0 040619 164851.434
43.0438 -15.2063 0.0000 0.00 0.00 1.00 0 233 140 96 1 0 0 0 0 040619 164851.635
43.0438 -15.2063 0.0000 0.00 0.00 1.00 0 233 140 96 1 0 0 0 0 040619 164851.835
43.0438 -15.2063 0.0000 0.00 0.00 1.00 0 233 140 96 1 0 0 0 0 040619 164852.036
43.0438 -15.2063 0.0000 0.00 0.00 1.00 0 0 0 127 0 0 0 0 0 040619 164852.236
43.0438 -15.2063 0.0000 0.00 0.00 1.00 0 0 0 127 0 0 0 0 0 040619 164852.436
43.0438 -15.2063 0.0000 0.00 0.00 1.00 0 233 140 96 1 0 0 0 0 040619 164852.636
43.0438 -15.2063 0.0000 0.00 0.00 1.00 0 0 0 127 0 0 0 0 0 040619 164852.837
43.0438 -15.2063 0.0000 0.00 0.00 1.00 0 233 140 96 1 0 0 0 0 040619 164853.037
43.0438 -15.2063 0.0000 0.00 0.00 1.00 0 233 140 96 1 0 0 0 0 040619 164853.237
43.0438 -15.2063 0.0000 0.00 0.00 1.00 0 233 140 96 1 0 0 0 0 040619 164853.437
43.0438 -15.2063 0.0000 0.00 0.00 1.00 0 233 140 96 1 0 0 0 0 040619 164853.638
43.0438 -15.2063 0.0000 0.00 0.00 1.00 0 233 140 96 1 0 0 0 0 040619 164853.844
43.0438 -15.2063 0.0000 0.00 0.00 1.00 0 233 140 96 1 0 0 0 0 040619 164854.044
43.0438 -15.2063 0.0000 0.00 0.00 1.00 0 233 140 96 1 0 0 0 0 040619 164854.244
43.0438 -15.2063 0.0000 0.00 0.00 1.00 0 233 140 96 1 0 0 0 0 040619 164854.445
43.0438 -15.2063 0.0000 0.00 0.00 1.00 0 0 0 127 0 0 0 0 0 040619 164854.647
43.0438 -15.2063 0.0000 0.00 0.00 1.00 0 233 140 96 1 0 0 0 0 040619 164854.848
43.0438 -15.2063 0.0000 0.00 0.00 1.00 0 0 0 127 0 0 0 0 0 040619 164855.048
43.0438 -15.2063 0.0000 0.00 0.00 1.00 0 233 140 96 1 0 0 0 0 040619 164855.248
43.0438 -15.2063 0.0000 0.00 0.00 1.00 0 0 0 127 0 0 0 0 0 040619 164855.448
43.0438 -15.2063 0.0000 0.00 0.00 1.00 0 233 140 96 1 0 0 0 0 040619 164855.649
43.0438 -15.2063 0.0000 0.00 0.00 1.00 0 0 0 127 0 0 0 0 0 040619 164855.849
43.0438 -15.2063 0.0000 0.00 0.00 1.00 0 233 140 96 1 0 0 0 0 040619 164856.049
43.0438 -15.2063 0.0000 0.00 0.00 1.00 0 233 140 96 1 0 0 0 0 040619 164856.249
43.0438 -15.2063 0.0000 0.00 0.00 1.00 0 233 140 96 1 0 0 0 0 040619 164856.449
43.0438 -15.2063 0.0000 0.00 0.00 1.00 0 233 140 96 1 0 0 0 0 040619 164856.650
43.0438 -15.2063 0.0000 0.00 0.00 1.00 0 233 140 96 1 0 0 0 0 040619 164856.850
43.0438 -15.2063 0.0000 0.00 0.00 1.00 0 233 140 96 1 0 0 0 0 040619 164857.050
43.0438 -15.2063 0.0000 0.00 0.00 1.00 0 233 140 96 1 0 0 0 0 040619 164857.250
43.0438 -15.2063 0.0000 0.00 0.00 1.00 0 233 140 96 1 0 0 0 0 040619 164857.451
43.0438 -15.2063 0.0000 0.00 0.00 1.00 0 233 140 96 1 0 0 0 0 040619 164857.651
43.0438 -15.2063 0.0000 0.00 0.00 1.00 0 233 140 96 1 0 0 0 0 040619 164857.851
43.0438 -15.2063 0.0000 0.00 0.00 1.00 0 233 140 96 1 0 0 0 0 040619 164858.051
43.0438 -15.2063 0.0000 0.00 0.00 1.00 0 233 140 96 1 0 0 0 0 040619 164858.251
43.0438 -15.2063 0.0000 0.00 0.00 1.00 0 233 140 96 1 0 0 0 0 040619 164858.452
43.0438 -15.2063 0.0000 0.00 0.00 1.00 0 233 140 96 1 0 0 0 0 040619 164858.652
43.0438 -15.2063 0.0000 0.00 0.00 1.00 0 233 140 96 1 0 0 0 0 040619 164858.852
43.0438 -15.2063 0.0000 0.00 0.00 1.00 0 233 140 96 1 0 0 0 0 040619 164859.052
43.0438 -15.2063 0.0000 0.00 0.00 1.00 0 233 140 96 1 0 0 0 0 040619 164859.252
43.0438 -15.2063 0.0000 0.00 0.00 1.00 0 233 140 96 1 0 0 0 0 040619 164859.453
43.0438 -15.2063 0.0000 0.00 0.00 1.00 0 233 140 96 1 0 0 0 0 040619 164859.653
43.0438 -15.2063 0.0000 0.00 0.00 1.00 0 233 140 96 1 0 0 0 0 040619 164859.853
43.0438 -15.2063 0.0000 0.00 0.00 1.00 0 233 140 96 1 0 0 0 0 040619 164900.053
43.0438 -15.2063 0.0000 0.00 0.00 1.00 0 233 140 96 1 0 0 0 0 040619 164900.254
43.0438 -15.2063 0.0000 0.00 0.00 1.00 0 233 140 96 1 0 0 0 0 040619 164900.454
43.0438 -15.2063 0.0000 0.00 0.00 1.00 0 233 140 96 1 0 0 0 0 040619 164900.654
43.0438 -15.2063 0.0000 0.00 0.00 1.00 0 233 140 96 1 0 0 0 0 040619 164900.854
43.0438 -15.2063 0.0000 0.00 0.00 1.00 0 233 140 96 1 0 0 0 0 040619 164901.054
43.0438 -15.2063 0.0000 0.00 0.00 1.00 0 233 140 96 1 0 0 0 0 040619 164901.255
43.0438 -15.2063 0.0000 0.00 0.00 1.00 0 233 140 96 1 0 0 0 0 040619 164901.455
43.0438 -15.2063 0.0000 0.00 0.00 1.00 0 233 140 96 1 0 0 0 0 040619 164901.655
43.0438 -15.2063 0.0000 0.00 0.00 1.00 0 233 140 96 1 0 0 0 0 040619 164901.855
43.0438 -15.2063 0.0000 0.00 0.00 1.00 0 233 140 96 1 0 0 0 0 040619 164902.055
43.0438 -15.2063 0.0000 0.00 0.00 1.00 0 233 140 96 1 0 0 0 0 040619 164902.256
43.0438 -15.2063 0.0000 0.00 0.00 1.00 0 233 140 96 1 0 0 0 0 040619 164902.456
43.0438 -15.2063 0.0000 0.00 0.00 1.00 0 233 140 96 1 0 0 0 0 040619 164902.656
43.0438 -15.2063 0.0000 0.00 0.00 1.00 0 233 140 96 1 0 0 0 0 040619 164902.856
43.0438 -15.2063 0.0000 0.00 0.00 1.00 0 233 140 96 1 0 0 0 0 040619 164903.056
43.0438 -15.2063 0.0000 0.00 0.00 1.00 0 233 140 96 1 0 0 0 0 040619 164903.257
43.0438 -15.2063 0.0000 0.00 0.00 1.00 0 233 140 96 1 0 0 0 0 040619 164903.457
43.0438 -15.2063 0.0000 0.00 0.00 1.00 0 233 140 96 1 0 0 0 0 040619 164903.657
43.0438 -15.2063 0.0000 0.00 0.00 1.00 0 233 140 96 1 0 0 0 0 040619 164903.857
43.0438 -15.2063 0.0000 0.00 0.00 1.00 0 233 140 96 1 0 0 0 0 040619 164904.057
43.0438 -15.2063 0.0000 0.00 0.00 1.00 0 0 0 127 0 0 0 0 0 040619 164904.258
43.0438 -15.2063 0.0000 0.00 0.00 1.00 0 0 0 127 0 0 0 0 0 040619 164904.458
43.0438 -15.2063 0.0000 0.00 0.00 1.00 0 0 0 127 0 0 0 0 0 040619 164904.658
43.0438 -15.2063 0.0000 0.00 0.00 1.00 0 0 0 127 0 0 0 0 0 040619 164904.858
43.0438 -15.2063 0.0000 0.00 0.00 1.00 0 0 0 127 0 0 0 0 0 040619 164905.059
43.0438 -15.2063 0.0000 0.00 0.00 1.00 0 0 0 127 0 0 0 0 0 040619 164905.259
43.0438 -15.2063 0.0000 0.00 0.00 1.00 0 0 0 127 0 0 0 0 0 040619 164905.459
43.0438 -15.2063 0.0000 0.00 0.00 1.00 0 0 0 127 0 0 0 0 0 040619 164905.659
43.0438 -15.2063 0.0000 0.00 0.00 1.00 0 0 0 127 0 0 0 0 0 040619 164905.860
43.0438 -15.2063 0.0000 0.00 0.00 1.00 0 0 0 127 0 0 0 0 0 040619 164906.060
43.0438 -15.2063 0.0000 0.00 0.00 1.00 0 233 140 96 1 0 0 0 0 040619 164906.260
43.0438 -15.2063 0.0000 0.00 0.00 1.00 0 0 0 127 0 0 0 0 0 040619 164906.460
43.0438 -15.2063 0.0000 0.00 0.00 1.00 0 233 140 96 1 0 0 0 0 040619 164906.660
43.0438 -15.2063 0.0000 0.00 0.00 1.00 0 0 0 127 0 0 0 0 0 040619 164906.861
43.0438 -15.2063 0.0000 0.00 0.00 1.00 0 233 140 96 1 0 0 0 0 040619 164907.061
43.0438 -15.2063 0.0000 0.00 0.00 1.00 0 233 140 96 1 0 0 0 0 040619 164907.261
43.0438 -15.2063 0.0000 0.00 0.00 1.00 0 233 140 96 1 0 0 0 0 040619 164907.462
43.0438 -15.2063 0.0000 0.00 0.00 1.00 0 233 140 96 1 0 0 0 0 040619 164907.662
43.0438 -15.2063 0.0000 0.00 0.00 1.00 0 233 140 96 1 0 0 0 0 040619 164907.862
43.0438 -15.2063 0.0000 0.00 0.00 1.00 0 233 140 96 1 0 0 0 0 040619 164908.062
43.0438 -15.2063 0.0000 0.00 0.00 1.00 0 233 140 96 1 0 0 0 0 040619 164908.262
43.0438 -15.2063 0.0000 0.00 0.00 1.00 0 233 140 96 1 0 0 0 0 040619 164908.463
43.0438 -15.2063 0.0000 0.00 0.00 1.00 0 233 140 96 1 0 0 0 0 040619 164908.663
43.0438 -15.2063 0.0000 0.00 0.00 1.00 0 233 140 96 1 0 0 0 0 040619 164908.864
43.0438 -15.2063 0.0000 0.00 0.00 1.00 0 233 140 96 1 0 0 0 0 040619 164909.064
43.0438 -15.2063 0.0000 0.00 0.00 1.00 0 0 0 127 0 0 0 0 0 040619 164909.264
43.0438 -15.2063 0.0000 0.00 0.00 1.00 0 0 0 127 0 0 0 0 0 040619 164909.464
43.0438 -15.2063 0.0000 0.00 0.00 1.00 0 0 0 127 0 0 0 0 0 040619 164909.665
43.0438 -15.2063 0.0000 0.00 0.00 1.00 0 233 140 96 1 0 0 0 0 040619 164909.865
43.0438 -15.2063 0.0000 0.00 0.00 1.00 0 233 140 96 1 0 0 0 0 040619 164910.065
43.0438 -15.2063 0.0000 0.00 0.00 1.00 0 0 0 127 0 0 0 0 0 040619 164910.265
43.0438 -15.2063 0.0000 0.00 0.00 1.00 0 233 140 96 1 0 0 0 0 040619 164910.465
43.0438 -15.2063 0.0000 0.00 0.00 1.00 0 233 140 96 1 0 0 0 0 040619 164910.666
43.0438 -15.2063 0.0000 0.00 0.00 1.00 0 233 140 96 1 0 0 0 0 040619 164910.866
43.0438 -15.2063 0.0000 0.00 0.00 1.00 0 233 140 96 1 0 0 0 0 040619 164911.066
43.0438 -15.2063 0.0000 0.00 0.00 1.00 0 233 140 96 1 0 0 0 0 040619 164911.266
43.0438 -15.2063 0.0000 0.00 0.00 1.00 0 233 140 96 1 0 0 0 0 040619 164911.466
43.0438 -15.2063 0.0000 0.00 0.00 1.00 0 233 140 96 1 0 0 0 0 040619 164911.667
43.0438 -15.2063 0.0000 0.00 0.00 1.00 0 233 140 96 1 0 0 0 0 040619 164911.867
43.0438 -15.2063 0.0000 0.00 0.00 1.00 0 233 140 96 1 0 0 0 0 040619 164912.067
43.0438 -15.2063 0.0000 0.00 0.00 1.00 0 233 140 96 1 0 0 0 0 040619 164912.267
43.0438 -15.2063 0.0000 0.00 0.00 1.00 0 233 140 96 1 0 0 0 0 040619 164912.468
43.0438 -15.2063 0.0000 0.00 0.00 1.00 0 233 140 96 1 0 0 0 0 040619 164912.668
43.0438 -15.2063 0.0000 0.00 0.00 1.00 0 233 140 96 1 0 0 0 0 040619 164912.868
43.0438 -15.2063 0.0000 0.00 0.00 1.00 0 233 140 96 1 0 0 0 0 040619 164913.068
43.0438 -15.2063 0.0000 0.00 0.00 1.00 0 233 140 96 1 0 0 0 0 040619 164913.269
43.0438 -15.2063 0.0000 0.00 0.00 1.00 0 233 140 96 1 0 0 0 0 040619 164913.469
43.0438 -15.2063 0.0000 0.00 0.00 1.00 0 233 140 96 1 0 0 0 0 040619 164913.669
43.0438 -15.2063 0.0000 0.00 0.00 1.00 0 233 140 96 1 0 0 0 0 040619 164913.869
43.0438 -15.2063 0.0000 0.00 0.00 1.00 0 233 140 96 1 0 0 0 0 040619 164914.070
43.0438 -15.2063 0.0000 0.00 0.00 1.00 0 233 140 96 1 0 0 0 0 040619 164914.270
43.0438 -15.2063 0.0000 0.00 0.00 1.00 0 233 140 96 1 0 0 0 0 040619 164914.470
43.0438 -15.2063 0.0000 0.00 0.00 1.00 0 233 140 96 1 0 0 0 0 040619 164914.670
43.0438 -15.2063 0.0000 0.00 0.00 1.00 0 233 140 96 1 0 0 0 0 040619 164914.870
43.0438 -15.2063 0.0000 0.00 0.00 1.00 0 233 140 96 1 0 0 0 0 040619 164915.071
43.0438 -15.2063 0.0000 0.00 0.00 1.00 0 233 140 96 1 0 0 0 0 040619 164915.271
43.0438 -15.2063 0.0000 0.00 0.00 1.00 0 233 140 96 1 0 0 0 0 040619 164915.471
43.0438 -15.2063 0.0000 0.00 0.00 1.00 0 233 140 96 1 0 0 0 0 040619 164915.671
43.0438 -15.2063 0.0000 0.00 0.00 1.00 0 233 140 96 1 0 0 0 0 040619 164915.871
43.0438 -15.2063 0.0000 0.00 0.00 1.00 0 233 140 96 1 0 0 0 0 040619 164916.072
43.0438 -15.2063 0.0000 0.00 0.00 1.00 0 233 140 96 1 0 0 0 0 040619 164916.272
43.0438 -15.2063 0.0000 0.00 0.00 1.00 0 233 140 96 1 0 0 0 0 040619 164916.472
43.0438 -15.2063 0.0000 0.00 0.00 1.00 0 233 140 96 1 0 0 0 0 040619 164916.672
43.0438 -15.2063 0.0000 0.00 0.00 1.00 0 233 140 96 1 0 0 0 0 040619 164916.873
43.0438 -15.2063 0.0000 0.00 0.00 1.00 0 233 140 96 1 0 0 0 0 040619 164917.073
43.0438 -15.2063 0.0000 0.00 0.00 1.00 0 233 140 96 1 0 0 0 0 040619 164917.273
43.0438 -15.2063 0.0000 0.00 0.00 1.00 0 233 140 96 1 0 0 0 0 040619 164917.473
43.0438 -15.2063 0.0000 0.00 0.00 1.00 0 233 140 96 1 0 0 0 0 040619 164917.673
43.0438 -15.2063 0.0000 0.00 0.00 1.00 0 233 140 96 1 0 0 0 0 040619 164917.874
43.0438 -15.2063 0.0000 0.00 0.00 1.00 0 233 140 96 1 0 0 0 0 040619 164918.074
43.0438 -15.2063 0.0000 0.00 0.00 1.00 0 233 140 96 1 0 0 0 0 040619 164918.274
43.0438 -15.2063 0.0000 0.00 0.00 1.00 0 233 140 96 1 0 0 0 0 040619 164918.474
43.0438 -15.2063 0.0000 0.00 0.00 1.00 0 233 140 96 1 0 0 0 0 040619 164918.674
43.0438 -15.2063 0.0000 0.00 0.00 1.00 0 233 140 96 1 0 0 0 0 040619 164918.875
43.0438 -15.2063 0.0000 0.00 0.00 1.00 0 233 140 96 1 0 0 0 0 040619 164919.076
43.0438 -15.2063 0.0000 0.00 0.00 1.00 0 233 140 96 1 0 0 0 0 040619 164919.276
43.0438 -15.2063 0.0000 0.00 0.00 1.00 0 233 140 96 1 0 0 0 0 040619 164919.477
43.0438 -15.2063 0.0000 0.00 0.00 1.00 0 233 140 96 1 0 0 0 0 040619 164919.677
43.0438 -15.2063 0.0000 0.00 0.00 1.00 0 233 140 96 1 0 0 0 0 040619 164919.877
43.0438 -15.2063 0.0000 0.00 0.00 1.00 0 233 140 96 1 0 0 0 0 040619 164920.077
43.0438 -15.2063 0.0000 0.00 0.00 1.00 0 233 140 96 1 0 0 0 0 040619 164920.277
43.0438 -15.2063 0.0000 0.00 0.00 1.00 0 233 140 96 1 0 0 0 0 040619 164920.478
43.0438 -15.2063 0.0000 0.00 0.00 1.00 0 233 140 96 1 0 0 0 0 040619 164920.678
43.0438 -15.2063 0.0000 0.00 0.00 1.00 0 233 140 96 1 0 0 0 0 040619 164920.878
43.0438 -15.2063 0.0000 0.00 0.00 1.00 0 233 140 96 1 0 0 0 0 040619 164921.078
43.0438 -15.2063 0.0000 0.00 0.00 1.00 0 233 140 96 1 0 0 0 0 040619 164921.279
43.0438 -15.2063 0.0000 0.00 0.00 1.00 0 233 140 96 1 0 0 0 0 040619 164921.479
43.0438 -15.2063 0.0000 0.00 0.00 1.00 0 233 140 96 1 0 0 0 0 040619 164921.679
43.0438 -15.2063 0.0000 0.00 0.00 1.00 0 233 140 96 1 0 0 0 0 040619 164921.879
43.0438 -15.2063 0.0000 0.00 0.00 1.00 0 233 140 96 1 0 0 0 0 040619 164922.080
43.0438 -15.2063 0.0000 0.00 0.00 1.00 0 233 140 96 1 0 0 0 0 040619 164922.282
43.0438 -15.2063 0.0000 0.00 0.00 1.00 0 233 140 96 1 0 0 0 0 040619 164922.482
43.0438 -15.2063 0.0000 0.00 0.00 1.00 0 233 140 96 1 0 0 0 0 040619 164922.682
43.0438 -15.2063 0.0000 0.00 0.00 1.00 0 233 140 96 1 0 0 0 0 040619 164922.883
43.0438 -15.2063 0.0000 0.00 0.00 1.00 0 233 140 96 1 0 0 0 0 040619 164923.083
43.0438 -15.2063 0.0000 0.00 0.00 1.00 0 233 140 96 1 0 0 0 0 040619 164923.284
43.0438 -15.2063 0.0000 0.00 0.00 1.00 0 233 140 96 1 0 0 0 0 040619 164923.484
43.0438 -15.2063 0.0000 0.00 0.00 1.00 0 233 140 96 1 0 0 0 0 040619 164923.684
43.0438 -15.2063 0.0000 0.00 0.00 1.00 0 233 140 96 1 0 0 0 0 040619 164923.885
43.0438 -15.2063 0.0000 0.00 0.00 1.00 0 233 140 96 1 0 0 0 0 040619 164924.085
43.0438 -15.2063 0.0000 0.00 0.00 1.00 0 233 140 96 1 0 0 0 0 040619 164924.285
43.0438 -15.2063 0.0000 0.00 0.00 1.00 0 233 140 96 1 0 0 0 0 040619 164924.486
43.0438 -15.2063 0.0000 0.00 0.00 1.00 0 233 140 96 1 0 0 0 0 040619 164924.686
43.0438 -15.2063 0.0000 0.00 0.00 1.00 0 233 140 96 1 0 0 0 0 040619 164924.886
43.0438 -15.2063 0.0000 0.00 0.00 1.00 0 233 140 96 1 0 0 0 0 040619 164925.086
43.0438 -15.2063 0.0000 0.00 0.00 1.00 0 233 140 96 1 0 0 0 0 040619 164925.286
43.0438 -15.2063 0.0000 0.00 0.00 1.00 0 233 140 96 1 0 0 0 0 040619 164925.487
43.0438 -15.2063 0.0000 0.00 0.00 1.00 0 233 140 96 1 0 0 0 0 040619 164925.687
43.0438 -15.2063 0.0000 0.00 0.00 1.00 0 233 140 96 1 0 0 0 0 040619 164925.887
43.0438 -15.2063 0.0000 0.00 0.00 1.00 0 233 140 96 1 0 0 0 0 040619 164926.087
43.0438 -15.2063 0.0000 0.00 0.00 1.00 0 233 140 96 1 0 0 0 0 040619 164926.287
43.0438 -15.2063 0.0000 0.00 0.00 1.00 0 233 140 96 1 0 0 0 0 040619 164926.488
43.0438 -15.2063 0.0000 0.00 0.00 1.00 0 233 140 96 1 0 0 0 0 040619 164926.688
43.0438 -15.2063 0.0000 0.00 0.00 1.00 0 233 140 96 1 0 0 0 0 040619 164926.888
43.0438 -15.2063 0.0000 0.00 0.00 1.00 0 233 140 96 1 0 0 0 0 040619 164927.088
43.0438 -15.2063 0.0000 0.00 0.00 1.00 0 233 140 96 1 0 0 0 0 040619 164927.288
43.0438 -15.2063 0.0000 0.00 0.00 1.00 0 233 140 96 1 0 0 0 0 040619 164927.489
43.0438 -15.2063 0.0000 0.00 0.00 1.00 0 233 140 96 1 0 0 0 0 040619 164927.689
43.0438 -15.2063 0.0000 0.00 0.00 1.00 0 233 140 96 1 0 0 0 0 040619 164927.889
43.0438 -15.2063 0.0000 0.00 0.00 1.00 0 233 140 96 1 0 0 0 0 040619 164928.089
43.0438 -15.2063 0.0000 0.00 0.00 1.00 0 233 140 96 1 0 0 0 0 040619 164928.290
43.0438 -15.2063 0.0000 0.00 0.00 1.00 0 233 140 96 1 0 0 0 0 040619 164928.490
43.0438 -15.2063 0.0000 0.00 0.00 1.00 0 233 140 96 1 0 0 0 0 040619 164928.690
43.0438 -15.2063 0.0000 0.00 0.00 1.00 0 233 140 96 1 0 0 0 0 040619 164928.890
43.0438 -15.2063 0.0000 0.00 0.00 1.00 0 233 140 96 1 0 0 0 0 040619 164929.090
43.0438 -15.2063 0.0000 0.00 0.00 1.00 0 233 140 96 1 0 0 0 0 040619 164929.291
43.0438 -15.2063 0.0000 0.00 0.00 1.00 0 233 140 96 1 0 0 0 0 040619 164929.491
43.0438 -15.2063 0.0000 0.00 0.00 1.00 0 233 140 96 1 0 0 0 0 040619 164929.691
43.0438 -15.2063 0.0000 0.00 0.00 1.00 0 233 140 96 1 0 0 0 0 040619 164929.891
43.0438 -15.2063 0.0000 0.00 0.00 1.00 0 233 140 96 1 0 0 0 0 040619 164930.092
43.0438 -15.2063 0.0000 0.00 0.00 1.00 0 233 140 96 1 0 0 0 0 040619 164930.292
43.0438 -15.2063 0.0000 0.00 0.00 1.00 0 233 140 96 1 0 0 0 0 040619 164930.492
43.0438 -15.2063 0.0000 0.00 0.00 1.00 0 233 140 96 1 0 0 0 0 040619 164930.692
43.0438 -15.2063 0.0000 0.00 0.00 1.00 0 233 140 96 1 0 0 0 0 040619 164930.892
43.0438 -15.2063 0.0000 0.00 0.00 1.00 0 233 140 96 1 0 0 0 0 040619 164931.093
43.0438 -15.2063 0.0000 0.00 0.00 1.00 0 233 140 96 1 0 0 0 0 040619 164931.293
43.0438 -15.2063 0.0000 0.00 0.00 1.00 0 233 140 96 1 0 0 0 0 040619 164931.493
43.0438 -15.2063 0.0000 0.00 0.00 1.00 0 233 140 96 1 0 0 0 0 040619 164931.693
43.0438 -15.2063 0.0000 0.00 0.00 1.00 0 233 140 96 1 0 0 0 0 040619 164931.894
43.0438 -15.2063 0.0000 0.00 0.00 1.00 0 233 140 96 1 0 0 0 0 040619 164932.094
43.0438 -15.2063 0.0000 0.00 0.00 1.00 0 233 140 96 1 0 0 0 0 040619 164932.294
43.0438 -15.2063 0.0000 0.00 0.00 1.00 0 233 140 96 1 0 0 0 0 040619 164932.494
43.0438 -15.2063 0.0000 0.00 0.00 1.00 0 233 140 96 1 0 0 0 0 040619 164932.694
43.0438 -15.2063 0.0000 0.00 0.00 1.00 0 233 140 96 1 0 0 0 0 040619 164932.895
43.0438 -15.2063 0.0000 0.00 0.00 1.00 0 233 140 96 1 0 0 0 0 040619 164933.095
43.0438 -15.2063 0.0000 0.00 0.00 1.00 0 233 140 96 1 0 0 0 0 040619 164933.295
43.0438 -15.2063 0.0000 0.00 0.00 1.00 0 233 140 96 1 0 0 0 0 040619 164933.495
43.0438 -15.2063 0.0000 0.00 0.00 1.00 0 233 140 96 1 0 0 0 0 040619 164933.696
43.0438 -15.2063 0.0000 0.00 0.00 1.00 0 233 140 96 1 0 0 0 0 040619 164933.896
43.0438 -15.2063 0.0000 0.00 0.00 1.00 0 233 140 96 1 0 0 0 0 040619 164934.096
43.0438 -15.2063 0.0000 0.00 0.00 1.00 0 233 140 96 1 0 0 0 0 040619 164934.296
43.0438 -15.2063 0.0000 0.00 0.00 1.00 0 233 140 96 1 0 0 0 0 040619 164934.496
43.0438 -15.2063 0.0000 0.00 0.00 1.00 0 233 140 96 1 0 0 0 0 040619 164934.697
43.0438 -15.2063 0.0000 0.00 0.00 1.00 0 233 140 96 1 0 0 0 0 040619 164934.897
43.0438 -15.2063 0.0000 0.00 0.00 1.00 0 233 140 96 1 0 0 0 0 040619 164935.097
43.0438 -15.2063 0.0000 0.00 0.00 1.00 0 233 140 96 1 0 0 0 0 040619 164935.297
43.0438 -15.2063 0.0000 0.00 0.00 1.00 0 233 140 96 1 0 0 0 0 040619 164935.498
43.0438 -15.2063 0.0000 0.00 0.00 1.00 0 233 140 96 1 0 0 0 0 040619 164935.698
43.0438 -15.2063 0.0000 0.00 0.00 1.00 0 233 140 96 1 0 0 0 0 040619 164935.899
43.0438 -15.2063 0.0000 0.00 0.00 1.00 0 233 140 96 1 0 0 0 0 040619 164936.099
43.0438 -15.2063 0.0000 0.00 0.00 1.00 0 233 140 96 1 0 0 0 0 040619 164936.299
43.0438 -15.2063 0.0000 0.00 0.00 1.00 0 233 140 96 1 0 0 0 0 040619 164936.499
43.0438 -15.2063 0.0000 0.00 0.00 1.00 0 233 140 96 1 0 0 0 0 040619 164936.699
43.0438 -15.2063 0.0000 0.00 0.00 1.00 0 233 140 96 1 0 0 0 0 040619 164936.900
43.0438 -15.2063 0.0000 0.00 0.00 1.00 0 233 140 96 1 0 0 0 0 040619 164937.100
43.0438 -15.2063 0.0000 0.00 0.00 1.00 0 233 140 96 1 0 0 0 0 040619 164937.300
43.0438 -15.2063 0.0000 0.00 0.00 1.00 0 233 140 96 1 0 0 0 0 040619 164937.501
43.0438 -15.2063 0.0000 0.00 0.00 1.00 0 233 140 96 1 0 0 0 0 040619 164937.701
43.0438 -15.2063 0.0000 0.00 0.00 1.00 0 233 140 96 1 0 0 0 0 040619 164937.901
43.0438 -15.2063 0.0000 0.00 0.00 1.00 0 233 140 96 1 0 0 0 0 040619 164938.101
43.0438 -15.2063 0.0000 0.00 0.00 1.00 0 233 140 96 1 0 0 0 0 040619 164938.302
43.0438 -15.2063 0.0000 0.00 0.00 1.00 0 233 140 96 1 0 0 0 0 040619 164938.502
43.0438 -15.2063 0.0000 0.00 0.00 1.00 0 233 140 96 1 0 0 0 0 040619 164938.702
43.0438 -15.2063 0.0000 0.00 0.00 1.00 0 233 140 96 1 0 0 0 0 040619 164938.902
43.0438 -15.2063 0.0000 0.00 0.00 1.00 0 233 140 96 1 0 0 0 0 040619 164939.103
43.0438 -15.2063 0.0000 0.00 0.00 1.00 0 233 140 96 1 0 0 0 0 040619 164939.303
43.0438 -15.2063 0.0000 0.00 0.00 1.00 0 233 140 96 1 0 0 0 0 040619 164939.503
43.0438 -15.2063 0.0000 0.00 0.00 1.00 0 233 140 96 1 0 0 0 0 040619 164939.704
43.0438 -15.2063 0.0000 0.00 0.00 1.00 0 233 140 96 1 0 0 0 0 040619 164939.904
43.0438 -15.2063 0.0000 0.00 0.00 1.00 0 233 140 96 1 0 0 0 0 040619 164940.105
43.0438 -15.2063 0.0000 0.00 0.00 1.00 0 233 140 96 1 0 0 0 0 040619 164940.305
43.0438 -15.2063 0.0000 0.00 0.00 1.00 0 233 140 96 1 0 0 0 0 040619 164940.505
43.0438 -15.2063 0.0000 0.00 0.00 1.00 0 233 140 96 1 0 0 0 0 040619 164940.705
43.0438 -15.2063 0.0000 0.00 0.00 1.00 0 233 140 96 1 0 0 0 0 040619 164940.906
43.0438 -15.2063 0.0000 0.00 0.00 1.00 0 233 140 96 1 0 0 0 0 040619 164941.106
43.0438 -15.2063 0.0000 0.00 0.00 1.00 0 233 140 96 1 0 0 0 0 040619 164941.306
43.0438 -15.2063 0.0000 0.00 0.00 1.00 0 233 140 96 1 0 0 0 0 040619 164941.506
43.0438 -15.2063 0.0000 0.00 0.00 1.00 0 233 140 96 1 0 0 0 0 040619 164941.707
43.0438 -15.2063 0.0000 0.00 0.00 1.00 0 233 140 96 1 0 0 0 0 040619 164941.907
43.0438 -15.2063 0.0000 0.00 0.00 1.00 0 233 140 96 1 0 0 0 0 040619 164942.107
43.0438 -15.2063 0.0000 0.00 0.00 1.00 0 233 140 96 1 0 0 0 0 040619 164942.307
43.0438 -15.2063 0.0000 0.00 0.00 1.00 0 233 140 96 1 0 0 0 0 040619 164942.507
43.0438 -15.2063 0.0000 0.00 0.00 1.00 0 233 140 96 1 0 0 0 0 040619 164942.708
43.0438 -15.2063 0.0000 0.00 0.00 1.00 0 233 140 96 1 0 0 0 0 040619 164942.908
43.0438 -15.2063 0.0000 0.00 0.00 1.00 0 233 140 96 1 0 0 0 0 040619 164943.108
43.0438 -15.2063 0.0000 0.00 0.00 1.00 0 233 140 96 1 0 0 0 0 040619 164943.308
43.0438 -15.2063 0.0000 0.00 0.00 1.00 0 233 140 96 1 0 0 0 0 040619 164943.508
43.0438 -15.2063 0.0000 0.00 0.00 1.00 0 233 140 96 1 0 0 0 0 040619 164943.709
43.0438 -15.2063 0.0000 0.00 0.00 1.00 0 233 140 96 1 0 0 0 0 040619 164943.909
43.0438 -15.2063 0.0000 0.00 0.00 1.00 0 233 140 96 1 0 0 0 0 040619 164944.109
43.0438 -15.2063 0.0000 0.00 0.00 1.00 0 233 140 96 1 0 0 0 0 040619 164944.309
43.0438 -15.2063 0.0000 0.00 0.00 1.00 0 233 140 96 1 0 0 0 0 040619 164944.509
43.0438 -15.2063 0.0000 0.00 0.00 1.00 0 233 140 96 1 0 0 0 0 040619 164944.710
43.0438 -15.2063 0.0000 0.00 0.00 1.00 0 233 140 96 1 0 0 0 0 040619 164944.910
43.0438 -15.2063 0.0000 0.00 0.00 1.00 0 233 140 96 1 0 0 0 0 040619 164945.110
43.0438 -15.2063 0.0000 0.00 0.00 1.00 0 233 140 96 1 0 0 0 0 040619 164945.310
43.0438 -15.2063 0.0000 0.00 0.00 1.00 0 233 140 96 1 0 0 0 0 040619 164945.510
43.0438 -15.2063 0.0000 0.00 0.00 1.00 0 233 140 96 1 0 0 0 0 040619 164945.711
43.0438 -15.2063 0.0000 0.00 0.00 1.00 0 233 140 96 1 0 0 0 0 040619 164945.911
43.0438 -15.2063 0.0000 0.00 0.00 1.00 0 233 140 96 1 0 0 0 0 040619 164946.111
43.0438 -15.2063 0.0000 0.00 0.00 1.00 0 233 140 96 1 0 0 0 0 040619 164946.311
43.0438 -15.2063 0.0000 0.00 0.00 1.00 0 233 140 96 1 0 0 0 0 040619 164946.511
43.0438 -15.2063 0.0000 0.00 0.00 1.00 0 233 140 96 1 0 0 0 0 040619 164946.712
43.0438 -15.2063 0.0000 0.00 0.00 1.00 0 233 140 96 1 0 0 0 0 040619 164946.912
43.0438 -15.2063 0.0000 0.00 0.00 1.00 0 233 140 96 1 0 0 0 0 040619 164947.112
43.0438 -15.2063 0.0000 0.00 0.00 1.00 0 233 140 96 1 0 0 0 0 040619 164947.312
43.0438 -15.2063 0.0000 0.00 0.00 1.00 0 233 140 96 1 0 0 0 0 040619 164947.513
43.0438 -15.2063 0.0000 0.00 0.00 1.00 0 233 140 96 1 0 0 0 0 040619 164947.713
43.0438 -15.2063 0.0000 0.00 0.00 1.00 0 233 140 96 1 0 0 0 0 040619 164947.913
43.0438 -15.2063 0.0000 0.00 0.00 1.00 0 233 140 96 1 0 0 0 0 040619 164948.113
43.0438 -15.2063 0.0000 0.00 0.00 1.00 0 233 140 96 1 0 0 0 0 040619 164948.313
43.0438 -15.2063 0.0000 0.00 0.00 1.00 0 233 140 96 1 0 0 0 0 040619 164948.516
43.0438 -15.2063 0.0000 0.00 0.00 1.00 0 233 140 96 1 0 0 0 0 040619 164948.716
43.0438 -15.2063 0.0000 0.00 0.00 1.00 0 233 140 96 1 0 0 0 0 040619 164948.916
43.0438 -15.2063 0.0000 0.00 0.00 1.00 0 233 140 96 1 0 0 0 0 040619 164949.116
43.0438 -15.2063 0.0000 0.00 0.00 1.00 0 233 140 96 1 0 0 0 0 040619 164949.317
43.0438 -15.2063 0.0000 0.00 0.00 1.00 0 233 140 96 1 0 0 0 0 040619 164949.518
43.0438 -15.2063 0.0000 0.00 0.00 1.00 0 233 140 96 1 0 0 0 0 040619 164949.718
43.0438 -15.2063 0.0000 0.00 0.00 1.00 0 233 140 96 1 0 0 0 0 040619 164949.918
43.0438 -15.2063 0.0000 0.00 0.00 1.00 0 233 140 96 1 0 0 0 0 040619 164950.119
43.0438 -15.2063 0.0000 0.00 0.00 1.00 0 233 140 96 1 0 0 0 0 040619 164950.319
43.0438 -15.2063 0.0000 0.00 0.00 1.00 0 233 140 96 1 0 0 0 0 040619 164950.519
43.0438 -15.2063 0.0000 0.00 0.00 1.00 0 233 140 96 1 0 0 0 0 040619 164950.719
43.0438 -15.2063 0.0000 0.00 0.00 1.00 0 233 140 96 1 0 0 0 0 040619 164950.920
43.0438 -15.2063 0.0000 0.00 0.00 1.00 0 233 140 96 1 0 0 0 0 040619 164951.120
43.0438 -15.2063 0.0000 0.00 0.00 1.00 0 233 140 96 1 0 0 0 0 040619 164951.320
43.0438 -15.2063 0.0000 0.00 0.00 1.00 0 233 140 96 1 0 0 0 0 040619 164951.520
43.0438 -15.2063 0.0000 0.00 0.00 1.00 0 233 140 96 1 0 0 0 0 040619 164951.720
43.0438 -15.2063 0.0000 0.00 0.00 1.00 0 233 140 96 1 0 0 0 0 040619 164951.921
43.0438 -15.2063 0.0000 0.00 0.00 1.00 0 233 140 96 1 0 0 0 0 040619 164952.121
43.0438 -15.2063 0.0000 0.00 0.00 1.00 0 233 140 96 1 0 0 0 0 040619 164952.322
43.0438 -15.2063 0.0000 0.00 0.00 1.00 0 233 140 96 1 0 0 0 0 040619 164952.523
43.0438 -15.2063 0.0000 0.00 0.00 1.00 0 233 140 96 1 0 0 0 0 040619 164952.723
43.0438 -15.2063 0.0000 0.00 0.00 1.00 0 233 140 96 1 0 0 0 0 040619 164952.923
43.0438 -15.2063 0.0000 0.00 0.00 1.00 0 233 140 96 1 0 0 0 0 040619 164953.123
43.0438 -15.2063 0.0000 0.00 0.00 1.00 0 233 140 96 1 0 0 0 0 040619 164953.323
43.0438 -15.2063 0.0000 0.00 0.00 1.00 0 233 140 96 1 0 0 0 0 040619 164953.524
43.0438 -15.2063 0.0000 0.00 0.00 1.00 0 0 0 127 0 0 0 0 0 040619 164953.724
43.0438 -15.2063 0.0000 0.00 0.00 1.00 0 0 0 127 0 0 0 0 0 040619 164953.924
43.0438 -15.2063 0.0000 0.00 0.00 1.00 0 0 0 127 0 0 0 0 0 040619 164954.124
43.0438 -15.2063 0.0000 0.00 0.00 1.00 0 0 0 127 0 0 0 0 0 040619 164954.324
43.0438 -15.2063 0.0000 0.00 0.00 1.00 0 233 140 96 1 0 0 0 0 040619 164954.525
43.0438 -15.2063 0.0000 0.00 0.00 1.00 0 233 140 96 1 0 0 0 0 040619 164954.725
43.0438 -15.2063 0.0000 0.00 0.00 1.00 0 233 140 96 1 0 0 0 0 040619 164954.925
43.0438 -15.2063 0.0000 0.00 0.00 1.00 0 233 140 96 1 0 0 0 0 040619 164955.125
43.0438 -15.2063 0.0000 0.00 0.00 1.00 0 0 0 127 0 0 0 0 0 040619 164955.326
43.0438 -15.2063 0.0000 0.00 0.00 1.00 0 233 140 96 1 0 0 0 0 040619 164955.526
43.0438 -15.2063 0.0000 0.00 0.00 1.00 0 0 0 127 0 0 0 0 0 040619 164955.726
43.0438 -15.2063 0.0000 0.00 0.00 1.00 0 0 0 127 0 0 0 0 0 040619 164955.926
43.0438 -15.2063 0.0000 0.00 0.00 1.00 0 0 0 127 0 0 0 0 0 040619 164956.126
43.0438 -15.2063 0.0000 0.00 0.00 1.00 0 0 0 127 0 0 0 0 0 040619 164956.327
43.0438 -15.2063 0.0000 0.00 0.00 1.00 0 0 0 127 0 0 0 0 0 040619 164956.527
43.0438 -15.2063 0.0000 0.00 0.00 1.00 0 233 140 96 1 0 0 0 0 040619 164956.727
43.0438 -15.2063 0.0000 0.00 0.00 1.00 0 233 140 96 1 0 0 0 0 040619 164956.928
43.0438 -15.2063 0.0000 0.00 0.00 1.00 0 0 0 127 0 0 0 0 0 040619 164957.128
43.0438 -15.2063 0.0000 0.00 0.00 1.00 0 0 0 127 0 0 0 0 0 040619 164957.328
43.0438 -15.2063 0.0000 0.00 0.00 1.00 0 0 0 127 0 0 0 0 0 040619 164957.528
43.0438 -15.2063 0.0000 0.00 0.00 1.00 0 0 0 127 0 0 0 0 0 040619 164957.729
43.0438 -15.2063 0.0000 0.00 0.00 1.00 0 0 0 127 0 0 0 0 0 040619 164957.929
43.0438 -15.2063 0.0000 0.00 0.00 1.00 0 0 0 127 0 0 0 0 0 040619 164958.129
43.0438 -15.2063 0.0000 0.00 0.00 1.00 0 0 0 127 0 0 0 0 0 040619 164958.329
43.0438 -15.2063 0.0000 0.00 0.00 1.00 0 0 0 127 0 0 0 0 0 040619 164958.529
43.0438 -15.2063 0.0000 0.00 0.00 1.00 0 0 0 127 0 0 0 0 0 040619 164958.730
43.0438 -15.2063 0.0000 0.00 0.00 1.00 0 0 0 127 0 0 0 0 0 040619 164958.930
43.0438 -15.2063 0.0000 0.00 0.00 1.00 0 0 0 127 0 0 0 0 0 040619 164959.130
43.0438 -15.2063 0.0000 0.00 0.00 1.00 0 0 0 127 0 0 0 0 0 040619 164959.330
43.0438 -15.2063 0.0000 0.00 0.00 1.00 0 0 0 127 0 0 0 0 0 040619 164959.531
43.0438 -15.2063 0.0000 0.00 0.00 1.00 0 0 0 127 0 0 0 0 0 040619 164959.731
43.0438 -15.2063 0.0000 0.00 0.00 1.00 0 0 0 127 0 0 0 0 0 040619 164959.931
43.0438 -15.2063 0.0000 0.00 0.00 1.00 0 0 0 127 0 0 0 0 0 040619 165000.131
43.0438 -15.2063 0.0000 0.00 0.00 1.00 0 0 0 127 0 0 0 0 0 040619 165000.331
43.0438 -15.2063 0.0000 0.00 0.00 1.00 0 0 0 127 0 0 0 0 0 040619 165000.532
43.0438 -15.2063 0.0000 0.00 0.00 1.00 0 0 0 127 0 0 0 0 0 040619 165000.732
43.0438 -15.2063 0.0000 0.00 0.00 1.00 0 0 0 127 0 0 0 0 0 040619 165000.932
43.0438 -15.2063 0.0000 0.00 0.00 1.00 0 0 0 127 0 0 0 0 0 040619 165001.133
43.0438 -15.2063 0.0000 0.00 0.00 1.00 0 0 0 127 0 0 0 0 0 040619 165001.333
43.0438 -15.2063 0.0000 0.00 0.00 1.00 0 0 0 127 0 0 0 0 0 040619 165001.533
43.0438 -15.2063 0.0000 0.00 0.00 1.00 0 0 0 127 0 0 0 0 0 040619 165001.733
43.0438 -15.2063 0.0000 0.00 0.00 1.00 0 0 0 127 0 0 0 0 0 040619 165001.933
43.0438 -15.2063 0.0000 0.00 0.00 1.00 0 0 0 127 0 0 0 0 0 040619 165002.134
43.0438 -15.2063 0.0000 0.00 0.00 1.00 0 0 0 127 0 0 0 0 0 040619 165002.334
43.0438 -15.2063 0.0000 0.00 0.00 1.00 0 0 0 127 0 0 0 0 0 040619 165002.534
43.0438 -15.2063 0.0000 0.00 0.00 1.00 0 0 0 127 0 0 0 0 0 040619 165002.734
43.0438 -15.2063 0.0000 0.00 0.00 1.00 0 0 0 127 0 0 0 0 0 040619 165002.935
43.0438 -15.2063 0.0000 0.00 0.00 1.00 0 0 0 127 0 0 0 0 0 040619 165003.135
43.0438 -15.2063 0.0000 0.00 0.00 1.00 0 0 0 127 0 0 0 0 0 040619 165003.335
43.0438 -15.2063 0.0000 0.00 0.00 1.00 0 0 0 127 0 0 0 0 0 040619 165003.535
43.0438 -15.2063 0.0000 0.00 0.00 1.00 0 0 0 127 0 0 0 0 0 040619 165003.736
43.0438 -15.2063 0.0000 0.00 0.00 1.00 0 0 0 127 0 0 0 0 0 040619 165003.936
43.0438 -15.2063 0.0000 0.00 0.00 1.00 0 0 0 127 0 0 0 0 0 040619 165004.136
43.0438 -15.2063 0.0000 0.00 0.00 1.00 0 0 0 127 0 0 0 0 0 040619 165004.337
43.0438 -15.2063 0.0000 0.00 0.00 1.00 0 0 0 127 0 0 0 0 0 040619 165004.537
43.0438 -15.2063 0.0000 0.00 0.00 1.00 0 0 0 127 0 0 0 0 0 040619 165004.737
43.0438 -15.2063 0.0000 0.00 0.00 1.00 0 0 0 127 0 0 0 0 0 040619 165004.938
43.0438 -15.2063 0.0000 0.00 0.00 1.00 0 0 0 127 0 0 0 0 0 040619 165005.138
43.0438 -15.2063 0.0000 0.00 0.00 1.00 0 0 0 127 0 0 0 0 0 040619 165005.339
43.0438 -15.2063 0.0000 0.00 0.00 1.00 0 0 0 127 0 0 0 0 0 040619 165005.539
43.0438 -15.2063 0.0000 0.00 0.00 1.00 0 0 0 127 0 0 0 0 0 040619 165005.740
43.0438 -15.2063 0.0000 0.00 0.00 1.00 0 0 0 127 0 0 0 0 0 040619 165005.940
43.0438 -15.2063 0.0000 0.00 0.00 1.00 0 0 0 127 0 0 0 0 0 040619 165006.141
43.0438 -15.2063 0.0000 0.00 0.00 1.00 0 0 0 127 0 0 0 0 0 040619 165006.341
43.0438 -15.2063 0.0000 0.00 0.00 1.00 0 0 0 127 0 0 0 0 0 040619 165006.541
43.0438 -15.2063 0.0000 0.00 0.00 1.00 0 0 0 127 0 0 0 0 0 040619 165006.742
43.0438 -15.2063 0.0000 0.00 0.00 1.00 0 0 0 127 0 0 0 0 0 040619 165006.943
43.0438 -15.2063 0.0000 0.00 0.00 1.00 0 0 0 127 0 0 0 0 0 040619 165007.143
43.0438 -15.2063 0.0000 0.00 0.00 1.00 0 0 0 127 0 0 0 0 0 040619 165007.343
43.0438 -15.2063 0.0000 0.00 0.00 1.00 0 0 0 127 0 0 0 0 0 040619 165007.544
43.0438 -15.2063 0.0000 0.00 0.00 1.00 0 0 0 127 0 0 0 0 0 040619 165007.744
43.0438 -15.2063 0.0000 0.00 0.00 1.00 0 0 0 127 0 0 0 0 0 040619 165007.944
43.0438 -15.2063 0.0000 0.00 0.00 1.00 0 0 0 127 0 0 0 0 0 040619 165008.144
43.0438 -15.2063 0.0000 0.00 0.00 1.00 0 0 0 127 0 0 0 0 0 040619 165008.344
43.0438 -15.2063 0.0000 0.00 0.00 1.00 0 0 0 127 0 0 0 0 0 040619 165008.545
43.0438 -15.2063 0.0000 0.00 0.00 1.00 0 0 0 127 0 0 0 0 0 040619 165008.745
43.0438 -15.2063 0.0000 0.00 0.00 1.00 0 0 0 127 0 0 0 0 0 040619 165008.945
43.0438 -15.2063 0.0000 0.00 0.00 1.00 0 0 0 127 0 0 0 0 0 040619 165009.146
43.0438 -15.2063 0.0000 0.00 0.00 1.00 0 0 0 127 0 0 0 0 0 040619 165009.346
43.0438 -15.2063 0.0000 0.00 0.00 1.00 0 0 0 127 0 0 0 0 0 040619 165009.546
43.0438 -15.2063 0.0000 0.00 0.00 1.00 0 0 0 127 0 0 0 0 0 040619 165009.746
43.0438 -15.2063 0.0000 0.00 0.00 1.00 0 0 0 127 0 0 0 0 0 040619 165009.947
43.0438 -15.2063 0.0000 0.00 0.00 1.00 0 0 0 127 0 0 0 0 0 040619 165010.147
43.0438 -15.2063 0.0000 0.00 0.00 1.00 0 0 0 127 0 0 0 0 0 040619 165010.347
43.0438 -15.2063 0.0000 0.00 0.00 1.00 0 0 0 127 0 0 0 0 0 040619 165010.547
43.0438 -15.2063 0.0000 0.00 0.00 1.00 0 0 0 127 0 0 0 0 0 040619 165010.748
43.0438 -15.2063 0.0000 0.00 0.00 1.00 0 0 0 127 0 0 0 0 0 040619 165010.948
43.0438 -15.2063 0.0000 0.00 0.00 1.00 0 0 0 127 0 0 0 0 0 040619 165011.148
43.0438 -15.2063 0.0000 0.00 0.00 1.00 0 0 0 127 0 0 0 0 0 040619 165011.348
43.0438 -15.2063 0.0000 0.00 0.00 1.00 0 0 0 127 0 0 0 0 0 040619 165011.548
43.0438 -15.2063 0.0000 0.00 0.00 1.00 0 0 0 127 0 0 0 0 0 040619 165011.749
43.0438 -15.2063 0.0000 0.00 0.00 1.00 0 0 0 127 0 0 0 0 0 040619 165011.949
43.0438 -15.2063 0.0000 0.00 0.00 1.00 0 0 0 127 0 0 0 0 0 040619 165012.149
43.0438 -15.2063 0.0000 0.00 0.00 1.00 0 0 0 127 0 0 0 0 0 040619 165012.349
43.0438 -15.2063 0.0000 0.00 0.00 1.00 0 0 0 127 0 0 0 0 0 040619 165012.550
43.0438 -15.2063 0.0000 0.00 0.00 1.00 0 0 0 127 0 0 0 0 0 040619 165012.750
43.0438 -15.2063 0.0000 0.00 0.00 1.00 0 0 0 127 0 0 0 0 0 040619 165012.950
43.0438 -15.2063 0.0000 0.00 0.00 1.00 0 0 0 127 0 0 0 0 0 040619 165013.151
43.0438 -15.2063 0.0000 0.00 0.00 1.00 0 0 0 127 0 0 0 0 0 040619 165013.351
43.0438 -15.2063 0.0000 0.00 0.00 1.00 0 0 0 127 0 0 0 0 0 040619 165013.551
43.0438 -15.2063 0.0000 0.00 0.00 1.00 0 0 0 127 0 0 0 0 0 040619 165013.751
43.0438 -15.2063 0.0000 0.00 0.00 1.00 0 0 0 127 0 0 0 0 0 040619 165013.952
43.0438 -15.2063 0.0000 0.00 0.00 1.00 0 0 0 127 0 0 0 0 0 040619 165014.152
43.0438 -15.2063 0.0000 0.00 0.00 1.00 0 0 0 127 0 0 0 0 0 040619 165014.352
43.0438 -15.2063 0.0000 0.00 0.00 1.00 0 0 0 127 0 0 0 0 0 040619 165014.552
43.0438 -15.2063 0.0000 0.00 0.00 1.00 0 0 0 127 0 0 0 0 0 040619 165014.752
43.0438 -15.2063 0.0000 0.00 0.00 1.00 0 0 0 127 0 0 0 0 0 040619 165014.953
43.0438 -15.2063 0.0000 0.00 0.00 1.00 0 0 0 127 0 0 0 0 0 040619 165015.153
43.0438 -15.2063 0.0000 0.00 0.00 1.00 0 0 0 127 0 0 0 0 0 040619 165015.353
43.0438 -15.2063 0.0000 0.00 0.00 1.00 0 0 0 127 0 0 0 0 0 040619 165015.553
43.0438 -15.2063 0.0000 0.00 0.00 1.00 0 0 0 127 0 0 0 0 0 040619 165015.754
43.0438 -15.2063 0.0000 0.00 0.00 1.00 0 0 0 127 0 0 0 0 0 040619 165015.954
43.0438 -15.2063 0.0000 0.00 0.00 1.00 0 0 0 127 0 0 0 0 0 040619 165016.154
43.0438 -15.2063 0.0000 0.00 0.00 1.00 0 0 0 127 0 0 0 0 0 040619 165016.355
43.0438 -15.2063 0.0000 0.00 0.00 1.00 0 0 0 127 0 0 0 0 0 040619 165016.555
43.0438 -15.2063 0.0000 0.00 0.00 1.00 0 0 0 127 0 0 0 0 0 040619 165016.755
43.0438 -15.2063 0.0000 0.00 0.00 1.00 0 0 0 127 0 0 0 0 0 040619 165016.955
43.0438 -15.2063 0.0000 0.00 0.00 1.00 0 0 0 127 0 0 0 0 0 040619 165017.156
43.0438 -15.2063 0.0000 0.00 0.00 1.00 0 0 0 127 0 0 0 0 0 040619 165017.356
43.0438 -15.2063 0.0000 0.00 0.00 1.00 0 0 0 127 0 0 0 0 0 040619 165017.556
43.0438 -15.2063 0.0000 0.00 0.00 1.00 0 0 0 127 0 0 0 0 0 040619 165017.756
43.0438 -15.2063 0.0000 0.00 0.00 1.00 0 0 0 127 0 0 0 0 0 040619 165017.956
43.0438 -15.2063 0.0000 0.00 0.00 1.00 0 0 0 127 0 0 0 0 0 040619 165018.157
43.0438 -15.2063 0.0000 0.00 0.00 1.00 0 0 0 127 0 0 0 0 0 040619 165018.357
43.0438 -15.2063 0.0000 0.00 0.00 1.00 0 0 0 127 0 0 0 0 0 040619 165018.557
43.0438 -15.2063 0.0000 0.00 0.00 1.00 0 0 0 127 0 0 0 0 0 040619 165018.757
43.0438 -15.2063 0.0000 0.00 0.00 1.00 0 0 0 127 0 0 0 0 0 040619 165018.958
43.0438 -15.2063 0.0000 0.00 0.00 1.00 0 0 0 127 0 0 0 0 0 040619 165019.158
43.0438 -15.2063 0.0000 0.00 0.00 1.00 0 0 0 127 0 0 0 0 0 040619 165019.358
43.0438 -15.2063 0.0000 0.00 0.00 1.00 0 0 0 127 0 0 0 0 0 040619 165019.562
43.0438 -15.2063 0.0000 0.00 0.00 1.00 0 0 0 127 0 0 0 0 0 040619 165019.763
43.0438 -15.2063 0.0000 0.00 0.00 1.00 0 0 0 127 0 0 0 0 0 040619 165019.963
43.0438 -15.2063 0.0000 0.00 0.00 1.00 0 0 0 127 0 0 0 0 0 040619 165020.163
43.0438 -15.2063 0.0000 0.00 0.00 1.00 0 0 0 127 0 0 0 0 0 040619 165020.363
43.0438 -15.2063 0.0000 0.00 0.00 1.00 0 0 0 127 0 0 0 0 0 040619 165020.564
43.0438 -15.2063 0.0000 0.00 0.00 1.00 0 0 0 127 0 0 0 0 0 040619 165020.764
43.0438 -15.2063 0.0000 0.00 0.00 1.00 0 0 0 127 0 0 0 0 0 040619 165020.964
43.0438 -15.2063 0.0000 0.00 0.00 1.00 0 0 0 127 0 0 0 0 0 040619 165021.164
43.0438 -15.2063 0.0000 0.00 0.00 1.00 0 0 0 127 0 0 0 0 0 040619 165021.364
43.0438 -15.2063 0.0000 0.00 0.00 1.00 0 0 0 127 0 0 0 0 0 040619 165021.565
43.0438 -15.2063 0.0000 0.00 0.00 1.00 0 0 0 127 0 0 0 0 0 040619 165021.765
43.0438 -15.2063 0.0000 0.00 0.00 1.00 0 0 0 127 0 0 0 0 0 040619 165021.965
43.0438 -15.2063 0.0000 0.00 0.00 1.00 0 0 0 127 0 0 0 0 0 040619 165022.165
43.0438 -15.2063 0.0000 0.00 0.00 1.00 0 0 0 127 0 0 0 0 0 040619 165022.365
43.0438 -15.2063 0.0000 0.00 0.00 1.00 0 0 0 127 0 0 0 0 0 040619 165022.566
43.0438 -15.2063 0.0000 0.00 0.00 1.00 0 0 0 127 0 0 0 0 0 040619 165022.766
43.0438 -15.2063 0.0000 0.00 0.00 1.00 0 0 0 127 0 0 0 0 0 040619 165022.966
43.0438 -15.2063 0.0000 0.00 0.00 1.00 0 0 0 127 0 0 0 0 0 040619 165023.166
43.0438 -15.2063 0.0000 0.00 0.00 1.00 0 0 0 127 0 0 0 0 0 040619 165023.367
43.0438 -15.2063 0.0000 0.00 0.00 1.00 0 0 0 127 0 0 0 0 0 040619 165023.567
43.0438 -15.2063 0.0000 0.00 0.00 1.00 0 0 0 127 0 0 0 0 0 040619 165023.767
43.0438 -15.2063 0.0000 0.00 0.00 1.00 0 0 0 127 0 0 0 0 0 040619 165023.967
43.0438 -15.2063 0.0000 0.00 0.00 1.00 0 0 0 127 0 0 0 0 0 040619 165024.167
43.0438 -15.2063 0.0000 0.00 0.00 1.00 0 0 0 127 0 0 0 0 0 040619 165024.368
43.0438 -15.2063 0.0000 0.00 0.00 1.00 0 0 0 127 0 0 0 0 0 040619 165024.568
43.0438 -15.2063 0.0000 0.00 0.00 1.00 0 0 0 127 0 0 0 0 0 040619 165024.768
43.0438 -15.2063 0.0000 0.00 0.00 1.00 0 0 0 127 0 0 0 0 0 040619 165024.968
43.0438 -15.2063 0.0000 0.00 0.00 1.00 0 0 0 127 0 0 0 0 0 040619 165025.169
43.0438 -15.2063 0.0000 0.00 0.00 1.00 0 0 0 127 0 0 0 0 0 040619 165025.369
43.0438 -15.2063 0.0000 0.00 0.00 1.00 0 0 0 127 0 0 0 0 0 040619 165025.569
43.0438 -15.2063 0.0000 0.00 0.00 1.00 0 0 0 127 0 0 0 0 0 040619 165025.769
43.0438 -15.2063 0.0000 0.00 0.00 1.00 0 0 0 127 0 0 0 0 0 040619 165025.972
43.0438 -15.2063 0.0000 0.00 0.00 1.00 0 0 0 127 0 0 0 0 0 040619 165026.172
43.0438 -15.2063 0.0000 0.00 0.00 1.00 0 0 0 127 0 0 0 0 0 040619 165026.372
43.0438 -15.2063 0.0000 0.00 0.00 1.00 0 0 0 127 0 0 0 0 0 040619 165026.573
43.0438 -15.2063 0.0000 0.00 0.00 1.00 0 0 0 127 0 0 0 0 0 040619 165026.773
43.0438 -15.2063 0.0000 0.00 0.00 1.00 0 0 0 127 0 0 0 0 0 040619 165026.973
43.0438 -15.2063 0.0000 0.00 0.00 1.00 0 0 0 127 0 0 0 0 0 040619 165027.174
43.0438 -15.2063 0.0000 0.00 0.00 1.00 0 0 0 127 0 0 0 0 0 040619 165027.374
43.0438 -15.2063 0.0000 0.00 0.00 1.00 0 0 0 127 0 0 0 0 0 040619 165027.574
43.0438 -15.2063 0.0000 0.00 0.00 1.00 0 0 0 127 0 0 0 0 0 040619 165027.774
43.0438 -15.2063 0.0000 0.00 0.00 1.00 0 0 0 127 0 0 0 0 0 040619 165027.974
43.0438 -15.2063 0.0000 0.00 0.00 1.00 0 0 0 127 0 0 0 0 0 040619 165028.175
43.0438 -15.2063 0.0000 0.00 0.00 1.00 0 0 0 127 0 0 0 0 0 040619 165028.375
43.0438 -15.2063 0.0000 0.00 0.00 1.00 0 0 0 127 0 0 0 0 0 040619 165028.575
43.0438 -15.2063 0.0000 0.00 0.00 1.00 0 0 0 127 0 0 0 0 0 040619 165028.775
43.0438 -15.2063 0.0000 0.00 0.00 1.00 0 0 0 127 0 0 0 0 0 040619 165028.976
43.0438 -15.2063 0.0000 0.00 0.00 1.00 0 0 0 127 0 0 0 0 0 040619 165029.176
43.0438 -15.2063 0.0000 0.00 0.00 1.00 0 0 0 127 0 0 0 0 0 040619 165029.376
43.0438 -15.2063 0.0000 0.00 0.00 1.00 0 0 0 127 0 0 0 0 0 040619 165029.576
43.0438 -15.2063 0.0000 0.00 0.00 1.00 0 0 0 127 0 0 0 0 0 040619 165029.777
43.0438 -15.2063 0.0000 0.00 0.00 1.00 0 0 0 127 0 0 0 0 0 040619 165029.977
43.0438 -15.2063 0.0000 0.00 0.00 1.00 0 0 0 127 0 0 0 0 0 040619 165030.177
43.0438 -15.2063 0.0000 0.00 0.00 1.00 0 0 0 127 0 0 0 0 0 040619 165030.377
43.0438 -15.2063 0.0000 0.00 0.00 1.00 0 0 0 127 0 0 0 0 0 040619 165030.578
43.0438 -15.2063 0.0000 0.00 0.00 1.00 0 0 0 127 0 0 0 0 0 040619 165030.778
43.0438 -15.2063 0.0000 0.00 0.00 1.00 0 0 0 127 0 0 0 0 0 040619 165030.978
43.0438 -15.2063 0.0000 0.00 0.00 1.00 0 0 0 127 0 0 0 0 0 040619 165031.178
43.0438 -15.2063 0.0000 0.00 0.00 1.00 0 0 0 127 0 0 0 0 0 040619 165031.378
43.0438 -15.2063 0.0000 0.00 0.00 1.00 0 0 0 127 0 0 0 0 0 040619 165031.579
43.0438 -15.2063 0.0000 0.00 0.00 1.00 0 0 0 127 0 0 0 0 0 040619 165031.779
43.0438 -15.2063 0.0000 0.00 0.00 1.00 0 0 0 127 0 0 0 0 0 040619 165031.979
43.0438 -15.2063 0.0000 0.00 0.00 1.00 0 0 0 127 0 0 0 0 0 040619 165032.179
43.0438 -15.2063 0.0000 0.00 0.00 1.00 0 0 0 127 0 0 0 0 0 040619 165032.380
43.0438 -15.2063 0.0000 0.00 0.00 1.00 0 0 0 127 0 0 0 0 0 040619 165032.580
43.0438 -15.2063 0.0000 0.00 0.00 1.00 0 0 0 127 0 0 0 0 0 040619 165032.781
43.0438 -15.2063 0.0000 0.00 0.00 1.00 0 0 0 127 0 0 0 0 0 040619 165032.982
43.0438 -15.2063 0.0000 0.00 0.00 1.00 0 0 0 127 0 0 0 0 0 040619 165033.182
43.0438 -15.2063 0.0000 0.00 0.00 1.00 0 0 0 127 0 0 0 0 0 040619 165033.382
43.0438 -15.2063 0.0000 0.00 0.00 1.00 0 0 0 127 0 0 0 0 0 040619 165033.584
43.0438 -15.2063 0.0000 0.00 0.00 1.00 0 0 0 127 0 0 0 0 0 040619 165033.784
43.0438 -15.2063 0.0000 0.00 0.00 1.00 0 0 0 127 0 0 0 0 0 040619 165033.984
43.0438 -15.2063 0.0000 0.00 0.00 1.00 0 0 0 127 0 0 0 0 0 040619 165034.185
43.0438 -15.2063 0.0000 0.00 0.00 1.00 0 0 0 127 0 0 0 0 0 040619 165034.385
43.0438 -15.2063 0.0000 0.00 0.00 1.00 0 0 0 127 0 0 0 0 0 040619 165034.585
43.0438 -15.2063 0.0000 0.00 0.00 1.00 0 0 0 127 0 0 0 0 0 040619 165034.785
43.0438 -15.2063 0.0000 0.00 0.00 1.00 0 0 0 127 0 0 0 0 0 040619 165034.986
43.0438 -15.2063 0.0000 0.00 0.00 1.00 0 0 0 127 0 0 0 0 0 040619 165035.186
43.0438 -15.2063 0.0000 0.00 0.00 1.00 0 0 0 127 0 0 0 0 0 040619 165035.386
43.0438 -15.2063 0.0000 0.00 0.00 1.00 0 0 0 127 0 0 0 0 0 040619 165035.586
43.0438 -15.2063 0.0000 0.00 0.00 1.00 0 0 0 127 0 0 0 0 0 040619 165035.787
43.0438 -15.2063 0.0000 0.00 0.00 1.00 0 0 0 127 0 0 0 0 0 040619 165035.987
43.0438 -15.2063 0.0000 0.00 0.00 1.00 0 0 0 127 0 0 0 0 0 040619 165036.187
43.0438 -15.2063 0.0000 0.00 0.00 1.00 0 0 0 127 0 0 0 0 0 040619 165036.387
43.0438 -15.2063 0.0000 0.00 0.00 1.00 0 0 0 127 0 0 0 0 0 040619 165036.588
43.0438 -15.2063 0.0000 0.00 0.00 1.00 0 0 0 127 0 0 0 0 0 040619 165036.788
43.0438 -15.2063 0.0000 0.00 0.00 1.00 0 0 0 127 0 0 0 0 0 040619 165036.988
43.0438 -15.2063 0.0000 0.00 0.00 1.00 0 0 0 127 0 0 0 0 0 040619 165037.188
43.0438 -15.2063 0.0000 0.00 0.00 1.00 0 0 0 127 0 0 0 0 0 040619 165037.395
43.0438 -15.2063 0.0000 0.00 0.00 1.00 0 0 0 127 0 0 0 0 0 040619 165037.595
43.0438 -15.2063 0.0000 0.00 0.00 1.00 0 0 0 127 0 0 0 0 0 040619 165037.796
43.0438 -15.2063 0.0000 0.00 0.00 1.00 0 0 0 127 0 0 0 0 0 040619 165037.996
43.0438 -15.2063 0.0000 0.00 0.00 1.00 0 0 0 127 0 0 0 0 0 040619 165038.196
43.0438 -15.2063 0.0000 0.00 0.00 1.00 0 0 0 127 0 0 0 0 0 040619 165038.396
43.0438 -15.2063 0.0000 0.00 0.00 1.00 0 0 0 127 0 0 0 0 0 040619 165038.597
43.0438 -15.2063 0.0000 0.00 0.00 1.00 0 0 0 127 0 0 0 0 0 040619 165038.797
43.0438 -15.2063 0.0000 0.00 0.00 1.00 0 0 0 127 0 0 0 0 0 040619 165038.997
43.0438 -15.2063 0.0000 0.00 0.00 1.00 0 0 0 127 0 0 0 0 0 040619 165039.197
43.0438 -15.2063 0.0000 0.00 0.00 1.00 0 0 0 127 0 0 0 0 0 040619 165039.398
43.0438 -15.2063 0.0000 0.00 0.00 1.00 0 0 0 127 0 0 0 0 0 040619 165039.598
43.0438 -15.2063 0.0000 0.00 0.00 1.00 0 0 0 127 0 0 0 0 0 040619 165039.798
43.0438 -15.2063 0.0000 0.00 0.00 1.00 0 0 0 127 0 0 0 0 0 040619 165039.998
43.0438 -15.2063 0.0000 0.00 0.00 1.00 0 0 0 127 0 0 0 0 0 040619 165040.199
43.0438 -15.2063 0.0000 0.00 0.00 1.00 0 0 0 127 0 0 0 0 0 040619 165040.399
43.0438 -15.2063 0.0000 0.00 0.00 1.00 0 0 0 127 0 0 0 0 0 040619 165040.599
43.0438 -15.2063 0.0000 0.00 0.00 1.00 0 0 0 127 0 0 0 0 0 040619 165040.799
43.0438 -15.2063 0.0000 0.00 0.00 1.00 0 0 0 127 0 0 0 0 0 040619 165040.999
43.0438 -15.2063 0.0000 0.00 0.00 1.00 0 0 0 127 0 0 0 0 0 040619 165041.200
43.0438 -15.2063 0.0000 0.00 0.00 1.00 0 0 0 127 0 0 0 0 0 040619 165041.400
43.0438 -15.2063 0.0000 0.00 0.00 1.00 0 0 0 127 0 0 0 0 0 040619 165041.600
43.0438 -15.2063 0.0000 0.00 0.00 1.00 0 0 0 127 0 0 0 0 0 040619 165041.800
43.0438 -15.2063 0.0000 0.00 0.00 1.00 0 0 0 127 0 0 0 0 0 040619 165042.001
43.0438 -15.2063 0.0000 0.00 0.00 1.00 0 0 0 127 0 0 0 0 0 040619 165042.201
43.0438 -15.2063 0.0000 0.00 0.00 1.00 0 0 0 127 0 0 0 0 0 040619 165042.402
43.0438 -15.2063 0.0000 0.00 0.00 1.00 0 0 0 127 0 0 0 0 0 040619 165042.602
43.0438 -15.2063 0.0000 0.00 0.00 1.00 0 0 0 127 0 0 0 0 0 040619 165042.802
43.0438 -15.2063 0.0000 0.00 0.00 1.00 0 0 0 127 0 0 0 0 0 040619 165043.002
43.0438 -15.2063 0.0000 0.00 0.00 1.00 0 0 0 127 0 0 0 0 0 040619 165043.202
43.0438 -15.2063 0.0000 0.00 0.00 1.00 0 0 0 127 0 0 0 0 0 040619 165043.403
43.0438 -15.2063 0.0000 0.00 0.00 1.00 0 0 0 127 0 0 0 0 0 040619 165043.603
43.0438 -15.2063 0.0000 0.00 0.00 1.00 0 0 0 127 0 0 0 0 0 040619 165043.803
43.0438 -15.2063 0.0000 0.00 0.00 1.00 0 0 0 127 0 0 0 0 0 040619 165044.003
43.0438 -15.2063 0.0000 0.00 0.00 1.00 0 0 0 127 0 0 0 0 0 040619 165044.204
43.0438 -15.2063 0.0000 0.00 0.00 1.00 0 0 0 127 0 0 0 0 0 040619 165044.404
43.0438 -15.2063 0.0000 0.00 0.00 1.00 0 0 0 127 0 0 0 0 0 040619 165044.604
43.0438 -15.2063 0.0000 0.00 0.00 1.00 0 0 0 127 0 0 0 0 0 040619 165044.804
43.0438 -15.2063 0.0000 0.00 0.00 1.00 0 0 0 127 0 0 0 0 0 040619 165045.004
43.0438 -15.2063 0.0000 0.00 0.00 1.00 0 0 0 127 0 0 0 0 0 040619 165045.205
43.0438 -15.2063 0.0000 0.00 0.00 1.00 0 0 0 127 0 0 0 0 0 040619 165045.405
43.0438 -15.2063 0.0000 0.00 0.00 1.00 0 0 0 127 0 0 0 0 0 040619 165045.605
43.0438 -15.2063 0.0000 0.00 0.00 1.00 0 0 0 127 0 0 0 0 0 040619 165045.805
43.0438 -15.2063 0.0000 0.00 0.00 1.00 0 0 0 127 0 0 0 0 0 040619 165046.006
43.0438 -15.2063 0.0000 0.00 0.00 1.00 0 0 0 127 0 0 0 0 0 040619 165046.206
43.0438 -15.2063 0.0000 0.00 0.00 1.00 0 0 0 127 0 0 0 0 0 040619 165046.406
43.0438 -15.2063 0.0000 0.00 0.00 1.00 0 0 0 127 0 0 0 0 0 040619 165046.606
43.0438 -15.2063 0.0000 0.00 0.00 1.00 0 0 0 127 0 0 0 0 0 040619 165046.807
43.0438 -15.2063 0.0000 0.00 0.00 1.00 0 0 0 127 0 0 0 0 0 040619 165047.007
43.0438 -15.2063 0.0000 0.00 0.00 1.00 0 0 0 127 0 0 0 0 0 040619 165047.207
43.0438 -15.2063 0.0000 0.00 0.00 1.00 0 0 0 127 0 0 0 0 0 040619 165047.407
43.0438 -15.2063 0.0000 0.00 0.00 1.00 0 0 0 127 0 0 0 0 0 040619 165047.608
43.0438 -15.2063 0.0000 0.00 0.00 1.00 0 0 0 127 0 0 0 0 0 040619 165047.808
43.0438 -15.2063 0.0000 0.00 0.00 1.00 0 0 0 127 0 0 0 0 0 040619 165048.008
43.0438 -15.2063 0.0000 0.00 0.00 1.00 0 0 0 127 0 0 0 0 0 040619 165048.208
43.0438 -15.2063 0.0000 0.00 0.00 1.00 0