33.3006 12.0853 0.0000 0.00 0.00 1.00 0 0 0 127 0 0 0 0 0 040619 162006.224
33.3015 12.0860 0.0000 0.00 0.00 1.00 0 0 0 127 0 0 0 0 0 040619 162006.424
33.3014 12.0857 0.0000 0.00 0.00 1.00 0 0 0 127 0 0 0 0 0 040619 162006.625
33.3007 12.0821 0.0000 0.00 0.00 1.00 0 0 0 127 0 0 0 0 0 040619 162006.825
33.2996 12.0831 0.0000 0.00 0.00 1.00 0 0 0 127 0 0 0 0 0 040619 162007.025
33.2993 12.0814 0.0000 0.00 0.00 1.00 0 0 0 127 0 0 0 0 0 040619 162007.225
33.2993 12.0814 0.0000 0.00 0.00 1.00 0 0 0 127 0 0 0 0 0 040619 162007.426
33.3025 12.0868 0.0000 0.00 0.00 1.00 0 0 0 127 0 0 0 0 0 040619 162007.626
33.2996 12.0858 0.0000 0.00 0.00 1.00 0 0 0 127 0 0 0 0 0 040619 162007.826
33.2988 12.0808 0.0000 0.00 0.00 1.00 0 0 0 127 0 0 0 0 0 040619 162008.026
33.3014 12.0816 0.0000 0.00 0.00 1.00 0 0 0 127 0 0 0 0 0 040619 162008.227
33.3014 12.0816 0.0000 0.00 0.00 1.00 0 0 0 127 0 0 0 0 0 040619 162008.427
33.3014 12.0836 0.0000 0.00 0.00 1.00 0 0 0 127 0 0 0 0 0 040619 162008.627
33.2991 12.0827 0.0000 0.00 0.00 1.00 0 0 0 127 0 0 0 0 0 040619 162008.827
33.3015 12.0823 0.0000 0.00 0.00 1.00 0 0 0 127 0 0 0 0 0 040619 162009.028
33.3009 12.0808 0.0000 0.00 0.00 1.00 0 0 0 127 0 0 0 0 0 040619 162009.228
33.3009 12.0808 0.0000 0.00 0.00 1.00 0 0 0 127 0 0 0 0 0 040619 162009.428
33.3010 12.0821 0.0000 0.00 0.00 1.00 0 0 0 127 0 0 0 0 0 040619 162009.628
33.3004 12.0814 0.0000 0.00 0.00 1.00 0 0 0 127 0 0 0 0 0 040619 162009.829
33.3009 12.0844 0.0000 0.00 0.00 1.00 0 0 0 127 0 0 0 0 0 040619 162010.029
33.2998 12.0868 0.0000 0.00 0.00 1.00 0 0 0 127 0 0 0 0 0 040619 162010.229
33.2998 12.0868 0.0000 0.00 0.00 1.00 0 0 0 127 0 0 0 0 0 040619 162010.429
33.2985 12.0860 0.0000 0.00 0.00 1.00 0 0 0 127 0 0 0 0 0 040619 162010.629
33.2993 12.0808 0.0000 0.00 0.00 1.00 0 0 0 127 0 0 0 0 0 040619 162010.830
33.2998 12.0844 0.0000 0.00 0.00 1.00 0 0 0 127 0 0 0 0 0 040619 162011.030
33.3009 12.0849 0.0000 0.00 0.00 1.00 0 0 0 127 0 0 0 0 0 040619 162011.230
33.2983 12.0873 0.0000 0.00 0.00 1.00 0 0 0 127 0 0 0 0 0 040619 162011.430
33.3038 12.0864 0.0000 0.00 0.00 1.00 0 0 0 127 0 0 0 0 0 040619 162011.631
33.2985 12.0818 0.0000 0.00 0.00 1.00 0 0 0 127 0 0 0 0 0 040619 162011.831
33.3007 12.0857 0.0000 0.00 0.00 1.00 0 0 0 127 0 0 0 0 0 040619 162012.031
33.3022 12.0844 0.0000 0.00 0.00 1.00 0 0 0 127 0 0 0 0 0 040619 162012.231
33.2985 12.0868 0.0000 0.00 0.00 1.00 0 0 0 127 0 0 0 0 0 040619 162012.432
33.2952 12.0814 0.0000 0.00 0.00 1.00 0 0 0 127 0 0 0 0 0 040619 162012.632
33.3004 12.0829 0.0000 0.00 0.00 1.00 0 0 0 127 0 0 0 0 0 040619 162012.832
33.2987 12.0819 0.0000 0.00 0.00 1.00 0 0 0 127 0 0 0 0 0 040619 162013.032
33.3006 12.0832 0.0000 0.00 0.00 1.00 0 0 0 127 0 0 0 0 0 040619 162013.233
33.3018 12.0844 0.0000 0.00 0.00 1.00 0 0 0 127 0 0 0 0 0 040619 162013.433
33.3017 12.0860 0.0000 0.00 0.00 1.00 0 0 0 127 0 0 0 0 0 040619 162013.633
33.2959 12.0795 0.0000 0.00 0.00 1.00 0 0 0 127 0 0 0 0 0 040619 162013.833
33.2982 12.0782 0.0000 0.00 0.00 1.00 0 0 0 127 0 0 0 0 0 040619 162014.033
33.3022 12.0799 0.0000 0.00 0.00 1.00 0 0 0 127 0 0 0 0 0 040619 162014.234
33.2993 12.0816 0.0000 0.00 0.00 1.00 0 0 0 127 0 0 0 0 0 040619 162014.434
33.3018 12.0806 0.0000 0.00 0.00 1.00 0 0 0 127 0 0 0 0 0 040619 162014.634
33.3018 12.0812 0.0000 0.00 0.00 1.00 0 0 0 127 0 0 0 0 0 040619 162014.834
33.2983 12.0801 0.0000 0.00 0.00 1.00 0 0 0 127 0 0 0 0 0 040619 162015.035
33.3010 12.0786 0.0000 0.00 0.00 1.00 0 0 0 127 0 0 0 0 0 040619 162015.235
33.3007 12.0840 0.0000 0.00 0.00 1.00 0 0 0 127 0 0 0 0 0 040619 162015.435
33.3009 12.0803 0.0000 0.00 0.00 1.00 0 0 0 127 0 0 0 0 0 040619 162015.635
33.2990 12.0795 0.0000 0.00 0.00 1.00 0 0 0 127 0 0 0 0 0 040619 162015.836
33.3004 12.0792 0.0000 0.00 0.00 1.00 0 0 0 127 0 0 0 0 0 040619 162016.036
33.3009 12.0805 0.0000 0.00 0.00 1.00 0 0 0 127 0 0 0 0 0 040619 162016.236
33.3012 12.0842 0.0000 0.00 0.00 1.00 0 0 0 127 0 0 0 0 0 040619 162016.436
33.3031 12.0855 0.0000 0.00 0.00 1.00 0 0 0 127 0 0 0 0 0 040619 162016.636
33.2985 12.0864 0.0000 0.00 0.00 1.00 0 0 0 127 0 0 0 0 0 040619 162016.837
33.3038 12.0827 0.0000 0.00 0.00 1.00 0 0 0 127 0 0 0 0 0 040619 162017.037
33.3026 12.0803 0.0000 0.00 0.00 1.00 0 0 0 127 0 0 0 0 0 040619 162017.237
33.3010 12.0814 0.0000 0.00 0.00 1.00 0 0 0 127 0 0 0 0 0 040619 162017.437
33.2990 12.0840 0.0000 0.00 0.00 1.00 0 0 0 127 0 0 0 0 0 040619 162017.638
33.3006 12.0838 0.0000 0.00 0.00 1.00 0 0 0 127 0 0 0 0 0 040619 162017.838
33.2988 12.0832 0.0000 0.00 0.00 1.00 0 0 0 127 0 0 0 0 0 040619 162018.038
33.3006 12.0786 0.0000 0.00 0.00 1.00 0 0 0 127 0 0 0 0 0 040619 162018.238
33.2995 12.0795 0.0000 0.00 0.00 1.00 0 0 0 127 0 0 0 0 0 040619 162018.439
33.2983 12.0827 0.0000 0.00 0.00 1.00 0 0 0 127 0 0 0 0 0 040619 162018.639
33.3014 12.0831 0.0000 0.00 0.00 1.00 0 0 0 127 0 0 0 0 0 040619 162018.839
33.3041 12.0818 0.0000 0.00 0.00 1.00 0 0 0 127 0 0 0 0 0 040619 162019.039
33.3004 12.0818 0.0000 0.00 0.00 1.00 0 0 0 127 0 0 0 0 0 040619 162019.239
33.3045 12.0836 0.0000 0.00 0.00 1.00 0 0 0 127 0 0 0 0 0 040619 162019.440
33.3020 12.0818 0.0000 0.00 0.00 1.00 0 0 0 127 0 0 0 0 0 040619 162019.640
33.2991 12.0812 0.0000 0.00 0.00 1.00 0 0 0 127 0 0 0 0 0 040619 162019.840
33.3034 12.0858 0.0000 0.00 0.00 1.00 0 0 0 127 0 0 0 0 0 040619 162020.041
33.3018 12.0834 0.0000 0.00 0.00 1.00 0 0 0 127 0 0 0 0 0 040619 162020.241
33.3018 12.0818 0.0000 0.00 0.00 1.00 0 0 0 127 0 0 0 0 0 040619 162020.441
33.3018 12.0814 0.0000 0.00 0.00 1.00 0 0 0 127 0 0 0 0 0 040619 162020.641
33.3023 12.0818 0.0000 0.00 0.00 1.00 0 0 0 127 0 0 0 0 0 040619 162020.841
33.2998 12.0831 0.0000 0.00 0.00 1.00 0 0 0 127 0 0 0 0 0 040619 162021.042
33.3001 12.0834 0.0000 0.00 0.00 1.00 0 0 0 127 0 0 0 0 0 040619 162021.242
33.2998 12.0801 0.0000 0.00 0.00 1.00 0 0 0 127 0 0 0 0 0 040619 162021.443
33.2999 12.0810 0.0000 0.00 0.00 1.00 0 0 0 127 0 0 0 0 0 040619 162021.643
33.2983 12.0777 0.0000 0.00 0.00 1.00 0 0 0 127 0 0 0 0 0 040619 162021.843
33.2982 12.0831 0.0000 0.00 0.00 1.00 0 0 0 127 0 0 0 0 0 040619 162022.043
33.3015 12.0838 0.0000 0.00 0.00 1.00 0 0 0 127 0 0 0 0 0 040619 162022.245
33.2991 12.0825 0.0000 0.00 0.00 1.00 0 0 0 127 0 0 0 0 0 040619 162022.448
33.3009 12.0799 0.0000 0.00 0.00 1.00 0 0 0 127 0 0 0 0 0 040619 162022.648
33.2996 12.0823 0.0000 0.00 0.00 1.00 0 0 0 127 0 0 0 0 0 040619 162022.856
33.3017 12.0838 0.0000 0.00 0.00 1.00 0 0 0 127 0 0 0 0 0 040619 162023.058
33.3001 12.0808 0.0000 0.00 0.00 1.00 0 0 0 127 0 0 0 0 0 040619 162023.259
33.2955 12.0814 0.0000 0.00 0.00 1.00 0 0 0 127 0 0 0 0 0 040619 162023.460
33.3025 12.0836 0.0000 0.00 0.00 1.00 0 0 0 127 0 0 0 0 0 040619 162023.661
33.3001 12.0836 0.0000 0.00 0.00 1.00 0 0 0 127 0 0 0 0 0 040619 162023.861
33.2985 12.0825 0.0000 0.00 0.00 1.00 0 0 0 127 0 0 0 0 0 040619 162024.061
33.2979 12.0836 0.0000 0.00 0.00 1.00 0 0 0 127 0 0 0 0 0 040619 162024.262
33.2980 12.0819 0.0000 0.00 0.00 1.00 0 0 0 127 0 0 0 0 0 040619 162024.462
33.2980 12.0819 0.0000 0.00 0.00 1.00 0 0 0 127 0 0 0 0 0 040619 162024.662
33.2987 12.0799 0.0000 0.00 0.00 1.00 0 0 0 127 0 0 0 0 0 040619 162024.862
33.2993 12.0795 0.0000 0.00 0.00 1.00 0 0 0 127 0 0 0 0 0 040619 162025.063
33.3055 12.0847 0.0000 0.00 0.00 1.00 0 0 0 127 0 0 0 0 0 040619 162025.263
33.3020 12.0823 0.0000 0.00 0.00 1.00 0 0 0 127 0 0 0 0 0 040619 162025.463
33.2995 12.0847 0.0000 0.00 0.00 1.00 0 0 0 127 0 0 0 0 0 040619 162025.663
33.2974 12.0825 0.0000 0.00 0.00 1.00 0 0 0 127 0 0 0 0 0 040619 162025.863
33.2998 12.0799 0.0000 0.00 0.00 1.00 0 0 0 127 0 0 0 0 0 040619 162026.064
33.3014 12.0834 0.0000 0.00 0.00 1.00 0 0 0 127 0 0 0 0 0 040619 162026.264
33.2969 12.0851 0.0000 0.00 0.00 1.00 0 0 0 127 0 0 0 0 0 040619 162026.464
33.2991 12.0816 0.0000 0.00 0.00 1.00 0 0 0 127 0 0 0 0 0 040619 162026.664
33.3010 12.0831 0.0000 0.00 0.00 1.00 0 0 0 127 0 0 0 0 0 040619 162026.865
33.3006 12.0816 0.0000 0.00 0.00 1.00 0 0 0 127 0 0 0 0 0 040619 162027.065
33.2993 12.0799 0.0000 0.00 0.00 1.00 0 0 0 127 0 0 0 0 0 040619 162027.265
33.2988 12.0832 0.0000 0.00 0.00 1.00 0 0 0 127 0 0 0 0 0 040619 162027.465
33.2967 12.0814 0.0000 0.00 0.00 1.00 0 0 0 127 0 0 0 0 0 040619 162027.666
33.3015 12.0823 0.0000 0.00 0.00 1.00 0 0 0 127 0 0 0 0 0 040619 162027.866
33.2967 12.0803 0.0000 0.00 0.00 1.00 0 0 0 127 0 0 0 0 0 040619 162028.066
33.3017 12.0803 0.0000 0.00 0.00 1.00 0 0 0 127 0 0 0 0 0 040619 162028.266
33.3022 12.0818 0.0000 0.00 0.00 1.00 0 0 0 127 0 0 0 0 0 040619 162028.467
33.3014 12.0866 0.0000 0.00 0.00 1.00 0 0 0 127 0 0 0 0 0 040619 162028.667
33.3028 12.0840 0.0000 0.00 0.00 1.00 0 0 0 127 0 0 0 0 0 040619 162028.867
33.3009 12.0869 0.0000 0.00 0.00 1.00 0 0 0 127 0 0 0 0 0 040619 162029.067
33.2999 12.0849 0.0000 0.00 0.00 1.00 0 0 0 127 0 0 0 0 0 040619 162029.268
33.3014 12.0816 0.0000 0.00 0.00 1.00 0 0 0 127 0 0 0 0 0 040619 162029.468
33.3025 12.0840 0.0000 0.00 0.00 1.00 0 0 0 127 0 0 0 0 0 040619 162029.668
33.3049 12.0844 0.0000 0.00 0.00 1.00 0 0 0 127 0 0 0 0 0 040619 162029.868
33.3010 12.0845 0.0000 0.00 0.00 1.00 0 0 0 127 0 0 0 0 0 040619 162030.069
33.3025 12.0849 0.0000 0.00 0.00 1.00 0 0 0 127 0 0 0 0 0 040619 162030.269
33.3036 12.0855 0.0000 0.00 0.00 1.00 0 0 0 127 0 0 0 0 0 040619 162030.469
33.3026 12.0842 0.0000 0.00 0.00 1.00 0 0 0 127 0 0 0 0 0 040619 162030.669
33.3001 12.0857 0.0000 0.00 0.00 1.00 0 0 0 127 0 0 0 0 0 040619 162030.870
33.2985 12.0849 0.0000 0.00 0.00 1.00 0 0 0 127 0 0 0 0 0 040619 162031.070
33.2959 12.0810 0.0000 0.00 0.00 1.00 0 0 0 127 0 0 0 0 0 040619 162031.270
33.2990 12.0819 0.0000 0.00 0.00 1.00 0 0 0 127 0 0 0 0 0 040619 162031.470
33.2996 12.0818 0.0000 0.00 0.00 1.00 0 0 0 127 0 0 0 0 0 040619 162031.671
33.2979 12.0823 0.0000 0.00 0.00 1.00 0 0 0 127 0 0 0 0 0 040619 162031.871
33.3014 12.0832 0.0000 0.00 0.00 1.00 0 0 0 127 0 0 0 0 0 040619 162032.071
33.2979 12.0818 0.0000 0.00 0.00 1.00 0 0 0 127 0 0 0 0 0 040619 162032.271
33.2995 12.0829 0.0000 0.00 0.00 1.00 0 0 0 127 0 0 0 0 0 040619 162032.472
33.3004 12.0845 0.0000 0.00 0.00 1.00 0 0 0 127 0 0 0 0 0 040619 162032.672
33.2975 12.0827 0.0000 0.00 0.00 1.00 0 0 0 127 0 0 0 0 0 040619 162032.872
33.2998 12.0836 0.0000 0.00 0.00 1.00 0 0 0 127 0 0 0 0 0 040619 162033.072
33.3002 12.0818 0.0000 0.00 0.00 1.00 0 0 0 127 0 0 0 0 0 040619 162033.273
33.2999 12.0814 0.0000 0.00 0.00 1.00 0 0 0 127 0 0 0 0 0 040619 162033.473
33.2979 12.0808 0.0000 0.00 0.00 1.00 0 0 0 127 0 0 0 0 0 040619 162033.673
33.3014 12.0825 0.0000 0.00 0.00 1.00 0 0 0 127 0 0 0 0 0 040619 162033.873
33.2999 12.0810 0.0000 0.00 0.00 1.00 0 0 0 127 0 0 0 0 0 040619 162034.074
33.3018 12.0844 0.0000 0.00 0.00 1.00 0 0 0 127 0 0 0 0 0 040619 162034.274
33.2990 12.0844 0.0000 0.00 0.00 1.00 0 0 0 127 0 0 0 0 0 040619 162034.474
33.2985 12.0844 0.0000 0.00 0.00 1.00 0 0 0 127 0 0 0 0 0 040619 162034.674
33.3004 12.0845 0.0000 0.00 0.00 1.00 0 0 0 127 0 0 0 0 0 040619 162034.875
33.3004 12.0853 0.0000 0.00 0.00 1.00 0 0 0 127 0 0 0 0 0 040619 162035.075
33.3006 12.0857 0.0000 0.00 0.00 1.00 0 0 0 127 0 0 0 0 0 040619 162035.275
33.3006 12.0857 0.0000 0.00 0.00 1.00 0 0 0 127 0 0 0 0 0 040619 162035.475
33.3012 12.0840 0.0000 0.00 0.00 1.00 0 0 0 127 0 0 0 0 0 040619 162035.676
33.3006 12.0819 0.0000 0.00 0.00 1.00 0 0 0 127 0 0 0 0 0 040619 162035.876
33.2985 12.0792 0.0000 0.00 0.00 1.00 0 0 0 127 0 0 0 0 0 040619 162036.076
33.2999 12.0866 0.0000 0.00 0.00 1.00 0 0 0 127 0 0 0 0 0 040619 162036.277
33.2993 12.0849 0.0000 0.00 0.00 1.00 0 0 0 127 0 0 0 0 0 040619 162036.482
33.3006 12.0840 0.0000 0.00 0.00 1.00 0 0 0 127 0 0 0 0 0 040619 162036.682
33.3022 12.0808 0.0000 0.00 0.00 1.00 0 0 0 127 0 0 0 0 0 040619 162036.884
33.2996 12.0827 0.0000 0.00 0.00 1.00 0 0 0 127 0 0 0 0 0 040619 162037.084
33.2996 12.0823 0.0000 0.00 0.00 1.00 0 0 0 127 0 0 0 0 0 040619 162037.284
33.2993 12.0825 0.0000 0.00 0.00 1.00 0 0 0 127 0 0 0 0 0 040619 162037.485
33.2993 12.0825 0.0000 0.00 0.00 1.00 0 0 0 127 0 0 0 0 0 040619 162037.685
33.2953 12.0829 0.0000 0.00 0.00 1.00 0 0 0 127 0 0 0 0 0 040619 162037.890
33.2996 12.0816 0.0000 0.00 0.00 1.00 0 0 0 127 0 0 0 0 0 040619 162038.091
33.2991 12.0816 0.0000 0.00 0.00 1.00 0 0 0 127 0 0 0 0 0 040619 162038.291
33.3012 12.0806 0.0000 0.00 0.00 1.00 0 0 0 127 0 0 0 0 0 040619 162038.491
33.2987 12.0810 0.0000 0.00 0.00 1.00 0 0 0 127 0 0 0 0 0 040619 162038.691
33.2987 12.0836 0.0000 0.00 0.00 1.00 0 0 0 127 0 0 0 0 0 040619 162038.892
33.3006 12.0838 0.0000 0.00 0.00 1.00 0 0 0 127 0 0 0 0 0 040619 162039.092
33.2971 12.0831 0.0000 0.00 0.00 1.00 0 0 0 127 0 0 0 0 0 040619 162039.292
33.2991 12.0825 0.0000 0.00 0.00 1.00 0 0 0 127 0 0 0 0 0 040619 162039.493
33.2974 12.0819 0.0000 0.00 0.00 1.00 0 0 0 127 0 0 0 0 0 040619 162039.693
33.2967 12.0797 0.0000 0.00 0.00 1.00 0 0 0 127 0 0 0 0 0 040619 162039.893
33.2980 12.0816 0.0000 0.00 0.00 1.00 0 0 0 127 0 0 0 0 0 040619 162040.093
33.2982 12.0842 0.0000 0.00 0.00 1.00 0 0 0 127 0 0 0 0 0 040619 162040.294
33.3009 12.0858 0.0000 0.00 0.00 1.00 0 0 0 127 0 0 0 0 0 040619 162040.494
33.2975 12.0814 0.0000 0.00 0.00 1.00 0 0 0 127 0 0 0 0 0 040619 162040.694
33.2996 12.0814 0.0000 0.00 0.00 1.00 0 0 0 127 0 0 0 0 0 040619 162040.894
33.2966 12.0847 0.0000 0.00 0.00 1.00 0 0 0 127 0 0 0 0 0 040619 162041.095
33.2983 12.0829 0.0000 0.00 0.00 1.00 0 0 0 127 0 0 0 0 0 040619 162041.296
33.2996 12.0819 0.0000 0.00 0.00 1.00 0 0 0 127 0 0 0 0 0 040619 162041.496
33.3004 12.0836 0.0000 0.00 0.00 1.00 0 0 0 127 0 0 0 0 0 040619 162041.696
33.2998 12.0847 0.0000 0.00 0.00 1.00 0 0 0 127 0 0 0 0 0 040619 162041.897
33.2998 12.0847 0.0000 0.00 0.00 1.00 0 0 0 127 0 0 0 0 0 040619 162042.097
33.3012 12.0855 0.0000 0.00 0.00 1.00 0 0 0 127 0 0 0 0 0 040619 162042.297
33.3004 12.0873 0.0000 0.00 0.00 1.00 0 0 0 127 0 0 0 0 0 040619 162042.497
33.2963 12.0849 0.0000 0.00 0.00 1.00 0 0 0 127 0 0 0 0 0 040619 162042.698
33.2999 12.0812 0.0000 0.00 0.00 1.00 0 0 0 127 0 0 0 0 0 040619 162042.898
33.2996 12.0825 0.0000 0.00 0.00 1.00 0 0 0 127 0 0 0 0 0 040619 162043.098
33.2977 12.0853 0.0000 0.00 0.00 1.00 0 0 0 127 0 0 0 0 0 040619 162043.298
33.2996 12.0827 0.0000 0.00 0.00 1.00 0 0 0 127 0 0 0 0 0 040619 162043.498
33.2996 12.0827 0.0000 0.00 0.00 1.00 0 0 0 127 0 0 0 0 0 040619 162043.699
33.3007 12.0818 0.0000 0.00 0.00 1.00 0 0 0 127 0 0 0 0 0 040619 162043.899
33.2972 12.0814 0.0000 0.00 0.00 1.00 0 0 0 127 0 0 0 0 0 040619 162044.099
33.3004 12.0823 0.0000 0.00 0.00 1.00 0 0 0 127 0 0 0 0 0 040619 162044.299
33.3030 12.0834 0.0000 0.00 0.00 1.00 0 0 0 127 0 0 0 0 0 040619 162044.500
33.2988 12.0844 0.0000 0.00 0.00 1.00 0 0 0 127 0 0 0 0 0 040619 162044.702
33.3012 12.0818 0.0000 0.00 0.00 1.00 0 0 0 127 0 0 0 0 0 040619 162044.902
33.3026 12.0851 0.0000 0.00 0.00 1.00 0 0 0 127 0 0 0 0 0 040619 162045.102
33.3023 12.0814 0.0000 0.00 0.00 1.00 0 0 0 127 0 0 0 0 0 040619 162045.302
33.3006 12.0877 0.0000 0.00 0.00 1.00 0 0 0 127 0 0 0 0 0 040619 162045.503
33.3006 12.0877 0.0000 0.00 0.00 1.00 0 0 0 127 0 0 0 0 0 040619 162045.703
33.3044 12.0853 0.0000 0.00 0.00 1.00 0 0 0 127 0 0 0 0 0 040619 162045.903
33.3015 12.0829 0.0000 0.00 0.00 1.00 0 0 0 127 0 0 0 0 0 040619 162046.103
33.3015 12.0829 0.0000 0.00 0.00 1.00 0 0 0 127 0 0 0 0 0 040619 162046.304
33.3028 12.0855 0.0000 0.00 0.00 1.00 0 0 0 127 0 0 0 0 0 040619 162046.504
33.2983 12.0816 0.0000 0.00 0.00 1.00 0 0 0 127 0 0 0 0 0 040619 162046.704
33.3015 12.0827 0.0000 0.00 0.00 1.00 0 0 0 127 0 0 0 0 0 040619 162046.904
33.2977 12.0816 0.0000 0.00 0.00 1.00 0 0 0 127 0 0 0 0 0 040619 162047.105
33.2977 12.0816 0.0000 0.00 0.00 1.00 0 0 0 127 0 0 0 0 0 040619 162047.305
33.2996 12.0829 0.0000 0.00 0.00 1.00 0 0 0 127 0 0 0 0 0 040619 162047.505
33.3020 12.0832 0.0000 0.00 0.00 1.00 0 0 0 127 0 0 0 0 0 040619 162047.705
33.3020 12.0805 0.0000 0.00 0.00 1.00 0 0 0 127 0 0 0 0 0 040619 162047.905
33.3020 12.0805 0.0000 0.00 0.00 1.00 0 0 0 127 0 0 0 0 0 040619 162048.106
33.3002 12.0829 0.0000 0.00 0.00 1.00 0 0 0 127 0 0 0 0 0 040619 162048.306
33.2983 12.0799 0.0000 0.00 0.00 1.00 0 0 0 127 0 0 0 0 0 040619 162048.506
33.2983 12.0799 0.0000 0.00 0.00 1.00 0 0 0 127 0 0 0 0 0 040619 162048.706
33.2991 12.0869 0.0000 0.00 0.00 1.00 0 0 0 127 0 0 0 0 0 040619 162048.907
33.2991 12.0860 0.0000 0.00 0.00 1.00 0 0 0 127 0 0 0 0 0 040619 162049.107
33.2991 12.0860 0.0000 0.00 0.00 1.00 0 0 0 127