6.3999 -0.8090 0.0000 0.00 0.00 1.00 0 0 0 112 1 0 0 0 0 231119 154814.221
6.4004 -0.8101 0.0000 0.00 0.00 1.00 0 0 0 112 1 0 0 0 0 231119 154814.421
6.4035 -0.8115 0.0000 0.00 0.00 1.00 0 0 0 112 1 0 0 0 0 231119 154814.622
6.4355 -0.8272 0.0000 0.00 0.00 1.00 0 0 0 112 1 0 0 0 0 231119 154814.822
6.4722 -0.8437 0.0000 0.00 0.00 1.00 0 0 0 112 1 0 0 0 0 231119 154815.022
6.5077 -0.8623 0.0000 0.00 0.00 1.00 0 0 0 112 1 0 0 0 0 231119 154815.222
6.5370 -0.8768 0.0000 0.00 0.00 1.00 0 0 0 112 1 0 0 0 0 231119 154815.422
6.5679 -0.8924 0.0000 0.00 0.00 1.00 0 0 0 112 1 0 0 0 0 231119 154815.623
6.5888 -0.9040 0.0000 0.00 0.00 1.00 0 0 0 112 1 0 0 0 0 231119 154815.823
6.6206 -0.9186 0.0000 0.00 0.00 1.00 0 0 0 112 1 0 0 0 0 231119 154816.023
6.6479 -0.9339 0.0000 0.00 0.00 1.00 0 0 0 112 1 0 0 0 0 231119 154816.223
6.6863 -0.9527 0.0000 0.00 0.00 1.00 0 0 0 112 1 0 0 0 0 231119 154816.423
6.7114 -0.9656 0.0000 0.00 0.00 1.00 0 0 0 112 1 0 0 0 0 231119 154816.624
6.7436 -0.9798 0.0000 0.00 0.00 1.00 0 0 0 112 1 0 0 0 0 231119 154816.824
6.7815 -1.0003 0.0000 0.00 0.00 1.00 0 0 0 112 1 0 0 0 0 231119 154817.024
6.8031 -1.0100 0.0000 0.00 0.00 1.00 0 0 0 112 1 0 0 0 0 231119 154817.224
6.8344 -1.0254 0.0000 0.00 0.00 1.00 0 0 0 112 1 0 0 0 0 231119 154817.424
6.8710 -1.0461 0.0000 0.00 0.00 1.00 0 0 0 112 1 0 0 0 0 231119 154817.625
6.8960 -1.0562 0.0000 0.00 0.00 1.00 0 0 0 112 1 0 0 0 0 231119 154817.825
6.9334 -1.0760 0.0000 0.00 0.00 1.00 0 0 0 112 1 0 0 0 0 231119 154818.025
6.9561 -1.0871 0.0000 0.00 0.00 1.00 0 0 0 112 1 0 0 0 0 231119 154818.225
6.9851 -1.1035 0.0000 0.00 0.00 1.00 0 0 0 112 1 0 0 0 0 231119 154818.426
7.0143 -1.1164 0.0000 0.00 0.00 1.00 0 0 0 112 1 0 0 0 0 231119 154818.626
7.0446 -1.1327 0.0000 0.00 0.00 1.00 0 0 0 112 1 0 0 0 0 231119 154818.826
7.0751 -1.1457 0.0000 0.00 0.00 1.00 0 0 0 112 1 0 0 0 0 231119 154819.026
7.1116 -1.1669 0.0000 0.00 0.00 1.00 0 0 0 112 1 0 0 0 0 231119 154819.226
7.1407 -1.1822 0.0000 0.00 0.00 1.00 0 0 0 112 1 0 0 0 0 231119 154819.427
7.1648 -1.1925 0.0000 0.00 0.00 1.00 0 0 0 112 1 0 0 0 0 231119 154819.627
7.1974 -1.2070 0.0000 0.00 0.00 1.00 0 0 0 112 1 0 0 0 0 231119 154819.827
7.2362 -1.2291 0.0000 0.00 0.00 1.00 0 0 0 112 1 0 0 0 0 231119 154820.027
7.2577 -1.2387 0.0000 0.00 0.00 1.00 0 0 0 112 1 0 0 0 0 231119 154820.227
7.2859 -1.2543 0.0000 0.00 0.00 1.00 0 0 0 112 1 0 0 0 0 231119 154820.428
7.3240 -1.2732 0.0000 0.00 0.00 1.00 0 0 0 112 1 0 0 0 0 231119 154820.628
7.3496 -1.2851 0.0000 0.00 0.00 1.00 0 0 0 112 1 0 0 0 0 231119 154820.828
7.3900 -1.3034 0.0000 0.00 0.00 1.00 0 0 0 112 1 0 0 0 0 231119 154821.028
7.4115 -1.3138 0.0000 0.00 0.00 1.00 0 0 0 112 1 0 0 0 0 231119 154821.228
7.4420 -1.3310 0.0000 0.00 0.00 1.00 0 0 0 112 1 0 0 0 0 231119 154821.428
7.4715 -1.3454 0.0000 0.00 0.00 1.00 0 0 0 112 1 0 0 0 0 231119 154821.629
7.5022 -1.3576 0.0000 0.00 0.00 1.00 0 0 0 112 1 0 0 0 0 231119 154821.829
7.5297 -1.3733 0.0000 0.00 0.00 1.00 0 0 0 112 1 0 0 0 0 231119 154822.029
7.5666 -1.3893 0.0000 0.00 0.00 1.00 0 0 0 112 1 0 0 0 0 231119 154822.229
7.5991 -1.4038 0.0000 0.00 0.00 1.00 0 0 0 112 1 0 0 0 0 231119 154822.429
7.6247 -1.4195 0.0000 0.00 0.00 1.00 0 0 0 112 1 0 0 0 0 231119 154822.630
7.6500 -1.4282 0.0000 0.00 0.00 1.00 0 0 0 112 1 0 0 0 0 231119 154822.830
7.6893 -1.4445 0.0000 0.00 0.00 1.00 0 0 0 112 1 0 0 0 0 231119 154823.030
7.7091 -1.4597 0.0000 0.00 0.00 1.00 0 0 0 112 1 0 0 0 0 231119 154823.230
7.7303 -1.4695 0.0000 0.00 0.00 1.00 0 0 0 112 1 0 0 0 0 231119 154823.430
7.7863 -1.4950 0.0000 0.00 0.00 1.00 0 0 0 112 1 0 0 0 0 231119 154823.631
7.7989 -1.5013 0.0000 0.00 0.00 1.00 0 0 0 112 1 0 0 0 0 231119 154823.831
7.8303 -1.5172 0.0000 0.00 0.00 1.00 0 0 0 112 1 0 0 0 0 231119 154824.031
7.8684 -1.5396 0.0000 0.00 0.00 1.00 0 0 0 112 1 0 0 0 0 231119 154824.232
7.8936 -1.5494 0.0000 0.00 0.00 1.00 0 0 0 112 1 0 0 0 0 231119 154824.432
7.9349 -1.5662 0.0000 0.00 0.00 1.00 0 0 0 112 1 0 0 0 0 231119 154824.632
7.9729 -1.5837 0.0000 0.00 0.00 1.00 0 0 0 112 1 0 0 0 0 231119 154824.832
7.9954 -1.5955 0.0000 0.00 0.00 1.00 0 0 0 112 1 0 0 0 0 231119 154825.032
8.0240 -1.6116 0.0000 0.00 0.00 1.00 0 0 0 112 1 0 0 0 0 231119 154825.232
8.0491 -1.6230 0.0000 0.00 0.00 1.00 0 0 0 112 1 0 0 0 0 231119 154825.433
8.0803 -1.6359 0.0000 0.00 0.00 1.00 0 0 0 112 1 0 0 0 0 231119 154825.633
8.1179 -1.6543 0.0000 0.00 0.00 1.00 0 0 0 112 1 0 0 0 0 231119 154825.833
8.1486 -1.6668 0.0000 0.00 0.00 1.00 0 0 0 112 1 0 0 0 0 231119 154826.033
8.1868 -1.6857 0.0000 0.00 0.00 1.00 0 0 0 112 1 0 0 0 0 231119 154826.233
8.2078 -1.6967 0.0000 0.00 0.00 1.00 0 188 250 112 1 0 0 0 0 231119 154826.433
8.2285 -1.7072 0.0000 0.00 0.00 1.00 0 201 251 112 1 0 0 0 0 231119 154826.634
8.2556 -1.7217 0.0000 0.00 0.00 1.00 0 169 250 112 1 0 0 0 0 231119 154826.834
8.2934 -1.7392 0.0000 0.00 0.00 1.00 0 64 252 112 1 0 0 0 0 231119 154827.034
8.3157 -1.7489 0.0000 0.00 0.00 1.00 0 188 251 112 1 0 0 0 0 231119 154827.234
8.3507 -1.7666 0.0000 0.00 0.00 1.00 0 209 248 112 1 0 0 0 0 231119 154827.434
8.3725 -1.7757 0.0000 0.00 0.00 1.00 0 173 252 112 1 0 0 0 0 231119 154827.634
8.4144 -1.7941 0.0000 0.00 0.00 1.00 0 159 249 112 1 0 0 0 0 231119 154827.835
8.4448 -1.8101 0.0000 0.00 0.00 1.00 0 99 252 112 1 0 0 0 0 231119 154828.035
8.4730 -1.8233 0.0000 0.00 0.00 1.00 0 43 252 112 1 0 0 0 0 231119 154828.235
8.5035 -1.8364 0.0000 0.00 0.00 1.00 0 131 250 112 1 0 0 0 0 231119 154828.435
8.5366 -1.8479 0.0000 0.00 0.00 1.00 0 55 255 112 1 0 0 0 0 231119 154828.635
8.5599 -1.8570 0.0000 0.00 0.00 1.00 0 114 254 112 1 0 0 0 0 231119 154828.835
8.5899 -1.8725 0.0000 0.00 0.00 1.00 0 28 252 112 1 0 0 0 0 231119 154829.036
8.6261 -1.8892 0.0000 0.00 0.00 1.00 0 29 252 112 1 0 0 0 0 231119 154829.236
8.6644 -1.9042 0.0000 0.00 0.00 1.00 0 149 253 112 1 0 0 0 0 231119 154829.436
8.6773 -1.9097 0.0000 0.00 0.00 1.00 0 112 252 112 1 0 0 0 0 231119 154829.636
8.6997 -1.9190 0.0000 0.00 0.00 1.00 0 84 253 112 1 0 0 0 0 231119 154829.836
8.7286 -1.9308 0.0000 0.00 0.00 1.00 0 124 254 112 1 0 0 0 0 231119 154830.037
8.7690 -1.9499 0.0000 0.00 0.00 1.00 0 87 253 112 1 0 0 0 0 231119 154830.237
8.7913 -1.9572 0.0000 0.00 0.00 1.00 0 71 252 112 1 0 0 0 0 231119 154830.437
8.8178 -1.9707 0.0000 0.00 0.00 1.00 0 74 251 112 1 0 0 0 0 231119 154830.637
8.8572 -1.9852 0.0000 0.00 0.00 1.00 0 0 0 112 1 0 0 0 0 231119 154830.837
8.8850 -1.9960 0.0000 0.00 0.00 1.00 0 242 240 112 1 0 0 0 0 231119 154831.038
8.9079 -2.0029 0.0000 0.00 0.00 1.00 0 143 239 112 1 0 0 0 0 231119 154831.238
8.9399 -2.0186 0.0000 0.00 0.00 1.00 0 61 243 112 1 0 0 0 0 231119 154831.438
8.9758 -2.0343 0.0000 0.00 0.00 1.00 0 41 238 112 1 0 0 0 0 231119 154831.638
9.0025 -2.0474 0.0000 0.00 0.00 1.00 0 43 244 112 1 0 0 0 0 231119 154831.838
9.0245 -2.0594 0.0000 0.00 0.00 1.00 0 105 242 112 1 0 0 0 0 231119 154832.039
9.0590 -2.0725 0.0000 0.00 0.00 1.00 0 18 236 112 1 0 0 0 0 231119 154832.239
9.0814 -2.0788 0.0000 0.00 0.00 1.00 0 185 237 112 1 0 0 0 0 231119 154832.439
9.1115 -2.0900 0.0000 0.00 0.00 1.00 0 51 241 112 1 0 0 0 0 231119 154832.639
9.1484 -2.1009 0.0000 0.00 0.00 1.00 0 181 235 112 1 0 0 0 0 231119 154832.840
9.1764 -2.1105 0.0000 0.00 0.00 1.00 0 156 242 112 1 0 0 0 0 231119 154833.040
9.2182 -2.1247 0.0000 0.00 0.00 1.00 0 21 243 112 1 0 0 0 0 231119 154833.240
9.2304 -2.1288 0.0000 0.00 0.00 1.00 0 201 241 112 1 0 0 0 0 231119 154833.440
9.2578 -2.1363 0.0000 0.00 0.00 1.00 0 200 241 112 1 0 0 0 0 231119 154833.640
9.2944 -2.1499 0.0000 0.00 0.00 1.00 0 251 229 112 1 0 0 0 0 231119 154833.841
9.3169 -2.1558 0.0000 0.00 0.00 1.00 0 207 235 112 1 0 0 0 0 231119 154834.041
9.3517 -2.1667 0.0000 0.00 0.00 1.00 0 37 237 112 1 0 0 0 0 231119 154834.241
9.3774 -2.1743 0.0000 0.00 0.00 1.00 0 89 240 112 1 0 0 0 0 231119 154834.441
9.4051 -2.1851 0.0000 0.00 0.00 1.00 0 172 237 112 1 0 0 0 0 231119 154834.641
9.4377 -2.1917 0.0000 0.00 0.00 1.00 0 253 239 112 1 0 0 0 0 231119 154834.841
9.4580 -2.1960 0.0000 0.00 0.00 1.00 0 164 233 112 1 0 0 0 0 231119 154835.041
9.4871 -2.2018 0.0000 0.00 0.00 1.00 0 130 238 112 1 0 0 0 0 231119 154835.242
9.5254 -2.2127 0.0000 0.00 0.00 1.00 0 251 228 112 1 0 0 0 0 231119 154835.442
9.5529 -2.2229 0.0000 0.00 0.00 1.00 0 11 228 112 1 0 0 0 0 231119 154835.642
9.5823 -2.2298 0.0000 0.00 0.00 1.00 0 201 237 112 1 0 0 0 0 231119 154835.842
9.6190 -2.2372 0.0000 0.00 0.00 1.00 0 30 229 112 1 0 0 0 0 231119 154836.043
9.6324 -2.2414 0.0000 0.00 0.00 1.00 0 169 234 112 1 0 0 0 0 231119 154836.243
9.6719 -2.2446 0.0000 0.00 0.00 1.00 0 167 231 112 1 0 0 0 0 231119 154836.443
9.7002 -2.2516 0.0000 0.00 0.00 1.00 0 169 225 112 1 0 0 0 0 231119 154836.643
9.7278 -2.2566 0.0000 0.00 0.00 1.00 0 0 238 112 1 0 0 0 0 231119 154836.844
9.7535 -2.2610 0.0000 0.00 0.00 1.00 0 38 237 112 1 0 0 0 0 231119 154837.044
9.7847 -2.2664 0.0000 0.00 0.00 1.00 0 81 233 112 1 0 0 0 0 231119 154837.244
9.8116 -2.2772 0.0000 0.00 0.00 1.00 0 145 228 112 1 0 0 0 0 231119 154837.444
9.8374 -2.2776 0.0000 0.00 0.00 1.00 0 78 226 112 1 0 0 0 0 231119 154837.645
9.8696 -2.2817 0.0000 0.00 0.00 1.00 0 82 232 112 1 0 0 0 0 231119 154837.845
9.8992 -2.2858 0.0000 0.00 0.00 1.00 0 17 237 112 1 0 0 0 0 231119 154838.045
9.9259 -2.2873 0.0000 0.00 0.00 1.00 0 187 233 112 1 0 0 0 0 231119 154838.245
9.9584 -2.2931 0.0000 0.00 0.00 1.00 0 112 226 112 1 0 0 0 0 231119 154838.446
9.9891 -2.2934 0.0000 0.00 0.00 1.00 0 152 224 112 1 0 0 0 0 231119 154838.646
10.0240 -2.2872 0.0000 0.00 0.00 1.00 0 125 234 112 1 0 0 0 0 231119 154838.846
10.0478 -2.2912 0.0000 0.00 0.00 1.00 0 17 230 112 1 0 0 0 0 231119 154839.047
10.0762 -2.3000 0.0000 0.00 0.00 1.00 0 217 252 112 1 0 0 0 0 231119 154839.247
10.1056 -2.2967 0.0000 0.00 0.00 1.00 0 96 231 112 1 0 0 0 0 231119 154839.447
10.1434 -2.2995 0.0000 0.00 0.00 1.00 0 70 226 112 1 0 0 0 0 231119 154839.647
10.1679 -2.3043 0.0000 0.00 0.00 1.00 0 52 214 112 1 0 0 0 0 231119 154839.848
10.1929 -2.3083 0.0000 0.00 0.00 1.00 0 205 229 112 1 0 0 0 0 231119 154840.048
10.2074 -2.3147 0.0000 0.00 0.00 1.00 0 42 227 112 1 0 0 0 0 231119 154840.248
10.2252 -2.3175 0.0000 0.00 0.00 1.00 0 62 226 112 1 0 0 0 0 231119 154840.448
10.2539 -2.3182 0.0000 0.00 0.00 1.00 0 146 230 112 1 0 0 0 0 231119 154840.648
10.2678 -2.3187 0.0000 0.00 0.00 1.00 0 44 227 112 1 0 0 0 0 231119 154840.848
10.2863 -2.3218 0.0000 0.00 0.00 1.00 0 155 225 112 1 0 0 0 0 231119 154841.049
10.3085 -2.3255 0.0000 0.00 0.00 1.00 0 62 221 112 1 0 0 0 0 231119 154841.249
10.3327 -2.3306 0.0000 0.00 0.00 1.00 0 188 226 112 1 0 0 0 0 231119 154841.449
10.3618 -2.3335 0.0000 0.00 0.00 1.00 0 196 226 112 1 0 0 0 0 231119 154841.649
10.3824 -2.3323 0.0000 0.00 0.00 1.00 0 152 228 112 1 0 0 0 0 231119 154841.849
10.4076 -2.3357 0.0000 0.00 0.00 1.00 0 77 219 112 1 0 0 0 0 231119 154842.050
10.4238 -2.3398 0.0000 0.00 0.00 1.00 0 53 220 112 1 0 0 0 0 231119 154842.250
10.4368 -2.3391 0.0000 0.00 0.00 1.00 0 80 228 112 1 0 0 0 0 231119 154842.450
10.4634 -2.3377 0.0000 0.00 0.00 1.00 0 160 227 112 1 0 0 0 0 231119 154842.650
10.4862 -2.3390 0.0000 0.00 0.00 1.00 0 40 221 112 1 0 0 0 0 231119 154842.850
10.5075 -2.3381 0.0000 0.00 0.00 1.00 0 86 227 112 1 0 0 0 0 231119 154843.050
10.5223 -2.3362 0.0000 0.00 0.00 1.00 0 136 224 112 1 0 0 0 0 231119 154843.250
10.5433 -2.3318 0.0000 0.00 0.00 1.00 0 172 226 112 1 0 0 0 0 231119 154843.451
10.5616 -2.3287 0.0000 0.00 0.00 1.00 0 58 222 112 1 0 0 0 0 231119 154843.651
10.5843 -2.3230 0.0000 0.00 0.00 1.00 0 89 226 112 1 0 0 0 0 231119 154843.851
10.5912 -2.3235 0.0000 0.00 0.00 1.00 0 248 224 112 1 0 0 0 0 231119 154844.051
10.6068 -2.3188 0.0000 0.00 0.00 1.00 0 161 224 112 1 0 0 0 0 231119 154844.251
10.6139 -2.3179 0.0000 0.00 0.00 1.00 0 6 226 112 1 0 0 0 0 231119 154844.451
10.6209 -2.3110 0.0000 0.00 0.00 1.00 0 7 229 112 1 0 0 0 0 231119 154844.652
10.6304 -2.3044 0.0000 0.00 0.00 1.00 0 166 225 112 1 0 0 0 0 231119 154844.852
10.6407 -2.2995 0.0000 0.00 0.00 1.00 0 191 226 112 1 0 0 0 0 231119 154845.052
10.6439 -2.2974 0.0000 0.00 0.00 1.00 0 72 227 112 1 0 0 0 0 231119 154845.252
10.6551 -2.2922 0.0000 0.00 0.00 1.00 0 0 225 112 1 0 0 0 0 231119 154845.452
10.6700 -2.2872 0.0000 0.00 0.00 1.00 0 207 226 112 1 0 0 0 0 231119 154845.653
10.6792 -2.2795 0.0000 0.00 0.00 1.00 0 194 226 112 1 0 0 0 0 231119 154845.853
10.7034 -2.2654 0.0000 0.00 0.00 1.00 0 45 226 112 1 0 0 0 0 231119 154846.053
10.7207 -2.2558 0.0000 0.00 0.00 1.00 0 43 227 112 1 0 0 0 0 231119 154846.253
10.7470 -2.2444 0.0000 0.00 0.00 1.00 0 34 226 112 1 0 0 0 0 231119 154846.453
10.7624 -2.2417 0.0000 0.00 0.00 1.00 0 166 220 112 1 0 0 0 0 231119 154846.653
10.7777 -2.2304 0.0000 0.00 0.00 1.00 0 206 75 112 1 0 0 0 0 231119 154846.853
10.7988 -2.1923 0.0000 0.00 0.00 1.00 0 74 229 112 1 0 0 0 0 231119 154847.054
10.8108 -2.1786 0.0000 0.00 0.00 1.00 0 111 228 112 1 0 0 0 0 231119 154847.254
10.8195 -2.1767 0.0000 0.00 0.00 1.00 0 104 219 112 1 0 0 0 0 231119 154847.454
10.8154 -2.1790 0.0000 0.00 0.00 1.00 0 97 227 112 1 0 0 0 0 231119 154847.654
10.8185 -2.1733 0.0000 0.00 0.00 1.00 0 141 229 112 1 0 0 0 0 231119 154847.854
10.8226 -2.1695 0.0000 0.00 0.00 1.00 0 224 226 112 1 0 0 0 0 231119 154848.055
10.8223 -2.1679 0.0000 0.00 0.00 1.00 0 34 229 112 1 0 0 0 0 231119 154848.255
10.8213 -2.1647 0.0000 0.00 0.00 1.00 0 12 230 112 1 0 0 0 0 231119 154848.455
10.8050 -2.1702 0.0000 0.00 0.00 1.00 0 107 231 112 1 0 0 0 0 231119 154848.655
10.7892 -2.1835 0.0000 0.00 0.00 1.00 0 5 234 112 1 0 0 0 0 231119 154848.855
10.7568 -2.1926 0.0000 0.00 0.00 1.00 0 113 238 112 1 0 0 0 0 231119 154849.055
10.7133 -2.2067 0.0000 0.00 0.00 1.00 0 186 221 112 1 0 0 0 0 231119 154849.256
10.6982 -2.2032 0.0000 0.00 0.00 1.00 0 225 238 112 1 0 0 0 0 231119 154849.456
10.9290 -2.0239 0.0000 0.00 0.00 1.00 0 47 233 112 1 0 0 0 0 231119 154849.656
10.9463 -2.0005 0.0000 0.00 0.00 1.00 0 252 229 112 1 0 0 0 0 231119 154849.856
10.9630 -1.9711 0.0000 0.00 0.00 1.00 0 27 230 112 1 0 0 0 0 231119 154850.056
10.9750 -1.9473 0.0000 0.00 0.00 1.00 0 111 232 112 1 0 0 0 0 231119 154850.257
10.9960 -1.9121 0.0000 0.00 0.00 1.00 0 18 232 112 1 0 0 0 0 231119 154850.457
11.0055 -1.8953 0.0000 0.00 0.00 1.00 0 53 232 112 1 0 0 0 0 231119 154850.657
11.0206 -1.8650 0.0000 0.00 0.00 1.00 0 155 232 112 1 0 0 0 0 231119 154850.857
11.0367 -1.8391 0.0000 0.00 0.00 1.00 0 51 233 112 1 0 0 0 0 231119 154851.057
11.0472 -1.8174 0.0000 0.00 0.00 1.00 0 9 232 112 1 0 0 0 0 231119 154851.257
11.0582 -1.7846 0.0000 0.00 0.00 1.00 0 0 242 112 1 0 0 0 0 231119 154851.458
11.0698 -1.7594 0.0000 0.00 0.00 1.00 0 90 237 112 1 0 0 0 0 231119 154851.658
11.0760 -1.7433 0.0000 0.00 0.00 1.00 0 95 234 112 1 0 0 0 0 231119 154851.858
11.0856 -1.7171 0.0000 0.00 0.00 1.00 0 73 238 112 1 0 0 0 0 231119 154852.058
11.1024 -1.6823 0.0000 0.00 0.00 1.00 0 197 234 112 1 0 0 0 0 231119 154852.258
11.1120 -1.6620 0.0000 0.00 0.00 1.00 0 227 233 112 1 0 0 0 0 231119 154852.458
11.1204 -1.6356 0.0000 0.00 0.00 1.00 0 110 236 112 1 0 0 0 0 231119 154852.659
11.1307 -1.6061 0.0000 0.00 0.00 1.00 0 117 236 112 1 0 0 0 0 231119 154852.859
11.1404 -1.5799 0.0000 0.00 0.00 1.00 0 110 240 112 1 0 0 0 0 231119 154853.059
11.1476 -1.5589 0.0000 0.00 0.00 1.00 0 8 238 112 1 0 0 0 0 231119 154853.259
11.1587 -1.5345 0.0000 0.00 0.00 1.00 0 188 233 112 1 0 0 0 0 231119 154853.460
11.1761 -1.4995 0.0000 0.00 0.00 1.00 0 11 237 112 1 0 0 0 0 231119 154853.660
11.1852 -1.4789 0.0000 0.00 0.00 1.00 0 253 235 112 1 0 0 0 0 231119 154853.860
11.1930 -1.4511 0.0000 0.00 0.00 1.00 0 228 244 112 1 0 0 0 0 231119 154854.060
11.2043 -1.4151 0.0000 0.00 0.00 1.00 0 218 238 112 1 0 0 0 0 231119 154854.260
11.2143 -1.3916 0.0000 0.00 0.00 1.00 0 184 238 112 1 0 0 0 0 231119 154854.460
11.2241 -1.3592 0.0000 0.00 0.00 1.00 0 162 241 112 1 0 0 0 0 231119 154854.661
11.2290 -1.3471 0.0000 0.00 0.00 1.00 0 166 237 112 1 0 0 0 0 231119 154854.861
11.2416 -1.3112 0.0000 0.00 0.00 1.00 0 118 241 112 1 0 0 0 0 231119 154855.061
11.2527 -1.2733 0.0000 0.00 0.00 1.00 0 161 237 112 1 0 0 0 0 231119 154855.261
11.2562 -1.2583 0.0000 0.00 0.00 1.00 0 242 240 112 1 0 0 0 0 231119 154855.461
11.2678 -1.2145 0.0000 0.00 0.00 1.00 0 146 243 112 1 0 0 0 0 231119 154855.662
11.2730 -1.1917 0.0000 0.00 0.00 1.00 0 35 239 112 1 0 0 0 0 231119 154855.862
11.2817 -1.1554 0.0000 0.00 0.00 1.00 0 162 246 112 1 0 0 0 0 231119 154856.062
11.2921 -1.1235 0.0000 0.00 0.00 1.00 0 31 244 112 1 0 0 0 0 231119 154856.262
11.3005 -1.0955 0.0000 0.00 0.00 1.00 0 150 243 112 1 0 0 0 0 231119 154856.463
11.3064 -1.0660 0.0000 0.00 0.00 1.00 0 222 244 112 1 0 0 0 0 231119 154856.663
11.3136 -1.0298 0.0000 0.00 0.00 1.00 0 247 243 112 1 0 0 0 0 231119 154856.863
11.3208 -1.0072 0.0000 0.00 0.00 1.00 0 207 243 112 1 0 0 0 0 231119 154857.063
11.3275 -0.9797 0.0000 0.00 0.00 1.00 0 120 248 112 1 0 0 0 0 231119 154857.264
11.3373 -0.9484 0.0000 0.00 0.00 1.00 0 93 246 112 1 0 0 0 0 231119 154857.464
11.3442 -0.9180 0.0000 0.00 0.00 1.00 0 38 245 112 1 0 0 0 0 231119 154857.664
11.3536 -0.8832 0.0000 0.00 0.00 1.00 0 50 245 112 1 0 0 0 0 231119 154857.864
11.3559 -0.8530 0.0000 0.00 0.00 1.00 0 44 249 112 1 0 0 0 0 231119 154858.064
11.3640 -0.8261 0.0000 0.00 0.00 1.00 0 204 245 112 1 0 0 0 0 231119 154858.265
11.3727 -0.7883 0.0000 0.00 0.00 1.00 0 210 249 112 1 0 0 0 0 231119 154858.465
11.3788 -0.7521 0.0000 0.00 0.00 1.00 0 109 251 112 1 0 0 0 0 231119 154858.665
11.3788 -0.7274 0.0000 0.00 0.00 1.00 0 231 246 112 1 0 0 0 0 231119 154858.865
11.3881 -0.6873 0.0000 0.00 0.00 1.00 0 18 250 112 1 0 0 0 0 231119 154859.065
11.3923 -0.6536 0.0000 0.00 0.00 1.00 0 112 247 112 1 0 0 0 0 231119 154859.266
11.3933 -0.6225 0.0000 0.00 0.00 1.00 0 33 253 112 1 0 0 0 0 231119 154859.466
11.3983 -0.5883 0.0000 0.00 0.00 1.00 0 172 246 112 1 0 0 0 0 231119 154859.666
11.4038 -0.5472 0.0000 0.00 0.00 1.00 0 151 255 112 1 0 0 0 0 231119 154859.866
11.4109 -0.5102 0.0000 0.00 0.00 1.00 0 87 252 112 1 0 0 0 0 231119 154900.066
11.4109 -0.4889 0.0000 0.00 0.00 1.00 0 138 251 112 1 0 0 0 0 231119 154900.267
11.4199 -0.4482 0.0000 0.00 0.00 1.00 0 223 250 112 1 0 0 0 0 231119 154900.467
11.4231 -0.4260 0.0000 0.00 0.00 1.00 0 123 251 112 1 0 0 0 0 231119 154900.667
11.4278 -0.3895 0.0000 0.00 0.00 1.00 0 237 247 112 1 0 0 0 0 231119 154900.867
11.4335 -0.3492 0.0000 0.00 0.00 1.00 0 91 252 112 1 0 0 0 0 231119 154901.067
11.4387 -0.3251 0.0000 0.00 0.00 1.00 0 245 253 112 1 0 0 0 0 231119 154901.267
11.4415 -0.3051 0.0000 0.00 0.00 1.00 0 239 251 112 1 0 0 0 0 231119 154901.467
11.4462 -0.2807 0.0000 0.00 0.00 1.00 0 131 251 112 1 0 0 0 0 231119 154901.668
11.4468 -0.2498 0.0000 0.00 0.00 1.00 0 184 255 112 1 0 0 0 0 231119 154901.868
11.4515 -0.2184 0.0000 0.00 0.00 1.00 0 197 0 112 1 0 0 0 0 231119 154902.068
11.4545 -0.1850 0.0000 0.00 0.00 1.00 0 159 252 112 1 0 0 0 0 231119 154902.268
11.4547 -0.1507 0.0000 0.00 0.00 1.00 0 81 254 112 1 0 0 0 0 231119 154902.468
11.4576 -0.1243 0.0000 0.00 0.00 1.00 0 224 254 112 1 0 0 0 0 231119 154902.668
11.4612 -0.0917 0.0000 0.00 0.00 1.00 0 209 252 112 1 0 0 0 0 231119 154902.869
11.4659 -0.0526 0.0000 0.00 0.00 1.00 0 67 254 112 1 0 0 0 0 231119 154903.069
11.4641 -0.0190 0.0000 0.00 0.00 1.00 0 131 1 112 1 0 0 0 0 231119 154903.269
11.4693 0.0133 0.0000 0.00 0.00 1.00 0 9 2 112 1 0 0 0 0 231119 154903.469
11.4738 0.0485 0.0000 0.00 0.00 1.00 0 92 0 112 1 0 0 0 0 231119 154903.669
11.4759 0.0755 0.0000 0.00 0.00 1.00 0 51 254 112 1 0 0 0 0 231119 154903.869
11.4784 0.1067 0.0000 0.00 0.00 1.00 0 37 4 112 1 0 0 0 0 231119 154904.070
11.4835 0.1522 0.0000 0.00 0.00 1.00 0 27 0 112 1 0 0 0 0 231119 154904.270
11.4834 0.1869 0.0000 0.00 0.00 1.00 0 0 0 112 1 0 0 0 0 231119 154904.470
11.4884 0.2244 0.0000 0.00 0.00 1.00 0 0 0 112 1 0 0 0 0 231119 154904.670
11.4889 0.2466 0.0000 0.00 0.00 1.00 0 0 0 112 1 0 0 0 0 231119 154904.870
11.4964 0.2887 0.0000 0.00 0.00 1.00 0 0 0 112 1 0 0 0 0 231119 154905.071
11.5003 0.3269 0.0000 0.00 0.00 1.00 0 0 0 112 1 0 0 0 0 231119 154905.271
11.5021 0.3607 0.0000 0.00 0.00 1.00 0 0 0 112 1 0 0 0 0 231119 154905.471
11.5024 0.3900 0.0000 0.00 0.00 1.00 0 0 0 112 1 0 0 0 0 231119 154905.671
11.5059 0.4201 0.0000 0.00 0.00 1.00 0 0 0 112 1 0 0 0 0 231119 154905.871
11.5060 0.4421 0.0000 0.00 0.00 1.00 0 0 0 112 1 0 0 0 0 231119 154906.072
11.5067 0.4827 0.0000 0.00 0.00 1.00 0 0 0 112 1 0 0 0 0 231119 154906.272
11.5157 0.5151 0.0000 0.00 0.00 1.00 0 0 0 112 1 0 0 0 0 231119 154906.472
11.5165 0.5466 0.0000 0.00 0.00 1.00 0 0 0 112 1 0 0 0 0 231119 154906.672
11.5191 0.5772 0.0000 0.00 0.00 1.00 0 0 0 112 1 0 0 0 0 231119 154906.872
11.5145 0.5974 0.0000 0.00 0.00 1.00 0 0 0 112 1 0 0 0 0 231119 154907.073
11.5136 0.6224 0.0000 0.00 0.00 1.00 0 199 13 112 1 0 0 0 0 231119 154907.273
11.5139 0.6486 0.0000 0.00 0.00 1.00 0 10 9 112 1 0 0 0 0 231119 154907.473
11.5178 0.6781 0.0000 0.00 0.00 1.00 0 157 5 112 1 0 0 0 0 231119 154907.673
11.5195 0.7087 0.0000 0.00 0.00 1.00 0 8 11 112 1 0 0 0 0 231119 154907.873
11.5171 0.7345 0.0000 0.00 0.00 1.00 0 116 16 112 1 0 0 0 0 231119 154908.073
11.5191 0.7658 0.0000 0.00 0.00 1.00 0 99 11 112 1 0 0 0 0 231119 154908.274
11.5301 0.7972 0.0000 0.00 0.00 1.00 0 151 6 112 1 0 0 0 0 231119 154908.474
11.5364 0.8305 0.0000 0.00 0.00 1.00 0 117 10 112 1 0 0 0 0 231119 154908.674
11.5406 0.8589 0.0000 0.00 0.00 1.00 0 255 127 112 1 0 0 0 0 231119 154908.874
