3.4414 -3.3136 0.0000 0.00 0.00 1.00 0 0 0 127 0 0 0 0 0 221219 195019.264
3.4473 -3.3137 0.0000 0.00 0.00 1.00 0 0 0 127 0 0 0 0 0 221219 195019.465
3.4443 -3.3038 0.0000 0.00 0.00 1.00 0 0 0 127 0 0 0 0 0 221219 195019.665
3.4296 -3.2850 0.0000 0.00 0.00 1.00 0 0 0 127 0 0 0 0 0 221219 195019.865
3.4192 -3.2667 0.0000 0.00 0.00 1.00 0 9 17 112 1 0 0 0 0 221219 195020.065
3.4146 -3.2567 0.0000 0.00 0.00 1.00 0 121 14 112 1 0 0 0 0 221219 195020.265
3.4181 -3.2553 0.0000 0.00 0.00 1.00 0 150 13 112 1 0 0 0 0 221219 195020.465
3.4322 -3.2313 0.0000 0.00 0.00 1.00 0 20 11 112 1 0 0 0 0 221219 195020.666
3.4378 -3.1955 0.0000 0.00 0.00 1.00 0 85 10 112 1 0 0 0 0 221219 195020.866
3.4303 -3.1414 0.0000 0.00 0.00 1.00 0 241 11 112 1 0 0 0 0 221219 195021.066
3.4201 -3.0990 0.0000 0.00 0.00 1.00 0 74 13 112 1 0 0 0 0 221219 195021.266
3.4137 -3.0541 0.0000 0.00 0.00 1.00 0 7 14 112 1 0 0 0 0 221219 195021.466
3.4193 -3.0135 0.0000 0.00 0.00 1.00 0 147 12 112 1 0 0 0 0 221219 195021.666
3.4257 -2.9968 0.0000 0.00 0.00 1.00 0 60 17 112 1 0 0 0 0 221219 195021.866
3.4251 -2.9788 0.0000 0.00 0.00 1.00 0 9 12 112 1 0 0 0 0 221219 195022.067
3.4244 -2.9598 0.0000 0.00 0.00 1.00 0 59 12 112 1 0 0 0 0 221219 195022.267
3.4243 -2.9282 0.0000 0.00 0.00 1.00 0 81 12 112 1 0 0 0 0 221219 195022.467
3.4208 -2.8945 0.0000 0.00 0.00 1.00 0 174 12 112 1 0 0 0 0 221219 195022.667
3.4184 -2.8666 0.0000 0.00 0.00 1.00 0 226 12 112 1 0 0 0 0 221219 195022.867
3.4239 -2.8239 0.0000 0.00 0.00 1.00 0 210 11 112 1 0 0 0 0 221219 195023.067
3.4301 -2.7923 0.0000 0.00 0.00 1.00 0 89 10 112 1 0 0 0 0 221219 195023.267
3.4303 -2.7643 0.0000 0.00 0.00 1.00 0 244 10 112 1 0 0 0 0 221219 195023.468
3.4329 -2.7336 0.0000 0.00 0.00 1.00 0 161 10 112 1 0 0 0 0 221219 195023.668
3.4316 -2.6997 0.0000 0.00 0.00 1.00 0 214 10 112 1 0 0 0 0 221219 195023.868
3.4303 -2.6603 0.0000 0.00 0.00 1.00 0 139 9 112 1 0 0 0 0 221219 195024.068
3.4281 -2.6291 0.0000 0.00 0.00 1.00 0 5 10 112 1 0 0 0 0 221219 195024.268
3.4357 -2.5912 0.0000 0.00 0.00 1.00 0 241 8 112 1 0 0 0 0 221219 195024.468
3.4350 -2.5659 0.0000 0.00 0.00 1.00 0 44 9 112 1 0 0 0 0 221219 195024.669
3.4338 -2.5353 0.0000 0.00 0.00 1.00 0 200 7 112 1 0 0 0 0 221219 195024.869
3.4414 -2.5073 0.0000 0.00 0.00 1.00 0 169 7 112 1 0 0 0 0 221219 195025.069
3.4436 -2.4763 0.0000 0.00 0.00 1.00 0 0 0 112 1 0 0 0 0 221219 195025.269
3.4487 -2.4436 0.0000 0.00 0.00 1.00 0 0 0 112 1 0 0 0 0 221219 195025.469
3.4502 -2.4080 0.0000 0.00 0.00 1.00 0 0 0 112 1 0 0 0 0 221219 195025.669
3.4519 -2.3765 0.0000 0.00 0.00 1.00 0 0 0 112 1 0 0 0 0 221219 195025.870
3.4624 -2.3450 0.0000 0.00 0.00 1.00 0 0 0 112 1 0 0 0 0 221219 195026.070
3.4644 -2.3132 0.0000 0.00 0.00 1.00 0 0 0 112 1 0 0 0 0 221219 195026.270
3.4570 -2.2797 0.0000 0.00 0.00 1.00 0 0 0 112 1 0 0 0 0 221219 195026.470
3.4521 -2.2400 0.0000 0.00 0.00 1.00 0 0 0 112 1 0 0 0 0 221219 195026.670
3.4627 -2.2049 0.0000 0.00 0.00 1.00 0 0 0 112 1 0 0 0 0 221219 195026.871
3.4710 -2.1707 0.0000 0.00 0.00 1.00 0 0 0 112 1 0 0 0 0 221219 195027.071
3.4785 -2.1399 0.0000 0.00 0.00 1.00 0 0 0 112 1 0 0 0 0 221219 195027.271
3.4846 -2.1070 0.0000 0.00 0.00 1.00 0 0 0 112 1 0 0 0 0 221219 195027.471
3.4813 -2.0711 0.0000 0.00 0.00 1.00 0 0 0 112 1 0 0 0 0 221219 195027.671
3.4785 -2.0370 0.0000 0.00 0.00 1.00 0 0 0 112 1 0 0 0 0 221219 195027.872
3.4758 -1.9968 0.0000 0.00 0.00 1.00 0 0 0 112 1 0 0 0 0 221219 195028.072
3.4874 -1.9630 0.0000 0.00 0.00 1.00 0 0 0 112 1 0 0 0 0 221219 195028.272
3.4895 -1.9332 0.0000 0.00 0.00 1.00 0 0 0 112 1 0 0 0 0 221219 195028.472
3.4941 -1.9048 0.0000 0.00 0.00 1.00 0 0 0 112 1 0 0 0 0 221219 195028.673
3.4973 -1.8747 0.0000 0.00 0.00 1.00 0 0 0 112 1 0 0 0 0 221219 195028.873
3.4984 -1.8384 0.0000 0.00 0.00 1.00 0 0 0 112 1 0 0 0 0 221219 195029.073
3.5015 -1.8097 0.0000 0.00 0.00 1.00 0 6 245 112 1 0 0 0 0 221219 195029.274
3.5043 -1.7752 0.0000 0.00 0.00 1.00 0 178 243 112 1 0 0 0 0 221219 195029.474
3.5093 -1.7416 0.0000 0.00 0.00 1.00 0 32 242 112 1 0 0 0 0 221219 195029.674
3.5230 -1.7045 0.0000 0.00 0.00 1.00 0 105 234 112 1 0 0 0 0 221219 195029.874
3.5242 -1.6712 0.0000 0.00 0.00 1.00 0 41 239 112 1 0 0 0 0 221219 195030.074
3.5311 -1.6383 0.0000 0.00 0.00 1.00 0 12 237 112 1 0 0 0 0 221219 195030.275
3.5344 -1.6068 0.0000 0.00 0.00 1.00 0 127 235 112 1 0 0 0 0 221219 195030.475
3.5341 -1.5750 0.0000 0.00 0.00 1.00 0 230 234 112 1 0 0 0 0 221219 195030.675
3.5344 -1.5395 0.0000 0.00 0.00 1.00 0 154 233 112 1 0 0 0 0 221219 195030.875
3.5357 -1.5061 0.0000 0.00 0.00 1.00 0 8 232 112 1 0 0 0 0 221219 195031.075
3.5386 -1.4803 0.0000 0.00 0.00 1.00 0 251 230 112 1 0 0 0 0 221219 195031.275
3.5441 -1.4495 0.0000 0.00 0.00 1.00 0 23 229 112 1 0 0 0 0 221219 195031.476
3.5465 -1.4186 0.0000 0.00 0.00 1.00 0 182 220 112 1 0 0 0 0 221219 195031.676
3.5429 -1.3865 0.0000 0.00 0.00 1.00 0 88 227 112 1 0 0 0 0 221219 195031.876
3.5428 -1.3473 0.0000 0.00 0.00 1.00 0 129 227 112 1 0 0 0 0 221219 195032.076
3.5359 -1.3162 0.0000 0.00 0.00 1.00 0 179 225 112 1 0 0 0 0 221219 195032.276
3.5335 -1.2862 0.0000 0.00 0.00 1.00 0 169 225 112 1 0 0 0 0 221219 195032.476
3.5400 -1.2517 0.0000 0.00 0.00 1.00 0 47 222 112 1 0 0 0 0 221219 195032.676
3.5425 -1.2185 0.0000 0.00 0.00 1.00 0 78 220 112 1 0 0 0 0 221219 195032.877
3.5424 -1.1905 0.0000 0.00 0.00 1.00 0 198 219 112 1 0 0 0 0 221219 195033.077
3.5431 -1.1594 0.0000 0.00 0.00 1.00 0 131 218 112 1 0 0 0 0 221219 195033.277
3.5332 -1.1330 0.0000 0.00 0.00 1.00 0 39 219 112 1 0 0 0 0 221219 195033.477
3.5296 -1.0977 0.0000 0.00 0.00 1.00 0 143 217 112 1 0 0 0 0 221219 195033.677
3.5264 -1.0617 0.0000 0.00 0.00 1.00 0 55 217 112 1 0 0 0 0 221219 195033.877
3.5215 -1.0250 0.0000 0.00 0.00 1.00 0 205 214 112 1 0 0 0 0 221219 195034.077
3.5204 -0.9908 0.0000 0.00 0.00 1.00 0 95 213 112 1 0 0 0 0 221219 195034.277
3.5225 -0.9744 0.0000 0.00 0.00 1.00 0 166 213 112 1 0 0 0 0 221219 195034.478
3.5113 -0.9512 0.0000 0.00 0.00 1.00 0 129 213 112 1 0 0 0 0 221219 195034.678
3.4988 -0.9119 0.0000 0.00 0.00 1.00 0 219 212 112 1 0 0 0 0 221219 195034.878
3.4938 -0.8820 0.0000 0.00 0.00 1.00 0 116 211 112 1 0 0 0 0 221219 195035.078
3.4879 -0.8508 0.0000 0.00 0.00 1.00 0 245 209 112 1 0 0 0 0 221219 195035.278
3.4830 -0.8172 0.0000 0.00 0.00 1.00 0 108 208 112 1 0 0 0 0 221219 195035.478
3.4743 -0.7894 0.0000 0.00 0.00 1.00 0 152 221 112 1 0 0 0 0 221219 195035.678
3.4660 -0.7660 0.0000 0.00 0.00 1.00 0 87 207 112 1 0 0 0 0 221219 195035.879
3.4533 -0.7308 0.0000 0.00 0.00 1.00 0 53 207 112 1 0 0 0 0 221219 195036.079
3.4424 -0.7085 0.0000 0.00 0.00 1.00 0 11 207 112 1 0 0 0 0 221219 195036.279
3.4358 -0.6851 0.0000 0.00 0.00 1.00 0 63 206 112 1 0 0 0 0 221219 195036.479
3.4247 -0.6604 0.0000 0.00 0.00 1.00 0 236 205 112 1 0 0 0 0 221219 195036.679
3.4119 -0.6201 0.0000 0.00 0.00 1.00 0 73 204 112 1 0 0 0 0 221219 195036.879
3.3983 -0.5866 0.0000 0.00 0.00 1.00 0 186 203 112 1 0 0 0 0 221219 195037.079
3.3838 -0.5540 0.0000 0.00 0.00 1.00 0 65 203 112 1 0 0 0 0 221219 195037.279
3.3758 -0.5358 0.0000 0.00 0.00 1.00 0 219 202 112 1 0 0 0 0 221219 195037.480
3.3665 -0.5100 0.0000 0.00 0.00 1.00 0 54 202 112 1 0 0 0 0 221219 195037.680
3.3525 -0.4834 0.0000 0.00 0.00 1.00 0 11 202 112 1 0 0 0 0 221219 195037.880
3.3324 -0.4468 0.0000 0.00 0.00 1.00 0 184 201 112 1 0 0 0 0 221219 195038.080
3.3179 -0.4220 0.0000 0.00 0.00 1.00 0 211 197 112 1 0 0 0 0 221219 195038.280
3.3051 -0.3947 0.0000 0.00 0.00 1.00 0 121 200 112 1 0 0 0 0 221219 195038.480
3.2845 -0.3680 0.0000 0.00 0.00 1.00 0 136 200 112 1 0 0 0 0 221219 195038.680
3.2710 -0.3444 0.0000 0.00 0.00 1.00 0 244 199 112 1 0 0 0 0 221219 195038.881
3.2534 -0.3200 0.0000 0.00 0.00 1.00 0 243 199 112 1 0 0 0 0 221219 195039.081
3.2281 -0.2949 0.0000 0.00 0.00 1.00 0 146 200 112 1 0 0 0 0 221219 195039.281
3.2133 -0.2709 0.0000 0.00 0.00 1.00 0 198 199 112 1 0 0 0 0 221219 195039.481
3.1949 -0.2444 0.0000 0.00 0.00 1.00 0 208 207 112 1 0 0 0 0 221219 195039.681
3.1700 -0.2159 0.0000 0.00 0.00 1.00 0 162 199 112 1 0 0 0 0 221219 195039.881
3.1441 -0.1949 0.0000 0.00 0.00 1.00 0 29 200 112 1 0 0 0 0 221219 195040.082
3.1295 -0.1846 0.0000 0.00 0.00 1.00 0 132 200 112 1 0 0 0 0 221219 195040.282
3.1073 -0.1649 0.0000 0.00 0.00 1.00 0 147 200 112 1 0 0 0 0 221219 195040.482
3.0871 -0.1429 0.0000 0.00 0.00 1.00 0 0 200 112 1 0 0 0 0 221219 195040.682
3.0582 -0.1201 0.0000 0.00 0.00 1.00 0 153 200 112 1 0 0 0 0 221219 195040.882
3.0268 -0.0940 0.0000 0.00 0.00 1.00 0 204 200 112 1 0 0 0 0 221219 195041.082
3.0003 -0.0756 0.0000 0.00 0.00 1.00 0 106 201 112 1 0 0 0 0 221219 195041.283
2.9836 -0.0668 0.0000 0.00 0.00 1.00 0 17 202 112 1 0 0 0 0 221219 195041.483
2.9550 -0.0490 0.0000 0.00 0.00 1.00 0 183 202 112 1 0 0 0 0 221219 195041.683
2.9349 -0.0280 0.0000 0.00 0.00 1.00 0 217 201 112 1 0 0 0 0 221219 195041.883
2.9101 -0.0096 0.0000 0.00 0.00 1.00 0 70 202 112 1 0 0 0 0 221219 195042.083
2.8788 0.0025 0.0000 0.00 0.00 1.00 0 238 203 112 1 0 0 0 0 221219 195042.283
2.8456 0.0096 0.0000 0.00 0.00 1.00 0 0 206 112 1 0 0 0 0 221219 195042.483
2.8198 0.0183 0.0000 0.00 0.00 1.00 0 3 207 112 1 0 0 0 0 221219 195042.683
2.7937 0.0373 0.0000 0.00 0.00 1.00 0 141 206 112 1 0 0 0 0 221219 195042.884
2.7714 0.0650 0.0000 0.00 0.00 1.00 0 216 205 112 1 0 0 0 0 221219 195043.084
2.7480 0.0769 0.0000 0.00 0.00 1.00 0 20 206 112 1 0 0 0 0 221219 195043.284
2.7184 0.0909 0.0000 0.00 0.00 1.00 0 163 206 112 1 0 0 0 0 221219 195043.484
2.6885 0.0956 0.0000 0.00 0.00 1.00 0 215 221 112 1 0 0 0 0 221219 195043.684
2.6602 0.1037 0.0000 0.00 0.00 1.00 0 48 209 112 1 0 0 0 0 221219 195043.884
2.6323 0.1103 0.0000 0.00 0.00 1.00 0 19 210 112 1 0 0 0 0 221219 195044.084
2.5970 0.1217 0.0000 0.00 0.00 1.00 0 232 210 112 1 0 0 0 0 221219 195044.285
2.5603 0.1268 0.0000 0.00 0.00 1.00 0 180 212 112 1 0 0 0 0 221219 195044.485
2.5359 0.1393 0.0000 0.00 0.00 1.00 0 8 212 112 1 0 0 0 0 221219 195044.685
2.5120 0.1431 0.0000 0.00 0.00 1.00 0 254 212 112 1 0 0 0 0 221219 195044.885
2.4786 0.1462 0.0000 0.00 0.00 1.00 0 228 214 112 1 0 0 0 0 221219 195045.085
2.4500 0.1529 0.0000 0.00 0.00 1.00 0 181 215 112 1 0 0 0 0 221219 195045.285
2.4125 0.1540 0.0000 0.00 0.00 1.00 0 43 217 112 1 0 0 0 0 221219 195045.485
2.3691 0.1655 0.0000 0.00 0.00 1.00 0 142 217 112 1 0 0 0 0 221219 195045.686
2.3405 0.1697 0.0000 0.00 0.00 1.00 0 162 217 112 1 0 0 0 0 221219 195045.886
2.3223 0.1719 0.0000 0.00 0.00 1.00 0 135 219 112 1 0 0 0 0 221219 195046.086
2.2867 0.1710 0.0000 0.00 0.00 1.00 0 203 220 112 1 0 0 0 0 221219 195046.286
2.2656 0.1708 0.0000 0.00 0.00 1.00 0 117 220 112 1 0 0 0 0 221219 195046.486
2.2203 0.1686 0.0000 0.00 0.00 1.00 0 198 223 112 1 0 0 0 0 221219 195046.686
2.1911 0.1706 0.0000 0.00 0.00 1.00 0 251 225 112 1 0 0 0 0 221219 195046.886
2.1484 0.1710 0.0000 0.00 0.00 1.00 0 38 233 112 1 0 0 0 0 221219 195047.086
2.1140 0.1727 0.0000 0.00 0.00 1.00 0 122 237 112 1 0 0 0 0 221219 195047.287
2.0858 0.1696 0.0000 0.00 0.00 1.00 0 168 235 112 1 0 0 0 0 221219 195047.487
2.0684 0.1682 0.0000 0.00 0.00 1.00 0 58 229 112 1 0 0 0 0 221219 195047.687
2.0225 0.1650 0.0000 0.00 0.00 1.00 0 42 240 112 1 0 0 0 0 221219 195047.887
1.9862 0.1622 0.0000 0.00 0.00 1.00 0 205 241 112 1 0 0 0 0 221219 195048.087
1.9570 0.1588 0.0000 0.00 0.00 1.00 0 32 243 112 1 0 0 0 0 221219 195048.287
1.9174 0.1565 0.0000 0.00 0.00 1.00 0 222 239 112 1 0 0 0 0 221219 195048.487
1.8905 0.1538 0.0000 0.00 0.00 1.00 0 167 247 112 1 0 0 0 0 221219 195048.688
1.8633 0.1512 0.0000 0.00 0.00 1.00 0 214 237 112 1 0 0 0 0 221219 195048.888
1.8266 0.1477 0.0000 0.00 0.00 1.00 0 16 240 112 1 0 0 0 0 221219 195049.088
1.7986 0.1391 0.0000 0.00 0.00 1.00 0 145 240 112 1 0 0 0 0 221219 195049.288
1.7636 0.1273 0.0000 0.00 0.00 1.00 0 77 243 112 1 0 0 0 0 221219 195049.488
1.7265 0.1263 0.0000 0.00 0.00 1.00 0 153 243 112 1 0 0 0 0 221219 195049.688
1.6812 0.1186 0.0000 0.00 0.00 1.00 0 72 252 112 1 0 0 0 0 221219 195049.888
1.6477 0.1137 0.0000 0.00 0.00 1.00 0 13 250 112 1 0 0 0 0 221219 195050.089
1.6178 0.1108 0.0000 0.00 0.00 1.00 0 157 249 112 1 0 0 0 0 221219 195050.289
1.5921 0.1026 0.0000 0.00 0.00 1.00 0 8 13 112 1 0 0 0 0 221219 195050.489
1.5555 0.0941 0.0000 0.00 0.00 1.00 0 95 250 112 1 0 0 0 0 221219 195050.689
1.5189 0.0899 0.0000 0.00 0.00 1.00 0 0 0 112 1 0 0 0 0 221219 195050.889
1.4927 0.0826 0.0000 0.00 0.00 1.00 0 0 0 112 1 0 0 0 0 221219 195051.089
1.4648 0.0754 0.0000 0.00 0.00 1.00 0 0 0 112 1 0 0 0 0 221219 195051.290
1.4509 0.0700 0.0000 0.00 0.00 1.00 0 0 0 112 1 0 0 0 0 221219 195051.490
1.4159 0.0620 0.0000 0.00 0.00 1.00 0 0 0 112 1 0 0 0 0 221219 195051.690
1.3714 0.0520 0.0000 0.00 0.00 1.00 0 0 0 112 1 0 0 0 0 221219 195051.890
1.3384 0.0448 0.0000 0.00 0.00 1.00 0 0 0 112 1 0 0 0 0 221219 195052.090
1.3034 0.0347 0.0000 0.00 0.00 1.00 0 0 0 112 1 0 0 0 0 221219 195052.290
1.2669 0.0271 0.0000 0.00 0.00 1.00 0 0 0 112 1 0 0 0 0 221219 195052.490
1.2422 0.0184 0.0000 0.00 0.00 1.00 0 0 0 112 1 0 0 0 0 221219 195052.691
1.2155 0.0100 0.0000 0.00 0.00 1.00 0 0 0 112 1 0 0 0 0 221219 195052.891
1.1784 0.0041 0.0000 0.00 0.00 1.00 0 0 0 112 1 0 0 0 0 221219 195053.091
1.1391 -0.0037 0.0000 0.00 0.00 1.00 0 0 0 112 1 0 0 0 0 221219 195053.291
1.1074 -0.0166 0.0000 0.00 0.00 1.00 0 0 0 112 1 0 0 0 0 221219 195053.491
1.0753 -0.0248 0.0000 0.00 0.00 1.00 0 0 0 112 1 0 0 0 0 221219 195053.691
1.0483 -0.0280 0.0000 0.00 0.00 1.00 0 0 0 112 1 0 0 0 0 221219 195053.891
1.0178 -0.0328 0.0000 0.00 0.00 1.00 0 0 0 112 1 0 0 0 0 221219 195054.092
0.9817 -0.0425 0.0000 0.00 0.00 1.00 0 0 0 112 1 0 0 0 0 221219 195054.292
0.9376 -0.0529 0.0000 0.00 0.00 1.00 0 0 0 112 1 0 0 0 0 221219 195054.492
0.9086 -0.0621 0.0000 0.00 0.00 1.00 0 0 0 112 1 0 0 0 0 221219 195054.692
0.8794 -0.0653 0.0000 0.00 0.00 1.00 0 0 0 112 1 0 0 0 0 221219 195054.892
0.8462 -0.0718 0.0000 0.00 0.00 1.00 0 0 0 112 1 0 0 0 0 221219 195055.092
0.8117 -0.0821 0.0000 0.00 0.00 1.00 0 36 10 112 1 0 0 0 0 221219 195055.292
0.7798 -0.0922 0.0000 0.00 0.00 1.00 0 95 11 112 1 0 0 0 0 221219 195055.493
0.7497 -0.0934 0.0000 0.00 0.00 1.00 0 163 9 112 1 0 0 0 0 221219 195055.693
0.7215 -0.0993 0.0000 0.00 0.00 1.00 0 81 11 112 1 0 0 0 0 221219 195055.893
0.6947 -0.1066 0.0000 0.00 0.00 1.00 0 13 12 112 1 0 0 0 0 221219 195056.093
0.6596 -0.1177 0.0000 0.00 0.00 1.00 0 94 13 112 1 0 0 0 0 221219 195056.293
0.6295 -0.1277 0.0000 0.00 0.00 1.00 0 54 14 112 1 0 0 0 0 221219 195056.493
0.5999 -0.1336 0.0000 0.00 0.00 1.00 0 133 14 112 1 0 0 0 0 221219 195056.693
0.5660 -0.1374 0.0000 0.00 0.00 1.00 0 239 12 112 1 0 0 0 0 221219 195056.894
0.5453 -0.1427 0.0000 0.00 0.00 1.00 0 162 14 112 1 0 0 0 0 221219 195057.094
0.5226 -0.1252 0.0000 0.00 0.00 1.00 0 45 13 112 1 0 0 0 0 221219 195057.294
0.4791 -0.1365 0.0000 0.00 0.00 1.00 0 54 14 112 1 0 0 0 0 221219 195057.494
0.4545 -0.1343 0.0000 0.00 0.00 1.00 0 54 13 112 1 0 0 0 0 221219 195057.694
0.4272 -0.1353 0.0000 0.00 0.00 1.00 0 126 13 112 1 0 0 0 0 221219 195057.894
0.4050 -0.1444 0.0000 0.00 0.00 1.00 0 65 16 112 1 0 0 0 0 221219 195058.094
0.3639 -0.1574 0.0000 0.00 0.00 1.00 0 251 15 112 1 0 0 0 0 221219 195058.295
0.3425 -0.1606 0.0000 0.00 0.00 1.00 0 157 18 112 1 0 0 0 0 221219 195058.495
0.3057 -0.1637 0.0000 0.00 0.00 1.00 0 201 17 112 1 0 0 0 0 221219 195058.695
0.2703 -0.1707 0.0000 0.00 0.00 1.00 0 183 17 112 1 0 0 0 0 221219 195058.895
0.2451 -0.1763 0.0000 0.00 0.00 1.00 0 100 19 112 1 0 0 0 0 221219 195059.095
0.2235 -0.1767 0.0000 0.00 0.00 1.00 0 148 16 112 1 0 0 0 0 221219 195059.295
0.1924 -0.1834 0.0000 0.00 0.00 1.00 0 153 19 112 1 0 0 0 0 221219 195059.495
0.1628 -0.1865 0.0000 0.00 0.00 1.00 0 162 94 112 1 0 0 0 0 221219 195059.696
