-0.2780 -0.0266 0.0000 0.00 0.00 1.00 0 1 0 127 0 0 0 0 0 130120 153652.451
-0.2801 -0.0250 0.0000 0.00 0.00 1.00 0 1 0 127 0 0 0 0 0 130120 153652.502
-0.2805 -0.0249 0.0000 0.00 0.00 1.00 0 1 0 127 0 0 0 0 0 130120 153652.552
-0.2808 -0.0249 0.0000 0.00 0.00 1.00 0 1 0 127 0 0 0 0 0 130120 153652.602
-0.2798 -0.0208 0.0000 0.00 0.00 1.00 0 1 0 127 0 0 0 0 0 130120 153652.652
-0.2800 -0.0203 0.0000 0.00 0.00 1.00 0 1 0 127 0 0 0 0 0 130120 153652.702
-0.2769 -0.0203 0.0000 0.00 0.00 1.00 0 1 0 127 0 0 0 0 0 130120 153652.753
-0.2765 -0.0198 0.0000 0.00 0.00 1.00 0 1 0 127 0 0 0 0 0 130120 153652.803
-0.2761 -0.0192 0.0000 0.00 0.00 1.00 0 1 0 127 0 0 0 0 0 130120 153652.853
-0.2764 -0.0232 0.0000 0.00 0.00 1.00 0 1 0 127 0 0 0 0 0 130120 153652.903
-0.2762 -0.0234 0.0000 0.00 0.00 1.00 0 1 0 127 0 0 0 0 0 130120 153652.954
-0.2759 -0.0236 0.0000 0.00 0.00 1.00 0 1 0 127 0 0 0 0 0 130120 153653.004
-0.2785 -0.0250 0.0000 0.00 0.00 1.00 0 1 0 127 0 0 0 0 0 130120 153653.054
-0.2787 -0.0254 0.0000 0.00 0.00 1.00 0 1 0 127 0 0 0 0 0 130120 153653.104
-0.2788 -0.0265 0.0000 0.00 0.00 1.00 0 1 0 127 0 0 0 0 0 130120 153653.155
-0.2789 -0.0270 0.0000 0.00 0.00 1.00 0 1 0 127 0 0 0 0 0 130120 153653.205
-0.2791 -0.0276 0.0000 0.00 0.00 1.00 0 1 0 127 0 0 0 0 0 130120 153653.255
-0.2775 -0.0244 0.0000 0.00 0.00 1.00 0 1 0 127 0 0 0 0 0 130120 153653.305
-0.2775 -0.0244 0.0000 0.00 0.00 1.00 0 1 0 127 0 0 0 0 0 130120 153653.356
