-0.4157 -5.2520 -0.0147 0.00 0.00 1.00 0 61 236 112 1 0 0 0 0 030619 160923.254
-0.4170 -5.2707 -0.0067 0.00 0.00 1.00 0 57 236 112 1 0 0 0 0 030619 160923.454
-0.4247 -5.4180 0.0058 0.00 0.00 1.00 0 45 236 112 1 0 0 0 0 030619 160923.655
-0.4345 -5.5313 -0.0164 0.00 0.00 1.00 0 14 236 112 1 0 0 0 0 030619 160923.855
-0.4406 -5.6184 0.0011 0.00 0.00 1.00 0 255 235 112 1 0 0 0 0 030619 160924.056
-0.4420 -5.6345 0.0025 0.00 0.00 1.00 0 250 235 112 1 0 0 0 0 030619 160924.256
-0.4658 -5.8132 0.0156 0.00 0.00 1.00 0 155 235 112 1 0 0 0 0 030619 160924.456
-0.4693 -5.8304 0.0317 0.00 0.00 1.00 0 139 235 112 1 0 0 0 0 030619 160924.657
-0.4583 -5.9943 0.0172 0.00 0.00 1.00 0 234 235 112 1 0 0 0 0 030619 160924.857
-0.4576 -6.1455 0.0191 0.00 0.00 1.00 0 14 236 112 1 0 0 0 0 030619 160925.057
-0.4704 -6.2408 0.0237 0.00 0.00 1.00 0 218 235 112 1 0 0 0 0 030619 160925.258
-0.4694 -6.3246 0.0201 0.00 0.00 1.00 0 241 235 112 1 0 0 0 0 030619 160925.458
-0.4776 -6.4086 0.0194 0.00 0.00 1.00 0 213 235 112 1 0 0 0 0 030619 160925.658
-0.4863 -6.5078 0.0504 0.00 0.00 1.00 0 185 235 112 1 0 0 0 0 030619 160925.859
-0.4859 -6.5239 0.0339 0.00 0.00 1.00 0 191 235 112 1 0 0 0 0 030619 160926.059
-0.4976 -6.5991 0.0363 0.00 0.00 1.00 0 141 235 112 1 0 0 0 0 030619 160926.259
-0.5268 -6.8449 0.0274 0.00 0.00 1.00 0 30 235 112 1 0 0 0 0 030619 160926.460
-0.5227 -6.8635 0.0221 0.00 0.00 1.00 0 57 235 112 1 0 0 0 0 030619 160926.660
-0.5227 -6.8635 0.0221 0.00 0.00 1.00 0 0 0 127 0 0 0 0 0 030619 160926.861
-0.5227 -6.8635 0.0221 0.00 0.00 1.00 0 0 0 127 0 0 0 0 0 030619 160927.061
0.4221 -7.2249 0.0514 0.00 0.00 1.00 0 0 0 112 1 0 0 0 0 030619 160927.261
0.4328 -7.3185 0.0632 0.00 0.00 1.00 0 0 0 112 1 0 0 0 0 030619 160927.461
0.4260 -7.4164 0.0715 0.00 0.00 1.00 0 0 0 112 1 0 0 0 0 030619 160927.662
0.4218 -7.5147 0.0811 0.00 0.00 1.00 0 0 0 112 1 0 0 0 0 030619 160927.862
0.3956 -7.6636 0.0436 0.00 0.00 1.00 0 0 0 112 1 0 0 0 0 030619 160928.063
0.3925 -7.6770 0.0477 0.00 0.00 1.00 0 0 0 112 1 0 0 0 0 030619 160928.263
0.3973 -7.8400 0.0464 0.00 0.00 1.00 0 0 0 112 1 0 0 0 0 030619 160928.463
0.3808 -7.9064 0.0458 0.00 0.00 1.00 0 0 0 112 1 0 0 0 0 030619 160928.664
0.3875 -8.0063 0.0759 0.00 0.00 1.00 0 0 0 112 1 0 0 0 0 030619 160928.864
0.3867 -8.0218 0.0611 0.00 0.00 1.00 0 0 0 112 1 0 0 0 0 030619 160929.065
0.3833 -8.2640 0.0525 0.00 0.00 1.00 0 0 0 112 1 0 0 0 0 030619 160929.265
0.3838 -8.2832 0.0681 0.00 0.00 1.00 0 0 0 112 1 0 0 0 0 030619 160929.465
0.3706 -8.4288 0.0550 0.00 0.00 1.00 0 0 0 112 1 0 0 0 0 030619 160929.666
0.3695 -8.4455 0.0644 0.00 0.00 1.00 0 0 0 112 1 0 0 0 0 030619 160929.866
0.3833 -8.5764 0.0492 0.00 0.00 1.00 0 0 0 112 1 0 0 0 0 030619 160930.067
0.3620 -8.6767 0.0691 0.00 0.00 1.00 0 0 0 112 1 0 0 0 0 030619 160930.267
0.3506 -8.8182 0.0248 0.00 0.00 1.00 0 0 0 112 1 0 0 0 0 030619 160930.467
0.3563 -8.8365 0.0510 0.00 0.00 1.00 0 0 0 112 1 0 0 0 0 030619 160930.668
0.3066 -8.9876 0.0613 0.00 0.00 1.00 0 0 0 112 1 0 0 0 0 030619 160930.868
0.3076 -9.1346 0.0591 0.00 0.00 1.00 0 0 0 112 1 0 0 0 0 030619 160931.068
0.3076 -9.1346 0.0591 0.00 0.00 1.00 0 0 0 112 1 0 0 0 0 030619 160931.269
0.2920 -9.2472 0.0688 0.00 0.00 1.00 0 0 0 112 1 0 0 0 0 030619 160931.469
0.2871 -9.4146 0.0731 0.00 0.00 1.00 0 0 0 112 1 0 0 0 0 030619 160931.669
0.2842 -9.5133 0.0919 0.00 0.00 1.00 0 0 0 112 1 0 0 0 0 030619 160931.870
0.2426 -9.5927 0.0842 0.00 0.00 1.00 0 0 0 112 1 0 0 0 0 030619 160932.070
0.2505 -9.6775 0.1153 0.00 0.00 1.00 0 0 0 112 1 0 0 0 0 030619 160932.270
0.2602 -9.6968 0.1113 0.00 0.00 1.00 0 0 0 112 1 0 0 0 0 030619 160932.471
0.2373 -9.9210 0.1425 0.00 0.00 1.00 0 0 0 112 1 0 0 0 0 030619 160932.671
0.2290 -9.9367 0.1316 0.00 0.00 1.00 0 0 0 112 1 0 0 0 0 030619 160932.871
0.2134 -10.0848 0.1030 0.00 0.00 1.00 0 0 0 112 1 0 0 0 0 030619 160933.072
0.2199 -10.1667 0.1247 0.00 0.00 1.00 0 0 0 112 1 0 0 0 0 030619 160933.272
0.2287 -10.1887 0.1228 0.00 0.00 1.00 0 0 0 112 1 0 0 0 0 030619 160933.473
0.2064 -10.4229 0.1075 0.00 0.00 1.00 0 0 0 112 1 0 0 0 0 030619 160933.673
0.1811 -10.5058 0.1125 0.00 0.00 1.00 0 0 0 112 1 0 0 0 0 030619 160933.873
0.1742 -10.5897 0.1227 0.00 0.00 1.00 0 0 0 112 1 0 0 0 0 030619 160934.074
0.1738 -10.6029 0.0839 0.00 0.00 1.00 0 0 0 112 1 0 0 0 0 030619 160934.274
0.1479 -10.7474 0.0409 0.00 0.00 1.00 0 0 0 112 1 0 0 0 0 030619 160934.474
0.1174 -10.8456 0.0711 0.00 0.00 1.00 0 0 0 112 1 0 0 0 0 030619 160934.675
0.1221 -10.9901 0.0763 0.00 0.00 1.00 0 0 0 112 1 0 0 0 0 030619 160934.875
0.1100 -11.0126 0.0705 0.00 0.00 1.00 0 0 0 112 1 0 0 0 0 030619 160935.075
0.0489 -11.1368 0.0902 0.00 0.00 1.00 0 0 0 112 1 0 0 0 0 030619 160935.276
0.0639 -11.1697 0.0874 0.00 0.00 1.00 0 0 0 112 1 0 0 0 0 030619 160935.476
0.0651 -11.3145 0.0576 0.00 0.00 1.00 0 0 0 112 1 0 0 0 0 030619 160935.677
0.0385 -11.4317 0.0496 0.00 0.00 1.00 0 0 0 112 1 0 0 0 0 030619 160935.877
0.0420 -11.5794 0.0586 0.00 0.00 1.00 0 0 0 112 1 0 0 0 0 030619 160936.077
0.0442 -11.5964 0.0581 0.00 0.00 1.00 0 0 0 112 1 0 0 0 0 030619 160936.278
0.0205 -11.7433 0.0696 0.00 0.00 1.00 0 0 0 112 1 0 0 0 0 030619 160936.478
0.0249 -11.8377 0.0888 0.00 0.00 1.00 0 0 0 112 1 0 0 0 0 030619 160936.678
0.0011 -11.9198 0.0859 0.00 0.00 1.00 0 0 0 112 1 0 0 0 0 030619 160936.879
0.0034 -11.9366 0.0955 0.00 0.00 1.00 0 0 0 112 1 0 0 0 0 030619 160937.079
-0.0217 -12.0858 0.0872 0.00 0.00 1.00 0 0 0 112 1 0 0 0 0 030619 160937.279
-0.0397 -12.1844 0.1156 0.00 0.00 1.00 0 0 0 112 1 0 0 0 0 030619 160937.480
-0.0271 -12.2502 0.1166 0.00 0.00 1.00 0 0 0 112 1 0 0 0 0 030619 160937.680
-0.0371 -12.3479 0.1233 0.00 0.00 1.00 0 0 0 112 1 0 0 0 0 030619 160937.880
-0.0503 -12.5138 0.1335 0.00 0.00 1.00 0 0 0 112 1 0 0 0 0 030619 160938.081
-0.0462 -12.5294 0.1113 0.00 0.00 1.00 0 0 0 112 1 0 0 0 0 030619 160938.281
-0.1319 -12.7709 0.1082 0.00 0.00 1.00 0 0 0 112 1 0 0 0 0 030619 160938.481
-0.1317 -12.8539 0.1128 0.00 0.00 1.00 0 0 0 112 1 0 0 0 0 030619 160938.682
-0.1383 -12.8720 0.1307 0.00 0.00 1.00 0 0 0 112 1 0 0 0 0 030619 160938.882
-0.1376 -13.0180 0.1509 0.00 0.00 1.00 0 0 0 112 1 0 0 0 0 030619 160939.082
-0.1637 -13.1162 0.1515 0.00 0.00 1.00 0 0 0 112 1 0 0 0 0 030619 160939.283
-0.1568 -13.1324 0.1383 0.00 0.00 1.00 0 0 0 112 1 0 0 0 0 030619 160939.483
-0.1576 -13.2793 0.1107 0.00 0.00 1.00 0 0 0 112 1 0 0 0 0 030619 160939.683
-0.1925 -13.4483 0.1641 0.00 0.00 1.00 0 0 0 112 1 0 0 0 0 030619 160939.884
-0.2233 -13.5436 0.1644 0.00 0.00 1.00 0 0 0 112 1 0 0 0 0 030619 160940.084
-0.2215 -13.5582 0.1466 0.00 0.00 1.00 0 0 0 112 1 0 0 0 0 030619 160940.284
-0.1993 -13.7070 0.2017 0.00 0.00 1.00 0 0 0 112 1 0 0 0 0 030619 160940.485
-0.2007 -13.7238 0.1795 0.00 0.00 1.00 0 0 0 112 1 0 0 0 0 030619 160940.685
-0.2366 -13.8837 0.0941 0.00 0.00 1.00 0 0 0 112 1 0 0 0 0 030619 160940.885
-0.3277 -14.0443 0.0630 0.00 0.00 1.00 0 0 0 112 1 0 0 0 0 030619 160941.086
-0.3238 -14.0637 0.0876 0.00 0.00 1.00 0 0 0 112 1 0 0 0 0 030619 160941.286
-0.3228 -14.2109 0.0827 0.00 0.00 1.00 0 0 0 112 1 0 0 0 0 030619 160941.487
-0.3315 -14.2259 0.1018 0.00 0.00 1.00 0 0 0 112 1 0 0 0 0 030619 160941.687
-0.3119 -14.3760 0.1246 0.00 0.00 1.00 0 0 0 112 1 0 0 0 0 030619 160941.887
-0.3409 -14.4533 0.0641 0.00 0.00 1.00 0 0 0 112 1 0 0 0 0 030619 160942.088
-0.3832 -14.6353 0.0835 0.00 0.00 1.00 0 0 0 112 1 0 0 0 0 030619 160942.288
-0.3981 -14.7168 0.1497 0.00 0.00 1.00 0 0 0 112 1 0 0 0 0 030619 160942.488
-0.3948 -14.7348 0.1486 0.00 0.00 1.00 0 0 0 112 1 0 0 0 0 030619 160942.688
-0.3915 -14.8806 0.1270 0.00 0.00 1.00 0 0 0 112 1 0 0 0 0 030619 160942.889
-0.3987 -14.8953 0.1411 0.00 0.00 1.00 0 0 0 112 1 0 0 0 0 030619 160943.089
-0.4223 -15.0455 0.1223 0.00 0.00 1.00 0 0 0 112 1 0 0 0 0 030619 160943.290
-0.4494 -15.2232 0.1330 0.00 0.00 1.00 0 0 0 112 1 0 0 0 0 030619 160943.490
-0.4900 -15.3052 0.0961 0.00 0.00 1.00 0 0 0 112 1 0 0 0 0 030619 160943.690
-0.5036 -15.3854 0.1088 0.00 0.00 1.00 0 0 0 112 1 0 0 0 0 030619 160943.891
-0.5018 -15.4658 0.0879 0.00 0.00 1.00 0 0 0 112 1 0 0 0 0 030619 160944.091
-0.5375 -15.5632 0.1238 0.00 0.00 1.00 0 0 0 112 1 0 0 0 0 030619 160944.292
-0.5358 -15.5790 0.1139 0.00 0.00 1.00 0 0 0 112 1 0 0 0 0 030619 160944.492
-0.5454 -15.7409 0.1048 0.00 0.00 1.00 0 0 0 112 1 0 0 0 0 030619 160944.692
-0.5672 -15.8885 0.1148 0.00 0.00 1.00 0 0 0 112 1 0 0 0 0 030619 160944.893
-0.5611 -15.9064 0.1298 0.00 0.00 1.00 0 0 0 112 1 0 0 0 0 030619 160945.093
-0.5799 -16.0380 0.1233 0.00 0.00 1.00 0 0 0 112 1 0 0 0 0 030619 160945.294
-0.5912 -16.1346 0.0767 0.00 0.00 1.00 0 0 0 112 1 0 0 0 0 030619 160945.494
-0.6302 -16.2814 0.0833 0.00 0.00 1.00 0 0 0 112 1 0 0 0 0 030619 160945.695
-0.6147 -16.3787 0.0764 0.00 0.00 1.00 0 0 0 112 1 0 0 0 0 030619 160945.895
-0.6312 -16.4425 0.0761 0.00 0.00 1.00 0 0 0 112 1 0 0 0 0 030619 160946.096
-0.6399 -16.4588 0.1027 0.00 0.00 1.00 0 0 0 112 1 0 0 0 0 030619 160946.296
-0.7169 -16.6215 0.1678 0.00 0.00 1.00 0 0 0 112 1 0 0 0 0 030619 160946.496
-0.7066 -16.7093 0.2081 0.00 0.00 1.00 0 0 0 112 1 0 0 0 0 030619 160946.697
-0.7237 -16.8198 0.2362 0.00 0.00 1.00 0 0 0 112 1 0 0 0 0 030619 160946.897
-0.7628 -16.9620 0.1520 0.00 0.00 1.00 0 0 0 112 1 0 0 0 0 030619 160947.097
-0.7844 -16.9760 0.1516 0.00 0.00 1.00 0 0 0 112 1 0 0 0 0 030619 160947.298
-0.8149 -17.1259 0.1858 0.00 0.00 1.00 0 0 0 112 1 0 0 0 0 030619 160947.498
-0.8192 -17.1386 0.1482 0.00 0.00 1.00 0 0 0 112 1 0 0 0 0 030619 160947.699
-0.7935 -17.3088 0.1992 0.00 0.00 1.00 0 0 0 112 1 0 0 0 0 030619 160947.899
-0.8161 -17.4517 0.1722 0.00 0.00 1.00 0 0 0 112 1 0 0 0 0 030619 160948.099
-0.7968 -17.4715 0.1905 0.00 0.00 1.00 0 0 0 112 1 0 0 0 0 030619 160948.299
-0.8326 -17.6111 0.1642 0.00 0.00 1.00 0 0 0 112 1 0 0 0 0 030619 160948.500
-0.8506 -17.6325 0.1483 0.00 0.00 1.00 0 0 0 112 1 0 0 0 0 030619 160948.700
-0.9092 -17.7729 0.0826 0.00 0.00 1.00 0 0 0 112 1 0 0 0 0 030619 160948.901
-0.8818 -17.9556 0.1030 0.00 0.00 1.00 0 0 0 112 1 0 0 0 0 030619 160949.101
-0.8917 -18.0204 0.0901 0.00 0.00 1.00 0 0 0 112 1 0 0 0 0 030619 160949.301
-0.9387 -18.1008 0.1519 0.00 0.00 1.00 0 0 0 112 1 0 0 0 0 030619 160949.502
-0.9471 -18.1157 0.1430 0.00 0.00 1.00 0 0 0 112 1 0 0 0 0 030619 160949.702
-0.9459 -18.2643 0.1548 0.00 0.00 1.00 0 0 0 112 1 0 0 0 0 030619 160949.902
-1.0329 -18.4391 0.0906 0.00 0.00 1.00 0 0 0 112 1 0 0 0 0 030619 160950.102
-1.0787 -18.5024 0.0831 0.00 0.00 1.00 0 0 0 112 1 0 0 0 0 030619 160950.303
-1.0786 -18.5989 0.0612 0.00 0.00 1.00 0 0 0 112 1 0 0 0 0 030619 160950.503
-1.0813 -18.6799 0.1252 0.00 0.00 1.00 0 0 0 112 1 0 0 0 0 030619 160950.703
-1.0530 -18.7488 0.1733 0.00 0.00 1.00 0 0 0 112 1 0 0 0 0 030619 160950.904
-1.0775 -18.9239 0.1374 0.00 0.00 1.00 0 0 0 112 1 0 0 0 0 030619 160951.104
-1.1156 -19.0049 0.1216 0.00 0.00 1.00 0 0 0 112 1 0 0 0 0 030619 160951.304
-1.1236 -19.0222 0.1293 0.00 0.00 1.00 0 0 0 112 1 0 0 0 0 030619 160951.505
-1.1620 -19.0826 0.1313 0.00 0.00 1.00 0 0 0 112 1 0 0 0 0 030619 160951.705
-1.1470 -19.1702 0.1488 0.00 0.00 1.00 0 0 0 112 1 0 0 0 0 030619 160951.906
-1.1905 -19.2618 0.1431 0.00 0.00 1.00 0 0 0 112 1 0 0 0 0 030619 160952.106
-1.1904 -19.4424 0.1277 0.00 0.00 1.00 0 0 0 112 1 0 0 0 0 030619 160952.306
-1.2066 -19.5222 0.1249 0.00 0.00 1.00 0 0 0 112 1 0 0 0 0 030619 160952.507
-1.3024 -19.6946 0.0812 0.00 0.00 1.00 0 0 0 112 1 0 0 0 0 030619 160952.707
-1.3212 -19.7901 0.0958 0.00 0.00 1.00 0 0 0 112 1 0 0 0 0 030619 160952.907
-1.3107 -19.8138 0.0669 0.00 0.00 1.00 0 0 0 112 1 0 0 0 0 030619 160953.108
-1.3728 -19.9343 0.0489 0.00 0.00 1.00 0 0 128 112 1 0 0 0 0 030619 160953.308
