6.2126 -0.6767 0.0000 0.00 0.00 1.00 0 0 0 112 1 0 0 0 0 231119 162939.901
6.2122 -0.6757 0.0000 0.00 0.00 1.00 0 0 0 112 1 0 0 0 0 231119 162940.101
6.2161 -0.6787 0.0000 0.00 0.00 1.00 0 0 0 112 1 0 0 0 0 231119 162940.301
6.2432 -0.6948 0.0000 0.00 0.00 1.00 0 0 0 112 1 0 0 0 0 231119 162940.501
6.2888 -0.7217 0.0000 0.00 0.00 1.00 0 0 0 112 1 0 0 0 0 231119 162940.701
6.3159 -0.7383 0.0000 0.00 0.00 1.00 0 0 0 112 1 0 0 0 0 231119 162940.901
6.3417 -0.7509 0.0000 0.00 0.00 1.00 0 0 0 112 1 0 0 0 0 231119 162941.101
6.3725 -0.7703 0.0000 0.00 0.00 1.00 0 0 0 112 1 0 0 0 0 231119 162941.302
6.4021 -0.7879 0.0000 0.00 0.00 1.00 0 0 0 112 1 0 0 0 0 231119 162941.502
6.4300 -0.8033 0.0000 0.00 0.00 1.00 0 0 0 112 1 0 0 0 0 231119 162941.702
6.4569 -0.8188 0.0000 0.00 0.00 1.00 0 0 0 112 1 0 0 0 0 231119 162941.902
6.4895 -0.8355 0.0000 0.00 0.00 1.00 0 0 0 112 1 0 0 0 0 231119 162942.102
6.5191 -0.8544 0.0000 0.00 0.00 1.00 0 0 0 112 1 0 0 0 0 231119 162942.302
6.5494 -0.8707 0.0000 0.00 0.00 1.00 0 0 0 112 1 0 0 0 0 231119 162942.502
6.5773 -0.8861 0.0000 0.00 0.00 1.00 0 0 0 112 1 0 0 0 0 231119 162942.703
6.6077 -0.9047 0.0000 0.00 0.00 1.00 0 0 0 112 1 0 0 0 0 231119 162942.903
6.6374 -0.9251 0.0000 0.00 0.00 1.00 0 0 0 112 1 0 0 0 0 231119 162943.103
6.6689 -0.9395 0.0000 0.00 0.00 1.00 0 0 0 112 1 0 0 0 0 231119 162943.303
6.6971 -0.9532 0.0000 0.00 0.00 1.00 0 0 0 112 1 0 0 0 0 231119 162943.503
6.7266 -0.9695 0.0000 0.00 0.00 1.00 0 0 0 112 1 0 0 0 0 231119 162943.703
6.7591 -0.9871 0.0000 0.00 0.00 1.00 0 0 0 112 1 0 0 0 0 231119 162943.904
6.7842 -1.0031 0.0000 0.00 0.00 1.00 0 0 0 112 1 0 0 0 0 231119 162944.104
6.8120 -1.0198 0.0000 0.00 0.00 1.00 0 0 0 112 1 0 0 0 0 231119 162944.304
6.8433 -1.0361 0.0000 0.00 0.00 1.00 0 0 0 112 1 0 0 0 0 231119 162944.504
6.8732 -1.0515 0.0000 0.00 0.00 1.00 0 0 0 112 1 0 0 0 0 231119 162944.704
6.9019 -1.0684 0.0000 0.00 0.00 1.00 0 0 0 112 1 0 0 0 0 231119 162944.904
6.9299 -1.0843 0.0000 0.00 0.00 1.00 0 0 0 112 1 0 0 0 0 231119 162945.104
6.9588 -1.1028 0.0000 0.00 0.00 1.00 0 0 0 112 1 0 0 0 0 231119 162945.305
6.9919 -1.1177 0.0000 0.00 0.00 1.00 0 0 0 112 1 0 0 0 0 231119 162945.505
7.0152 -1.1351 0.0000 0.00 0.00 1.00 0 0 0 112 1 0 0 0 0 231119 162945.705
7.0459 -1.1511 0.0000 0.00 0.00 1.00 0 0 0 112 1 0 0 0 0 231119 162945.905
7.0777 -1.1696 0.0000 0.00 0.00 1.00 0 0 0 112 1 0 0 0 0 231119 162946.105
7.1047 -1.1896 0.0000 0.00 0.00 1.00 0 0 0 112 1 0 0 0 0 231119 162946.306
7.1364 -1.2058 0.0000 0.00 0.00 1.00 0 0 0 112 1 0 0 0 0 231119 162946.506
7.1668 -1.2264 0.0000 0.00 0.00 1.00 0 0 0 112 1 0 0 0 0 231119 162946.706
7.1944 -1.2436 0.0000 0.00 0.00 1.00 0 0 0 112 1 0 0 0 0 231119 162946.906
7.2278 -1.2580 0.0000 0.00 0.00 1.00 0 0 0 112 1 0 0 0 0 231119 162947.106
7.2566 -1.2745 0.0000 0.00 0.00 1.00 0 0 0 112 1 0 0 0 0 231119 162947.306
7.2874 -1.2930 0.0000 0.00 0.00 1.00 0 0 0 112 1 0 0 0 0 231119 162947.506
7.3169 -1.3072 0.0000 0.00 0.00 1.00 0 0 0 112 1 0 0 0 0 231119 162947.706
7.3408 -1.3237 0.0000 0.00 0.00 1.00 0 0 0 112 1 0 0 0 0 231119 162947.907
7.3704 -1.3405 0.0000 0.00 0.00 1.00 0 205 250 112 1 0 0 0 0 231119 162948.107
7.3992 -1.3571 0.0000 0.00 0.00 1.00 0 191 243 112 1 0 0 0 0 231119 162948.307
7.4267 -1.3712 0.0000 0.00 0.00 1.00 0 241 243 112 1 0 0 0 0 231119 162948.507
7.4538 -1.3868 0.0000 0.00 0.00 1.00 0 12 244 112 1 0 0 0 0 231119 162948.707
7.4846 -1.4053 0.0000 0.00 0.00 1.00 0 18 249 112 1 0 0 0 0 231119 162948.907
7.5133 -1.4180 0.0000 0.00 0.00 1.00 0 51 247 112 1 0 0 0 0 231119 162949.108
7.5427 -1.4310 0.0000 0.00 0.00 1.00 0 70 246 112 1 0 0 0 0 231119 162949.308
7.5738 -1.4486 0.0000 0.00 0.00 1.00 0 220 245 112 1 0 0 0 0 231119 162949.508
7.6035 -1.4629 0.0000 0.00 0.00 1.00 0 133 248 112 1 0 0 0 0 231119 162949.708
7.6355 -1.4820 0.0000 0.00 0.00 1.00 0 98 248 112 1 0 0 0 0 231119 162949.908
7.6641 -1.4975 0.0000 0.00 0.00 1.00 0 72 247 112 1 0 0 0 0 231119 162950.108
7.6952 -1.5129 0.0000 0.00 0.00 1.00 0 96 251 112 1 0 0 0 0 231119 162950.308
7.7245 -1.5275 0.0000 0.00 0.00 1.00 0 3 246 112 1 0 0 0 0 231119 162950.509
7.7533 -1.5417 0.0000 0.00 0.00 1.00 0 97 247 112 1 0 0 0 0 231119 162950.709
7.7859 -1.5536 0.0000 0.00 0.00 1.00 0 220 248 112 1 0 0 0 0 231119 162950.909
7.8094 -1.5687 0.0000 0.00 0.00 1.00 0 18 243 112 1 0 0 0 0 231119 162951.109
7.8419 -1.5823 0.0000 0.00 0.00 1.00 0 139 249 112 1 0 0 0 0 231119 162951.309
7.8695 -1.5952 0.0000 0.00 0.00 1.00 0 215 245 112 1 0 0 0 0 231119 162951.509
7.8925 -1.6096 0.0000 0.00 0.00 1.00 0 208 246 112 1 0 0 0 0 231119 162951.709
7.9226 -1.6226 0.0000 0.00 0.00 1.00 0 255 245 112 1 0 0 0 0 231119 162951.910
7.9502 -1.6355 0.0000 0.00 0.00 1.00 0 137 244 112 1 0 0 0 0 231119 162952.110
7.9805 -1.6512 0.0000 0.00 0.00 1.00 0 245 242 112 1 0 0 0 0 231119 162952.310
8.0094 -1.6613 0.0000 0.00 0.00 1.00 0 228 243 112 1 0 0 0 0 231119 162952.510
8.0364 -1.6756 0.0000 0.00 0.00 1.00 0 43 242 112 1 0 0 0 0 231119 162952.710
8.0658 -1.6914 0.0000 0.00 0.00 1.00 0 102 243 112 1 0 0 0 0 231119 162952.910
8.0956 -1.7029 0.0000 0.00 0.00 1.00 0 33 247 112 1 0 0 0 0 231119 162953.110
8.1267 -1.7133 0.0000 0.00 0.00 1.00 0 106 248 112 1 0 0 0 0 231119 162953.311
8.1546 -1.7266 0.0000 0.00 0.00 1.00 0 81 242 112 1 0 0 0 0 231119 162953.511
8.1850 -1.7391 0.0000 0.00 0.00 1.00 0 150 247 112 1 0 0 0 0 231119 162953.711
8.2139 -1.7517 0.0000 0.00 0.00 1.00 0 1 244 112 1 0 0 0 0 231119 162953.911
8.2400 -1.7637 0.0000 0.00 0.00 1.00 0 220 242 112 1 0 0 0 0 231119 162954.111
8.2710 -1.7758 0.0000 0.00 0.00 1.00 0 156 248 112 1 0 0 0 0 231119 162954.311
8.2994 -1.7865 0.0000 0.00 0.00 1.00 0 23 248 112 1 0 0 0 0 231119 162954.511
8.3285 -1.7992 0.0000 0.00 0.00 1.00 0 203 246 112 1 0 0 0 0 231119 162954.711
8.3579 -1.8084 0.0000 0.00 0.00 1.00 0 83 246 112 1 0 0 0 0 231119 162954.912
8.3887 -1.8188 0.0000 0.00 0.00 1.00 0 250 243 112 1 0 0 0 0 231119 162955.112
8.4169 -1.8308 0.0000 0.00 0.00 1.00 0 73 247 112 1 0 0 0 0 231119 162955.312
8.4471 -1.8400 0.0000 0.00 0.00 1.00 0 209 248 112 1 0 0 0 0 231119 162955.512
8.4797 -1.8506 0.0000 0.00 0.00 1.00 0 91 247 112 1 0 0 0 0 231119 162955.712
8.5063 -1.8596 0.0000 0.00 0.00 1.00 0 130 244 112 1 0 0 0 0 231119 162955.912
8.5344 -1.8688 0.0000 0.00 0.00 1.00 0 57 250 112 1 0 0 0 0 231119 162956.113
8.5657 -1.8777 0.0000 0.00 0.00 1.00 0 16 252 112 1 0 0 0 0 231119 162956.313
8.5981 -1.8858 0.0000 0.00 0.00 1.00 0 26 249 112 1 0 0 0 0 231119 162956.513
8.6273 -1.9012 0.0000 0.00 0.00 1.00 0 146 244 112 1 0 0 0 0 231119 162956.713
8.6507 -1.9083 0.0000 0.00 0.00 1.00 0 128 249 112 1 0 0 0 0 231119 162956.913
8.6792 -1.9168 0.0000 0.00 0.00 1.00 0 181 249 112 1 0 0 0 0 231119 162957.113
8.7129 -1.9230 0.0000 0.00 0.00 1.00 0 61 253 112 1 0 0 0 0 231119 162957.314
8.7402 -1.9356 0.0000 0.00 0.00 1.00 0 15 252 112 1 0 0 0 0 231119 162957.514
8.7711 -1.9459 0.0000 0.00 0.00 1.00 0 250 248 112 1 0 0 0 0 231119 162957.714
8.8011 -1.9534 0.0000 0.00 0.00 1.00 0 0 0 112 1 0 0 0 0 231119 162957.914
8.8325 -1.9592 0.0000 0.00 0.00 1.00 0 0 0 112 1 0 0 0 0 231119 162958.114
8.8624 -1.9743 0.0000 0.00 0.00 1.00 0 0 0 112 1 0 0 0 0 231119 162958.314
8.8956 -1.9826 0.0000 0.00 0.00 1.00 0 93 244 112 1 0 0 0 0 231119 162958.514
8.9297 -1.9895 0.0000 0.00 0.00 1.00 0 171 245 112 1 0 0 0 0 231119 162958.715
8.9596 -1.9992 0.0000 0.00 0.00 1.00 0 145 238 112 1 0 0 0 0 231119 162958.915
8.9900 -2.0056 0.0000 0.00 0.00 1.00 0 149 239 112 1 0 0 0 0 231119 162959.115
9.0202 -2.0106 0.0000 0.00 0.00 1.00 0 27 244 112 1 0 0 0 0 231119 162959.315
9.0488 -2.0158 0.0000 0.00 0.00 1.00 0 190 239 112 1 0 0 0 0 231119 162959.515
9.0790 -2.0222 0.0000 0.00 0.00 1.00 0 219 238 112 1 0 0 0 0 231119 162959.715
9.1061 -2.0373 0.0000 0.00 0.00 1.00 0 105 233 112 1 0 0 0 0 231119 162959.915
9.1380 -2.0435 0.0000 0.00 0.00 1.00 0 213 238 112 1 0 0 0 0 231119 163000.116
9.1654 -2.0485 0.0000 0.00 0.00 1.00 0 119 237 112 1 0 0 0 0 231119 163000.316
9.1935 -2.0579 0.0000 0.00 0.00 1.00 0 243 230 112 1 0 0 0 0 231119 163000.516
9.2236 -2.0643 0.0000 0.00 0.00 1.00 0 211 233 112 1 0 0 0 0 231119 163000.716
9.2557 -2.0713 0.0000 0.00 0.00 1.00 0 168 230 112 1 0 0 0 0 231119 163000.916
9.2841 -2.0788 0.0000 0.00 0.00 1.00 0 105 232 112 1 0 0 0 0 231119 163001.116
9.3105 -2.0839 0.0000 0.00 0.00 1.00 0 140 235 112 1 0 0 0 0 231119 163001.317
9.3373 -2.0887 0.0000 0.00 0.00 1.00 0 30 232 112 1 0 0 0 0 231119 163001.517
9.3661 -2.0919 0.0000 0.00 0.00 1.00 0 60 235 112 1 0 0 0 0 231119 163001.717
9.3975 -2.0988 0.0000 0.00 0.00 1.00 0 144 227 112 1 0 0 0 0 231119 163001.917
9.4258 -2.1019 0.0000 0.00 0.00 1.00 0 246 227 112 1 0 0 0 0 231119 163002.117
9.4542 -2.1095 0.0000 0.00 0.00 1.00 0 36 233 112 1 0 0 0 0 231119 163002.317
9.4852 -2.1115 0.0000 0.00 0.00 1.00 0 155 226 112 1 0 0 0 0 231119 163002.517
9.5132 -2.1139 0.0000 0.00 0.00 1.00 0 62 229 112 1 0 0 0 0 231119 163002.718
9.5417 -2.1173 0.0000 0.00 0.00 1.00 0 79 227 112 1 0 0 0 0 231119 163002.918
9.5686 -2.1223 0.0000 0.00 0.00 1.00 0 124 221 112 1 0 0 0 0 231119 163003.118
9.5987 -2.1265 0.0000 0.00 0.00 1.00 0 163 222 112 1 0 0 0 0 231119 163003.318
9.6225 -2.1253 0.0000 0.00 0.00 1.00 0 141 226 112 1 0 0 0 0 231119 163003.518
9.6494 -2.1255 0.0000 0.00 0.00 1.00 0 164 224 112 1 0 0 0 0 231119 163003.718
9.6808 -2.1298 0.0000 0.00 0.00 1.00 0 51 219 112 1 0 0 0 0 231119 163003.918
9.7054 -2.1257 0.0000 0.00 0.00 1.00 0 92 226 112 1 0 0 0 0 231119 163004.119
9.7303 -2.1252 0.0000 0.00 0.00 1.00 0 219 218 112 1 0 0 0 0 231119 163004.319
9.7540 -2.1293 0.0000 0.00 0.00 1.00 0 40 219 112 1 0 0 0 0 231119 163004.519
9.7831 -2.1319 0.0000 0.00 0.00 1.00 0 213 222 112 1 0 0 0 0 231119 163004.719
9.8079 -2.1357 0.0000 0.00 0.00 1.00 0 163 219 112 1 0 0 0 0 231119 163004.919
9.8322 -2.1364 0.0000 0.00 0.00 1.00 0 41 220 112 1 0 0 0 0 231119 163005.119
9.8593 -2.1368 0.0000 0.00 0.00 1.00 0 185 224 112 1 0 0 0 0 231119 163005.319
9.8846 -2.1334 0.0000 0.00 0.00 1.00 0 27 218 112 1 0 0 0 0 231119 163005.520
9.9048 -2.1315 0.0000 0.00 0.00 1.00 0 117 219 112 1 0 0 0 0 231119 163005.720
9.9274 -2.1297 0.0000 0.00 0.00 1.00 0 149 220 112 1 0 0 0 0 231119 163005.920
9.9491 -2.1316 0.0000 0.00 0.00 1.00 0 77 215 112 1 0 0 0 0 231119 163006.120
9.9763 -2.1246 0.0000 0.00 0.00 1.00 0 246 216 112 1 0 0 0 0 231119 163006.320
9.9924 -2.1265 0.0000 0.00 0.00 1.00 0 41 220 112 1 0 0 0 0 231119 163006.520
10.0078 -2.1313 0.0000 0.00 0.00 1.00 0 42 209 112 1 0 0 0 0 231119 163006.721
10.0386 -2.1272 0.0000 0.00 0.00 1.00 0 71 213 112 1 0 0 0 0 231119 163006.921
10.0632 -2.1238 0.0000 0.00 0.00 1.00 0 152 216 112 1 0 0 0 0 231119 163007.121
10.0883 -2.1209 0.0000 0.00 0.00 1.00 0 217 214 112 1 0 0 0 0 231119 163007.321
10.1090 -2.1156 0.0000 0.00 0.00 1.00 0 242 217 112 1 0 0 0 0 231119 163007.521
10.1350 -2.1119 0.0000 0.00 0.00 1.00 0 5 219 112 1 0 0 0 0 231119 163007.721
10.1600 -2.1075 0.0000 0.00 0.00 1.00 0 184 214 112 1 0 0 0 0 231119 163007.921
10.1869 -2.1068 0.0000 0.00 0.00 1.00 0 236 205 112 1 0 0 0 0 231119 163008.122
10.2052 -2.1041 0.0000 0.00 0.00 1.00 0 189 213 112 1 0 0 0 0 231119 163008.322
10.2256 -2.1002 0.0000 0.00 0.00 1.00 0 118 213 112 1 0 0 0 0 231119 163008.522
10.2415 -2.0962 0.0000 0.00 0.00 1.00 0 59 215 112 1 0 0 0 0 231119 163008.722
10.2665 -2.0858 0.0000 0.00 0.00 1.00 0 207 213 112 1 0 0 0 0 231119 163008.922
10.2828 -2.0853 0.0000 0.00 0.00 1.00 0 95 213 112 1 0 0 0 0 231119 163009.122
10.2950 -2.0876 0.0000 0.00 0.00 1.00 0 28 213 112 1 0 0 0 0 231119 163009.323
10.3137 -2.0809 0.0000 0.00 0.00 1.00 0 149 213 112 1 0 0 0 0 231119 163009.523
10.3323 -2.0754 0.0000 0.00 0.00 1.00 0 251 209 112 1 0 0 0 0 231119 163009.723
10.3560 -2.0653 0.0000 0.00 0.00 1.00 0 94 211 112 1 0 0 0 0 231119 163009.923
10.3757 -2.0572 0.0000 0.00 0.00 1.00 0 4 215 112 1 0 0 0 0 231119 163010.123
10.4029 -2.0445 0.0000 0.00 0.00 1.00 0 43 211 112 1 0 0 0 0 231119 163010.323
10.4259 -2.0378 0.0000 0.00 0.00 1.00 0 51 210 112 1 0 0 0 0 231119 163010.523
10.4407 -2.0254 0.0000 0.00 0.00 1.00 0 148 213 112 1 0 0 0 0 231119 163010.724
10.4568 -2.0119 0.0000 0.00 0.00 1.00 0 223 214 112 1 0 0 0 0 231119 163010.924
10.4731 -2.0010 0.0000 0.00 0.00 1.00 0 69 210 112 1 0 0 0 0 231119 163011.124
10.4943 -1.9855 0.0000 0.00 0.00 1.00 0 252 216 112 1 0 0 0 0 231119 163011.324
10.5158 -1.9729 0.0000 0.00 0.00 1.00 0 115 215 112 1 0 0 0 0 231119 163011.524
10.5363 -1.9614 0.0000 0.00 0.00 1.00 0 229 217 112 1 0 0 0 0 231119 163011.724
10.5508 -1.9526 0.0000 0.00 0.00 1.00 0 128 217 112 1 0 0 0 0 231119 163011.924
10.5751 -1.9430 0.0000 0.00 0.00 1.00 0 119 212 112 1 0 0 0 0 231119 163012.125
10.5896 -1.9308 0.0000 0.00 0.00 1.00 0 144 216 112 1 0 0 0 0 231119 163012.325
10.6018 -1.9223 0.0000 0.00 0.00 1.00 0 193 213 112 1 0 0 0 0 231119 163012.525
10.6094 -1.9191 0.0000 0.00 0.00 1.00 0 184 216 112 1 0 0 0 0 231119 163012.725
10.6262 -1.9100 0.0000 0.00 0.00 1.00 0 78 216 112 1 0 0 0 0 231119 163012.925
10.6425 -1.8959 0.0000 0.00 0.00 1.00 0 137 209 112 1 0 0 0 0 231119 163013.125
10.6593 -1.8758 0.0000 0.00 0.00 1.00 0 165 218 112 1 0 0 0 0 231119 163013.326
10.6714 -1.8636 0.0000 0.00 0.00 1.00 0 168 217 112 1 0 0 0 0 231119 163013.526
10.6888 -1.8494 0.0000 0.00 0.00 1.00 0 219 212 112 1 0 0 0 0 231119 163013.726
10.7057 -1.8343 0.0000 0.00 0.00 1.00 0 164 214 112 1 0 0 0 0 231119 163013.926
10.7291 -1.8152 0.0000 0.00 0.00 1.00 0 102 214 112 1 0 0 0 0 231119 163014.126
10.7445 -1.7969 0.0000 0.00 0.00 1.00 0 156 216 112 1 0 0 0 0 231119 163014.326
10.7609 -1.7772 0.0000 0.00 0.00 1.00 0 9 214 112 1 0 0 0 0 231119 163014.527
10.7770 -1.7612 0.0000 0.00 0.00 1.00 0 1 214 112 1 0 0 0 0 231119 163014.727
10.7997 -1.7403 0.0000 0.00 0.00 1.00 0 47 214 112 1 0 0 0 0 231119 163014.927
10.8171 -1.7186 0.0000 0.00 0.00 1.00 0 217 213 112 1 0 0 0 0 231119 163015.127
10.8437 -1.6906 0.0000 0.00 0.00 1.00 0 253 211 112 1 0 0 0 0 231119 163015.327
10.8628 -1.6680 0.0000 0.00 0.00 1.00 0 112 218 112 1 0 0 0 0 231119 163015.527
10.8840 -1.6459 0.0000 0.00 0.00 1.00 0 196 212 112 1 0 0 0 0 231119 163015.727
10.8995 -1.6221 0.0000 0.00 0.00 1.00 0 190 218 112 1 0 0 0 0 231119 163015.928
10.9140 -1.5988 0.0000 0.00 0.00 1.00 0 60 213 112 1 0 0 0 0 231119 163016.128
10.9325 -1.5758 0.0000 0.00 0.00 1.00 0 158 217 112 1 0 0 0 0 231119 163016.328
10.9511 -1.5495 0.0000 0.00 0.00 1.00 0 119 214 112 1 0 0 0 0 231119 163016.528
10.9676 -1.5252 0.0000 0.00 0.00 1.00 0 88 215 112 1 0 0 0 0 231119 163016.728
10.9828 -1.5063 0.0000 0.00 0.00 1.00 0 160 212 112 1 0 0 0 0 231119 163016.928
10.9920 -1.4863 0.0000 0.00 0.00 1.00 0 199 221 112 1 0 0 0 0 231119 163017.128
11.0113 -1.4571 0.0000 0.00 0.00 1.00 0 86 216 112 1 0 0 0 0 231119 163017.329
11.0297 -1.4333 0.0000 0.00 0.00 1.00 0 244 217 112 1 0 0 0 0 231119 163017.529
11.0429 -1.4123 0.0000 0.00 0.00 1.00 0 46 218 112 1 0 0 0 0 231119 163017.729
11.0664 -1.3761 0.0000 0.00 0.00 1.00 0 29 222 112 1 0 0 0 0 231119 163017.929
11.0836 -1.3442 0.0000 0.00 0.00 1.00 0 134 217 112 1 0 0 0 0 231119 163018.129
11.0933 -1.3208 0.0000 0.00 0.00 1.00 0 174 220 112 1 0 0 0 0 231119 163018.329
11.0991 -1.2991 0.0000 0.00 0.00 1.00 0 87 223 112 1 0 0 0 0 231119 163018.529
11.1145 -1.2731 0.0000 0.00 0.00 1.00 0 132 222 112 1 0 0 0 0 231119 163018.729
11.1281 -1.2463 0.0000 0.00 0.00 1.00 0 81 222 112 1 0 0 0 0 231119 163018.929
11.1382 -1.2185 0.0000 0.00 0.00 1.00 0 76 223 112 1 0 0 0 0 231119 163019.130
11.1493 -1.1889 0.0000 0.00 0.00 1.00 0 157 222 112 1 0 0 0 0 231119 163019.330
11.1592 -1.1601 0.0000 0.00 0.00 1.00 0 22 221 112 1 0 0 0 0 231119 163019.530
11.1660 -1.1319 0.0000 0.00 0.00 1.00 0 95 226 112 1 0 0 0 0 231119 163019.730
11.1731 -1.1041 0.0000 0.00 0.00 1.00 0 237 225 112 1 0 0 0 0 231119 163019.930
11.1810 -1.0781 0.0000 0.00 0.00 1.00 0 53 227 112 1 0 0 0 0 231119 163020.130
11.1902 -1.0475 0.0000 0.00 0.00 1.00 0 208 228 112 1 0 0 0 0 231119 163020.330
11.1961 -1.0182 0.0000 0.00 0.00 1.00 0 215 229 112 1 0 0 0 0 231119 163020.531
11.2015 -0.9899 0.0000 0.00 0.00 1.00 0 165 233 112 1 0 0 0 0 231119 163020.731
11.2102 -0.9634 0.0000 0.00 0.00 1.00 0 232 228 112 1 0 0 0 0 231119 163020.931
11.2149 -0.9338 0.0000 0.00 0.00 1.00 0 133 230 112 1 0 0 0 0 231119 163021.131
11.2169 -0.9055 0.0000 0.00 0.00 1.00 0 147 235 112 1 0 0 0 0 231119 163021.331
11.2220 -0.8787 0.0000 0.00 0.00 1.00 0 127 232 112 1 0 0 0 0 231119 163021.531
11.2244 -0.8463 0.0000 0.00 0.00 1.00 0 32 237 112 1 0 0 0 0 231119 163021.731
11.2281 -0.8195 0.0000 0.00 0.00 1.00 0 93 235 112 1 0 0 0 0 231119 163021.932
11.2355 -0.7924 0.0000 0.00 0.00 1.00 0 127 236 112 1 0 0 0 0 231119 163022.132
11.2378 -0.7596 0.0000 0.00 0.00 1.00 0 171 234 112 1 0 0 0 0 231119 163022.332
11.2398 -0.7294 0.0000 0.00 0.00 1.00 0 229 237 112 1 0 0 0 0 231119 163022.532
11.2432 -0.7005 0.0000 0.00 0.00 1.00 0 116 240 112 1 0 0 0 0 231119 163022.732
11.2458 -0.6681 0.0000 0.00 0.00 1.00 0 212 238 112 1 0 0 0 0 231119 163022.932
11.2520 -0.6368 0.0000 0.00 0.00 1.00 0 249 240 112 1 0 0 0 0 231119 163023.133
11.2533 -0.6057 0.0000 0.00 0.00 1.00 0 101 245 112 1 0 0 0 0 231119 163023.333
11.2557 -0.5764 0.0000 0.00 0.00 1.00 0 136 245 112 1 0 0 0 0 231119 163023.533
11.2568 -0.5460 0.0000 0.00 0.00 1.00 0 52 246 112 1 0 0 0 0 231119 163023.733
11.2607 -0.5146 0.0000 0.00 0.00 1.00 0 4 242 112 1 0 0 0 0 231119 163023.933
11.2645 -0.4794 0.0000 0.00 0.00 1.00 0 72 247 112 1 0 0 0 0 231119 163024.133
11.2660 -0.4488 0.0000 0.00 0.00 1.00 0 164 248 112 1 0 0 0 0 231119 163024.333
11.2661 -0.4171 0.0000 0.00 0.00 1.00 0 169 250 112 1 0 0 0 0 231119 163024.534
11.2710 -0.3884 0.0000 0.00 0.00 1.00 0 121 247 112 1 0 0 0 0 231119 163024.734
11.2718 -0.3580 0.0000 0.00 0.00 1.00 0 32 254 112 1 0 0 0 0 231119 163024.934
11.2752 -0.3289 0.0000 0.00 0.00 1.00 0 59 251 112 1 0 0 0 0 231119 163025.134
11.2755 -0.2999 0.0000 0.00 0.00 1.00 0 229 252 112 1 0 0 0 0 231119 163025.334
11.2771 -0.2720 0.0000 0.00 0.00 1.00 0 156 250 112 1 0 0 0 0 231119 163025.534
11.2765 -0.2427 0.0000 0.00 0.00 1.00 0 11 255 112 1 0 0 0 0 231119 163025.735
11.2754 -0.2121 0.0000 0.00 0.00 1.00 0 156 0 112 1 0 0 0 0 231119 163025.935
11.2741 -0.1816 0.0000 0.00 0.00 1.00 0 0 0 112 1 0 0 0 0 231119 163026.135
11.2728 -0.1496 0.0000 0.00 0.00 1.00 0 0 0 112 1 0 0 0 0 231119 163026.335
11.2725 -0.1156 0.0000 0.00 0.00 1.00 0 0 0 112 1 0 0 0 0 231119 163026.535
11.2729 -0.0850 0.0000 0.00 0.00 1.00 0 0 0 112 1 0 0 0 0 231119 163026.735
11.2688 -0.0521 0.0000 0.00 0.00 1.00 0 0 0 112 1 0 0 0 0 231119 163026.935
11.2697 -0.0263 0.0000 0.00 0.00 1.00 0 0 0 112 1 0 0 0 0 231119 163027.136
11.2700 0.0049 0.0000 0.00 0.00 1.00 0 0 0 112 1 0 0 0 0 231119 163027.336
11.2672 0.0303 0.0000 0.00 0.00 1.00 0 0 0 112 1 0 0 0 0 231119 163027.536
11.2660 0.0669 0.0000 0.00 0.00 1.00 0 0 0 112 1 0 0 0 0 231119 163027.736
11.2659 0.0984 0.0000 0.00 0.00 1.00 0 0 0 112 1 0 0 0 0 231119 163027.936
11.2633 0.1309 0.0000 0.00 0.00 1.00 0 0 0 112 1 0 0 0 0 231119 163028.136
11.2605 0.1624 0.0000 0.00 0.00 1.00 0 0 0 112 1 0 0 0 0 231119 163028.336
11.2542 0.1906 0.0000 0.00 0.00 1.00 0 223 17 112 1 0 0 0 0 231119 163028.537
11.2505 0.2229 0.0000 0.00 0.00 1.00 0 190 19 112 1 0 0 0 0 231119 163028.737
11.2481 0.2534 0.0000 0.00 0.00 1.00 0 11 15 112 1 0 0 0 0 231119 163028.937
11.2440 0.2783 0.0000 0.00 0.00 1.00 0 171 19 112 1 0 0 0 0 231119 163029.137
11.2472 0.3100 0.0000 0.00 0.00 1.00 0 89 18 112 1 0 0 0 0 231119 163029.337
11.2486 0.3377 0.0000 0.00 0.00 1.00 0 219 20 112 1 0 0 0 0 231119 163029.537
11.2495 0.3678 0.0000 0.00 0.00 1.00 0 8 25 112 1 0 0 0 0 231119 163029.737
11.2494 0.3946 0.0000 0.00 0.00 1.00 0 248 19 112 1 0 0 0 0 231119 163029.938
11.2477 0.4256 0.0000 0.00 0.00 1.00 0 3 20 112 1 0 0 0 0 231119 163030.138
11.2502 0.4574 0.0000 0.00 0.00 1.00 0 181 23 112 1 0 0 0 0 231119 163030.338
11.2518 0.4896 0.0000 0.00 0.00 1.00 0 95 22 112 1 0 0 0 0 231119 163030.538
11.2545 0.5170 0.0000 0.00 0.00 1.00 0 231 24 112 1 0 0 0 0 231119 163030.738
11.2525 0.5456 0.0000 0.00 0.00 1.00 0 33 27 112 1 0 0 0 0 231119 163030.938
11.2551 0.5770 0.0000 0.00 0.00 1.00 0 16 28 112 1 0 0 0 0 231119 163031.138
11.2558 0.6076 0.0000 0.00 0.00 1.00 0 191 31 112 1 0 0 0 0 231119 163031.339
11.2581 0.6369 0.0000 0.00 0.00 1.00 0 130 29 112 1 0 0 0 0 231119 163031.539
11.2618 0.6690 0.0000 0.00 0.00 1.00 0 43 29 112 1 0 0 0 0 231119 163031.739
11.2652 0.7010 0.0000 0.00 0.00 1.00 0 54 32 112 1 0 0 0 0 231119 163031.939
11.2713 0.7349 0.0000 0.00 0.00 1.00 0 35 34 112 1 0 0 0 0 231119 163032.139
11.2738 0.7637 0.0000 0.00 0.00 1.00 0 91 32 112 1 0 0 0 0 231119 163032.339
11.2758 0.7914 0.0000 0.00 0.00 1.00 0 12 33 112 1 0 0 0 0 231119 163032.540
11.2788 0.8199 0.0000 0.00 0.00 1.00 0 36 32 112 1 0 0 0 0 231119 163032.740
11.2847 0.8496 0.0000 0.00 0.00 1.00 0 127 35 112 1 0 0 0 0 231119 163032.940
11.2931 0.8809 0.0000 0.00 0.00 1.00 0 6 35 112 1 0 0 0 0 231119 163033.140
11.2951 0.9071 0.0000 0.00 0.00 1.00 0 88 37 112 1 0 0 0 0 231119 163033.340
11.2963 0.9314 0.0000 0.00 0.00 1.00 0 222 36 112 1 0 0 0 0 231119 163033.540
11.3036 0.9590 0.0000 0.00 0.00 1.00 0 204 33 112 1 0 0 0 0 231119 163033.740
11.3096 0.9857 0.0000 0.00 0.00 1.00 0 119 39 112 1 0 0 0 0 231119 163033.941
11.3182 1.0149 0.0000 0.00 0.00 1.00 0 255 127 112 1 0 0 0 0 231119 163034.141
