-1.4467 2.9351 0.0000 0.00 0.00 1.00 0 36 80 112 1 0 0 0 0 250620 142610.122
-1.4468 2.9353 0.0000 0.00 0.00 1.00 0 39 80 112 1 0 0 0 0 250620 142610.173
-1.4470 2.9355 0.0000 0.00 0.00 1.00 0 40 80 112 1 0 0 0 0 250620 142610.223
-1.4471 2.9358 0.0000 0.00 0.00 1.00 0 41 80 112 1 0 0 0 0 250620 142610.273
-1.4472 2.9360 0.0000 0.00 0.00 1.00 0 45 80 112 1 0 0 0 0 250620 142610.323
-1.4474 2.9362 0.0000 0.00 0.00 1.00 0 47 80 112 1 0 0 0 0 250620 142610.374
-1.4475 2.9364 0.0000 0.00 0.00 1.00 0 48 80 112 1 0 0 0 0 250620 142610.424
-1.4476 2.9367 0.0000 0.00 0.00 1.00 0 50 80 112 1 0 0 0 0 250620 142610.474
-1.4477 2.9369 0.0000 0.00 0.00 1.00 0 51 80 112 1 0 0 0 0 250620 142610.524
-1.4479 2.9371 0.0000 0.00 0.00 1.00 0 54 80 112 1 0 0 0 0 250620 142610.574
-1.4480 2.9373 0.0000 0.00 0.00 1.00 0 56 80 112 1 0 0 0 0 250620 142610.625
-1.4481 2.9375 0.0000 0.00 0.00 1.00 0 58 80 112 1 0 0 0 0 250620 142610.675
-1.4483 2.9378 0.0000 0.00 0.00 1.00 0 60 80 112 1 0 0 0 0 250620 142610.725
-1.4484 2.9380 0.0000 0.00 0.00 1.00 0 62 80 112 1 0 0 0 0 250620 142610.775
-1.4485 2.9382 0.0000 0.00 0.00 1.00 0 65 80 112 1 0 0 0 0 250620 142610.826
-1.4487 2.9384 0.0000 0.00 0.00 1.00 0 66 80 112 1 0 0 0 0 250620 142610.876
-1.4488 2.9387 0.0000 0.00 0.00 1.00 0 76 80 112 1 0 0 0 0 250620 142610.926
-1.4489 2.9389 0.0000 0.00 0.00 1.00 0 71 80 112 1 0 0 0 0 250620 142610.976
-1.4491 2.9391 0.0000 0.00 0.00 1.00 0 73 80 112 1 0 0 0 0 250620 142611.026
-1.4492 2.9393 0.0000 0.00 0.00 1.00 0 75 80 112 1 0 0 0 0 250620 142611.076
-1.4493 2.9395 0.0000 0.00 0.00 1.00 0 84 80 112 1 0 0 0 0 250620 142611.127
-1.4495 2.9398 0.0000 0.00 0.00 1.00 0 86 80 112 1 0 0 0 0 250620 142611.177
-1.4496 2.9400 0.0000 0.00 0.00 1.00 0 87 80 112 1 0 0 0 0 250620 142611.227
-1.4497 2.9402 0.0000 0.00 0.00 1.00 0 81 80 112 1 0 0 0 0 250620 142611.277
-1.4499 2.9404 0.0000 0.00 0.00 1.00 0 90 80 112 1 0 0 0 0 250620 142611.327
-1.4500 2.9406 0.0000 0.00 0.00 1.00 0 85 80 112 1 0 0 0 0 250620 142611.377
-1.4501 2.9408 0.0000 0.00 0.00 1.00 0 89 80 112 1 0 0 0 0 250620 142611.428
-1.4502 2.9411 0.0000 0.00 0.00 1.00 0 97 80 112 1 0 0 0 0 250620 142611.478
-1.4504 2.9413 0.0000 0.00 0.00 1.00 0 91 80 112 1 0 0 0 0 250620 142611.528
-1.4505 2.9415 0.0000 0.00 0.00 1.00 0 93 80 112 1 0 0 0 0 250620 142611.578
-1.4506 2.9417 0.0000 0.00 0.00 1.00 0 95 80 112 1 0 0 0 0 250620 142611.628
-1.4508 2.9419 0.0000 0.00 0.00 1.00 0 97 80 112 1 0 0 0 0 250620 142611.679
-1.4509 2.9422 0.0000 0.00 0.00 1.00 0 101 80 112 1 0 0 0 0 250620 142611.729
-1.4510 2.9424 0.0000 0.00 0.00 1.00 0 102 80 112 1 0 0 0 0 250620 142611.779
-1.4511 2.9426 0.0000 0.00 0.00 1.00 0 103 80 112 1 0 0 0 0 250620 142611.829
-1.4513 2.9428 0.0000 0.00 0.00 1.00 0 105 80 112 1 0 0 0 0 250620 142611.879
-1.4514 2.9430 0.0000 0.00 0.00 1.00 0 107 80 112 1 0 0 0 0 250620 142611.930
-1.4515 2.9433 0.0000 0.00 0.00 1.00 0 110 80 112 1 0 0 0 0 250620 142611.980
-1.4517 2.9435 0.0000 0.00 0.00 1.00 0 113 80 112 1 0 0 0 0 250620 142612.030
-1.4518 2.9437 0.0000 0.00 0.00 1.00 0 113 80 112 1 0 0 0 0 250620 142612.080
-1.4519 2.9439 0.0000 0.00 0.00 1.00 0 117 80 112 1 0 0 0 0 250620 142612.131
-1.4521 2.9441 0.0000 0.00 0.00 1.00 0 117 80 112 1 0 0 0 0 250620 142612.181
-1.4522 2.9444 0.0000 0.00 0.00 1.00 0 119 80 112 1 0 0 0 0 250620 142612.231
-1.4523 2.9446 0.0000 0.00 0.00 1.00 0 122 80 112 1 0 0 0 0 250620 142612.281
-1.4525 2.9448 0.0000 0.00 0.00 1.00 0 125 80 112 1 0 0 0 0 250620 142612.332
-1.4526 2.9450 0.0000 0.00 0.00 1.00 0 124 80 112 1 0 0 0 0 250620 142612.382
-1.4528 2.9454 0.0000 0.00 0.00 1.00 0 176 80 112 1 0 0 0 0 250620 142612.432
-1.4530 2.9456 0.0000 0.00 0.00 1.00 0 179 80 112 1 0 0 0 0 250620 142612.482
-1.4531 2.9459 0.0000 0.00 0.00 1.00 0 180 80 112 1 0 0 0 0 250620 142612.532
