-1.0076 2.1958 0.0000 0.00 0.00 1.00 0 133 54 112 1 0 0 0 0 250620 142322.394
-1.0077 2.1960 0.0000 0.00 0.00 1.00 0 133 54 112 1 0 0 0 0 250620 142322.444
-1.0078 2.1962 0.0000 0.00 0.00 1.00 0 135 54 112 1 0 0 0 0 250620 142322.494
-1.0080 2.1964 0.0000 0.00 0.00 1.00 0 138 54 112 1 0 0 0 0 250620 142322.545
-1.0081 2.1966 0.0000 0.00 0.00 1.00 0 138 54 112 1 0 0 0 0 250620 142322.595
-1.0082 2.1969 0.0000 0.00 0.00 1.00 0 142 54 112 1 0 0 0 0 250620 142322.645
-1.0084 2.1971 0.0000 0.00 0.00 1.00 0 145 54 112 1 0 0 0 0 250620 142322.695
-1.0085 2.1973 0.0000 0.00 0.00 1.00 0 146 54 112 1 0 0 0 0 250620 142322.746
-1.0086 2.1975 0.0000 0.00 0.00 1.00 0 148 54 112 1 0 0 0 0 250620 142322.796
-1.0087 2.1977 0.0000 0.00 0.00 1.00 0 151 54 112 1 0 0 0 0 250620 142322.847
-1.0089 2.1980 0.0000 0.00 0.00 1.00 0 151 54 112 1 0 0 0 0 250620 142322.897
-1.0090 2.1982 0.0000 0.00 0.00 1.00 0 153 54 112 1 0 0 0 0 250620 142322.947
-1.0091 2.1984 0.0000 0.00 0.00 1.00 0 156 54 112 1 0 0 0 0 250620 142322.997
-1.0093 2.1986 0.0000 0.00 0.00 1.00 0 94 54 112 1 0 0 0 0 250620 142323.047
-1.0094 2.1989 0.0000 0.00 0.00 1.00 0 97 54 112 1 0 0 0 0 250620 142323.098
-1.0095 2.1991 0.0000 0.00 0.00 1.00 0 99 54 112 1 0 0 0 0 250620 142323.148
-1.0097 2.1993 0.0000 0.00 0.00 1.00 0 101 54 112 1 0 0 0 0 250620 142323.198
-1.0098 2.1995 0.0000 0.00 0.00 1.00 0 101 54 112 1 0 0 0 0 250620 142323.248
-1.0099 2.1997 0.0000 0.00 0.00 1.00 0 105 54 112 1 0 0 0 0 250620 142323.299
-1.0101 2.2000 0.0000 0.00 0.00 1.00 0 107 54 112 1 0 0 0 0 250620 142323.349
-1.0102 2.2002 0.0000 0.00 0.00 1.00 0 108 54 112 1 0 0 0 0 250620 142323.399
-1.0103 2.2004 0.0000 0.00 0.00 1.00 0 111 54 112 1 0 0 0 0 250620 142323.450
-1.0105 2.2006 0.0000 0.00 0.00 1.00 0 111 54 112 1 0 0 0 0 250620 142323.500
-1.0106 2.2009 0.0000 0.00 0.00 1.00 0 115 54 112 1 0 0 0 0 250620 142323.550
-1.0107 2.2011 0.0000 0.00 0.00 1.00 0 116 54 112 1 0 0 0 0 250620 142323.600
-1.0109 2.2013 0.0000 0.00 0.00 1.00 0 117 54 112 1 0 0 0 0 250620 142323.651
-1.0110 2.2015 0.0000 0.00 0.00 1.00 0 119 54 112 1 0 0 0 0 250620 142323.701
-1.0111 2.2017 0.0000 0.00 0.00 1.00 0 122 54 112 1 0 0 0 0 250620 142323.751
-1.0112 2.2020 0.0000 0.00 0.00 1.00 0 125 54 112 1 0 0 0 0 250620 142323.802
-1.0114 2.2022 0.0000 0.00 0.00 1.00 0 127 54 112 1 0 0 0 0 250620 142323.852
-1.0115 2.2024 0.0000 0.00 0.00 1.00 0 129 54 112 1 0 0 0 0 250620 142323.902
-1.0116 2.2026 0.0000 0.00 0.00 1.00 0 131 54 112 1 0 0 0 0 250620 142323.952
-1.0118 2.2028 0.0000 0.00 0.00 1.00 0 131 54 112 1 0 0 0 0 250620 142324.003
-1.0119 2.2031 0.0000 0.00 0.00 1.00 0 133 54 112 1 0 0 0 0 250620 142324.053
-1.0120 2.2033 0.0000 0.00 0.00 1.00 0 136 54 112 1 0 0 0 0 250620 142324.103
-1.0122 2.2035 0.0000 0.00 0.00 1.00 0 137 54 112 1 0 0 0 0 250620 142324.153
-1.0123 2.2037 0.0000 0.00 0.00 1.00 0 141 54 112 1 0 0 0 0 250620 142324.204
-1.0124 2.2039 0.0000 0.00 0.00 1.00 0 143 54 112 1 0 0 0 0 250620 142324.254
-1.0126 2.2042 0.0000 0.00 0.00 1.00 0 145 54 112 1 0 0 0 0 250620 142324.304
-1.0127 2.2044 0.0000 0.00 0.00 1.00 0 145 54 112 1 0 0 0 0 250620 142324.354
-1.0128 2.2046 0.0000 0.00 0.00 1.00 0 148 54 112 1 0 0 0 0 250620 142324.405
-1.0129 2.2048 0.0000 0.00 0.00 1.00 0 149 54 112 1 0 0 0 0 250620 142324.455
-1.0131 2.2050 0.0000 0.00 0.00 1.00 0 153 54 112 1 0 0 0 0 250620 142324.505
-1.0132 2.2053 0.0000 0.00 0.00 1.00 0 154 54 112 1 0 0 0 0 250620 142324.555
-1.0133 2.2055 0.0000 0.00 0.00 1.00 0 157 54 112 1 0 0 0 0 250620 142324.606
-1.0135 2.2057 0.0000 0.00 0.00 1.00 0 158 54 112 1 0 0 0 0 250620 142324.656
-1.0136 2.2059 0.0000 0.00 0.00 1.00 0 159 54 112 1 0 0 0 0 250620 142324.706
-1.0137 2.2061 0.0000 0.00 0.00 1.00 0 162 54 112 1 0 0 0 0 250620 142324.756
-1.0139 2.2064 0.0000 0.00 0.00 1.00 0 163 54 112 1 0 0 0 0 250620 142324.806
-1.0140 2.2066 0.0000 0.00 0.00 1.00 0 166 54 112 1 0 0 0 0 250620 142324.857
-1.0141 2.2068 0.0000 0.00 0.00 1.00 0 168 54 112 1 0 0 0 0 250620 142324.907
-1.0143 2.2070 0.0000 0.00 0.00 1.00 0 170 54 112 1 0 0 0 0 250620 142324.958
-1.0144 2.2072 0.0000 0.00 0.00 1.00 0 171 54 112 1 0 0 0 0 250620 142325.008
-1.0145 2.2075 0.0000 0.00 0.00 1.00 0 174 54 112 1 0 0 0 0 250620 142325.058
-1.0147 2.2077 0.0000 0.00 0.00 1.00 0 175 54 112 1 0 0 0 0 250620 142325.108
-1.0148 2.2079 0.0000 0.00 0.00 1.00 0 178 54 112 1 0 0 0 0 250620 142325.158
-1.0149 2.2081 0.0000 0.00 0.00 1.00 0 180 54 112 1 0 0 0 0 250620 142325.209
-1.0150 2.2083 0.0000 0.00 0.00 1.00 0 181 54 112 1 0 0 0 0 250620 142325.259
-1.0152 2.2086 0.0000 0.00 0.00 1.00 0 184 54 112 1 0 0 0 0 250620 142325.309
-1.0153 2.2088 0.0000 0.00 0.00 1.00 0 184 54 112 1 0 0 0 0 250620 142325.359
-1.0154 2.2090 0.0000 0.00 0.00 1.00 0 187 54 112 1 0 0 0 0 250620 142325.410
-1.0156 2.2092 0.0000 0.00 0.00 1.00 0 190 54 112 1 0 0 0 0 250620 142325.460
-1.0157 2.2094 0.0000 0.00 0.00 1.00 0 190 54 112 1 0 0 0 0 250620 142325.510
-1.0158 2.2097 0.0000 0.00 0.00 1.00 0 194 54 112 1 0 0 0 0 250620 142325.561
-1.0160 2.2099 0.0000 0.00 0.00 1.00 0 196 54 112 1 0 0 0 0 250620 142325.611
-1.0161 2.2101 0.0000 0.00 0.00 1.00 0 198 54 112 1 0 0 0 0 250620 142325.661
-1.0162 2.2103 0.0000 0.00 0.00 1.00 0 198 54 112 1 0 0 0 0 250620 142325.711
-1.0164 2.2105 0.0000 0.00 0.00 1.00 0 200 54 112 1 0 0 0 0 250620 142325.761
-1.0165 2.2108 0.0000 0.00 0.00 1.00 0 204 54 112 1 0 0 0 0 250620 142325.812
-1.0166 2.2110 0.0000 0.00 0.00 1.00 0 205 54 112 1 0 0 0 0 250620 142325.862
-1.0167 2.2112 0.0000 0.00 0.00 1.00 0 206 54 112 1 0 0 0 0 250620 142325.912
-1.0169 2.2114 0.0000 0.00 0.00 1.00 0 209 54 112 1 0 0 0 0 250620 142325.962
-1.0170 2.2117 0.0000 0.00 0.00 1.00 0 212 54 112 1 0 0 0 0 250620 142326.012
-1.0171 2.2119 0.0000 0.00 0.00 1.00 0 214 54 112 1 0 0 0 0 250620 142326.062
-1.0173 2.2121 0.0000 0.00 0.00 1.00 0 215 54 112 1 0 0 0 0 250620 142326.113
-1.0174 2.2123 0.0000 0.00 0.00 1.00 0 218 54 112 1 0 0 0 0 250620 142326.163
-1.0175 2.2125 0.0000 0.00 0.00 1.00 0 219 54 112 1 0 0 0 0 250620 142326.213
-1.0177 2.2128 0.0000 0.00 0.00 1.00 0 220 54 112 1 0 0 0 0 250620 142326.263
-1.0178 2.2130 0.0000 0.00 0.00 1.00 0 223 54 112 1 0 0 0 0 250620 142326.313
-1.0179 2.2132 0.0000 0.00 0.00 1.00 0 224 54 112 1 0 0 0 0 250620 142326.364
-1.0181 2.2134 0.0000 0.00 0.00 1.00 0 227 54 112 1 0 0 0 0 250620 142326.414
-1.0182 2.2136 0.0000 0.00 0.00 1.00 0 229 54 112 1 0 0 0 0 250620 142326.464
-1.0183 2.2139 0.0000 0.00 0.00 1.00 0 231 54 112 1 0 0 0 0 250620 142326.514
-1.0184 2.2141 0.0000 0.00 0.00 1.00 0 233 54 112 1 0 0 0 0 250620 142326.564
-1.0186 2.2143 0.0000 0.00 0.00 1.00 0 235 54 112 1 0 0 0 0 250620 142326.615
-1.0187 2.2145 0.0000 0.00 0.00 1.00 0 236 54 112 1 0 0 0 0 250620 142326.665
-1.0188 2.2147 0.0000 0.00 0.00 1.00 0 239 54 112 1 0 0 0 0 250620 142326.715
-1.0190 2.2150 0.0000 0.00 0.00 1.00 0 241 54 112 1 0 0 0 0 250620 142326.765
-1.0191 2.2152 0.0000 0.00 0.00 1.00 0 243 54 112 1 0 0 0 0 250620 142326.815
-1.0192 2.2154 0.0000 0.00 0.00 1.00 0 245 54 112 1 0 0 0 0 250620 142326.866
-1.0194 2.2156 0.0000 0.00 0.00 1.00 0 246 54 112 1 0 0 0 0 250620 142326.916
-1.0195 2.2158 0.0000 0.00 0.00 1.00 0 249 54 112 1 0 0 0 0 250620 142326.966
-1.0196 2.2161 0.0000 0.00 0.00 1.00 0 251 54 112 1 0 0 0 0 250620 142327.016
-1.0198 2.2163 0.0000 0.00 0.00 1.00 0 253 54 112 1 0 0 0 0 250620 142327.066
-1.0199 2.2165 0.0000 0.00 0.00 1.00 0 253 54 112 1 0 0 0 0 250620 142327.117
-1.0200 2.2167 0.0000 0.00 0.00 1.00 0 1 55 112 1 0 0 0 0 250620 142327.167
-1.0202 2.2169 0.0000 0.00 0.00 1.00 0 3 55 112 1 0 0 0 0 250620 142327.217
-1.0203 2.2172 0.0000 0.00 0.00 1.00 0 3 55 112 1 0 0 0 0 250620 142327.267
-1.0204 2.2174 0.0000 0.00 0.00 1.00 0 7 55 112 1 0 0 0 0 250620 142327.317
-1.0205 2.2176 0.0000 0.00 0.00 1.00 0 9 55 112 1 0 0 0 0 250620 142327.368
-1.0207 2.2178 0.0000 0.00 0.00 1.00 0 9 55 112 1 0 0 0 0 250620 142327.418
-1.0208 2.2180 0.0000 0.00 0.00 1.00 0 11 55 112 1 0 0 0 0 250620 142327.468
-1.0209 2.2183 0.0000 0.00 0.00 1.00 0 15 55 112 1 0 0 0 0 250620 142327.518
-1.0211 2.2185 0.0000 0.00 0.00 1.00 0 15 55 112 1 0 0 0 0 250620 142327.568
-1.0212 2.2187 0.0000 0.00 0.00 1.00 0 19 55 112 1 0 0 0 0 250620 142327.618
-1.0213 2.2189 0.0000 0.00 0.00 1.00 0 21 55 112 1 0 0 0 0 250620 142327.669
-1.0215 2.2191 0.0000 0.00 0.00 1.00 0 23 55 112 1 0 0 0 0 250620 142327.719
-1.0216 2.2194 0.0000 0.00 0.00 1.00 0 23 55 112 1 0 0 0 0 250620 142327.769
-1.0217 2.2196 0.0000 0.00 0.00 1.00 0 27 55 112 1 0 0 0 0 250620 142327.819
-1.0219 2.2198 0.0000 0.00 0.00 1.00 0 29 55 112 1 0 0 0 0 250620 142327.869
-1.0220 2.2200 0.0000 0.00 0.00 1.00 0 31 55 112 1 0 0 0 0 250620 142327.920
-1.0221 2.2202 0.0000 0.00 0.00 1.00 0 31 55 112 1 0 0 0 0 250620 142327.970
-1.0222 2.2205 0.0000 0.00 0.00 1.00 0 35 55 112 1 0 0 0 0 250620 142328.020
-1.0224 2.2207 0.0000 0.00 0.00 1.00 0 35 55 112 1 0 0 0 0 250620 142328.070
-1.0225 2.2209 0.0000 0.00 0.00 1.00 0 38 55 112 1 0 0 0 0 250620 142328.120
-1.0226 2.2211 0.0000 0.00 0.00 1.00 0 40 55 112 1 0 0 0 0 250620 142328.170
-1.0228 2.2214 0.0000 0.00 0.00 1.00 0 42 55 112 1 0 0 0 0 250620 142328.221
-1.0229 2.2216 0.0000 0.00 0.00 1.00 0 44 55 112 1 0 0 0 0 250620 142328.271
-1.0230 2.2218 0.0000 0.00 0.00 1.00 0 46 55 112 1 0 0 0 0 250620 142328.321
-1.0232 2.2220 0.0000 0.00 0.00 1.00 0 48 55 112 1 0 0 0 0 250620 142328.371
-1.0233 2.2222 0.0000 0.00 0.00 1.00 0 50 55 112 1 0 0 0 0 250620 142328.421
-1.0234 2.2225 0.0000 0.00 0.00 1.00 0 50 55 112 1 0 0 0 0 250620 142328.472
-1.0236 2.2227 0.0000 0.00 0.00 1.00 0 52 55 112 1 0 0 0 0 250620 142328.522
-1.0237 2.2229 0.0000 0.00 0.00 1.00 0 56 55 112 1 0 0 0 0 250620 142328.572
-1.0238 2.2231 0.0000 0.00 0.00 1.00 0 58 55 112 1 0 0 0 0 250620 142328.622
-1.0239 2.2233 0.0000 0.00 0.00 1.00 0 60 55 112 1 0 0 0 0 250620 142328.672
-1.0241 2.2236 0.0000 0.00 0.00 1.00 0 62 55 112 1 0 0 0 0 250620 142328.723
-1.0242 2.2238 0.0000 0.00 0.00 1.00 0 63 55 112 1 0 0 0 0 250620 142328.773
-1.0243 2.2240 0.0000 0.00 0.00 1.00 0 65 55 112 1 0 0 0 0 250620 142328.823
-1.0245 2.2242 0.0000 0.00 0.00 1.00 0 68 55 112 1 0 0 0 0 250620 142328.873
-1.0246 2.2244 0.0000 0.00 0.00 1.00 0 68 55 112 1 0 0 0 0 250620 142328.923
-1.0247 2.2247 0.0000 0.00 0.00 1.00 0 72 55 112 1 0 0 0 0 250620 142328.974
-1.0249 2.2249 0.0000 0.00 0.00 1.00 0 74 55 112 1 0 0 0 0 250620 142329.024
-1.0250 2.2251 0.0000 0.00 0.00 1.00 0 74 55 112 1 0 0 0 0 250620 142329.074
-1.0251 2.2253 0.0000 0.00 0.00 1.00 0 78 55 112 1 0 0 0 0 250620 142329.124
-1.0253 2.2255 0.0000 0.00 0.00 1.00 0 80 55 112 1 0 0 0 0 250620 142329.174
-1.0254 2.2258 0.0000 0.00 0.00 1.00 0 82 55 112 1 0 0 0 0 250620 142329.224
-1.0255 2.2260 0.0000 0.00 0.00 1.00 0 82 55 112 1 0 0 0 0 250620 142329.275
-1.0256 2.2262 0.0000 0.00 0.00 1.00 0 86 55 112 1 0 0 0 0 250620 142329.325
-1.0258 2.2264 0.0000 0.00 0.00 1.00 0 88 55 112 1 0 0 0 0 250620 142329.375
-1.0259 2.2266 0.0000 0.00 0.00 1.00 0 90 55 112 1 0 0 0 0 250620 142329.425
-1.0260 2.2269 0.0000 0.00 0.00 1.00 0 92 55 112 1 0 0 0 0 250620 142329.476
-1.0262 2.2271 0.0000 0.00 0.00 1.00 0 94 55 112 1 0 0 0 0 250620 142329.526
-1.0263 2.2273 0.0000 0.00 0.00 1.00 0 95 55 112 1 0 0 0 0 250620 142329.577
-1.0264 2.2275 0.0000 0.00 0.00 1.00 0 96 55 112 1 0 0 0 0 250620 142329.627
-1.0266 2.2277 0.0000 0.00 0.00 1.00 0 99 55 112 1 0 0 0 0 250620 142329.677
-1.0267 2.2280 0.0000 0.00 0.00 1.00 0 100 55 112 1 0 0 0 0 250620 142329.727
-1.0268 2.2282 0.0000 0.00 0.00 1.00 0 103 55 112 1 0 0 0 0 250620 142329.778
-1.0270 2.2284 0.0000 0.00 0.00 1.00 0 104 55 112 1 0 0 0 0 250620 142329.828
-1.0271 2.2286 0.0000 0.00 0.00 1.00 0 107 55 112 1 0 0 0 0 250620 142329.878
-1.0272 2.2288 0.0000 0.00 0.00 1.00 0 110 55 112 1 0 0 0 0 250620 142329.928
-1.0274 2.2291 0.0000 0.00 0.00 1.00 0 110 55 112 1 0 0 0 0 250620 142329.978
-1.0275 2.2293 0.0000 0.00 0.00 1.00 0 112 55 112 1 0 0 0 0 250620 142330.029
-1.0276 2.2295 0.0000 0.00 0.00 1.00 0 115 55 112 1 0 0 0 0 250620 142330.079
-1.0277 2.2297 0.0000 0.00 0.00 1.00 0 117 55 112 1 0 0 0 0 250620 142330.129
-1.0279 2.2300 0.0000 0.00 0.00 1.00 0 120 55 112 1 0 0 0 0 250620 142330.179
-1.0280 2.2302 0.0000 0.00 0.00 1.00 0 121 55 112 1 0 0 0 0 250620 142330.229
-1.0281 2.2304 0.0000 0.00 0.00 1.00 0 122 55 112 1 0 0 0 0 250620 142330.279
-1.0283 2.2306 0.0000 0.00 0.00 1.00 0 125 55 112 1 0 0 0 0 250620 142330.330
-1.0284 2.2308 0.0000 0.00 0.00 1.00 0 126 55 112 1 0 0 0 0 250620 142330.380
-1.0285 2.2310 0.0000 0.00 0.00 1.00 0 128 55 112 1 0 0 0 0 250620 142330.430
-1.0287 2.2313 0.0000 0.00 0.00 1.00 0 131 55 112 1 0 0 0 0 250620 142330.481
-1.0288 2.2315 0.0000 0.00 0.00 1.00 0 132 55 112 1 0 0 0 0 250620 142330.531
-1.0289 2.2317 0.0000 0.00 0.00 1.00 0 135 55 112 1 0 0 0 0 250620 142330.582
-1.0291 2.2319 0.0000 0.00 0.00 1.00 0 135 55 112 1 0 0 0 0 250620 142330.632
-1.0292 2.2322 0.0000 0.00 0.00 1.00 0 139 55 112 1 0 0 0 0 250620 142330.682
-1.0293 2.2324 0.0000 0.00 0.00 1.00 0 141 55 112 1 0 0 0 0 250620 142330.732
-1.0294 2.2326 0.0000 0.00 0.00 1.00 0 143 55 112 1 0 0 0 0 250620 142330.782
-1.0296 2.2328 0.0000 0.00 0.00 1.00 0 144 55 112 1 0 0 0 0 250620 142330.833
-1.0297 2.2330 0.0000 0.00 0.00 1.00 0 147 55 112 1 0 0 0 0 250620 142330.883
-1.0298 2.2333 0.0000 0.00 0.00 1.00 0 149 55 112 1 0 0 0 0 250620 142330.933
-1.0300 2.2335 0.0000 0.00 0.00 1.00 0 149 55 112 1 0 0 0 0 250620 142330.983
-1.0301 2.2337 0.0000 0.00 0.00 1.00 0 153 55 112 1 0 0 0 0 250620 142331.034
-1.0302 2.2339 0.0000 0.00 0.00 1.00 0 155 55 112 1 0 0 0 0 250620 142331.084
-1.0304 2.2341 0.0000 0.00 0.00 1.00 0 155 55 112 1 0 0 0 0 250620 142331.134
-1.0305 2.2344 0.0000 0.00 0.00 1.00 0 157 55 112 1 0 0 0 0 250620 142331.184
-1.0306 2.2346 0.0000 0.00 0.00 1.00 0 161 55 112 1 0 0 0 0 250620 142331.234
-1.0308 2.2348 0.0000 0.00 0.00 1.00 0 161 55 112 1 0 0 0 0 250620 142331.285
-1.0309 2.2350 0.0000 0.00 0.00 1.00 0 165 55 112 1 0 0 0 0 250620 142331.335
-1.0310 2.2352 0.0000 0.00 0.00 1.00 0 167 55 112 1 0 0 0 0 250620 142331.385
-1.0311 2.2355 0.0000 0.00 0.00 1.00 0 169 55 112 1 0 0 0 0 250620 142331.435
-1.0313 2.2357 0.0000 0.00 0.00 1.00 0 171 55 112 1 0 0 0 0 250620 142331.485
-1.0314 2.2359 0.0000 0.00 0.00 1.00 0 173 55 112 1 0 0 0 0 250620 142331.535
-1.0315 2.2361 0.0000 0.00 0.00 1.00 0 173 55 112 1 0 0 0 0 250620 142331.586
-1.0317 2.2363 0.0000 0.00 0.00 1.00 0 177 55 112 1 0 0 0 0 250620 142331.636
-1.0318 2.2366 0.0000 0.00 0.00 1.00 0 177 55 112 1 0 0 0 0 250620 142331.687
-1.0319 2.2368 0.0000 0.00 0.00 1.00 0 180 55 112 1 0 0 0 0 250620 142331.737
-1.0321 2.2370 0.0000 0.00 0.00 1.00 0 181 55 112 1 0 0 0 0 250620 142331.787
-1.0322 2.2372 0.0000 0.00 0.00 1.00 0 184 55 112 1 0 0 0 0 250620 142331.837
-1.0323 2.2374 0.0000 0.00 0.00 1.00 0 187 55 112 1 0 0 0 0 250620 142331.888
-1.0325 2.2377 0.0000 0.00 0.00 1.00 0 187 55 112 1 0 0 0 0 250620 142331.938
-1.0326 2.2379 0.0000 0.00 0.00 1.00 0 190 55 112 1 0 0 0 0 250620 142331.988
-1.0327 2.2381 0.0000 0.00 0.00 1.00 0 191 55 112 1 0 0 0 0 250620 142332.038
-1.0329 2.2383 0.0000 0.00 0.00 1.00 0 194 55 112 1 0 0 0 0 250620 142332.089
-1.0330 2.2385 0.0000 0.00 0.00 1.00 0 196 55 112 1 0 0 0 0 250620 142332.139
-1.0331 2.2388 0.0000 0.00 0.00 1.00 0 198 55 112 1 0 0 0 0 250620 142332.189
-1.0332 2.2390 0.0000 0.00 0.00 1.00 0 200 55 112 1 0 0 0 0 250620 142332.239
-1.0334 2.2392 0.0000 0.00 0.00 1.00 0 202 55 112 1 0 0 0 0 250620 142332.289
-1.0335 2.2394 0.0000 0.00 0.00 1.00 0 204 55 112 1 0 0 0 0 250620 142332.339
-1.0336 2.2396 0.0000 0.00 0.00 1.00 0 206 55 112 1 0 0 0 0 250620 142332.389
-1.0338 2.2399 0.0000 0.00 0.00 1.00 0 206 55 112 1 0 0 0 0 250620 142332.440
-1.0339 2.2401 0.0000 0.00 0.00 1.00 0 210 55 112 1 0 0 0 0 250620 142332.490
-1.0340 2.2403 0.0000 0.00 0.00 1.00 0 212 55 112 1 0 0 0 0 250620 142332.540
-1.0342 2.2405 0.0000 0.00 0.00 1.00 0 214 55 112 1 0 0 0 0 250620 142332.590
-1.0343 2.2408 0.0000 0.00 0.00 1.00 0 216 55 112 1 0 0 0 0 250620 142332.640
-1.0344 2.2410 0.0000 0.00 0.00 1.00 0 218 55 112 1 0 0 0 0 250620 142332.691
-1.0346 2.2412 0.0000 0.00 0.00 1.00 0 220 55 112 1 0 0 0 0 250620 142332.741
-1.0347 2.2414 0.0000 0.00 0.00 1.00 0 220 55 112 1 0 0 0 0 250620 142332.791
-1.0348 2.2416 0.0000 0.00 0.00 1.00 0 222 55 112 1 0 0 0 0 250620 142332.841
-1.0349 2.2419 0.0000 0.00 0.00 1.00 0 226 55 112 1 0 0 0 0 250620 142332.891
-1.0351 2.2421 0.0000 0.00 0.00 1.00 0 228 55 112 1 0 0 0 0 250620 142332.942
-1.0352 2.2423 0.0000 0.00 0.00 1.00 0 228 55 112 1 0 0 0 0 250620 142332.992
-1.0353 2.2425 0.0000 0.00 0.00 1.00 0 230 55 112 1 0 0 0 0 250620 142333.042
-1.0355 2.2427 0.0000 0.00 0.00 1.00 0 234 55 112 1 0 0 0 0 250620 142333.092
-1.0356 2.2430 0.0000 0.00 0.00 1.00 0 236 55 112 1 0 0 0 0 250620 142333.142
-1.0357 2.2432 0.0000 0.00 0.00 1.00 0 236 55 112 1 0 0 0 0 250620 142333.192
-1.0359 2.2434 0.0000 0.00 0.00 1.00 0 238 55 112 1 0 0 0 0 250620 142333.243
-1.0360 2.2436 0.0000 0.00 0.00 1.00 0 240 55 112 1 0 0 0 0 250620 142333.293
-1.0361 2.2438 0.0000 0.00 0.00 1.00 0 243 55 112 1 0 0 0 0 250620 142333.343
-1.0363 2.2441 0.0000 0.00 0.00 1.00 0 245 55 112 1 0 0 0 0 250620 142333.393
-1.0364 2.2443 0.0000 0.00 0.00 1.00 0 247 55 112 1 0 0 0 0 250620 142333.443
-1.0365 2.2445 0.0000 0.00 0.00 1.00 0 248 55 112 1 0 0 0 0 250620 142333.493
-1.0366 2.2447 0.0000 0.00 0.00 1.00 0 251 55 112 1 0 0 0 0 250620 142333.544
-1.0368 2.2449 0.0000 0.00 0.00 1.00 0 252 55 112 1 0 0 0 0 250620 142333.594
-1.0369 2.2452 0.0000 0.00 0.00 1.00 0 254 55 112 1 0 0 0 0 250620 142333.644
-1.0370 2.2454 0.0000 0.00 0.00 1.00 0 1 56 112 1 0 0 0 0 250620 142333.695
-1.0372 2.2456 0.0000 0.00 0.00 1.00 0 3 56 112 1 0 0 0 0 250620 142333.745
-1.0373 2.2458 0.0000 0.00 0.00 1.00 0 5 56 112 1 0 0 0 0 250620 142333.795
-1.0374 2.2460 0.0000 0.00 0.00 1.00 0 7 56 112 1 0 0 0 0 250620 142333.845
-1.0376 2.2463 0.0000 0.00 0.00 1.00 0 9 56 112 1 0 0 0 0 250620 142333.895
-1.0378 2.2467 0.0000 0.00 0.00 1.00 0 75 56 112 1 0 0 0 0 250620 142333.945
-1.0378 2.2467 0.0000 0.00 0.00 1.00 0 13 56 112 1 0 0 0 0 250620 142333.995
-1.0380 2.2469 0.0000 0.00 0.00 1.00 0 15 56 112 1 0 0 0 0 250620 142334.046
-1.0381 2.2471 0.0000 0.00 0.00 1.00 0 17 56 112 1 0 0 0 0 250620 142334.096
-1.0383 2.2476 0.0000 0.00 0.00 1.00 0 84 56 112 1 0 0 0 0 250620 142334.146
-1.0385 2.2478 0.0000 0.00 0.00 1.00 0 86 56 112 1 0 0 0 0 250620 142334.196
-1.0386 2.2480 0.0000 0.00 0.00 1.00 0 88 56 112 1 0 0 0 0 250620 142334.246
-1.0387 2.2482 0.0000 0.00 0.00 1.00 0 25 56 112 1 0 0 0 0 250620 142334.296
-1.0389 2.2484 0.0000 0.00 0.00 1.00 0 92 56 112 1 0 0 0 0 250620 142334.347
-1.0389 2.2485 0.0000 0.00 0.00 1.00 0 29 56 112 1 0 0 0 0 250620 142334.397
-1.0391 2.2489 0.0000 0.00 0.00 1.00 0 96 56 112 1 0 0 0 0 250620 142334.447
-1.0393 2.2491 0.0000 0.00 0.00 1.00 0 98 56 112 1 0 0 0 0 250620 142334.497
-1.0394 2.2493 0.0000 0.00 0.00 1.00 0 100 56 112 1 0 0 0 0 250620 142334.547
-1.0394 2.2493 0.0000 0.00 0.00 1.00 0 37 56 112 1 0 0 0 0 250620 142334.598
-1.0396 2.2498 0.0000 0.00 0.00 1.00 0 104 56 112 1 0 0 0 0 250620 142334.648
-1.0398 2.2500 0.0000 0.00 0.00 1.00 0 106 56 112 1 0 0 0 0 250620 142334.698
-1.0399 2.2502 0.0000 0.00 0.00 1.00 0 107 56 112 1 0 0 0 0 250620 142334.748
-1.0399 2.2502 0.0000 0.00 0.00 1.00 0 45 56 112 1 0 0 0 0 250620 142334.798
-1.0402 2.2506 0.0000 0.00 0.00 1.00 0 112 56 112 1 0 0 0 0 250620 142334.849
-1.0403 2.2509 0.0000 0.00 0.00 1.00 0 49 56 112 1 0 0 0 0 250620 142334.899
-1.0404 2.2511 0.0000 0.00 0.00 1.00 0 117 56 112 1 0 0 0 0 250620 142334.949
-1.0404 2.2511 0.0000 0.00 0.00 1.00 0 51 56 112 1 0 0 0 0 250620 142334.999
-1.0407 2.2516 0.0000 0.00 0.00 1.00 0 56 56 112 1 0 0 0 0 250620 142335.049
-1.0408 2.2518 0.0000 0.00 0.00 1.00 0 59 56 112 1 0 0 0 0 250620 142335.100
-1.0410 2.2520 0.0000 0.00 0.00 1.00 0 123 56 112 1 0 0 0 0 250620 142335.150
-1.0410 2.2520 0.0000 0.00 0.00 1.00 0 59 56 112 1 0 0 0 0 250620 142335.200
-1.0412 2.2524 0.0000 0.00 0.00 1.00 0 64 56 112 1 0 0 0 0 250620 142335.250
-1.0414 2.2527 0.0000 0.00 0.00 1.00 0 65 56 112 1 0 0 0 0 250620 142335.300
-1.0415 2.2529 0.0000 0.00 0.00 1.00 0 130 56 112 1 0 0 0 0 250620 142335.350
-1.0415 2.2529 0.0000 0.00 0.00 1.00 0 68 56 112 1 0 0 0 0 250620 142335.401
-1.0418 2.2533 0.0000 0.00 0.00 1.00 0 72 56 112 1 0 0 0 0 250620 142335.451
-1.0419 2.2535 0.0000 0.00 0.00 1.00 0 75 56 112 1 0 0 0 0 250620 142335.501
-1.0420 2.2538 0.0000 0.00 0.00 1.00 0 76 56 112 1 0 0 0 0 250620 142335.551
-1.0421 2.2540 0.0000 0.00 0.00 1.00 0 77 56 112 1 0 0 0 0 250620 142335.602
-1.0423 2.2542 0.0000 0.00 0.00 1.00 0 79 56 112 1 0 0 0 0 250620 142335.652
-1.0424 2.2544 0.0000 0.00 0.00 1.00 0 81 56 112 1 0 0 0 0 250620 142335.702
-1.0425 2.2546 0.0000 0.00 0.00 1.00 0 83 56 112 1 0 0 0 0 250620 142335.752
-1.0427 2.2549 0.0000 0.00 0.00 1.00 0 86 56 112 1 0 0 0 0 250620 142335.802
-1.0428 2.2551 0.0000 0.00 0.00 1.00 0 87 56 112 1 0 0 0 0 250620 142335.852
-1.0429 2.2553 0.0000 0.00 0.00 1.00 0 90 56 112 1 0 0 0 0 250620 142335.902
-1.0431 2.2555 0.0000 0.00 0.00 1.00 0 92 56 112 1 0 0 0 0 250620 142335.953
-1.0432 2.2557 0.0000 0.00 0.00 1.00 0 94 56 112 1 0 0 0 0 250620 142336.003
-1.0432 2.2557 0.0000 0.00 0.00 1.00 0 94 56 112 1 0 0 0 0 250620 142336.053
-1.0435 2.2562 0.0000 0.00 0.00 1.00 0 97 56 112 1 0 0 0 0 250620 142336.103
-1.0436 2.2564 0.0000 0.00 0.00 1.00 0 99 56 112 1 0 0 0 0 250620 142336.153
-1.0437 2.2566 0.0000 0.00 0.00 1.00 0 102 56 112 1 0 0 0 0 250620 142336.204
-1.0437 2.2566 0.0000 0.00 0.00 1.00 0 102 56 112 1 0 0 0 0 250620 142336.254
-1.0440 2.2571 0.0000 0.00 0.00 1.00 0 106 56 112 1 0 0 0 0 250620 142336.304
-1.0441 2.2573 0.0000 0.00 0.00 1.00 0 108 56 112 1 0 0 0 0 250620 142336.354
-1.0441 2.2573 0.0000 0.00 0.00 1.00 0 108 56 112 1 0 0 0 0 250620 142336.404
-1.0444 2.2577 0.0000 0.00 0.00 1.00 0 112 56 112 1 0 0 0 0 250620 142336.455
-1.0445 2.2579 0.0000 0.00 0.00 1.00 0 112 56 112 1 0 0 0 0 250620 142336.505
-1.0446 2.2582 0.0000 0.00 0.00 1.00 0 114 56 112 1 0 0 0 0 250620 142336.555
-1.0448 2.2584 0.0000 0.00 0.00 1.00 0 118 56 112 1 0 0 0 0 250620 142336.605
-1.0449 2.2586 0.0000 0.00 0.00 1.00 0 120 56 112 1 0 0 0 0 250620 142336.655
-1.0450 2.2588 0.0000 0.00 0.00 1.00 0 120 56 112 1 0 0 0 0 250620 142336.705
-1.0450 2.2588 0.0000 0.00 0.00 1.00 0 120 56 112 1 0 0 0 0 250620 142336.756
-1.0453 2.2593 0.0000 0.00 0.00 1.00 0 126 56 112 1 0 0 0 0 250620 142336.806
-1.0454 2.2595 0.0000 0.00 0.00 1.00 0 128 56 112 1 0 0 0 0 250620 142336.856
-1.0454 2.2595 0.0000 0.00 0.00 1.00 0 128 56 112 1 0 0 0 0 250620 142336.906
-1.0457 2.2599 0.0000 0.00 0.00 1.00 0 132 56 112 1 0 0 0 0 250620 142336.956
-1.0458 2.2601 0.0000 0.00 0.00 1.00 0 134 56 112 1 0 0 0 0 250620 142337.007
-1.0459 2.2604 0.0000 0.00 0.00 1.00 0 134 56 112 1 0 0 0 0 250620 142337.057
-1.0459 2.2604 0.0000 0.00 0.00 1.00 0 134 56 112 1 0 0 0 0 250620 142337.107
-1.0462 2.2608 0.0000 0.00 0.00 1.00 0 138 56 112 1 0 0 0 0 250620 142337.157
-1.0463 2.2610 0.0000 0.00 0.00 1.00 0 142 56 112 1 0 0 0 0 250620 142337.208
-1.0465 2.2613 0.0000 0.00 0.00 1.00 0 142 56 112 1 0 0 0 0 250620 142337.258
-1.0466 2.2615 0.0000 0.00 0.00 1.00 0 144 56 112 1 0 0 0 0 250620 142337.308
-1.0467 2.2617 0.0000 0.00 0.00 1.00 0 147 56 112 1 0 0 0 0 250620 142337.358
-1.0467 2.2617 0.0000 0.00 0.00 1.00 0 147 56 112 1 0 0 0 0 250620 142337.408
-1.0470 2.2621 0.0000 0.00 0.00 1.00 0 150 56 112 1 0 0 0 0 250620 142337.459
-1.0470 2.2621 0.0000 0.00 0.00 1.00 0 150 56 112 1 0 0 0 0 250620 142337.509
-1.0473 2.2626 0.0000 0.00 0.00 1.00 0 154 56 112 1 0 0 0 0 250620 142337.559
-1.0474 2.2628 0.0000 0.00 0.00 1.00 0 156 56 112 1 0 0 0 0 250620 142337.609
-1.0474 2.2628 0.0000 0.00 0.00 1.00 0 156 56 112 1 0 0 0 0 250620 142337.659
-1.0478 2.2634 0.0000 0.00 0.00 1.00 0 226 56 112 1 0 0 0 0 250620 142337.710
-1.0479 2.2637 0.0000 0.00 0.00 1.00 0 227 56 112 1 0 0 0 0 250620 142337.760
-1.0479 2.2637 0.0000 0.00 0.00 1.00 0 227 56 112 1 0 0 0 0 250620 142337.810
-1.0482 2.2641 0.0000 0.00 0.00 1.00 0 233 56 112 1 0 0 0 0 250620 142337.860
-1.0483 2.2643 0.0000 0.00 0.00 1.00 0 234 56 112 1 0 0 0 0 250620 142337.910
-1.0484 2.2645 0.0000 0.00 0.00 1.00 0 236 56 112 1 0 0 0 0 250620 142337.961
-1.0486 2.2648 0.0000 0.00 0.00 1.00 0 238 56 112 1 0 0 0 0 250620 142338.011
-1.0486 2.2648 0.0000 0.00 0.00 1.00 0 238 56 112 1 0 0 0 0 250620 142338.061
-1.0488 2.2652 0.0000 0.00 0.00 1.00 0 241 56 112 1 0 0 0 0 250620 142338.111
-1.0488 2.2652 0.0000 0.00 0.00 1.00 0 241 56 112 1 0 0 0 0 250620 142338.161
-1.0491 2.2656 0.0000 0.00 0.00 1.00 0 245 56 112 1 0 0 0 0 250620 142338.212
-1.0492 2.2659 0.0000 0.00 0.00 1.00 0 247 56 112 1 0 0 0 0 250620 142338.262
-1.0492 2.2659 0.0000 0.00 0.00 1.00 0 247 56 112 1 0 0 0 0 250620 142338.312
-1.0495 2.2663 0.0000 0.00 0.00 1.00 0 250 56 112 1 0 0 0 0 250620 142338.362
-1.0496 2.2665 0.0000 0.00 0.00 1.00 0 253 56 112 1 0 0 0 0 250620 142338.412
-1.0497 2.2667 0.0000 0.00 0.00 1.00 0 255 56 112 1 0 0 0 0 250620 142338.463
-1.0497 2.2667 0.0000 0.00 0.00 1.00 0 255 56 112 1 0 0 0 0 250620 142338.513
-1.0500 2.2672 0.0000 0.00 0.00 1.00 0 3 57 112 1 0 0 0 0 250620 142338.563
-1.0501 2.2674 0.0000 0.00 0.00 1.00 0 6 57 112 1 0 0 0 0 250620 142338.613
-1.0503 2.2676 0.0000 0.00 0.00 1.00 0 6 57 112 1 0 0 0 0 250620 142338.663
-1.0503 2.2676 0.0000 0.00 0.00 1.00 0 6 57 112 1 0 0 0 0 250620 142338.714
-1.0505 2.2681 0.0000 0.00 0.00 1.00 0 11 57 112 1 0 0 0 0 250620 142338.764
-1.0506 2.2683 0.0000 0.00 0.00 1.00 0 14 57 112 1 0 0 0 0 250620 142338.814
-1.0508 2.2685 0.0000 0.00 0.00 1.00 0 15 57 112 1 0 0 0 0 250620 142338.864
-1.0509 2.2687 0.0000 0.00 0.00 1.00 0 16 57 112 1 0 0 0 0 250620 142338.914
-1.0510 2.2689 0.0000 0.00 0.00 1.00 0 19 57 112 1 0 0 0 0 250620 142338.965
-1.0512 2.2692 0.0000 0.00 0.00 1.00 0 21 57 112 1 0 0 0 0 250620 142339.015
-1.0513 2.2694 0.0000 0.00 0.00 1.00 0 23 57 112 1 0 0 0 0 250620 142339.065
-1.0514 2.2696 0.0000 0.00 0.00 1.00 0 25 57 112 1 0 0 0 0 250620 142339.115
-1.0516 2.2698 0.0000 0.00 0.00 1.00 0 26 57 112 1 0 0 0 0 250620 142339.166
-1.0517 2.2700 0.0000 0.00 0.00 1.00 0 29 57 112 1 0 0 0 0 250620 142339.216
-1.0518 2.2703 0.0000 0.00 0.00 1.00 0 31 57 112 1 0 0 0 0 250620 142339.266
-1.0520 2.2705 0.0000 0.00 0.00 1.00 0 32 57 112 1 0 0 0 0 250620 142339.316
-1.0521 2.2707 0.0000 0.00 0.00 1.00 0 34 57 112 1 0 0 0 0 250620 142339.366
-1.0522 2.2710 0.0000 0.00 0.00 1.00 0 230 56 112 1 0 0 0 0 250620 142339.417
-1.0524 2.2712 0.0000 0.00 0.00 1.00 0 232 56 112 1 0 0 0 0 250620 142339.467
-1.0525 2.2714 0.0000 0.00 0.00 1.00 0 234 56 112 1 0 0 0 0 250620 142339.517
-1.0526 2.2716 0.0000 0.00 0.00 1.00 0 236 56 112 1 0 0 0 0 250620 142339.567
-1.0528 2.2718 0.0000 0.00 0.00 1.00 0 238 56 112 1 0 0 0 0 250620 142339.617
-1.0529 2.2721 0.0000 0.00 0.00 1.00 0 239 56 112 1 0 0 0 0 250620 142339.668
-1.0530 2.2723 0.0000 0.00 0.00 1.00 0 242 56 112 1 0 0 0 0 250620 142339.718
-1.0531 2.2725 0.0000 0.00 0.00 1.00 0 244 56 112 1 0 0 0 0 250620 142339.768
-1.0533 2.2727 0.0000 0.00 0.00 1.00 0 245 56 112 1 0 0 0 0 250620 142339.818
-1.0534 2.2729 0.0000 0.00 0.00 1.00 0 246 56 112 1 0 0 0 0 250620 142339.868
-1.0534 2.2729 0.0000 0.00 0.00 1.00 0 246 56 112 1 0 0 0 0 250620 142339.919
-1.0537 2.2734 0.0000 0.00 0.00 1.00 0 252 56 112 1 0 0 0 0 250620 142339.969
-1.0538 2.2736 0.0000 0.00 0.00 1.00 0 252 56 112 1 0 0 0 0 250620 142340.019
-1.0539 2.2738 0.0000 0.00 0.00 1.00 0 255 56 112 1 0 0 0 0 250620 142340.069
-1.0541 2.2740 0.0000 0.00 0.00 1.00 0 2 57 112 1 0 0 0 0 250620 142340.119
-1.0542 2.2743 0.0000 0.00 0.00 1.00 0 4 57 112 1 0 0 0 0 250620 142340.170
-1.0543 2.2745 0.0000 0.00 0.00 1.00 0 4 57 112 1 0 0 0 0 250620 142340.220
-1.0545 2.2747 0.0000 0.00 0.00 1.00 0 8 57 112 1 0 0 0 0 250620 142340.270
-1.0546 2.2749 0.0000 0.00 0.00 1.00 0 10 57 112 1 0 0 0 0 250620 142340.320
-1.0547 2.2751 0.0000 0.00 0.00 1.00 0 11 57 112 1 0 0 0 0 250620 142340.370
-1.0548 2.2754 0.0000 0.00 0.00 1.00 0 14 57 112 1 0 0 0 0 250620 142340.421
-1.0550 2.2756 0.0000 0.00 0.00 1.00 0 15 57 112 1 0 0 0 0 250620 142340.471
-1.0551 2.2758 0.0000 0.00 0.00 1.00 0 16 57 112 1 0 0 0 0 250620 142340.521
-1.0552 2.2760 0.0000 0.00 0.00 1.00 0 19 57 112 1 0 0 0 0 250620 142340.571
-1.0554 2.2762 0.0000 0.00 0.00 1.00 0 20 57 112 1 0 0 0 0 250620 142340.622
-1.0555 2.2765 0.0000 0.00 0.00 1.00 0 22 57 112 1 0 0 0 0 250620 142340.672
-1.0556 2.2767 0.0000 0.00 0.00 1.00 0 24 57 112 1 0 0 0 0 250620 142340.722
-1.0558 2.2769 0.0000 0.00 0.00 1.00 0 26 57 112 1 0 0 0 0 250620 142340.772
-1.0559 2.2771 0.0000 0.00 0.00 1.00 0 29 57 112 1 0 0 0 0 250620 142340.822
-1.0560 2.2773 0.0000 0.00 0.00 1.00 0 30 57 112 1 0 0 0 0 250620 142340.873
-1.0562 2.2776 0.0000 0.00 0.00 1.00 0 33 57 112 1 0 0 0 0 250620 142340.923
-1.0563 2.2778 0.0000 0.00 0.00 1.00 0 35 57 112 1 0 0 0 0 250620 142340.973
-1.0564 2.2780 0.0000 0.00 0.00 1.00 0 37 57 112 1 0 0 0 0 250620 142341.023
-1.0566 2.2782 0.0000 0.00 0.00 1.00 0 39 57 112 1 0 0 0 0 250620 142341.073
-1.0567 2.2784 0.0000 0.00 0.00 1.00 0 41 57 112 1 0 0 0 0 250620 142341.124
-1.0568 2.2787 0.0000 0.00 0.00 1.00 0 43 57 112 1 0 0 0 0 250620 142341.174
-1.0569 2.2789 0.0000 0.00 0.00 1.00 0 45 57 112 1 0 0 0 0 250620 142341.224
-1.0571 2.2791 0.0000 0.00 0.00 1.00 0 47 57 112 1 0 0 0 0 250620 142341.274
-1.0572 2.2793 0.0000 0.00 0.00 1.00 0 49 57 112 1 0 0 0 0 250620 142341.324
-1.0573 2.2796 0.0000 0.00 0.00 1.00 0 51 57 112 1 0 0 0 0 250620 142341.375
-1.0575 2.2798 0.0000 0.00 0.00 1.00 0 53 57 112 1 0 0 0 0 250620 142341.425
-1.0576 2.2800 0.0000 0.00 0.00 1.00 0 53 57 112 1 0 0 0 0 250620 142341.475
-1.0577 2.2802 0.0000 0.00 0.00 1.00 0 57 57 112 1 0 0 0 0 250620 142341.525
-1.0579 2.2804 0.0000 0.00 0.00 1.00 0 57 57 112 1 0 0 0 0 250620 142341.575
-1.0580 2.2807 0.0000 0.00 0.00 1.00 0 60 57 112 1 0 0 0 0 250620 142341.626
-1.0581 2.2809 0.0000 0.00 0.00 1.00 0 63 57 112 1 0 0 0 0 250620 142341.676
-1.0583 2.2811 0.0000 0.00 0.00 1.00 0 65 57 112 1 0 0 0 0 250620 142341.726
-1.0584 2.2813 0.0000 0.00 0.00 1.00 0 67 57 112 1 0 0 0 0 250620 142341.776
-1.0585 2.2815 0.0000 0.00 0.00 1.00 0 69 57 112 1 0 0 0 0 250620 142341.826
-1.0586 2.2818 0.0000 0.00 0.00 1.00 0 71 57 112 1 0 0 0 0 250620 142341.877
-1.0588 2.2820 0.0000 0.00 0.00 1.00 0 73 57 112 1 0 0 0 0 250620 142341.927
-1.0589 2.2822 0.0000 0.00 0.00 1.00 0 73 57 112 1 0 0 0 0 250620 142341.977
-1.0590 2.2824 0.0000 0.00 0.00 1.00 0 77 57 112 1 0 0 0 0 250620 142342.027
-1.0592 2.2826 0.0000 0.00 0.00 1.00 0 79 57 112 1 0 0 0 0 250620 142342.077
-1.0593 2.2829 0.0000 0.00 0.00 1.00 0 81 57 112 1 0 0 0 0 250620 142342.127
-1.0594 2.2831 0.0000 0.00 0.00 1.00 0 83 57 112 1 0 0 0 0 250620 142342.178
-1.0596 2.2833 0.0000 0.00 0.00 1.00 0 83 57 112 1 0 0 0 0 250620 142342.228
-1.0597 2.2835 0.0000 0.00 0.00 1.00 0 87 57 112 1 0 0 0 0 250620 142342.278
-1.0598 2.2837 0.0000 0.00 0.00 1.00 0 87 57 112 1 0 0 0 0 250620 142342.328
-1.0600 2.2840 0.0000 0.00 0.00 1.00 0 89 57 112 1 0 0 0 0 250620 142342.378
-1.0601 2.2842 0.0000 0.00 0.00 1.00 0 93 57 112 1 0 0 0 0 250620 142342.428
-1.0602 2.2844 0.0000 0.00 0.00 1.00 0 95 57 112 1 0 0 0 0 250620 142342.479
-1.0603 2.2846 0.0000 0.00 0.00 1.00 0 97 57 112 1 0 0 0 0 250620 142342.529
-1.0605 2.2848 0.0000 0.00 0.00 1.00 0 98 57 112 1 0 0 0 0 250620 142342.579
-1.0606 2.2851 0.0000 0.00 0.00 1.00 0 101 57 112 1 0 0 0 0 250620 142342.629
-1.0607 2.2853 0.0000 0.00 0.00 1.00 0 102 57 112 1 0 0 0 0 250620 142342.679
-1.0609 2.2855 0.0000 0.00 0.00 1.00 0 104 57 112 1 0 0 0 0 250620 142342.730
-1.0610 2.2857 0.0000 0.00 0.00 1.00 0 107 57 112 1 0 0 0 0 250620 142342.780
-1.0611 2.2859 0.0000 0.00 0.00 1.00 0 108 57 112 1 0 0 0 0 250620 142342.830
-1.0613 2.2862 0.0000 0.00 0.00 1.00 0 111 57 112 1 0 0 0 0 250620 142342.880
-1.0614 2.2864 0.0000 0.00 0.00 1.00 0 112 57 112 1 0 0 0 0 250620 142342.931
-1.0615 2.2866 0.0000 0.00 0.00 1.00 0 114 57 112 1 0 0 0 0 250620 142342.981
-1.0617 2.2868 0.0000 0.00 0.00 1.00 0 115 57 112 1 0 0 0 0 250620 142343.031
-1.0618 2.2870 0.0000 0.00 0.00 1.00 0 117 57 112 1 0 0 0 0 250620 142343.081
-1.0619 2.2873 0.0000 0.00 0.00 1.00 0 120 57 112 1 0 0 0 0 250620 142343.131
-1.0620 2.2875 0.0000 0.00 0.00 1.00 0 122 57 112 1 0 0 0 0 250620 142343.181
-1.0622 2.2877 0.0000 0.00 0.00 1.00 0 124 57 112 1 0 0 0 0 250620 142343.232
-1.0623 2.2879 0.0000 0.00 0.00 1.00 0 189 57 112 1 0 0 0 0 250620 142343.282
-1.0624 2.2881 0.0000 0.00 0.00 1.00 0 126 57 112 1 0 0 0 0 250620 142343.332
-1.0626 2.2884 0.0000 0.00 0.00 1.00 0 130 57 112 1 0 0 0 0 250620 142343.382
-1.0627 2.2886 0.0000 0.00 0.00 1.00 0 130 57 112 1 0 0 0 0 250620 142343.432
-1.0628 2.2888 0.0000 0.00 0.00 1.00 0 133 57 112 1 0 0 0 0 250620 142343.482
-1.0630 2.2890 0.0000 0.00 0.00 1.00 0 136 57 112 1 0 0 0 0 250620 142343.533
-1.0631 2.2892 0.0000 0.00 0.00 1.00 0 137 57 112 1 0 0 0 0 250620 142343.583
-1.0632 2.2895 0.0000 0.00 0.00 1.00 0 140 57 112 1 0 0 0 0 250620 142343.633
-1.0634 2.2897 0.0000 0.00 0.00 1.00 0 142 57 112 1 0 0 0 0 250620 142343.683
-1.0635 2.2899 0.0000 0.00 0.00 1.00 0 144 57 112 1 0 0 0 0 250620 142343.734
-1.0636 2.2901 0.0000 0.00 0.00 1.00 0 146 57 112 1 0 0 0 0 250620 142343.784
-1.0637 2.2903 0.0000 0.00 0.00 1.00 0 146 57 112 1 0 0 0 0 250620 142343.834
-1.0639 2.2906 0.0000 0.00 0.00 1.00 0 150 57 112 1 0 0 0 0 250620 142343.884
-1.0640 2.2908 0.0000 0.00 0.00 1.00 0 151 57 112 1 0 0 0 0 250620 142343.934
-1.0640 2.2908 0.0000 0.00 0.00 1.00 0 151 57 112 1 0 0 0 0 250620 142343.985
-1.0643 2.2912 0.0000 0.00 0.00 1.00 0 156 57 112 1 0 0 0 0 250620 142344.035
-1.0644 2.2915 0.0000 0.00 0.00 1.00 0 158 57 112 1 0 0 0 0 250620 142344.085
-1.0645 2.2917 0.0000 0.00 0.00 1.00 0 160 57 112 1 0 0 0 0 250620 142344.135
-1.0647 2.2919 0.0000 0.00 0.00 1.00 0 160 57 112 1 0 0 0 0 250620 142344.185
-1.0648 2.2921 0.0000 0.00 0.00 1.00 0 162 57 112 1 0 0 0 0 250620 142344.236
-1.0649 2.2923 0.0000 0.00 0.00 1.00 0 166 57 112 1 0 0 0 0 250620 142344.286
-1.0651 2.2926 0.0000 0.00 0.00 1.00 0 167 57 112 1 0 0 0 0 250620 142344.336
-1.0652 2.2928 0.0000 0.00 0.00 1.00 0 169 57 112 1 0 0 0 0 250620 142344.386
-1.0653 2.2930 0.0000 0.00 0.00 1.00 0 171 57 112 1 0 0 0 0 250620 142344.436
-1.0655 2.2932 0.0000 0.00 0.00 1.00 0 173 57 112 1 0 0 0 0 250620 142344.487
-1.0656 2.2934 0.0000 0.00 0.00 1.00 0 175 57 112 1 0 0 0 0 250620 142344.537
-1.0657 2.2937 0.0000 0.00 0.00 1.00 0 177 57 112 1 0 0 0 0 250620 142344.587
-1.0658 2.2939 0.0000 0.00 0.00 1.00 0 179 57 112 1 0 0 0 0 250620 142344.637
-1.0660 2.2941 0.0000 0.00 0.00 1.00 0 181 57 112 1 0 0 0 0 250620 142344.687
-1.0661 2.2943 0.0000 0.00 0.00 1.00 0 183 57 112 1 0 0 0 0 250620 142344.738
-1.0662 2.2945 0.0000 0.00 0.00 1.00 0 185 57 112 1 0 0 0 0 250620 142344.788
-1.0664 2.2948 0.0000 0.00 0.00 1.00 0 187 57 112 1 0 0 0 0 250620 142344.838
-1.0665 2.2950 0.0000 0.00 0.00 1.00 0 189 57 112 1 0 0 0 0 250620 142344.888
-1.0666 2.2952 0.0000 0.00 0.00 1.00 0 253 57 112 1 0 0 0 0 250620 142344.938
-1.0666 2.2952 0.0000 0.00 0.00 1.00 0 191 57 112 1 0 0 0 0 250620 142344.989
-1.0669 2.2956 0.0000 0.00 0.00 1.00 0 195 57 112 1 0 0 0 0 250620 142345.039
-1.0670 2.2959 0.0000 0.00 0.00 1.00 0 196 57 112 1 0 0 0 0 250620 142345.089
-1.0672 2.2961 0.0000 0.00 0.00 1.00 0 199 57 112 1 0 0 0 0 250620 142345.139
-1.0673 2.2963 0.0000 0.00 0.00 1.00 0 201 57 112 1 0 0 0 0 250620 142345.189
-1.0674 2.2965 0.0000 0.00 0.00 1.00 0 201 57 112 1 0 0 0 0 250620 142345.240
-1.0675 2.2967 0.0000 0.00 0.00 1.00 0 203 57 112 1 0 0 0 0 250620 142345.290
-1.0677 2.2970 0.0000 0.00 0.00 1.00 0 207 57 112 1 0 0 0 0 250620 142345.340
-1.0678 2.2972 0.0000 0.00 0.00 1.00 0 207 57 112 1 0 0 0 0 250620 142345.390
-1.0679 2.2974 0.0000 0.00 0.00 1.00 0 211 57 112 1 0 0 0 0 250620 142345.440
-1.0681 2.2976 0.0000 0.00 0.00 1.00 0 211 57 112 1 0 0 0 0 250620 142345.490
-1.0682 2.2978 0.0000 0.00 0.00 1.00 0 215 57 112 1 0 0 0 0 250620 142345.541
-1.0683 2.2981 0.0000 0.00 0.00 1.00 0 217 57 112 1 0 0 0 0 250620 142345.591
-1.0685 2.2983 0.0000 0.00 0.00 1.00 0 219 57 112 1 0 0 0 0 250620 142345.641
-1.0686 2.2985 0.0000 0.00 0.00 1.00 0 221 57 112 1 0 0 0 0 250620 142345.691
-1.0687 2.2987 0.0000 0.00 0.00 1.00 0 223 57 112 1 0 0 0 0 250620 142345.741
-1.0689 2.2989 0.0000 0.00 0.00 1.00 0 225 57 112 1 0 0 0 0 250620 142345.792
-1.0689 2.2989 0.0000 0.00 0.00 1.00 0 225 57 112 1 0 0 0 0 250620 142345.842
-1.0691 2.2994 0.0000 0.00 0.00 1.00 0 227 57 112 1 0 0 0 0 250620 142345.892
-1.0692 2.2996 0.0000 0.00 0.00 1.00 0 231 57 112 1 0 0 0 0 250620 142345.942
-1.0694 2.2998 0.0000 0.00 0.00 1.00 0 232 57 112 1 0 0 0 0 250620 142345.992
-1.0695 2.3001 0.0000 0.00 0.00 1.00 0 235 57 112 1 0 0 0 0 250620 142346.042
-1.0696 2.3003 0.0000 0.00 0.00 1.00 0 237 57 112 1 0 0 0 0 250620 142346.093
-1.0698 2.3005 0.0000 0.00 0.00 1.00 0 239 57 112 1 0 0 0 0 250620 142346.143
-1.0699 2.3007 0.0000 0.00 0.00 1.00 0 240 57 112 1 0 0 0 0 250620 142346.193
-1.0700 2.3009 0.0000 0.00 0.00 1.00 0 241 57 112 1 0 0 0 0 250620 142346.243
-1.0702 2.3012 0.0000 0.00 0.00 1.00 0 244 57 112 1 0 0 0 0 250620 142346.293
-1.0703 2.3014 0.0000 0.00 0.00 1.00 0 246 57 112 1 0 0 0 0 250620 142346.344
-1.0704 2.3016 0.0000 0.00 0.00 1.00 0 249 57 112 1 0 0 0 0 250620 142346.394
-1.0706 2.3018 0.0000 0.00 0.00 1.00 0 250 57 112 1 0 0 0 0 250620 142346.444
-1.0707 2.3020 0.0000 0.00 0.00 1.00 0 252 57 112 1 0 0 0 0 250620 142346.494
-1.0708 2.3023 0.0000 0.00 0.00 1.00 0 252 57 112 1 0 0 0 0 250620 142346.544
-1.0710 2.3025 0.0000 0.00 0.00 1.00 0 255 57 112 1 0 0 0 0 250620 142346.595
-1.0710 2.3025 0.0000 0.00 0.00 1.00 0 255 57 112 1 0 0 0 0 250620 142346.645
-1.0712 2.3029 0.0000 0.00 0.00 1.00 0 3 58 112 1 0 0 0 0 250620 142346.695
-1.0713 2.3031 0.0000 0.00 0.00 1.00 0 6 58 112 1 0 0 0 0 250620 142346.745
-1.0715 2.3034 0.0000 0.00 0.00 1.00 0 6 58 112 1 0 0 0 0 250620 142346.795
-1.0716 2.3036 0.0000 0.00 0.00 1.00 0 10 58 112 1 0 0 0 0 250620 142346.846
-1.0717 2.3038 0.0000 0.00 0.00 1.00 0 11 58 112 1 0 0 0 0 250620 142346.896
-1.0719 2.3040 0.0000 0.00 0.00 1.00 0 13 58 112 1 0 0 0 0 250620 142346.946
-1.0719 2.3040 0.0000 0.00 0.00 1.00 0 13 58 112 1 0 0 0 0 250620 142346.996
-1.0720 2.3042 0.0000 0.00 0.00 1.00 0 16 58 112 1 0 0 0 0 250620 142347.046
-1.0721 2.3045 0.0000 0.00 0.00 1.00 0 16 58 112 1 0 0 0 0 250620 142347.097
