-21.2255 47.9584 -0.5241 0.00 0.00 1.00 0 82 2 112 1 0 0 0 0 040619 122512.158
-21.2273 47.9636 -0.5251 0.00 0.00 1.00 0 158 252 112 1 0 0 0 0 040619 122512.358
-21.2254 47.9604 -0.5244 0.00 0.00 1.00 0 202 252 112 1 0 0 0 0 040619 122512.558
-21.2259 47.9604 -0.5238 0.00 0.00 1.00 0 84 252 112 1 0 0 0 0 040619 122512.758
-21.2257 47.9563 -0.5194 0.00 0.00 1.00 0 92 252 112 1 0 0 0 0 040619 122512.958
-21.2301 47.9579 -0.5169 0.00 0.00 1.00 0 253 250 112 1 0 0 0 0 040619 122513.159
-21.2295 47.9527 -0.5157 0.00 0.00 1.00 0 178 251 112 1 0 0 0 0 040619 122513.359
-21.2270 47.9523 -0.5143 0.00 0.00 1.00 0 132 252 112 1 0 0 0 0 040619 122513.559
-21.2269 47.9450 -0.5111 0.00 0.00 1.00 0 103 250 112 1 0 0 0 0 040619 122513.759
-21.2248 47.9429 -0.5119 0.00 0.00 1.00 0 126 252 112 1 0 0 0 0 040619 122513.959
-21.2238 47.9452 -0.5117 0.00 0.00 1.00 0 156 255 112 1 0 0 0 0 040619 122514.160
-21.2269 47.9494 -0.5102 0.00 0.00 1.00 0 46 251 112 1 0 0 0 0 040619 122514.360
-21.2292 47.9515 -0.5079 0.00 0.00 1.00 0 172 249 112 1 0 0 0 0 040619 122514.560
-21.2299 47.9526 -0.5090 0.00 0.00 1.00 0 26 252 112 1 0 0 0 0 040619 122514.760
-21.2267 47.9516 -0.5114 0.00 0.00 1.00 0 233 254 112 1 0 0 0 0 040619 122514.961
-21.2264 47.9475 -0.5065 0.00 0.00 1.00 0 120 255 112 1 0 0 0 0 040619 122515.161
-21.2251 47.9487 -0.5056 0.00 0.00 1.00 0 62 253 112 1 0 0 0 0 040619 122515.361
-21.2236 47.9458 -0.5036 0.00 0.00 1.00 0 38 252 112 1 0 0 0 0 040619 122515.562
-21.2240 47.9442 -0.5056 0.00 0.00 1.00 0 236 247 112 1 0 0 0 0 040619 122515.762
-21.2270 47.9424 -0.5029 0.00 0.00 1.00 0 205 250 112 1 0 0 0 0 040619 122515.962
-21.2228 47.9427 -0.5055 0.00 0.00 1.00 0 130 251 112 1 0 0 0 0 040619 122516.162
-21.2213 47.9441 -0.5056 0.00 0.00 1.00 0 39 253 112 1 0 0 0 0 040619 122516.362
-21.2198 47.9463 -0.5063 0.00 0.00 1.00 0 205 252 112 1 0 0 0 0 040619 122516.563
-21.2215 47.9466 -0.5047 0.00 0.00 1.00 0 180 249 112 1 0 0 0 0 040619 122516.763
-21.2198 47.9493 -0.5081 0.00 0.00 1.00 0 90 253 112 1 0 0 0 0 040619 122516.963
-21.2229 47.9514 -0.5018 0.00 0.00 1.00 0 160 250 112 1 0 0 0 0 040619 122517.163
-21.2318 47.9578 -0.5014 0.00 0.00 1.00 0 243 251 112 1 0 0 0 0 040619 122517.363
-21.2395 47.9575 -0.5010 0.00 0.00 1.00 0 237 248 112 1 0 0 0 0 040619 122517.564
-21.2324 47.9571 -0.5001 0.00 0.00 1.00 0 136 3 112 1 0 0 0 0 040619 122517.764
-21.2305 47.9558 -0.5021 0.00 0.00 1.00 0 22 255 112 1 0 0 0 0 040619 122517.964
-21.2271 47.9544 -0.5035 0.00 0.00 1.00 0 213 254 112 1 0 0 0 0 040619 122518.164
-21.2255 47.9588 -0.5049 0.00 0.00 1.00 0 235 254 112 1 0 0 0 0 040619 122518.365
-21.2294 47.9597 -0.5057 0.00 0.00 1.00 0 153 251 112 1 0 0 0 0 040619 122518.565
-21.2212 47.9543 -0.5068 0.00 0.00 1.00 0 188 249 112 1 0 0 0 0 040619 122518.765
-21.2182 47.9549 -0.5099 0.00 0.00 1.00 0 86 255 112 1 0 0 0 0 040619 122518.965
-21.2203 47.9513 -0.5083 0.00 0.00 1.00 0 27 252 112 1 0 0 0 0 040619 122519.166
-21.2174 47.9469 -0.5020 0.00 0.00 1.00 0 164 254 112 1 0 0 0 0 040619 122519.366
-21.2147 47.9402 -0.5025 0.00 0.00 1.00 0 126 246 112 1 0 0 0 0 040619 122519.566
-21.2142 47.9366 -0.4986 0.00 0.00 1.00 0 134 252 112 1 0 0 0 0 040619 122519.766
-21.2160 47.9341 -0.4971 0.00 0.00 1.00 0 16 251 112 1 0 0 0 0 040619 122519.966
-21.2140 47.9357 -0.4992 0.00 0.00 1.00 0 2 253 112 1 0 0 0 0 040619 122520.167
-21.2129 47.9363 -0.4996 0.00 0.00 1.00 0 128 252 112 1 0 0 0 0 040619 122520.367
-21.2090 47.9316 -0.4975 0.00 0.00 1.00 0 160 252 112 1 0 0 0 0 040619 122520.567
