-1.0780 2.3144 0.0000 0.00 0.00 1.00 0 107 58 112 1 0 0 0 0 250620 142349.339
-1.0782 2.3146 0.0000 0.00 0.00 1.00 0 109 58 112 1 0 0 0 0 250620 142349.389
-1.0783 2.3148 0.0000 0.00 0.00 1.00 0 111 58 112 1 0 0 0 0 250620 142349.439
-1.0784 2.3150 0.0000 0.00 0.00 1.00 0 111 58 112 1 0 0 0 0 250620 142349.490
-1.0785 2.3153 0.0000 0.00 0.00 1.00 0 115 58 112 1 0 0 0 0 250620 142349.540
-1.0787 2.3155 0.0000 0.00 0.00 1.00 0 115 58 112 1 0 0 0 0 250620 142349.590
-1.0788 2.3157 0.0000 0.00 0.00 1.00 0 117 58 112 1 0 0 0 0 250620 142349.641
-1.0789 2.3159 0.0000 0.00 0.00 1.00 0 121 58 112 1 0 0 0 0 250620 142349.691
-1.0791 2.3161 0.0000 0.00 0.00 1.00 0 123 58 112 1 0 0 0 0 250620 142349.741
-1.0792 2.3164 0.0000 0.00 0.00 1.00 0 123 58 112 1 0 0 0 0 250620 142349.791
-1.0793 2.3166 0.0000 0.00 0.00 1.00 0 125 58 112 1 0 0 0 0 250620 142349.842
-1.0795 2.3168 0.0000 0.00 0.00 1.00 0 127 58 112 1 0 0 0 0 250620 142349.892
-1.0796 2.3170 0.0000 0.00 0.00 1.00 0 131 58 112 1 0 0 0 0 250620 142349.942
-1.0797 2.3172 0.0000 0.00 0.00 1.00 0 132 58 112 1 0 0 0 0 250620 142349.992
-1.0799 2.3175 0.0000 0.00 0.00 1.00 0 134 58 112 1 0 0 0 0 250620 142350.043
-1.0800 2.3177 0.0000 0.00 0.00 1.00 0 135 58 112 1 0 0 0 0 250620 142350.093
-1.0801 2.3179 0.0000 0.00 0.00 1.00 0 137 58 112 1 0 0 0 0 250620 142350.143
-1.0802 2.3181 0.0000 0.00 0.00 1.00 0 141 58 112 1 0 0 0 0 250620 142350.193
-1.0804 2.3183 0.0000 0.00 0.00 1.00 0 141 58 112 1 0 0 0 0 250620 142350.244
-1.0805 2.3186 0.0000 0.00 0.00 1.00 0 144 58 112 1 0 0 0 0 250620 142350.294
-1.0806 2.3188 0.0000 0.00 0.00 1.00 0 145 58 112 1 0 0 0 0 250620 142350.344
-1.0808 2.3190 0.0000 0.00 0.00 1.00 0 147 58 112 1 0 0 0 0 250620 142350.394
-1.0809 2.3192 0.0000 0.00 0.00 1.00 0 150 58 112 1 0 0 0 0 250620 142350.444
-1.0810 2.3194 0.0000 0.00 0.00 1.00 0 151 58 112 1 0 0 0 0 250620 142350.495
-1.0812 2.3197 0.0000 0.00 0.00 1.00 0 154 58 112 1 0 0 0 0 250620 142350.545
-1.0813 2.3199 0.0000 0.00 0.00 1.00 0 156 58 112 1 0 0 0 0 250620 142350.596
-1.0814 2.3201 0.0000 0.00 0.00 1.00 0 158 58 112 1 0 0 0 0 250620 142350.646
-1.0816 2.3203 0.0000 0.00 0.00 1.00 0 160 58 112 1 0 0 0 0 250620 142350.696
-1.0817 2.3206 0.0000 0.00 0.00 1.00 0 162 58 112 1 0 0 0 0 250620 142350.746
-1.0818 2.3208 0.0000 0.00 0.00 1.00 0 162 58 112 1 0 0 0 0 250620 142350.796
-1.0820 2.3210 0.0000 0.00 0.00 1.00 0 166 58 112 1 0 0 0 0 250620 142350.847
-1.0821 2.3212 0.0000 0.00 0.00 1.00 0 166 58 112 1 0 0 0 0 250620 142350.897
-1.0822 2.3214 0.0000 0.00 0.00 1.00 0 168 58 112 1 0 0 0 0 250620 142350.947
-1.0823 2.3217 0.0000 0.00 0.00 1.00 0 171 58 112 1 0 0 0 0 250620 142350.997
-1.0825 2.3219 0.0000 0.00 0.00 1.00 0 174 58 112 1 0 0 0 0 250620 142351.047
-1.0826 2.3221 0.0000 0.00 0.00 1.00 0 176 58 112 1 0 0 0 0 250620 142351.098
-1.0827 2.3223 0.0000 0.00 0.00 1.00 0 178 58 112 1 0 0 0 0 250620 142351.148
-1.0829 2.3225 0.0000 0.00 0.00 1.00 0 180 58 112 1 0 0 0 0 250620 142351.198
-1.0830 2.3228 0.0000 0.00 0.00 1.00 0 180 58 112 1 0 0 0 0 250620 142351.248
-1.0831 2.3230 0.0000 0.00 0.00 1.00 0 182 58 112 1 0 0 0 0 250620 142351.299
-1.0833 2.3232 0.0000 0.00 0.00 1.00 0 186 58 112 1 0 0 0 0 250620 142351.349
-1.0834 2.3234 0.0000 0.00 0.00 1.00 0 188 58 112 1 0 0 0 0 250620 142351.399
