0.0000 0.0000 0.0000 0.00 0.00 1.00 0 0 0 127 0 0 0 0 0 230919 144504.172
0.0000 0.0000 0.0000 0.00 0.00 1.00 0 0 0 127 0 0 0 0 0 230919 144504.373
0.0000 0.0000 0.0000 0.00 0.00 1.00 0 0 0 127 0 0 0 0 0 230919 144504.573
0.0000 0.0000 0.0000 0.00 0.00 1.00 0 0 0 127 0 0 0 0 0 230919 144504.774
0.0000 0.0000 0.0000 0.00 0.00 1.00 0 0 0 127 0 0 0 0 0 230919 144504.974
0.0000 0.0000 0.0000 0.00 0.00 1.00 0 0 0 127 0 0 0 0 0 230919 144505.174
0.0000 0.0000 0.0000 0.00 0.00 1.00 0 0 0 127 0 0 0 0 0 230919 144505.374
0.0000 0.0000 0.0000 0.00 0.00 1.00 0 0 0 127 0 0 0 0 0 230919 144505.575
0.0000 0.0000 0.0000 0.00 0.00 1.00 0 0 0 127 0 0 0 0 0 230919 144505.775
0.0000 0.0000 0.0000 0.00 0.00 1.00 0 0 0 127 0 0 0 0 0 230919 144505.975
0.0000 0.0000 0.0000 0.00 0.00 1.00 0 0 0 127 0 0 0 0 0 230919 144506.176
0.0000 0.0000 0.0000 0.00 0.00 1.00 0 0 0 127 0 0 0 0 0 230919 144506.376
0.0000 0.0000 0.0000 0.00 0.00 1.00 0 0 0 127 0 0 0 0 0 230919 144506.576
0.0000 0.0000 0.0000 0.00 0.00 1.00 0 0 0 127 0 0 0 0 0 230919 144506.776
0.0000 0.0000 0.0000 0.00 0.00 1.00 0 0 0 127 0 0 0 0 0 230919 144506.977
0.0000 0.0000 0.0000 0.00 0.00 1.00 0 0 0 127 0 0 0 0 0 230919 144507.177
0.0000 0.0000 0.0000 0.00 0.00 1.00 0 0 0 127 0 0 0 0 0 230919 144507.377
0.0000 0.0000 0.0000 0.00 0.00 1.00 0 0 0 127 0 0 0 0 0 230919 144507.578
0.0000 0.0000 0.0000 0.00 0.00 1.00 0 0 0 127 0 0 0 0 0 230919 144507.778
0.0000 0.0000 0.0000 0.00 0.00 1.00 0 0 0 127 0 0 0 0 0 230919 144507.978
0.0000 0.0000 0.0000 0.00 0.00 1.00 0 0 0 127 0 0 0 0 0 230919 144508.179
0.0000 0.0000 0.0000 0.00 0.00 1.00 0 0 0 127 0 0 0 0 0 230919 144508.379
0.0000 0.0000 0.0000 0.00 0.00 1.00 0 0 0 127 0 0 0 0 0 230919 144508.580
0.0000 0.0000 0.0000 0.00 0.00 1.00 0 0 0 127 0 0 0 0 0 230919 144508.780
0.0000 0.0000 0.0000 0.00 0.00 1.00 0 0 0 127 0 0 0 0 0 230919 144508.980
0.0000 0.0000 0.0000 0.00 0.00 1.00 0 0 0 127 0 0 0 0 0 230919 144509.180
0.0000 0.0000 0.0000 0.00 0.00 1.00 0 0 0 127 0 0 0 0 0 230919 144509.381
0.0000 0.0000 0.0000 0.00 0.00 1.00 0 0 0 127 0 0 0 0 0 230919 144509.581
0.0000 0.0000 0.0000 0.00 0.00 1.00 0 0 0 127 0 0 0 0 0 230919 144509.781
0.0000 0.0000 0.0000 0.00 0.00 1.00 0 0 0 127 0 0 0 0 0 230919 144509.982
0.0000 0.0000 0.0000 0.00 0.00 1.00 0 0 0 127 0 0 0 0 0 230919 144510.182
0.0000 0.0000 0.0000 0.00 0.00 1.00 0 0 0 127 0 0 0 0 0 230919 144510.382
0.0000 0.0000 0.0000 0.00 0.00 1.00 0 0 0 127 0 0 0 0 0 230919 144510.583
0.0000 0.0000 0.0000 0.00 0.00 1.00 0 0 0 127 0 0 0 0 0 230919 144510.783
0.0000 0.0000 0.0000 0.00 0.00 1.00 0 0 0 127 0 0 0 0 0 230919 144510.983
-16.5192 22.6827 -0.3115 0.00 0.00 1.00 0 255 127 112 1 0 0 0 0 230919 144511.184
-16.6319 22.6799 -0.3122 0.00 0.00 1.00 0 0 0 112 1 0 0 0 0 230919 144511.384
-16.7270 22.6798 -0.3130 0.00 0.00 1.00 0 0 0 112 1 0 0 0 0 230919 144511.584
-16.7946 22.6782 -0.3136 0.00 0.00 1.00 0 0 0 112 1 0 0 0 0 230919 144511.785
-16.9087 22.6754 -0.3141 0.00 0.00 1.00 0 0 0 112 1 0 0 0 0 230919 144511.985
-17.0003 22.6751 -0.3167 0.00 0.00 1.00 0 0 0 112 1 0 0 0 0 230919 144512.186
-17.0656 22.6740 -0.3191 0.00 0.00 1.00 0 0 0 112 1 0 0 0 0 230919 144512.386
-17.1798 22.6718 -0.3182 0.00 0.00 1.00 0 0 0 112 1 0 0 0 0 230919 144512.586
-17.2746 22.6713 -0.3184 0.00 0.00 1.00 0 0 0 112 1 0 0 0 0 230919 144512.787
-17.3639 22.6699 -0.3196 0.00 0.00 1.00 0 0 0 112 1 0 0 0 0 230919 144512.987
-17.4302 22.6680 -0.3190 0.00 0.00 1.00 0 0 0 112 1 0 0 0 0 230919 144513.187
-17.5457 22.6500 -0.3204 0.00 0.00 1.00 0 0 0 112 1 0 0 0 0 230919 144513.387
-17.6386 22.6269 -0.3229 0.00 0.00 1.00 0 0 0 112 1 0 0 0 0 230919 144513.588
-17.7069 22.6176 -0.3254 0.00 0.00 1.00 0 0 0 112 1 0 0 0 0 230919 144513.788
-17.8195 22.6002 -0.3279 0.00 0.00 1.00 0 0 0 112 1 0 0 0 0 230919 144513.988
-17.9079 22.5869 -0.3270 0.00 0.00 1.00 0 0 0 112 1 0 0 0 0 230919 144514.188
-17.9757 22.5750 -0.3270 0.00 0.00 1.00 0 0 0 112 1 0 0 0 0 230919 144514.389
-18.0883 22.5562 -0.3286 0.00 0.00 1.00 0 0 0 112 1 0 0 0 0 230919 144514.589
-18.1769 22.5407 -0.3305 0.00 0.00 1.00 0 0 0 112 1 0 0 0 0 230919 144514.790
-18.2412 22.5209 -0.3323 0.00 0.00 1.00 0 0 0 112 1 0 0 0 0 230919 144514.990
-18.3137 22.4882 -0.3343 0.00 0.00 1.00 0 0 0 112 1 0 0 0 0 230919 144515.190
-18.4159 22.4527 -0.3366 0.00 0.00 1.00 0 0 0 112 1 0 0 0 0 230919 144515.391
-18.5051 22.4241 -0.3376 0.00 0.00 1.00 0 0 0 112 1 0 0 0 0 230919 144515.591
-18.5671 22.4025 -0.3380 0.00 0.00 1.00 0 0 0 112 1 0 0 0 0 230919 144515.791
-18.6779 22.3659 -0.3369 0.00 0.00 1.00 0 0 0 112 1 0 0 0 0 230919 144515.992
-18.7612 22.3386 -0.3394 0.00 0.00 1.00 0 0 0 112 1 0 0 0 0 230919 144516.192
-18.8174 22.3115 -0.3418 0.00 0.00 1.00 0 0 0 112 1 0 0 0 0 230919 144516.392
-18.8143 22.2906 -0.3382 0.00 0.00 1.00 0 0 0 112 1 0 0 0 0 230919 144516.592
-18.8551 22.2627 -0.3394 0.00 0.00 1.00 0 0 0 112 1 0 0 0 0 230919 144516.793
-18.9701 22.2022 -0.3381 0.00 0.00 1.00 0 0 0 112 1 0 0 0 0 230919 144516.993
-19.0470 22.1562 -0.3394 0.00 0.00 1.00 0 0 0 112 1 0 0 0 0 230919 144517.193
-19.0961 22.1265 -0.3398 0.00 0.00 1.00 0 0 0 112 1 0 0 0 0 230919 144517.393
-19.1929 22.0763 -0.3430 0.00 0.00 1.00 0 0 0 112 1 0 0 0 0 230919 144517.594
-19.2742 22.0320 -0.3418 0.00 0.00 1.00 0 0 0 112 1 0 0 0 0 230919 144517.794
-19.3471 21.9881 -0.3420 0.00 0.00 1.00 0 0 0 112 1 0 0 0 0 230919 144517.994
-19.4232 21.9389 -0.3428 0.00 0.00 1.00 0 0 0 112 1 0 0 0 0 230919 144518.194
-19.4804 21.8958 -0.3440 0.00 0.00 1.00 0 0 0 112 1 0 0 0 0 230919 144518.395
-19.5365 21.8434 -0.3455 0.00 0.00 1.00 0 0 0 112 1 0 0 0 0 230919 144518.595
-19.5883 21.7880 -0.3464 0.00 0.00 1.00 0 0 0 112 1 0 0 0 0 230919 144518.795
-19.6490 21.7290 -0.3458 0.00 0.00 1.00 0 0 0 112 1 0 0 0 0 230919 144518.996
-19.7128 21.6653 -0.3452 0.00 0.00 1.00 0 0 0 112 1 0 0 0 0 230919 144519.196
-19.7793 21.6003 -0.3448 0.00 0.00 1.00 0 0 0 112 1 0 0 0 0 230919 144519.396
-19.8461 21.5359 -0.3440 0.00 0.00 1.00 0 0 0 112 1 0 0 0 0 230919 144519.596
-19.8953 21.4891 -0.3438 0.00 0.00 1.00 0 0 0 112 1 0 0 0 0 230919 144519.797
-19.9582 21.4258 -0.3433 0.00 0.00 1.00 0 0 0 112 1 0 0 0 0 230919 144519.997
-20.0546 21.3294 -0.3440 0.00 0.00 1.00 0 0 0 112 1 0 0 0 0 230919 144520.197
-20.1044 21.2814 -0.3423 0.00 0.00 1.00 0 0 0 112 1 0 0 0 0 230919 144520.398
-20.1813 21.2018 -0.3442 0.00 0.00 1.00 0 0 0 112 1 0 0 0 0 230919 144520.598
-20.2288 21.1538 -0.3435 0.00 0.00 1.00 0 0 0 112 1 0 0 0 0 230919 144520.798
-20.3021 21.0646 -0.3433 0.00 0.00 1.00 0 0 0 112 1 0 0 0 0 230919 144520.999
-20.3458 20.9961 -0.3420 0.00 0.00 1.00 0 0 0 112 1 0 0 0 0 230919 144521.199
-20.3764 20.9412 -0.3417 0.00 0.00 1.00 0 0 0 112 1 0 0 0 0 230919 144521.399
-20.4252 20.8705 -0.3423 0.00 0.00 1.00 0 0 0 112 1 0 0 0 0 230919 144521.599
-20.4784 20.7961 -0.3419 0.00 0.00 1.00 0 0 0 112 1 0 0 0 0 230919 144521.800
-20.5283 20.7208 -0.3426 0.00 0.00 1.00 0 0 0 112 1 0 0 0 0 230919 144522.000
-20.5785 20.6460 -0.3438 0.00 0.00 1.00 0 0 0 112 1 0 0 0 0 230919 144522.201
-20.6178 20.5895 -0.3437 0.00 0.00 1.00 0 0 0 112 1 0 0 0 0 230919 144522.401
-20.6706 20.5148 -0.3440 0.00 0.00 1.00 0 255 127 112 1 0 0 0 0 230919 144522.601
