32.2808 8.7001 0.0000 0.00 0.00 1.00 0 0 0 127 0 0 0 0 0 040619 163448.156
32.2808 8.7001 0.0000 0.00 0.00 1.00 0 0 0 127 0 0 0 0 0 040619 163448.356
32.2808 8.7001 0.0000 0.00 0.00 1.00 0 0 0 127 0 0 0 0 0 040619 163448.556
32.2808 8.7001 0.0000 0.00 0.00 1.00 0 0 0 127 0 0 0 0 0 040619 163448.757
32.2808 8.7001 0.0000 0.00 0.00 1.00 0 0 0 127 0 0 0 0 0 040619 163448.957
32.2808 8.7001 0.0000 0.00 0.00 1.00 0 0 0 127 0 0 0 0 0 040619 163449.157
32.2808 8.7001 0.0000 0.00 0.00 1.00 0 0 0 127 0 0 0 0 0 040619 163449.358
32.2808 8.7001 0.0000 0.00 0.00 1.00 0 0 0 127 0 0 0 0 0 040619 163449.558
32.2808 8.7001 0.0000 0.00 0.00 1.00 0 0 0 127 0 0 0 0 0 040619 163449.758
32.2808 8.7001 0.0000 0.00 0.00 1.00 0 0 0 127 0 0 0 0 0 040619 163449.959
32.2808 8.7001 0.0000 0.00 0.00 1.00 0 0 0 127 0 0 0 0 0 040619 163450.159
32.2808 8.7001 0.0000 0.00 0.00 1.00 0 0 0 127 0 0 0 0 0 040619 163450.359
32.2808 8.7001 0.0000 0.00 0.00 1.00 0 0 0 127 0 0 0 0 0 040619 163450.559
32.2808 8.7001 0.0000 0.00 0.00 1.00 0 0 0 127 0 0 0 0 0 040619 163450.760
32.2808 8.7001 0.0000 0.00 0.00 1.00 0 0 0 127 0 0 0 0 0 040619 163450.960
32.2808 8.7001 0.0000 0.00 0.00 1.00 0 0 0 127 0 0 0 0 0 040619 163451.160
32.2808 8.7001 0.0000 0.00 0.00 1.00 0 0 0 127 0 0 0 0 0 040619 163451.360
32.2808 8.7001 0.0000 0.00 0.00 1.00 0 0 0 127 0 0 0 0 0 040619 163451.561
32.2808 8.7001 0.0000 0.00 0.00 1.00 0 0 0 127 0 0 0 0 0 040619 163451.761
32.2808 8.7001 0.0000 0.00 0.00 1.00 0 0 0 127 0 0 0 0 0 040619 163451.961
32.2808 8.7001 0.0000 0.00 0.00 1.00 0 0 0 127 0 0 0 0 0 040619 163452.161
32.2808 8.7001 0.0000 0.00 0.00 1.00 0 0 0 127 0 0 0 0 0 040619 163452.362
32.2808 8.7001 0.0000 0.00 0.00 1.00 0 0 0 127 0 0 0 0 0 040619 163452.562
32.2808 8.7001 0.0000 0.00 0.00 1.00 0 0 0 127 0 0 0 0 0 040619 163452.762
32.2808 8.7001 0.0000 0.00 0.00 1.00 0 0 0 127 0 0 0 0 0 040619 163452.962
32.2808 8.7001 0.0000 0.00 0.00 1.00 0 0 0 127 0 0 0 0 0 040619 163453.163
32.2808 8.7001 0.0000 0.00 0.00 1.00 0 0 0 127 0 0 0 0 0 040619 163453.363
32.2808 8.7001 0.0000 0.00 0.00 1.00 0 0 0 127 0 0 0 0 0 040619 163453.563
32.2808 8.7001 0.0000 0.00 0.00 1.00 0 0 0 127 0 0 0 0 0 040619 163453.763
32.2808 8.7001 0.0000 0.00 0.00 1.00 0 0 0 127 0 0 0 0 0 040619 163453.964
32.2808 8.7001 0.0000 0.00 0.00 1.00 0 0 0 127 0 0 0 0 0 040619 163454.164
32.2808 8.7001 0.0000 0.00 0.00 1.00 0 0 0 127 0 0 0 0 0 040619 163454.365
32.2808 8.7001 0.0000 0.00 0.00 1.00 0 0 0 127 0 0 0 0 0 040619 163454.565
32.2808 8.7001 0.0000 0.00 0.00 1.00 0 0 0 127 0 0 0 0 0 040619 163454.765
32.2808 8.7001 0.0000 0.00 0.00 1.00 0 0 0 127 0 0 0 0 0 040619 163454.965
32.2808 8.7001 0.0000 0.00 0.00 1.00 0 0 0 127 0 0 0 0 0 040619 163455.166
32.2808 8.7001 0.0000 0.00 0.00 1.00 0 0 0 127 0 0 0 0 0 040619 163455.366
32.2808 8.7001 0.0000 0.00 0.00 1.00 0 0 0 127 0 0 0 0 0 040619 163455.566
32.2808 8.7001 0.0000 0.00 0.00 1.00 0 0 0 127 0 0 0 0 0 040619 163455.767
