-20.1213 45.7860 -0.5215 0.00 0.00 1.00 0 124 27 112 1 0 0 0 0 040619 121549.056
-20.1215 45.7868 -0.5217 0.00 0.00 1.00 0 124 27 112 1 0 0 0 0 040619 121549.256
-20.1216 45.7865 -0.5220 0.00 0.00 1.00 0 99 27 112 1 0 0 0 0 040619 121549.456
-20.1214 45.7857 -0.5217 0.00 0.00 1.00 0 172 27 112 1 0 0 0 0 040619 121549.656
-20.1245 45.7882 -0.5175 0.00 0.00 1.00 0 61 25 112 1 0 0 0 0 040619 121549.857
-20.1250 45.7885 -0.5237 0.00 0.00 1.00 0 33 29 112 1 0 0 0 0 040619 121550.057
-20.1253 45.7877 -0.5234 0.00 0.00 1.00 0 243 26 112 1 0 0 0 0 040619 121550.257
-20.1248 45.7879 -0.5233 0.00 0.00 1.00 0 197 27 112 1 0 0 0 0 040619 121550.457
-20.1289 45.7904 -0.5252 0.00 0.00 1.00 0 131 27 112 1 0 0 0 0 040619 121550.658
-20.1258 45.7912 -0.5275 0.00 0.00 1.00 0 94 30 112 1 0 0 0 0 040619 121550.858
-20.1263 45.7930 -0.5241 0.00 0.00 1.00 0 25 29 112 1 0 0 0 0 040619 121551.058
-20.1284 45.7888 -0.5227 0.00 0.00 1.00 0 224 26 112 1 0 0 0 0 040619 121551.258
-20.1285 45.7901 -0.5215 0.00 0.00 1.00 0 123 30 112 1 0 0 0 0 040619 121551.458
-20.1299 45.7866 -0.5222 0.00 0.00 1.00 0 90 26 112 1 0 0 0 0 040619 121551.659
-20.1283 45.7893 -0.5222 0.00 0.00 1.00 0 181 27 112 1 0 0 0 0 040619 121551.859
-20.1253 45.7906 -0.5228 0.00 0.00 1.00 0 59 27 112 1 0 0 0 0 040619 121552.059
-20.1223 45.7922 -0.5241 0.00 0.00 1.00 0 133 27 112 1 0 0 0 0 040619 121552.259
-20.1218 45.7919 -0.5249 0.00 0.00 1.00 0 103 27 112 1 0 0 0 0 040619 121552.459
-20.1188 45.7936 -0.5253 0.00 0.00 1.00 0 64 27 112 1 0 0 0 0 040619 121552.660
-20.1171 45.7907 -0.5248 0.00 0.00 1.00 0 167 27 112 1 0 0 0 0 040619 121552.860
-20.1162 45.7919 -0.5288 0.00 0.00 1.00 0 137 26 112 1 0 0 0 0 040619 121553.060
-20.1120 45.7935 -0.5283 0.00 0.00 1.00 0 66 28 112 1 0 0 0 0 040619 121553.260
-20.1125 45.7927 -0.5278 0.00 0.00 1.00 0 179 27 112 1 0 0 0 0 040619 121553.460
-20.1122 45.7932 -0.5276 0.00 0.00 1.00 0 155 28 112 1 0 0 0 0 040619 121553.661
-20.1123 45.7933 -0.5273 0.00 0.00 1.00 0 117 28 112 1 0 0 0 0 040619 121553.861
-20.1166 45.7936 -0.5308 0.00 0.00 1.00 0 111 27 112 1 0 0 0 0 040619 121554.061
-20.1124 45.7930 -0.5218 0.00 0.00 1.00 0 15 28 112 1 0 0 0 0 040619 121554.261
-20.1106 45.7943 -0.5242 0.00 0.00 1.00 0 38 29 112 1 0 0 0 0 040619 121554.462
-20.1100 45.7906 -0.5242 0.00 0.00 1.00 0 190 27 112 1 0 0 0 0 040619 121554.662
-20.1100 45.7901 -0.5286 0.00 0.00 1.00 0 118 34 112 1 0 0 0 0 040619 121554.862
-20.1112 45.7919 -0.5257 0.00 0.00 1.00 0 138 27 112 1 0 0 0 0 040619 121555.062
-20.1106 45.7893 -0.5232 0.00 0.00 1.00 0 132 29 112 1 0 0 0 0 040619 121555.263
-20.1111 45.7884 -0.5226 0.00 0.00 1.00 0 118 27 112 1 0 0 0 0 040619 121555.463
-20.1100 45.7927 -0.5265 0.00 0.00 1.00 0 232 27 112 1 0 0 0 0 040619 121555.663
-20.1121 45.7905 -0.5259 0.00 0.00 1.00 0 196 25 112 1 0 0 0 0 040619 121555.863
-20.1117 45.7934 -0.5270 0.00 0.00 1.00 0 240 27 112 1 0 0 0 0 040619 121556.063
-20.1120 45.7932 -0.5270 0.00 0.00 1.00 0 12 27 112 1 0 0 0 0 040619 121556.264
-20.1132 45.7940 -0.5225 0.00 0.00 1.00 0 245 27 112 1 0 0 0 0 040619 121556.464
-20.1100 45.7921 -0.5219 0.00 0.00 1.00 0 194 28 112 1 0 0 0 0 040619 121556.664
-20.1103 45.7928 -0.5223 0.00 0.00 1.00 0 13 28 112 1 0 0 0 0 040619 121556.864
-20.1072 45.7913 -0.5229 0.00 0.00 1.00 0 201 24 112 1 0 0 0 0 040619 121557.064
-20.1035 45.7906 -0.5228 0.00 0.00 1.00 0 107 29 112 1 0 0 0 0 040619 121557.265
-20.1030 45.7913 -0.5239 0.00 0.00 1.00 0 32 28 112 1 0 0 0 0 040619 121557.465
-20.1038 45.7887 -0.5238 0.00 0.00 1.00 0 35 28 112 1 0 0 0 0 040619 121557.665
-20.1010 45.7913 -0.5228 0.00 0.00 1.00 0 184 30 112 1 0 0 0 0 040619 121557.865
-20.1053 45.7899 -0.5242 0.00 0.00 1.00 0 98 26 112 1 0 0 0 0 040619 121558.066
-20.1075 45.7953 -0.5259 0.00 0.00 1.00 0 152 25 112 1 0 0 0 0 040619 121558.266
-20.1014 45.7937 -0.5291 0.00 0.00 1.00 0 103 30 112 1 0 0 0 0 040619 121558.466
-20.1004 45.7953 -0.5273 0.00 0.00 1.00 0 32 28 112 1 0 0 0 0 040619 121558.666
-20.1063 45.7952 -0.5256 0.00 0.00 1.00 0 247 23 112 1 0 0 0 0 040619 121558.866
-20.1020 45.7914 -0.5281 0.00 0.00 1.00 0 230 30 112 1 0 0 0 0 040619 121559.067
-20.1020 45.7914 -0.5281 0.00 0.00 1.00 0 0 0 127 0 0 0 0 0 040619 121559.267
-20.1020 45.7914 -0.5281 0.00 0.00 1.00 0 0 0 127 0 0 0 0 0 040619 121559.467
-20.1020 45.7914 -0.5281 0.00 0.00 1.00 0 0 0 127 0 0 0 0 0 040619 121559.667
-20.1020 45.7914 -0.5281 0.00 0.00 1.00 0 0 0 127 0 0 0 0 0 040619 121559.868
-20.1020 45.7914 -0.5281 0.00 0.00 1.00 0 0 0 127 0 0 0 0 0 040619 121600.068
-20.1020 45.7914 -0.5281 0.00 0.00 1.00 0 0 0 127 0 0 0 0 0 040619 121600.268
-20.1020 45.7914 -0.5281 0.00 0.00 1.00 0 0 0 127 0 0 0 0 0 040619 121600.468
-20.1020 45.7914 -0.5281 0.00 0.00 1.00 0 0 0 127 0 0 0 0 0 040619 121600.669
-20.1020 45.7914 -0.5281 0.00 0.00 1.00 0 0 0 127 0 0 0 0 0 040619 121600.869
-20.1020 45.7914 -0.5281 0.00 0.00 1.00 0 0 0 127 0 0 0 0 0 040619 121601.069
-20.1020 45.7914 -0.5281 0.00 0.00 1.00 0 0 0 127 0 0 0 0 0 040619 121601.269
-20.1020 45.7914 -0.5281 0.00 0.00 1.00 0 0 0 127 0 0 0 0 0 040619 121601.470
-20.1020 45.7914 -0.5281 0.00 0.00 1.00 0 0 0 127 0 0 0 0 0 040619 121601.670
-20.1020 45.7914 -0.5281 0.00 0.00 1.00 0 0 0 127 0 0 0 0 0 040619 121601.870
-20.1020 45.7914 -0.5281 0.00 0.00 1.00 0 0 0 127 0 0 0 0 0 040619 121602.070
-20.1020 45.7914 -0.5281 0.00 0.00 1.00 0 0 0 127 0 0 0 0 0 040619 121602.271
-20.1020 45.7914 -0.5281 0.00 0.00 1.00 0 0 0 127 0 0 0 0 0 040619 121602.471
-20.1020 45.7914 -0.5281 0.00 0.00 1.00 0 0 0 127 0 0 0 0 0 040619 121602.671
-20.1020 45.7914 -0.5281 0.00 0.00 1.00 0 0 0 127 0 0 0 0 0 040619 121602.871
-20.1020 45.7914 -0.5281 0.00 0.00 1.00 0 0 0 127 0 0 0 0 0 040619 121603.072
-20.1020 45.7914 -0.5281 0.00 0.00 1.00 0 0 0 127 0 0 0 0 0 040619 121603.272
-20.1020 45.7914 -0.5281 0.00 0.00 1.00 0 0 0 127 0 0 0 0 0 040619 121603.472
-20.1020 45.7914 -0.5281 0.00 0.00 1.00 0 0 0 127 0 0 0 0 0 040619 121603.672
