0.4242 0.4548 0.0000 0.00 0.00 1.00 0 24 220 112 1 0 0 0 0 250620 144452.461
0.4240 0.4553 0.0000 0.00 0.00 1.00 0 250 219 112 1 0 0 0 0 250620 144452.512
0.4239 0.4559 0.0000 0.00 0.00 1.00 0 247 219 112 1 0 0 0 0 250620 144452.562
0.4268 0.4562 0.0000 0.00 0.00 1.00 0 27 220 112 1 0 0 0 0 250620 144452.612
0.4271 0.4567 0.0000 0.00 0.00 1.00 0 11 220 112 1 0 0 0 0 250620 144452.662
0.4275 0.4572 0.0000 0.00 0.00 1.00 0 253 219 112 1 0 0 0 0 250620 144452.712
0.4222 0.4542 0.0000 0.00 0.00 1.00 0 125 220 112 1 0 0 0 0 250620 144452.763
0.4217 0.4542 0.0000 0.00 0.00 1.00 0 123 220 112 1 0 0 0 0 250620 144452.813
0.4213 0.4541 0.0000 0.00 0.00 1.00 0 88 220 112 1 0 0 0 0 250620 144452.863
0.4124 0.4511 0.0000 0.00 0.00 1.00 0 215 220 112 1 0 0 0 0 250620 144452.913
0.4106 0.4506 0.0000 0.00 0.00 1.00 0 220 220 112 1 0 0 0 0 250620 144452.964
0.3996 0.4465 0.0000 0.00 0.00 1.00 0 108 221 112 1 0 0 0 0 250620 144453.014
0.3963 0.4454 0.0000 0.00 0.00 1.00 0 122 221 112 1 0 0 0 0 250620 144453.064
0.3930 0.4443 0.0000 0.00 0.00 1.00 0 131 221 112 1 0 0 0 0 250620 144453.114
0.3653 0.4330 0.0000 0.00 0.00 1.00 0 39 223 112 1 0 0 0 0 250620 144453.164
0.3581 0.4303 0.0000 0.00 0.00 1.00 0 71 223 112 1 0 0 0 0 250620 144453.215
0.3511 0.4277 0.0000 0.00 0.00 1.00 0 208 222 112 1 0 0 0 0 250620 144453.265
0.3264 0.4253 0.0000 0.00 0.00 1.00 0 51 222 112 1 0 0 0 0 250620 144453.315
0.3163 0.4226 0.0000 0.00 0.00 1.00 0 81 222 112 1 0 0 0 0 250620 144453.365
0.3020 0.4241 0.0000 0.00 0.00 1.00 0 52 221 112 1 0 0 0 0 250620 144453.415
0.2911 0.4221 0.0000 0.00 0.00 1.00 0 50 221 112 1 0 0 0 0 250620 144453.465
0.2799 0.4201 0.0000 0.00 0.00 1.00 0 45 221 112 1 0 0 0 0 250620 144453.516
0.2819 0.4225 0.0000 0.00 0.00 1.00 0 188 220 112 1 0 0 0 0 250620 144453.566
0.2733 0.4212 0.0000 0.00 0.00 1.00 0 186 220 112 1 0 0 0 0 250620 144453.616
0.2646 0.4200 0.0000 0.00 0.00 1.00 0 181 220 112 1 0 0 0 0 250620 144453.666
0.2702 0.4211 0.0000 0.00 0.00 1.00 0 186 220 112 1 0 0 0 0 250620 144453.716
0.2636 0.4202 0.0000 0.00 0.00 1.00 0 169 220 112 1 0 0 0 0 250620 144453.767
0.2592 0.4196 0.0000 0.00 0.00 1.00 0 8 220 112 1 0 0 0 0 250620 144453.817
0.2499 0.4122 0.0000 0.00 0.00 1.00 0 29 222 112 1 0 0 0 0 250620 144453.867
0.2434 0.4104 0.0000 0.00 0.00 1.00 0 29 222 112 1 0 0 0 0 250620 144453.917
0.2352 0.4074 0.0000 0.00 0.00 1.00 0 123 222 112 1 0 0 0 0 250620 144453.967
0.2285 0.4055 0.0000 0.00 0.00 1.00 0 135 222 112 1 0 0 0 0 250620 144454.018
0.2218 0.4036 0.0000 0.00 0.00 1.00 0 133 222 112 1 0 0 0 0 250620 144454.068
0.2139 0.4008 0.0000 0.00 0.00 1.00 0 198 222 112 1 0 0 0 0 250620 144454.118
0.2069 0.3987 0.0000 0.00 0.00 1.00 0 225 222 112 1 0 0 0 0 250620 144454.168
0.2013 0.3971 0.0000 0.00 0.00 1.00 0 92 222 112 1 0 0 0 0 250620 144454.218
0.1927 0.3947 0.0000 0.00 0.00 1.00 0 182 222 112 1 0 0 0 0 250620 144454.269
0.1857 0.3927 0.0000 0.00 0.00 1.00 0 196 222 112 1 0 0 0 0 250620 144454.319
0.1702 0.3856 0.0000 0.00 0.00 1.00 0 140 223 112 1 0 0 0 0 250620 144454.369
0.1617 0.3827 0.0000 0.00 0.00 1.00 0 199 223 112 1 0 0 0 0 250620 144454.419
0.1524 0.3795 0.0000 0.00 0.00 1.00 0 77 224 112 1 0 0 0 0 250620 144454.469
0.1430 0.3817 0.0000 0.00 0.00 1.00 0 218 222 112 1 0 0 0 0 250620 144454.520
0.1344 0.3796 0.0000 0.00 0.00 1.00 0 219 222 112 1 0 0 0 0 250620 144454.570
0.1217 0.3761 0.0000 0.00 0.00 1.00 0 54 224 112 1 0 0 0 0 250620 144454.620
0.1135 0.3741 0.0000 0.00 0.00 1.00 0 59 224 112 1 0 0 0 0 250620 144454.670
0.1060 0.3719 0.0000 0.00 0.00 1.00 0 77 225 112 1 0 0 0 0 250620 144454.721
0.0980 0.3698 0.0000 0.00 0.00 1.00 0 131 224 112 1 0 0 0 0 250620 144454.771
0.0899 0.3677 0.0000 0.00 0.00 1.00 0 145 224 112 1 0 0 0 0 250620 144454.821
0.0831 0.3644 0.0000 0.00 0.00 1.00 0 71 230 112 1 0 0 0 0 250620 144454.871
0.0753 0.3621 0.0000 0.00 0.00 1.00 0 149 225 112 1 0 0 0 0 250620 144454.921
0.0674 0.3598 0.0000 0.00 0.00 1.00 0 193 225 112 1 0 0 0 0 250620 144454.972
0.0656 0.3593 0.0000 0.00 0.00 1.00 0 4 223 112 1 0 0 0 0 250620 144455.022
0.0587 0.3573 0.0000 0.00 0.00 1.00 0 51 225 112 1 0 0 0 0 250620 144455.072
0.0526 0.3556 0.0000 0.00 0.00 1.00 0 52 225 112 1 0 0 0 0 250620 144455.122
0.0454 0.3469 0.0000 0.00 0.00 1.00 0 87 229 112 1 0 0 0 0 250620 144455.173
0.0385 0.3439 0.0000 0.00 0.00 1.00 0 110 229 112 1 0 0 0 0 250620 144455.223
0.0352 0.3414 0.0000 0.00 0.00 1.00 0 193 229 112 1 0 0 0 0 250620 144455.273
0.0289 0.3384 0.0000 0.00 0.00 1.00 0 80 229 112 1 0 0 0 0 250620 144455.324
0.0226 0.3355 0.0000 0.00 0.00 1.00 0 25 230 112 1 0 0 0 0 250620 144455.374
0.0040 0.3293 0.0000 0.00 0.00 1.00 0 231 233 112 1 0 0 0 0 250620 144455.424
-0.0041 0.3259 0.0000 0.00 0.00 1.00 0 82 230 112 1 0 0 0 0 250620 144455.474
-0.0125 0.3224 0.0000 0.00 0.00 1.00 0 55 231 112 1 0 0 0 0 250620 144455.524
-0.0181 0.3187 0.0000 0.00 0.00 1.00 0 169 231 112 1 0 0 0 0 250620 144455.575
-0.0259 0.3152 0.0000 0.00 0.00 1.00 0 246 231 112 1 0 0 0 0 250620 144455.625
-0.0337 0.3142 0.0000 0.00 0.00 1.00 0 193 221 112 1 0 0 0 0 250620 144455.675
-0.0415 0.3111 0.0000 0.00 0.00 1.00 0 206 230 112 1 0 0 0 0 250620 144455.725
-0.0494 0.3080 0.0000 0.00 0.00 1.00 0 94 230 112 1 0 0 0 0 250620 144455.775
-0.0577 0.3065 0.0000 0.00 0.00 1.00 0 88 224 112 1 0 0 0 0 250620 144455.826
-0.0656 0.3037 0.0000 0.00 0.00 1.00 0 58 230 112 1 0 0 0 0 250620 144455.876
-0.0736 0.3008 0.0000 0.00 0.00 1.00 0 105 230 112 1 0 0 0 0 250620 144455.926
-0.0860 0.2933 0.0000 0.00 0.00 1.00 0 19 232 112 1 0 0 0 0 250620 144455.976
-0.0946 0.2897 0.0000 0.00 0.00 1.00 0 41 232 112 1 0 0 0 0 250620 144456.026
-0.0983 0.2892 0.0000 0.00 0.00 1.00 0 215 223 112 1 0 0 0 0 250620 144456.077
-0.1060 0.2863 0.0000 0.00 0.00 1.00 0 65 231 112 1 0 0 0 0 250620 144456.127
-0.1140 0.2832 0.0000 0.00 0.00 1.00 0 163 231 112 1 0 0 0 0 250620 144456.177
-0.1177 0.2804 0.0000 0.00 0.00 1.00 0 134 233 112 1 0 0 0 0 250620 144456.227
-0.1240 0.2778 0.0000 0.00 0.00 1.00 0 242 231 112 1 0 0 0 0 250620 144456.277
-0.1318 0.2745 0.0000 0.00 0.00 1.00 0 45 232 112 1 0 0 0 0 250620 144456.328
-0.1348 0.2706 0.0000 0.00 0.00 1.00 0 249 239 112 1 0 0 0 0 250620 144456.378
-0.1412 0.2674 0.0000 0.00 0.00 1.00 0 139 233 112 1 0 0 0 0 250620 144456.428
-0.1470 0.2646 0.0000 0.00 0.00 1.00 0 2 233 112 1 0 0 0 0 250620 144456.478
-0.1510 0.2589 0.0000 0.00 0.00 1.00 0 65 236 112 1 0 0 0 0 250620 144456.529
-0.1569 0.2554 0.0000 0.00 0.00 1.00 0 82 236 112 1 0 0 0 0 250620 144456.579
-0.1659 0.2488 0.0000 0.00 0.00 1.00 0 22 246 112 1 0 0 0 0 250620 144456.629
-0.1725 0.2447 0.0000 0.00 0.00 1.00 0 131 237 112 1 0 0 0 0 250620 144456.679
