0.0000 0.0000 0.0000 0.00 0.00 1.00 0 0 0 127 0 0 0 0 0 250519 101040.699
0.0000 0.0000 0.0000 0.00 0.00 1.00 0 0 0 127 0 0 0 0 0 250519 101040.899
0.0000 0.0000 0.0000 0.00 0.00 1.00 0 0 0 127 0 0 0 0 0 250519 101041.100
0.0000 0.0000 0.0000 0.00 0.00 1.00 0 0 0 127 0 0 0 0 0 250519 101041.301
0.0000 0.0000 0.0000 0.00 0.00 1.00 0 0 0 127 0 0 0 0 0 250519 101041.501
0.0000 0.0000 0.0000 0.00 0.00 1.00 0 0 0 127 0 0 0 0 0 250519 101041.702
0.0000 0.0000 0.0000 0.00 0.00 1.00 0 0 0 127 0 0 0 0 0 250519 101041.902
0.0000 0.0000 0.0000 0.00 0.00 1.00 0 0 0 127 0 0 0 0 0 250519 101042.103
0.0000 0.0000 0.0000 0.00 0.00 1.00 0 0 0 127 0 0 0 0 0 250519 101042.304
0.0000 0.0000 0.0000 0.00 0.00 1.00 0 0 0 127 0 0 0 0 0 250519 101042.505
0.0000 0.0000 0.0000 0.00 0.00 1.00 0 0 0 127 0 0 0 0 0 250519 101042.706
0.0000 0.0000 0.0000 0.00 0.00 1.00 0 0 0 127 0 0 0 0 0 250519 101042.907
0.0000 0.0000 0.0000 0.00 0.00 1.00 0 0 0 127 0 0 0 0 0 250519 101043.107
0.0000 0.0000 0.0000 0.00 0.00 1.00 0 0 0 127 0 0 0 0 0 250519 101043.308
0.0000 0.0000 0.0000 0.00 0.00 1.00 0 0 0 127 0 0 0 0 0 250519 101043.509
0.0000 0.0000 0.0000 0.00 0.00 1.00 0 0 0 127 0 0 0 0 0 250519 101043.710
0.0000 0.0000 0.0000 0.00 0.00 1.00 0 0 0 127 0 0 0 0 0 250519 101043.910
0.0000 0.0000 0.0000 0.00 0.00 1.00 0 0 0 127 0 0 0 0 0 250519 101044.112
0.0000 0.0000 0.0000 0.00 0.00 1.00 0 0 0 127 0 0 0 0 0 250519 101044.313
0.0000 0.0000 0.0000 0.00 0.00 1.00 0 0 0 127 0 0 0 0 0 250519 101044.513
0.0000 0.0000 0.0000 0.00 0.00 1.00 0 0 0 127 0 0 0 0 0 250519 101044.714
0.0000 0.0000 0.0000 0.00 0.00 1.00 0 0 0 127 0 0 0 0 0 250519 101044.915
0.0000 0.0000 0.0000 0.00 0.00 1.00 0 0 0 127 0 0 0 0 0 250519 101045.116
0.0000 0.0000 0.0000 0.00 0.00 1.00 0 0 0 127 0 0 0 0 0 250519 101045.316
0.0000 0.0000 0.0000 0.00 0.00 1.00 0 0 0 127 0 0 0 0 0 250519 101045.517
0.0000 0.0000 0.0000 0.00 0.00 1.00 0 0 0 127 0 0 0 0 0 250519 101045.718
0.0000 0.0000 0.0000 0.00 0.00 1.00 0 0 0 127 0 0 0 0 0 250519 101045.918
0.0000 0.0000 0.0000 0.00 0.00 1.00 0 0 0 127 0 0 0 0 0 250519 101046.119
0.0000 0.0000 0.0000 0.00 0.00 1.00 0 0 0 127 0 0 0 0 0 250519 101046.320
0.0000 0.0000 0.0000 0.00 0.00 1.00 0 0 0 127 0 0 0 0 0 250519 101046.520
0.0000 0.0000 0.0000 0.00 0.00 1.00 0 0 0 127 0 0 0 0 0 250519 101046.721
0.0000 0.0000 0.0000 0.00 0.00 1.00 0 0 0 127 0 0 0 0 0 250519 101046.922
0.0000 0.0000 0.0000 0.00 0.00 1.00 0 0 0 127 0 0 0 0 0 250519 101047.123
0.0000 0.0000 0.0000 0.00 0.00 1.00 0 0 0 127 0 0 0 0 0 250519 101047.323
0.0000 0.0000 0.0000 0.00 0.00 1.00 0 0 0 127 0 0 0 0 0 250519 101047.524
0.0000 0.0000 0.0000 0.00 0.00 1.00 0 0 0 127 0 0 0 0 0 250519 101047.725
0.0000 0.0000 0.0000 0.00 0.00 1.00 0 0 0 127 0 0 0 0 0 250519 101047.926
0.0000 0.0000 0.0000 0.00 0.00 1.00 0 0 0 127 0 0 0 0 0 250519 101048.127
0.0000 0.0000 0.0000 0.00 0.00 1.00 0 0 0 127 0 0 0 0 0 250519 101048.328
0.0000 0.0000 0.0000 0.00 0.00 1.00 0 0 0 127 0 0 0 0 0 250519 101048.528
0.0000 0.0000 0.0000 0.00 0.00 1.00 0 0 0 127 0 0 0 0 0 250519 101048.729
0.0000 0.0000 0.0000 0.00 0.00 1.00 0 0 0 127 0 0 0 0 0 250519 101048.929
0.0000 0.0000 0.0000 0.00 0.00 1.00 0 0 0 127 0 0 0 0 0 250519 101049.130
0.0000 0.0000 0.0000 0.00 0.00 1.00 0 0 0 127 0 0 0 0 0 250519 101049.331
0.0000 0.0000 0.0000 0.00 0.00 1.00 0 0 0 127 0 0 0 0 0 250519 101049.531
0.0000 0.0000 0.0000 0.00 0.00 1.00 0 0 0 127 0 0 0 0 0 250519 101049.731
0.0000 0.0000 0.0000 0.00 0.00 1.00 0 0 0 127 0 0 0 0 0 250519 101049.932
0.0000 0.0000 0.0000 0.00 0.00 1.00 0 0 0 127 0 0 0 0 0 250519 101050.132
0.0000 0.0000 0.0000 0.00 0.00 1.00 0 0 0 127 0 0 0 0 0 250519 101050.334
0.0000 0.0000 0.0000 0.00 0.00 1.00 0 0 0 127 0 0 0 0 0 250519 101050.534
0.0000 0.0000 0.0000 0.00 0.00 1.00 0 0 0 127 0 0 0 0 0 250519 101050.735
0.0000 0.0000 0.0000 0.00 0.00 1.00 0 0 0 127 0 0 0 0 0 250519 101050.936
0.0000 0.0000 0.0000 0.00 0.00 1.00 0 0 0 127 0 0 0 0 0 250519 101051.136
0.0000 0.0000 0.0000 0.00 0.00 1.00 0 0 0 127 0 0 0 0 0 250519 101051.337
0.0000 0.0000 0.0000 0.00 0.00 1.00 0 0 0 127 0 0 0 0 0 250519 101051.537
0.0000 0.0000 0.0000 0.00 0.00 1.00 0 0 0 127 0 0 0 0 0 250519 101051.738
0.0000 0.0000 0.0000 0.00 0.00 1.00 0 0 0 127 0 0 0 0 0 250519 101051.938
0.0000 0.0000 0.0000 0.00 0.00 1.00 0 0 0 127 0 0 0 0 0 250519 101052.139
0.0000 0.0000 0.0000 0.00 0.00 1.00 0 0 0 127 0 0 0 0 0 250519 101052.340
0.0000 0.0000 0.0000 0.00 0.00 1.00 0 0 0 127 0 0 0 0 0 250519 101052.540
0.0000 0.0000 0.0000 0.00 0.00 1.00 0 0 0 127 0 0 0 0 0 250519 101052.740
0.0000 0.0000 0.0000 0.00 0.00 1.00 0 0 0 127 0 0 0 0 0 250519 101052.941
0.0000 0.0000 0.0000 0.00 0.00 1.00 0 0 0 127 0 0 0 0 0 250519 101053.142
0.0000 0.0000 0.0000 0.00 0.00 1.00 0 0 0 127 0 0 0 0 0 250519 101053.342
0.0000 0.0000 0.0000 0.00 0.00 1.00 0 0 0 127 0 0 0 0 0 250519 101053.543
0.0000 0.0000 0.0000 0.00 0.00 1.00 0 0 0 127 0 0 0 0 0 250519 101053.743
0.0000 0.0000 0.0000 0.00 0.00 1.00 0 0 0 127 0 0 0 0 0 250519 101053.944
0.0000 0.0000 0.0000 0.00 0.00 1.00 0 0 0 127 0 0 0 0 0 250519 101054.144
0.0000 0.0000 0.0000 0.00 0.00 1.00 0 0 0 127 0 0 0 0 0 250519 101054.345
0.0000 0.0000 0.0000 0.00 0.00 1.00 0 0 0 127 0 0 0 0 0 250519 101054.545
0.0000 0.0000 0.0000 0.00 0.00 1.00 0 0 0 127 0 0 0 0 0 250519 101054.746
0.0000 0.0000 0.0000 0.00 0.00 1.00 0 0 0 127 0 0 0 0 0 250519 101054.946
0.0000 0.0000 0.0000 0.00 0.00 1.00 0 0 0 127 0 0 0 0 0 250519 101055.147
0.0000 0.0000 0.0000 0.00 0.00 1.00 0 0 0 127 0 0 0 0 0 250519 101055.348
0.0000 0.0000 0.0000 0.00 0.00 1.00 0 0 0 127 0 0 0 0 0 250519 101055.549
0.0000 0.0000 0.0000 0.00 0.00 1.00 0 0 0 127 0 0 0 0 0 250519 101055.749
0.0000 0.0000 0.0000 0.00 0.00 1.00 0 0 0 127 0 0 0 0 0 250519 101055.950
0.0000 0.0000 0.0000 0.00 0.00 1.00 0 0 0 127 0 0 0 0 0 250519 101056.151
0.0000 0.0000 0.0000 0.00 0.00 1.00 0 0 0 127 0 0 0 0 0 250519 101056.351
0.0000 0.0000 0.0000 0.00 0.00 1.00 0 0 0 127 0 0 0 0 0 250519 101056.552
0.0000 0.0000 0.0000 0.00 0.00 1.00 0 0 0 127 0 0 0 0 0 250519 101056.752
0.0000 0.0000 0.0000 0.00 0.00 1.00 0 0 0 127 0 0 0 0 0 250519 101056.953
0.0000 0.0000 0.0000 0.00 0.00 1.00 0 0 0 127 0 0 0 0 0 250519 101057.153
0.0000 0.0000 0.0000 0.00 0.00 1.00 0 0 0 127 0 0 0 0 0 250519 101057.354
0.0000 0.0000 0.0000 0.00 0.00 1.00 0 0 0 127 0 0 0 0 0 250519 101057.555
0.0000 0.0000 0.0000 0.00 0.00 1.00 0 0 0 127 0 0 0 0 0 250519 101057.755
0.0000 0.0000 0.0000 0.00 0.00 1.00 0 0 0 127 0 0 0 0 0 250519 101057.956
0.0000 0.0000 0.0000 0.00 0.00 1.00 0 0 0 127 0 0 0 0 0 250519 101058.156
0.0000 0.0000 0.0000 0.00 0.00 1.00 0 0 0 127 0 0 0 0 0 250519 101058.357
0.0000 0.0000 0.0000 0.00 0.00 1.00 0 0 0 127 0 0 0 0 0 250519 101058.557
0.0000 0.0000 0.0000 0.00 0.00 1.00 0 0 0 127 0 0 0 0 0 250519 101058.758
0.0000 0.0000 0.0000 0.00 0.00 1.00 0 0 0 127 0 0 0 0 0 250519 101058.958
0.0000 0.0000 0.0000 0.00 0.00 1.00 0 0 0 127 0 0 0 0 0 250519 101059.159
0.0000 0.0000 0.0000 0.00 0.00 1.00 0 0 0 127 0 0 0 0 0 250519 101059.359
0.0000 0.0000 0.0000 0.00 0.00 1.00 0 0 0 127 0 0 0 0 0 250519 101059.560
0.0000 0.0000 0.0000 0.00 0.00 1.00 0 0 0 127 0 0 0 0 0 250519 101059.760
0.0000 0.0000 0.0000 0.00 0.00 1.00 0 0 0 127 0 0 0 0 0 250519 101059.961
0.0000 0.0000 0.0000 0.00 0.00 1.00 0 0 0 127 0 0 0 0 0 250519 101100.161
0.0000 0.0000 0.0000 0.00 0.00 1.00 0 0 0 127 0 0 0 0 0 250519 101100.362
0.0000 0.0000 0.0000 0.00 0.00 1.00 0 0 0 127 0 0 0 0 0 250519 101100.562
0.0000 0.0000 0.0000 0.00 0.00 1.00 0 0 0 127 0 0 0 0 0 250519 101100.763
0.0000 0.0000 0.0000 0.00 0.00 1.00 0 0 0 127 0 0 0 0 0 250519 101100.964
0.0000 0.0000 0.0000 0.00 0.00 1.00 0 0 0 127 0 0 0 0 0 250519 101101.164
0.0000 0.0000 0.0000 0.00 0.00 1.00 0 0 0 127 0 0 0 0 0 250519 101101.365
0.0000 0.0000 0.0000 0.00 0.00 1.00 0 0 0 127 0 0 0 0 0 250519 101101.566
0.0000 0.0000 0.0000 0.00 0.00 1.00 0 0 0 127 0 0 0 0 0 250519 101101.766
0.0000 0.0000 0.0000 0.00 0.00 1.00 0 0 0 127 0 0 0 0 0 250519 101101.967
0.0000 0.0000 0.0000 0.00 0.00 1.00 0 0 0 127 0 0 0 0 0 250519 101102.168
0.0000 0.0000 0.0000 0.00 0.00 1.00 0 0 0 127 0 0 0 0 0 250519 101102.369
0.0000 0.0000 0.0000 0.00 0.00 1.00 0 0 0 127 0 0 0 0 0 250519 101102.570
0.0000 0.0000 0.0000 0.00 0.00 1.00 0 0 0 127 0 0 0 0 0 250519 101102.770
0.0000 0.0000 0.0000 0.00 0.00 1.00 0 0 0 127 0 0 0 0 0 250519 101102.971
0.0000 0.0000 0.0000 0.00 0.00 1.00 0 0 0 127 0 0 0 0 0 250519 101103.171
0.0000 0.0000 0.0000 0.00 0.00 1.00 0 0 0 127 0 0 0 0 0 250519 101103.372
0.0000 0.0000 0.0000 0.00 0.00 1.00 0 0 0 127 0 0 0 0 0 250519 101103.573
0.0000 0.0000 0.0000 0.00 0.00 1.00 0 0 0 127 0 0 0 0 0 250519 101103.773
0.0000 0.0000 0.0000 0.00 0.00 1.00 0 0 0 127 0 0 0 0 0 250519 101103.974
0.0000 0.0000 0.0000 0.00 0.00 1.00 0 0 0 127 0 0 0 0 0 250519 101104.174
0.0000 0.0000 0.0000 0.00 0.00 1.00 0 0 0 127 0 0 0 0 0 250519 101104.375
0.0000 0.0000 0.0000 0.00 0.00 1.00 0 0 0 127 0 0 0 0 0 250519 101104.576
0.0000 0.0000 0.0000 0.00 0.00 1.00 0 0 0 127 0 0 0 0 0 250519 101104.776
0.0000 0.0000 0.0000 0.00 0.00 1.00 0 0 0 127 0 0 0 0 0 250519 101104.977
0.0000 0.0000 0.0000 0.00 0.00 1.00 0 0 0 127 0 0 0 0 0 250519 101105.178
0.0000 0.0000 0.0000 0.00 0.00 1.00 0 0 0 127 0 0 0 0 0 250519 101105.378
0.0000 0.0000 0.0000 0.00 0.00 1.00 0 0 0 127 0 0 0 0 0 250519 101105.579
0.0000 0.0000 0.0000 0.00 0.00 1.00 0 0 0 127 0 0 0 0 0 250519 101105.780
0.0000 0.0000 0.0000 0.00 0.00 1.00 0 0 0 127 0 0 0 0 0 250519 101105.980
0.0000 0.0000 0.0000 0.00 0.00 1.00 0 0 0 127 0 0 0 0 0 250519 101106.181
0.0000 0.0000 0.0000 0.00 0.00 1.00 0 0 0 127 0 0 0 0 0 250519 101106.381
0.0000 0.0000 0.0000 0.00 0.00 1.00 0 0 0 127 0 0 0 0 0 250519 101106.582
0.0000 0.0000 0.0000 0.00 0.00 1.00 0 0 0 127 0 0 0 0 0 250519 101106.782
0.0000 0.0000 0.0000 0.00 0.00 1.00 0 0 0 127 0 0 0 0 0 250519 101106.983
0.0000 0.0000 0.0000 0.00 0.00 1.00 0 0 0 127 0 0 0 0 0 250519 101107.183
0.0000 0.0000 0.0000 0.00 0.00 1.00 0 0 0 127 0 0 0 0 0 250519 101107.384
0.0000 0.0000 0.0000 0.00 0.00 1.00 0 0 0 127 0 0 0 0 0 250519 101107.584
0.0000 0.0000 0.0000 0.00 0.00 1.00 0 0 0 127 0 0 0 0 0 250519 101107.785
0.0000 0.0000 0.0000 0.00 0.00 1.00 0 0 0 127 0 0 0 0 0 250519 101107.986
0.0000 0.0000 0.0000 0.00 0.00 1.00 0 0 0 127 0 0 0 0 0 250519 101108.186
0.0000 0.0000 0.0000 0.00 0.00 1.00 0 0 0 127 0 0 0 0 0 250519 101108.387
0.0000 0.0000 0.0000 0.00 0.00 1.00 0 0 0 127 0 0 0 0 0 250519 101108.588
0.0000 0.0000 0.0000 0.00 0.00 1.00 0 0 0 127 0 0 0 0 0 250519 101108.789
0.0000 0.0000 0.0000 0.00 0.00 1.00 0 0 0 127 0 0 0 0 0 250519 101108.989
0.0000 0.0000 0.0000 0.00 0.00 1.00 0 0 0 127 0 0 0 0 0 250519 101109.190
0.0000 0.0000 0.0000 0.00 0.00 1.00 0 0 0 127 0 0 0 0 0 250519 101109.390
0.0000 0.0000 0.0000 0.00 0.00 1.00 0 0 0 127 0 0 0 0 0 250519 101109.591
0.0000 0.0000 0.0000 0.00 0.00 1.00 0 0 0 127 0 0 0 0 0 250519 101109.791
0.0000 0.0000 0.0000 0.00 0.00 1.00 0 0 0 127 0 0 0 0 0 250519 101109.991
0.0000 0.0000 0.0000 0.00 0.00 1.00 0 0 0 127 0 0 0 0 0 250519 101110.192
0.0000 0.0000 0.0000 0.00 0.00 1.00 0 0 0 127 0 0 0 0 0 250519 101110.393
0.0000 0.0000 0.0000 0.00 0.00 1.00 0 0 0 127 0 0 0 0 0 250519 101110.593
0.0000 0.0000 0.0000 0.00 0.00 1.00 0 0 0 127 0 0 0 0 0 250519 101110.793
0.0000 0.0000 0.0000 0.00 0.00 1.00 0 0 0 127 0 0 0 0 0 250519 101110.994
0.0000 0.0000 0.0000 0.00 0.00 1.00 0 0 0 127 0 0 0 0 0 250519 101111.194
0.0000 0.0000 0.0000 0.00 0.00 1.00 0 0 0 127 0 0 0 0 0 250519 101111.395
0.0000 0.0000 0.0000 0.00 0.00 1.00 0 0 0 127 0 0 0 0 0 250519 101111.595
0.0000 0.0000 0.0000 0.00 0.00 1.00 0 0 0 127 0 0 0 0 0 250519 101111.796
0.0000 0.0000 0.0000 0.00 0.00 1.00 0 0 0 127 0 0 0 0 0 250519 101111.997
0.0000 0.0000 0.0000 0.00 0.00 1.00 0 0 0 127 0 0 0 0 0 250519 101112.197
0.0000 0.0000 0.0000 0.00 0.00 1.00 0 0 0 127 0 0 0 0 0 250519 101112.398
0.0000 0.0000 0.0000 0.00 0.00 1.00 0 0 0 127 0 0 0 0 0 250519 101112.599
0.0000 0.0000 0.0000 0.00 0.00 1.00 0 0 0 127 0 0 0 0 0 250519 101112.800
0.0000 0.0000 0.0000 0.00 0.00 1.00 0 0 0 127 0 0 0 0 0 250519 101113.000
0.0000 0.0000 0.0000 0.00 0.00 1.00 0 0 0 127 0 0 0 0 0 250519 101113.201
0.0000 0.0000 0.0000 0.00 0.00 1.00 0 0 0 127 0 0 0 0 0 250519 101113.402
0.0000 0.0000 0.0000 0.00 0.00 1.00 0 0 0 127 0 0 0 0 0 250519 101113.602
0.0000 0.0000 0.0000 0.00 0.00 1.00 0 0 0 127 0 0 0 0 0 250519 101113.803
0.0000 0.0000 0.0000 0.00 0.00 1.00 0 0 0 127 0 0 0 0 0 250519 101114.003
0.0000 0.0000 0.0000 0.00 0.00 1.00 0 0 0 127 0 0 0 0 0 250519 101114.204
0.0000 0.0000 0.0000 0.00 0.00 1.00 0 0 0 127 0 0 0 0 0 250519 101114.404
0.0000 0.0000 0.0000 0.00 0.00 1.00 0 0 0 127 0 0 0 0 0 250519 101114.605
0.0000 0.0000 0.0000 0.00 0.00 1.00 0 0 0 127 0 0 0 0 0 250519 101114.805
0.0000 0.0000 0.0000 0.00 0.00 1.00 0 0 0 127 0 0 0 0 0 250519 101115.006
0.0000 0.0000 0.0000 0.00 0.00 1.00 0 0 0 127 0 0 0 0 0 250519 101115.207
0.0000 0.0000 0.0000 0.00 0.00 1.00 0 0 0 127 0 0 0 0 0 250519 101115.407
0.0000 0.0000 0.0000 0.00 0.00 1.00 0 0 0 127 0 0 0 0 0 250519 101115.608
0.0000 0.0000 0.0000 0.00 0.00 1.00 0 0 0 127 0 0 0 0 0 250519 101115.808
0.0000 0.0000 0.0000 0.00 0.00 1.00 0 0 0 127 0 0 0 0 0 250519 101116.009
0.0000 0.0000 0.0000 0.00 0.00 1.00 0 0 0 127 0 0 0 0 0 250519 101116.209
0.0000 0.0000 0.0000 0.00 0.00 1.00 0 0 0 127 0 0 0 0 0 250519 101116.409
0.0000 0.0000 0.0000 0.00 0.00 1.00 0 0 0 127 0 0 0 0 0 250519 101116.610
0.0000 0.0000 0.0000 0.00 0.00 1.00 0 0 0 127 0 0 0 0 0 250519 101116.811
0.0000 0.0000 0.0000 0.00 0.00 1.00 0 0 0 127 0 0 0 0 0 250519 101117.012
0.0000 0.0000 0.0000 0.00 0.00 1.00 0 0 0 127 0 0 0 0 0 250519 101117.212
0.0000 0.0000 0.0000 0.00 0.00 1.00 0 0 0 127 0 0 0 0 0 250519 101117.413
0.0000 0.0000 0.0000 0.00 0.00 1.00 0 0 0 127 0 0 0 0 0 250519 101117.613
0.0000 0.0000 0.0000 0.00 0.00 1.00 0 0 0 127 0 0 0 0 0 250519 101117.814
0.0000 0.0000 0.0000 0.00 0.00 1.00 0 0 0 127 0 0 0 0 0 250519 101118.015
0.0000 0.0000 0.0000 0.00 0.00 1.00 0 0 0 127 0 0 0 0 0 250519 101118.215
0.0000 0.0000 0.0000 0.00 0.00 1.00 0 0 0 127 0 0 0 0 0 250519 101118.416
0.0000 0.0000 0.0000 0.00 0.00 1.00 0 0 0 127 0 0 0 0 0 250519 101118.616
0.0000 0.0000 0.0000 0.00 0.00 1.00 0 0 0 127 0 0 0 0 0 250519 101118.817
0.0000 0.0000 0.0000 0.00 0.00 1.00 0 0 0 127 0 0 0 0 0 250519 101119.017
0.0000 0.0000 0.0000 0.00 0.00 1.00 0 0 0 127 0 0 0 0 0 250519 101119.218
0.0000 0.0000 0.0000 0.00 0.00 1.00 0 0 0 127 0 0 0 0 0 250519 101119.418
0.0000 0.0000 0.0000 0.00 0.00 1.00 0 0 0 127 0 0 0 0 0 250519 101119.619
0.0000 0.0000 0.0000 0.00 0.00 1.00 0 0 0 127 0 0 0 0 0 250519 101119.819
0.0000 0.0000 0.0000 0.00 0.00 1.00 0 0 0 127 0 0 0 0 0 250519 101120.020
0.0000 0.0000 0.0000 0.00 0.00 1.00 0 0 0 127 0 0 0 0 0 250519 101120.220
0.0000 0.0000 0.0000 0.00 0.00 1.00 0 0 0 127 0 0 0 0 0 250519 101120.421
0.0000 0.0000 0.0000 0.00 0.00 1.00 0 0 0 127 0 0 0 0 0 250519 101120.621
0.0000 0.0000 0.0000 0.00 0.00 1.00 0 0 0 127 0 0 0 0 0 250519 101120.822
0.0000 0.0000 0.0000 0.00 0.00 1.00 0 0 0 127 0 0 0 0 0 250519 101121.023
0.0000 0.0000 0.0000 0.00 0.00 1.00 0 0 0 127 0 0 0 0 0 250519 101121.223
0.0000 0.0000 0.0000 0.00 0.00 1.00 0 0 0 127 0 0 0 0 0 250519 101121.424
0.0000 0.0000 0.0000 0.00 0.00 1.00 0 0 0 127 0 0 0 0 0 250519 101121.624
0.0000 0.0000 0.0000 0.00 0.00 1.00 0 0 0 127 0 0 0 0 0 250519 101121.825
0.0000 0.0000 0.0000 0.00 0.00 1.00 0 0 0 127 0 0 0 0 0 250519 101122.025
0.0000 0.0000 0.0000 0.00 0.00 1.00 0 0 0 127 0 0 0 0 0 250519 101122.226
0.0000 0.0000 0.0000 0.00 0.00 1.00 0 0 0 127 0 0 0 0 0 250519 101122.427
0.0000 0.0000 0.0000 0.00 0.00 1.00 0 0 0 127 0 0 0 0 0 250519 101122.628
0.0000 0.0000 0.0000 0.00 0.00 1.00 0 0 0 127 0 0 0 0 0 250519 101122.828
0.0000 0.0000 0.0000 0.00 0.00 1.00 0 0 0 127 0 0 0 0 0 250519 101123.029
0.0000 0.0000 0.0000 0.00 0.00 1.00 0 0 0 127 0 0 0 0 0 250519 101123.229
0.0000 0.0000 0.0000 0.00 0.00 1.00 0 0 0 127 0 0 0 0 0 250519 101123.430
0.0000 0.0000 0.0000 0.00 0.00 1.00 0 0 0 127 0 0 0 0 0 250519 101123.630
0.0000 0.0000 0.0000 0.00 0.00 1.00 0 0 0 127 0 0 0 0 0 250519 101123.831
0.0000 0.0000 0.0000 0.00 0.00 1.00 0 0 0 127 0 0 0 0 0 250519 101124.031
0.0000 0.0000 0.0000 0.00 0.00 1.00 0 0 0 127 0 0 0 0 0 250519 101124.232
0.0000 0.0000 0.0000 0.00 0.00 1.00 0 0 0 127 0 0 0 0 0 250519 101124.432
0.0000 0.0000 0.0000 0.00 0.00 1.00 0 0 0 127 0 0 0 0 0 250519 101124.633
0.0000 0.0000 0.0000 0.00 0.00 1.00 0 0 0 127 0 0 0 0 0 250519 101124.833
0.0000 0.0000 0.0000 0.00 0.00 1.00 0