-0.7723 0.1431 0.0000 0.00 0.00 1.00 0 160 15 127 0 0 0 0 0 120120 152442.258
-0.7724 0.1428 0.0000 0.00 0.00 1.00 0 160 15 127 0 0 0 0 0 120120 152442.308
-0.7724 0.1426 0.0000 0.00 0.00 1.00 0 160 15 127 0 0 0 0 0 120120 152442.358
-0.7742 0.1430 0.0000 0.00 0.00 1.00 0 160 15 127 0 0 0 0 0 120120 152442.408
-0.7745 0.1429 0.0000 0.00 0.00 1.00 0 160 15 127 0 0 0 0 0 120120 152442.459
-0.7739 0.1423 0.0000 0.00 0.00 1.00 0 160 15 127 0 0 0 0 0 120120 152442.509
-0.7740 0.1421 0.0000 0.00 0.00 1.00 0 160 15 127 0 0 0 0 0 120120 152442.559
-0.7742 0.1419 0.0000 0.00 0.00 1.00 0 160 15 127 0 0 0 0 0 120120 152442.609
-0.7725 0.1440 0.0000 0.00 0.00 1.00 0 160 15 127 0 0 0 0 0 120120 152442.659
-0.7723 0.1441 0.0000 0.00 0.00 1.00 0 160 15 127 0 0 0 0 0 120120 152442.710
-0.7722 0.1443 0.0000 0.00 0.00 1.00 0 160 15 127 0 0 0 0 0 120120 152442.760
-0.7716 0.1460 0.0000 0.00 0.00 1.00 0 160 15 127 0 0 0 0 0 120120 152442.810
-0.7714 0.1464 0.0000 0.00 0.00 1.00 0 160 15 127 0 0 0 0 0 120120 152442.861
-0.7712 0.1468 0.0000 0.00 0.00 1.00 0 160 15 127 0 0 0 0 0 120120 152442.911
-0.7707 0.1462 0.0000 0.00 0.00 1.00 0 160 15 127 0 0 0 0 0 120120 152442.961
-0.7705 0.1464 0.0000 0.00 0.00 1.00 0 160 15 127 0 0 0 0 0 120120 152443.011
-0.7699 0.1462 0.0000 0.00 0.00 1.00 0 160 15 127 0 0 0 0 0 120120 152443.062
-0.7693 0.1465 0.0000 0.00 0.00 1.00 0 160 15 127 0 0 0 0 0 120120 152443.112
-0.7692 0.1466 0.0000 0.00 0.00 1.00 0 160 15 127 0 0 0 0 0 120120 152443.162
-0.7705 0.1432 0.0000 0.00 0.00 1.00 0 160 15 127 0 0 0 0 0 120120 152443.212
-0.7705 0.1431 0.0000 0.00 0.00 1.00 0 160 15 127 0 0 0 0 0 120120 152443.262
-0.7704 0.1429 0.0000 0.00 0.00 1.00 0 160 15 127 0 0 0 0 0 120120 152443.312
-0.7748 0.1431 0.0000 0.00 0.00 1.00 0 160 15 127 0 0 0 0 0 120120 152443.362
-0.7755 0.1429 0.0000 0.00 0.00 1.00 0 160 15 127 0 0 0 0 0 120120 152443.413
-0.7761 0.1427 0.0000 0.00 0.00 1.00 0 160 15 127 0 0 0 0 0 120120 152443.463
-0.7753 0.1435 0.0000 0.00 0.00 1.00 0 160 15 127 0 0 0 0 0 120120 152443.513
-0.7759 0.1434 0.0000 0.00 0.00 1.00 0 160 15 127 0 0 0 0 0 120120 152443.563
-0.7752 0.1455 0.0000 0.00 0.00 1.00 0 160 15 127 0 0 0 0 0 120120 152443.613
-0.7755 0.1458 0.0000 0.00 0.00 1.00 0 160 15 127 0 0 0 0 0 120120 152443.663
-0.7756 0.1460 0.0000 0.00 0.00 1.00 0 160 15 127 0 0 0 0 0 120120 152443.714
-0.7730 0.1457 0.0000 0.00 0.00 1.00 0 160 15 127 0 0 0 0 0 120120 152443.764
-0.7727 0.1458 0.0000 0.00 0.00 1.00 0 160 15 127 0 0 0 0 0 120120 152443.814
-0.7725 0.1460 0.0000 0.00 0.00 1.00 0 160 15 127 0 0 0 0 0 120120 152443.864
-0.7720 0.1450 0.0000 0.00 0.00 1.00 0 160 15 127 0 0 0 0 0 120120 152443.914
-0.7717 0.1450 0.0000 0.00 0.00 1.00 0 160 15 127 0 0 0 0 0 120120 152443.965
-0.7714 0.1449 0.0000 0.00 0.00 1.00 0 160 15 127 0 0 0 0 0 120120 152444.015
-0.7718 0.1462 0.0000 0.00 0.00 1.00 0 160 15 127 0 0 0 0 0 120120 152444.065
-0.7716 0.1464 0.0000 0.00 0.00 1.00 0 160 15 127 0 0 0 0 0 120120 152444.115
-0.7715 0.1465 0.0000 0.00 0.00 1.00 0 160 15 127 0 0 0 0 0 120120 152444.165
-0.7705 0.1450 0.0000 0.00 0.00 1.00 0 160 15 127 0 0 0 0 0 120120 152444.216
-0.7702 0.1449 0.0000 0.00 0.00 1.00 0 160 15 127 0 0 0 0 0 120120 152444.266
-0.7698 0.1448 0.0000 0.00 0.00 1.00 0 160 15 127 0 0 0 0 0 120120 152444.316
-0.7714 0.1434 0.0000 0.00 0.00 1.00 0 160 15 127 0 0 0 0 0 120120 152444.366
-0.7714 0.1431 0.0000 0.00 0.00 1.00 0 160 15 127 0 0 0 0 0 120120 152444.416
-0.7714 0.1428 0.0000 0.00 0.00 1.00 0 160 15 127 0 0 0 0 0 120120 152444.467
-0.7735 0.1444 0.0000 0.00 0.00 1.00 0 160 15 127 0 0 0 0 0 120120 152444.517
-0.7738 0.1444 0.0000 0.00 0.00 1.00 0 160 15 127 0 0 0 0 0 120120 152444.567
-0.7725 0.1458 0.0000 0.00 0.00 1.00 0 160 15 127 0 0 0 0 0 120120 152444.617
-0.7725 0.1461 0.0000 0.00 0.00 1.00 0 160 15 127 0 0 0 0 0 120120 152444.667
-0.7726 0.1463 0.0000 0.00 0.00 1.00 0 160 15 127 0 0 0 0 0 120120 152444.717
-0.7733 0.1453 0.0000 0.00 0.00 1.00 0 160 15 127 0 0 0 0 0 120120 152444.767
-0.7734 0.1454 0.0000 0.00 0.00 1.00 0 160 15 127 0 0 0 0 0 120120 152444.817
-0.7716 0.1435 0.0000 0.00 0.00 1.00 0 160 15 127 0 0 0 0 0 120120 152444.868
-0.7714 0.1431 0.0000 0.00 0.00 1.00 0 160 15 127 0 0 0 0 0 120120 152444.918
-0.7712 0.1428 0.0000 0.00 0.00 1.00 0 160 15 127 0 0 0 0 0 120120 152444.968
-0.7737 0.1428 0.0000 0.00 0.00 1.00 0 160 15 127 0 0 0 0 0 120120 152445.018
-0.7740 0.1425 0.0000 0.00 0.00 1.00 0 160 15 127 0 0 0 0 0 120120 152445.068
-0.7731 0.1441 0.0000 0.00 0.00 1.00 0 160 15 127 0 0 0 0 0 120120 152445.118
-0.7732 0.1442 0.0000 0.00 0.00 1.00 0 160 15 127 0 0 0 0 0 120120 152445.168
-0.7732 0.1442 0.0000 0.00 0.00 1.00 0 160 15 127 0 0 0 0 0 120120 152445.219
-0.7733 0.1443 0.0000 0.00 0.00 1.00 0 160 15 127 0 0 0 0 0 120120 152445.269
-0.7695 0.1433 0.0000 0.00 0.00 1.00 0 160 15 127 0 0 0 0 0 120120 152445.319
-0.7690 0.1432 0.0000 0.00 0.00 1.00 0 160 15 127 0 0 0 0 0 120120 152445.369
-0.7708 0.1438 0.0000 0.00 0.00 1.00 0 160 15 127 0 0 0 0 0 120120 152445.419
-0.7707 0.1438 0.0000 0.00 0.00 1.00 0 160 15 127 0 0 0 0 0 120120 152445.470
-0.7706 0.1438 0.0000 0.00 0.00 1.00 0 160 15 127 0 0 0 0 0 120120 152445.520
-0.7705 0.1438 0.0000 0.00 0.00 1.00 0 160 15 127 0 0 0 0 0 120120 152445.570
-0.7714 0.1434 0.0000 0.00 0.00 1.00 0 160 15 127 0 0 0 0 0 120120 152445.620
-0.7714 0.1434 0.0000 0.00 0.00 1.00 0 160 15 127 0 0 0 0 0 120120 152445.670
-0.7714 0.1434 0.0000 0.00 0.00 1.00 0 160 15 127 0 0 0 0 0 120120 152445.720
-0.7706 0.1438 0.0000 0.00 0.00 1.00 0 160 15 127 0 0 0 0 0 120120 152445.770
-0.7705 0.1438 0.0000 0.00 0.00 1.00 0 160 15 127 0 0 0 0 0 120120 152445.821
-0.7695 0.1441 0.0000 0.00 0.00 1.00 0 160 15 127 0 0 0 0 0 120120 152445.872
-0.7690 0.1442 0.0000 0.00 0.00 1.00 0 160 15 127 0 0 0 0 0 120120 152445.922
-0.7691 0.1433 0.0000 0.00 0.00 1.00 0 160 15 127 0 0 0 0 0 120120 152445.972
-0.7691 0.1433 0.0000 0.00 0.00 1.00 0 160 15 127 0 0 0 0 0 120120 152446.022
-0.7689 0.1432 0.0000 0.00 0.00 1.00 0 160 15 127 0 0 0 0 0 120120 152446.073
-0.7686 0.1430 0.0000 0.00 0.00 1.00 0 160 15 127 0 0 0 0 0 120120 152446.123
-0.7700 0.1435 0.0000 0.00 0.00 1.00 0 160 15 127 0 0 0 0 0 120120 152446.173
-0.7701 0.1434 0.0000 0.00 0.00 1.00 0 160 15 127 0 0 0 0 0 120120 152446.224
-0.7701 0.1434 0.0000 0.00 0.00 1.00 0 160 15 127 0 0 0 0 0 120120 152446.274
-0.7703 0.1461 0.0000 0.00 0.00 1.00 0 160 15 127 0 0 0 0 0 120120 152446.324
-0.7703 0.1465 0.0000 0.00 0.00 1.00 0 160 15 127 0 0 0 0 0 120120 152446.374
-0.7710 0.1470 0.0000 0.00 0.00 1.00 0 160 15 127 0 0 0 0 0 120120 152446.424
-0.7711 0.1471 0.0000 0.00 0.00 1.00 0 160 15 127 0 0 0 0 0 120120 152446.474
-0.7712 0.1475 0.0000 0.00 0.00 1.00 0 160 15 127 0 0 0 0 0 120120 152446.524
-0.7714 0.1478 0.0000 0.00 0.00 1.00 0 160 15 127 0 0 0 0 0 120120 152446.575
-0.7723 0.1450 0.0000 0.00 0.00 1.00 0 160 15 127 0 0 0 0 0 120120 152446.625
-0.7725 0.1449 0.0000 0.00 0.00 1.00 0 160 15 127 0 0 0 0 0 120120 152446.675
-0.7714 0.1444 0.0000 0.00 0.00 1.00 0 160 15 127 0 0 0 0 0 120120 152446.726
-0.7714 0.1441 0.0000 0.00 0.00 1.00 0 160 15 127 0 0 0 0 0 120120 152446.776
-0.7714 0.1441 0.0000 0.00 0.00 1.00 0 160 15 127 0 0 0 0 0 120120 152446.826
-0.7730 0.1422 0.0000 0.00 0.00 1.00 0 160 15 127 0 0 0 0 0 120120 152446.876
-0.7733 0.1417 0.0000 0.00 0.00 1.00 0 160 15 127 0 0 0 0 0 120120 152446.926
-0.7710 0.1450 0.0000 0.00 0.00 1.00 0 160 15 127 0 0 0 0 0 120120 152446.976
-0.7709 0.1451 0.0000 0.00 0.00 1.00 0 160 15 127 0 0 0 0 0 120120 152447.027
-0.7707 0.1453 0.0000 0.00 0.00 1.00 0 160 15 127 0 0 0 0 0 120120 152447.077
-0.7718 0.1451 0.0000 0.00 0.00 1.00 0 160 15 127 0 0 0 0 0 120120 152447.127
-0.7719 0.1452 0.0000 0.00 0.00 1.00 0 160 15 127 0 0 0 0 0 120120 152447.177
-0.7719 0.1453 0.0000 0.00 0.00 1.00 0 160 15 127 0 0 0 0 0 120120 152447.227
-0.7719 0.1453 0.0000 0.00 0.00 1.00 0 160 15 127 0 0 0 0 0 120120 152447.277
-0.7723 0.1453 0.0000 0.00 0.00 1.00 0 160 15 127 0 0 0 0 0 120120 152447.328
-0.7715 0.1456 0.0000 0.00 0.00 1.00 0 160 15 127 0 0 0 0 0 120120 152447.378
-0.7714 0.1457 0.0000 0.00 0.00 1.00 0 160 15 127 0 0 0 0 0 120120 152447.428
-0.7713 0.1458 0.0000 0.00 0.00 1.00 0 160 15 127 0 0 0 0 0 120120 152447.478
-0.7726 0.1445 0.0000 0.00 0.00 1.00 0 160 15 127 0 0 0 0 0 120120 152447.528
-0.7727 0.1443 0.0000 0.00 0.00 1.00 0 160 15 127 0 0 0 0 0 120120 152447.578
-0.7729 0.1442 0.0000 0.00 0.00 1.00 0 160 15 127 0 0 0 0 0 120120 152447.629
-0.7725 0.1419 0.0000 0.00 0.00 1.00 0 160 15 127 0 0 0 0 0 120120 152447.679
-0.7726 0.1414 0.0000 0.00 0.00 1.00 0 160 15 127 0 0 0 0 0 120120 152447.729
-0.7727 0.1410 0.0000 0.00 0.00 1.00 0 160 15 127 0 0 0 0 0 120120 152447.779
-0.7704 0.1418 0.0000 0.00 0.00 1.00 0 160 15 127 0 0 0 0 0 120120 152447.829
-0.7701 0.1415 0.0000 0.00 0.00 1.00 0 160 15 127 0 0 0 0 0 120120 152447.880
-0.7698 0.1412 0.0000 0.00 0.00 1.00 0 160 15 127 0 0 0 0 0 120120 152447.930
-0.7713 0.1428 0.0000 0.00 0.00 1.00 0 160 15 127 0 0 0 0 0 120120 152447.980
-0.7713 0.1428 0.0000 0.00 0.00 1.00 0 160 15 127 0 0 0 0 0 120120 152448.030
-0.7710 0.1439 0.0000 0.00 0.00 1.00 0 160 15 127 0 0 0 0 0 120120 152448.080
-0.7709 0.1441 0.0000 0.00 0.00 1.00 0 160 15 127 0 0 0 0 0 120120 152448.130
-0.7709 0.1443 0.0000 0.00 0.00 1.00 0 160 15 127 0 0 0 0 0 120120 152448.180
-0.7697 0.1441 0.0000 0.00 0.00 1.00 0 160 15 127 0 0 0 0 0 120120 152448.231
-0.7694 0.1443 0.0000 0.00 0.00 1.00 0 160 15 127 0 0 0 0 0 120120 152448.281
-0.7692 0.1444 0.0000 0.00 0.00 1.00 0 160 15 127 0 0 0 0 0 120120 152448.331
-0.7716 0.1442 0.0000 0.00 0.00 1.00 0 160 15 127 0 0 0 0 0 120120 152448.381
-0.7716 0.1442 0.0000 0.00 0.00 1.00 0 160 15 127 0 0 0 0 0 120120 152448.431
-0.7719 0.1443 0.0000 0.00 0.00 1.00 0 160 15 127 0 0 0 0 0 120120 152448.481
-0.7713 0.1453 0.0000 0.00 0.00 1.00 0 160 15 127 0 0 0 0 0 120120 152448.532
-0.7713 0.1456 0.0000 0.00 0.00 1.00 0 160 15 127 0 0 0 0 0 120120 152448.582
-0.7714 0.1458 0.0000 0.00 0.00 1.00 0 160 15 127 0 0 0 0 0 120120 152448.632
-0.7742 0.1471 0.0000 0.00 0.00 1.00 0 160 15 127 0 0 0 0 0 120120 152448.682
-0.7747 0.1474 0.0000 0.00 0.00 1.00 0 160 15 127 0 0 0 0 0 120120 152448.732
-0.7747 0.1474 0.0000 0.00 0.00 1.00 0 160 15 127 0 0 0 0 0 120120 152448.782
-0.7742 0.1477 0.0000 0.00 0.00 1.00 0 160 15 127 0 0 0 0 0 120120 152448.832
-0.7745 0.1480 0.0000 0.00 0.00 1.00 0 160 15 127 0 0 0 0 0 120120 152448.883
-0.7711 0.1454 0.0000 0.00 0.00 1.00 0 160 15 127 0 0 0 0 0 120120 152448.933
-0.7708 0.1452 0.0000 0.00 0.00 1.00 0 160 15 127 0 0 0 0 0 120120 152448.983
-0.7704 0.1451 0.0000 0.00 0.00 1.00 0 160 15 127 0 0 0 0 0 120120 152449.033
-0.7683 0.1423 0.0000 0.00 0.00 1.00 0 160 15 127 0 0 0 0 0 120120 152449.083
-0.7677 0.1417 0.0000 0.00 0.00 1.00 0 160 15 127 0 0 0 0 0 120120 152449.133
-0.7670 0.1411 0.0000 0.00 0.00 1.00 0 160 15 127 0 0 0 0 0 120120 152449.184
-0.7687 0.1424 0.0000 0.00 0.00 1.00 0 160 15 127 0 0 0 0 0 120120 152449.234
-0.7684 0.1421 0.0000 0.00 0.00 1.00 0 160 15 127 0 0 0 0 0 120120 152449.284
-0.7681 0.1418 0.0000 0.00 0.00 1.00 0 160 15 127 0 0 0 0 0 120120 152449.334
-0.7689 0.1445 0.0000 0.00 0.00 1.00 0 160 15 127 0 0 0 0 0 120120 152449.384
-0.7688 0.1447 0.0000 0.00 0.00 1.00 0 160 15 127 0 0 0 0 0 120120 152449.434
-0.7687 0.1449 0.0000 0.00 0.00 1.00 0 160 15 127 0 0 0 0 0 120120 152449.485
-0.7717 0.1445 0.0000 0.00 0.00 1.00 0 160 15 127 0 0 0 0 0 120120 152449.535
-0.7720 0.1446 0.0000 0.00 0.00 1.00 0 160 15 127 0 0 0 0 0 120120 152449.585
-0.7720 0.1446 0.0000 0.00 0.00 1.00 0 160 15 127 0 0 0 0 0 120120 152449.635
-0.7731 0.1434 0.0000 0.00 0.00 1.00 0 160 15 127 0 0 0 0 0 120120 152449.685
-0.7735 0.1433 0.0000 0.00 0.00 1.00 0 160 15 127 0 0 0 0 0 120120 152449.735
-0.7718 0.1447 0.0000 0.00 0.00 1.00 0 160 15 127 0 0 0 0 0 120120 152449.785
-0.7718 0.1449 0.0000 0.00 0.00 1.00 0 160 15 127 0 0 0 0 0 120120 152449.836
-0.7719 0.1450 0.0000 0.00 0.00 1.00 0 160 15 127 0 0 0 0 0 120120 152449.886
-0.7716 0.1440 0.0000 0.00 0.00 1.00 0 160 15 127 0 0 0 0 0 120120 152449.936
-0.7716 0.1440 0.0000 0.00 0.00 1.00 0 160 15 127 0 0 0 0 0 120120 152449.986
-0.7715 0.1439 0.0000 0.00 0.00 1.00 0 160 15 127 0 0 0 0 0 120120 152450.036
-0.7733 0.1462 0.0000 0.00 0.00 1.00 0 160 15 127 0 0 0 0 0 120120 152450.086
-0.7736 0.1465 0.0000 0.00 0.00 1.00 0 160 15 127 0 0 0 0 0 120120 152450.137
-0.7717 0.1439 0.0000 0.00 0.00 1.00 0 160 15 127 0 0 0 0 0 120120 152450.187
-0.7716 0.1437 0.0000 0.00 0.00 1.00 0 160 15 127 0 0 0 0 0 120120 152450.237
-0.7715 0.1435 0.0000 0.00 0.00 1.00 0 160 15 127 0 0 0 0 0 120120 152450.287
-0.7713 0.1452 0.0000 0.00 0.00 1.00 0 160 15 127 0 0 0 0 0 120120 152450.337
-0.7712 0.1453 0.0000 0.00 0.00 1.00 0 160 15 127 0 0 0 0 0 120120 152450.387
-0.7712 0.1453 0.0000 0.00 0.00 1.00 0 160 15 127 0 0 0 0 0 120120 152450.437
-0.7723 0.1437 0.0000 0.00 0.00 1.00 0 160 15 127 0 0 0 0 0 120120 152450.488
-0.7724 0.1436 0.0000 0.00 0.00 1.00 0 160 15 127 0 0 0 0 0 120120 152450.538
-0.7725 0.1434 0.0000 0.00 0.00 1.00 0 160 15 127 0 0 0 0 0 120120 152450.588
-0.7726 0.1432 0.0000 0.00 0.00 1.00 0 160 15 127 0 0 0 0 0 120120 152450.638
-0.7727 0.1430 0.0000 0.00 0.00 1.00 0 160 15 127 0 0 0 0 0 120120 152450.688
-0.7728 0.1428 0.0000 0.00 0.00 1.00 0 160 15 127 0 0 0 0 0 120120 152450.738
-0.7712 0.1444 0.0000 0.00 0.00 1.00 0 160 15 127 0 0 0 0 0 120120 152450.788
-0.7710 0.1446 0.0000 0.00 0.00 1.00 0 160 15 127 0 0 0 0 0 120120 152450.839
-0.7708 0.1446 0.0000 0.00 0.00 1.00 0 160 15 127 0 0 0 0 0 120120 152450.889
-0.7694 0.1474 0.0000 0.00 0.00 1.00 0 160 15 127 0 0 0 0 0 120120 152450.939
-0.7691 0.1479 0.0000 0.00 0.00 1.00 0 160 15 127 0 0 0 0 0 120120 152450.989
-0.7702 0.1470 0.0000 0.00 0.00 1.00 0 160 15 127 0 0 0 0 0 120120 152451.039
-0.7701 0.1472 0.0000 0.00 0.00 1.00 0 160 15 127 0 0 0 0 0 120120 152451.089
-0.7700 0.1475 0.0000 0.00 0.00 1.00 0 160 15 127 0 0 0 0 0 120120 152451.139
-0.7716 0.1453 0.0000 0.00 0.00 1.00 0 160 15 127 0 0 0 0 0 120120 152451.190
-0.7717 0.1452 0.0000 0.00 0.00 1.00 0 160 15 127 0 0 0 0 0 120120 152451.240
-0.7719 0.1450 0.0000 0.00 0.00 1.00 0 160 15 127 0 0 0 0 0 120120 152451.290
-0.7718 0.1435 0.0000 0.00 0.00 1.00 0 160 15 127 0 0 0 0 0 120120 152451.340
-0.7719 0.1431 0.0000 0.00 0.00 1.00 0 160 15 127 0 0 0 0 0 120120 152451.390
-0.7720 0.1428 0.0000 0.00 0.00 1.00 0 160 15 127 0 0 0 0 0 120120 152451.441
-0.7726 0.1441 0.0000 0.00 0.00 1.00 0 160 15 127 0 0 0 0 0 120120 152451.491
-0.7729 0.1440 0.0000 0.00 0.00 1.00 0 160 15 127 0 0 0 0 0 120120 152451.541
-0.7731 0.1439 0.0000 0.00 0.00 1.00 0 160 15 127 0 0 0 0 0 120120 152451.591
-0.7701 0.1426 0.0000 0.00 0.00 1.00 0 160 15 127 0 0 0 0 0 120120 152451.641
-0.7698 0.1423 0.0000 0.00 0.00 1.00 0 160 15 127 0 0 0 0 0 120120 152451.691
-0.7695 0.1420 0.0000 0.00 0.00 1.00 0 160 15 127 0 0 0 0 0 120120 152451.741
-0.7707 0.1449 0.0000 0.00 0.00 1.00 0 160 15 127 0 0 0 0 0 120120 152451.792
-0.7706 0.1451 0.0000 0.00 0.00 1.00 0 160 15 127 0 0 0 0 0 120120 152451.842
-0.7711 0.1453 0.0000 0.00 0.00 1.00 0 160 15 127 0 0 0 0 0 120120 152451.892
-0.7711 0.1455 0.0000 0.00 0.00 1.00 0 160 15 127 0 0 0 0 0 120120 152451.942
-0.7711 0.1457 0.0000 0.00 0.00 1.00 0 160 15 127 0 0 0 0 0 120120 152451.992
-0.7710 0.1450 0.0000 0.00 0.00 1.00 0 160 15 127 0 0 0 0 0 120120 152452.042
-0.7710 0.1451 0.0000 0.00 0.00 1.00 0 160 15 127 0 0 0 0 0 120120 152452.092
-0.7710 0.1451 0.0000 0.00 0.00 1.00 0 160 15 127 0 0 0 0 0 120120 152452.143
-0.7692 0.1449 0.0000 0.00 0.00 1.00 0 160 15 127 0 0 0 0 0 120120 152452.193
-0.7689 0.1450 0.0000 0.00 0.00 1.00 0 160 15 127 0 0 0 0 0 120120 152452.243
-0.7687 0.1450 0.0000 0.00 0.00 1.00 0 160 15 127 0 0 0 0 0 120120 152452.293
-0.7707 0.1440 0.0000 0.00 0.00 1.00 0 160 15 127 0 0 0 0 0 120120 152452.343
-0.7707 0.1438 0.0000 0.00 0.00 1.00 0 160 15 127 0 0 0 0 0 120120 152452.393
-0.7708 0.1437 0.0000 0.00 0.00 1.00 0 160 15 127 0 0 0 0 0 120120 152452.443
-0.7708 0.1437 0.0000 0.00 0.00 1.00 0 160 15 127 0 0 0 0 0 120120 152452.494
-0.7708 0.1446 0.0000 0.00 0.00 1.00 0 160 15 127 0 0 0 0 0 120120 152452.544
-0.7708 0.1446 0.0000 0.00 0.00 1.00 0 160 15 127 0 0 0 0 0 120120 152452.594
-0.7702 0.1438 0.0000 0.00 0.00 1.00 0 160 15 127 0 0 0 0 0 120120 152452.644
-0.7702 0.1436 0.0000 0.00 0.00 1.00 0 160 15 127 0 0 0 0 0 120120 152452.694
-0.7701 0.1435 0.0000 0.00 0.00 1.00 0 160 15 127 0 0 0 0 0 120120 152452.744
-0.7715 0.1452 0.0000 0.00 0.00 1.00 0 160 15 127 0 0 0 0 0 120120 152452.795
-0.7716 0.1454 0.0000 0.00 0.00 1.00 0 160 15 127 0 0 0 0 0 120120 152452.845
-0.7729 0.1447 0.0000 0.00 0.00 1.00 0 160 15 127 0 0 0 0 0 120120 152452.895
-0.7729 0.1447 0.0000 0.00 0.00 1.00 0 160 15 127 0 0 0 0 0 120120 152452.945
-0.7736 0.1448 0.0000 0.00 0.00 1.00 0 160 15 127 0 0 0 0 0 120120 152452.995
-0.7745 0.1441 0.0000 0.00 0.00 1.00 0 160 15 127 0 0 0 0 0 120120 152453.045
-0.7749 0.1440 0.0000 0.00 0.00 1.00 0 160 15 127 0 0 0 0 0 120120 152453.096
-0.7753 0.1440 0.0000 0.00 0.00 1.00 0 160 15 127 0 0 0 0 0 120120 152453.146
-0.7737 0.1450 0.0000 0.00 0.00 1.00 0 160 15 127 0 0 0 0 0 120120 152453.196
-0.7738 0.1451 0.0000 0.00 0.00 1.00 0 160 15 127 0 0 0 0 0 120120 152453.246
-0.7721 0.1465 0.0000 0.00 0.00 1.00 0 160 15 127 0 0 0 0 0 120120 152453.296
-0.7720 0.1468 0.0000 0.00 0.00 1.00 0 160 15 127 0 0 0 0 0 120120 152453.346
-0.7718 0.1471 0.0000 0.00 0.00 1.00 0 160 15 127 0 0 0 0 0 120120 152453.396
-0.7730 0.1460 0.0000 0.00 0.00 1.00 0 160 15 127 0 0 0 0 0 120120 152453.447
-0.7730 0.1460 0.0000 0.00 0.00 1.00 0 160 15 127 0 0 0 0 0 120120 152453.497
-0.7730 0.1461 0.0000 0.00 0.00 1.00 0 160 15 127 0 0 0 0 0 120120 152453.547
-0.7699 0.1424 0.0000 0.00 0.00 1.00 0 160 15 127 0 0 0 0 0 120120 152453.597
-0.7693 0.1419 0.0000 0.00 0.00 1.00 0 160 15 127 0 0 0 0 0 120120 152453.647
-0.7689 0.1414 0.0000 0.00 0.00 1.00 0 160 15 127 0 0 0 0 0 120120 152453.697
-0.7710 0.1428 0.0000 0.00 0.00 1.00 0 160 15 127 0 0 0 0 0 120120 152453.747
-0.7709 0.1426 0.0000 0.00 0.00 1.00 0 160 15 127 0 0 0 0 0 120120 152453.797
-0.7708 0.1424 0.0000 0.00 0.00 1.00 0 160 15 127 0 0 0 0 0 120120 152453.848
-0.7700 0.1407 0.0000 0.00 0.00 1.00 0 160 15 127 0 0 0 0 0 120120 152453.898
-0.7699 0.1403 0.0000 0.00 0.00 1.00 0 160 15 127 0 0 0 0 0 120120 152453.948
-0.7697 0.1399 0.0000 0.00 0.00 1.00 0 160 15 127 0 0 0 0 0 120120 152453.998
-0.7697 0.1399 0.0000 0.00 0.00 1.00 0 160 15 127 0 0 0 0 0 120120 152454.048
-0.7697 0.1432 0.0000 0.00 0.00 1.00 0 160 15 127 0 0 0 0 0 120120 152454.098
-0.7695 0.1433 0.0000 0.00 0.00 1.00 0 160 15 127 0 0 0 0 0 120120 152454.148
-0.7711 0.1442 0.0000 0.00 0.00 1.00 0 160 15 127 0 0 0 0 0 120120 152454.198
-0.7713 0.1445 0.0000 0.00 0.00 1.00 0 0 0 127 0 0 0 0 0 120120 152454.249
-0.7713 0.1445 0.0000 0.00 0.00 1.00 0 0 0 127 0 0 0 0 0 120120 152454.299
-0.7713 0.1445 0.0000 0.00 0.00 1.00 0 0 0 127 0 0 0 0 0 120120 152454.349
-0.7713 0.1445 0.0000 0.00 0.00 1.00 0 0 0 127 0 0 0 0 0 120120 152454.399
-0.7713 0.1445 0.0000 0.00 0.00 1.00 0 0 0 127 0 0 0 0 0 120120 152454.449
-0.7713 0.1445 0.0000 0.00 0.00 1.00 0 0 0 127 0 0 0 0 0 120120 152454.499
-0.7713 0.1445 0.0000 0.00 0.00 1.00 0 0 0 127 0 0 0 0 0 120120 152454.549
-0.7713 0.1445 0.0000 0.00 0.00 1.00 0 0 0 127 0 0 0 0 0 120120 152454.600
-0.7713 0.1445 0.0000 0.00 0.00 1.00 0 0 0 127 0 0 0 0 0 120120 152454.650
-0.7713 0.1445 0.0000 0.00 0.00 1.00 0 0 0 127 0 0 0 0 0 120120 152454.700
-0.7713 0.1445 0.0000 0.00 0.00 1.00 0 0 0 127 0 0 0 0 0 120120 152454.750
-0.7713 0.1445 0.0000 0.00 0.00 1.00 0 0 0 127 0 0 0 0 0 120120 152454.800
-0.7713 0.1445 0.0000 0.00 0.00 1.00 0 0 0 127 0 0 0 0 0 120120 152454.850
-0.7713 0.1445 0.0000 0.00 0.00 1.00 0 0 0 127 0 0 0 0 0 120120 152454.901
-0.7713 0.1445 0.0000 0.00 0.00 1.00 0 0 0 127 0 0 0 0 0 120120 152454.951
-0.7713 0.1445 0.0000 0.00 0.00 1.00 0 0 0 127 0 0 0 0 0 120120 152455.001
-0.7713 0.1445 0.0000 0.00 0.00 1.00 0 0 0 127 0 0 0 0 0 120120 152455.051
-0.7713 0.1445 0.0000 0.00 0.00 1.00 0 0 0 127 0 0 0 0 0 120120 152455.101
-0.7713 0.1445 0.0000 0.00 0.00 1.00 0 0 0 127 0 0 0 0 0 120120 152455.151
-0.7713 0.1445 0.0000 0.00 0.00 1.00 0 0 0 127 0 0 0 0 0 120120 152455.202
-0.7713 0.1445 0.0000 0.00 0.00 1.00 0 0 0 127 0 0 0 0 0 120120 152455.252
