2.1810 -1.1540 0.0000 0.00 0.00 1.00 0 252 126 112 1 0 0 0 0 091219 125921.486
2.1821 -1.1549 0.0000 0.00 0.00 1.00 0 199 127 112 1 0 0 0 0 091219 125921.686
2.1833 -1.1557 0.0000 0.00 0.00 1.00 0 41 127 112 1 0 0 0 0 091219 125921.886
2.1844 -1.1565 0.0000 0.00 0.00 1.00 0 246 127 112 1 0 0 0 0 091219 125922.086
2.1855 -1.1573 0.0000 0.00 0.00 1.00 0 255 127 112 1 0 0 0 0 091219 125922.287
2.1867 -1.1582 0.0000 0.00 0.00 1.00 0 108 127 112 1 0 0 0 0 091219 125922.487
2.1878 -1.1590 0.0000 0.00 0.00 1.00 0 255 127 112 1 0 0 0 0 091219 125922.687
2.1889 -1.1598 0.0000 0.00 0.00 1.00 0 153 127 112 1 0 0 0 0 091219 125922.887
2.1901 -1.1606 0.0000 0.00 0.00 1.00 0 176 127 112 1 0 0 0 0 091219 125923.087
2.1912 -1.1615 0.0000 0.00 0.00 1.00 0 255 127 112 1 0 0 0 0 091219 125923.288
2.1923 -1.1623 0.0000 0.00 0.00 1.00 0 255 127 112 1 0 0 0 0 091219 125923.488
2.1935 -1.1631 0.0000 0.00 0.00 1.00 0 255 127 112 1 0 0 0 0 091219 125923.688
2.1946 -1.1640 0.0000 0.00 0.00 1.00 0 255 127 112 1 0 0 0 0 091219 125923.888
2.1957 -1.1648 0.0000 0.00 0.00 1.00 0 255 127 112 1 0 0 0 0 091219 125924.088
2.1969 -1.1656 0.0000 0.00 0.00 1.00 0 255 127 112 1 0 0 0 0 091219 125924.289
2.1980 -1.1664 0.0000 0.00 0.00 1.00 0 255 127 112 1 0 0 0 0 091219 125924.489
2.1991 -1.1673 0.0000 0.00 0.00 1.00 0 255 127 112 1 0 0 0 0 091219 125924.689
2.2003 -1.1681 0.0000 0.00 0.00 1.00 0 255 127 112 1 0 0 0 0 091219 125924.889
2.2008 -1.1685 0.0000 0.00 0.00 1.00 0 0 0 127 0 0 0 0 0 091219 125925.089
2.2008 -1.1685 0.0000 0.00 0.00 1.00 0 0 0 127 0 0 0 0 0 091219 125925.290
2.2008 -1.1685 0.0000 0.00 0.00 1.00 0 0 0 127 0 0 0 0 0 091219 125925.490
2.2008 -1.1685 0.0000 0.00 0.00 1.00 0 0 0 127 0 0 0 0 0 091219 125925.690
2.2008 -1.1685 0.0000 0.00 0.00 1.00 0 0 0 127 0 0 0 0 0 091219 125925.890
2.2008 -1.1685 0.0000 0.00 0.00 1.00 0 0 0 127 0 0 0 0 0 091219 125926.091
2.2008 -1.1685 0.0000 0.00 0.00 1.00 0 0 0 127 0 0 0 0 0 091219 125926.291
2.2008 -1.1685 0.0000 0.00 0.00 1.00 0 0 0 127 0 0 0 0 0 091219 125926.491
2.2008 -1.1685 0.0000 0.00 0.00 1.00 0 0 0 127 0 0 0 0 0 091219 125926.692
2.2008 -1.1685 0.0000 0.00 0.00 1.00 0 0 0 127 0 0 0 0 0 091219 125926.892
2.2008 -1.1685 0.0000 0.00 0.00 1.00 0 0 0 127 0 0 0 0 0 091219 125927.092
2.2008 -1.1685 0.0000 0.00 0.00 1.00 0 0 0 127 0 0 0 0 0 091219 125927.292
2.2008 -1.1685 0.0000 0.00 0.00 1.00 0 0 0 127 0 0 0 0 0 091219 125927.492
2.2008 -1.1685 0.0000 0.00 0.00 1.00 0 0 0 127 0 0 0 0 0 091219 125927.693
2.2008 -1.1685 0.0000 0.00 0.00 1.00 0 0 0 127 0 0 0 0 0 091219 125927.893
2.2008 -1.1685 0.0000 0.00 0.00 1.00 0 0 0 127 0 0 0 0 0 091219 125928.093
2.2008 -1.1685 0.0000 0.00 0.00 1.00 0 0 0 127 0 0 0 0 0 091219 125928.293
2.2008 -1.1685 0.0000 0.00 0.00 1.00 0 0 0 127 0 0 0 0 0 091219 125928.494
2.2008 -1.1685 0.0000 0.00 0.00 1.00 0 0 0 127 0 0 0 0 0 091219 125928.694
2.2008 -1.1685 0.0000 0.00 0.00 1.00 0 0 0 127 0 0 0 0 0 091219 125928.894
2.2008 -1.1685 0.0000 0.00 0.00 1.00 0 0 0 127 0 0 0 0 0 091219 125929.094
2.2008 -1.1685 0.0000 0.00 0.00 1.00 0 0 0 127 0 0 0 0 0 091219 125929.295
2.2008 -1.1685 0.0000 0.00 0.00 1.00 0 0 0 127 0 0 0 0 0 091219 125929.495
2.2008 -1.1685 0.0000 0.00 0.00 1.00 0 0 0 127 0 0 0 0 0 091219 125929.695
2.2008 -1.1685 0.0000 0.00 0.00 1.00 0 0 0 127 0 0 0 0 0 091219 125929.895
2.2008 -1.1685 0.0000 0.00 0.00 1.00 0 0 0 127 0 0 0 0 0 091219 125930.096
2.2008 -1.1685 0.0000 0.00 0.00 1.00 0 0 0 127 0 0 0 0 0 091219 125930.296
2.2008 -1.1685 0.0000 0.00 0.00 1.00 0 0 0 127 0 0 0 0 0 091219 125930.496
2.2008 -1.1685 0.0000 0.00 0.00 1.00 0 0 0 127 0 0 0 0 0 091219 125930.696
2.2008 -1.1685 0.0000 0.00 0.00 1.00 0 0 0 127 0 0 0 0 0 091219 125930.896
2.2008 -1.1685 0.0000 0.00 0.00 1.00 0 0 0 127 0 0 0 0 0 091219 125931.097
2.2008 -1.1685 0.0000 0.00 0.00 1.00 0 0 0 127 0 0 0 0 0 091219 125931.297
2.2008 -1.1685 0.0000 0.00 0.00 1.00 0 0 0 127 0 0 0 0 0 091219 125931.497
2.2008 -1.1685 0.0000 0.00 0.00 1.00 0 0 0 127 0 0 0 0 0 091219 125931.697
2.2008 -1.1685 0.0000 0.00 0.00 1.00 0 0 0 127 0 0 0 0 0 091219 125931.898
2.2008 -1.1685 0.0000 0.00 0.00 1.00 0 0 0 127 0 0 0 0 0 091219 125932.098
2.2008 -1.1685 0.0000 0.00 0.00 1.00 0 0 0 127 0 0 0 0 0 091219 125932.298
2.2008 -1.1685 0.0000 0.00 0.00 1.00 0 0 0 127 0 0 0 0 0 091219 125932.498
2.2008 -1.1685 0.0000 0.00 0.00 1.00 0 0 0 127 0 0 0 0 0 091219 125932.699
2.2008 -1.1685 0.0000 0.00 0.00 1.00 0 0 0 127 0 0 0 0 0 091219 125932.899
2.2008 -1.1685 0.0000 0.00 0.00 1.00 0 0 0 127 0 0 0 0 0 091219 125933.099
2.2008 -1.1685 0.0000 0.00 0.00 1.00 0 0 0 127 0 0 0 0 0 091219 125933.299
2.2008 -1.1685 0.0000 0.00 0.00 1.00 0 0 0 127 0 0 0 0 0 091219 125933.500
2.2008 -1.1685 0.0000 0.00 0.00 1.00 0 0 0 127 0 0 0 0 0 091219 125933.700
2.2008 -1.1685 0.0000 0.00 0.00 1.00 0 0 0 127 0 0 0 0 0 091219 125933.900
2.2008 -1.1685 0.0000 0.00 0.00 1.00 0 0 0 127 0 0 0 0 0 091219 125934.100
2.2008 -1.1685 0.0000 0.00 0.00 1.00 0 0 0 127 0 0 0 0 0 091219 125934.300
2.2008 -1.1685 0.0000 0.00 0.00 1.00 0 0 0 127 0 0 0 0 0 091219 125934.501
2.2008 -1.1685 0.0000 0.00 0.00 1.00 0 0 0 127 0 0 0 0 0 091219 125934.701
2.2008 -1.1685 0.0000 0.00 0.00 1.00 0 0 0 127 0 0 0 0 0 091219 125934.901
2.2008 -1.1685 0.0000 0.00 0.00 1.00 0 0 0 127 0 0 0 0 0 091219 125935.101
2.2008 -1.1685 0.0000 0.00 0.00 1.00 0 0 0 127 0 0 0 0 0 091219 125935.302
2.2008 -1.1685 0.0000 0.00 0.00 1.00 0 0 0 127 0 0 0 0 0 091219 125935.502
2.2008 -1.1685 0.0000 0.00 0.00 1.00 0 0 0 127 0 0 0 0 0 091219 125935.702
2.2008 -1.1685 0.0000 0.00 0.00 1.00 0 0 0 127 0 0 0 0 0 091219 125935.902
2.2008 -1.1685 0.0000 0.00 0.00 1.00 0 0 0 127 0 0 0 0 0 091219 125936.103
2.2008 -1.1685 0.0000 0.00 0.00 1.00 0 0 0 127 0 0 0 0 0 091219 125936.303
2.2008 -1.1685 0.0000 0.00 0.00 1.00 0 0 0 127 0 0 0 0 0 091219 125936.503
2.2008 -1.1685 0.0000 0.00 0.00 1.00 0 0 0 127 0 0 0 0 0 091219 125936.703
2.2008 -1.1685 0.0000 0.00 0.00 1.00 0 0 0 127 0 0 0 0 0 091219 125936.903
2.2008 -1.1685 0.0000 0.00 0.00 1.00 0 0 0 127 0 0 0 0 0 091219 125937.104
2.2008 -1.1685 0.0000 0.00 0.00 1.00 0 0 0 127 0 0 0 0 0 091219 125937.304
2.2008 -1.1685 0.0000 0.00 0.00 1.00 0 0 0 127 0 0 0 0 0 091219 125937.504
2.2008 -1.1685 0.0000 0.00 0.00 1.00 0 0 0 127 0 0 0 0 0 091219 125937.704
2.2008 -1.1685 0.0000 0.00 0.00 1.00 0 0 0 127 0 0 0 0 0 091219 125937.904
2.2008 -1.1685 0.0000 0.00 0.00 1.00 0 0 0 127 0 0 0 0 0 091219 125938.105
2.2008 -1.1685 0.0000 0.00 0.00 1.00 0 0 0 127 0 0 0 0 0 091219 125938.305
2.2008 -1.1685 0.0000 0.00 0.00 1.00 0 0 0 127 0 0 0 0 0 091219 125938.505
2.2008 -1.1685 0.0000 0.00 0.00 1.00 0 0 0 127 0 0 0 0 0 091219 125938.705
2.2008 -1.1685 0.0000 0.00 0.00 1.00 0 0 0 127 0 0 0 0 0 091219 125938.905
2.2008 -1.1685 0.0000 0.00 0.00 1.00 0 0 0 127 0 0 0 0 0 091219 125939.106
2.2008 -1.1685 0.0000 0.00 0.00 1.00 0 0 0 127 0 0 0 0 0 091219 125939.306
2.2008 -1.1685 0.0000 0.00 0.00 1.00 0 0 0 127 0 0 0 0 0 091219 125939.506
2.2008 -1.1685 0.0000 0.00 0.00 1.00 0 0 0 127 0 0 0 0 0 091219 125939.706
2.2008 -1.1685 0.0000 0.00 0.00 1.00 0 0 0 127 0 0 0 0 0 091219 125939.906
2.2008 -1.1685 0.0000 0.00 0.00 1.00 0 0 0 127 0 0 0 0 0 091219 125940.107
2.2008 -1.1685 0.0000 0.00 0.00 1.00 0 0 0 127 0 0 0 0 0 091219 125940.307
2.2008 -1.1685 0.0000 0.00 0.00 1.00 0 0 0 127 0 0 0 0 0 091219 125940.507
2.2008 -1.1685 0.0000 0.00 0.00 1.00 0 0 0 127 0 0 0 0 0 091219 125940.707
2.2008 -1.1685 0.0000 0.00 0.00 1.00 0 0 0 127 0 0 0 0 0 091219 125940.908
2.2008 -1.1685 0.0000 0.00 0.00 1.00 0 0 0 127 0 0 0 0 0 091219 125941.108
2.2008 -1.1685 0.0000 0.00 0.00 1.00 0 0 0 127 0 0 0 0 0 091219 125941.308
2.2008 -1.1685 0.0000 0.00 0.00 1.00 0 0 0 127 0 0 0 0 0 091219 125941.508
2.2008 -1.1685 0.0000 0.00 0.00 1.00 0 0 0 127 0 0 0 0 0 091219 125941.709
2.2008 -1.1685 0.0000 0.00 0.00 1.00 0 0 0 127 0 0 0 0 0 091219 125941.909
2.2008 -1.1685 0.0000 0.00 0.00 1.00 0 0 0 127 0 0 0 0 0 091219 125942.109
2.2008 -1.1685 0.0000 0.00 0.00 1.00 0 0 0 127 0 0 0 0 0 091219 125942.309
2.2008 -1.1685 0.0000 0.00 0.00 1.00 0 0 0 127 0 0 0 0 0 091219 125942.509
2.2008 -1.1685 0.0000 0.00 0.00 1.00 0 0 0 127 0 0 0 0 0 091219 125942.709
2.2008 -1.1685 0.0000 0.00 0.00 1.00 0 0 0 127 0 0 0 0 0 091219 125942.910
2.2008 -1.1685 0.0000 0.00 0.00 1.00 0 0 0 127 0 0 0 0 0 091219 125943.110
2.2008 -1.1685 0.0000 0.00 0.00 1.00 0 0 0 127 0 0 0 0 0 091219 125943.310
2.2008 -1.1685 0.0000 0.00 0.00 1.00 0 0 0 127 0 0 0 0 0 091219 125943.510
2.2008 -1.1685 0.0000 0.00 0.00 1.00 0 0 0 127 0 0 0 0 0 091219 125943.710
2.2008 -1.1685 0.0000 0.00 0.00 1.00 0 0 0 127 0 0 0 0 0 091219 125943.911
2.2008 -1.1685 0.0000 0.00 0.00 1.00 0 0 0 127 0 0 0 0 0 091219 125944.111
2.2008 -1.1685 0.0000 0.00 0.00 1.00 0 0 0 127 0 0 0 0 0 091219 125944.311
2.2008 -1.1685 0.0000 0.00 0.00 1.00 0 0 0 127 0 0 0 0 0 091219 125944.511
2.2008 -1.1685 0.0000 0.00 0.00 1.00 0 0 0 127 0 0 0 0 0 091219 125944.711
2.2008 -1.1685 0.0000 0.00 0.00 1.00 0 0 0 127 0 0 0 0 0 091219 125944.912
2.2008 -1.1685 0.0000 0.00 0.00 1.00 0 0 0 127 0 0 0 0 0 091219 125945.112
2.2008 -1.1685 0.0000 0.00 0.00 1.00 0 0 0 127 0 0 0 0 0 091219 125945.312
2.2008 -1.1685 0.0000 0.00 0.00 1.00 0 0 0 127 0 0 0 0 0 091219 125945.512
2.2008 -1.1685 0.0000 0.00 0.00 1.00 0 0 0 127 0 0 0 0 0 091219 125945.712
2.2008 -1.1685 0.0000 0.00 0.00 1.00 0 0 0 127 0 0 0 0 0 091219 125945.913
2.2008 -1.1685 0.0000 0.00 0.00 1.00 0 0 0 127 0 0 0 0 0 091219 125946.113
2.2008 -1.1685 0.0000 0.00 0.00 1.00 0 0 0 127 0 0 0 0 0 091219 125946.313
2.2008 -1.1685 0.0000 0.00 0.00 1.00 0 0 0 127 0 0 0 0 0 091219 125946.513
2.2008 -1.1685 0.0000 0.00 0.00 1.00 0 0 0 127 0 0 0 0 0 091219 125946.713
2.2008 -1.1685 0.0000 0.00 0.00 1.00 0 0 0 127 0 0 0 0 0 091219 125946.913
2.2008 -1.1685 0.0000 0.00 0.00 1.00 0 0 0 127 0 0 0 0 0 091219 125947.114
2.2008 -1.1685 0.0000 0.00 0.00 1.00 0 0 0 127 0 0 0 0 0 091219 125947.314
2.2008 -1.1685 0.0000 0.00 0.00 1.00 0 0 0 127 0 0 0 0 0 091219 125947.514
2.2008 -1.1685 0.0000 0.00 0.00 1.00 0 0 0 127 0 0 0 0 0 091219 125947.714
2.2008 -1.1685 0.0000 0.00 0.00 1.00 0 0 0 127 0 0 0 0 0 091219 125947.914
2.2008 -1.1685 0.0000 0.00 0.00 1.00 0 0 0 127 0 0 0 0 0 091219 125948.114
2.2008 -1.1685 0.0000 0.00 0.00 1.00 0 0 0 127 0 0 0 0 0 091219 125948.315
2.2008 -1.1685 0.0000 0.00 0.00 1.00 0 0 0 127 0 0 0 0 0 091219 125948.515
2.2008 -1.1685 0.0000 0.00 0.00 1.00 0 0 0 127 0 0 0 0 0 091219 125948.715
2.2008 -1.1685 0.0000 0.00 0.00 1.00 0 0 0 127 0 0 0 0 0 091219 125948.915
2.2008 -1.1685 0.0000 0.00 0.00 1.00 0 0 0 127 0 0 0 0 0 091219 125949.115
2.2008 -1.1685 0.0000 0.00 0.00 1.00 0 0 0 127 0 0 0 0 0 091219 125949.316
2.2008 -1.1685 0.0000 0.00 0.00 1.00 0 0 0 127 0 0 0 0 0 091219 125949.516
2.2008 -1.1685 0.0000 0.00 0.00 1.00 0 0 0 127 0 0 0 0 0 091219 125949.716
2.2008 -1.1685 0.0000 0.00 0.00 1.00 0 0 0 127 0 0 0 0 0 091219 125949.916
2.2008 -1.1685 0.0000 0.00 0.00 1.00 0 0 0 127 0 0 0 0 0 091219 125950.117
2.2008 -1.1685 0.0000 0.00 0.00 1.00 0 0 0 127 0 0 0 0 0 091219 125950.317
2.2008 -1.1685 0.0000 0.00 0.00 1.00 0 0 0 127 0 0 0 0 0 091219 125950.517
2.2008 -1.1685 0.0000 0.00 0.00 1.00 0 0 0 127 0 0 0 0 0 091219 125950.717
2.2008 -1.1685 0.0000 0.00 0.00 1.00 0 0 0 127 0 0 0 0 0 091219 125950.918
2.2008 -1.1685 0.0000 0.00 0.00 1.00 0 0 0 127 0 0 0 0 0 091219 125951.118
2.2008 -1.1685 0.0000 0.00 0.00 1.00 0 0 0 127 0 0 0 0 0 091219 125951.318
2.2008 -1.1685 0.0000 0.00 0.00 1.00 0 0 0 127 0 0 0 0 0 091219 125951.518
2.2008 -1.1685 0.0000 0.00 0.00 1.00 0 0 0 127 0 0 0 0 0 091219 125951.718
2.2008 -1.1685 0.0000 0.00 0.00 1.00 0 0 0 127 0 0 0 0 0 091219 125951.919
2.2008 -1.1685 0.0000 0.00 0.00 1.00 0 0 0 127 0 0 0 0 0 091219 125952.119
2.2008 -1.1685 0.0000 0.00 0.00 1.00 0 0 0 127 0 0 0 0 0 091219 125952.319
2.2008 -1.1685 0.0000 0.00 0.00 1.00 0 0 0 127 0 0 0 0 0 091219 125952.519
2.2008 -1.1685 0.0000 0.00 0.00 1.00 0 0 0 127 0 0 0 0 0 091219 125952.720
2.2008 -1.1685 0.0000 0.00 0.00 1.00 0 0 0 127 0 0 0 0 0 091219 125952.920
2.2008 -1.1685 0.0000 0.00 0.00 1.00 0 0 0 127 0 0 0 0 0 091219 125953.120
2.2008 -1.1685 0.0000 0.00 0.00 1.00 0 0 0 127 0 0 0 0 0 091219 125953.320
2.2008 -1.1685 0.0000 0.00 0.00 1.00 0 0 0 127 0 0 0 0 0 091219 125953.521
2.2008 -1.1685 0.0000 0.00 0.00 1.00 0 0 0 127 0 0 0 0 0 091219 125953.721
2.2008 -1.1685 0.0000 0.00 0.00 1.00 0 0 0 127 0 0 0 0 0 091219 125953.921
2.2008 -1.1685 0.0000 0.00 0.00 1.00 0 0 0 127 0 0 0 0 0 091219 125954.121
2.2008 -1.1685 0.0000 0.00 0.00 1.00 0 0 0 127 0 0 0 0 0 091219 125954.322
2.2008 -1.1685 0.0000 0.00 0.00 1.00 0 0 0 127 0 0 0 0 0 091219 125954.522
2.2008 -1.1685 0.0000 0.00 0.00 1.00 0 0 0 127 0 0 0 0 0 091219 125954.722
2.2008 -1.1685 0.0000 0.00 0.00 1.00 0 0 0 127 0 0 0 0 0 091219 125954.923
2.2008 -1.1685 0.0000 0.00 0.00 1.00 0 0 0 127 0 0 0 0 0 091219 125955.123
2.2008 -1.1685 0.0000 0.00 0.00 1.00 0 0 0 127 0 0 0 0 0 091219 125955.323
2.2008 -1.1685 0.0000 0.00 0.00 1.00 0 0 0 127 0 0 0 0 0 091219 125955.523
2.2008 -1.1685 0.0000 0.00 0.00 1.00 0 0 0 127 0 0 0 0 0 091219 125955.724
2.2008 -1.1685 0.0000 0.00 0.00 1.00 0 0 0 127 0 0 0 0 0 091219 125955.924
2.2008 -1.1685 0.0000 0.00 0.00 1.00 0 0 0 127 0 0 0 0 0 091219 125956.124
2.2008 -1.1685 0.0000 0.00 0.00 1.00 0 0 0 127 0 0 0 0 0 091219 125956.324
2.2008 -1.1685 0.0000 0.00 0.00 1.00 0 0 0 127 0 0 0 0 0 091219 125956.525
2.2008 -1.1685 0.0000 0.00 0.00 1.00 0 0 0 127 0 0 0 0 0 091219 125956.725
2.2008 -1.1685 0.0000 0.00 0.00 1.00 0 0 0 127 0 0 0 0 0 091219 125956.925
2.2008 -1.1685 0.0000 0.00 0.00 1.00 0 0 0 127 0 0 0 0 0 091219 125957.125
2.2008 -1.1685 0.0000 0.00 0.00 1.00 0 0 0 127 0 0 0 0 0 091219 125957.326
2.2008 -1.1685 0.0000 0.00 0.00 1.00 0 0 0 127 0 0 0 0 0 091219 125957.526
2.2008 -1.1685 0.0000 0.00 0.00 1.00 0 0 0 127 0 0 0 0 0 091219 125957.726
2.2008 -1.1685 0.0000 0.00 0.00 1.00 0 0 0 127 0 0 0 0 0 091219 125957.926
2.2008 -1.1685 0.0000 0.00 0.00 1.00 0 0 0 127 0 0 0 0 0 091219 125958.126
2.2008 -1.1685 0.0000 0.00 0.00 1.00 0 0 0 127 0 0 0 0 0 091219 125958.327
2.2008 -1.1685 0.0000 0.00 0.00 1.00 0 0 0 127 0 0 0 0 0 091219 125958.527
2.2008 -1.1685 0.0000 0.00 0.00 1.00 0 0 0 127 0 0 0 0 0 091219 125958.727
2.2008 -1.1685 0.0000 0.00 0.00 1.00 0 0 0 127 0 0 0 0 0 091219 125958.927
2.2008 -1.1685 0.0000 0.00 0.00 1.00 0 0 0 127 0 0 0 0 0 091219 125959.128
2.2008 -1.1685 0.0000 0.00 0.00 1.00 0 0 0 127 0 0 0 0 0 091219 125959.328
2.2008 -1.1685 0.0000 0.00 0.00 1.00 0 0 0 127 0 0 0 0 0 091219 125959.528
2.2008 -1.1685 0.0000 0.00 0.00 1.00 0 0 0 127 0 0 0 0 0 091219 125959.728
2.2008 -1.1685 0.0000 0.00 0.00 1.00 0 0 0 127 0 0 0 0 0 091219 125959.929
2.2008 -1.1685 0.0000 0.00 0.00 1.00 0 0 0 127 0 0 0 0 0 091219 130000.129
2.2008 -1.1685 0.0000 0.00 0.00 1.00 0 0 0 127 0 0 0 0 0 091219 130000.329
2.2008 -1.1685 0.0000 0.00 0.00 1.00 0 0 0 127 0 0 0 0 0 091219 130000.529
2.2008 -1.1685 0.0000 0.00 0.00 1.00 0 0 0 127 0 0 0 0 0 091219 130000.730
2.2008 -1.1685 0.0000 0.00 0.00 1.00 0 0 0 127 0 0 0 0 0 091219 130000.930
2.2008 -1.1685 0.0000 0.00 0.00 1.00 0 0 0 127 0 0 0 0 0 091219 130001.130
2.2008 -1.1685 0.0000 0.00 0.00 1.00 0 0 0 127 0 0 0 0 0 091219 130001.330
2.2008 -1.1685 0.0000 0.00 0.00 1.00 0 0 0 127 0 0 0 0 0 091219 130001.530
2.2008 -1.1685 0.0000 0.00 0.00 1.00 0 0 0 127 0 0 0 0 0 091219 130001.731
2.2008 -1.1685 0.0000 0.00 0.00 1.00 0 0 0 127 0 0 0 0 0 091219 130001.931
2.2008 -1.1685 0.0000 0.00 0.00 1.00 0 0 0 127 0 0 0 0 0 091219 130002.131
2.2008 -1.1685 0.0000 0.00 0.00 1.00 0 0 0 127 0 0 0 0 0 091219 130002.332
2.2008 -1.1685 0.0000 0.00 0.00 1.00 0 0 0 127 0 0 0 0 0 091219 130002.532
2.2008 -1.1685 0.0000 0.00 0.00 1.00 0 0 0 127 0 0 0 0 0 091219 130002.732
2.2008 -1.1685 0.0000 0.00 0.00 1.00 0 0 0 127 0 0 0 0 0 091219 130002.932
2.2008 -1.1685 0.0000 0.00 0.00 1.00 0 0 0 127 0 0 0 0 0 091219 130003.133
2.2008 -1.1685 0.0000 0.00 0.00 1.00 0 0 0 127 0 0 0 0 0 091219 130003.333
2.2008 -1.1685 0.0000 0.00 0.00 1.00 0 0 0 127 0 0 0 0 0 091219 130003.533
2.2008 -1.1685 0.0000 0.00 0.00 1.00 0 0 0 127 0 0 0 0 0 091219 130003.734
2.2008 -1.1685 0.0000 0.00 0.00 1.00 0 0 0 127 0 0 0 0 0 091219 130003.934
2.2008 -1.1685 0.0000 0.00 0.00 1.00 0 0 0 127 0 0 0 0 0 091219 130004.134
2.2008 -1.1685 0.0000 0.00 0.00 1.00 0 0 0 127 0 0 0 0 0 091219 130004.335
2.2008 -1.1685 0.0000 0.00 0.00 1.00 0 0 0 127 0 0 0 0 0 091219 130004.535
2.2008 -1.1685 0.0000 0.00 0.00 1.00 0 0 0 127 0 0 0 0 0 091219 130004.736
2.2008 -1.1685 0.0000 0.00 0.00 1.00 0 0 0 127 0 0 0 0 0 091219 130004.937
2.2008 -1.1685 0.0000 0.00 0.00 1.00 0 0 0 127 0 0 0 0 0 091219 130005.137
2.2008 -1.1685 0.0000 0.00 0.00 1.00 0 0 0 127 0 0 0 0 0 091219 130005.337
2.2008 -1.1685 0.0000 0.00 0.00 1.00 0 0 0 127 0 0 0 0 0 091219 130005.538
2.2008 -1.1685 0.0000 0.00 0.00 1.00 0 0 0 127 0 0 0 0 0 091219 130005.738
2.2008 -1.1685 0.0000 0.00 0.00 1.00 0 0 0 127 0 0 0 0 0 091219 130005.938
2.2008 -1.1685 0.0000 0.00 0.00 1.00 0 0 0 127 0 0 0 0 0 091219 130006.138
2.2008 -1.1685 0.0000 0.00 0.00 1.00 0 0 0 127 0 0 0 0 0 091219 130006.339
2.2008 -1.1685 0.0000 0.00 0.00 1.00 0 0 0 127 0 0 0 0 0 091219 130006.539
2.2008 -1.1685 0.0000 0.00 0.00 1.00 0 0 0 127 0 0 0 0 0 091219 130006.739
2.2008 -1.1685 0.0000 0.00 0.00 1.00 0 0 0 127 0 0 0 0 0 091219 130006.939
2.2008 -1.1685 0.0000 0.00 0.00 1.00 0 0 0 127 0 0 0 0 0 091219 130007.139
2.2008 -1.1685 0.0000 0.00 0.00 1.00 0 0 0 127 0 0 0 0 0 091219 130007.340
2.2008 -1.1685 0.0000 0.00 0.00 1.00 0 0 0 127 0 0 0 0 0 091219 130007.540
2.2008 -1.1685 0.0000 0.00 0.00 1.00 0 0 0 127 0 0 0 0 0 091219 130007.740
2.2008 -1.1685 0.0000 0.00 0.00 1.00 0 0 0 127 0 0 0 0 0 091219 130007.940
2.2008 -1.1685 0.0000 0.00 0.00 1.00 0 0 0 127 0 0 0 0 0 091219 130008.140
2.2008 -1.1685 0.0000 0.00 0.00 1.00 0 0 0 127 0 0 0 0 0 091219 130008.341
2.2008 -1.1685 0.0000 0.00 0.00 1.00 0 0 0 127 0 0 0 0 0 091219 130008.541
2.2008 -1.1685 0.0000 0.00 0.00 1.00 0 0 0 127 0 0 0 0 0 091219 130008.741
2.2008 -1.1685 0.0000 0.00 0.00 1.00 0 0 0 127 0 0 0 0 0 091219 130008.941
2.2008 -1.1685 0.0000 0.00 0.00 1.00 0 0 0 127 0 0 0 0 0 091219 130009.142
2.2008 -1.1685 0.0000 0.00 0.00 1.00 0 0 0 127 0 0 0 0 0 091219 130009.342
2.2008 -1.1685 0.0000 0.00 0.00 1.00 0 0 0 127 0 0 0 0 0 091219 130009.542
2.2008 -1.1685 0.0000 0.00 0.00 1.00 0 0 0 127 0 0 0 0 0 091219 130009.743
2.2008 -1.1685 0.0000 0.00 0.00 1.00 0 0 0 127 0 0 0 0 0 091219 130009.943
2.2008 -1.1685 0.0000 0.00 0.00 1.00 0 0 0 127 0 0 0 0 0 091219 130010.143
2.2008 -1.1685 0.0000 0.00 0.00 1.00 0 0 0 127 0 0 0 0 0 091219 130010.344
2.2008 -1.1685 0.0000 0.00 0.00 1.00 0 0 0 127 0 0 0 0 0 091219 130010.544
2.2008 -1.1685 0.0000 0.00 0.00 1.00 0 0 0 127 0 0 0 0 0 091219 130010.744
2.2008 -1.1685 0.0000 0.00 0.00 1.00 0 0 0 127 0 0 0 0 0 091219 130010.945
2.2008 -1.1685 0.0000 0.00 0.00 1.00 0 0 0 127 0 0 0 0 0 091219 130011.145
2.2008 -1.1685 0.0000 0.00 0.00 1.00 0 0 0 127 0 0 0 0 0 091219 130011.345
2.2008 -1.1685 0.0000 0.00 0.00 1.00 0 0 0 127 0 0 0 0 0 091219 130011.545
2.2008 -1.1685 0.0000 0.00 0.00 1.00 0 0 0 127 0 0 0 0 0 091219 130011.746
2.2008 -1.1685 0.0000 0.00 0.00 1.00 0 0 0 127 0 0 0 0 0 091219 130011.946
2.2008 -1.1685 0.0000 0.00 0.00 1.00 0 0 0 127 0 0 0 0 0 091219 130012.146
2.2008 -1.1685 0.0000 0.00 0.00 1.00 0 0 0 127 0 0 0 0 0 091219 130012.346
2.2008 -1.1685 0.0000 0.00 0.00 1.00 0 0 0 127 0 0 0 0 0 091219 130012.547
2.2008 -1.1685 0.0000 0.00 0.00 1.00 0 0 0 127 0 0 0 0 0 091219 130012.747
2.2008 -1.1685 0.0000 0.00 0.00 1.00 0 0 0 127 0 0 0 0 0 091219 130012.947
2.2008 -1.1685 0.0000 0.00 0.00 1.00 0 0 0 127 0 0 0 0 0 091219 130013.148
2.2008 -1.1685 0.0000 0.00 0.00 1.00 0 0 0 127 0 0 0 0 0 091219 130013.348
2.2008 -1.1685 0.0000 0.00 0.00 1.00 0 0 0 127 0 0 0 0 0 091219 130013.548
2.2008 -1.1685 0.0000 0.00 0.00 1.00 0 0 0 127 0 0 0 0 0 091219 130013.749
2.2008 -1.1685 0.0000 0.00 0.00 1.00 0 0 0 127 0 0 0 0 0 091219 130013.949
2.2008 -1.1685 0.0000 0.00 0.00 1.00 0 0 0 127 0 0 0 0 0 091219 130014.149
2.2008 -1.1685 0.0000 0.00 0.00 1.00 0 0 0 127 0 0 0 0 0 091219 130014.350
2.2008 -1.1685 0.0000 0.00 0.00 1.00 0 0 0 127 0 0 0 0 0 091219 130014.550
2.2008 -1.1685 0.0000 0.00 0.00 1.00 0 0 0 127 0 0 0 0 0 091219 130014.750
2.2008 -1.1685 0.0000 0.00 0.00 1.00 0 0 0 127 0 0 0 0 0 091219 130014.950
2.2008 -1.1685 0.0000 0.00 0.00 1.00 0 0 0 127 0 0 0 0 0 091219 130015.151
2.2008 -1.1685 0.0000 0.00 0.00 1.00 0 0 0 127 0 0 0 0 0 091219 130015.351
2.2008 -1.1685 0.0000 0.00 0.00 1.00 0 0 0 127 0 0 0 0 0 091219 130015.551
2.2008 -1.1685 0.0000 0.00 0.00 1.00 0 0 0 127 0 0 0 0 0 091219 130015.752
2.2008 -1.1685 0.0000 0.00 0.00 1.00 0 0 0 127 0 0 0 0 0 091219 130015.952
2.2008 -1.1685 0.0000 0.00 0.00 1.00 0 0 0 127 0 0 0 0 0 091219 130016.152
2.2008 -1.1685 0.0000 0.00 0.00 1.00 0 0 0 127 0 0 0 0 0 091219 130016.353
2.2008 -1.1685 0.0000 0.00 0.00 1.00 0 0 0 127 0 0 0 0 0 091219 130016.553
2.2008 -1.1685 0.0000 0.00 0.00 1.00 0 0 0 127 0 0 0 0 0 091219 130016.753
2.2008 -1.1685 0.0000 0.00 0.00 1.00 0 0 0 127 0 0 0 0 0 091219 130016.954
2.2008 -1.1685 0.0000 0.00 0.00 1.00 0 0 0 127 0 0 0 0 0 091219 130017.154
2.2008 -1.1685 0.0000 0.00 0.00 1.00 0 0 0 127 0 0 0 0 0 091219 130017.354
2.2008 -1.1685 0.0000 0.00 0.00 1.00 0 0 0 127 0 0 0 0 0 091219 130017.555
2.2008 -1.1685 0.0000 0.00 0.00 1.00 0 0 0 127 0 0 0 0 0 091219 130017.755
2.2008 -1.1685 0.0000 0.00 0.00 1.00 0 0 0 127 0 0 0 0 0 091219 130017.955
2.2008 -1.1685 0.0000 0.00 0.00 1.00 0 0 0 127 0 0 0 0 0 091219 130018.156
2.2008 -1.1685 0.0000 0.00 0.00 1.00 0 0 0 127 0 0 0 0 0 091219 130018.356
2.2008 -1.1685 0.0000 0.00 0.00 1.00 0 0 0 127 0 0 0 0 0 091219 130018.557
2.2008 -1.1685 0.0000 0.00 0.00 1.00 0 0 0 127 0 0 0 0 0 091219 130018.757
2.2008 -1.1685 0.0000 0.00 0.00 1.00 0 0 0 127 0 0 0 0 0 091219 130018.957
2.2008 -1.1685 0.0000 0.00 0.00 1.00 0 0 0 127 0 0 0 0 0 091219 130019.158
2.2008 -1.1685 0.0000 0.00 0.00 1.00 0 0 0 127 0 0 0 0 0 091219 130019.358
2.2008 -1.1685 0.0000 0.00 0.00 1.00 0 0 0 127 0 0 0 0 0 091219 130019.558
2.2008 -1.1685 0.0000 0.00 0.00 1.00 0 0 0 127 0 0 0 0 0 091219 130019.759
2.2008 -1.1685 0.0000 0.00 0.00 1.00 0 0 0 127 0 0 0 0 0 091219 130019.959
2.2008 -1.1685 0.0000 0.00 0.00 1.00 0 0 0 127 0 0 0 0 0 091219 130020.159
2.2008 -1.1685 0.0000 0.00 0.00 1.00 0 0 0 127 0 0 0 0 0 091219 130020.360
2.2008 -1.1685 0.0000 0.00 0.00 1.00 0 0 0 127 0 0 0 0 0 091219 130020.560
2.2008 -1.1685 0.0000 0.00 0.00 1.00 0 0 0 127 0 0 0 0 0 091219 130020.760
2.2008 -1.1685 0.0000 0.00 0.00 1.00 0 0 0 127 0 0 0 0 0 091219 130020.960
2.2008 -1.1685 0.0000 0.00 0.00 1.00 0 0 0 127 0 0 0 0 0 091219 130021.161
2.2008 -1.1685 0.0000 0.00 0.00 1.00 0 0 0 127 0 0 0 0 0 091219 130021.361
2.2008 -1.1685 0.0000 0.00 0.00 1.00 0 0 0 127 0 0 0 0 0 091219 130021.561
2.2008 -1.1685 0.0000 0.00 0.00 1.00 0 0 0 127 0 0 0 0 0 091219 130021.762
2.2008 -1.1685 0.0000 0.00 0.00 1.00 0 0 0 127 0 0 0 0 0 091219 130021.962
2.2008 -1.1685 0.0000 0.00 0.00 1.00 0 0 0 127 0 0 0 0 0 091219 130022.162
2.2008 -1.1685 0.0000 0.00 0.00 1.00 0 0 0 127 0 0 0 0 0 091219 130022.363
2.2008 -1.1685 0.0000 0.00 0.00 1.00 0 0 0 127 0 0 0 0 0 091219 130022.563
2.2008 -1.1685 0.0000 0.00 0.00 1.00 0 0 0 127 0 0 0 0 0 091219 130022.763
2.2008 -1.1685 0.0000 0.00 0.00 1.00 0 0 0 127 0 0 0 0 0 091219 130022.964
2.2008 -1.1685 0.0000 0.00 0.00 1.00 0 0 0 127 0 0 0 0 0 091219 130023.164
2.2008 -1.1685 0.0000 0.00 0.00 1.00 0 0 0 127 0 0 0 0 0 091219 130023.364
2.2008 -1.1685 0.0000 0.00 0.00 1.00 0 0 0 127 0 0 0 0 0 091219 130023.565
2.2008 -1.1685 0.0000 0.00 0.00 1.00 0 0 0 127 0 0 0 0 0 091219 130023.765
2.2008 -1.1685 0.0000 0.00 0.00 1.00 0 0 0 127 0 0 0 0 0 091219 130023.965
2.2008 -1.1685 0.0000 0.00 0.00 1.00 0 0 0 127 0 0 0 0 0 091219 130024.166
2.2008 -1.1685 0.0000 0.00 0.00 1.00 0 0 0 127 0 0 0 0 0 091219 130024.366
2.2008 -1.1685 0.0000 0.00 0.00 1.00 0 0 0 127 0 0 0 0 0 091219 130024.566
2.2008 -1.1685 0.0000 0.00 0.00 1.00 0 0 0 127 0 0 0 0 0 091219 130024.767
2.2008 -1.1685 0.0000 0.00 0.00 1.00 0 0 0 127 0 0 0 0 0 091219 130024.967
2.2008 -1.1685 0.0000 0.00 0.00 1.00 0 0 0 127 0 0 0 0 0 091219 130025.167
2.2008 -1.1685 0.0000 0.00 0.00 1.00 0 0 0 127 0 0 0 0 0 091219 130025.368
2.2008 -1.1685 0.0000 0.00 0.00 1.00 0 0 0 127 0 0 0 0 0 091219 130025.568
2.2008 -1.1685 0.0000 0.00 0.00 1.00 0 0 0 127 0 0 0 0 0 091219 130025.768
2.2008 -1.1685 0.0000 0.00 0.00 1.00 0 0 0 127 0 0 0 0 0 091219 130025.969
2.2008 -1.1685 0.0000 0.00 0.00 1.00 0 0 0 127 0 0 0 0 0 091219 130026.169
2.2008 -1.1685 0.0000 0.00 0.00 1.00 0 0 0 127 0 0 0 0 0 091219 130026.369
2.2008 -1.1685 0.0000 0.00 0.00 1.00 0 0 0 127 0 0 0 0 0 091219 130026.570
2.2008 -1.1685 0.0000 0.00 0.00 1.00 0 0 0 127 0 0 0 0 0 091219 130026.770
2.2008 -1.1685 0.0000 0.00 0.00 1.00 0 0 0 127 0 0 0 0 0 091219 130026.970
2.2008 -1.1685 0.0000 0.00 0.00 1.00 0 0 0 127 0 0 0 0 0 091219 130027.171
2.2008 -1.1685 0.0000 0.00 0.00 1.00 0 0 0 127 0 0 0 0 0 091219 130027.371
2.2008 -1.1685 0.0000 0.00 0.00 1.00 0 0 0 127 0 0 0 0 0 091219 130027.571
2.2008 -1.1685 0.0000 0.00 0.00 1.00 0 0 0 127 0 0 0 0 0 091219 130027.772
2.2008 -1.1685 0.0000 0.00 0.00 1.00 0 0 0 127 0 0 0 0 0 091219 130027.972
2.2008 -1.1685 0.0000 0.00 0.00 1.00 0 0 0 127 0 0 0 0 0 091219 130028.172
2.2008 -1.1685 0.0000 0.00 0.00 1.00 0 0 0 127 0 0 0 0 0 091219 130028.373
2.2008 -1.1685 0.0000 0.00 0.00 1.00 0 0 0 127 0 0 0 0 0 091219 130028.573
2.2008 -1.1685 0.0000 0.00 0.00 1.00 0 0 0 127 0 0 0 0 0 091219 130028.773
2.2008 -1.1685 0.0000 0.00 0.00 1.00 0 0 0 127 0 0 0 0 0 091219 130028.974
2.2008 -1.1685 0.0000 0.00 0.00 1.00 0 0 0 127 0 0 0 0 0 091219 130029.174
2.2008 -1.1685 0.0000 0.00 0.00 1.00 0 0 0 127 0 0 0 0 0 091219 130029.374
2.2008 -1.1685 0.0000 0.00 0.00 1.00 0 0 0 127 0 0 0 0 0 091219 130029.575
2.2008 -1.1685 0.0000 0.00 0.00 1.00 0 0 0 127 0 0 0 0 0 091219 130029.775
2.2008 -1.1685 0.0000 0.00 0.00 1.00 0 0 0 127 0 0 0 0 0 091219 130029.975
2.2008 -1.1685 0.0000 0.00 0.00 1.00 0 0 0 127 0 0 0 0 0 091219 130030.176
2.2008 -1.1685 0.0000 0.00 0.00 1.00 0 0 0 127 0 0 0 0 0 091219 130030.376
2.2008 -1.1685 0.0000 0.00 0.00 1.00 0 0 0 127 0 0 0 0 0 091219 130030.577
2.2008 -1.1685 0.0000 0.00 0.00 1.00 0 0 0 127 0 0 0 0 0 091219 130030.777
2.2008 -1.1685 0.0000 0.00 0.00 1.00 0 0 0 127 0 0 0 0 0 091219 130030.977
2.2008 -1.1685 0.0000 0.00 0.00 1.00 0 0 0 127 0 0 0 0 0 091219 130031.178
2.2008 -1.1685 0.0000 0.00 0.00 1.00 0 0 0 127 0 0 0 0 0 091219 130031.378
2.2008 -1.1685 0.0000 0.00 0.00 1.00 0 0 0 127 0 0 0 0 0 091219 130031.578
2.2008 -1.1685 0.0000 0.00 0.00 1.00 0 0 0 127 0 0 0 0 0 091219 130031.779
2.2008 -1.1685 0.0000 0.00 0.00 1.00 0 0 0 127 0 0 0 0 0 091219 130031.979
2.2008 -1.1685 0.0000 0.00 0.00 1.00 0 0 0 127 0 0 0 0 0 091219 130032.179
2.2008 -1.1685 0.0000 0.00 0.00 1.00 0 0 0 127 0 0 0 0 0 091219 130032.380
2.2008 -1.1685 0.0000 0.00 0.00 1.00 0 0 0 127 0 0 0 0 0 091219 130032.580
2.2008 -1.1685 0.0000 0.00 0.00 1.00 0 0 0 127 0 0 0 0 0 091219 130032.781
2.2008 -1.1685 0.0000 0.00 0.00 1.00 0 0 0 127 0 0 0 0 0 091219 130032.981
2.2008 -1.1685 0.0000 0.00 0.00 1.00 0 0 0 127 0 0 0 0 0 091219 130033.181
2.2008 -1.1685 0.0000 0.00 0.00 1.00 0 0 0 127 0 0 0 0 0 091219 130033.382
2.2008 -1.1685 0.0000 0.00 0.00 1.00 0 0 0 127 0 0 0 0 0 091219 130033.582
2.2008 -1.1685 0.0000 0.00 0.00 1.00 0 0 0 127 0 0 0 0 0 091219 130033.782
2.2008 -1.1685 0.0000 0.00 0.00 1.00 0 0 0 127 0 0 0 0 0 091219 130033.983
2.2008 -1.1685 0.0000 0.00 0.00 1.00 0 0 0 127 0 0 0 0 0 091219 130034.183
2.2008 -1.1685 0.0000 0.00 0.00 1.00 0 0 0 127 0 0 0 0 0 091219 130034.383
2.2008 -1.1685 0.0000 0.00 0.00 1.00 0 0 0 127 0 0 0 0 0 091219 130034.584
2.2008 -1.1685 0.0000 0.00 0.00 1.00 0 0 0 127 0 0 0 0 0 091219 130034.784
2.2008 -1.1685 0.0000 0.00 0.00 1.00 0 0 0 127 0 0 0 0 0 091219 130034.984
2.2008 -1.1685 0.0000 0.00 0.00 1.00 0 0 0 127 0 0 0 0 0 091219 130035.185
2.2008 -1.1685 0.0000 0.00 0.00 1.00 0 0 0 127 0 0 0 0 0 091219 130035.385
2.2008 -1.1685 0.0000 0.00 0.00 1.00 0 0 0 127 0 0 0 0 0 091219 130035.586
2.2008 -1.1685 0.0000 0.00 0.00 1.00 0 0 0 127 0 0 0 0 0 091219 130035.786
2.2008 -1.1685 0.0000 0.00 0.00 1.00 0 0 0 127 0 0 0 0 0 091219 130035.986
2.2008 -1.1685 0.0000 0.00 0.00 1.00 0 0 0 127 0 0 0 0 0 091219 130036.187
2.2008 -1.1685 0.0000 0.00 0.00 1.00 0 0 0 127 0 0 0 0 0 091219 130036.387
2.2008 -1.1685 0.0000 0.00 0.00 1.00 0 0 0 127 0 0 0 0 0 091219 130036.587
2.2008 -1.1685 0.0000 0.00 0.00 1.00 0 0 0 127 0 0 0 0 0 091219 130036.787
2.2008 -1.1685 0.0000 0.00 0.00 1.00 0 0 0 127 0 0 0 0 0 091219 130036.988
2.2008 -1.1685 0.0000 0.00 0.00 1.00 0 0 0 127 0 0 0 0 0 091219 130037.188
2.2008 -1.1685 0.0000 0.00 0.00 1.00 0 0 0 127 0 0 0 0 0 091219 130037.388
2.2008 -1.1685 0.0000 0.00 0.00 1.00 0 0 0 127 0 0 0 0 0 091219 130037.589
2.2008 -1.1685 0.0000 0.00 0.00 1.00 0 0 0 127 0 0 0 0 0 091219 130037.789
2.2008 -1.1685 0.0000 0.00 0.00 1.00 0 0 0 127 0 0 0 0 0 091219 130037.990
2.2008 -1.1685 0.0000 0.00 0.00 1.00 0 0 0 127 0 0 0 0 0 091219 130038.190
2.2008 -1.1685 0.0000 0.00 0.00 1.00 0 0 0 127 0 0 0 0 0 091219 130038.390
2.2008 -1.1685 0.0000 0.00 0.00 1.00 0 0 0 127 0 0 0 0 0 091219 130038.591
2.2008 -1.1685 0.0000 0.00 0.00 1.00 0 0 0 127 0 0 0 0 0 091219 130038.791
2.2008 -1.1685 0.0000 0.00 0.00 1.00 0 0 0 127 0 0 0 0 0 091219 130038.991
2.2008 -1.1685 0.0000 0.00 0.00 1.00 0 0 0 127 0 0 0 0 0 091219 130039.192
2.2008 -1.1685 0.0000 0.00 0.00 1.00 0 0 0 127 0 0 0 0 0 091219 130039.392
2.2008 -1.1685 0.0000 0.00 0.00 1.00 0 0 0 127 0 0 0 0 0 091219 130039.592
2.2008 -1.1685 0.0000 0.00 0.00 1.00 0 0 0 127 0 0 0 0 0 091219 130039.793
2.2008 -1.1685 0.0000 0.00 0.00 1.00 0 0 0 127 0 0 0 0 0 091219 130039.993
2.2008 -1.1685 0.0000 0.00 0.00 1.00 0 0 0 127 0 0 0 0 0 091219 130040.193
2.2008 -1.1685 0.0000 0.00 0.00 1.00 0 0 0 127 0 0 0 0 0 091219 130040.394
2.2008 -1.1685 0.0000 0.00 0.00 1.00 0 0 0 127 0 0 0 0 0 091219 130040.594
2.2008 -1.1685 0.0000 0.00 0.00 1.00 0 0 0 127 0 0 0 0 0 091219 130040.794
2.2008 -1.1685 0.0000 0.00 0.00 1.00 0 0 0 127 0 0 0 0 0 091219 130040.995
2.2008 -1.1685 0.0000 0.00 0.00 1.00 0 0 0 127 0 0 0 0 0 091219 130041.195
2.2008 -1.1685 0.0000 0.00 0.00 1.00 0 0 0 127 0 0 0 0 0 091219 130041.396
2.2008 -1.1685 0.0000 0.00 0.00 1.00 0 0 0 127 0 0 0 0 0 091219 130041.596
2.2008 -1.1685 0.0000 0.00 0.00 1.00 0 0 0 127 0 0 0 0 0 091219 130041.796
2.2008 -1.1685 0.0000 0.00 0.00 1.00 0 0 0 127 0 0 0 0 0 091219 130041.997
2.2008 -1.1685 0.0000 0.00 0.00 1.00 0 0 0 127 0 0 0 0 0 091219 130042.197
2.2008 -1.1685 0.0000 0.00 0.00 1.00 0 0 0 127 0 0 0 0 0 091219 130042.397
2.2008 -1.1685 0.0000 0.00 0.00 1.00 0 0 0 127 0 0 0 0 0 091219 130042.598
2.2008 -1.1685 0.0000 0.00 0.00 1.00 0 0 0 127 0 0 0 0 0 091219 130042.798
2.2008 -1.1685 0.0000 0.00 0.00 1.00 0 0 0 127 0 0 0 0 0 091219 130042.998
2.2008 -1.1685 0.0000 0.00 0.00 1.00 0 0 0 127 0 0 0 0 0 091219 130043.199
2.2008 -1.1685 0.0000 0.00 0.00 1.00 0 0 0 127 0 0 0 0 0 091219 130043.399
2.2008 -1.1685 0.0000 0.00 0.00 1.00 0 0 0 127 0 0 0 0 0 091219 130043.599
2.2008 -1.1685 0.0000 0.00 0.00 1.00 0 0 0 127 0 0 0 0 0 091219 130043.800
2.2008 -1.1685 0.0000 0.00 0.00 1.00 0 0 0 127 0 0 0 0 0 091219 130044.000
2.2008 -1.1685 0.0000 0.00 0.00 1.00 0 0 0 127 0 0 0 0 0 091219 130044.200
2.2008 -1.1685 0.0000 0.00 0.00 1.00 0 0 0 127 0 0 0 0 0 091219 130044.401
2.2008 -1.1685 0.0000 0.00 0.00 1.00 0 0 0 127 0 0 0 0 0 091219 130044.601
2.2008 -1.1685 0.0000 0.00 0.00 1.00 0 0 0 127 0 0 0 0 0 091219 130044.801
2.2008 -1.1685 0.0000 0.00 0.00 1.00 0 0 0 127 0 0 0 0 0 091219 130045.002
2.2008 -1.1685 0.0000 0.00 0.00 1.00 0 0 0 127 0 0 0 0 0 091219 130045.202
2.2008 -1.1685 0.0000 0.00 0.00 1.00 0 0 0 127 0 0 0 0 0 091219 130045.402
2.2008 -1.1685 0.0000 0.00 0.00 1.00 0 0 0 127 0 0 0 0 0 091219 130045.603
2.2008 -1.1685 0.0000 0.00 0.00 1.00 0 0 0 127 0 0 0 0 0 091219 130045.803
2.2008 -1.1685 0.0000 0.00 0.00 1.00 0 0 0 127 0 0 0 0 0 091219 130046.003
2.2008 -1.1685 0.0000 0.00 0.00 1.00 0 0 0 127 0 0 0 0 0 091219 130046.204
2.2008 -1.1685 0.0000 0.00 0.00 1.00 0 0 0 127 0 0 0 0 0 091219 130046.404
2.2008 -1.1685 0.0000 0.00 0.00 1.00 0 0 0 127 0 0 0 0 0 091219 130046.604
2.2008 -1.1685 0.0000 0.00 0.00 1.00 0 255 127 112 1 0 0 0 0 091219 130046.805
2.2008 -1.1685 0.0000 0.00 0.00 1.00 0 255 127 112 1 0 0 0 0 091219 130047.005
2.2008 -1.1685 0.0000 0.00 0.00 1.00 0 255 127 112 1 0 0 0 0 091219 130047.205
2.2008 -1.1685 0.0000 0.00 0.00 1.00 0 255 127 112 1 0 0 0 0 091219 130047.405
2.2008 -1.1685 0.0000 0.00 0.00 1.00 0 255 127 112 1 0 0 0 0 091219 130047.606
2.2008 -1.1685 0.0000 0.00 0.00 1.00 0 255 127 112 1 0 0 0 0 091219 130047.806
2.2008 -1.1685 0.0000 0.00 0.00 1.00 0 255 127 112 1 0 0 0 0 091219 130048.006
2.2008 -1.1685 0.0000 0.00 0.00 1.00 0 255 127 112 1 0 0 0 0 091219 130048.207
2.2008 -1.1685 0.0000 0.00 0.00 1.00 0 255 127 112 1 0 0 0 0 091219 130048.407
2.2008 -1.1685 0.0000 0.00 0.00 1.00 0 255 127 112 1 0 0 0 0 091219 130048.607
2.2008 -1.1685 0.0000 0.00 0.00 1.00 0 255 127 112 1 0 0 0 0 091219 130048.808
2.2008 -1.1685 0.0000 0.00 0.00 1.00 0 255 127 112 1 0 0 0 0 091219 130049.008
2.2008 -1.1685 0.0000 0.00 0.00 1.00 0 255 127 112 1 0 0 0 0 091219 130049.208
2.2008 -1.1685 0.0000 0.00 0.00 1.00 0 255 127 112 1 0 0 0 0 091219 130049.409
2.2008 -1.1685 0.0000 0.00 0.00 1.00 0 255 127 112 1 0 0 0 0 091219 130049.609
2.2008 -1.1685 0.0000 0.00 0.00 1.00 0 255 127 112 1 0 0 0 0 091219 130049.809
2.2008 -1.1685 0.0000 0.00 0.00 1.00 0 0 0 127 0 0 0 0 0 091219 130050.010
2.2008 -1.1685 0.0000 0.00 0.00 1.00 0 0 0 127 0 0 0 0 0 091219 130050.210
2.2008 -1.1685 0.0000 0.00 0.00 1.00 0 0 0 127 0 0 0 0 0 091219 130050.410
2.2008 -1.1685 0.0000 0.00 0.00 1.00 0 0 0 127 0 0 0 0 0 091219 130050.611
2.2008 -1.1685 0.0000 0.00 0.00 1.00 0 0 0 127 0 0 0 0 0 091219 130050.811
2.2008 -1.1685 0.0000 0.00 0.00 1.00 0 0 0 127 0 0 0 0 0 091219 130051.011
2.2008 -1.1685 0.0000 0.00 0.00 1.00 0 0 0 127 0 0 0 0 0 091219 130051.212
2.2008 -1.1685 0.0000 0.00 0.00 1.00 0 0 0 127 0 0 0 0 0 091219 130051.412
2.2008 -1.1685 0.0000 0.00 0.00 1.00 0 0 0 127 0 0 0 0 0 091219 130051.612
2.2008 -1.1685 0.0000 0.00 0.00 1.00 0 0 0 127 0 0 0 0 0 091219 130051.813
2.2008 -1.1685 0.0000 0.00 0.00 1.00 0 0 0 127 0 0 0 0 0 091219 130052.013
2.2008 -1.1685 0.0000 0.00 0.00 1.00 0 0 0 127 0 0 0 0 0 091219 130052.213
2.2008 -1.1685 0.0000 0.00 0.00 1.00 0 0 0 127 0 0 0 0 0 091219 130052.414
2.2008 -1.1685 0.0000 0.00 0.00 1.00 0 0 0 127 0 0 0 0 0 091219 130052.614
2.2008 -1.1685 0.0000 0.00 0.00 1.00 0 0 0 127 0 0 0 0 0 091219 130052.814
2.2008 -1.1685 0.0000 0.00 0.00 1.00 0 0 0 127 0 0 0 0 0 091219 130053.015
2.2008 -1.1685 0.0000 0.00 0.00 1.00 0 0 0 127 0 0 0 0 0 091219 130053.215
2.2008 -1.1685 0.0000 0.00 0.00 1.00 0 0 0 127 0 0 0 0 0 091219 130053.415
2.2008 -1.1685 0.0000 0.00 0.00 1.00 0 0 0 127 0 0 0 0 0 091219 130053.616
2.2008 -1.1685 0.0000 0.00 0.00 1.00 0 0 0 127 0 0 0 0 0 091219 130053.816
2.2008 -1.1685 0.0000 0.00 0.00 1.00 0 0 0 127 0 0 0 0 0 091219 130054.016
2.2008 -1.1685 0.0000 0.00 0.00 1.00 0 0 0 127 0 0 0 0 0 091219 130054.217
2.2008 -1.1685 0.0000 0.00 0.00 1.00 0 0 0 127 0 0 0 0 0 091219 130054.417
2.2008 -1.1685 0.0000 0.00 0.00 1.00 0 0 0 127 0 0 0 0 0 091219 130054.617
2.2008 -1.1685 0.0000 0.00 0.00 1.00 0 0 0 127 0 0 0 0 0 091219 130054.817
2.2008 -1.1685 0.0000 0.00 0.00 1.00 0 0 0 127 0 0 0 0 0 091219 130055.018
2.2008 -1.1685 0.0000 0.00 0.00 1.00 0 0 0 127 0 0 0 0 0 091219 130055.218
2.2008 -1.1685 0.0000 0.00 0.00 1.00 0 0 0 127 0 0 0 0 0 091219 130055.418
2.2008 -1.1685 0.0000 0.00 0.00 1.00 0 0 0 127 0 0 0 0 0 091219 130055.618
2.2008 -1.1685 0.0000 0.00 0.00 1.00 0 0 0 127 0 0 0 0 0 091219 130055.819
2.2008 -1.1685 0.0000 0.00 0.00 1.00 0 0 0 127 0 0 0 0 0 091219 130056.019
2.2008 -1.1685 0.0000 0.00 0.00 1.00 0 0 0 127 0 0 0 0 0 091219 130056.220
2.2008 -1.1685 0.0000 0.00 0.00 1.00 0 0 0 127 0 0 0 0 0 091219 130056.420
2.2008 -1.1685 0.0000 0.00 0.00 1.00 0 0 0 127 0 0 0 0 0 091219 130056.620
2.2008 -1.1685 0.0000 0.00 0.00 1.00 0 0 0 127 0 0 0 0 0 091219 130056.821
2.2008 -1.1685 0.0000 0.00 0.00 1.00 0 0 0 127 0 0 0 0 0 091219 130057.021
2.2008 -1.1685 0.0000 0.00 0.00 1.00 0 0 0 127 0 0 0 0 0 091219 130057.221
2.2008 -1.1685 0.0000 0.00 0.00 1.00 0 0 0 127 0 0 0 0 0 091219 130057.422
2.2008 -1.1685 0.0000 0.00 0.00 1.00 0 0 0 127 0 0 0 0 0 091219 130057.622
2.2008 -1.1685 0.0000 0.00 0.00 1.00 0 0 0 127 0 0 0 0 0 091219 130057.822
2.2008 -1.1685 0.0000 0.00 0.00 1.00 0 0 0 127 0 0 0 0 0 091219 130058.023
2.2008 -1.1685 0.0000 0.00 0.00 1.00 0 0 0 127 0 0 0 0 0 091219 130058.223
2.2008 -1.1685 0.0000 0.00 0.00 1.00 0 0 0 127 0 0 0 0 0 091219 130058.424
2.2008 -1.1685 0.0000 0.00 0.00 1.00 0 0 0 127 0 0 0 0 0 091219 130058.624
2.2008 -1.1685 0.0000 0.00 0.00 1.00 0 0 0 127 0 0 0 0 0 091219 130058.824
2.2008 -1.1685 0.0000 0.00 0.00 1.00 0 0 0 127 0 0 0 0 0 091219 130059.025
2.2008 -1.1685 0.0000 0.00 0.00 1.00 0 0 0 127 0 0 0 0 0 091219 130059.225
2.2008 -1.1685 0.0000 0.00 0.00 1.00 0 0 0 127 0 0 0 0 0 091219 130059.425
2.2008 -1.1685 0.0000 0.00 0.00 1.00 0 0 0 127 0 0 0 0 0 091219 130059.626
2.2008 -1.1685 0.0000 0.00 0.00 1.00 0 0 0 127 0 0 0 0 0 091219 130059.826
2.2008 -1.1685 0.0000 0.00 0.00 1.00 0 0 0 127 0 0 0 0 0 091219 130100.026
2.2008 -1.1685 0.0000 0.00 0.00 1.00 0 0 0 127 0 0 0 0 0 091219 130100.227
2.2008 -1.1685 0.0000 0.00 0.00 1.00 0 0 0 127 0 0 0 0 0 091219 130100.427
2.2008 -1.1685 0.0000 0.00 0.00 1.00 0 0 0 127 0 0 0 0 0 091219 130100.627
2.2008 -1.1685 0.0000 0.00 0.00 1.00 0 0 0 127 0 0 0 0 0 091219 130100.828
2.2008 -1.1685 0.0000 0.00 0.00 1.00 0 0 0 127 0 0 0 0 0 091219 130101.028
2.2008 -1.1685 0.0000 0.00 0.00 1.00 0 0 0 127 0 0 0 0 0 091219 130101.228
2.2008 -1.1685 0.0000 0.00 0.00 1.00 0 0 0 127 0 0 0 0 0 091219 130101.429
2.2008 -1.1685 0.0000 0.00 0.00 1.00 0 0 0 127 0 0 0 0 0 091219 130101.629
2.2008 -1.1685 0.0000 0.00 0.00 1.00 0 0 0 127 0 0 0 0 0 091219 130101.830
2.2008 -1.1685 0.0000 0.00 0.00 1.00 0 0 0 127 0 0 0 0 0 091219 130102.030
2.2008 -1.1685 0.0000 0.00 0.00 1.00 0 0 0 127 0 0 0 0 0 091219 130102.230
2.2008 -1.1685 0.0000 0.00 0.00 1.00 0 0 0 127 0 0 0 0 0 091219 130102.431
2.2008 -1.1685 0.0000 0.00 0.00 1.00 0 0 0 127 0 0 0 0 0 091219 130102.631
2.2008 -1.1685 0.0000 0.00 0.00 1.00 0 0 0 127 0 0 0 0 0 091219 130102.831
2.2008 -1.1685 0.0000 0.00 0.00 1.00 0 0 0 127 0 0 0 0 0 091219 130103.032
2.2008 -1.1685 0.0000 0.00 0.00 1.00 0 0 0 127 0 0 0 0 0 091219 130103.232
2.2008 -1.1685 0.0000 0.00 0.00 1.00 0 0 0 127 0 0 0 0 0 091219 130103.432
2.2008 -1.1685 0.0000 0.00 0.00 1.00 0 0 0 127 0 0 0 0 0 091219 130103.633
2.2008 -1.1685 0.0000 0.00 0.00 1.00 0 0 0 127 0 0 0 0 0 091219 130103.833
2.2008 -1.1685 0.0000 0.00 0.00 1.00 0 0 0 127 0 0 0 0 0 091219 130104.033
2.2008 -1.1685 0.0000 0.00 0.00 1.00 0 0 0 127 0 0 0 0 0 091219 130104.234
2.2008 -1.1685 0.0000 0.00 0.00 1.00 0 0 0 127 0 0 0 0 0 091219 130104.434
2.2008 -1.1685 0.0000 0.00 0.00 1.00 0 0 0 127 0 0 0 0 0 091219 130104.635
2.2008 -1.1685 0.0000 0.00 0.00 1.00 0 0 0 127 0 0 0 0 0 091219 130104.835
2.2008 -1.1685 0.0000 0.00 0.00 1.00 0 0 0 127 0 0 0 0 0 091219 130105.035
2.2008 -1.1685 0.0000 0.00 0.00 1.00 0 0 0 127 0 0 0 0 0 091219 130105.236
2.2008 -1.1685 0.0000 0.00 0.00 1.00 0 0 0 127 0 0 0 0 0 091219 130105.436
2.2008 -1.1685 0.0000 0.00 0.00 1.00 0 0 0 127 0 0 0 0 0 091219 130105.636
2.2008 -1.1685 0.0000 0.00 0.00 1.00 0 0 0 127 0 0 0 0 0 091219 130105.837
2.2008 -1.1685 0.0000 0.00 0.00 1.00 0 0 0 127 0 0 0 0 0 091219 130106.037
2.2008 -1.1685 0.0000 0.00 0.00 1.00 0 0 0 127 0 0 0 0 0 091219 130106.237
2.2008 -1.1685 0.0000 0.00 0.00 1.00 0 0 0 127 0 0 0 0 0 091219 130106.438
2.2008 -1.1685 0.0000 0.00 0.00 1.00 0 0 0 127 0 0 0 0 0 091219 130106.638
2.2008 -1.1685 0.0000 0.00 0.00 1.00 0 0 0 127 0 0 0 0 0 091219 130106.839
2.2008 -1.1685 0.0000 0.00 0.00 1.00 0 0 0 127 0 0 0 0 0 091219 130107.039
2.2008 -1.1685 0.0000 0.00 0.00 1.00 0 0 0 127 0 0 0 0 0 091219 130107.239
2.2008 -1.1685 0.0000 0.00 0.00 1.00 0 0 0 127 0 0 0 0 0 091219 130107.439
2.2008 -1.1685 0.0000 0.00 0.00 1.00 0 0 0 127 0 0 0 0 0 091219 130107.640
2.2008 -1.1685 0.0000 0.00 0.00 1.00 0 0 0 127 0 0 0 0 0 091219 130107.840
2.2008 -1.1685 0.0000 0.00 0.00 1.00 0 0 0 127 0 0 0 0 0 091219 130108.040
2.2008 -1.1685 0.0000 0.00 0.00 1.00 0 0 0 127 0 0 0 0 0 091219 130108.241
2.2008 -1.1685 0.0000 0.00 0.00 1.00 0 0 0 127 0 0 0 0 0 091219 130108.441
2.2008 -1.1685 0.0000 0.00 0.00 1.00 0 0 0 127 0 0 0 0 0 091219 130108.642
2.2008 -1.1685 0.0000 0.00 0.00 1.00 0 0 0 127 0 0 0 0 0 091219 130108.842
2.2008 -1.1685 0.0000 0.00 0.00 1.00 0 0 0 127 0 0 0 0 0 091219 130109.042
2.2008 -1.1685 0.0000 0.00 0.00 1.00 0 0 0 127 0 0 0 0 0 091219 130109.243
2.2008 -1.1685 0.0000 0.00 0.00 1.00 0 0 0 127 0 0 0 0 0 091219 130109.443
2.2008 -1.1685 0.0000 0.00 0.00 1.00 0 0 0 127 0 0 0 0 0 091219 130109.643
2.2008 -1.1685 0.0000 0.00 0.00 1.00 0 0 0 127 0 0 0 0 0 091219 130109.844
2.2008 -1.1685 0.0000 0.00 0.00 1.00 0 0 0 127 0 0 0 0 0 091219 130110.044
2.2008 -1.1685 0.0000 0.00 0.00 1.00 0 0 0 127 0 0 0 0 0 091219 130110.244
2.2008 -1.1685 0.0000 0.00 0.00 1.00 0 0 0 127 0 0 0 0 0 091219 130110.445
2.2008 -1.1685 0.0000 0.00 0.00 1.00 0 0 0 127 0 0 0 0 0 091219 130110.645
2.2008 -1.1685 0.0000 0.00 0.00 1.00 0 0 0 127 0 0 0 0 0 091219 130110.845
2.2008 -1.1685 0.0000 0.00 0.00 1.00 0 0 0 127 0 0 0 0 0 091219 130111.046
2.2008 -1.1685 0.0000 0.00 0.00 1.00 0 0 0 127 0 0 0 0 0 091219 130111.246
2.2008 -1.1685 0.0000 0.00 0.00 1.00 0 0 0 127 0 0 0 0 0 091219 130111.446
2.2008 -1.1685 0.0000 0.00 0.00 1.00 0 0 0 127 0 0 0 0 0 091219 130111.647
2.2008 -1.1685 0.0000 0.00 0.00 1.00 0 0 0 127 0 0 0 0 0 091219 130111.847
2.2008 -1.1685 0.0000 0.00 0.00 1.00 0 0 0 127 0 0 0 0 0 091219 130112.048
2.2008 -1.1685 0.0000 0.00 0.00 1.00 0 0 0 127 0 0 0 0 0 091219 130112.248
2.2008 -1.1685 0.0000 0.00 0.00 1.00 0 0 0 127 0 0 0 0 0 091219 130112.448
2.2008 -1.1685 0.0000 0.00 0.00 1.00 0 0 0 127 0 0 0 0 0 091219 130112.649
2.2008 -1.1685 0.0000 0.00 0.00 1.00 0 0 0 127 0 0 0 0 0 091219 130112.849
2.2008 -1.1685 0.0000 0.00 0.00 1.00 0 0 0 127 0 0 0 0 0 091219 130113.049
2.2008 -1.1685 0.0000 0.00 0.00 1.00 0 0 0 127 0 0 0 0 0 091219 130113.250
2.2008 -1.1685 0.0000 0.00 0.00 1.00 0 0 0 127 0 0 0 0 0 091219 130113.450
2.2008 -1.1685 0.0000 0.00 0.00 1.00 0 0 0 127 0 0 0 0 0 091219 130113.650
2.2008 -1.1685 0.0000 0.00 0.00 1.00 0 0 0 127 0 0 0 0 0 091219 130113.851
2.2008 -1.1685 0.0000 0.00 0.00 1.00 0 0 0 127 0 0 0 0 0 091219 130114.051
2.2008 -1.1685 0.0000 0.00 0.00 1.00 0 0 0 127 0 0 0 0 0 091219 130114.251
2.2008 -1.1685 0.0000 0.00 0.00 1.00 0 0 0 127 0 0 0 0 0 091219 130114.452
2.2008 -1.1685 0.0000 0.00 0.00 1.00 0 0 0 127 0 0 0 0 0 091219 130114.652
2.2008 -1.1685 0.0000 0.00 0.00 1.00 0 0 0 127 0 0 0 0 0 091219 130114.852
2.2008 -1.1685 0.0000 0.00 0.00 1.00 0 0 0 127 0 0 0 0 0 091219 130115.053
2.2008 -1.1685 0.0000 0.00 0.00 1.00 0 0 0 127 0 0 0 0 0 091219 130115.253
2.2008 -1.1685 0.0000 0.00 0.00 1.00 0 0 0 127 0 0 0 0 0 091219 130115.453
2.2008 -1.1685 0.0000 0.00 0.00 1.00 0 0 0 127 0 0 0 0 0 091219 130115.654
2.2008 -1.1685 0.0000 0.00 0.00 1.00 0 0 0 127 0 0 0 0 0 091219 130115.854
2.2008 -1.1685 0.0000 0.00 0.00 1.00 0 0 0 127 0 0 0 0 0 091219 130116.054
2.2008 -1.1685 0.0000 0.00 0.00 1.00 0 0 0 127 0 0 0 0 0 091219 130116.255
2.2008 -1.1685 0.0000 0.00 0.00 1.00 0 0 0 127 0 0 0 0 0 091219 130116.455
2.2008 -1.1685 0.0000 0.00 0.00 1.00 0 0 0 127 0 0 0 0 0 091219 130116.655
2.2008 -1.1685 0.0000 0.00 0.00 1.00 0 0 0 127 0 0 0 0 0 091219 130116.856
2.2008 -1.1685 0.0000 0.00 0.00 1.00 0 0 0 127 0 0 0 0 0 091219 130117.056
2.2008 -1.1685 0.0000 0.00 0.00 1.00 0 0 0 127 0 0 0 0 0 091219 130117.256
2.2008 -1.1685 0.0000 0.00 0.00 1.00 0 0 0 127 0 0 0 0 0 091219 130117.457
2.2008 -1.1685 0.0000 0.00 0.00 1.00 0 0 0 127 0 0 0 0 0 091219 130117.657
2.2008 -1.1685 0.0000 0.00 0.00 1.00 0 0 0 127 0 0 0 0 0 091219 130117.857
2.2008 -1.1685 0.0000 0.00 0.00 1.00 0 0 0 127 0 0 0 0 0 091219 130118.058
2.2008 -1.1685 0.0000 0.00 0.00 1.00 0 0 0 127 0 0 0 0 0 091219 130118.258
2.2008 -1.1685 0.0000 0.00 0.00 1.00 0 0 0 127 0 0 0 0 0 091219 130118.459
2.2008 -1.1685 0.0000 0.00 0.00 1.00 0 0 0 127 0 0 0 0 0 091219 130118.659
2.2008 -1.1685 0.0000 0.00 0.00 1.00 0 0 0 127 0 0 0 0 0 091219 130118.859
2.2008 -1.1685 0.0000 0.00 0.00 1.00 0 0 0 127 0 0 0 0 0 091219 130119.060
2.2008 -1.1685 0.0000 0.00 0.00 1.00 0 0 0 127 0 0 0 0 0 091219 130119.260
2.2008 -1.1685 0.0000 0.00 0.00 1.00 0 0 0 127 0 0 0 0 0 091219 130119.460
2.2008 -1.1685 0.0000 0.00 0.00 1.00 0 0 0 127 0 0 0 0 0 091219 130119.661
2.2008 -1.1685 0.0000 0.00 0.00 1.00 0 0 0 127 0 0 0 0 0 091219 130119.861
2.2008 -1.1685 0.0000 0.00 0.00 1.00 0 0 0 127 0 0 0 0 0 091219 130120.061
2.2008 -1.1685 0.0000 0.00 0.00 1.00 0 0 0 127 0 0 0 0 0 091219 130120.262
2.2008 -1.1685 0.0000 0.00 0.00 1.00 0 0 0 127 0 0 0 0 0 091219 130120.462
2.2008 -1.1685 0.0000 0.00 0.00 1.00 0 0 0 127 0 0 0 0 0 091219 130120.662
2.2008 -1.1685 0.0000 0.00 0.00 1.00 0 0 0 127 0 0 0 0 0 091219 130120.862
2.2008 -1.1685 0.0000 0.00 0.00 1.00 0 0 0 127 0 0 0 0 0 091219 130121.063
2.2008 -1.1685 0.0000 0.00 0.00 1.00 0 0 0 127 0 0 0 0 0 091219 130121.263
2.2008 -1.1685 0.0000 0.00 0.00 1.00 0 0 0 127 0 0 0 0 0 091219 130121.463
2.2008 -1.1685 0.0000 0.00 0.00 1.00 0 0 0 127 0 0 0 0 0 091219 130121.663
2.2008 -1.1685 0.0000 0.00 0.00 1.00 0 0 0 127 0 0 0 0 0 091219 130121.864
2.2008 -1.1685 0.0000 0.00 0.00 1.00 0 0 0 127 0 0 0 0 0 091219 130122.064
2.2008 -1.1685 0.0000 0.00 0.00 1.00 0 0 0 127 0 0 0 0 0 091219 130122.264
2.2008 -1.1685 0.0000 0.00 0.00 1.00 0 0 0 127 0 0 0 0 0 091219 130122.464
2.2008 -1.1685 0.0000 0.00 0.00 1.00 0 0 0 127 0 0 0 0 0 091219 130122.664
2.2008 -1.1685 0.0000 0.00 0.00 1.00 0 0 0 127 0 0 0 0 0 091219 130122.865
2.2008 -1.1685 0.0000 0.00 0.00 1.00 0 0 0 127 0 0 0 0 0 091219 130123.065
2.2008 -1.1685 0.0000 0.00 0.00 1.00 0 0 0 127 0 0 0 0 0 091219 130123.265
2.2008 -1.1685 0.0000 0.00 0.00 1.00 0 0 0 127 0 0 0 0 0 091219 130123.465
2.2008 -1.1685 0.0000 0.00 0.00 1.00 0 0 0 127 0 0 0 0 0 091219 130123.666
2.2008 -1.1685 0.0000 0.00 0.00 1.00 0 0 0 127 0 0 0 0 0 091219 130123.866
2.2008 -1.1685 0.0000 0.00 0.00 1.00 0 0 0 127 0 0 0 0 0 091219 130124.066
2.2008 -1.1685 0.0000 0.00 0.00 1.00 0 0 0 127 0 0 0 0 0 091219 130124.266
2.2008 -1.1685 0.0000 0.00 0.00 1.00 0 0 0 127 0 0 0 0 0 091219 130124.467
2.2008 -1.1685 0.0000 0.00 0.00 1.00 0 0 0 127 0 0 0 0 0 091219 130124.667
2.2008 -1.1685 0.0000 0.00 0.00 1.00 0 0 0 127 0 0 0 0 0 091219 130124.867
2.2008 -1.1685 0.0000 0.00 0.00 1.00 0 0 0 127 0 0 0 0 0 091219 130125.068
2.2008 -1.1685 0.0000 0.00 0.00 1.00 0 0 0 127 0 0 0 0 0 091219 130125.268
2.2008 -1.1685 0.0000 0.00 0.00 1.00 0 0 0 127 0 0 0 0 0 091219 130125.469
2.2008 -1.1685 0.0000 0.00 0.00 1.00 0 0 0 127 0 0 0 0 0 091219 130125.669
2.2008 -1.1685 0.0000 0.00 0.00 1.00 0 0 0 127 0 0 0 0 0 091219 130125.869
2.2008 -1.1685 0.0000 0.00 0.00 1.00 0 0 0 127 0 0 0 0 0 091219 130126.070
2.2008 -1.1685 0.0000 0.00 0.00 1.00 0 0 0 127 0 0 0 0 0 091219 130126.270
2.2008 -1.1685 0.0000 0.00 0.00 1.00 0 0 0 127 0 0 0 0 0 091219 130126.470
2.2008 -1.1685 0.0000 0.00 0.00 1.00 0 0 0 127 0 0 0 0 0 091219 130126.671
2.2008 -1.1685 0.0000 0.00 0.00 1.00 0 0 0 127 0 0 0 0 0 091219 130126.871
2.2008 -1.1685 0.0000 0.00 0.00 1.00 0 0 0 127 0 0 0 0 0 091219 130127.072
2.2008 -1.1685 0.0000 0.00 0.00 1.00 0 0 0 127 0 0 0 0 0 091219 130127.272
2.2008 -1.1685 0.0000 0.00 0.00 1.00 0 0 0 127 0 0 0 0 0 091219 130127.472
2.2008 -1.1685 0.0000 0.00 0.00 1.00 0 0 0 127 0 0 0 0 0 091219 130127.673
2.2008 -1.1685 0.0000 0.00 0.00 1.00 0 0 0 127 0 0 0 0 0 091219 130127.873
2.2008 -1.1685 0.0000 0.00 0.00 1.00 0 0 0 127 0 0 0 0 0 091219 130128.073
2.2008 -1.1685 0.0000 0.00 0.00 1.00 0 0 0 127 0 0 0 0 0 091219 130128.274
2.2008 -1.1685 0.0000 0.00 0.00 1.00 0 0 0 127 0 0 0 0 0 091219 130128.474
2.2008 -1.1685 0.0000 0.00 0.00 1.00 0 0 0 127 0 0 0 0 0 091219 130128.674
2.2008 -1.1685 0.0000 0.00 0.00 1.00 0 0 0 127 0 0 0 0 0 091219 130128.875
2.2008 -1.1685 0.0000 0.00 0.00 1.00 0 0 0 127 0 0 0 0 0 091219 130129.075
2.2008 -1.1685 0.0000 0.00 0.00 1.00 0 0 0 127 0 0 0 0 0 091219 130129.276
2.2008 -1.1685 0.0000 0.00 0.00 1.00 0 0 0 127 0 0 0 0 0 091219 130129.476
2.2008 -1.1685 0.0000 0.00 0.00 1.00 0 0 0 127 0 0 0 0 0 091219 130129.676
2.2008 -1.1685 0.0000 0.00 0.00 1.00 0 0 0 127 0 0 0 0 0 091219 130129.877
2.2008 -1.1685 0.0000 0.00 0.00 1.00 0 0 0 127 0 0 0 0 0 091219 130130.077
2.2008 -1.1685 0.0000 0.00 0.00 1.00 0 0 0 127 0 0 0 0 0 091219 130130.278
2.2008 -1.1685 0.0000 0.00 0.00 1.00 0 0 0 127 0 0 0 0 0 091219 130130.478
2.2008 -1.1685 0.0000 0.00 0.00 1.00 0 0 0 127 0 0 0 0 0 091219 130130.679
2.2008 -1.1685 0.0000 0.00 0.00 1.00 0 0 0 127 0 0 0 0 0 091219 130130.879
2.2008 -1.1685 0.0000 0.00 0.00 1.00 0 0 0 127 0 0 0 0 0 091219 130131.079
2.2008 -1.1685 0.0000 0.00 0.00 1.00 0 0 0 127 0 0 0 0 0 091219 130131.279
2.2008 -1.1685 0.0000 0.00 0.00 1.00 0 0 0 127 0 0 0 0 0 091219 130131.479
2.2008 -1.1685 0.0000 0.00 0.00 1.00 0 0 0 127 0 0 0 0 0 091219 130131.680
2.2008 -1.1685 0.0000 0.00 0.00 1.00 0 0 0 127 0 0 0 0 0 091219 130131.880
2.2008 -1.1685 0.0000 0.00 0.00 1.00 0 0 0 127 0 0 0 0 0 091219 130132.080
2.2008 -1.1685 0.0000 0.00 0.00 1.00 0 0 0 127 0 0 0 0 0 091219 130132.281
2.2008 -1.1685 0.0000 0.00 0.00 1.00 0 0 0 127 0 0 0 0 0 091219 130132.481
2.2008 -1.1685 0.0000 0.00 0.00 1.00 0 0 0 127 0 0 0 0 0 091219 130132.682
2.2008 -1.1685 0.0000 0.00 0.00 1.00 0 0 0 127 0 0 0 0 0 091219 130132.882
2.2008 -1.1685 0.0000 0.00 0.00 1.00 0 0 0 127 0 0 0 0 0 091219 130133.082
2.2008 -1.1685 0.0000 0.00 0.00 1.00 0 0 0 127 0 0 0 0 0 091219 130133.283
2.2008 -1.1685 0.0000 0.00 0.00 1.00 0 0 0 127 0 0 0 0 0 091219 130133.483
2.2008 -1.1685 0.0000 0.00 0.00 1.00 0 0 0 127 0 0 0 0 0 091219 130133.683
2.2008 -1.1685 0.0000 0.00 0.00 1.00 0 0 0 127 0 0 0 0 0 091219 130133.884
2.2008 -1.1685 0.0000 0.00 0.00 1.00 0 0 0 127 0 0 0 0 0 091219 130134.084
2.2008 -1.1685 0.0000 0.00 0.00 1.00 0 0 0 127 0 0 0 0 0 091219 130134.285
2.2008 -1.1685 0.0000 0.00 0.00 1.00 0 0 0 127 0 0 0 0 0 091219 130134.485
2.2008 -1.1685 0.0000 0.00 0.00 1.00 0 0 0 127 0 0 0 0 0 091219 130134.685
2.2008 -1.1685 0.0000 0.00 0.00 1.00 0 0 0 127 0 0 0 0 0 091219 130134.886
2.2008 -1.1685 0.0000 0.00 0.00 1.00 0 0 0 127 0 0 0 0 0 091219 130135.086
2.2008 -1.1685 0.0000 0.00 0.00 1.00 0 0 0 127 0 0 0 0 0 091219 130135.286
2.2008 -1.1685 0.0000 0.00 0.00 1.00 0 0 0 127 0 0 0 0 0 091219 130135.486
2.2008 -1.1685 0.0000 0.00 0.00 1.00 0 0 0 127 0 0 0 0 0 091219 130135.687
2.2008 -1.1685 0.0000 0.00 0.00 1.00 0 0 0 127 0 0 0 0 0 091219 130135.887
2.2008 -1.1685 0.0000 0.00 0.00 1.00 0 0 0 127 0 0 0 0 0 091219 130136.087
2.2008 -1.1685 0.0000 0.00 0.00 1.00 0 0 0 127 0 0 0 0 0 091219 130136.288
2.2008 -1.1685 0.0000 0.00 0.00 1.00 0 0 0 127 0 0 0 0 0 091219 130136.488
2.2008 -1.1685 0.0000 0.00 0.00 1.00 0 0 0 127 0 0 0 0 0 091219 130136.688
2.2008 -1.1685 0.0000 0.00 0.00 1.00 0 0 0 127 0 0 0 0 0 091219 130136.888
2.2008 -1.1685 0.0000 0.00 0.00 1.00 0 0 0 127 0 0 0 0 0 091219 130137.088
2.2008 -1.1685 0.0000 0.00 0.00 1.00 0 0 0 127 0 0 0 0 0 091219 130137.289
2.2008 -1.1685 0.0000 0.00 0.00 1.00 0 0 0 127 0 0 0 0 0 091219 130137.489
2.2008 -1.1685 0.0000 0.00 0.00 1.00 0 0 0 127 0 0 0 0 0 091219 130137.689
2.2008 -1.1685 0.0000 0.00 0.00 1.00 0 0 0 127 0 0 0 0 0 091219 130137.889
2.2008 -1.1685 0.0000 0.00 0.00 1.00 0 0 0 127 0 0 0 0 0 091219 130138.089
2.2008 -1.1685 0.0000 0.00 0.00 1.00 0 0 0 127 0 0 0 0 0 091219 130138.290
2.2008 -1.1685 0.0000 0.00 0.00 1.00 0 0 0 127 0 0 0 0 0 091219 130138.490
2.2008 -1.1685 0.0000 0.00 0.00 1.00 0 0 0 127 0 0 0 0 0 091219 130138.690
2.2008 -1.1685 0.0000 0.00 0.00 1.00 0 0 0 127 0 0 0 0 0 091219 130138.890
2.2008 -1.1685 0.0000 0.00 0.00 1.00 0 0 0 127 0 0 0 0 0 091219 130139.090
2.2008 -1.1685 0.0000 0.00 0.00 1.00 0 0 0 127 0 0 0 0 0 091219 130139.291
2.2008 -1.1685 0.0000 0.00 0.00 1.00 0 0 0 127 0 0 0 0 0 091219 130139.491
2.2008 -1.1685 0.0000 0.00 0.00 1.00 0 0 0 127 0 0 0 0 0 091219 130139.691
2.2008 -1.1685 0.0000 0.00 0.00 1.00 0 0 0 127 0 0 0 0 0 091219 130139.891
2.2008 -1.1685 0.0000 0.00 0.00 1.00 0 0 0 127 0 0 0 0 0 091219 130140.091
2.2008 -1.1685 0.0000 0.00 0.00 1.00 0 0 0 127 0 0 0 0 0 091219 130140.291
2.2008 -1.1685 0.0000 0.00 0.00 1.00 0 0 0 127 0 0 0 0 0 091219 130140.491
2.2008 -1.1685 0.0000 0.00 0.00 1.00 0 0 0 127 0 0 0 0 0 091219 130140.692
2.2008 -1.1685 0.0000 0.00 0.00 1.00 0 0 0 127 0 0 0 0 0 091219 130140.892
2.2008 -1.1685 0.0000 0.00 0.00 1.00 0 0 0 127 0 0 0 0 0 091219 130141.092
2.2008 -1.1685 0.0000 0.00 0.00 1.00 0 0 0 127 0 0 0 0 0 091219 130141.292
2.2008 -1.1685 0.0000 0.00 0.00 1.00 0 0 0 127 0 0 0 0 0 091219 130141.493
2.2008 -1.1685 0.0000 0.00 0.00 1.00 0 0 0 127 0 0 0 0 0 091219 130141.693
2.2008 -1.1685 0.0000 0.00 0.00 1.00 0 0 0 127 0 0 0 0 0 091219 130141.893
2.2008 -1.1685 0.0000 0.00 0.00 1.00 0 0 0 127 0 0 0 0 0 091219 130142.093
2.2008 -1.1685 0.0000 0.00 0.00 1.00 0 0 0 127 0 0 0 0 0 091219 130142.294
2.2008 -1.1685 0.0000 0.00 0.00 1.00 0 0 0 127 0 0 0 0 0 091219 130142.494
2.2008 -1.1685 0.0000 0.00 0.00 1.00 0 0 0 127 0 0 0 0 0 091219 130142.694
2.2008 -1.1685 0.0000 0.00 0.00 1.00 0 0 0 127 0 0 0 0 0 091219 130142.894
2.2008 -1.1685 0.0000 0.00 0.00 1.00 0 0 0 127 0 0 0 0 0 091219 130143.095
2.2008 -1.1685 0.0000 0.00 0.00 1.00 0 0 0 127 0 0 0 0 0 091219 130143.295
2.2008 -1.1685 0.0000 0.00 0.00 1.00 0 0 0 127 0 0 0 0 0 091219 130143.495
2.2008 -1.1685 0.0000 0.00 0.00 1.00 0 0 0 127 0 0 0 0 0 091219 130143.696
2.2008 -1.1685 0.0000 0.00 0.00 1.00 0 0 0 127 0 0 0 0 0 091219 130143.896
2.2008 -1.1685 0.0000 0.00 0.00 1.00 0 0 0 127 0 0 0 0 0 091219 130144.096
2.2008 -1.1685 0.0000 0.00 0.00 1.00 0 0 0 127 0 0 0 0 0 091219 130144.297
2.2008 -1.1685 0.0000 0.00 0.00 1.00 0 0 0 127 0 0 0 0 0 091219 130144.497
2.2008 -1.1685 0.0000 0.00 0.00 1.00 0 0 0 127 0 0 0 0 0 091219 130144.697
2.2008 -1.1685 0.0000 0.00 0.00 1.00 0 0 0 127 0 0 0 0 0 091219 130144.897
2.2008 -1.1685 0.0000 0.00 0.00 1.00 0 0 0 127 0 0 0 0 0 091219 130145.098
2.2008 -1.1685 0.0000 0.00 0.00 1.00 0 0 0 127 0 0 0 0 0 091219 130145.298
2.2008 -1.1685 0.0000 0.00 0.00 1.00 0 0 0 127 0 0 0 0 0 091219 130145.498
2.2008 -1.1685 0.0000 0.00 0.00 1.00 0 0 0 127 0 0 0 0 0 091219 130145.698
2.2008 -1.1685 0.0000 0.00 0.00 1.00 0 0 0 127 0 0 0 0 0 091219 130145.898
2.2008 -1.1685 0.0000 0.00 0.00 1.00 0 0 0 127 0 0 0 0 0 091219 130146.098
2.2008 -1.1685 0.0000 0.00 0.00 1.00 0 0 0 127 0 0 0 0 0 091219 130146.299
2.2008 -1.1685 0.0000 0.00 0.00 1.00 0 0 0 127 0 0 0 0 0 091219 130146.499
2.2008 -1.1685 0.0000 0.00 0.00 1.00 0 0 0 127 0 0 0 0 0 091219 130146.699
2.2008 -1.1685 0.0000 0.00 0.00 1.00 0 0 0 127 0 0 0 0 0 091219 130146.899
2.2008 -1.1685 0.0000 0.00 0.00 1.00 0 0 0 127 0 0 0 0 0 091219 130147.100
2.2008 -1.1685 0.0000 0.00 0.00 1.00 0 0 0 127 0 0 0 0 0 091219 130147.300
2.2008 -1.1685 0.0000 0.00 0.00 1.00 0 0 0 127 0 0 0 0 0 091219 130147.500
2.2008 -1.1685 0.0000 0.00 0.00 1.00 0 0 0 127 0 0 0 0 0 091219 130147.700
2.2008 -1.1685 0.0000 0.00 0.00 1.00 0 0 0 127 0 0 0 0 0 091219 130147.901
2.2008 -1.1685 0.0000 0.00 0.00 1.00 0 0 0 127 0 0 0 0 0 091219 130148.101
2.2008 -1.1685 0.0000 0.00 0.00 1.00 0 0 0 127 0 0 0 0 0 091219 130148.301
2.2008 -1.1685 0.0000 0.00 0.00 1.00 0 0 0 127 0 0 0 0 0 091219 130148.501
2.2008 -1.1685 0.0000 0.00 0.00 1.00 0 0 0 127 0 0 0 0 0 091219 130148.702
2.2008 -1.1685 0.0000 0.00 0.00 1.00 0 0 0 127 0 0 0 0 0 091219 130148.902
2.2008 -1.1685 0.0000 0.00 0.00 1.00 0 0 0 127 0 0 0 0 0 091219 130149.102
2.2008 -1.1685 0.0000 0.00 0.00 1.00 0 0 0 127 0 0 0 0 0 091219 130149.302
2.2008 -1.1685 0.0000 0.00 0.00 1.00 0 0 0 127 0 0 0 0 0 091219 130149.503
2.2008 -1.1685 0.0000 0.00 0.00 1.00 0 0 0 127 0 0 0 0 0 091219 130149.703
2.2008 -1.1685 0.0000 0.00 0.00 1.00 0 0 0 127 0 0 0 0 0 091219 130149.903
2.2008 -1.1685 0.0000 0.00 0.00 1.00 0 0 0 127 0 0 0 0 0 091219 130150.103
2.2008 -1.1685 0.0000 0.00 0.00 1.00 0 0 0 127 0 0 0 0 0 091219 130150.304
2.2008 -1.1685 0.0000 0.00 0.00 1.00 0 0 0 127 0 0 0 0 0 091219 130150.504
2.2008 -1.1685 0.0000 0.00 0.00 1.00 0 0 0 127 0 0 0 0 0 091219 130150.704
2.2008 -1.1685 0.0000 0.00 0.00 1.00 0 0 0 127 0 0 0 0 0 091219 130150.904
2.2008 -1.1685 0.0000 0.00 0.00 1.00 0 0 0 127 0 0 0 0 0 091219 130151.105
2.2008 -1.1685 0.0000 0.00 0.00 1.00 0 0 0 127 0 0 0 0 0 091219 130151.305
2.2008 -1.1685 0.0000 0.00 0.00 1.00 0 0 0 127 0 0 0 0 0 091219 130151.505
2.2008 -1.1685 0.0000 0.00 0.00 1.00 0 0 0 127 0 0 0 0 0 091219 130151.705
2.2008 -1.1685 0.0000 0.00 0.00 1.00 0 0 0 127 0 0 0 0 0 091219 130151.905
2.2008 -1.1685 0.0000 0.00 0.00 1.00 0 0 0 127 0 0 0 0 0 091219 130152.106
2.2008 -1.1685 0.0000 0.00 0.00 1.00 0 0 0 127 0 0 0 0 0 091219 130152.306
2.2008 -1.1685 0.0000 0.00 0.00 1.00 0 0 0 127 0 0 0 0 0 091219 130152.506
2.2008 -1.1685 0.0000 0.00 0.00 1.00 0 0 0 127 0 0 0 0 0 091219 130152.706
2.2008 -1.1685 0.0000 0.00 0.00 1.00 0 0 0 127 0 0 0 0 0 091219 130152.906
2.2008 -1.1685 0.0000 0.00 0.00 1.00 0 0 0 127 0 0 0 0 0 091219 130153.106
2.2008 -1.1685 0.0000 0.00 0.00 1.00 0 0 0 127 0 0 0 0 0 091219 130153.307
2.2008 -1.1685 0.0000 0.00 0.00 1.00 0 0 0 127 0 0 0 0 0 091219 130153.507
2.2008 -1.1685 0.0000 0.00 0.00 1.00 0 0 0 127 0 0 0 0 0 091219 130153.707
2.2008 -1.1685 0.0000 0.00 0.00 1.00 0 0 0 127 0 0 0 0 0 091219 130153.907
2.2008 -1.1685 0.0000 0.00 0.00 1.00 0 0 0 127 0 0 0 0 0 091219 130154.107
2.2008 -1.1685 0.0000 0.00 0.00 1.00 0 0 0 127 0 0 0 0 0 091219 130154.308
2.2008 -1.1685 0.0000 0.00 0.00 1.00 0 0 0 127 0 0 0 0 0 091219 130154.508
2.2008 -1.1685 0.0000 0.00 0.00 1.00 0 0 0 127 0 0 0 0 0 091219 130154.708
2.2008 -1.1685 0.0000 0.00 0.00 1.00 0 0 0 127 0 0 0 0 0 091219 130154.908
2.2008 -1.1685 0.0000 0.00 0.00 1.00 0 0 0 127 0 0 0 0 0 091219 130155.108
2.2008 -1.1685 0.0000 0.00 0.00 1.00 0 0 0 127 0 0 0 0 0 091219 130155.308
2.2008 -1.1685 0.0000 0.00 0.00 1.00 0 0 0 127 0 0 0 0 0 091219 130155.509
2.2008 -1.1685 0.0000 0.00 0.00 1.00 0 0 0 127 0 0 0 0 0 091219 130155.709
2.2008 -1.1685 0.0000 0.00 0.00 1.00 0 0 0 127 0 0 0 0 0 091219 130155.909
2.2008 -1.1685 0.0000 0.00 0.00 1.00 0 0 0 127 0 0 0 0 0 091219 130156.109
2.2008 -1.1685 0.0000 0.00 0.00 1.00 0 0 0 127 0 0 0 0 0 091219 130156.310
2.2008 -1.1685 0.0000 0.00 0.00 1.00 0 0 0 127 0 0 0 0 0 091219 130156.510
2.2008 -1.1685 0.0000 0.00 0.00 1.00 0 0 0 127 0 0 0 0 0 091219 130156.710
2.2008 -1.1685 0.0000 0.00 0.00 1.00 0 0 0 127 0 0 0 0 0 091219 130156.910
2.2008 -1.1685 0.0000 0.00 0.00 1.00 0 0 0 127 0 0 0 0 0 091219 130157.111
2.2008 -1.1685 0.0000 0.00 0.00 1.00 0 0 0 127 0 0 0 0 0 091219 130157.311
2.2008 -1.1685 0.0000 0.00 0.00 1.00 0 0 0 127 0 0 0 0 0 091219 130157.511
2.2008 -1.1685 0.0000 0.00 0.00 1.00 0 0 0 127 0 0 0 0 0 091219 130157.711
2.2008 -1.1685 0.0000 0.00 0.00 1.00 0 0 0 127 0 0 0 0 0 091219 130157.911
2.2008 -1.1685 0.0000 0.00 0.00 1.00 0 0 0 127 0 0 0 0 0 091219 130158.111
2.2008 -1.1685 0.0000 0.00 0.00 1.00 0 0 0 127 0 0 0 0 0 091219 130158.312
2.2008 -1.1685 0.0000 0.00 0.00 1.00 0 0 0 127 0 0 0 0 0 091219 130158.512
2.2008 -1.1685 0.0000 0.00 0.00 1.00 0 0 0 127 0 0 0 0 0 091219 130158.712
2.2008 -1.1685 0.0000 0.00 0.00 1.00 0 0 0 127 0 0 0 0 0 091219 130158.912
2.2008 -1.1685 0.0000 0.00 0.00 1.00 0 0 0 127 0 0 0 0 0 091219 130159.113
2.2008 -1.1685 0.0000 0.00 0.00 1.00 0 0 0 127 0 0 0 0 0 091219 130159.313
2.2008 -1.1685 0.0000 0.00 0.00 1.00 0 0 0 127 0 0 0 0 0 091219 130159.513
2.2008 -1.1685 0.0000 0.00 0.00 1.00 0 0 0 127 0 0 0 0 0 091219 130159.714
2.2008 -1.1685 0.0000 0.00 0.00 1.00 0 0 0 127 0 0 0 0 0 091219 130159.914
2.2008 -1.1685 0.0000 0.00 0.00 1.00 0 0 0 127 0 0 0 0 0 091219 130200.114
2.2008 -1.1685 0.0000 0.00 0.00 1.00 0 0 0 127 0 0 0 0 0 091219 130200.314
2.2008 -1.1685 0.0000 0.00 0.00 1.00 0 0 0 127 0 0 0 0 0 091219 130200.515
2.2008 -1.1685 0.0000 0.00 0.00 1.00 0 0 0 127 0 0 0 0 0 091219 130200.715
2.2008 -1.1685 0.0000 0.00 0.00 1.00 0 0 0 127 0 0 0 0 0 091219 130200.915
2.2008 -1.1685 0.0000 0.00 0.00 1.00 0 0 0 127 0 0 0 0 0 091219 130201.115
2.2008 -1.1685 0.0000 0.00 0.00 1.00 0 0 0 127 0 0 0 0 0 091219 130201.315
2.2008 -1.1685 0.0000 0.00 0.00 1.00 0 0 0 127 0 0 0 0 0 091219 130201.515
2.2008 -1.1685 0.0000 0.00 0.00 1.00 0 0 0 127 0 0 0 0 0 091219 130201.716
2.2008 -1.1685 0.0000 0.00 0.00 1.00 0 0 0 127 0 0 0 0 0 091219 130201.916
2.2008 -1.1685 0.0000 0.00 0.00 1.00 0 0 0 127 0 0 0 0 0 091219 130202.116
2.2008 -1.1685 0.0000 0.00 0.00 1.00 0 0 0 127 0 0 0 0 0 091219 130202.316
2.2008 -1.1685 0.0000 0.00 0.00 1.00 0 0 0 127 0 0 0 0 0 091219 130202.517
2.2008 -1.1685 0.0000 0.00 0.00 1.00 0 0 0 127 0 0 0 0 0 091219 130202.717
2.2008 -1.1685 0.0000 0.00 0.00 1.00 0 0 0 127 0 0 0 0 0 091219 130202.917
2.2008 -1.1685 0.0000 0.00 0.00 1.00 0 0 0 127 0 0 0 0 0 091219 130203.117
2.2008 -1.1685 0.0000 0.00 0.00 1.00 0 0 0 127 0 0 0 0 0 091219 130203.317
2.2008 -1.1685 0.0000 0.00 0.00 1.00 0 0 0 127 0 0 0 0 0 091219 130203.518
2.2008 -1.1685 0.0000 0.00 0.00 1.00 0 0 0 127 0 0 0 0 0 091219 130203.718
2.2008 -1.1685 0.0000 0.00 0.00 1.00 0 0 0 127 0 0 0 0 0 091219 130203.918
2.2008 -1.1685 0.0000 0.00 0.00 1.00 0 0 0 127 0 0 0 0 0 091219 130204.118
2.2008 -1.1685 0.0000 0.00 0.00 1.00 0 0 0 127 0 0 0 0 0 091219 130204.319
2.2008 -1.1685 0.0000 0.00 0.00 1.00 0 0 0 127 0 0 0 0 0 091219 130204.519
2.2008 -1.1685 0.0000 0.00 0.00 1.00 0 0 0 127 0 0 0 0 0 091219 130204.719
2.2008 -1.1685 0.0000 0.00 0.00 1.00 0 0 0 127 0 0 0 0 0 091219 130204.919
2.2008 -1.1685 0.0000 0.00 0.00 1.00 0 0 0 127 0 0 0 0 0 091219 130205.119
2.2008 -1.1685 0.0000 0.00 0.00 1.00 0 0 0 127 0 0 0 0 0 091219 130205.320
2.2008 -1.1685 0.0000 0.00 0.00 1.00 0 0 0 127 0 0 0 0 0 091219 130205.520
2.2008 -1.1685 0.0000 0.00 0.00 1.00 0 0 0 127 0 0 0 0 0 091219 130205.720
2.2008 -1.1685 0.0000 0.00 0.00 1.00 0 0 0 127 0 0 0 0 0 091219 130205.920
2.2008 -1.1685 0.0000 0.00 0.00 1.00 0 0 0 127 0 0 0 0 0 091219 130206.121
2.2008 -1.1685 0.0000 0.00 0.00 1.00 0 0 0 127 0 0 0 0 0 091219 130206.321
2.2008 -1.1685 0.0000 0.00 0.00 1.00 0 0 0 127 0 0 0 0 0 091219 130206.521
2.2008 -1.1685 0.0000 0.00 0.00 1.00 0 0 0 127 0 0 0 0 0 091219 130206.721
2.2008 -1.1685 0.0000 0.00 0.00 1.00 0 0 0 127 0 0 0 0 0 091219 130206.921
2.2008 -1.1685 0.0000 0.00 0.00 1.00 0 0 0 127 0 0 0 0 0 091219 130207.122
2.2008 -1.1685 0.0000 0.00 0.00 1.00 0 0 0 127 0 0 0 0 0 091219 130207.322
2.2008 -1.1685 0.0000 0.00 0.00 1.00 0 0 0 127 0 0 0 0 0 091219 130207.522
2.2008 -1.1685 0.0000 0.00 0.00 1.00 0 0 0 127 0 0 0 0 0 091219 130207.723
2.2008 -1.1685 0.0000 0.00 0.00 1.00 0 0 0 127 0 0 0 0 0 091219 130207.923
2.2008 -1.1685 0.0000 0.00 0.00 1.00 0 0 0 127 0 0 0 0 0 091219 130208.123
2.2008 -1.1685 0.0000 0.00 0.00 1.00 0 0 0 127 0 0 0 0 0 091219 130208.324
2.2008 -1.1685 0.0000 0.00 0.00 1.00 0 0 0 127 0 0 0 0 0 091219 130208.524
2.2008 -1.1685 0.0000 0.00 0.00 1.00 0 0 0 127 0 0 0 0 0 091219 130208.724
2.2008 -1.1685 0.0000 0.00 0.00 1.00 0 0 0 127 0 0 0 0 0 091219 130208.924
2.2008 -1.1685 0.0000 0.00 0.00 1.00 0 0 0 127 0 0 0 0 0 091219 130209.124
2.2008 -1.1685 0.0000 0.00 0.00 1.00 0 0 0 127 0 0 0 0 0 091219 130209.325
2.2008 -1.1685 0.0000 0.00 0.00 1.00 0 0 0 127 0 0 0 0 0 091219 130209.525
2.2008 -1.1685 0.0000 0.00 0.00 1.00 0 0 0 127 0 0 0 0 0 091219 130209.725
2.2008 -1.1685 0.0000 0.00 0.00 1.00 0 0 0 127 0 0 0 0 0 091219 130209.925
2.2008 -1.1685 0.0000 0.00 0.00 1.00 0 0 0 127 0 0 0 0 0 091219 130210.125
2.2008 -1.1685 0.0000 0.00 0.00 1.00 0 0 0 127 0 0 0 0 0 091219 130210.326
2.2008 -1.1685 0.0000 0.00 0.00 1.00 0 0 0 127 0 0 0 0 0 091219 130210.526
2.2008 -1.1685 0.0000 0.00 0.00 1.00 0 0 0 127 0 0 0 0 0 091219 130210.726
2.2008 -1.1685 0.0000 0.00 0.00 1.00 0 0 0 127 0 0 0 0 0 091219 130210.927
2.2008 -1.1685 0.0000 0.00 0.00 1.00 0 0 0 127 0 0 0 0 0 091219 130211.127
2.2008 -1.1685 0.0000 0.00 0.00 1.00 0 0 0 127 0 0 0 0 0 091219 130211.327
2.2008 -1.1685 0.0000 0.00 0.00 1.00 0 0 0 127 0 0 0 0 0 091219 130211.527
2.2008 -1.1685 0.0000 0.00 0.00 1.00 0 0 0 127 0 0 0 0 0 091219 130211.727
2.2008 -1.1685 0.0000 0.00 0.00 1.00 0 0 0 127 0 0 0 0 0 091219 130211.928
2.2008 -1.1685 0.0000 0.00 0.00 1.00 0 0 0 127 0 0 0 0 0 091219 130212.128
2.2008 -1.1685 0.0000 0.00 0.00 1.00 0 0 0 127 0 0 0 0 0 091219 130212.328
2.2008 -1.1685 0.0000 0.00 0.00 1.00 0 0 0 127 0 0 0 0 0 091219 130212.528
2.2008 -1.1685 0.0000 0.00 0.00 1.00 0 0 0 127 0 0 0 0 0 091219 130212.728
2.2008 -1.1685 0.0000 0.00 0.00 1.00 0 0 0 127 0 0 0 0 0 091219 130212.928
2.2008 -1.1685 0.0000 0.00 0.00 1.00 0 0 0 127 0 0 0 0 0 091219 130213.129
2.2008 -1.1685 0.0000 0.00 0.00 1.00 0 0 0 127 0 0 0 0 0 091219 130213.329
2.2008 -1.1685 0.0000 0.00 0.00 1.00 0 0 0 127 0 0 0 0 0 091219 130213.529
2.2008 -1.1685 0.0000 0.00 0.00 1.00 0 0 0 127 0 0 0 0 0 091219 130213.729
2.2008 -1.1685 0.0000 0.00 0.00 1.00 0 0 0 127 0 0 0 0 0 091219 130213.930
2.2008 -1.1685 0.0000 0.00 0.00 1.00 0 0 0 127 0 0 0 0 0 091219 130214.130
2.2008 -1.1685 0.0000 0.00 0.00 1.00 0 0 0 127 0 0 0 0 0 091219 130214.330
2.2008 -1.1685 0.0000 0.00 0.00 1.00 0 0 0 127 0 0 0 0 0 091219 130214.530
2.2008 -1.1685 0.0000 0.00 0.00 1.00 0 0 0 127 0 0 0 0 0 091219 130214.730
2.2008 -1.1685 0.0000 0.00 0.00 1.00 0 0 0 127 0 0 0 0 0 091219 130214.931
2.2008 -1.1685 0.0000 0.00 0.00 1.00 0 0 0 127 0 0 0 0 0 091219 130215.131
2.2008 -1.1685 0.0000 0.00 0.00 1.00 0 0 0 127 0 0 0 0 0 091219 130215.331
2.2008 -1.1685 0.0000 0.00 0.00 1.00 0 0 0 127 0 0 0 0 0 091219 130215.531
2.2008 -1.1685 0.0000 0.00 0.00 1.00 0 0 0 127 0 0 0 0 0 091219 130215.731
2.2008 -1.1685 0.0000 0.00 0.00 1.00 0 0 0 127 0 0 0 0 0 091219 130215.931
2.2008 -1.1685 0.0000 0.00 0.00 1.00 0 0 0 127 0 0 0 0 0 091219 130216.131
2.2008 -1.1685 0.0000 0.00 0.00 1.00 0 0 0 127 0 0 0 0 0 091219 130216.332
2.2008 -1.1685 0.0000 0.00 0.00 1.00 0 0 0 127 0 0 0 0 0 091219 130216.532
2.2008 -1.1685 0.0000 0.00 0.00 1.00 0 0 0 127 0 0 0 0 0 091219 130216.732
2.2008 -1.1685 0.0000 0.00 0.00 1.00 0 0 0 127 0 0 0 0 0 091219 130216.932
2.2008 -1.1685 0.0000 0.00 0.00 1.00 0 0 0 127 0 0 0 0 0 091219 130217.133
2.2008 -1.1685 0.0000 0.00 0.00 1.00 0 0 0 127 0 0 0 0 0 091219 130217.333
2.2008 -1.1685 0.0000 0.00 0.00 1.00 0 0 0 127 0 0 0 0 0 091219 130217.533
2.2008 -1.1685 0.0000 0.00 0.00 1.00 0 0 0 127 0 0 0 0 0 091219 130217.733
2.2008 -1.1685 0.0000 0.00 0.00 1.00 0 0 0 127 0 0 0 0 0 091219 130217.933
2.2008 -1.1685 0.0000 0.00 0.00 1.00 0 0 0 127 0 0 0 0 0 091219 130218.133
2.2008 -1.1685 0.0000 0.00 0.00 1.00 0 0 0 127 0 0 0 0 0 091219 130218.334
2.2008 -1.1685 0.0000 0.00 0.00 1.00 0 0 0 127 0 0 0 0 0 091219 130218.534
2.2008 -1.1685 0.0000 0.00 0.00 1.00 0 0 0 127 0 0 0 0 0 091219 130218.734
2.2008 -1.1685 0.0000 0.00 0.00 1.00 0 0 0 127 0 0 0 0 0 091219 130218.935
2.2008 -1.1685 0.0000 0.00 0.00 1.00 0 0 0 127 0 0 0 0 0 091219 130219.135
2.2008 -1.1685 0.0000 0.00 0.00 1.00 0 0 0 127 0 0 0 0 0 091219 130219.335
2.2008 -1.1685 0.0000 0.00 0.00 1.00 0 0 0 127 0 0 0 0 0 091219 130219.535
2.2008 -1.1685 0.0000 0.00 0.00 1.00 0 0 0 127 0 0 0 0 0 091219 130219.736
2.2008 -1.1685 0.0000 0.00 0.00 1.00 0 0 0 127 0 0 0 0 0 091219 130219.936
2.2008 -1.1685 0.0000 0.00 0.00 1.00 0 0 0 127 0 0 0 0 0 091219 130220.136
2.2008 -1.1685 0.0000 0.00 0.00 1.00 0 0 0 127 0 0 0 0 0 091219 130220.336
2.2008 -1.1685 0.0000 0.00 0.00 1.00 0 0 0 127 0 0 0 0 0 091219 130220.537
2.2008 -1.1685 0.0000 0.00 0.00 1.00 0 0 0 127 0 0 0 0 0 091219 130220.737
2.2008 -1.1685 0.0000 0.00 0.00 1.00 0 0 0 127 0 0 0 0 0 091219 130220.937
2.2008 -1.1685 0.0000 0.00 0.00 1.00 0 0 0 127 0 0 0 0 0 091219 130221.138
2.2008 -1.1685 0.0000 0.00 0.00 1.00 0 0 0 127 0 0 0 0 0 091219 130221.338
2.2008 -1.1685 0.0000 0.00 0.00 1.00 0 0 0 127 0 0 0 0 0 091219 130221.539
2.2008 -1.1685 0.0000 0.00 0.00 1.00 0 0 0 127 0 0 0 0 0 091219 130221.739
2.2008 -1.1685 0.0000 0.00 0.00 1.00 0 0 0 127 0 0 0 0 0 091219 130221.939
2.2008 -1.1685 0.0000 0.00 0.00 1.00 0 0 0 127 0 0 0 0 0 091219 130222.140
2.2008 -1.1685 0.0000 0.00 0.00 1.00 0 0 0 127 0 0 0 0 0 091219 130222.340
2.2008 -1.1685 0.0000 0.00 0.00 1.00 0 0 0 127 0 0 0 0 0 091219 130222.540
2.2008 -1.1685 0.0000 0.00 0.00 1.00 0 0 0 127 0 0 0 0 0 091219 130222.740
2.2008 -1.1685 0.0000 0.00 0.00 1.00 0 0 0 127 0 0 0 0 0 091219 130222.940
2.2008 -1.1685 0.0000 0.00 0.00 1.00 0 0 0 127 0 0 0 0 0 091219 130223.140
2.2008 -1.1685 0.0000 0.00 0.00 1.00 0 0 0 127 0 0 0 0 0 091219 130223.341
2.2008 -1.1685 0.0000 0.00 0.00 1.00 0 0 0 127 0 0 0 0 0 091219 130223.541
2.2008 -1.1685 0.0000 0.00 0.00 1.00 0 0 0 127 0 0 0 0 0 091219 130223.741
2.2008 -1.1685 0.0000 0.00 0.00 1.00 0 0 0 127 0 0 0 0 0 091219 130223.941
2.2008 -1.1685 0.0000 0.00 0.00 1.00 0 0 0 127 0 0 0 0 0 091219 130224.142
2.2008 -1.1685 0.0000 0.00 0.00 1.00 0 0 0 127 0 0 0 0 0 091219 130224.342
2.2008 -1.1685 0.0000 0.00 0.00 1.00 0 0 0 127 0 0 0 0 0 091219 130224.542
2.2008 -1.1685 0.0000 0.00 0.00 1.00 0 0 0 127 0 0 0 0 0 091219 130224.742
2.2008 -1.1685 0.0000 0.00 0.00 1.00 0 0 0 127 0 0 0 0 0 091219 130224.942
2.2008 -1.1685 0.0000 0.00 0.00 1.00 0 0 0 127 0 0 0 0 0 091219 130225.143
2.2008 -1.1685 0.0000 0.00 0.00 1.00 0 0 0 127 0 0 0 0 0 091219 130225.343
2.2008 -1.1685 0.0000 0.00 0.00 1.00 0 0 0 127 0 0 0 0 0 091219 130225.543
2.2008 -1.1685 0.0000 0.00 0.00 1.00 0 0 0 127 0 0 0 0 0 091219 130225.743
2.2008 -1.1685 0.0000 0.00 0.00 1.00 0 0 0 127 0 0 0 0 0 091219 130225.943
2.2008 -1.1685 0.0000 0.00 0.00 1.00 0 0 0 127 0 0 0 0 0 091219 130226.144
2.2008 -1.1685 0.0000 0.00 0.00 1.00 0 0 0 127 0 0 0 0 0 091219 130226.344
2.2008 -1.1685 0.0000 0.00 0.00 1.00 0 0 0 127 0 0 0 0 0 091219 130226.544
2.2008 -1.1685 0.0000 0.00 0.00 1.00 0 0 0 127 0 0 0 0 0 091219 130226.744
2.2008 -1.1685 0.0000 0.00 0.00 1.00 0 0 0 127 0 0 0 0 0 091219 130226.945
2.2008 -1.1685 0.0000 0.00 0.00 1.00 0 0 0 127 0 0 0 0 0 091219 130227.145
2.2008 -1.1685 0.0000 0.00 0.00 1.00 0 0 0 127 0 0 0 0 0 091219 130227.345
2.2008 -1.1685 0.0000 0.00 0.00 1.00 0 0 0 127 0 0 0 0 0 091219 130227.545
2.2008 -1.1685 0.0000 0.00 0.00 1.00 0 0 0 127 0 0 0 0 0 091219 130227.746
2.2008 -1.1685 0.0000 0.00 0.00 1.00 0 0 0 127 0 0 0 0 0 091219 130227.946
2.2008 -1.1685 0.0000 0.00 0.00 1.00 0 0 0 127 0 0 0 0 0 091219 130228.146
2.2008 -1.1685 0.0000 0.00 0.00 1.00 0 0 0 127 0 0 0 0 0 091219 130228.346
2.2008 -1.1685 0.0000 0.00 0.00 1.00 0 0 0 127 0 0 0 0 0 091219 130228.546
2.2008 -1.1685 0.0000 0.00 0.00 1.00 0 0 0 127 0 0 0 0 0 091219 130228.747
2.2008 -1.1685 0.0000 0.00 0.00 1.00 0 0 0 127 0 0 0 0 0 091219 130228.947
2.2008 -1.1685 0.0000 0.00 0.00 1.00 0 0 0 127 0 0 0 0 0 091219 130229.147
2.2008 -1.1685 0.0000 0.00 0.00 1.00 0 0 0 127 0 0 0 0 0 091219 130229.347
2.2008 -1.1685 0.0000 0.00 0.00 1.00 0 0 0 127 0 0 0 0 0 091219 130229.547
2.2008 -1.1685 0.0000 0.00 0.00 1.00 0 0 0 127 0 0 0 0 0 091219 130229.748
2.2008 -1.1685 0.0000 0.00 0.00 1.00 0 0 0 127 0 0 0 0 0 091219 130229.948
2.2008 -1.1685 0.0000 0.00 0.00 1.00 0 0 0 127 0 0 0 0 0 091219 130230.148
2.2008 -1.1685 0.0000 0.00 0.00 1.00 0 0 0 127 0 0 0 0 0 091219 130230.348
2.2008 -1.1685 0.0000 0.00 0.00 1.00 0 0 0 127 0 0 0 0 0 091219 130230.548
2.2008 -1.1685 0.0000 0.00 0.00 1.00 0 0 0 127 0 0 0 0 0 091219 130230.748
2.2008 -1.1685 0.0000 0.00 0.00 1.00 0 0 0 127 0 0 0 0 0 091219 130230.949
2.2008 -1.1685 0.0000 0.00 0.00 1.00 0 0 0 127 0 0 0 0 0 091219 130231.149
2.2008 -1.1685 0.0000 0.00 0.00 1.00 0 0 0 127 0 0 0 0 0 091219 130231.349
2.2008 -1.1685 0.0000 0.00 0.00 1.00 0 0 0 127 0 0 0 0 0 091219 130231.549
2.2008 -1.1685 0.0000 0.00 0.00 1.00 0 0 0 127 0 0 0 0 0 091219 130231.749
2.2008 -1.1685 0.0000 0.00 0.00 1.00 0 0 0 127 0 0 0 0 0 091219 130231.950
2.2008 -1.1685 0.0000 0.00 0.00 1.00 0 0 0 127 0 0 0 0 0 091219 130232.150
2.2008 -1.1685 0.0000 0.00 0.00 1.00 0 0 0 127 0 0 0 0 0 091219 130232.350
2.2008 -1.1685 0.0000 0.00 0.00 1.00 0 0 0 127 0 0 0 0 0 091219 130232.550
2.2008 -1.1685 0.0000 0.00 0.00 1.00 0 0 0 127 0 0 0 0 0 091219 130232.750
2.2008 -1.1685 0.0000 0.00 0.00 1.00 0 0 0 127 0 0 0 0 0 091219 130232.950
2.2008 -1.1685 0.0000 0.00 0.00 1.00 0 0 0 127 0 0 0 0 0 091219 130233.151
2.2008 -1.1685 0.0000 0.00 0.00 1.00 0 0 0 127 0 0 0 0 0 091219 130233.351
2.2008 -1.1685 0.0000 0.00 0.00 1.00 0 0 0 127 0 0 0 0 0 091219 130233.551
2.2008 -1.1685 0.0000 0.00 0.00 1.00 0 0 0 127 0 0 0 0 0 091219 130233.751
2.2008 -1.1685 0.0000 0.00 0.00 1.00 0 0 0 127 0 0 0 0 0 091219 130233.952
2.2008 -1.1685 0.0000 0.00 0.00 1.00 0 0 0 127 0 0 0 0 0 091219 130234.152
2.2008 -1.1685 0.0000 0.00 0.00 1.00 0 0 0 127 0 0 0 0 0 091219 130234.352
2.2008 -1.1685 0.0000 0.00 0.00 1.00 0 0 0 127 0 0 0 0 0 091219 130234.552
2.2008 -1.1685 0.0000 0.00 0.00 1.00 0 0 0 127 0 0 0 0 0 091219 130234.752
2.2008 -1.1685 0.0000 0.00 0.00 1.00 0 0 0 127 0 0 0 0 0 091219 130234.953
2.2008 -1.1685 0.0000 0.00 0.00 1.00 0 0 0 127 0 0 0 0 0 091219 130235.153
2.2008 -1.1685 0.0000 0.00 0.00 1.00 0 0 0 127 0 0 0 0 0 091219 130235.353
2.2008 -1.1685 0.0000 0.00 0.00 1.00 0 0 0 127 0 0 0 0 0 091219 130235.553
2.2008 -1.1685 0.0000 0.00 0.00 1.00 0 0 0 127 0 0 0 0 0 091219 130235.753
2.2008 -1.1685 0.0000 0.00 0.00 1.00 0 0 0 127 0 0 0 0 0 091219 130235.954
2.2008 -1.1685 0.0000 0.00 0.00 1.00 0 0 0 127 0 0 0 0 0 091219 130236.154
2.2008 -1.1685 0.0000 0.00 0.00 1.00 0 0 0 127 0 0 0 0 0 091219 130236.354
2.2008 -1.1685 0.0000 0.00 0.00 1.00 0 0 0 127 0 0 0 0 0 091219 130236.554
2.2008 -1.1685 0.0000 0.00 0.00 1.00 0 0 0 127 0 0 0 0 0 091219 130236.754
2.2008 -1.1685 0.0000 0.00 0.00 1.00 0 0 0 127 0 0 0 0 0 091219 130236.954
2.2008 -1.1685 0.0000 0.00 0.00 1.00 0 0 0 127 0 0 0 0 0 091219 130237.155
2.2008 -1.1685 0.0000 0.00 0.00 1.00 0 0 0 127 0 0 0 0 0 091219 130237.355
2.2008 -1.1685 0.0000 0.00 0.00 1.00 0 0 0 127 0 0 0 0 0 091219 130237.555
2.2008 -1.1685 0.0000 0.00 0.00 1.00 0 0 0 127 0 0 0 0 0 091219 130237.755
2.2008 -1.1685 0.0000 0.00 0.00 1.00 0 0 0 127 0 0 0 0 0 091219 130237.955
2.2008 -1.1685 0.0000 0.00 0.00 1.00 0 0 0 127 0 0 0 0 0 091219 130238.156
2.2008 -1.1685 0.0000 0.00 0.00 1.00 0 0 0 127 0 0 0 0 0 091219 130238.356
2.2008 -1.1685 0.0000 0.00 0.00 1.00 0 0 0 127 0 0 0 0 0 091219 130238.556
2.2008 -1.1685 0.0000 0.00 0.00 1.00 0 0 0 127 0 0 0 0 0 091219 130238.756
2.2008 -1.1685 0.0000 0.00 0.00 1.00 0 0 0 127 0 0 0 0 0 091219 130238.956
2.2008 -1.1685 0.0000 0.00 0.00 1.00 0 0 0 127 0 0 0 0 0 091219 130239.156
2.2008 -1.1685 0.0000 0.00 0.00 1.00 0 0 0 127 0 0 0 0 0 091219 130239.357
2.2008 -1.1685 0.0000 0.00 0.00 1.00 0 0 0 127 0 0 0 0 0 091219 130239.557
2.2008 -1.1685 0.0000 0.00 0.00 1.00 0 0 0 127 0 0 0 0 0 091219 130239.757
2.2008 -1.1685 0.0000 0.00 0.00 1.00 0 0 0 127 0 0 0 0 0 091219 130239.957
2.2008 -1.1685 0.0000 0.00 0.00 1.00 0 0 0 127 0 0 0 0 0 091219 130240.157
2.2008 -1.1685 0.0000 0.00 0.00 1.00 0 0 0 127 0 0 0 0 0 091219 130240.358
2.2008 -1.1685 0.0000 0.00 0.00 1.00 0 0 0 127 0 0 0 0 0 091219 130240.558
2.2008 -1.1685 0.0000 0.00 0.00 1.00 0 0 0 127 0 0 0 0 0 091219 130240.758
2.2008 -1.1685 0.0000 0.00 0.00 1.00 0 0 0 127 0 0 0 0 0 091219 130240.958
2.2008 -1.1685 0.0000 0.00 0.00 1.00 0 0 0 127 0 0 0 0 0 091219 130241.158
2.2008 -1.1685 0.0000 0.00 0.00 1.00 0 0 0 127 0 0 0 0 0 091219 130241.359
2.2008 -1.1685 0.0000 0.00 0.00 1.00 0 0 0 127 0 0 0 0 0 091219 130241.559
2.2008 -1.1685 0.0000 0.00 0.00 1.00 0 0 0 127 0 0 0 0 0 091219 130241.759
2.2008 -1.1685 0.0000 0.00 0.00 1.00 0 0 0 127 0 0 0 0 0 091219 130241.959
2.2008 -1.1685 0.0000 0.00 0.00 1.00 0 0 0 127 0 0 0 0 0 091219 130242.159
2.2008 -1.1685 0.0000 0.00 0.00 1.00 0 0 0 127 0 0 0 0 0 091219 130242.360
2.2008 -1.1685 0.0000 0.00 0.00 1.00 0 0 0 127 0 0 0 0 0 091219 130242.560
2.2008 -1.1685 0.0000 0.00 0.00 1.00 0 0 0 127 0 0 0 0 0 091219 130242.760
2.2008 -1.1685 0.0000 0.00 0.00 1.00 0 0 0 127 0 0 0 0 0 091219 130242.960
2.2008 -1.1685 0.0000 0.00 0.00 1.00 0 0 0 127 0 0 0 0 0 091219 130243.160
2.2008 -1.1685 0.0000 0.00 0.00 1.00 0 0 0 127 0 0 0 0 0 091219 130243.361
2.2008 -1.1685 0.0000 0.00 0.00 1.00 0 0 0 127 0 0 0 0 0 091219 130243.561
2.2008 -1.1685 0.0000 0.00 0.00 1.00 0 0 0 127 0 0 0 0 0 091219 130243.761
2.2008 -1.1685 0.0000 0.00 0.00 1.00 0 0 0 127 0 0 0 0 0 091219 130243.961
2.2008 -1.1685 0.0000 0.00 0.00 1.00 0 0 0 127 0 0 0 0 0 091219 130244.162
2.2008 -1.1685 0.0000 0.00 0.00 1.00 0 0 0 127 0 0 0 0 0 091219 130244.362
2.2008 -1.1685 0.0000 0.00 0.00 1.00 0 0 0 127 0 0 0 0 0 091219 130244.562
2.2008 -1.1685 0.0000 0.00 0.00 1.00 0 0 0 127 0 0 0 0 0 091219 130244.762
2.2008 -1.1685 0.0000 0.00 0.00 1.00 0 0 0 127 0 0 0 0 0 091219 130244.962
2.2008 -1.1685 0.0000 0.00 0.00 1.00 0 0 0 127 0 0 0 0 0 091219 130245.163
2.2008 -1.1685 0.0000 0.00 0.00 1.00 0 0 0 127 0 0 0 0 0 091219 130245.363
2.2008 -1.1685 0.0000 0.00 0.00 1.00 0 0 0 127 0 0 0 0 0 091219 130245.563
2.2008 -1.1685 0.0000 0.00 0.00 1.00 0 0 0 127 0 0 0 0 0 091219 130245.763
2.2008 -1.1685 0.0000 0.00 0.00 1.00 0 0 0 127 0 0 0 0 0 091219 130245.963
2.2008 -1.1685 0.0000 0.00 0.00 1.00 0 0 0 127 0 0 0 0 0 091219 130246.164
2.2008 -1.1685 0.0000 0.00 0.00 1.00 0 0 0 127 0 0 0 0 0 091219 130246.364
2.2008 -1.1685 0.0000 0.00 0.00 1.00 0 0 0 127 0 0 0 0 0 091219 130246.564
2.2008 -1.1685 0.0000 0.00 0.00 1.00 0 0 0 127 0 0 0 0 0 091219 130246.764
2.2008 -1.1685 0.0000 0.00 0.00 1.00 0 0 0 127 0 0 0 0 0 091219 130246.965
2.2008 -1.1685 0.0000 0.00 0.00 1.00 0 0 0 127 0 0 0 0 0 091219 130247.165
2.2008 -1.1685 0.0000 0.00 0.00 1.00 0 0 0 127 0 0 0 0 0 091219 130247.365
2.2008 -1.1685 0.0000 0.00 0.00 1.00 0 0 0 127 0 0 0 0 0 091219 130247.565
2.2008 -1.1685 0.0000 0.00 0.00 1.00 0 0 0 127 0 0 0 0 0 091219 130247.765
2.2008 -1.1685 0.0000 0.00 0.00 1.00 0 0 0 127 0 0 0 0 0 091219 130247.966
2.2008 -1.1685 0.0000 0.00 0.00 1.00 0 0 0 127 0 0 0 0 0 091219 130248.166
2.2008 -1.1685 0.0000 0.00 0.00 1.00 0 0 0 127 0 0 0 0 0 091219 130248.366
2.2008 -1.1685 0.0000 0.00 0.00 1.00 0 0 0 127 0 0 0 0 0 091219 130248.566
2.2008 -1.1685 0.0000 0.00 0.00 1.00 0 0 0 127 0 0 0 0 0 091219 130248.766
2.2008 -1.1685 0.0000 0.00 0.00 1.00 0 0 0 127 0 0 0 0 0 091219 130248.966
2.2008 -1.1685 0.0000 0.00 0.00 1.00 0 0 0 127 0 0 0 0 0 091219 130249.167
2.2008 -1.1685 0.0000 0.00 0.00 1.00 0 0 0 127 0 0 0 0 0 091219 130249.367
2.2008 -1.1685 0.0000 0.00 0.00 1.00 0 0 0 127 0 0 0 0 0 091219 130249.567
2.2008 -1.1685 0.0000 0.00 0.00 1.00 0 0 0 127 0 0 0 0 0 091219 130249.767
2.2008 -1.1685 0.0000 0.00 0.00 1.00 0 0 0 127 0 0 0 0 0 091219 130249.967
2.2008 -1.1685 0.0000 0.00 0.00 1.00 0 0 0 127 0 0 0 0 0 091219 130250.167
2.2008 -1.1685 0.0000 0.00 0.00 1.00 0 0 0 127 0 0 0 0 0 091219 130250.368
2.2008 -1.1685 0.0000 0.00 0.00 1.00 0 0 0 127 0 0 0 0 0 091219 130250.568
2.2008 -1.1685 0.0000 0.00 0.00 1.00 0 0 0 127 0 0 0 0 0 091219 130250.768
2.2008 -1.1685 0.0000 0.00 0.00 1.00 0 0 0 127 0 0 0 0 0 091219 130250.968
2.2008 -1.1685 0.0000 0.00 0.00 1.00 0 0 0 127 0 0 0 0 0 091219 130251.168
2.2008 -1.1685 0.0000 0.00 0.00 1.00 0 0 0 127 0 0 0 0 0 091219 130251.368
2.2008 -1.1685 0.0000 0.00 0.00 1.00 0 0 0 127 0 0 0 0 0 091219 130251.569
2.2008 -1.1685 0.0000 0.00 0.00 1.00 0 0 0 127 0 0 0 0 0 091219 130251.769
2.2008 -1.1685 0.0000 0.00 0.00 1.00 0 0 0 127 0 0 0 0 0 091219 130251.969
2.2008 -1.1685 0.0000 0.00 0.00 1.00 0 0 0 127 0 0 0 0 0 091219 130252.169
2.2008 -1.1685 0.0000 0.00 0.00 1.00 0 0 0 127 0 0 0 0 0 091219 130252.370
2.2008 -1.1685 0.0000 0.00 0.00 1.00 0 0 0 127 0 0 0 0 0 091219 130252.570
2.2008 -1.1685 0.0000 0.00 0.00 1.00 0 0 0 127 0 0 0 0 0 091219 130252.770
2.2008 -1.1685 0.0000 0.00 0.00 1.00 0 0 0 127 0 0 0 0 0 091219 130252.970
2.2008 -1.1685 0.0000 0.00 0.00 1.00 0 0 0 127 0 0 0 0 0 091219 130253.170
2.2008 -1.1685 0.0000 0.00 0.00 1.00 0 0 0 127 0 0 0 0 0 091219 130253.371
