-0.5246 -0.0748 0.0000 0.00 0.00 1.00 0 147 0 112 1 0 0 0 0 120120 162948.112
-0.5246 -0.0725 0.0000 0.00 0.00 1.00 0 227 255 112 1 0 0 0 0 120120 162948.162
-0.5242 -0.0723 0.0000 0.00 0.00 1.00 0 222 255 112 1 0 0 0 0 120120 162948.212
-0.5250 -0.0720 0.0000 0.00 0.00 1.00 0 91 255 112 1 0 0 0 0 120120 162948.262
-0.5248 -0.0718 0.0000 0.00 0.00 1.00 0 206 255 112 1 0 0 0 0 120120 162948.313
-0.5246 -0.0716 0.0000 0.00 0.00 1.00 0 119 255 112 1 0 0 0 0 120120 162948.363
-0.5274 -0.0741 0.0000 0.00 0.00 1.00 0 38 10 112 1 0 0 0 0 120120 162948.413
-0.5277 -0.0743 0.0000 0.00 0.00 1.00 0 141 0 112 1 0 0 0 0 120120 162948.463
-0.5280 -0.0746 0.0000 0.00 0.00 1.00 0 147 0 112 1 0 0 0 0 120120 162948.514
-0.5445 -0.0768 0.0000 0.00 0.00 1.00 0 255 0 112 1 0 0 0 0 120120 162948.564
-0.5474 -0.0774 0.0000 0.00 0.00 1.00 0 1 1 112 1 0 0 0 0 120120 162948.614
-0.5504 -0.0779 0.0000 0.00 0.00 1.00 0 19 1 112 1 0 0 0 0 120120 162948.664
-0.5504 -0.0779 0.0000 0.00 0.00 1.00 0 19 1 112 1 0 0 0 0 120120 162948.715
-0.5908 -0.0795 0.0000 0.00 0.00 1.00 0 231 0 112 1 0 0 0 0 120120 162948.765
-0.6164 -0.0824 0.0000 0.00 0.00 1.00 0 106 7 112 1 0 0 0 0 120120 162948.815
-0.6272 -0.0835 0.0000 0.00 0.00 1.00 0 138 1 112 1 0 0 0 0 120120 162948.865
-0.6378 -0.0845 0.0000 0.00 0.00 1.00 0 142 1 112 1 0 0 0 0 120120 162948.915
-0.6558 -0.0895 0.0000 0.00 0.00 1.00 0 197 2 112 1 0 0 0 0 120120 162948.966
-0.6676 -0.0912 0.0000 0.00 0.00 1.00 0 220 2 112 1 0 0 0 0 120120 162949.016
-0.6796 -0.0929 0.0000 0.00 0.00 1.00 0 234 2 112 1 0 0 0 0 120120 162949.066
-0.6874 -0.0983 0.0000 0.00 0.00 1.00 0 85 4 112 1 0 0 0 0 120120 162949.116
-0.6986 -0.1005 0.0000 0.00 0.00 1.00 0 121 4 112 1 0 0 0 0 120120 162949.166
-0.7099 -0.1028 0.0000 0.00 0.00 1.00 0 168 4 112 1 0 0 0 0 120120 162949.217
-0.7148 -0.0988 0.0000 0.00 0.00 1.00 0 15 3 112 1 0 0 0 0 120120 162949.267
-0.7249 -0.1001 0.0000 0.00 0.00 1.00 0 28 3 112 1 0 0 0 0 120120 162949.317
-0.7223 -0.0996 0.0000 0.00 0.00 1.00 0 133 253 112 1 0 0 0 0 120120 162949.367
-0.7302 -0.1005 0.0000 0.00 0.00 1.00 0 215 2 112 1 0 0 0 0 120120 162949.417
-0.7383 -0.1015 0.0000 0.00 0.00 1.00 0 242 2 112 1 0 0 0 0 120120 162949.468
-0.7403 -0.1021 0.0000 0.00 0.00 1.00 0 165 2 112 1 0 0 0 0 120120 162949.518
-0.7474 -0.1030 0.0000 0.00 0.00 1.00 0 248 2 112 1 0 0 0 0 120120 162949.568
-0.7544 -0.1039 0.0000 0.00 0.00 1.00 0 7 3 112 1 0 0 0 0 120120 162949.618
-0.7595 -0.1051 0.0000 0.00 0.00 1.00 0 64 3 112 1 0 0 0 0 120120 162949.668
-0.7595 -0.1051 0.0000 0.00 0.00 1.00 0 64 3 112 1 0 0 0 0 120120 162949.719
-0.7729 -0.1070 0.0000 0.00 0.00 1.00 0 95 3 112 1 0 0 0 0 120120 162949.769
-0.7790 -0.1082 0.0000 0.00 0.00 1.00 0 126 3 112 1 0 0 0 0 120120 162949.819
-0.7857 -0.1092 0.0000 0.00 0.00 1.00 0 146 3 112 1 0 0 0 0 120120 162949.869
-0.7857 -0.1092 0.0000 0.00 0.00 1.00 0 146 3 112 1 0 0 0 0 120120 162949.920
-0.8029 -0.1116 0.0000 0.00 0.00 1.00 0 188 3 112 1 0 0 0 0 120120 162949.970
-0.8102 -0.1126 0.0000 0.00 0.00 1.00 0 214 3 112 1 0 0 0 0 120120 162950.020
-0.8246 -0.1148 0.0000 0.00 0.00 1.00 0 208 6 112 1 0 0 0 0 120120 162950.070
-0.8330 -0.1161 0.0000 0.00 0.00 1.00 0 251 3 112 1 0 0 0 0 120120 162950.120
-0.8416 -0.1173 0.0000 0.00 0.00 1.00 0 184 4 112 1 0 0 0 0 120120 162950.171
-0.8563 -0.1173 0.0000 0.00 0.00 1.00 0 178 3 112 1 0 0 0 0 120120 162950.221
-0.8659 -0.1184 0.0000 0.00 0.00 1.00 0 193 3 112 1 0 0 0 0 120120 162950.271
-0.8754 -0.1194 0.0000 0.00 0.00 1.00 0 192 3 112 1 0 0 0 0 120120 162950.321
-0.8790 -0.1186 0.0000 0.00 0.00 1.00 0 99 3 112 1 0 0 0 0 120120 162950.372
-0.8790 -0.1186 0.0000 0.00 0.00 1.00 0 99 3 112 1 0 0 0 0 120120 162950.422
-0.8964 -0.1201 0.0000 0.00 0.00 1.00 0 117 3 112 1 0 0 0 0 120120 162950.472
-0.9023 -0.1248 0.0000 0.00 0.00 1.00 0 226 4 112 1 0 0 0 0 120120 162950.522
-0.9096 -0.1260 0.0000 0.00 0.00 1.00 0 160 4 112 1 0 0 0 0 120120 162950.572
-0.9151 -0.1265 0.0000 0.00 0.00 1.00 0 238 1 112 1 0 0 0 0 120120 162950.623
-0.9225 -0.1287 0.0000 0.00 0.00 1.00 0 184 4 112 1 0 0 0 0 120120 162950.673
-0.9301 -0.1299 0.0000 0.00 0.00 1.00 0 195 4 112 1 0 0 0 0 120120 162950.723
-0.9404 -0.1344 0.0000 0.00 0.00 1.00 0 190 5 112 1 0 0 0 0 120120 162950.773
-0.9485 -0.1361 0.0000 0.00 0.00 1.00 0 240 5 112 1 0 0 0 0 120120 162950.823
-0.9564 -0.1379 0.0000 0.00 0.00 1.00 0 254 5 112 1 0 0 0 0 120120 162950.873
-0.9654 -0.1352 0.0000 0.00 0.00 1.00 0 221 4 112 1 0 0 0 0 120120 162950.924
-0.9735 -0.1362 0.0000 0.00 0.00 1.00 0 232 4 112 1 0 0 0 0 120120 162950.974
-0.9816 -0.1373 0.0000 0.00 0.00 1.00 0 239 4 112 1 0 0 0 0 120120 162951.024
-0.9900 -0.1380 0.0000 0.00 0.00 1.00 0 239 4 112 1 0 0 0 0 120120 162951.074
-0.9983 -0.1391 0.0000 0.00 0.00 1.00 0 255 4 112 1 0 0 0 0 120120 162951.125
-1.0068 -0.1421 0.0000 0.00 0.00 1.00 0 78 13 112 1 0 0 0 0 120120 162951.175
-1.0143 -0.1434 0.0000 0.00 0.00 1.00 0 105 5 112 1 0 0 0 0 120120 162951.225
-1.0233 -0.1449 0.0000 0.00 0.00 1.00 0 238 6 112 1 0 0 0 0 120120 162951.275
-1.0291 -0.1424 0.0000 0.00 0.00 1.00 0 105 5 112 1 0 0 0 0 120120 162951.325
-1.0371 -0.1431 0.0000 0.00 0.00 1.00 0 140 5 112 1 0 0 0 0 120120 162951.376
-1.0449 -0.1438 0.0000 0.00 0.00 1.00 0 141 5 112 1 0 0 0 0 120120 162951.426
-1.0513 -0.1434 0.0000 0.00 0.00 1.00 0 26 5 112 1 0 0 0 0 120120 162951.476
-1.0599 -0.1440 0.0000 0.00 0.00 1.00 0 98 5 112 1 0 0 0 0 120120 162951.526
-1.0599 -0.1440 0.0000 0.00 0.00 1.00 0 98 5 112 1 0 0 0 0 120120 162951.576
-1.0765 -0.1431 0.0000 0.00 0.00 1.00 0 241 4 112 1 0 0 0 0 120120 162951.627
-1.0849 -0.1434 0.0000 0.00 0.00 1.00 0 27 5 112 1 0 0 0 0 120120 162951.677
-1.0920 -0.1508 0.0000 0.00 0.00 1.00 0 145 33 112 1 0 0 0 0 120120 162951.727
-1.0999 -0.1523 0.0000 0.00 0.00 1.00 0 78 7 112 1 0 0 0 0 120120 162951.777
-1.1078 -0.1537 0.0000 0.00 0.00 1.00 0 103 7 112 1 0 0 0 0 120120 162951.827
-1.1201 -0.1526 0.0000 0.00 0.00 1.00 0 182 6 112 1 0 0 0 0 120120 162951.878
-1.1286 -0.1537 0.0000 0.00 0.00 1.00 0 214 6 112 1 0 0 0 0 120120 162951.928
-1.1373 -0.1547 0.0000 0.00 0.00 1.00 0 11 7 112 1 0 0 0 0 120120 162951.978
-1.1442 -0.1524 0.0000 0.00 0.00 1.00 0 42 6 112 1 0 0 0 0 120120 162952.028
-1.1525 -0.1529 0.0000 0.00 0.00 1.00 0 42 6 112 1 0 0 0 0 120120 162952.078
-1.1609 -0.1535 0.0000 0.00 0.00 1.00 0 57 6 112 1 0 0 0 0 120120 162952.129
-1.1691 -0.1547 0.0000 0.00 0.00 1.00 0 129 6 112 1 0 0 0 0 120120 162952.179
-1.1775 -0.1553 0.0000 0.00 0.00 1.00 0 147 6 112 1 0 0 0 0 120120 162952.229
-1.1822 -0.1614 0.0000 0.00 0.00 1.00 0 135 28 112 1 0 0 0 0 120120 162952.279
-1.1898 -0.1629 0.0000 0.00 0.00 1.00 0 88 8 112 1 0 0 0 0 120120 162952.329
-1.1975 -0.1645 0.0000 0.00 0.00 1.00 0 142 8 112 1 0 0 0 0 120120 162952.380
-1.2032 -0.1608 0.0000 0.00 0.00 1.00 0 218 244 112 1 0 0 0 0 120120 162952.430
-1.2105 -0.1615 0.0000 0.00 0.00 1.00 0 60 7 112 1 0 0 0 0 120120 162952.480
-1.2179 -0.1622 0.0000 0.00 0.00 1.00 0 76 7 112 1 0 0 0 0 120120 162952.530
-1.2249 -0.1598 0.0000 0.00 0.00 1.00 0 128 6 112 1 0 0 0 0 120120 162952.580
-1.2320 -0.1600 0.0000 0.00 0.00 1.00 0 132 6 112 1 0 0 0 0 120120 162952.631
-1.2393 -0.1602 0.0000 0.00 0.00 1.00 0 102 6 112 1 0 0 0 0 120120 162952.681
-1.2495 -0.1638 0.0000 0.00 0.00 1.00 0 97 7 112 1 0 0 0 0 120120 162952.731
-1.2571 -0.1645 0.0000 0.00 0.00 1.00 0 103 7 112 1 0 0 0 0 120120 162952.781
-1.2684 -0.1658 0.0000 0.00 0.00 1.00 0 205 9 112 1 0 0 0 0 120120 162952.831
-1.2766 -0.1667 0.0000 0.00 0.00 1.00 0 193 7 112 1 0 0 0 0 120120 162952.881
-1.2849 -0.1675 0.0000 0.00 0.00 1.00 0 206 7 112 1 0 0 0 0 120120 162952.932
-1.2951 -0.1693 0.0000 0.00 0.00 1.00 0 16 8 112 1 0 0 0 0 120120 162952.982
-1.3039 -0.1703 0.0000 0.00 0.00 1.00 0 54 8 112 1 0 0 0 0 120120 162953.032
-1.3125 -0.1713 0.0000 0.00 0.00 1.00 0 83 8 112 1 0 0 0 0 120120 162953.082
-1.3213 -0.1695 0.0000 0.00 0.00 1.00 0 157 7 112 1 0 0 0 0 120120 162953.132
-1.3299 -0.1701 0.0000 0.00 0.00 1.00 0 160 7 112 1 0 0 0 0 120120 162953.183
-1.3385 -0.1706 0.0000 0.00 0.00 1.00 0 172 7 112 1 0 0 0 0 120120 162953.233
-1.3473 -0.1732 0.0000 0.00 0.00 1.00 0 57 8 112 1 0 0 0 0 120120 162953.283
-1.3560 -0.1741 0.0000 0.00 0.00 1.00 0 91 8 112 1 0 0 0 0 120120 162953.333
-1.3647 -0.1758 0.0000 0.00 0.00 1.00 0 11 12 112 1 0 0 0 0 120120 162953.384
-1.3734 -0.1769 0.0000 0.00 0.00 1.00 0 204 8 112 1 0 0 0 0 120120 162953.434
-1.3820 -0.1779 0.0000 0.00 0.00 1.00 0 217 8 112 1 0 0 0 0 120120 162953.484
-1.3871 -0.1766 0.0000 0.00 0.00 1.00 0 42 0 112 1 0 0 0 0 120120 162953.534
-1.3952 -0.1772 0.0000 0.00 0.00 1.00 0 83 8 112 1 0 0 0 0 120120 162953.584
-1.4032 -0.1778 0.0000 0.00 0.00 1.00 0 95 8 112 1 0 0 0 0 120120 162953.635
-1.4105 -0.1775 0.0000 0.00 0.00 1.00 0 43 8 112 1 0 0 0 0 120120 162953.685
-1.4185 -0.1780 0.0000 0.00 0.00 1.00 0 47 8 112 1 0 0 0 0 120120 162953.735
-1.4264 -0.1785 0.0000 0.00 0.00 1.00 0 58 8 112 1 0 0 0 0 120120 162953.785
-1.4322 -0.1784 0.0000 0.00 0.00 1.00 0 32 8 112 1 0 0 0 0 120120 162953.835
-1.4398 -0.1787 0.0000 0.00 0.00 1.00 0 34 8 112 1 0 0 0 0 120120 162953.886
-1.4467 -0.1791 0.0000 0.00 0.00 1.00 0 253 7 112 1 0 0 0 0 120120 162953.936
-1.4546 -0.1775 0.0000 0.00 0.00 1.00 0 149 7 112 1 0 0 0 0 120120 162953.986
-1.4622 -0.1776 0.0000 0.00 0.00 1.00 0 137 7 112 1 0 0 0 0 120120 162954.036
-1.4702 -0.1774 0.0000 0.00 0.00 1.00 0 58 6 112 1 0 0 0 0 120120 162954.086
-1.4771 -0.1774 0.0000 0.00 0.00 1.00 0 106 7 112 1 0 0 0 0 120120 162954.137
-1.4846 -0.1775 0.0000 0.00 0.00 1.00 0 103 7 112 1 0 0 0 0 120120 162954.187
-1.4913 -0.1804 0.0000 0.00 0.00 1.00 0 221 18 112 1 0 0 0 0 120120 162954.237
-1.4986 -0.1809 0.0000 0.00 0.00 1.00 0 69 8 112 1 0 0 0 0 120120 162954.287
-1.5059 -0.1814 0.0000 0.00 0.00 1.00 0 73 8 112 1 0 0 0 0 120120 162954.338
-1.5148 -0.1844 0.0000 0.00 0.00 1.00 0 36 9 112 1 0 0 0 0 120120 162954.388
-1.5221 -0.1853 0.0000 0.00 0.00 1.00 0 28 9 112 1 0 0 0 0 120120 162954.438
-1.5297 -0.1862 0.0000 0.00 0.00 1.00 0 45 9 112 1 0 0 0 0 120120 162954.488
-1.5412 -0.1909 0.0000 0.00 0.00 1.00 0 65 10 112 1 0 0 0 0 120120 162954.538
-1.5494 -0.1924 0.0000 0.00 0.00 1.00 0 109 10 112 1 0 0 0 0 120120 162954.589
-1.5543 -0.1933 0.0000 0.00 0.00 1.00 0 244 11 112 1 0 0 0 0 120120 162954.639
-1.5641 -0.1917 0.0000 0.00 0.00 1.00 0 162 9 112 1 0 0 0 0 120120 162954.689
-1.5721 -0.1926 0.0000 0.00 0.00 1.00 0 176 9 112 1 0 0 0 0 120120 162954.739
-1.5778 -0.1902 0.0000 0.00 0.00 1.00 0 207 8 112 1 0 0 0 0 120120 162954.789
-1.5853 -0.1905 0.0000 0.00 0.00 1.00 0 212 8 112 1 0 0 0 0 120120 162954.840
-1.5928 -0.1909 0.0000 0.00 0.00 1.00 0 215 8 112 1 0 0 0 0 120120 162954.890
-1.6000 -0.1895 0.0000 0.00 0.00 1.00 0 83 8 112 1 0 0 0 0 120120 162954.940
-1.6073 -0.1895 0.0000 0.00 0.00 1.00 0 86 8 112 1 0 0 0 0 120120 162954.990
-1.6149 -0.1896 0.0000 0.00 0.00 1.00 0 76 8 112 1 0 0 0 0 120120 162955.040
-1.6247 -0.1884 0.0000 0.00 0.00 1.00 0 231 7 112 1 0 0 0 0 120120 162955.091
-1.6325 -0.1882 0.0000 0.00 0.00 1.00 0 227 7 112 1 0 0 0 0 120120 162955.141
-1.6400 -0.1915 0.0000 0.00 0.00 1.00 0 90 21 112 1 0 0 0 0 120120 162955.191
-1.6477 -0.1919 0.0000 0.00 0.00 1.00 0 223 8 112 1 0 0 0 0 120120 162955.241
-1.6556 -0.1924 0.0000 0.00 0.00 1.00 0 84 9 112 1 0 0 0 0 120120 162955.291
-1.6600 -0.1910 0.0000 0.00 0.00 1.00 0 209 8 112 1 0 0 0 0 120120 162955.341
-1.6674 -0.1911 0.0000 0.00 0.00 1.00 0 217 8 112 1 0 0 0 0 120120 162955.392
-1.6745 -0.1913 0.0000 0.00 0.00 1.00 0 223 8 112 1 0 0 0 0 120120 162955.442
-1.6839 -0.1924 0.0000 0.00 0.00 1.00 0 57 9 112 1 0 0 0 0 120120 162955.492
-1.6915 -0.1928 0.0000 0.00 0.00 1.00 0 65 9 112 1 0 0 0 0 120120 162955.542
-1.6968 -0.1930 0.0000 0.00 0.00 1.00 0 3 10 112 1 0 0 0 0 120120 162955.592
-1.7091 -0.1936 0.0000 0.00 0.00 1.00 0 108 9 112 1 0 0 0 0 120120 162955.643
-1.7169 -0.1940 0.0000 0.00 0.00 1.00 0 116 9 112 1 0 0 0 0 120120 162955.693
-1.7261 -0.1947 0.0000 0.00 0.00 1.00 0 22 11 112 1 0 0 0 0 120120 162955.743
-1.7341 -0.1951 0.0000 0.00 0.00 1.00 0 182 9 112 1 0 0 0 0 120120 162955.793
-1.7421 -0.1955 0.0000 0.00 0.00 1.00 0 194 9 112 1 0 0 0 0 120120 162955.843
-1.7501 -0.1982 0.0000 0.00 0.00 1.00 0 122 10 112 1 0 0 0 0 120120 162955.894
-1.7581 -0.1990 0.0000 0.00 0.00 1.00 0 138 10 112 1 0 0 0 0 120120 162955.944
-1.7662 -0.1998 0.0000 0.00 0.00 1.00 0 174 10 112 1 0 0 0 0 120120 162955.994
-1.7781 -0.1999 0.0000 0.00 0.00 1.00 0 158 10 112 1 0 0 0 0 120120 162956.044
-1.7868 -0.2006 0.0000 0.00 0.00 1.00 0 176 10 112 1 0 0 0 0 120120 162956.094
-1.7943 -0.1996 0.0000 0.00 0.00 1.00 0 236 3 112 1 0 0 0 0 120120 162956.145
-1.8026 -0.2000 0.0000 0.00 0.00 1.00 0 98 10 112 1 0 0 0 0 120120 162956.195
-1.8107 -0.2004 0.0000 0.00 0.00 1.00 0 91 10 112 1 0 0 0 0 120120 162956.245
-1.8201 -0.2012 0.0000 0.00 0.00 1.00 0 90 12 112 1 0 0 0 0 120120 162956.295
-1.8287 -0.2017 0.0000 0.00 0.00 1.00 0 162 10 112 1 0 0 0 0 120120 162956.345
-1.8374 -0.2022 0.0000 0.00 0.00 1.00 0 185 10 112 1 0 0 0 0 120120 162956.396
-1.8442 -0.2026 0.0000 0.00 0.00 1.00 0 196 10 112 1 0 0 0 0 120120 162956.446
-1.8490 -0.2028 0.0000 0.00 0.00 1.00 0 117 11 112 1 0 0 0 0 120120 162956.496
-1.8604 -0.2035 0.0000 0.00 0.00 1.00 0 216 10 112 1 0 0 0 0 120120 162956.546
-1.8691 -0.2030 0.0000 0.00 0.00 1.00 0 54 10 112 1 0 0 0 0 120120 162956.596
-1.8766 -0.2033 0.0000 0.00 0.00 1.00 0 48 10 112 1 0 0 0 0 120120 162956.647
-1.8849 -0.2036 0.0000 0.00 0.00 1.00 0 52 10 112 1 0 0 0 0 120120 162956.697
-1.8874 -0.2008 0.0000 0.00 0.00 1.00 0 98 9 112 1 0 0 0 0 120120 162956.747
-1.8948 -0.2006 0.0000 0.00 0.00 1.00 0 78 9 112 1 0 0 0 0 120120 162956.797
-1.9100 -0.2005 0.0000 0.00 0.00 1.00 0 126 9 112 1 0 0 0 0 120120 162956.847
-1.9171 -0.2004 0.0000 0.00 0.00 1.00 0 238 8 112 1 0 0 0 0 120120 162956.898
-1.9262 -0.1991 0.0000 0.00 0.00 1.00 0 41 4 112 1 0 0 0 0 120120 162956.948
-1.9333 -0.1988 0.0000 0.00 0.00 1.00 0 14 8 112 1 0 0 0 0 120120 162956.998
-1.9411 -0.1985 0.0000 0.00 0.00 1.00 0 52 8 112 1 0 0 0 0 120120 162957.048
-1.9489 -0.1973 0.0000 0.00 0.00 1.00 0 203 4 112 1 0 0 0 0 120120 162957.098
-1.9576 -0.1968 0.0000 0.00 0.00 1.00 0 42 7 112 1 0 0 0 0 120120 162957.149
-1.9655 -0.1963 0.0000 0.00 0.00 1.00 0 20 7 112 1 0 0 0 0 120120 162957.199
-1.9739 -0.1980 0.0000 0.00 0.00 1.00 0 174 15 112 1 0 0 0 0 120120 162957.249
-1.9819 -0.1979 0.0000 0.00 0.00 1.00 0 110 8 112 1 0 0 0 0 120120 162957.299
-1.9890 -0.1977 0.0000 0.00 0.00 1.00 0 137 8 112 1 0 0 0 0 120120 162957.349
-1.9988 -0.2003 0.0000 0.00 0.00 1.00 0 223 18 112 1 0 0 0 0 120120 162957.400
-2.0069 -0.2006 0.0000 0.00 0.00 1.00 0 201 9 112 1 0 0 0 0 120120 162957.450
-2.0142 -0.2009 0.0000 0.00 0.00 1.00 0 203 9 112 1 0 0 0 0 120120 162957.500
-2.0257 -0.2012 0.0000 0.00 0.00 1.00 0 180 9 112 1 0 0 0 0 120120 162957.550
-2.0343 -0.2015 0.0000 0.00 0.00 1.00 0 200 9 112 1 0 0 0 0 120120 162957.600
-2.0399 -0.1992 0.0000 0.00 0.00 1.00 0 182 255 112 1 0 0 0 0 120120 162957.650
-2.0481 -0.1990 0.0000 0.00 0.00 1.00 0 37 8 112 1 0 0 0 0 120120 162957.701
-2.0562 -0.1989 0.0000 0.00 0.00 1.00 0 73 8 112 1 0 0 0 0 120120 162957.751
-2.0640 -0.1969 0.0000 0.00 0.00 1.00 0 145 0 112 1 0 0 0 0 120120 162957.801
-2.0719 -0.1964 0.0000 0.00 0.00 1.00 0 67 8 112 1 0 0 0 0 120120 162957.851
-2.0799 -0.1959 0.0000 0.00 0.00 1.00 0 60 8 112 1 0 0 0 0 120120 162957.901
-2.0910 -0.1998 0.0000 0.00 0.00 1.00 0 141 10 112 1 0 0 0 0 120120 162957.951
-2.0994 -0.2001 0.0000 0.00 0.00 1.00 0 150 10 112 1 0 0 0 0 120120 162958.002
-2.1070 -0.2003 0.0000 0.00 0.00 1.00 0 122 10 112 1 0 0 0 0 120120 162958.052
-2.1141 -0.1992 0.0000 0.00 0.00 1.00 0 251 9 112 1 0 0 0 0 120120 162958.102
-2.1222 -0.1992 0.0000 0.00 0.00 1.00 0 254 9 112 1 0 0 0 0 120120 162958.152
-2.1279 -0.1986 0.0000 0.00 0.00 1.00 0 134 7 112 1 0 0 0 0 120120 162958.202
-2.1356 -0.1986 0.0000 0.00 0.00 1.00 0 172 9 112 1 0 0 0 0 120120 162958.253
-2.1434 -0.1985 0.0000 0.00 0.00 1.00 0 177 9 112 1 0 0 0 0 120120 162958.303
-2.1476 -0.1982 0.0000 0.00 0.00 1.00 0 154 8 112 1 0 0 0 0 120120 162958.353
-2.1548 -0.1981 0.0000 0.00 0.00 1.00 0 143 9 112 1 0 0 0 0 120120 162958.403
-2.1619 -0.1980 0.0000 0.00 0.00 1.00 0 144 9 112 1 0 0 0 0 120120 162958.453
-2.1705 -0.2015 0.0000 0.00 0.00 1.00 0 131 11 112 1 0 0 0 0 120120 162958.504
-2.1779 -0.2019 0.0000 0.00 0.00 1.00 0 131 11 112 1 0 0 0 0 120120 162958.554
-2.1852 -0.2024 0.0000 0.00 0.00 1.00 0 155 11 112 1 0 0 0 0 120120 162958.604
-2.1956 -0.1972 0.0000 0.00 0.00 1.00 0 46 246 112 1 0 0 0 0 120120 162958.654
-2.2035 -0.1968 0.0000 0.00 0.00 1.00 0 200 8 112 1 0 0 0 0 120120 162958.705
-2.2127 -0.1934 0.0000 0.00 0.00 1.00 0 26 253 112 1 0 0 0 0 120120 162958.755
-2.2209 -0.1925 0.0000 0.00 0.00 1.00 0 11 7 112 1 0 0 0 0 120120 162958.805
-2.2289 -0.1916 0.0000 0.00 0.00 1.00 0 2 7 112 1 0 0 0 0 120120 162958.855
-2.2358 -0.1920 0.0000 0.00 0.00 1.00 0 5 12 112 1 0 0 0 0 120120 162958.905
-2.2435 -0.1913 0.0000 0.00 0.00 1.00 0 150 7 112 1 0 0 0 0 120120 162958.956
-2.2514 -0.1907 0.0000 0.00 0.00 1.00 0 138 7 112 1 0 0 0 0 120120 162959.006
-2.2625 -0.1915 0.0000 0.00 0.00 1.00 0 135 13 112 1 0 0 0 0 120120 162959.056
-2.2708 -0.1911 0.0000 0.00 0.00 1.00 0 83 8 112 1 0 0 0 0 120120 162959.106
-2.2783 -0.1907 0.0000 0.00 0.00 1.00 0 101 8 112 1 0 0 0 0 120120 162959.157
-2.2899 -0.1925 0.0000 0.00 0.00 1.00 0 24 9 112 1 0 0 0 0 120120 162959.207
-2.2997 -0.1923 0.0000 0.00 0.00 1.00 0 23 9 112 1 0 0 0 0 120120 162959.257
-2.3050 -0.1919 0.0000 0.00 0.00 1.00 0 129 7 112 1 0 0 0 0 120120 162959.307
-2.3131 -0.1917 0.0000 0.00 0.00 1.00 0 221 8 112 1 0 0 0 0 120120 162959.357
-2.3213 -0.1916 0.0000 0.00 0.00 1.00 0 218 8 112 1 0 0 0 0 120120 162959.408
-2.3255 -0.1903 0.0000 0.00 0.00 1.00 0 10 4 112 1 0 0 0 0 120120 162959.458
-2.3340 -0.1899 0.0000 0.00 0.00 1.00 0 26 8 112 1 0 0 0 0 120120 162959.508
-2.3408 -0.1895 0.0000 0.00 0.00 1.00 0 51 8 112 1 0 0 0 0 120120 162959.558
-2.3481 -0.1894 0.0000 0.00 0.00 1.00 0 196 8 112 1 0 0 0 0 120120 162959.608
-2.3556 -0.1890 0.0000 0.00 0.00 1.00 0 45 8 112 1 0 0 0 0 120120 162959.658
-2.3616 -0.1888 0.0000 0.00 0.00 1.00 0 86 8 112 1 0 0 0 0 120120 162959.709
-2.3689 -0.1857 0.0000 0.00 0.00 1.00 0 171 6 112 1 0 0 0 0 120120 162959.759
-2.3763 -0.1849 0.0000 0.00 0.00 1.00 0 162 6 112 1 0 0 0 0 120120 162959.809
-2.3821 -0.1843 0.0000 0.00 0.00 1.00 0 36 7 112 1 0 0 0 0 120120 162959.859
-2.3948 -0.1844 0.0000 0.00 0.00 1.00 0 242 6 112 1 0 0 0 0 120120 162959.909
-2.4026 -0.1837 0.0000 0.00 0.00 1.00 0 229 6 112 1 0 0 0 0 120120 162959.960
-2.4110 -0.1826 0.0000 0.00 0.00 1.00 0 160 4 112 1 0 0 0 0 120120 163000.010
-2.4110 -0.1826 0.0000 0.00 0.00 1.00 0 160 4 112 1 0 0 0 0 120120 163000.060
-2.4270 -0.1812 0.0000 0.00 0.00 1.00 0 148 6 112 1 0 0 0 0 120120 163000.110
-2.4384 -0.1826 0.0000 0.00 0.00 1.00 0 195 14 112 1 0 0 0 0 120120 163000.160
-2.4469 -0.1822 0.0000 0.00 0.00 1.00 0 138 7 112 1 0 0 0 0 120120 163000.211
-2.4545 -0.1819 0.0000 0.00 0.00 1.00 0 153 7 112 1 0 0 0 0 120120 163000.261
-2.4616 -0.1821 0.0000 0.00 0.00 1.00 0 113 9 112 1 0 0 0 0 120120 163000.311
-2.4690 -0.1819 0.0000 0.00 0.00 1.00 0 213 7 112 1 0 0 0 0 120120 163000.361
-2.4772 -0.1800 0.0000 0.00 0.00 1.00 0 62 1 112 1 0 0 0 0 120120 163000.411
-2.4852 -0.1794 0.0000 0.00 0.00 1.00 0 204 6 112 1 0 0 0 0 120120 163000.462
-2.4932 -0.1789 0.0000 0.00 0.00 1.00 0 79 7 112 1 0 0 0 0 120120 163000.512
-2.5015 -0.1756 0.0000 0.00 0.00 1.00 0 78 252 112 1 0 0 0 0 120120 163000.562
-2.5096 -0.1746 0.0000 0.00 0.00 1.00 0 182 5 112 1 0 0 0 0 120120 163000.612
-2.5176 -0.1736 0.0000 0.00 0.00 1.00 0 172 5 112 1 0 0 0 0 120120 163000.662
-2.5262 -0.1774 0.0000 0.00 0.00 1.00 0 232 24 112 1 0 0 0 0 120120 163000.713
-2.5344 -0.1772 0.0000 0.00 0.00 1.00 0 48 8 112 1 0 0 0 0 120120 163000.763
-2.5424 -0.1769 0.0000 0.00 0.00 1.00 0 48 8 112 1 0 0 0 0 120120 163000.813
-2.5505 -0.1737 0.0000 0.00 0.00 1.00 0 162 6 112 1 0 0 0 0 120120 163000.863
-2.5587 -0.1730 0.0000 0.00 0.00 1.00 0 148 6 112 1 0 0 0 0 120120 163000.913
-2.5659 -0.1724 0.0000 0.00 0.00 1.00 0 177 6 112 1 0 0 0 0 120120 163000.963
-2.5750 -0.1704 0.0000 0.00 0.00 1.00 0 220 5 112 1 0 0 0 0 120120 163001.014
-2.5832 -0.1695 0.0000 0.00 0.00 1.00 0 190 5 112 1 0 0 0 0 120120 163001.064
-2.5882 -0.1673 0.0000 0.00 0.00 1.00 0 45 0 112 1 0 0 0 0 120120 163001.114
-2.5957 -0.1662 0.0000 0.00 0.00 1.00 0 221 4 112 1 0 0 0 0 120120 163001.164
-2.6033 -0.1651 0.0000 0.00 0.00 1.00 0 212 4 112 1 0 0 0 0 120120 163001.214
-2.6120 -0.1639 0.0000 0.00 0.00 1.00 0 220 3 112 1 0 0 0 0 120120 163001.265
-2.6189 -0.1629 0.0000 0.00 0.00 1.00 0 166 4 112 1 0 0 0 0 120120 163001.315
-2.6267 -0.1617 0.0000 0.00 0.00 1.00 0 136 4 112 1 0 0 0 0 120120 163001.365
-2.6362 -0.1619 0.0000 0.00 0.00 1.00 0 39 5 112 1 0 0 0 0 120120 163001.415
-2.6441 -0.1610 0.0000 0.00 0.00 1.00 0 31 5 112 1 0 0 0 0 120120 163001.466
-2.6563 -0.1613 0.0000 0.00 0.00 1.00 0 113 6 112 1 0 0 0 0 120120 163001.516
-2.6646 -0.1606 0.0000 0.00 0.00 1.00 0 108 6 112 1 0 0 0 0 120120 163001.566
-2.6727 -0.1600 0.0000 0.00 0.00 1.00 0 95 6 112 1 0 0 0 0 120120 163001.616
-2.6806 -0.1584 0.0000 0.00 0.00 1.00 0 16 6 112 1 0 0 0 0 120120 163001.666
-2.6886 -0.1576 0.0000 0.00 0.00 1.00 0 2 6 112 1 0 0 0 0 120120 163001.717
-2.6936 -0.1571 0.0000 0.00 0.00 1.00 0 91 5 112 1 0 0 0 0 120120 163001.767
-2.7042 -0.1543 0.0000 0.00 0.00 1.00 0 22 5 112 1 0 0 0 0 120120 163001.817
-2.7123 -0.1532 0.0000 0.00 0.00 1.00 0 71 5 112 1 0 0 0 0 120120 163001.867
-2.7204 -0.1550 0.0000 0.00 0.00 1.00 0 62 16 112 1 0 0 0 0 120120 163001.917
-2.7286 -0.1544 0.0000 0.00 0.00 1.00 0 9 6 112 1 0 0 0 0 120120 163001.968
-2.7360 -0.1539 0.0000 0.00 0.00 1.00 0 26 6 112 1 0 0 0 0 120120 163002.018
-2.7436 -0.1549 0.0000 0.00 0.00 1.00 0 113 6 112 1 0 0 0 0 120120 163002.068
-2.7515 -0.1546 0.0000 0.00 0.00 1.00 0 103 6 112 1 0 0 0 0 120120 163002.118
-2.7602 -0.1543 0.0000 0.00 0.00 1.00 0 102 6 112 1 0 0 0 0 120120 163002.168
-2.7639 -0.1518 0.0000 0.00 0.00 1.00 0 186 5 112 1 0 0 0 0 120120 163002.218
-2.7713 -0.1511 0.0000 0.00 0.00 1.00 0 223 5 112 1 0 0 0 0 120120 163002.269
-2.7794 -0.1504 0.0000 0.00 0.00 1.00 0 164 5 112 1 0 0 0 0 120120 163002.319
-2.7868 -0.1472 0.0000 0.00 0.00 1.00 0 103 5 112 1 0 0 0 0 120120 163002.369
-2.7950 -0.1463 0.0000 0.00 0.00 1.00 0 36 5 112 1 0 0 0 0 120120 163002.419
-2.8053 -0.1433 0.0000 0.00 0.00 1.00 0 164 252 112 1 0 0 0 0 120120 163002.470
-2.8140 -0.1420 0.0000 0.00 0.00 1.00 0 250 3 112 1 0 0 0 0 120120 163002.520
-2.8213 -0.1410 0.0000 0.00 0.00 1.00 0 55 4 112 1 0 0 0 0 120120 163002.570
-2.8290 -0.1413 0.0000 0.00 0.00 1.00 0 80 4 112 1 0 0 0 0 120120 163002.620
-2.8361 -0.1405 0.0000 0.00 0.00 1.00 0 137 4 112 1 0 0 0 0 120120 163002.670
-2.8448 -0.1394 0.0000 0.00 0.00 1.00 0 115 4 112 1 0 0 0 0 120120 163002.720
-2.8571 -0.1401 0.0000 0.00 0.00 1.00 0 228 4 112 1 0 0 0 0 120120 163002.771
-2.8649 -0.1395 0.0000 0.00 0.00 1.00 0 224 4 112 1 0 0 0 0 120120 163002.821
-2.8744 -0.1388 0.0000 0.00 0.00 1.00 0 206 4 112 1 0 0 0 0 120120 163002.871
-2.8817 -0.1400 0.0000 0.00 0.00 1.00 0 85 5 112 1 0 0 0 0 120120 163002.921
-2.8911 -0.1396 0.0000 0.00 0.00 1.00 0 66 5 112 1 0 0 0 0 120120 163002.971
-2.8986 -0.1381 0.0000 0.00 0.00 1.00 0 248 8 112 1 0 0 0 0 120120 163003.022
-2.9068 -0.1375 0.0000 0.00 0.00 1.00 0 70 13 112 1 0 0 0 0 120120 163003.072
-2.9152 -0.1370 0.0000 0.00 0.00 1.00 0 86 13 112 1 0 0 0 0 120120 163003.122
-2.9215 -0.1338 0.0000 0.00 0.00 1.00 0 107 12 112 1 0 0 0 0 120120 163003.172
-2.9287 -0.1329 0.0000 0.00 0.00 1.00 0 149 12 112 1 0 0 0 0 120120 163003.222
-2.9359 -0.1320 0.0000 0.00 0.00 1.00 0 144 12 112 1 0 0 0 0 120120 163003.272
-2.9418 -0.1293 0.0000 0.00 0.00 1.00 0 163 4 112 1 0 0 0 0 120120 163003.323
-2.9493 -0.1281 0.0000 0.00 0.00 1.00 0 207 11 112 1 0 0 0 0 120120 163003.373
-2.9568 -0.1268 0.0000 0.00 0.00 1.00 0 192 11 112 1 0 0 0 0 120120 163003.423
-2.9669 -0.1292 0.0000 0.00 0.00 1.00 0 198 12 112 1 0 0 0 0 120120 163003.473
-2.9748 -0.1285 0.0000 0.00 0.00 1.00 0 198 12 112 1 0 0 0 0 120120 163003.523
-2.9817 -0.1279 0.0000 0.00 0.00 1.00 0 199 12 112 1 0 0 0 0 120120 163003.573
-2.9883 -0.1265 0.0000 0.00 0.00 1.00 0 139 12 112 1 0 0 0 0 120120 163003.624
-2.9958 -0.1257 0.0000 0.00 0.00 1.00 0 133 12 112 1 0 0 0 0 120120 163003.674
-3.0064 -0.1224 0.0000 0.00 0.00 1.00 0 254 11 112 1 0 0 0 0 120120 163003.724
-3.0144 -0.1212 0.0000 0.00 0.00 1.00 0 203 11 112 1 0 0 0 0 120120 163003.774
-3.0225 -0.1200 0.0000 0.00 0.00 1.00 0 191 11 112 1 0 0 0 0 120120 163003.824
-3.0289 -0.1215 0.0000 0.00 0.00 1.00 0 110 12 112 1 0 0 0 0 120120 163003.875
-3.0365 -0.1208 0.0000 0.00 0.00 1.00 0 109 12 112 1 0 0 0 0 120120 163003.925
-3.0447 -0.1200 0.0000 0.00 0.00 1.00 0 100 12 112 1 0 0 0 0 120120 163003.975
-3.0498 -0.1145 0.0000 0.00 0.00 1.00 0 3 11 112 1 0 0 0 0 120120 163004.025
-3.0572 -0.1130 0.0000 0.00 0.00 1.00 0 241 10 112 1 0 0 0 0 120120 163004.075
-3.0640 -0.1116 0.0000 0.00 0.00 1.00 0 43 11 112 1 0 0 0 0 120120 163004.125
-3.0730 -0.1102 0.0000 0.00 0.00 1.00 0 207 10 112 1 0 0 0 0 120120 163004.176
-3.0803 -0.1087 0.0000 0.00 0.00 1.00 0 198 10 112 1 0 0 0 0 120120 163004.226
-3.0902 -0.1101 0.0000 0.00 0.00 1.00 0 193 22 112 1 0 0 0 0 120120 163004.276
-3.0982 -0.1091 0.0000 0.00 0.00 1.00 0 139 11 112 1 0 0 0 0 120120 163004.326
-3.1061 -0.1082 0.0000 0.00 0.00 1.00 0 108 11 112 1 0 0 0 0 120120 163004.376
-3.1160 -0.1079 0.0000 0.00 0.00 1.00 0 157 11 112 1 0 0 0 0 120120 163004.427
-3.1241 -0.1070 0.0000 0.00 0.00 1.00 0 156 11 112 1 0 0 0 0 120120 163004.477
-3.1323 -0.1062 0.0000 0.00 0.00 1.00 0 149 11 112 1 0 0 0 0 120120 163004.527
-3.1447 -0.1066 0.0000 0.00 0.00 1.00 0 254 11 112 1 0 0 0 0 120120 163004.577
-3.1535 -0.1059 0.0000 0.00 0.00 1.00 0 253 11 112 1 0 0 0 0 120120 163004.627
-3.1614 -0.1053 0.0000 0.00 0.00 1.00 0 255 11 112 1 0 0 0 0 120120 163004.678
-3.1672 -0.0987 0.0000 0.00 0.00 1.00 0 70 10 112 1 0 0 0 0 120120 163004.728
-3.1755 -0.0971 0.0000 0.00 0.00 1.00 0 48 10 112 1 0 0 0 0 120120 163004.778
-3.1829 -0.0980 0.0000 0.00 0.00 1.00 0 178 19 112 1 0 0 0 0 120120 163004.828
-3.1915 -0.0968 0.0000 0.00 0.00 1.00 0 159 10 112 1 0 0 0 0 120120 163004.878
-3.1992 -0.0957 0.0000 0.00 0.00 1.00 0 179 10 112 1 0 0 0 0 120120 163004.928
-3.2009 -0.0935 0.0000 0.00 0.00 1.00 0 18 4 112 1 0 0 0 0 120120 163004.979
-3.2079 -0.0922 0.0000 0.00 0.00 1.00 0 40 10 112 1 0 0 0 0 120120 163005.029
-3.2149 -0.0909 0.0000 0.00 0.00 1.00 0 16 10 112 1 0 0 0 0 120120 163005.079
-3.2223 -0.0900 0.0000 0.00 0.00 1.00 0 18 10 112 1 0 0 0 0 120120 163005.129
-3.2294 -0.0887 0.0000 0.00 0.00 1.00 0 186 9 112 1 0 0 0 0 120120 163005.180
-3.2364 -0.0875 0.0000 0.00 0.00 1.00 0 238 9 112 1 0 0 0 0 120120 163005.230
-3.2431 -0.0858 0.0000 0.00 0.00 1.00 0 195 9 112 1 0 0 0 0 120120 163005.280
-3.2501 -0.0845 0.0000 0.00 0.00 1.00 0 178 9 112 1 0 0 0 0 120120 163005.330
-3.2550 -0.0836 0.0000 0.00 0.00 1.00 0 97 8 112 1 0 0 0 0 120120 163005.380
-3.2636 -0.0824 0.0000 0.00 0.00 1.00 0 178 9 112 1 0 0 0 0 120120 163005.430
-3.2707 -0.0812 0.0000 0.00 0.00 1.00 0 153 9 112 1 0 0 0 0 120120 163005.481
-3.2825 -0.0811 0.0000 0.00 0.00 1.00 0 220 14 112 1 0 0 0 0 120120 163005.531
-3.2903 -0.0801 0.0000 0.00 0.00 1.00 0 227 9 112 1 0 0 0 0 120120 163005.581
-3.2980 -0.0790 0.0000 0.00 0.00 1.00 0 219 9 112 1 0 0 0 0 120120 163005.631
-3.3089 -0.0791 0.0000 0.00 0.00 1.00 0 218 9 112 1 0 0 0 0 120120 163005.682
-3.3171 -0.0782 0.0000 0.00 0.00 1.00 0 207 9 112 1 0 0 0 0 120120 163005.732
-3.3253 -0.0772 0.0000 0.00 0.00 1.00 0 200 9 112 1 0 0 0 0 120120 163005.782
-3.3297 -0.0736 0.0000 0.00 0.00 1.00 0 243 8 112 1 0 0 0 0 120120 163005.832
-3.3374 -0.0722 0.0000 0.00 0.00 1.00 0 227 8 112 1 0 0 0 0 120120 163005.882
-3.3480 -0.0720 0.0000 0.00 0.00 1.00 0 246 13 112 1 0 0 0 0 120120 163005.933
-3.3562 -0.0708 0.0000 0.00 0.00 1.00 0 11 9 112 1 0 0 0 0 120120 163005.983
-3.3643 -0.0696 0.0000 0.00 0.00 1.00 0 252 8 112 1 0 0 0 0 120120 163006.033
-3.3726 -0.0687 0.0000 0.00 0.00 1.00 0 232 8 112 1 0 0 0 0 120120 163006.083
-3.3807 -0.0676 0.0000 0.00 0.00 1.00 0 230 8 112 1 0 0 0 0 120120 163006.134
-3.3888 -0.0664 0.0000 0.00 0.00 1.00 0 213 8 112 1 0 0 0 0 120120 163006.184
-3.3944 -0.0618 0.0000 0.00 0.00 1.00 0 174 7 112 1 0 0 0 0 120120 163006.234
-3.4021 -0.0601 0.0000 0.00 0.00 1.00 0 147 7 112 1 0 0 0 0 120120 163006.284
-3.4128 -0.0563 0.0000 0.00 0.00 1.00 0 246 255 112 1 0 0 0 0 120120 163006.334
-3.4207 -0.0544 0.0000 0.00 0.00 1.00 0 185 6 112 1 0 0 0 0 120120 163006.384
-3.4291 -0.0523 0.0000 0.00 0.00 1.00 0 137 6 112 1 0 0 0 0 120120 163006.435
-3.4372 -0.0510 0.0000 0.00 0.00 1.00 0 92 9 112 1 0 0 0 0 120120 163006.485
-3.4454 -0.0490 0.0000 0.00 0.00 1.00 0 121 6 112 1 0 0 0 0 120120 163006.535
-3.4536 -0.0471 0.0000 0.00 0.00 1.00 0 80 6 112 1 0 0 0 0 120120 163006.585
-3.4544 -0.0498 0.0000 0.00 0.00 1.00 0 100 7 112 1 0 0 0 0 120120 163006.635
-3.4609 -0.0487 0.0000 0.00 0.00 1.00 0 143 7 112 1 0 0 0 0 120120 163006.686
-3.4684 -0.0475 0.0000 0.00 0.00 1.00 0 74 7 112 1 0 0 0 0 120120 163006.736
-3.4767 -0.0472 0.0000 0.00 0.00 1.00 0 117 7 112 1 0 0 0 0 120120 163006.786
-3.4840 -0.0462 0.0000 0.00 0.00 1.00 0 95 7 112 1 0 0 0 0 120120 163006.836
-3.4904 -0.0453 0.0000 0.00 0.00 1.00 0 156 7 112 1 0 0 0 0 120120 163006.886
-3.5004 -0.0436 0.0000 0.00 0.00 1.00 0 22 7 112 1 0 0 0 0 120120 163006.937
-3.5078 -0.0425 0.0000 0.00 0.00 1.00 0 24 7 112 1 0 0 0 0 120120 163006.987
-3.5125 -0.0379 0.0000 0.00 0.00 1.00 0 174 248 112 1 0 0 0 0 120120 163007.037
-3.5197 -0.0362 0.0000 0.00 0.00 1.00 0 240 5 112 1 0 0 0 0 120120 163007.087
-3.5267 -0.0345 0.0000 0.00 0.00 1.00 0 223 5 112 1 0 0 0 0 120120 163007.137
-3.5396 -0.0339 0.0000 0.00 0.00 1.00 0 64 6 112 1 0 0 0 0 120120 163007.187
-3.5475 -0.0323 0.0000 0.00 0.00 1.00 0 38 6 112 1 0 0 0 0 120120 163007.238
-3.5554 -0.0308 0.0000 0.00 0.00 1.00 0 32 6 112 1 0 0 0 0 120120 163007.288
-3.5646 -0.0314 0.0000 0.00 0.00 1.00 0 149 6 112 1 0 0 0 0 120120 163007.338
-3.5729 -0.0302 0.0000 0.00 0.00 1.00 0 132 6 112 1 0 0 0 0 120120 163007.388
-3.5811 -0.0290 0.0000 0.00 0.00 1.00 0 120 6 112 1 0 0 0 0 120120 163007.438
-3.5914 -0.0227 0.0000 0.00 0.00 1.00 0 6 5 112 1 0 0 0 0 120120 163007.488
-3.5998 -0.0208 0.0000 0.00 0.00 1.00 0 229 4 112 1 0 0 0 0 120120 163007.539
-3.6062 -0.0159 0.0000 0.00 0.00 1.00 0 166 248 112 1 0 0 0 0 120120 163007.589
-3.6143 -0.0135 0.0000 0.00 0.00 1.00 0 179 3 112 1 0 0 0 0 120120 163007.639
-3.6224 -0.0110 0.0000 0.00 0.00 1.00 0 130 3 112 1 0 0 0 0 120120 163007.689
-3.6307 -0.0108 0.0000 0.00 0.00 1.00 0 0 12 112 1 0 0 0 0 120120 163007.739
-3.6388 -0.0088 0.0000 0.00 0.00 1.00 0 197 3 112 1 0 0 0 0 120120 163007.789
-3.6468 -0.0067 0.0000 0.00 0.00 1.00 0 196 3 112 1 0 0 0 0 120120 163007.840
-3.6468 -0.0067 0.0000 0.00 0.00 1.00 0 0 0 127 0 0 0 0 0 120120 163007.890
-3.6468 -0.0067 0.0000 0.00 0.00 1.00 0 0 0 127 0 0 0 0 0 120120 163007.940
-3.6468 -0.0067 0.0000 0.00 0.00 1.00 0 0 0 127 0 0 0 0 0 120120 163007.990
-3.6468 -0.0067 0.0000 0.00 0.00 1.00 0 0 0 127 0 0 0 0 0 120120 163008.041
-3.6468 -0.0067 0.0000 0.00 0.00 1.00 0 0 0 127 0 0 0 0 0 120120 163008.091
-3.6468 -0.0067 0.0000 0.00 0.00 1.00 0 0 0 127 0 0 0 0 0 120120 163008.141
-3.6468 -0.0067 0.0000 0.00 0.00 1.00 0 0 0 127 0 0 0 0 0 120120 163008.191
-3.6468 -0.0067 0.0000 0.00 0.00 1.00 0 0 0 127 0 0 0 0 0 120120 163008.241
-3.6468 -0.0067 0.0000 0.00 0.00 1.00 0 0 0 127 0 0 0 0 0 120120 163008.292
-3.6468 -0.0067 0.0000 0.00 0.00 1.00 0 0 0 127 0 0 0 0 0 120120 163008.342
-3.6468 -0.0067 0.0000 0.00 0.00 1.00 0 0 0 127 0 0 0 0 0 120120 163008.392
-3.6468 -0.0067 0.0000 0.00 0.00 1.00 0 0 0 127 0 0 0 0 0 120120 163008.442
-3.6468 -0.0067 0.0000 0.00 0.00 1.00 0 0 0 127 0 0 0 0 0 120120 163008.493
-3.6468 -0.0067 0.0000 0.00 0.00 1.00 0 0 0 127 0 0 0 0 0 120120 163008.543
-3.6468 -0.0067 0.0000 0.00 0.00 1.00 0 0 0 127 0 0 0 0 0 120120 163008.593
-3.6468 -0.0067 0.0000 0.00 0.00 1.00 0 0 0 127 0 0 0 0 0 120120 163008.643
-3.6468 -0.0067 0.0000 0.00 0.00 1.00 0 0 0 127 0 0 0 0 0 120120 163008.694
-3.6468 -0.0067 0.0000 0.00 0.00 1.00 0 0 0 127 0 0 0 0 0 120120 163008.744
-3.6468 -0.0067 0.0000 0.00 0.00 1.00 0 0 0 127 0 0 0 0 0 120120 163008.794
-3.6468 -0.0067 0.0000 0.00 0.00 1.00 0 0 0 127 0 0 0 0 0 120120 163008.844
-3.6468 -0.0067 0.0000 0.00 0.00 1.00 0 0 0 127 0 0 0 0 0 120120 163008.895
-3.6468 -0.0067 0.0000 0.00 0.00 1.00 0 0 0 127 0 0 0 0 0 120120 163008.945
-3.6468 -0.0067 0.0000 0.00 0.00 1.00 0 0 0 127 0 0 0 0 0 120120 163008.995
-3.6468 -0.0067 0.0000 0.00 0.00 1.00 0 0 0 127 0 0 0 0 0 120120 163009.045
-3.6468 -0.0067 0.0000 0.00 0.00 1.00 0 0 0 127 0 0 0 0 0 120120 163009.095
-3.6468 -0.0067 0.0000 0.00 0.00 1.00 0 0 0 127 0 0 0 0 0 120120 163009.146
-3.6468 -0.0067 0.0000 0.00 0.00 1.00 0 0 0 127 0 0 0 0 0 120120 163009.196
-3.6468 -0.0067 0.0000 0.00 0.00 1.00 0 0 0 127 0 0 0 0 0 120120 163009.246
-3.6468 -0.0067 0.0000 0.00 0.00 1.00 0 0 0 127 0 0 0 0 0 120120 163009.296
-3.6468 -0.0067 0.0000 0.00 0.00 1.00 0 0 0 127 0 0 0 0 0 120120 163009.347
-3.6468 -0.0067 0.0000 0.00 0.00 1.00 0 0 0 127 0 0 0 0 0 120120 163009.397
-3.6468 -0.0067 0.0000 0.00 0.00 1.00 0 0 0 127 0 0 0 0 0 120120 163009.447
-3.6468 -0.0067 0.0000 0.00 0.00 1.00 0 0 0 127 0 0 0 0 0 120120 163009.497
-3.6468 -0.0067 0.0000 0.00 0.00 1.00 0 0 0 127 0 0 0 0 0 120120 163009.548
-3.6468 -0.0067 0.0000 0.00 0.00 1.00 0 0 0 127 0 0 0 0 0 120120 163009.598
-3.6468 -0.0067 0.0000 0.00 0.00 1.00 0 0 0 127 0 0 0 0 0 120120 163009.648
-3.6468 -0.0067 0.0000 0.00 0.00 1.00 0 0 0 127 0 0 0 0 0 120120 163009.698
-3.6468 -0.0067 0.0000 0.00 0.00 1.00 0 0 0 127 0 0 0 0 0 120120 163009.749
-3.6468 -0.0067 0.0000 0.00 0.00 1.00 0 0 0 127 0 0 0 0 0 120120 163009.799
-3.6468 -0.0067 0.0000 0.00 0.00 1.00 0 0 0 127 0 0 0 0 0 120120 163009.849
-3.6468 -0.0067 0.0000 0.00 0.00 1.00 0 0 0 127 0 0 0 0 0 120120 163009.899
-3.6468 -0.0067 0.0000 0.00 0.00 1.00 0 0 0 127 0 0 0 0 0 120120 163009.950
-3.6468 -0.0067 0.0000 0.00 0.00 1.00 0 0 0 127 0 0 0 0 0 120120 163010.000
-3.6468 -0.0067 0.0000 0.00 0.00 1.00 0 0 0 127 0 0 0 0 0 120120 163010.050
-3.6468 -0.0067 0.0000 0.00 0.00 1.00 0 0 0 127 0 0 0 0 0 120120 163010.100
-3.6468 -0.0067 0.0000 0.00 0.00 1.00 0 0 0 127 0 0 0 0 0 120120 163010.150
-3.6468 -0.0067 0.0000 0.00 0.00 1.00 0 0 0 127 0 0 0 0 0 120120 163010.201
-3.6468 -0.0067 0.0000 0.00 0.00 1.00 0 0 0 127 0 0 0 0 0 120120 163010.251
-3.6468 -0.0067 0.0000 0.00 0.00 1.00 0 0 0 127 0 0 0 0 0 120120 163010.301
-3.6468 -0.0067 0.0000 0.00 0.00 1.00 0 0 0 127 0 0 0 0 0 120120 163010.351
-3.6468 -0.0067 0.0000 0.00 0.00 1.00 0 0 0 127 0 0 0 0 0 120120 163010.401
-3.6468 -0.0067 0.0000 0.00 0.00 1.00 0 0 0 127 0 0 0 0 0 120120 163010.452
-3.6468 -0.0067 0.0000 0.00 0.00 1.00 0 0 0 127 0 0 0 0 0 120120 163010.502
-3.6468 -0.0067 0.0000 0.00 0.00 1.00 0 0 0 127 0 0 0 0 0 120120 163010.552
-3.6468 -0.0067 0.0000 0.00 0.00 1.00 0 0 0 127 0 0 0 0 0 120120 163010.602
-3.6468 -0.0067 0.0000 0.00 0.00 1.00 0 0 0 127 0 0 0 0 0 120120 163010.652
-3.6468 -0.0067 0.0000 0.00 0.00 1.00 0 0 0 127 0 0 0 0 0 120120 163010.703
-3.6468 -0.0067 0.0000 0.00 0.00 1.00 0 0 0 127 0 0 0 0 0 120120 163010.753
-3.6468 -0.0067 0.0000 0.00 0.00 1.00 0 0 0 127 0 0 0 0 0 120120 163010.803
-3.6468 -0.0067 0.0000 0.00 0.00 1.00 0 0 0 127 0 0 0 0 0 120120 163010.853
-3.6468 -0.0067 0.0000 0.00 0.00 1.00 0 0 0 127 0 0 0 0 0 120120 163010.903
-3.6468 -0.0067 0.0000 0.00 0.00 1.00 0 0 0 127 0 0 0 0 0 120120 163010.954
-3.6468 -0.0067 0.0000 0.00 0.00 1.00 0 0 0 127 0 0 0 0 0 120120 163011.004
-3.6468 -0.0067 0.0000 0.00 0.00 1.00 0 0 0 127 0 0 0 0 0 120120 163011.054
-3.6468 -0.0067 0.0000 0.00 0.00 1.00 0 0 0 127 0 0 0 0 0 120120 163011.104
-3.6468 -0.0067 0.0000 0.00 0.00 1.00 0 0 0 127 0 0 0 0 0 120120 163011.155
-3.6468 -0.0067 0.0000 0.00 0.00 1.00 0 0 0 127 0 0 0 0 0 120120 163011.205
-3.6468 -0.0067 0.0000 0.00 0.00 1.00 0 0 0 127 0 0 0 0 0 120120 163011.255
-3.6468 -0.0067 0.0000 0.00 0.00 1.00 0 0 0 127 0 0 0 0 0 120120 163011.305
-3.6468 -0.0067 0.0000 0.00 0.00 1.00 0 0 0 127 0 0 0 0 0 120120 163011.355
-3.6468 -0.0067 0.0000 0.00 0.00 1.00 0 0 0 127 0 0 0 0 0 120120 163011.406
-3.6468 -0.0067 0.0000 0.00 0.00 1.00 0 0 0 127 0 0 0 0 0 120120 163011.456
-3.6468 -0.0067 0.0000 0.00 0.00 1.00 0 0 0 127 0 0 0 0 0 120120 163011.506
-3.6468 -0.0067 0.0000 0.00 0.00 1.00 0 0 0 127 0 0 0 0 0 120120 163011.556
-3.6468 -0.0067 0.0000 0.00 0.00 1.00 0 0 0 127 0 0 0 0 0 120120 163011.606
-3.6468 -0.0067 0.0000 0.00 0.00 1.00 0 0 0 127 0 0 0 0 0 120120 163011.657
-3.6468 -0.0067 0.0000 0.00 0.00 1.00 0 0 0 127 0 0 0 0 0 120120 163011.707
-3.6468 -0.0067 0.0000 0.00 0.00 1.00 0 0 0 127 0 0 0 0 0 120120 163011.757
-3.6468 -0.0067 0.0000 0.00 0.00 1.00 0 0 0 127 0 0 0 0 0 120120 163011.807
-3.6468 -0.0067 0.0000 0.00 0.00 1.00 0 0 0 127 0 0 0 0 0 120120 163011.857
-3.6468 -0.0067 0.0000 0.00 0.00 1.00 0 0 0 127 0 0 0 0 0 120120 163011.908
-3.6468 -0.0067 0.0000 0.00 0.00 1.00 0 0 0 127 0 0 0 0 0 120120 163011.958
-3.6468 -0.0067 0.0000 0.00 0.00 1.00 0 0 0 127 0 0 0 0 0 120120 163012.008
-3.6468 -0.0067 0.0000 0.00 0.00 1.00 0 0 0 127 0 0 0 0 0 120120 163012.058
-3.6468 -0.0067 0.0000 0.00 0.00 1.00 0 0 0 127 0 0 0 0 0 120120 163012.108
-3.6468 -0.0067 0.0000 0.00 0.00 1.00 0 0 0 127 0 0 0 0 0 120120 163012.159
-3.6468 -0.0067 0.0000 0.00 0.00 1.00 0 0 0 127 0 0 0 0 0 120120 163012.209
-3.6468 -0.0067 0.0000 0.00 0.00 1.00 0 0 0 127 0 0 0 0 0 120120 163012.259
-3.6468 -0.0067 0.0000 0.00 0.00 1.00 0 0 0 127 0 0 0 0 0 120120 163012.309
-3.6468 -0.0067 0.0000 0.00 0.00 1.00 0 0 0 127 0 0 0 0 0 120120 163012.360
-3.6468 -0.0067 0.0000 0.00 0.00 1.00 0 0 0 127 0 0 0 0 0 120120 163012.410
-3.6468 -0.0067 0.0000 0.00 0.00 1.00 0 0 0 127 0 0 0 0 0 120120 163012.460
-3.6468 -0.0067 0.0000 0.00 0.00 1.00 0 0 0 127 0 0 0 0 0 120120 163012.510
-3.6468 -0.0067 0.0000 0.00 0.00 1.00 0 0 0 127 0 0 0 0 0 120120 163012.560
-3.6468 -0.0067 0.0000 0.00 0.00 1.00 0 0 0 127 0 0 0 0 0 120120 163012.611
-3.6468 -0.0067 0.0000 0.00 0.00 1.00 0 0 0 127 0 0 0 0 0 120120 163012.661
-3.6468 -0.0067 0.0000 0.00 0.00 1.00 0 0 0 127 0 0 0 0 0 120120 163012.711
-3.6468 -0.0067 0.0000 0.00 0.00 1.00 0 0 0 127 0 0 0 0 0 120120 163012.761
-3.6468 -0.0067 0.0000 0.00 0.00 1.00 0 0 0 127 0 0 0 0 0 120120 163012.811
-3.6468 -0.0067 0.0000 0.00 0.00 1.00 0 0 0 127 0 0 0 0 0 120120 163012.862
-3.6468 -0.0067 0.0000 0.00 0.00 1.00 0 0 0 127 0 0 0 0 0 120120 163012.912
-3.6468 -0.0067 0.0000 0.00 0.00 1.00 0 0 0 127 0 0 0 0 0 120120 163012.962
-3.6468 -0.0067 0.0000 0.00 0.00 1.00 0 0 0 127 0 0 0 0 0 120120 163013.012
-3.6468 -0.0067 0.0000 0.00 0.00 1.00 0 0 0 127 0 0 0 0 0 120120 163013.062
-3.6468 -0.0067 0.0000 0.00 0.00 1.00 0 0 0 127 0 0 0 0 0 120120 163013.112
-3.6468 -0.0067 0.0000 0.00 0.00 1.00 0 0 0 127 0 0 0 0 0 120120 163013.163
-3.6468 -0.0067 0.0000 0.00 0.00 1.00 0 0 0 127 0 0 0 0 0 120120 163013.213
-3.6468 -0.0067 0.0000 0.00 0.00 1.00 0 0 0 127 0 0 0 0 0 120120 163013.263
-3.6468 -0.0067 0.0000 0.00 0.00 1.00 0 0 0 127 0 0 0 0 0 120120 163013.313
-3.6468 -0.0067 0.0000 0.00 0.00 1.00 0 0 0 127 0 0 0 0 0 120120 163013.363
-3.6468 -0.0067 0.0000 0.00 0.00 1.00 0 0 0 127 0 0 0 0 0 120120 163013.413
-3.6468 -0.0067 0.0000 0.00 0.00 1.00 0 0 0 127 0 0 0 0 0 120120 163013.464
-3.6468 -0.0067 0.0000 0.00 0.00 1.00 0 0 0 127 0 0 0 0 0 120120 163013.514
-3.6468 -0.0067 0.0000 0.00 0.00 1.00 0 0 0 127 0 0 0 0 0 120120 163013.564
-3.6468 -0.0067 0.0000 0.00 0.00 1.00 0 0 0 127 0 0 0 0 0 120120 163013.614
-3.6468 -0.0067 0.0000 0.00 0.00 1.00 0 0 0 127 0 0 0 0 0 120120 163013.665
-3.6468 -0.0067 0.0000 0.00 0.00 1.00 0 0 0 127 0 0 0 0 0 120120 163013.715
-3.6468 -0.0067 0.0000 0.00 0.00 1.00 0 0 0 127 0 0 0 0 0 120120 163013.765
-3.6468 -0.0067 0.0000 0.00 0.00 1.00 0 0 0 127 0 0 0 0 0 120120 163013.815
-3.6468 -0.0067 0.0000 0.00 0.00 1.00 0 0 0 127 0 0 0 0 0 120120 163013.865
-3.6468 -0.0067 0.0000 0.00 0.00 1.00 0 0 0 127 0 0 0 0 0 120120 163013.915
-3.6468 -0.0067 0.0000 0.00 0.00 1.00 0 0 0 127 0 0 0 0 0 120120 163013.966
-3.6468 -0.0067 0.0000 0.00 0.00 1.00 0 0 0 127 0 0 0 0 0 120120 163014.016
-3.6468 -0.0067 0.0000 0.00 0.00 1.00 0 0 0 127 0 0 0 0 0 120120 163014.066
-3.6468 -0.0067 0.0000 0.00 0.00 1.00 0 0 0 127 0 0 0 0 0 120120 163014.116
-3.6468 -0.0067 0.0000 0.00 0.00 1.00 0 0 0 127 0 0 0 0 0 120120 163014.166
-3.6468 -0.0067 0.0000 0.00 0.00 1.00 0 0 0 127 0 0 0 0 0 120120 163014.217
-3.6468 -0.0067 0.0000 0.00 0.00 1.00 0 0 0 127 0 0 0 0 0 120120 163014.267
-3.6468 -0.0067 0.0000 0.00 0.00 1.00 0 0 0 127 0 0 0 0 0 120120 163014.317
-3.6468 -0.0067 0.0000 0.00 0.00 1.00 0 0 0 127 0 0 0 0 0 120120 163014.367
-3.6468 -0.0067 0.0000 0.00 0.00 1.00 0 0 0 127 0 0 0 0 0 120120 163014.417
-3.6468 -0.0067 0.0000 0.00 0.00 1.00 0 0 0 127 0 0 0 0 0 120120 163014.468
-3.6468 -0.0067 0.0000 0.00 0.00 1.00 0 0 0 127 0 0 0 0 0 120120 163014.518
-3.6468 -0.0067 0.0000 0.00 0.00 1.00 0 0 0 127 0 0 0 0 0 120120 163014.568
-3.6468 -0.0067 0.0000 0.00 0.00 1.00 0 0 0 127 0 0 0 0 0 120120 163014.618
-3.6468 -0.0067 0.0000 0.00 0.00 1.00 0 0 0 127 0 0 0 0 0 120120 163014.668
-3.6468 -0.0067 0.0000 0.00 0.00 1.00 0 0 0 127 0 0 0 0 0 120120 163014.718
-3.6468 -0.0067 0.0000 0.00 0.00 1.00 0 0 0 127 0 0 0 0 0 120120 163014.768
-3.6468 -0.0067 0.0000 0.00 0.00 1.00 0 0 0 127 0 0 0 0 0 120120 163014.819
-3.6468 -0.0067 0.0000 0.00 0.00 1.00 0 0 0 127 0 0 0 0 0 120120 163014.869
-3.6468 -0.0067 0.0000 0.00 0.00 1.00 0 0 0 127 0 0 0 0 0 120120 163014.919
-3.6468 -0.0067 0.0000 0.00 0.00 1.00 0 0 0 127 0 0 0 0 0 120120 163014.969
-3.6468 -0.0067 0.0000 0.00 0.00 1.00 0 0 0 127 0 0 0 0 0 120120 163015.019
-3.6468 -0.0067 0.0000 0.00 0.00 1.00 0 0 0 127 0 0 0 0 0 120120 163015.069
-3.6468 -0.0067 0.0000 0.00 0.00 1.00 0 0 0 127 0 0 0 0 0 120120 163015.120
-3.6468 -0.0067 0.0000 0.00 0.00 1.00 0 0 0 127 0 0 0 0 0 120120 163015.170
-3.6468 -0.0067 0.0000 0.00 0.00 1.00 0 0 0 127 0 0 0 0 0 120120 163015.220
-3.6468 -0.0067 0.0000 0.00 0.00 1.00 0 0 0 127 0 0 0 0 0 120120 163015.270
-3.6468 -0.0067 0.0000 0.00 0.00 1.00 0 0 0 127 0 0 0 0 0 120120 163015.320
-3.6468 -0.0067 0.0000 0.00 0.00 1.00 0 0 0 127 0 0 0 0 0 120120 163015.371
-3.6468 -0.0067 0.0000 0.00 0.00 1.00 0 0 0 127 0 0 0 0 0 120120 163015.421
-3.6468 -0.0067 0.0000 0.00 0.00 1.00 0 0 0 127 0 0 0 0 0 120120 163015.471
-3.6468 -0.0067 0.0000 0.00 0.00 1.00 0 0 0 127 0 0 0 0 0 120120 163015.521
-3.6468 -0.0067 0.0000 0.00 0.00 1.00 0 0 0 127 0 0 0 0 0 120120 163015.571
-3.6468 -0.0067 0.0000 0.00 0.00 1.00 0 0 0 127 0 0 0 0 0 120120 163015.622
-3.6468 -0.0067 0.0000 0.00 0.00 1.00 0 0 0 127 0 0 0 0 0 120120 163015.672
-3.6468 -0.0067 0.0000 0.00 0.00 1.00 0 0 0 127 0 0 0 0 0 120120 163015.722
-3.6468 -0.0067 0.0000 0.00 0.00 1.00 0 0 0 127 0 0 0 0 0 120120 163015.772
-3.6468 -0.0067 0.0000 0.00 0.00 1.00 0 0 0 127 0 0 0 0 0 120120 163015.822
-3.6468 -0.0067 0.0000 0.00 0.00 1.00 0 0 0 127 0 0 0 0 0 120120 163015.872
-3.6468 -0.0067 0.0000 0.00 0.00 1.00 0 0 0 127 0 0 0 0 0 120120 163015.923
-3.6468 -0.0067 0.0000 0.00 0.00 1.00 0 0 0 127 0 0 0 0 0 120120 163015.973
-3.6468 -0.0067 0.0000 0.00 0.00 1.00 0 0 0 127 0 0 0 0 0 120120 163016.023
-3.6468 -0.0067 0.0000 0.00 0.00 1.00 0 0 0 127 0 0 0 0 0 120120 163016.073
-3.6468 -0.0067 0.0000 0.00 0.00 1.00 0 0 0 127 0 0 0 0 0 120120 163016.123
-3.6468 -0.0067 0.0000 0.00 0.00 1.00 0 0 0 127 0 0 0 0 0 120120 163016.173
-3.6468 -0.0067 0.0000 0.00 0.00 1.00 0 0 0 127 0 0 0 0 0 120120 163016.224
-3.6468 -0.0067 0.0000 0.00 0.00 1.00 0 0 0 127 0 0 0 0 0 120120 163016.274
-3.6468 -0.0067 0.0000 0.00 0.00 1.00 0 0 0 127 0 0 0 0 0 120120 163016.324
-3.6468 -0.0067 0.0000 0.00 0.00 1.00 0 0 0 127 0 0 0 0 0 120120 163016.374
-3.6468 -0.0067 0.0000 0.00 0.00 1.00 0 0 0 127 0 0 0 0 0 120120 163016.424
-3.6468 -0.0067 0.0000 0.00 0.00 1.00 0 0 0 127 0 0 0 0 0 120120 163016.475
-3.6468 -0.0067 0.0000 0.00 0.00 1.00 0 0 0 127 0 0 0 0 0 120120 163016.525
-3.6468 -0.0067 0.0000 0.00 0.00 1.00 0 0 0 127 0 0 0 0 0 120120 163016.575
-3.6468 -0.0067 0.0000 0.00 0.00 1.00 0 0 0 127 0 0 0 0 0 120120 163016.625
-3.6468 -0.0067 0.0000 0.00 0.00 1.00 0 0 0 127 0 0 0 0 0 120120 163016.675
-3.6468 -0.0067 0.0000 0.00 0.00 1.00 0 0 0 127 0 0 0 0 0 120120 163016.726
-3.6468 -0.0067 0.0000 0.00 0.00 1.00 0 0 0 127 0 0 0 0 0 120120 163016.776
-3.6468 -0.0067 0.0000 0.00 0.00 1.00 0 0 0 127 0 0 0 0 0 120120 163016.826
-3.6468 -0.0067 0.0000 0.00 0.00 1.00 0 0 0 127 0 0 0 0 0 120120 163016.876
-3.6468 -0.0067 0.0000 0.00 0.00 1.00 0 0 0 127 0 0 0 0 0 120120 163016.926
-3.6468 -0.0067 0.0000 0.00 0.00 1.00 0 0 0 127 0 0 0 0 0 120120 163016.976
-3.6468 -0.0067 0.0000 0.00 0.00 1.00 0 0 0 127 0 0 0 0 0 120120 163017.027
-3.6468 -0.0067 0.0000 0.00 0.00 1.00 0 0 0 127 0 0 0 0 0 120120 163017.077
-3.6468 -0.0067 0.0000 0.00 0.00 1.00 0 0 0 127 0 0 0 0 0 120120 163017.127
-3.6468 -0.0067 0.0000 0.00 0.00 1.00 0 0 0 127 0 0 0 0 0 120120 163017.177
-3.6468 -0.0067 0.0000 0.00 0.00 1.00 0 0 0 127 0 0 0 0 0 120120 163017.227
-3.6468 -0.0067 0.0000 0.00 0.00 1.00 0 0 0 127 0 0 0 0 0 120120 163017.278
-3.6468 -0.0067 0.0000 0.00 0.00 1.00 0 0 0 127 0 0 0 0 0 120120 163017.328
-3.6468 -0.0067 0.0000 0.00 0.00 1.00 0 0 0 127 0 0 0 0 0 120120 163017.378
-3.6468 -0.0067 0.0000 0.00 0.00 1.00 0 0 0 127 0 0 0 0 0 120120 163017.428
-3.6468 -0.0067 0.0000 0.00 0.00 1.00 0 0 0 127 0 0 0 0 0 120120 163017.478
-3.6468 -0.0067 0.0000 0.00 0.00 1.00 0 0 0 127 0 0 0 0 0 120120 163017.529
-3.6468 -0.0067 0.0000 0.00 0.00 1.00 0 0 0 127 0 0 0 0 0 120120 163017.579
-3.6468 -0.0067 0.0000 0.00 0.00 1.00 0 0 0 127 0 0 0 0 0 120120 163017.629
-3.6468 -0.0067 0.0000 0.00 0.00 1.00 0 0 0 127 0 0 0 0 0 120120 163017.679
-3.6468 -0.0067 0.0000 0.00 0.00 1.00 0 0 0 127 0 0 0 0 0 120120 163017.729
-3.6468 -0.0067 0.0000 0.00 0.00 1.00 0 0 0 127 0 0 0 0 0 120120 163017.780
-3.6468 -0.0067 0.0000 0.00 0.00 1.00 0 0 0 127 0 0 0 0 0 120120 163017.830
-3.6468 -0.0067 0.0000 0.00 0.00 1.00 0 0 0 127 0 0 0 0 0 120120 163017.880
-3.6468 -0.0067 0.0000 0.00 0.00 1.00 0 0 0 127 0 0 0 0 0 120120 163017.930
-3.6468 -0.0067 0.0000 0.00 0.00 1.00 0 0 0 127 0 0 0 0 0 120120 163017.980
-3.6468 -0.0067 0.0000 0.00 0.00 1.00 0 0 0 127 0 0 0 0 0 120120 163018.031
-3.6468 -0.0067 0.0000 0.00 0.00 1.00 0 0 0 127 0 0 0 0 0 120120 163018.081
-3.6468 -0.0067 0.0000 0.00 0.00 1.00 0 0 0 127 0 0 0 0 0 120120 163018.131
-3.6468 -0.0067 0.0000 0.00 0.00 1.00 0 0 0 127 0 0 0 0 0 120120 163018.181
-3.6468 -0.0067 0.0000 0.00 0.00 1.00 0 0 0 127 0 0 0 0 0 120120 163018.231
-3.6468 -0.0067 0.0000 0.00 0.00 1.00 0 0 0 127 0 0 0 0 0 120120 163018.281
-3.6468 -0.0067 0.0000 0.00 0.00 1.00 0 0 0 127 0 0 0 0 0 120120 163018.332
-3.6468 -0.0067 0.0000 0.00 0.00 1.00 0 0 0 127 0 0 0 0 0 120120 163018.382
-3.6468 -0.0067 0.0000 0.00 0.00 1.00 0 0 0 127 0 0 0 0 0 120120 163018.432
-3.6468 -0.0067 0.0000 0.00 0.00 1.00 0 0 0 127 0 0 0 0 0 120120 163018.482
-3.6468 -0.0067 0.0000 0.00 0.00 1.00 0 0 0 127 0 0 0 0 0 120120 163018.532
-3.6468 -0.0067 0.0000 0.00 0.00 1.00 0 0 0 127 0 0 0 0 0 120120 163018.583
-3.6468 -0.0067 0.0000 0.00 0.00 1.00 0 0 0 127 0 0 0 0 0 120120 163018.633
-3.6468 -0.0067 0.0000 0.00 0.00 1.00 0 0 0 127 0 0 0 0 0 120120 163018.683
-3.6468 -0.0067 0.0000 0.00 0.00 1.00 0 0 0 127 0 0 0 0 0 120120 163018.733
-3.6468 -0.0067 0.0000 0.00 0.00 1.00 0 0 0 127 0 0 0 0 0 120120 163018.783
-3.6468 -0.0067 0.0000 0.00 0.00 1.00 0 0 0 127 0 0 0 0 0 120120 163018.834
-3.6468 -0.0067 0.0000 0.00 0.00 1.00 0 0 0 127 0 0 0 0 0 120120 163018.884
-3.6468 -0.0067 0.0000 0.00 0.00 1.00 0 0 0 127 0 0 0 0 0 120120 163018.934
-3.6468 -0.0067 0.0000 0.00 0.00 1.00 0 0 0 127 0 0 0 0 0 120120 163018.984
-3.6468 -0.0067 0.0000 0.00 0.00 1.00 0 0 0 127 0 0 0 0 0 120120 163019.035
-3.6468 -0.0067 0.0000 0.00 0.00 1.00 0 0 0 127 0 0 0 0 0 120120 163019.085
-3.6468 -0.0067 0.0000 0.00 0.00 1.00 0 0 0 127 0 0 0 0 0 120120 163019.135
-3.6468 -0.0067 0.0000 0.00 0.00 1.00 0 0 0 127 0 0 0 0 0 120120 163019.185
-3.6468 -0.0067 0.0000 0.00 0.00 1.00 0 0 0 127 0 0 0 0 0 120120 163019.235
-3.6468 -0.0067 0.0000 0.00 0.00 1.00 0 0 0 127 0 0 0 0 0 120120 163019.286
-3.6468 -0.0067 0.0000 0.00 0.00 1.00 0 0 0 127 0 0 0 0 0 120120 163019.336
-3.6468 -0.0067 0.0000 0.00 0.00 1.00 0 0 0 127 0 0 0 0 0 120120 163019.386
-3.6468 -0.0067 0.0000 0.00 0.00 1.00 0 0 0 127 0 0 0 0 0 120120 163019.436
-3.6468 -0.0067 0.0000 0.00 0.00 1.00 0 0 0 127 0 0 0 0 0 120120 163019.486
-3.6468 -0.0067 0.0000 0.00 0.00 1.00 0 0 0 127 0 0 0 0 0 120120 163019.536
-3.6468 -0.0067 0.0000 0.00 0.00 1.00 0 0 0 127 0 0 0 0 0 120120 163019.586
-3.6468 -0.0067 0.0000 0.00 0.00 1.00 0 0 0 127 0 0 0 0 0 120120 163019.636
-3.6468 -0.0067 0.0000 0.00 0.00 1.00 0 0 0 127 0 0 0 0 0 120120 163019.687
-3.6468 -0.0067 0.0000 0.00 0.00 1.00 0 0 0 127 0 0 0 0 0 120120 163019.737
-3.6468 -0.0067 0.0000 0.00 0.00 1.00 0 0 0 127 0 0 0 0 0 120120 163019.787
-3.6468 -0.0067 0.0000 0.00 0.00 1.00 0 0 0 127 0 0 0 0 0 120120 163019.837
-3.6468 -0.0067 0.0000 0.00 0.00 1.00 0 0 0 127 0 0 0 0 0 120120 163019.887
-3.6468 -0.0067 0.0000 0.00 0.00 1.00 0 0 0 127 0 0 0 0 0 120120 163019.937
-3.6468 -0.0067 0.0000 0.00 0.00 1.00 0 0 0 127 0 0 0 0 0 120120 163019.988
-3.6468 -0.0067 0.0000 0.00 0.00 1.00 0 0 0 127 0 0 0 0 0 120120 163020.038
-3.6468 -0.0067 0.0000 0.00 0.00 1.00 0 0 0 127 0 0 0 0 0 120120 163020.088
-3.6468 -0.0067 0.0000 0.00 0.00 1.00 0 0 0 127 0 0 0 0 0 120120 163020.138
-3.6468 -0.0067 0.0000 0.00 0.00 1.00 0 0 0 127 0 0 0 0 0 120120 163020.189
-3.6468 -0.0067 0.0000 0.00 0.00 1.00 0 0 0 127 0 0 0 0 0 120120 163020.239
-3.6468 -0.0067 0.0000 0.00 0.00 1.00 0 0 0 127 0 0 0 0 0 120120 163020.289
-3.6468 -0.0067 0.0000 0.00 0.00 1.00 0 0 0 127 0 0 0 0 0 120120 163020.339
-3.6468 -0.0067 0.0000 0.00 0.00 1.00 0 0 0 127 0 0 0 0 0 120120 163020.389
-3.6468 -0.0067 0.0000 0.00 0.00 1.00 0 0 0 127 0 0 0 0 0 120120 163020.439
-3.6468 -0.0067 0.0000 0.00 0.00 1.00 0 0 0 127 0 0 0 0 0 120120 163020.490
-3.6468 -0.0067 0.0000 0.00 0.00 1.00 0 0 0 127 0 0 0 0 0 120120 163020.540
-3.6468 -0.0067 0.0000 0.00 0.00 1.00 0 0 0 127 0 0 0 0 0 120120 163020.590
-3.6468 -0.0067 0.0000 0.00 0.00 1.00 0 0 0 127 0 0 0 0 0 120120 163020.640
-3.6468 -0.0067 0.0000 0.00 0.00 1.00 0 0 0 127 0 0 0 0 0 120120 163020.690
-3.6468 -0.0067 0.0000 0.00 0.00 1.00 0 0 0 127 0 0 0 0 0 120120 163020.740
-3.6468 -0.0067 0.0000 0.00 0.00 1.00 0 0 0 127 0 0 0 0 0 120120 163020.790
-3.6468 -0.0067 0.0000 0.00 0.00 1.00 0 0 0 127 0 0 0 0 0 120120 163020.841
-3.6468 -0.0067 0.0000 0.00 0.00 1.00 0 0 0 127 0 0 0 0 0 120120 163020.891
-3.6468 -0.0067 0.0000 0.00 0.00 1.00 0 0 0 127 0 0 0 0 0 120120 163020.941
-3.6468 -0.0067 0.0000 0.00 0.00 1.00 0 0 0 127 0 0 0 0 0 120120 163020.991
-3.6468 -0.0067 0.0000 0.00 0.00 1.00 0 0 0 127 0 0 0 0 0 120120 163021.041
-3.6468 -0.0067 0.0000 0.00 0.00 1.00 0 0 0 127 0 0 0 0 0 120120 163021.092
-3.6468 -0.0067 0.0000 0.00 0.00 1.00 0 0 0 127 0 0 0 0 0 120120 163021.142
-3.6468 -0.0067 0.0000 0.00 0.00 1.00 0 0 0 127 0 0 0 0 0 120120 163021.192
-3.6468 -0.0067 0.0000 0.00 0.00 1.00 0 0 0 127 0 0 0 0 0 120120 163021.242
-3.6468 -0.0067 0.0000 0.00 0.00 1.00 0 0 0 127 0 0 0 0 0 120120 163021.292
-3.6468 -0.0067 0.0000 0.00 0.00 1.00 0 0 0 127 0 0 0 0 0 120120 163021.342
-3.6468 -0.0067 0.0000 0.00 0.00 1.00 0 0 0 127 0 0 0 0 0 120120 163021.393
-3.6468 -0.0067 0.0000 0.00 0.00 1.00 0 0 0 127 0 0 0 0 0 120120 163021.443
-3.6468 -0.0067 0.0000 0.00 0.00 1.00 0 0 0 127 0 0 0 0 0 120120 163021.493
-3.6468 -0.0067 0.0000 0.00 0.00 1.00 0 0 0 127 0 0 0 0 0 120120 163021.543
-3.6468 -0.0067 0.0000 0.00 0.00 1.00 0 0 0 127 0 0 0 0 0 120120 163021.593
-3.6468 -0.0067 0.0000 0.00 0.00 1.00 0 0 0 127 0 0 0 0 0 120120 163021.643
-3.6468 -0.0067 0.0000 0.00 0.00 1.00 0 0 0 127 0 0 0 0 0 120120 163021.694
-3.6468 -0.0067 0.0000 0.00 0.00 1.00 0 0 0 127 0 0 0 0 0 120120 163021.744
-3.6468 -0.0067 0.0000 0.00 0.00 1.00 0 0 0 127 0 0 0 0 0 120120 163021.794
-3.6468 -0.0067 0.0000 0.00 0.00 1.00 0 0 0 127 0 0 0 0 0 120120 163021.844
-3.6468 -0.0067 0.0000 0.00 0.00 1.00 0 0 0 127 0 0 0 0 0 120120 163021.895
-3.6468 -0.0067 0.0000 0.00 0.00 1.00 0 0 0 127 0 0 0 0 0 120120 163021.945
-3.6468 -0.0067 0.0000 0.00 0.00 1.00 0 0 0 127 0 0 0 0 0 120120 163021.995
-3.6468 -0.0067 0.0000 0.00 0.00 1.00 0 0 0 127 0 0 0 0 0 120120 163022.045
-3.6468 -0.0067 0.0000 0.00 0.00 1.00 0 0 0 127 0 0 0 0 0 120120 163022.095
-3.6468 -0.0067 0.0000 0.00 0.00 1.00 0 0 0 127 0 0 0 0 0 120120 163022.146
-3.6468 -0.0067 0.0000 0.00 0.00 1.00 0 0 0 127 0 0 0 0 0 120120 163022.196
-3.6468 -0.0067 0.0000 0.00 0.00 1.00 0 0 0 127 0 0 0 0 0 120120 163022.246
-3.6468 -0.0067 0.0000 0.00 0.00 1.00 0 0 0 127 0 0 0 0 0 120120 163022.296
-3.6468 -0.0067 0.0000 0.00 0.00 1.00 0 0 0 127 0 0 0 0 0 120120 163022.346
-3.6468 -0.0067 0.0000 0.00 0.00 1.00 0 0 0 127 0 0 0 0 0 120120 163022.397
-3.6468 -0.0067 0.0000 0.00 0.00 1.00 0 0 0 127 0 0 0 0 0 120120 163022.447
-3.6468 -0.0067 0.0000 0.00 0.00 1.00 0 0 0 127 0 0 0 0 0 120120 163022.497
-3.6468 -0.0067 0.0000 0.00 0.00 1.00 0 0 0 127 0 0 0 0 0 120120 163022.547
-3.6468 -0.0067 0.0000 0.00 0.00 1.00 0 0 0 127 0 0 0 0 0 120120 163022.598
-3.6468 -0.0067 0.0000 0.00 0.00 1.00 0 0 0 127 0 0 0 0 0 120120 163022.648
-3.6468 -0.0067 0.0000 0.00 0.00 1.00 0 0 0 127 0 0 0 0 0 120120 163022.698
-3.6468 -0.0067 0.0000 0.00 0.00 1.00 0 0 0 127 0 0 0 0 0 120120 163022.748
-3.6468 -0.0067 0.0000 0.00 0.00 1.00 0 0 0 127 0 0 0 0 0 120120 163022.799
-3.6468 -0.0067 0.0000 0.00 0.00 1.00 0 0 0 127 0 0 0 0 0 120120 163022.849
-3.6468 -0.0067 0.0000 0.00 0.00 1.00 0 0 0 127 0 0 0 0 0 120120 163022.899
-3.6468 -0.0067 0.0000 0.00 0.00 1.00 0 0 0 127 0 0 0 0 0 120120 163022.949
-3.6468 -0.0067 0.0000 0.00 0.00 1.00 0 0 0 127 0 0 0 0 0 120120 163023.000
-3.6468 -0.0067 0.0000 0.00 0.00 1.00 0 0 0 127 0 0 0 0 0 120120 163023.050
-3.6468 -0.0067 0.0000 0.00 0.00 1.00 0 0 0 127 0 0 0 0 0 120120 163023.100
-3.6468 -0.0067 0.0000 0.00 0.00 1.00 0 0 0 127 0 0 0 0 0 120120 163023.150
-3.6468 -0.0067 0.0000 0.00 0.00 1.00 0 0 0 127 0 0 0 0 0 120120 163023.200
-3.6468 -0.0067 0.0000 0.00 0.00 1.00 0 0 0 127 0 0 0 0 0 120120 163023.250
-3.6468 -0.0067 0.0000 0.00 0.00 1.00 0 0 0 127 0 0 0 0 0 120120 163023.301
-3.6468 -0.0067 0.0000 0.00 0.00 1.00 0 0 0 127 0 0 0 0 0 120120 163023.351
-3.6468 -0.0067 0.0000 0.00 0.00 1.00 0 0 0 127 0 0 0 0 0 120120 163023.401
-3.6468 -0.0067 0.0000 0.00 0.00 1.00 0 0 0 127 0 0 0 0 0 120120 163023.451
-3.6468 -0.0067 0.0000 0.00 0.00 1.00 0 0 0 127 0 0 0 0 0 120120 163023.502
-3.6468 -0.0067 0.0000 0.00 0.00 1.00 0 0 0 127 0 0 0 0 0 120120 163023.552
-3.6468 -0.0067 0.0000 0.00 0.00 1.00 0 0 0 127 0 0 0 0 0 120120 163023.602
-3.6468 -0.0067 0.0000 0.00 0.00 1.00 0 0 0 127 0 0 0 0 0 120120 163023.652
-3.6468 -0.0067 0.0000 0.00 0.00 1.00 0 0 0 127 0 0 0 0 0 120120 163023.702
-3.6468 -0.0067 0.0000 0.00 0.00 1.00 0 0 0 127 0 0 0 0 0 120120 163023.753
-3.6468 -0.0067 0.0000 0.00 0.00 1.00 0 0 0 127 0 0 0 0 0 120120 163023.803
-3.6468 -0.0067 0.0000 0.00 0.00 1.00 0 0 0 127 0 0 0 0 0 120120 163023.853
-3.6468 -0.0067 0.0000 0.00 0.00 1.00 0 0 0 127 0 0 0 0 0 120120 163023.904
-3.6468 -0.0067 0.0000 0.00 0.00 1.00 0 0 0 127 0 0 0 0 0 120120 163023.954
-3.6468 -0.0067 0.0000 0.00 0.00 1.00 0 0 0 127 0 0 0 0 0 120120 163024.004
-3.6468 -0.0067 0.0000 0.00 0.00 1.00 0 0 0 127 0 0 0 0 0 120120 163024.054
-3.6468 -0.0067 0.0000 0.00 0.00 1.00 0 0 0 127 0 0 0 0 0 120120 163024.104
-3.6468 -0.0067 0.0000 0.00 0.00 1.00 0 0 0 127 0 0 0 0 0 120120 163024.155
-3.6468 -0.0067 0.0000 0.00 0.00 1.00 0 0 0 127 0 0 0 0 0 120120 163024.205
-3.6468 -0.0067 0.0000 0.00 0.00 1.00 0 0 0 127 0 0 0 0 0 120120 163024.255
-3.6468 -0.0067 0.0000 0.00 0.00 1.00 0 0 0 127 0 0 0 0 0 120120 163024.305
-3.6468 -0.0067 0.0000 0.00 0.00 1.00 0 0 0 127 0 0 0 0 0 120120 163024.355
-3.6468 -0.0067 0.0000 0.00 0.00 1.00 0 0 0 127 0 0 0 0 0 120120 163024.406
-3.6468 -0.0067 0.0000 0.00 0.00 1.00 0 0 0 127 0 0 0 0 0 120120 163024.456
-3.6468 -0.0067 0.0000 0.00 0.00 1.00 0 0 0 127 0 0 0 0 0 120120 163024.506
-3.6468 -0.0067 0.0000 0.00 0.00 1.00 0 0 0 127 0 0 0 0 0 120120 163024.556
-3.6468 -0.0067 0.0000 0.00 0.00 1.00 0 0 0 127 0 0 0 0 0 120120 163024.606
-3.6468 -0.0067 0.0000 0.00 0.00 1.00 0 0 0 127 0 0 0 0 0 120120 163024.657
-3.6468 -0.0067 0.0000 0.00 0.00 1.00 0 0 0 127 0 0 0 0 0 120120 163024.707
-3.6468 -0.0067 0.0000 0.00 0.00 1.00 0 0 0 127 0 0 0 0 0 120120 163024.757
-3.6468 -0.0067 0.0000 0.00 0.00 1.00 0 0 0 127 0 0 0 0 0 120120 163024.807
-3.6468 -0.0067 0.0000 0.00 0.00 1.00 0 0 0 127 0 0 0 0 0 120120 163024.857
-3.6468 -0.0067 0.0000 0.00 0.00 1.00 0 0 0 127 0 0 0 0 0 120120 163024.908
-3.6468 -0.0067 0.0000 0.00 0.00 1.00 0 0 0 127 0 0 0 0 0 120120 163024.958
-3.6468 -0.0067 0.0000 0.00 0.00 1.00 0 0 0 127 0 0 0 0 0 120120 163025.008
-3.6468 -0.0067 0.0000 0.00 0.00 1.00 0 0 0 127 0 0 0 0 0 120120 163025.058
-3.6468 -0.0067 0.0000 0.00 0.00 1.00 0 0 0 127 0 0 0 0 0 120120 163025.109
-3.6468 -0.0067 0.0000 0.00 0.00 1.00 0 0 0 127 0 0 0 0 0 120120 163025.159
-3.6468 -0.0067 0.0000 0.00 0.00 1.00 0 0 0 127 0 0 0 0 0 120120 163025.209
-3.6468 -0.0067 0.0000 0.00 0.00 1.00 0 0 0 127 0 0 0 0 0 120120 163025.259
-3.6468 -0.0067 0.0000 0.00 0.00 1.00 0 0 0 127 0 0 0 0 0 120120 163025.309
-3.6468 -0.0067 0.0000 0.00 0.00 1.00 0 0 0 127 0 0 0 0 0 120120 163025.360
-3.6468 -0.0067 0.0000 0.00 0.00 1.00 0 0 0 127 0 0 0 0 0 120120 163025.410
-3.6468 -0.0067 0.0000 0.00 0.00 1.00 0 0 0 127 0 0 0 0 0 120120 163025.460
-3.6468 -0.0067 0.0000 0.00 0.00 1.00 0 0 0 127 0 0 0 0 0 120120 163025.510
-3.6468 -0.0067 0.0000 0.00 0.00 1.00 0 0 0 127 0 0 0 0 0 120120 163025.560
-3.6468 -0.0067 0.0000 0.00 0.00 1.00 0 0 0 127 0 0 0 0 0 120120 163025.610
-3.6468 -0.0067 0.0000 0.00 0.00 1.00 0 0 0 127 0 0 0 0 0 120120 163025.661
-3.6468 -0.0067 0.0000 0.00 0.00 1.00 0 0 0 127 0 0 0 0 0 120120 163025.711
-3.6468 -0.0067 0.0000 0.00 0.00 1.00 0 0 0 127 0 0 0 0 0 120120 163025.761
-3.6468 -0.0067 0.0000 0.00 0.00 1.00 0 0 0 127 0 0 0 0 0 120120 163025.811
-3.6468 -0.0067 0.0000 0.00 0.00 1.00 0 0 0 127 0 0 0 0 0 120120 163025.861
-3.6468 -0.0067 0.0000 0.00 0.00 1.00 0 0 0 127 0 0 0 0 0 120120 163025.912
-3.6468 -0.0067 0.0000 0.00 0.00 1.00 0 0 0 127 0 0 0 0 0 120120 163025.962
-3.6468 -0.0067 0.0000 0.00 0.00 1.00 0 0 0 127 0 0 0 0 0 120120 163026.012
-3.6468 -0.0067 0.0000 0.00 0.00 1.00 0 0 0 127 0 0 0 0 0 120120 163026.062
-3.6468 -0.0067 0.0000 0.00 0.00 1.00 0 0 0 127 0 0 0 0 0 120120 163026.112
-3.6468 -0.0067 0.0000 0.00 0.00 1.00 0 0 0 127 0 0 0 0 0 120120 163026.163
-3.6468 -0.0067 0.0000 0.00 0.00 1.00 0 0 0 127 0 0 0 0 0 120120 163026.213
-3.6468 -0.0067 0.0000 0.00 0.00 1.00 0 0 0 127 0 0 0 0 0 120120 163026.263
-3.6468 -0.0067 0.0000 0.00 0.00 1.00 0 0 0 127 0 0 0 0 0 120120 163026.313
-3.6468 -0.0067 0.0000 0.00 0.00 1.00 0 0 0 127 0 0 0 0 0 120120 163026.363
-3.6468 -0.0067 0.0000 0.00 0.00 1.00 0 0 0 127 0 0 0 0 0 120120 163026.413
-3.6468 -0.0067 0.0000 0.00 0.00 1.00 0 0 0 127 0 0 0 0 0 120120 163026.464
-3.6468 -0.0067 0.0000 0.00 0.00 1.00 0 0 0 127 0 0 0 0 0 120120 163026.514
-3.6468 -0.0067 0.0000 0.00 0.00 1.00 0 0 0 127 0 0 0 0 0 120120 163026.564
-3.6468 -0.0067 0.0000 0.00 0.00 1.00 0 0 0 127 0 0 0 0 0 120120 163026.614
-3.6468 -0.0067 0.0000 0.00 0.00 1.00 0 0 0 127 0 0 0 0 0 120120 163026.664
-3.6468 -0.0067 0.0000 0.00 0.00 1.00 0 0 0 127 0 0 0 0 0 120120 163026.714
-3.6468 -0.0067 0.0000 0.00 0.00 1.00 0 0 0 127 0 0 0 0 0 120120 163026.765
-3.6468 -0.0067 0.0000 0.00 0.00 1.00 0 0 0 127 0 0 0 0 0 120120 163026.815
-3.6468 -0.0067 0.0000 0.00 0.00 1.00 0 0 0 127 0 0 0 0 0 120120 163026.865
-3.6468 -0.0067 0.0000 0.00 0.00 1.00 0 0 0 127 0 0 0 0 0 120120 163026.916
-3.6468 -0.0067 0.0000 0.00 0.00 1.00 0 0 0 127 0 0 0 0 0 120120 163026.966
-3.6468 -0.0067 0.0000 0.00 0.00 1.00 0 0 0 127 0 0 0 0 0 120120 163027.016
-3.6468 -0.0067 0.0000 0.00 0.00 1.00 0 0 0 127 0 0 0 0 0 120120 163027.066
-3.6468 -0.0067 0.0000 0.00 0.00 1.00 0 0 0 127 0 0 0 0 0 120120 163027.117
-3.6468 -0.0067 0.0000 0.00 0.00 1.00 0 0 0 127 0 0 0 0 0 120120 163027.167
-3.6468 -0.0067 0.0000 0.00 0.00 1.00 0 0 0 127 0 0 0 0 0 120120 163027.217
-3.6468 -0.0067 0.0000 0.00 0.00 1.00 0 0 0 127 0 0 0 0 0 120120 163027.268
-3.6468 -0.0067 0.0000 0.00 0.00 1.00 0 0 0 127 0 0 0 0 0 120120 163027.318
-3.6468 -0.0067 0.0000 0.00 0.00 1.00 0 0 0 127 0 0 0 0 0 120120 163027.368
-3.6468 -0.0067 0.0000 0.00 0.00 1.00 0 0 0 127 0 0 0 0 0 120120 163027.418
-3.6468 -0.0067 0.0000 0.00 0.00 1.00 0 0 0 127 0 0 0 0 0 120120 163027.468
-3.6468 -0.0067 0.0000 0.00 0.00 1.00 0 0 0 127 0 0 0 0 0 120120 163027.519
-3.6468 -0.0067 0.0000 0.00 0.00 1.00 0 0 0 127 0 0 0 0 0 120120 163027.569
-3.6468 -0.0067 0.0000 0.00 0.00 1.00 0 0 0 127 0 0 0 0 0 120120 163027.620
-3.6468 -0.0067 0.0000 0.00 0.00 1.00 0 0 0 127 0 0 0 0 0 120120 163027.670
-3.6468 -0.0067 0.0000 0.00 0.00 1.00 0 0 0 127 0 0 0 0 0 120120 163027.720
-3.6468 -0.0067 0.0000 0.00 0.00 1.00 0 0 0 127 0 0 0 0 0 120120 163027.770
-3.6468 -0.0067 0.0000 0.00 0.00 1.00 0 0 0 127 0 0 0 0 0 120120 163027.821
-3.6468 -0.0067 0.0000 0.00 0.00 1.00 0 0 0 127 0 0 0 0 0 120120 163027.871
-3.6468 -0.0067 0.0000 0.00 0.00 1.00 0 0 0 127 0 0 0 0 0 120120 163027.921
-3.6468 -0.0067 0.0000 0.00 0.00 1.00 0 0 0 127 0 0 0 0 0 120120 163027.971
-3.6468 -0.0067 0.0000 0.00 0.00 1.00 0 0 0 127 0 0 0 0 0 120120 163028.022
-3.6468 -0.0067 0.0000 0.00 0.00 1.00 0 0 0 127 0 0 0 0 0 120120 163028.072
-3.6468 -0.0067 0.0000 0.00 0.00 1.00 0 0 0 127 0 0 0 0 0 120120 163028.122
-3.6468 -0.0067 0.0000 0.00 0.00 1.00 0 0 0 127 0 0 0 0 0 120120 163028.173
-3.6468 -0.0067 0.0000 0.00 0.00 1.00 0 0 0 127 0 0 0 0 0 120120 163028.223
-3.6468 -0.0067 0.0000 0.00 0.00 1.00 0 0 0 127 0 0 0 0 0 120120 163028.273
-3.6468 -0.0067 0.0000 0.00 0.00 1.00 0 0 0 127 0 0 0 0 0 120120 163028.323
-3.6468 -0.0067 0.0000 0.00 0.00 1.00 0 0 0 127 0 0 0 0 0 120120 163028.374
-3.6468 -0.0067 0.0000 0.00 0.00 1.00 0 0 0 127 0 0 0 0 0 120120 163028.424
-3.6468 -0.0067 0.0000 0.00 0.00 1.00 0 0 0 127 0 0 0 0 0 120120 163028.474
-3.6468 -0.0067 0.0000 0.00 0.00 1.00 0 0 0 127 0 0 0 0 0 120120 163028.525
-3.6468 -0.0067 0.0000 0.00 0.00 1.00 0 0 0 127 0 0 0 0 0 120120 163028.575
-3.6468 -0.0067 0.0000 0.00 0.00 1.00 0 0 0 127 0 0 0 0 0 120120 163028.625
-3.6468 -0.0067 0.0000 0.00 0.00 1.00 0 0 0 127 0 0 0 0 0 120120 163028.675
-3.6468 -0.0067 0.0000 0.00 0.00 1.00 0 0 0 127 0 0 0 0 0 120120 163028.726
-3.6468 -0.0067 0.0000 0.00 0.00 1.00 0 0 0 127 0 0 0 0 0 120120 163028.776
-3.6468 -0.0067 0.0000 0.00 0.00 1.00 0 0 0 127 0 0 0 0 0 120120 163028.826
-3.6468 -0.0067 0.0000 0.00 0.00 1.00 0 0 0 127 0 0 0 0 0 120120 163028.876
-3.6468 -0.0067 0.0000 0.00 0.00 1.00 0 0 0 127 0 0 0 0 0 120120 163028.926
-3.6468 -0.0067 0.0000 0.00 0.00 1.00 0 0 0 127 0 0 0 0 0 120120 163028.977
-3.6468 -0.0067 0.0000 0.00 0.00 1.00 0 0 0 127 0 0 0 0 0 120120 163029.027
-3.6468 -0.0067 0.0000 0.00 0.00 1.00 0 0 0 127 0 0 0 0 0 120120 163029.077
-3.6468 -0.0067 0.0000 0.00 0.00 1.00 0 0 0 127 0 0 0 0 0 120120 163029.127
-3.6468 -0.0067 0.0000 0.00 0.00 1.00 0 0 0 127 0 0 0 0 0 120120 163029.178
-3.6468 -0.0067 0.0000 0.00 0.00 1.00 0 0 0 127 0 0 0 0 0 120120 163029.228
-3.6468 -0.0067 0.0000 0.00 0.00 1.00 0 0 0 127 0 0 0 0 0 120120 163029.278
-3.6468 -0.0067 0.0000 0.00 0.00 1.00 0 0 0 127 0 0 0 0 0 120120 163029.328
-3.6468 -0.0067 0.0000 0.00 0.00 1.00 0 0 0 127 0 0 0 0 0 120120 163029.378
-3.6468 -0.0067 0.0000 0.00 0.00 1.00 0 0 0 127 0 0 0 0 0 120120 163029.429
-3.6468 -0.0067 0.0000 0.00 0.00 1.00 0 0 0 127 0 0 0 0 0 120120 163029.479
-3.6468 -0.0067 0.0000 0.00 0.00 1.00 0 0 0 127 0 0 0 0 0 120120 163029.529
-3.6468 -0.0067 0.0000 0.00 0.00 1.00 0 0 0 127 0 0 0 0 0 120120 163029.579
-3.6468 -0.0067 0.0000 0.00 0.00 1.00 0 0 0 127 0 0 0 0 0 120120 163029.629
-3.6468 -0.0067 0.0000 0.00 0.00 1.00 0 0 0 127 0 0 0 0 0 120120 163029.680
-3.6468 -0.0067 0.0000 0.00 0.00 1.00 0 0 0 127 0 0 0 0 0 120120 163029.730
-3.6468 -0.0067 0.0000 0.00 0.00 1.00 0 0 0 127 0 0 0 0 0 120120 163029.780
-3.6468 -0.0067 0.0000 0.00 0.00 1.00 0 0 0 127 0 0 0 0 0 120120 163029.830
-3.6468 -0.0067 0.0000 0.00 0.00 1.00 0 0 0 127 0 0 0 0 0 120120 163029.881
-3.6468 -0.0067 0.0000 0.00 0.00 1.00 0 0 0 127 0 0 0 0 0 120120 163029.931
-3.6468 -0.0067 0.0000 0.00 0.00 1.00 0 0 0 127 0 0 0 0 0 120120 163029.981
-3.6468 -0.0067 0.0000 0.00 0.00 1.00 0 0 0 127 0 0 0 0 0 120120 163030.031
-3.6468 -0.0067 0.0000 0.00 0.00 1.00 0 0 0 127 0 0 0 0 0 120120 163030.081
-3.6468 -0.0067 0.0000 0.00 0.00 1.00 0 0 0 127 0 0 0 0 0 120120 163030.131
-3.6468 -0.0067 0.0000 0.00 0.00 1.00 0 0 0 127 0 0 0 0 0 120120 163030.181
-3.6468 -0.0067 0.0000 0.00 0.00 1.00 0 0 0 127 0 0 0 0 0 120120 163030.232
-3.6468 -0.0067 0.0000 0.00 0.00 1.00 0 0 0 127 0 0 0 0 0 120120 163030.282
-3.6468 -0.0067 0.0000 0.00 0.00 1.00 0 0 0 127 0 0 0 0 0 120120 163030.332
-3.6468 -0.0067 0.0000 0.00 0.00 1.00 0 0 0 127 0 0 0 0 0 120120 163030.382
-3.6468 -0.0067 0.0000 0.00 0.00 1.00 0 0 0 127 0 0 0 0 0 120120 163030.432
-3.6468 -0.0067 0.0000 0.00 0.00 1.00 0 0 0 127 0 0 0 0 0 120120 163030.483
-3.6468 -0.0067 0.0000 0.00 0.00 1.00 0 0 0 127 0 0 0 0 0 120120 163030.533
-3.6468 -0.0067 0.0000 0.00 0.00 1.00 0 0 0 127 0 0 0 0 0 120120 163030.583
-3.6468 -0.0067 0.0000 0.00 0.00 1.00 0 0 0 127 0 0 0 0 0 120120 163030.633
-3.6468 -0.0067 0.0000 0.00 0.00 1.00 0 0 0 127 0 0 0 0 0 120120 163030.684
-3.6468 -0.0067 0.0000 0.00 0.00 1.00 0 0 0 127 0 0 0 0 0 120120 163030.734
-3.6468 -0.0067 0.0000 0.00 0.00 1.00 0 0 0 127 0 0 0 0 0 120120 163030.784
-3.6468 -0.0067 0.0000 0.00 0.00 1.00 0 0 0 127 0 0 0 0 0 120120 163030.834
-3.6468 -0.0067 0.0000 0.00 0.00 1.00 0 0 0 127 0 0 0 0 0 120120 163030.884
-3.6468 -0.0067 0.0000 0.00 0.00 1.00 0 0 0 127 0 0 0 0 0 120120 163030.935
-3.6468 -0.0067 0.0000 0.00 0.00 1.00 0 0 0 127 0 0 0 0 0 120120 163030.985
-3.6468 -0.0067 0.0000 0.00 0.00 1.00 0 0 0 127 0 0 0 0 0 120120 163031.035
-3.6468 -0.0067 0.0000 0.00 0.00 1.00 0 0 0 127 0 0 0 0 0 120120 163031.085
-3.6468 -0.0067 0.0000 0.00 0.00 1.00 0 0 0 127 0 0 0 0 0 120120 163031.135
-3.6468 -0.0067 0.0000 0.00 0.00 1.00 0 0 0 127 0 0 0 0 0 120120 163031.186
-3.6468 -0.0067 0.0000 0.00 0.00 1.00 0 0 0 127 0 0 0 0 0 120120 163031.236
-3.6468 -0.0067 0.0000 0.00 0.00 1.00 0 0 0 127 0 0 0 0 0 120120 163031.286
-3.6468 -0.0067 0.0000 0.00 0.00 1.00 0 0 0 127 0 0 0 0 0 120120 163031.336
-3.6468 -0.0067 0.0000 0.00 0.00 1.00 0 0 0 127 0 0 0 0 0 120120 163031.387
-3.6468 -0.0067 0.0000 0.00 0.00 1.00 0 0 0 127 0 0 0 0 0 120120 163031.437
-3.6468 -0.0067 0.0000 0.00 0.00 1.00 0 0 0 127 0 0 0 0 0 120120 163031.487
-3.6468 -0.0067 0.0000 0.00 0.00 1.00 0 0 0 127 0 0 0 0 0 120120 163031.537
-3.6468 -0.0067 0.0000 0.00 0.00 1.00 0 0 0 127 0 0 0 0 0 120120 163031.587
-3.6468 -0.0067 0.0000 0.00 0.00 1.00 0 0 0 127 0 0 0 0 0 120120 163031.637
-3.6468 -0.0067 0.0000 0.00 0.00 1.00 0 0 0 127 0 0 0 0 0 120120 163031.688
-3.6468 -0.0067 0.0000 0.00 0.00 1.00 0 0 0 127 0 0 0 0 0 120120 163031.738
-3.6468 -0.0067 0.0000 0.00 0.00 1.00 0 0 0 127 0 0 0 0 0 120120 163031.788
-3.6468 -0.0067 0.0000 0.00 0.00 1.00 0 0 0 127 0 0 0 0 0 120120 163031.838
-3.6468 -0.0067 0.0000 0.00 0.00 1.00 0 0 0 127 0 0 0 0 0 120120 163031.888
-3.6468 -0.0067 0.0000 0.00 0.00 1.00 0 0 0 127 0 0 0 0 0 120120 163031.939
-3.6468 -0.0067 0.0000 0.00 0.00 1.00 0 0 0 127 0 0 0 0 0 120120 163031.989
-3.6468 -0.0067 0.0000 0.00 0.00 1.00 0 0 0 127 0 0 0 0 0 120120 163032.039
-3.6468 -0.0067 0.0000 0.00 0.00 1.00 0 0 0 127 0 0 0 0 0 120120 163032.089
-3.6468 -0.0067 0.0000 0.00 0.00 1.00 0 0 0 127 0 0 0 0 0 120120 163032.140
-3.6468 -0.0067 0.0000 0.00 0.00 1.00 0 0 0 127 0 0 0 0 0 120120 163032.190
-3.6468 -0.0067 0.0000 0.00 0.00 1.00 0 0 0 127 0 0 0 0 0 120120 163032.240
-3.6468 -0.0067 0.0000 0.00 0.00 1.00 0 0 0 127 0 0 0 0 0 120120 163032.290
-3.6468 -0.0067 0.0000 0.00 0.00 1.00 0 0 0 127 0 0 0 0 0 120120 163032.341
-3.6468 -0.0067 0.0000 0.00 0.00 1.00 0 0 0 127 0 0 0 0 0 120120 163032.391
-3.6468 -0.0067 0.0000 0.00 0.00 1.00 0 0 0 127 0 0 0 0 0 120120 163032.441
-3.6468 -0.0067 0.0000 0.00 0.00 1.00 0 0 0 127 0 0 0 0 0 120120 163032.491
-3.6468 -0.0067 0.0000 0.00 0.00 1.00 0 0 0 127 0 0 0 0 0 120120 163032.541
-3.6468 -0.0067 0.0000 0.00 0.00 1.00 0 0 0 127 0 0 0 0 0 120120 163032.592
-3.6468 -0.0067 0.0000 0.00 0.00 1.00 0 0 0 127 0 0 0 0 0 120120 163032.642
-3.6468 -0.0067 0.0000 0.00 0.00 1.00 0 0 0 127 0 0 0 0 0 120120 163032.692
-3.6468 -0.0067 0.0000 0.00 0.00 1.00 0 0 0 127 0 0 0 0 0 120120 163032.742
-3.6468 -0.0067 0.0000 0.00 0.00 1.00 0 0 0 127 0 0 0 0 0 120120 163032.792
-3.6468 -0.0067 0.0000 0.00 0.00 1.00 0 0 0 127 0 0 0 0 0 120120 163032.843
-3.6468 -0.0067 0.0000 0.00 0.00 1.00 0 0 0 127 0 0 0 0 0 120120 163032.893
-3.6468 -0.0067 0.0000 0.00 0.00 1.00 0 0 0 127 0 0 0 0 0 120120 163032.943
-3.6468 -0.0067 0.0000 0.00 0.00 1.00 0 0 0 127 0 0 0 0 0 120120 163032.993
-3.6468 -0.0067 0.0000 0.00 0.00 1.00 0 0 0 127 0 0 0 0 0 120120 163033.044
-3.6468 -0.0067 0.0000 0.00 0.00 1.00 0 0 0 127 0 0 0 0 0 120120 163033.094
-3.6468 -0.0067 0.0000 0.00 0.00 1.00 0 0 0 127 0 0 0 0 0 120120 163033.144
-3.6468 -0.0067 0.0000 0.00 0.00 1.00 0 0 0 127 0 0 0 0 0 120120 163033.194
