6.2859 -0.6496 0.0000 0.00 0.00 1.00 0 0 0 112 1 0 0 0 0 231119 164521.682
6.2866 -0.6500 0.0000 0.00 0.00 1.00 0 0 0 112 1 0 0 0 0 231119 164521.882
6.2972 -0.6557 0.0000 0.00 0.00 1.00 0 0 0 112 1 0 0 0 0 231119 164522.083
6.3354 -0.6717 0.0000 0.00 0.00 1.00 0 0 0 112 1 0 0 0 0 231119 164522.283
6.3706 -0.6894 0.0000 0.00 0.00 1.00 0 0 0 112 1 0 0 0 0 231119 164522.483
6.3987 -0.7028 0.0000 0.00 0.00 1.00 0 0 0 112 1 0 0 0 0 231119 164522.683
6.4288 -0.7163 0.0000 0.00 0.00 1.00 0 0 0 112 1 0 0 0 0 231119 164522.883
6.4611 -0.7317 0.0000 0.00 0.00 1.00 0 0 0 112 1 0 0 0 0 231119 164523.083
6.4930 -0.7461 0.0000 0.00 0.00 1.00 0 0 0 112 1 0 0 0 0 231119 164523.283
6.5218 -0.7578 0.0000 0.00 0.00 1.00 0 0 0 112 1 0 0 0 0 231119 164523.484
6.5513 -0.7707 0.0000 0.00 0.00 1.00 0 0 0 112 1 0 0 0 0 231119 164523.684
6.5816 -0.7869 0.0000 0.00 0.00 1.00 0 0 0 112 1 0 0 0 0 231119 164523.884
6.6137 -0.8003 0.0000 0.00 0.00 1.00 0 0 0 112 1 0 0 0 0 231119 164524.084
6.6470 -0.8145 0.0000 0.00 0.00 1.00 0 0 0 112 1 0 0 0 0 231119 164524.284
6.6754 -0.8315 0.0000 0.00 0.00 1.00 0 0 0 112 1 0 0 0 0 231119 164524.484
6.7077 -0.8422 0.0000 0.00 0.00 1.00 0 0 0 112 1 0 0 0 0 231119 164524.684
6.7377 -0.8560 0.0000 0.00 0.00 1.00 0 0 0 112 1 0 0 0 0 231119 164524.885
6.7698 -0.8714 0.0000 0.00 0.00 1.00 0 0 0 112 1 0 0 0 0 231119 164525.085
6.7996 -0.8827 0.0000 0.00 0.00 1.00 0 0 0 112 1 0 0 0 0 231119 164525.285
6.8309 -0.8983 0.0000 0.00 0.00 1.00 0 0 0 112 1 0 0 0 0 231119 164525.485
6.8596 -0.9131 0.0000 0.00 0.00 1.00 0 0 0 112 1 0 0 0 0 231119 164525.685
6.8890 -0.9267 0.0000 0.00 0.00 1.00 0 0 0 112 1 0 0 0 0 231119 164525.885
6.9170 -0.9421 0.0000 0.00 0.00 1.00 0 0 0 112 1 0 0 0 0 231119 164526.086
6.9504 -0.9553 0.0000 0.00 0.00 1.00 0 0 0 112 1 0 0 0 0 231119 164526.286
6.9828 -0.9720 0.0000 0.00 0.00 1.00 0 0 0 112 1 0 0 0 0 231119 164526.486
7.0125 -0.9837 0.0000 0.00 0.00 1.00 0 0 0 112 1 0 0 0 0 231119 164526.686
7.0444 -0.9998 0.0000 0.00 0.00 1.00 0 0 0 112 1 0 0 0 0 231119 164526.886
7.0738 -1.0116 0.0000 0.00 0.00 1.00 0 0 0 112 1 0 0 0 0 231119 164527.086
7.1036 -1.0284 0.0000 0.00 0.00 1.00 0 0 0 112 1 0 0 0 0 231119 164527.287
7.1354 -1.0401 0.0000 0.00 0.00 1.00 0 0 0 112 1 0 0 0 0 231119 164527.487
7.1632 -1.0547 0.0000 0.00 0.00 1.00 0 0 0 112 1 0 0 0 0 231119 164527.687
7.1963 -1.0711 0.0000 0.00 0.00 1.00 0 0 0 112 1 0 0 0 0 231119 164527.887
7.2274 -1.0845 0.0000 0.00 0.00 1.00 0 0 0 112 1 0 0 0 0 231119 164528.087
7.2595 -1.0969 0.0000 0.00 0.00 1.00 0 0 0 112 1 0 0 0 0 231119 164528.287
7.2892 -1.1121 0.0000 0.00 0.00 1.00 0 0 0 112 1 0 0 0 0 231119 164528.487
7.3215 -1.1253 0.0000 0.00 0.00 1.00 0 0 0 112 1 0 0 0 0 231119 164528.687
7.3506 -1.1388 0.0000 0.00 0.00 1.00 0 0 0 112 1 0 0 0 0 231119 164528.888
7.3777 -1.1579 0.0000 0.00 0.00 1.00 0 0 0 112 1 0 0 0 0 231119 164529.088
7.4147 -1.1711 0.0000 0.00 0.00 1.00 0 0 0 112 1 0 0 0 0 231119 164529.288
7.4467 -1.1807 0.0000 0.00 0.00 1.00 0 0 0 112 1 0 0 0 0 231119 164529.488
7.4708 -1.1954 0.0000 0.00 0.00 1.00 0 0 0 112 1 0 0 0 0 231119 164529.688
7.5044 -1.2079 0.0000 0.00 0.00 1.00 0 0 0 112 1 0 0 0 0 231119 164529.888
7.5371 -1.2215 0.0000 0.00 0.00 1.00 0 0 0 112 1 0 0 0 0 231119 164530.089
7.5707 -1.2353 0.0000 0.00 0.00 1.00 0 0 0 112 1 0 0 0 0 231119 164530.289
7.6019 -1.2486 0.0000 0.00 0.00 1.00 0 0 0 112 1 0 0 0 0 231119 164530.489
7.6282 -1.2638 0.0000 0.00 0.00 1.00 0 0 0 112 1 0 0 0 0 231119 164530.689
7.6588 -1.2758 0.0000 0.00 0.00 1.00 0 0 0 112 1 0 0 0 0 231119 164530.889
7.6898 -1.2894 0.0000 0.00 0.00 1.00 0 0 0 112 1 0 0 0 0 231119 164531.089
7.7215 -1.3013 0.0000 0.00 0.00 1.00 0 0 0 112 1 0 0 0 0 231119 164531.290
7.7520 -1.3175 0.0000 0.00 0.00 1.00 0 0 0 112 1 0 0 0 0 231119 164531.490
7.7840 -1.3282 0.0000 0.00 0.00 1.00 0 0 0 112 1 0 0 0 0 231119 164531.690
7.8146 -1.3431 0.0000 0.00 0.00 1.00 0 0 0 112 1 0 0 0 0 231119 164531.890
7.8439 -1.3583 0.0000 0.00 0.00 1.00 0 0 0 112 1 0 0 0 0 231119 164532.090
7.8777 -1.3709 0.0000 0.00 0.00 1.00 0 0 0 112 1 0 0 0 0 231119 164532.290
7.9088 -1.3826 0.0000 0.00 0.00 1.00 0 0 0 112 1 0 0 0 0 231119 164532.490
7.9362 -1.3980 0.0000 0.00 0.00 1.00 0 0 0 112 1 0 0 0 0 231119 164532.691
7.9668 -1.4123 0.0000 0.00 0.00 1.00 0 0 0 112 1 0 0 0 0 231119 164532.891
7.9976 -1.4279 0.0000 0.00 0.00 1.00 0 0 0 112 1 0 0 0 0 231119 164533.091
8.0258 -1.4405 0.0000 0.00 0.00 1.00 0 0 0 112 1 0 0 0 0 231119 164533.291
8.0577 -1.4523 0.0000 0.00 0.00 1.00 0 0 0 112 1 0 0 0 0 231119 164533.491
8.0906 -1.4667 0.0000 0.00 0.00 1.00 0 0 0 112 1 0 0 0 0 231119 164533.691
8.1199 -1.4802 0.0000 0.00 0.00 1.00 0 0 0 112 1 0 0 0 0 231119 164533.891
8.1474 -1.4978 0.0000 0.00 0.00 1.00 0 0 0 112 1 0 0 0 0 231119 164534.092
8.1799 -1.5085 0.0000 0.00 0.00 1.00 0 0 0 112 1 0 0 0 0 231119 164534.292
8.2051 -1.5181 0.0000 0.00 0.00 1.00 0 0 0 112 1 0 0 0 0 231119 164534.492
8.2349 -1.5317 0.0000 0.00 0.00 1.00 0 0 0 112 1 0 0 0 0 231119 164534.692
8.2650 -1.5470 0.0000 0.00 0.00 1.00 0 0 0 112 1 0 0 0 0 231119 164534.892
8.2946 -1.5604 0.0000 0.00 0.00 1.00 0 0 0 112 1 0 0 0 0 231119 164535.093
8.3264 -1.5733 0.0000 0.00 0.00 1.00 0 0 0 112 1 0 0 0 0 231119 164535.293
8.3564 -1.5887 0.0000 0.00 0.00 1.00 0 0 0 112 1 0 0 0 0 231119 164535.493
8.3884 -1.6011 0.0000 0.00 0.00 1.00 0 0 0 112 1 0 0 0 0 231119 164535.693
8.4162 -1.6161 0.0000 0.00 0.00 1.00 0 0 0 112 1 0 0 0 0 231119 164535.894
8.4464 -1.6282 0.0000 0.00 0.00 1.00 0 0 0 112 1 0 0 0 0 231119 164536.094
8.4765 -1.6422 0.0000 0.00 0.00 1.00 0 0 0 112 1 0 0 0 0 231119 164536.294
8.5080 -1.6524 0.0000 0.00 0.00 1.00 0 0 0 112 1 0 0 0 0 231119 164536.494
8.5397 -1.6632 0.0000 0.00 0.00 1.00 0 0 0 112 1 0 0 0 0 231119 164536.694
8.5738 -1.6766 0.0000 0.00 0.00 1.00 0 0 0 112 1 0 0 0 0 231119 164536.894
8.6005 -1.6898 0.0000 0.00 0.00 1.00 0 0 0 112 1 0 0 0 0 231119 164537.095
8.6330 -1.7028 0.0000 0.00 0.00 1.00 0 0 0 112 1 0 0 0 0 231119 164537.295
8.6647 -1.7184 0.0000 0.00 0.00 1.00 0 0 0 112 1 0 0 0 0 231119 164537.495
8.6961 -1.7309 0.0000 0.00 0.00 1.00 0 0 0 112 1 0 0 0 0 231119 164537.695
8.7256 -1.7393 0.0000 0.00 0.00 1.00 0 0 0 112 1 0 0 0 0 231119 164537.895
8.7564 -1.7551 0.0000 0.00 0.00 1.00 0 0 0 112 1 0 0 0 0 231119 164538.095
8.7872 -1.7661 0.0000 0.00 0.00 1.00 0 0 0 112 1 0 0 0 0 231119 164538.295
8.8246 -1.7817 0.0000 0.00 0.00 1.00 0 0 0 112 1 0 0 0 0 231119 164538.496
8.8572 -1.7969 0.0000 0.00 0.00 1.00 0 0 0 112 1 0 0 0 0 231119 164538.696
8.8862 -1.8101 0.0000 0.00 0.00 1.00 0 0 0 112 1 0 0 0 0 231119 164538.896
8.9182 -1.8213 0.0000 0.00 0.00 1.00 0 0 0 112 1 0 0 0 0 231119 164539.096
8.9460 -1.8353 0.0000 0.00 0.00 1.00 0 0 0 112 1 0 0 0 0 231119 164539.296
8.9753 -1.8468 0.0000 0.00 0.00 1.00 0 0 0 112 1 0 0 0 0 231119 164539.496
9.0054 -1.8598 0.0000 0.00 0.00 1.00 0 0 0 112 1 0 0 0 0 231119 164539.697
9.0366 -1.8694 0.0000 0.00 0.00 1.00 0 0 0 112 1 0 0 0 0 231119 164539.897
9.0642 -1.8838 0.0000 0.00 0.00 1.00 0 0 0 112 1 0 0 0 0 231119 164540.097
9.0935 -1.8986 0.0000 0.00 0.00 1.00 0 0 0 112 1 0 0 0 0 231119 164540.297
9.1242 -1.9120 0.0000 0.00 0.00 1.00 0 0 0 112 1 0 0 0 0 231119 164540.497
9.1573 -1.9245 0.0000 0.00 0.00 1.00 0 0 0 112 1 0 0 0 0 231119 164540.697
9.1876 -1.9357 0.0000 0.00 0.00 1.00 0 17 236 112 1 0 0 0 0 231119 164540.897
9.2166 -1.9500 0.0000 0.00 0.00 1.00 0 147 233 112 1 0 0 0 0 231119 164541.098
9.2496 -1.9602 0.0000 0.00 0.00 1.00 0 15 235 112 1 0 0 0 0 231119 164541.298
9.2779 -1.9708 0.0000 0.00 0.00 1.00 0 11 235 112 1 0 0 0 0 231119 164541.498
9.3070 -1.9867 0.0000 0.00 0.00 1.00 0 13 230 112 1 0 0 0 0 231119 164541.698
9.3355 -1.9984 0.0000 0.00 0.00 1.00 0 211 228 112 1 0 0 0 0 231119 164541.898
9.3626 -2.0086 0.0000 0.00 0.00 1.00 0 151 228 112 1 0 0 0 0 231119 164542.098
9.3930 -2.0220 0.0000 0.00 0.00 1.00 0 32 227 112 1 0 0 0 0 231119 164542.298
9.4158 -2.0334 0.0000 0.00 0.00 1.00 0 168 227 112 1 0 0 0 0 231119 164542.498
9.4439 -2.0418 0.0000 0.00 0.00 1.00 0 61 228 112 1 0 0 0 0 231119 164542.699
9.4745 -2.0513 0.0000 0.00 0.00 1.00 0 248 222 112 1 0 0 0 0 231119 164542.899
9.5022 -2.0582 0.0000 0.00 0.00 1.00 0 151 219 112 1 0 0 0 0 231119 164543.099
9.5264 -2.0664 0.0000 0.00 0.00 1.00 0 191 226 112 1 0 0 0 0 231119 164543.299
9.5532 -2.0736 0.0000 0.00 0.00 1.00 0 97 220 112 1 0 0 0 0 231119 164543.499
9.5800 -2.0806 0.0000 0.00 0.00 1.00 0 142 218 112 1 0 0 0 0 231119 164543.699
9.6059 -2.0880 0.0000 0.00 0.00 1.00 0 136 218 112 1 0 0 0 0 231119 164543.899
9.6316 -2.0915 0.0000 0.00 0.00 1.00 0 25 219 112 1 0 0 0 0 231119 164544.100
9.6551 -2.0922 0.0000 0.00 0.00 1.00 0 190 219 112 1 0 0 0 0 231119 164544.300
9.6816 -2.0976 0.0000 0.00 0.00 1.00 0 73 219 112 1 0 0 0 0 231119 164544.500
9.7085 -2.1016 0.0000 0.00 0.00 1.00 0 198 214 112 1 0 0 0 0 231119 164544.700
9.7352 -2.1079 0.0000 0.00 0.00 1.00 0 196 212 112 1 0 0 0 0 231119 164544.900
9.7631 -2.1178 0.0000 0.00 0.00 1.00 0 3 208 112 1 0 0 0 0 231119 164545.100
9.7880 -2.1232 0.0000 0.00 0.00 1.00 0 211 211 112 1 0 0 0 0 231119 164545.301
9.8067 -2.1263 0.0000 0.00 0.00 1.00 0 141 214 112 1 0 0 0 0 231119 164545.501
9.8308 -2.1345 0.0000 0.00 0.00 1.00 0 214 208 112 1 0 0 0 0 231119 164545.701
9.8562 -2.1340 0.0000 0.00 0.00 1.00 0 222 212 112 1 0 0 0 0 231119 164545.901
9.8802 -2.1348 0.0000 0.00 0.00 1.00 0 205 213 112 1 0 0 0 0 231119 164546.102
9.9008 -2.1409 0.0000 0.00 0.00 1.00 0 13 204 112 1 0 0 0 0 231119 164546.302
9.9253 -2.1479 0.0000 0.00 0.00 1.00 0 116 207 112 1 0 0 0 0 231119 164546.502
9.9509 -2.1586 0.0000 0.00 0.00 1.00 0 109 203 112 1 0 0 0 0 231119 164546.702
9.9758 -2.1611 0.0000 0.00 0.00 1.00 0 23 206 112 1 0 0 0 0 231119 164546.902
9.9972 -2.1615 0.0000 0.00 0.00 1.00 0 117 206 112 1 0 0 0 0 231119 164547.102
10.0220 -2.1639 0.0000 0.00 0.00 1.00 0 176 201 112 1 0 0 0 0 231119 164547.303
10.0443 -2.1591 0.0000 0.00 0.00 1.00 0 213 199 112 1 0 0 0 0 231119 164547.503
10.0711 -2.1606 0.0000 0.00 0.00 1.00 0 128 206 112 1 0 0 0 0 231119 164547.703
10.0892 -2.1687 0.0000 0.00 0.00 1.00 0 104 197 112 1 0 0 0 0 231119 164547.903
10.1050 -2.1636 0.0000 0.00 0.00 1.00 0 133 204 112 1 0 0 0 0 231119 164548.103
10.1192 -2.1640 0.0000 0.00 0.00 1.00 0 30 199 112 1 0 0 0 0 231119 164548.303
10.1392 -2.1681 0.0000 0.00 0.00 1.00 0 183 200 112 1 0 0 0 0 231119 164548.503
10.1599 -2.1737 0.0000 0.00 0.00 1.00 0 146 194 112 1 0 0 0 0 231119 164548.703
10.1800 -2.1681 0.0000 0.00 0.00 1.00 0 235 204 112 1 0 0 0 0 231119 164548.904
10.2007 -2.1665 0.0000 0.00 0.00 1.00 0 254 194 112 1 0 0 0 0 231119 164549.104
10.2144 -2.1674 0.0000 0.00 0.00 1.00 0 18 198 112 1 0 0 0 0 231119 164549.304
10.2328 -2.1657 0.0000 0.00 0.00 1.00 0 14 194 112 1 0 0 0 0 231119 164549.504
10.2493 -2.1654 0.0000 0.00 0.00 1.00 0 37 198 112 1 0 0 0 0 231119 164549.704
10.2741 -2.1633 0.0000 0.00 0.00 1.00 0 224 192 112 1 0 0 0 0 231119 164549.904
10.2929 -2.1535 0.0000 0.00 0.00 1.00 0 49 208 112 1 0 0 0 0 231119 164550.104
10.3205 -2.1412 0.0000 0.00 0.00 1.00 0 178 200 112 1 0 0 0 0 231119 164550.305
10.3500 -2.1293 0.0000 0.00 0.00 1.00 0 174 200 112 1 0 0 0 0 231119 164550.505
10.3660 -2.1241 0.0000 0.00 0.00 1.00 0 237 194 112 1 0 0 0 0 231119 164550.705
10.3807 -2.1226 0.0000 0.00 0.00 1.00 0 72 194 112 1 0 0 0 0 231119 164550.905
10.4034 -2.1135 0.0000 0.00 0.00 1.00 0 14 201 112 1 0 0 0 0 231119 164551.105
10.4234 -2.1083 0.0000 0.00 0.00 1.00 0 84 193 112 1 0 0 0 0 231119 164551.305
10.4454 -2.0991 0.0000 0.00 0.00 1.00 0 129 199 112 1 0 0 0 0 231119 164551.506
10.4675 -2.0878 0.0000 0.00 0.00 1.00 0 118 196 112 1 0 0 0 0 231119 164551.706
10.4933 -2.0751 0.0000 0.00 0.00 1.00 0 240 196 112 1 0 0 0 0 231119 164551.906
10.5114 -2.0632 0.0000 0.00 0.00 1.00 0 176 199 112 1 0 0 0 0 231119 164552.106
10.5278 -2.0522 0.0000 0.00 0.00 1.00 0 28 203 112 1 0 0 0 0 231119 164552.306
10.5481 -2.0445 0.0000 0.00 0.00 1.00 0 131 194 112 1 0 0 0 0 231119 164552.506
10.5705 -2.0321 0.0000 0.00 0.00 1.00 0 240 202 112 1 0 0 0 0 231119 164552.706
10.5905 -2.0161 0.0000 0.00 0.00 1.00 0 23 204 112 1 0 0 0 0 231119 164552.907
10.6119 -1.9982 0.0000 0.00 0.00 1.00 0 202 202 112 1 0 0 0 0 231119 164553.107
10.6251 -1.9861 0.0000 0.00 0.00 1.00 0 162 201 112 1 0 0 0 0 231119 164553.307
10.6432 -1.9721 0.0000 0.00 0.00 1.00 0 78 199 112 1 0 0 0 0 231119 164553.507
10.6638 -1.9559 0.0000 0.00 0.00 1.00 0 230 195 112 1 0 0 0 0 231119 164553.707
10.6812 -1.9354 0.0000 0.00 0.00 1.00 0 175 204 112 1 0 0 0 0 231119 164553.907
10.6886 -1.9255 0.0000 0.00 0.00 1.00 0 26 204 112 1 0 0 0 0 231119 164554.107
10.7100 -1.9063 0.0000 0.00 0.00 1.00 0 201 203 112 1 0 0 0 0 231119 164554.308
10.7255 -1.8918 0.0000 0.00 0.00 1.00 0 200 204 112 1 0 0 0 0 231119 164554.508
10.7375 -1.8791 0.0000 0.00 0.00 1.00 0 68 200 112 1 0 0 0 0 231119 164554.708
10.7506 -1.8648 0.0000 0.00 0.00 1.00 0 44 202 112 1 0 0 0 0 231119 164554.908
10.7686 -1.8450 0.0000 0.00 0.00 1.00 0 150 198 112 1 0 0 0 0 231119 164555.108
10.7892 -1.8224 0.0000 0.00 0.00 1.00 0 3 201 112 1 0 0 0 0 231119 164555.308
10.8099 -1.7999 0.0000 0.00 0.00 1.00 0 128 201 112 1 0 0 0 0 231119 164555.508
10.8219 -1.7823 0.0000 0.00 0.00 1.00 0 82 205 112 1 0 0 0 0 231119 164555.709
10.8327 -1.7660 0.0000 0.00 0.00 1.00 0 189 199 112 1 0 0 0 0 231119 164555.909
10.8467 -1.7469 0.0000 0.00 0.00 1.00 0 81 203 112 1 0 0 0 0 231119 164556.109
10.8657 -1.7218 0.0000 0.00 0.00 1.00 0 136 203 112 1 0 0 0 0 231119 164556.309
10.8783 -1.7004 0.0000 0.00 0.00 1.00 0 20 205 112 1 0 0 0 0 231119 164556.509
10.8830 -1.6805 0.0000 0.00 0.00 1.00 0 17 208 112 1 0 0 0 0 231119 164556.709
10.8851 -1.6635 0.0000 0.00 0.00 1.00 0 109 206 112 1 0 0 0 0 231119 164556.909
10.8922 -1.6432 0.0000 0.00 0.00 1.00 0 93 209 112 1 0 0 0 0 231119 164557.110
10.9058 -1.6221 0.0000 0.00 0.00 1.00 0 139 207 112 1 0 0 0 0 231119 164557.310
10.9133 -1.6075 0.0000 0.00 0.00 1.00 0 246 207 112 1 0 0 0 0 231119 164557.510
10.9193 -1.5930 0.0000 0.00 0.00 1.00 0 213 207 112 1 0 0 0 0 231119 164557.710
10.9338 -1.5691 0.0000 0.00 0.00 1.00 0 234 209 112 1 0 0 0 0 231119 164557.910
10.9445 -1.5459 0.0000 0.00 0.00 1.00 0 200 211 112 1 0 0 0 0 231119 164558.110
10.9530 -1.5223 0.0000 0.00 0.00 1.00 0 30 214 112 1 0 0 0 0 231119 164558.310
10.9636 -1.5043 0.0000 0.00 0.00 1.00 0 124 210 112 1 0 0 0 0 231119 164558.511
10.9730 -1.4779 0.0000 0.00 0.00 1.00 0 180 215 112 1 0 0 0 0 231119 164558.711
10.9801 -1.4557 0.0000 0.00 0.00 1.00 0 87 214 112 1 0 0 0 0 231119 164558.911
10.9933 -1.4281 0.0000 0.00 0.00 1.00 0 252 215 112 1 0 0 0 0 231119 164559.111
10.9970 -1.4045 0.0000 0.00 0.00 1.00 0 7 217 112 1 0 0 0 0 231119 164559.311
11.0046 -1.3786 0.0000 0.00 0.00 1.00 0 119 220 112 1 0 0 0 0 231119 164559.511
11.0106 -1.3534 0.0000 0.00 0.00 1.00 0 182 221 112 1 0 0 0 0 231119 164559.711
11.0157 -1.3299 0.0000 0.00 0.00 1.00 0 22 218 112 1 0 0 0 0 231119 164559.912
11.0184 -1.3020 0.0000 0.00 0.00 1.00 0 106 227 112 1 0 0 0 0 231119 164600.112
11.0237 -1.2739 0.0000 0.00 0.00 1.00 0 13 224 112 1 0 0 0 0 231119 164600.312
11.0303 -1.2457 0.0000 0.00 0.00 1.00 0 121 223 112 1 0 0 0 0 231119 164600.512
11.0324 -1.2160 0.0000 0.00 0.00 1.00 0 251 226 112 1 0 0 0 0 231119 164600.712
11.0379 -1.1872 0.0000 0.00 0.00 1.00 0 126 227 112 1 0 0 0 0 231119 164600.912
11.0420 -1.1602 0.0000 0.00 0.00 1.00 0 157 226 112 1 0 0 0 0 231119 164601.112
11.0449 -1.1321 0.0000 0.00 0.00 1.00 0 211 228 112 1 0 0 0 0 231119 164601.313
11.0426 -1.0987 0.0000 0.00 0.00 1.00 0 164 237 112 1 0 0 0 0 231119 164601.513
11.0465 -1.0700 0.0000 0.00 0.00 1.00 0 102 229 112 1 0 0 0 0 231119 164601.713
11.0500 -1.0462 0.0000 0.00 0.00 1.00 0 71 228 112 1 0 0 0 0 231119 164601.913
11.0501 -1.0178 0.0000 0.00 0.00 1.00 0 155 245 112 1 0 0 0 0 231119 164602.113
11.0525 -0.9864 0.0000 0.00 0.00 1.00 0 61 238 112 1 0 0 0 0 231119 164602.313
11.0515 -0.9570 0.0000 0.00 0.00 1.00 0 168 233 112 1 0 0 0 0 231119 164602.513
11.0508 -0.9288 0.0000 0.00 0.00 1.00 0 175 239 112 1 0 0 0 0 231119 164602.714
11.0480 -0.8995 0.0000 0.00 0.00 1.00 0 27 243 112 1 0 0 0 0 231119 164602.914
11.0520 -0.8755 0.0000 0.00 0.00 1.00 0 217 239 112 1 0 0 0 0 231119 164603.114
11.0475 -0.8440 0.0000 0.00 0.00 1.00 0 187 241 112 1 0 0 0 0 231119 164603.314
11.0488 -0.8149 0.0000 0.00 0.00 1.00 0 181 245 112 1 0 0 0 0 231119 164603.514
11.0480 -0.7841 0.0000 0.00 0.00 1.00 0 205 242 112 1 0 0 0 0 231119 164603.714
11.0492 -0.7552 0.0000 0.00 0.00 1.00 0 91 248 112 1 0 0 0 0 231119 164603.915
11.0486 -0.7242 0.0000 0.00 0.00 1.00 0 84 248 112 1 0 0 0 0 231119 164604.115
11.0492 -0.6922 0.0000 0.00 0.00 1.00 0 212 246 112 1 0 0 0 0 231119 164604.315
11.0464 -0.6571 0.0000 0.00 0.00 1.00 0 225 2 112 1 0 0 0 0 231119 164604.515
11.0448 -0.6261 0.0000 0.00 0.00 1.00 0 137 0 112 1 0 0 0 0 231119 164604.715
11.0438 -0.5952 0.0000 0.00 0.00 1.00 0 99 254 112 1 0 0 0 0 231119 164604.915
11.0409 -0.5529 0.0000 0.00 0.00 1.00 0 0 0 112 1 0 0 0 0 231119 164605.115
11.0410 -0.5235 0.0000 0.00 0.00 1.00 0 0 0 112 1 0 0 0 0 231119 164605.316
11.0394 -0.4951 0.0000 0.00 0.00 1.00 0 0 0 112 1 0 0 0 0 231119 164605.516
11.0358 -0.4635 0.0000 0.00 0.00 1.00 0 0 0 112 1 0 0 0 0 231119 164605.716
11.0336 -0.4340 0.0000 0.00 0.00 1.00 0 0 0 112 1 0 0 0 0 231119 164605.916
11.0304 -0.3997 0.0000 0.00 0.00 1.00 0 0 0 112 1 0 0 0 0 231119 164606.116
11.0318 -0.3688 0.0000 0.00 0.00 1.00 0 0 0 112 1 0 0 0 0 231119 164606.316
11.0256 -0.3360 0.0000 0.00 0.00 1.00 0 0 0 112 1 0 0 0 0 231119 164606.516
11.0211 -0.3058 0.0000 0.00 0.00 1.00 0 0 0 112 1 0 0 0 0 231119 164606.717
11.0221 -0.2730 0.0000 0.00 0.00 1.00 0 0 0 112 1 0 0 0 0 231119 164606.917
11.0181 -0.2389 0.0000 0.00 0.00 1.00 0 45 21 112 1 0 0 0 0 231119 164607.117
11.0160 -0.2061 0.0000 0.00 0.00 1.00 0 35 21 112 1 0 0 0 0 231119 164607.317
11.0133 -0.1718 0.0000 0.00 0.00 1.00 0 181 24 112 1 0 0 0 0 231119 164607.517
11.0127 -0.1451 0.0000 0.00 0.00 1.00 0 177 20 112 1 0 0 0 0 231119 164607.717
11.0080 -0.1179 0.0000 0.00 0.00 1.00 0 200 26 112 1 0 0 0 0 231119 164607.918
11.0052 -0.0858 0.0000 0.00 0.00 1.00 0 10 27 112 1 0 0 0 0 231119 164608.118
11.0109 -0.0535 0.0000 0.00 0.00 1.00 0 57 23 112 1 0 0 0 0 231119 164608.318
11.0051 -0.0224 0.0000 0.00 0.00 1.00 0 204 32 112 1 0 0 0 0 231119 164608.518
11.0025 0.0067 0.0000 0.00 0.00 1.00 0 22 31 112 1 0 0 0 0 231119 164608.718
11.0028 0.0331 0.0000 0.00 0.00 1.00 0 224 29 112 1 0 0 0 0 231119 164608.918
11.0022 0.0569 0.0000 0.00 0.00 1.00 0 246 29 112 1 0 0 0 0 231119 164609.119
10.9975 0.0834 0.0000 0.00 0.00 1.00 0 59 33 112 1 0 0 0 0 231119 164609.319
10.9892 0.1109 0.0000 0.00 0.00 1.00 0 141 40 112 1 0 0 0 0 231119 164609.519
10.9905 0.1410 0.0000 0.00 0.00 1.00 0 165 34 112 1 0 0 0 0 231119 164609.719
10.9883 0.1719 0.0000 0.00 0.00 1.00 0 98 40 112 1 0 0 0 0 231119 164609.920
10.9887 0.2008 0.0000 0.00 0.00 1.00 0 237 39 112 1 0 0 0 0 231119 164610.120
10.9915 0.2262 0.0000 0.00 0.00 1.00 0 221 37 112 1 0 0 0 0 231119 164610.320
10.9999 0.2552 0.0000 0.00 0.00 1.00 0 183 37 112 1 0 0 0 0 231119 164610.520
11.0083 0.2859 0.0000 0.00 0.00 1.00 0 222 39 112 1 0 0 0 0 231119 164610.720
11.0129 0.3106 0.0000 0.00 0.00 1.00 0 12 43 112 1 0 0 0 0 231119 164610.920
11.0133 0.3404 0.0000 0.00 0.00 1.00 0 176 41 112 1 0 0 0 0 231119 164611.121
11.0123 0.3639 0.0000 0.00 0.00 1.00 0 197 42 112 1 0 0 0 0 231119 164611.321
11.0177 0.3903 0.0000 0.00 0.00 1.00 0 213 39 112 1 0 0 0 0 231119 164611.521
11.0196 0.4181 0.0000 0.00 0.00 1.00 0 91 47 112 1 0 0 0 0 231119 164611.721
11.0233 0.4459 0.0000 0.00 0.00 1.00 0 127 44 112 1 0 0 0 0 231119 164611.921
11.0246 0.4696 0.0000 0.00 0.00 1.00 0 45 44 112 1 0 0 0 0 231119 164612.121
11.0325 0.4940 0.0000 0.00 0.00 1.00 0 197 48 112 1 0 0 0 0 231119 164612.321
11.0374 0.5199 0.0000 0.00 0.00 1.00 0 16 42 112 1 0 0 0 0 231119 164612.522
11.0472 0.5484 0.0000 0.00 0.00 1.00 0 195 45 112 1 0 0 0 0 231119 164612.722
11.0544 0.5736 0.0000 0.00 0.00 1.00 0 26 48 112 1 0 0 0 0 231119 164612.922
11.0617 0.5987 0.0000 0.00 0.00 1.00 0 173 47 112 1 0 0 0 0 231119 164613.122
11.0724 0.6218 0.0000 0.00 0.00 1.00 0 119 44 112 1 0 0 0 0 231119 164613.322
11.0808 0.6461 0.0000 0.00 0.00 1.00 0 185 42 112 1 0 0 0 0 231119 164613.522
11.0912 0.6765 0.0000 0.00 0.00 1.00 0 129 49 112 1 0 0 0 0 231119 164613.722
11.0975 0.6962 0.0000 0.00 0.00 1.00 0 103 50 112 1 0 0 0 0 231119 164613.923
11.1036 0.7207 0.0000 0.00 0.00 1.00 0 150 46 112 1 0 0 0 0 231119 164614.123
11.1169 0.7507 0.0000 0.00 0.00 1.00 0 42 44 112 1 0 0 0 0 231119 164614.323
11.1284 0.7740 0.0000 0.00 0.00 1.00 0 138 50 112 1 0 0 0 0 231119 164614.523
11.1410 0.7985 0.0000 0.00 0.00 1.00 0 94 46 112 1 0 0 0 0 231119 164614.723
11.1544 0.8197 0.0000 0.00 0.00 1.00 0 171 41 112 1 0 0 0 0 231119 164614.923
11.1688 0.8508 0.0000 0.00 0.00 1.00 0 33 47 112 1 0 0 0 0 231119 164615.124
11.1748 0.8751 0.0000 0.00 0.00 1.00 0 210 49 112 1 0 0 0 0 231119 164615.324
11.1907 0.9006 0.0000 0.00 0.00 1.00 0 7 46 112 1 0 0 0 0 231119 164615.524
11.2033 0.9250 0.0000 0.00 0.00 1.00 0 105 46 112 1 0 0 0 0 231119 164615.724
11.2163 0.9458 0.0000 0.00 0.00 1.00 0 25 44 112 1 0 0 0 0 231119 164615.924
11.2304 0.9678 0.0000 0.00 0.00 1.00 0 219 44 112 1 0 0 0 0 231119 164616.124
11.2450 0.9921 0.0000 0.00 0.00 1.00 0 221 43 112 1 0 0 0 0 231119 164616.324
11.2573 1.0152 0.0000 0.00 0.00 1.00 0 140 45 112 1 0 0 0 0 231119 164616.525
11.2723 1.0369 0.0000 0.00 0.00 1.00 0 255 127 112 1 0 0 0 0 231119 164616.725
