-0.5632 -6.7115 -0.1203 0.00 0.00 1.00 0 82 238 112 1 0 0 0 0 161219 200657.457
-0.5622 -6.6422 -0.1206 0.00 0.00 1.00 0 218 241 112 1 0 0 0 0 161219 200657.658
-0.5598 -6.5503 -0.1205 0.00 0.00 1.00 0 88 236 112 1 0 0 0 0 161219 200657.858
-0.5462 -6.4524 -0.1200 0.00 0.00 1.00 0 192 232 112 1 0 0 0 0 161219 200658.058
-0.5324 -6.3317 -0.1144 0.00 0.00 1.00 0 161 230 112 1 0 0 0 0 161219 200658.259
-0.5263 -6.2618 -0.1130 0.00 0.00 1.00 0 127 231 112 1 0 0 0 0 161219 200658.459
-0.5144 -6.1461 -0.1115 0.00 0.00 1.00 0 77 230 112 1 0 0 0 0 161219 200658.659
-0.5085 -6.0769 -0.1087 0.00 0.00 1.00 0 73 232 112 1 0 0 0 0 161219 200658.860
-0.5011 -5.9862 -0.1066 0.00 0.00 1.00 0 164 236 112 1 0 0 0 0 161219 200659.060
-0.4898 -5.8711 -0.1028 0.00 0.00 1.00 0 223 229 112 1 0 0 0 0 161219 200659.260
-0.4847 -5.8032 -0.1021 0.00 0.00 1.00 0 29 235 112 1 0 0 0 0 161219 200659.461
-0.4730 -5.6905 -0.0985 0.00 0.00 1.00 0 192 227 112 1 0 0 0 0 161219 200659.661
-0.4664 -5.6221 -0.0987 0.00 0.00 1.00 0 227 232 112 1 0 0 0 0 161219 200659.861
-0.4587 -5.5328 -0.0966 0.00 0.00 1.00 0 137 228 112 1 0 0 0 0 161219 200700.061
-0.4496 -5.4194 -0.0969 0.00 0.00 1.00 0 54 230 112 1 0 0 0 0 161219 200700.262
-0.4420 -5.3277 -0.0976 0.00 0.00 1.00 0 226 233 112 1 0 0 0 0 161219 200700.462
-0.4373 -5.2603 -0.0954 0.00 0.00 1.00 0 51 235 112 1 0 0 0 0 161219 200700.662
-0.4280 -5.1483 -0.0959 0.00 0.00 1.00 0 105 230 112 1 0 0 0 0 161219 200700.863
-0.4212 -5.0801 -0.0970 0.00 0.00 1.00 0 1 233 112 1 0 0 0 0 161219 200701.063
-0.4119 -4.9670 -0.0962 0.00 0.00 1.00 0 35 233 112 1 0 0 0 0 161219 200701.263
-0.4053 -4.8768 -0.0951 0.00 0.00 1.00 0 5 229 112 1 0 0 0 0 161219 200701.463
-0.3999 -4.8069 -0.0947 0.00 0.00 1.00 0 192 227 112 1 0 0 0 0 161219 200701.664
-0.3923 -4.6954 -0.0941 0.00 0.00 1.00 0 29 232 112 1 0 0 0 0 161219 200701.864
-0.3863 -4.6031 -0.0924 0.00 0.00 1.00 0 109 229 112 1 0 0 0 0 161219 200702.064
-0.3775 -4.4889 -0.0908 0.00 0.00 1.00 0 243 9 112 1 0 0 0 0 161219 200702.264
-0.3735 -4.4197 -0.0888 0.00 0.00 1.00 0 67 245 112 1 0 0 0 0 161219 200702.465
-0.3673 -4.3508 -0.0875 0.00 0.00 1.00 0 189 240 112 1 0 0 0 0 161219 200702.665
-0.3575 -4.2159 -0.0865 0.00 0.00 1.00 0 220 243 112 1 0 0 0 0 161219 200702.865
-0.3531 -4.1476 -0.0862 0.00 0.00 1.00 0 9 245 112 1 0 0 0 0 161219 200703.066
-0.3465 -4.0561 -0.0856 0.00 0.00 1.00 0 67 246 112 1 0 0 0 0 161219 200703.266
-0.3419 -3.9871 -0.0857 0.00 0.00 1.00 0 255 245 112 1 0 0 0 0 161219 200703.467
-0.3343 -3.8707 -0.0849 0.00 0.00 1.00 0 29 247 112 1 0 0 0 0 161219 200703.667
-0.3279 -3.7807 -0.0850 0.00 0.00 1.00 0 196 246 112 1 0 0 0 0 161219 200703.867
-0.3204 -3.6679 -0.0853 0.00 0.00 1.00 0 208 247 112 1 0 0 0 0 161219 200704.068
-0.3167 -3.5999 -0.0850 0.00 0.00 1.00 0 59 1 112 1 0 0 0 0 161219 200704.268
-0.3088 -3.4866 -0.0871 0.00 0.00 1.00 0 138 253 112 1 0 0 0 0 161219 200704.468
-0.3037 -3.4176 -0.0873 0.00 0.00 1.00 0 1 255 112 1 0 0 0 0 161219 200704.668
-0.2991 -3.3468 -0.0880 0.00 0.00 1.00 0 146 248 112 1 0 0 0 0 161219 200704.869
-0.2924 -3.2328 -0.0862 0.00 0.00 1.00 0 22 250 112 1 0 0 0 0 161219 200705.069
-0.2696 -3.1134 -0.0857 0.00 0.00 1.00 0 29 247 112 1 0 0 0 0 161219 200705.269
-0.2567 -3.0429 -0.0842 0.00 0.00 1.00 0 19 253 112 1 0 0 0 0 161219 200705.470
-0.2442 -2.9532 -0.0839 0.00 0.00 1.00 0 0 0 127 0 0 0 0 0 161219 200705.670
-0.2315 -2.8644 -0.0855 0.00 0.00 1.00 0 0 0 127 0 0 0 0 0 161219 200705.870
-0.2222 -2.7950 -0.0856 0.00 0.00 1.00 0 0 0 127 0 0 0 0 0 161219 200706.071
-0.2062 -2.6797 -0.0862 0.00 0.00 1.00 0 0 0 127 0 0 0 0 0 161219 200706.271
-0.1926 -2.5862 -0.0856 0.00 0.00 1.00 0 0 0 127 0 0 0 0 0 161219 200706.472
-0.1762 -2.4717 -0.0856 0.00 0.00 1.00 0 0 0 127 0 0 0 0 0 161219 200706.672
-0.1682 -2.4062 -0.0859 0.00 0.00 1.00 0 0 0 127 0 0 0 0 0 161219 200706.873
-0.1542 -2.2978 -0.0869 0.00 0.00 1.00 0 0 0 127 0 0 0 0 0 161219 200707.073
-0.1448 -2.2319 -0.0889 0.00 0.00 1.00 0 0 0 127 0 0 0 0 0 161219 200707.273
-0.1307 -2.1229 -0.0921 0.00 0.00 1.00 0 0 0 127 0 0 0 0 0 161219 200707.474
-0.1199 -2.0538 -0.0929 0.00 0.00 1.00 0 0 0 127 0 0 0 0 0 161219 200707.674
-0.1059 -1.9335 -0.0887 0.00 0.00 1.00 0 0 0 127 0 0 0 0 0 161219 200707.874
-0.0949 -1.8641 -0.0875 0.00 0.00 1.00 0 0 0 127 0 0 0 0 0 161219 200708.075
-0.0855 -1.7997 -0.0886 0.00 0.00 1.00 0 0 0 127 0 0 0 0 0 161219 200708.275
-0.0701 -1.6812 -0.0837 0.00 0.00 1.00 0 0 0 127 0 0 0 0 0 161219 200708.475
-0.0589 -1.6151 -0.0857 0.00 0.00 1.00 0 0 0 127 0 0 0 0 0 161219 200708.676
-0.0464 -1.5068 -0.0866 0.00 0.00 1.00 0 0 0 127 0 0 0 0 0 161219 200708.876
-0.0516 -1.3917 -0.0866 0.00 0.00 1.00 0 0 0 127 0 0 0 0 0 161219 200709.076
-0.0580 -1.3387 -0.0886 0.00 0.00 1.00 0 0 0 127 0 0 0 0 0 161219 200709.277
-0.0596 -1.2230 -0.0877 0.00 0.00 1.00 0 0 0 127 0 0 0 0 0 161219 200709.477
-0.0608 -1.1505 -0.0868 0.00 0.00 1.00 0 0 0 127 0 0 0 0 0 161219 200709.677
-0.0606 -1.0596 -0.0846 0.00 0.00 1.00 0 0 0 127 0 0 0 0 0 161219 200709.878
-0.0607 -0.9930 -0.0851 0.00 0.00 1.00 0 0 0 127 0 0 0 0 0 161219 200710.078
-0.0623 -0.8820 -0.0859 0.00 0.00 1.00 0 0 0 127 0 0 0 0 0 161219 200710.279
-0.0633 -0.8144 -0.0873 0.00 0.00 1.00 0 0 0 127 0 0 0 0 0 161219 200710.479
-0.0646 -0.7030 -0.0883 0.00 0.00 1.00 0 0 0 127 0 0 0 0 0 161219 200710.680
-0.0634 -0.6340 -0.0879 0.00 0.00 1.00 0 0 0 127 0 0 0 0 0 161219 200710.880
-0.0640 -0.5190 -0.0869 0.00 0.00 1.00 0 0 0 127 0 0 0 0 0 161219 200711.080
-0.0651 -0.4502 -0.0855 0.00 0.00 1.00 0 0 0 127 0 0 0 0 0 161219 200711.281
-0.0654 -0.3375 -0.0869 0.00 0.00 1.00 0 0 0 127 0 0 0 0 0 161219 200711.482
-0.0662 -0.2688 -0.0858 0.00 0.00 1.00 0 0 0 127 0 0 0 0 0 161219 200711.682
-0.0675 -0.1545 -0.0856 0.00 0.00 1.00 0 0 0 127 0 0 0 0 0 161219 200711.882
-0.0688 -0.0610 -0.0844 0.00 0.00 1.00 0 0 0 127 0 0 0 0 0 161219 200712.083
-0.0704 0.0081 -0.0843 0.00 0.00 1.00 0 0 0 127 0 0 0 0 0 161219 200712.283
-0.0708 0.1227 -0.0845 0.00 0.00 1.00 0 0 0 127 0 0 0 0 0 161219 200712.484
-0.0726 0.1914 -0.0845 0.00 0.00 1.00 0 0 0 127 0 0 0 0 0 161219 200712.684
-0.0735 0.3025 -0.0859 0.00 0.00 1.00 0 0 0 127 0 0 0 0 0 161219 200712.884
-0.0744 0.3694 -0.0852 0.00 0.00 1.00 0 0 0 127 0 0 0 0 0 161219 200713.085
-0.0766 0.4605 -0.0861 0.00 0.00 1.00 0 0 0 127 0 0 0 0 0 161219 200713.285
-0.0794 0.5741 -0.0852 0.00 0.00 1.00 0 0 0 127 0 0 0 0 0 161219 200713.486
-0.0810 0.6410 -0.0873 0.00 0.00 1.00 0 0 0 127 0 0 0 0 0 161219 200713.686
-0.0815 0.7539 -0.0876 0.00 0.00 1.00 0 0 0 127 0 0 0 0 0 161219 200713.887
-0.0859 0.8231 -0.0859 0.00 0.00 1.00 0 0 0 127 0 0 0 0 0 161219 200714.087
-0.0882 0.9156 -0.0832 0.00 0.00 1.00 0 0 0 127 0 0 0 0 0 161219 200714.287
-0.0923 1.0258 -0.0832 0.00 0.00 1.00 0 0 0 127 0 0 0 0 0 161219 200714.488
-0.0984 1.1188 -0.0844 0.00 0.00 1.00 0 0 0 127 0 0 0 0 0 161219 200714.688
-0.1113 1.1842 -0.0848 0.00 0.00 1.00 0 0 0 127 0 0 0 0 0 161219 200714.889
-0.1389 1.2679 -0.0875 0.00 0.00 1.00 0 0 0 127 0 0 0 0 0 161219 200715.089
-0.1572 1.3516 -0.0885 0.00 0.00 1.00 0 0 0 127 0 0 0 0 0 161219 200715.289
-0.1731 1.4211 -0.0875 0.00 0.00 1.00 0 0 0 127 0 0 0 0 0 161219 200715.490
-0.1998 1.5304 -0.0869 0.00 0.00 1.00 0 0 0 127 0 0 0 0 0 161219 200715.690
-0.2157 1.5971 -0.0871 0.00 0.00 1.00 0 0 0 127 0 0 0 0 0 161219 200715.890
-0.2385 1.6841 -0.0868 0.00 0.00 1.00 0 0 0 127 0 0 0 0 0 161219 200716.091
-0.2659 1.7936 -0.0871 0.00 0.00 1.00 0 0 0 127 0 0 0 0 0 161219 200716.291
-0.2826 1.8595 -0.0872 0.00 0.00 1.00 0 0 0 127 0 0 0 0 0 161219 200716.492
-0.3156 1.9688 -0.0886 0.00 0.00 1.00 0 0 0 127 0 0 0 0 0 161219 200716.692
-0.3491 2.0364 -0.0906 0.00 0.00 1.00 0 0 0 127 0 0 0 0 0 161219 200716.893
-0.3969 2.1070 -0.0915 0.00 0.00 1.00 0 0 0 127 0 0 0 0 0 161219 200717.093
-0.4359 2.1806 -0.0931 0.00 0.00 1.00 0 0 0 127 0 0 0 0 0 161219 200717.293
-0.4744 2.2913 -0.0939 0.00 0.00 1.00 0 0 0 127 0 0 0 0 0 161219 200717.494
-0.4895 2.3619 -0.0985 0.00 0.00 1.00 0 0 0 127 0 0 0 0 0 161219 200717.694
-0.5215 2.4714 -0.1006 0.00 0.00 1.00 0 0 0 127 0 0 0 0 0 161219 200717.894
-0.5503 2.5375 -0.0999 0.00 0.00 1.00 0 0 0 127 0 0 0 0 0 161219 200718.095
