6.1053 -0.6545 0.0000 0.00 0.00 1.00 0 0 0 112 1 0 0 0 0 231119 155225.261
6.1064 -0.6547 0.0000 0.00 0.00 1.00 0 0 0 112 1 0 0 0 0 231119 155225.462
6.1064 -0.6545 0.0000 0.00 0.00 1.00 0 0 0 112 1 0 0 0 0 231119 155225.662
6.1063 -0.6549 0.0000 0.00 0.00 1.00 0 0 0 112 1 0 0 0 0 231119 155225.862
6.1067 -0.6549 0.0000 0.00 0.00 1.00 0 0 0 112 1 0 0 0 0 231119 155226.062
6.1075 -0.6553 0.0000 0.00 0.00 1.00 0 0 0 112 1 0 0 0 0 231119 155226.262
6.1058 -0.6558 0.0000 0.00 0.00 1.00 0 0 0 112 1 0 0 0 0 231119 155226.462
6.1061 -0.6568 0.0000 0.00 0.00 1.00 0 0 0 112 1 0 0 0 0 231119 155226.663
6.1047 -0.6568 0.0000 0.00 0.00 1.00 0 0 0 112 1 0 0 0 0 231119 155226.863
6.1055 -0.6561 0.0000 0.00 0.00 1.00 0 0 0 112 1 0 0 0 0 231119 155227.063
6.1060 -0.6555 0.0000 0.00 0.00 1.00 0 0 0 112 1 0 0 0 0 231119 155227.263
6.1060 -0.6551 0.0000 0.00 0.00 1.00 0 0 0 112 1 0 0 0 0 231119 155227.464
6.1050 -0.6544 0.0000 0.00 0.00 1.00 0 0 0 112 1 0 0 0 0 231119 155227.664
6.1062 -0.6547 0.0000 0.00 0.00 1.00 0 0 0 112 1 0 0 0 0 231119 155227.864
6.1074 -0.6552 0.0000 0.00 0.00 1.00 0 0 0 112 1 0 0 0 0 231119 155228.064
6.1082 -0.6548 0.0000 0.00 0.00 1.00 0 0 0 112 1 0 0 0 0 231119 155228.264
6.1071 -0.6542 0.0000 0.00 0.00 1.00 0 0 0 112 1 0 0 0 0 231119 155228.465
6.1067 -0.6547 0.0000 0.00 0.00 1.00 0 0 0 112 1 0 0 0 0 231119 155228.665
6.1070 -0.6547 0.0000 0.00 0.00 1.00 0 0 0 112 1 0 0 0 0 231119 155228.865
6.1066 -0.6546 0.0000 0.00 0.00 1.00 0 0 0 112 1 0 0 0 0 231119 155229.065
6.1071 -0.6543 0.0000 0.00 0.00 1.00 0 0 0 112 1 0 0 0 0 231119 155229.265
6.1071 -0.6547 0.0000 0.00 0.00 1.00 0 0 0 112 1 0 0 0 0 231119 155229.466
6.1066 -0.6544 0.0000 0.00 0.00 1.00 0 0 0 112 1 0 0 0 0 231119 155229.666
6.1055 -0.6554 0.0000 0.00 0.00 1.00 0 0 0 112 1 0 0 0 0 231119 155229.866
6.1063 -0.6538 0.0000 0.00 0.00 1.00 0 0 0 112 1 0 0 0 0 231119 155230.066
6.1060 -0.6541 0.0000 0.00 0.00 1.00 0 0 0 112 1 0 0 0 0 231119 155230.266
6.1065 -0.6533 0.0000 0.00 0.00 1.00 0 0 0 112 1 0 0 0 0 231119 155230.467
6.1060 -0.6545 0.0000 0.00 0.00 1.00 0 0 0 112 1 0 0 0 0 231119 155230.667
6.1047 -0.6565 0.0000 0.00 0.00 1.00 0 0 0 112 1 0 0 0 0 231119 155230.867
6.1038 -0.6570 0.0000 0.00 0.00 1.00 0 0 0 112 1 0 0 0 0 231119 155231.067
6.1054 -0.6567 0.0000 0.00 0.00 1.00 0 0 0 112 1 0 0 0 0 231119 155231.267
6.1046 -0.6562 0.0000 0.00 0.00 1.00 0 0 0 112 1 0 0 0 0 231119 155231.467
6.1063 -0.6561 0.0000 0.00 0.00 1.00 0 0 0 112 1 0 0 0 0 231119 155231.667
6.1060 -0.6546 0.0000 0.00 0.00 1.00 0 0 0 112 1 0 0 0 0 231119 155231.868
6.1071 -0.6534 0.0000 0.00 0.00 1.00 0 0 0 112 1 0 0 0 0 231119 155232.068
6.1063 -0.6545 0.0000 0.00 0.00 1.00 0 0 0 112 1 0 0 0 0 231119 155232.268
6.1056 -0.6541 0.0000 0.00 0.00 1.00 0 0 0 112 1 0 0 0 0 231119 155232.468
6.1059 -0.6543 0.0000 0.00 0.00 1.00 0 0 0 112 1 0 0 0 0 231119 155232.669
6.1064 -0.6546 0.0000 0.00 0.00 1.00 0 0 0 112 1 0 0 0 0 231119 155232.869
6.1057 -0.6539 0.0000 0.00 0.00 1.00 0 0 0 112 1 0 0 0 0 231119 155233.069
6.1070 -0.6537 0.0000 0.00 0.00 1.00 0 0 0 112 1 0 0 0 0 231119 155233.269
6.1057 -0.6544 0.0000 0.00 0.00 1.00 0 0 0 112 1 0 0 0 0 231119 155233.469
6.1066 -0.6542 0.0000 0.00 0.00 1.00 0 0 0 112 1 0 0 0 0 231119 155233.670
6.1077 -0.6539 0.0000 0.00 0.00 1.00 0 0 0 112 1 0 0 0 0 231119 155233.870
6.1061 -0.6536 0.0000 0.00 0.00 1.00 0 0 0 112 1 0 0 0 0 231119 155234.070
6.1075 -0.6539 0.0000 0.00 0.00 1.00 0 0 0 112 1 0 0 0 0 231119 155234.270
6.1070 -0.6537 0.0000 0.00 0.00 1.00 0 0 0 112 1 0 0 0 0 231119 155234.471
6.1063 -0.6545 0.0000 0.00 0.00 1.00 0 0 0 112 1 0 0 0 0 231119 155234.671
6.1051 -0.6547 0.0000 0.00 0.00 1.00 0 0 0 112 1 0 0 0 0 231119 155234.871
6.1067 -0.6545 0.0000 0.00 0.00 1.00 0 0 0 112 1 0 0 0 0 231119 155235.071
6.1063 -0.6553 0.0000 0.00 0.00 1.00 0 0 0 112 1 0 0 0 0 231119 155235.271
6.1068 -0.6560 0.0000 0.00 0.00 1.00 0 0 0 112 1 0 0 0 0 231119 155235.471
6.1060 -0.6555 0.0000 0.00 0.00 1.00 0 0 0 112 1 0 0 0 0 231119 155235.672
6.1050 -0.6545 0.0000 0.00 0.00 1.00 0 0 0 112 1 0 0 0 0 231119 155235.872
6.1051 -0.6555 0.0000 0.00 0.00 1.00 0 0 0 112 1 0 0 0 0 231119 155236.072
6.1053 -0.6549 0.0000 0.00 0.00 1.00 0 0 0 112 1 0 0 0 0 231119 155236.272
6.1057 -0.6551 0.0000 0.00 0.00 1.00 0 0 0 112 1 0 0 0 0 231119 155236.472
6.1078 -0.6545 0.0000 0.00 0.00 1.00 0 0 0 112 1 0 0 0 0 231119 155236.672
6.1061 -0.6539 0.0000 0.00 0.00 1.00 0 0 0 112 1 0 0 0 0 231119 155236.873
6.1069 -0.6542 0.0000 0.00 0.00 1.00 0 0 0 112 1 0 0 0 0 231119 155237.073
6.1072 -0.6537 0.0000 0.00 0.00 1.00 0 0 0 112 1 0 0 0 0 231119 155237.273
6.1078 -0.6540 0.0000 0.00 0.00 1.00 0 0 0 112 1 0 0 0 0 231119 155237.473
6.1071 -0.6549 0.0000 0.00 0.00 1.00 0 0 0 112 1 0 0 0 0 231119 155237.674
6.1052 -0.6555 0.0000 0.00 0.00 1.00 0 0 0 112 1 0 0 0 0 231119 155237.874
6.1058 -0.6557 0.0000 0.00 0.00 1.00 0 0 0 112 1 0 0 0 0 231119 155238.074
6.1064 -0.6546 0.0000 0.00 0.00 1.00 0 0 0 112 1 0 0 0 0 231119 155238.274
6.1073 -0.6546 0.0000 0.00 0.00 1.00 0 0 0 112 1 0 0 0 0 231119 155238.474
6.1067 -0.6546 0.0000 0.00 0.00 1.00 0 0 0 112 1 0 0 0 0 231119 155238.674
6.1062 -0.6551 0.0000 0.00 0.00 1.00 0 0 0 112 1 0 0 0 0 231119 155238.874
6.1057 -0.6552 0.0000 0.00 0.00 1.00 0 0 0 112 1 0 0 0 0 231119 155239.074
6.1071 -0.6556 0.0000 0.00 0.00 1.00 0 0 0 112 1 0 0 0 0 231119 155239.275
6.1065 -0.6545 0.0000 0.00 0.00 1.00 0 0 0 112 1 0 0 0 0 231119 155239.475
6.1057 -0.6552 0.0000 0.00 0.00 1.00 0 0 0 112 1 0 0 0 0 231119 155239.675
6.1059 -0.6559 0.0000 0.00 0.00 1.00 0 0 0 112 1 0 0 0 0 231119 155239.875
6.1056 -0.6566 0.0000 0.00 0.00 1.00 0 0 0 112 1 0 0 0 0 231119 155240.075
6.1062 -0.6553 0.0000 0.00 0.00 1.00 0 0 0 112 1 0 0 0 0 231119 155240.276
6.1057 -0.6553 0.0000 0.00 0.00 1.00 0 0 0 127 0 0 0 0 0 231119 155240.476
6.1057 -0.6553 0.0000 0.00 0.00 1.00 0 0 0 127 0 0 0 0 0 231119 155240.676
6.1057 -0.6553 0.0000 0.00 0.00 1.00 0 0 0 127 0 0 0 0 0 231119 155240.876
6.1057 -0.6553 0.0000 0.00 0.00 1.00 0 0 0 127 0 0 0 0 0 231119 155241.077
6.1057 -0.6553 0.0000 0.00 0.00 1.00 0 0 0 127 0 0 0 0 0 231119 155241.277
6.1057 -0.6553 0.0000 0.00 0.00 1.00 0 0 0 127 0 0 0 0 0 231119 155241.477
6.1057 -0.6553 0.0000 0.00 0.00 1.00 0 0 0 127 0 0 0 0 0 231119 155241.677
6.1057 -0.6553 0.0000 0.00 0.00 1.00 0 0 0 127 0 0 0 0 0 231119 155241.877
