6.8238 -0.4779 0.0000 0.00 0.00 1.00 0 112 9 112 1 0 0 0 0 230919 160008.044
6.8186 -0.4748 0.0000 0.00 0.00 1.00 0 58 9 112 1 0 0 0 0 230919 160008.244
6.8177 -0.4729 0.0000 0.00 0.00 1.00 0 210 10 112 1 0 0 0 0 230919 160008.445
6.8214 -0.4789 0.0000 0.00 0.00 1.00 0 20 5 112 1 0 0 0 0 230919 160008.645
6.8336 -0.4829 0.0000 0.00 0.00 1.00 0 34 9 112 1 0 0 0 0 230919 160008.845
6.8323 -0.4792 0.0000 0.00 0.00 1.00 0 41 13 112 1 0 0 0 0 230919 160009.045
6.8279 -0.4751 0.0000 0.00 0.00 1.00 0 220 4 112 1 0 0 0 0 230919 160009.245
6.8256 -0.4742 0.0000 0.00 0.00 1.00 0 48 11 112 1 0 0 0 0 230919 160009.445
6.8249 -0.4788 0.0000 0.00 0.00 1.00 0 175 4 112 1 0 0 0 0 230919 160009.646
6.8202 -0.4878 0.0000 0.00 0.00 1.00 0 204 5 112 1 0 0 0 0 230919 160009.846
6.8262 -0.4861 0.0000 0.00 0.00 1.00 0 194 9 112 1 0 0 0 0 230919 160010.046
6.8240 -0.4868 0.0000 0.00 0.00 1.00 0 211 6 112 1 0 0 0 0 230919 160010.246
6.8228 -0.4954 0.0000 0.00 0.00 1.00 0 226 2 112 1 0 0 0 0 230919 160010.446
6.8213 -0.4957 0.0000 0.00 0.00 1.00 0 26 11 112 1 0 0 0 0 230919 160010.647
6.8195 -0.4926 0.0000 0.00 0.00 1.00 0 37 8 112 1 0 0 0 0 230919 160010.847
6.8189 -0.4996 0.0000 0.00 0.00 1.00 0 124 7 112 1 0 0 0 0 230919 160011.047
6.8277 -0.4903 0.0000 0.00 0.00 1.00 0 128 10 112 1 0 0 0 0 230919 160011.247
6.8191 -0.4944 0.0000 0.00 0.00 1.00 0 138 3 112 1 0 0 0 0 230919 160011.447
6.8220 -0.4940 0.0000 0.00 0.00 1.00 0 35 6 112 1 0 0 0 0 230919 160011.648
6.8186 -0.4923 0.0000 0.00 0.00 1.00 0 170 8 112 1 0 0 0 0 230919 160011.848
6.8179 -0.4965 0.0000 0.00 0.00 1.00 0 227 6 112 1 0 0 0 0 230919 160012.048
6.8186 -0.4930 0.0000 0.00 0.00 1.00 0 178 7 112 1 0 0 0 0 230919 160012.248
6.8200 -0.4901 0.0000 0.00 0.00 1.00 0 110 15 112 1 0 0 0 0 230919 160012.448
6.8258 -0.4880 0.0000 0.00 0.00 1.00 0 77 13 112 1 0 0 0 0 230919 160012.648
6.8215 -0.4858 0.0000 0.00 0.00 1.00 0 87 6 112 1 0 0 0 0 230919 160012.849
6.8185 -0.4878 0.0000 0.00 0.00 1.00 0 183 6 112 1 0 0 0 0 230919 160013.049
6.8196 -0.4902 0.0000 0.00 0.00 1.00 0 193 9 112 1 0 0 0 0 230919 160013.249
6.8233 -0.4891 0.0000 0.00 0.00 1.00 0 194 8 112 1 0 0 0 0 230919 160013.449
6.8226 -0.4865 0.0000 0.00 0.00 1.00 0 230 6 112 1 0 0 0 0 230919 160013.649
6.8223 -0.4883 0.0000 0.00 0.00 1.00 0 102 12 112 1 0 0 0 0 230919 160013.850
6.8251 -0.4874 0.0000 0.00 0.00 1.00 0 147 7 112 1 0 0 0 0 230919 160014.050
6.8269 -0.4868 0.0000 0.00 0.00 1.00 0 114 13 112 1 0 0 0 0 230919 160014.250
6.8225 -0.4872 0.0000 0.00 0.00 1.00 0 202 6 112 1 0 0 0 0 230919 160014.450
6.8200 -0.4878 0.0000 0.00 0.00 1.00 0 249 7 112 1 0 0 0 0 230919 160014.650
6.8205 -0.4905 0.0000 0.00 0.00 1.00 0 209 7 112 1 0 0 0 0 230919 160014.850
6.8191 -0.4905 0.0000 0.00 0.00 1.00 0 240 7 112 1 0 0 0 0 230919 160015.050
6.8216 -0.4916 0.0000 0.00 0.00 1.00 0 214 13 112 1 0 0 0 0 230919 160015.251
6.8235 -0.4902 0.0000 0.00 0.00 1.00 0 233 6 112 1 0 0 0 0 230919 160015.451
6.8282 -0.4843 0.0000 0.00 0.00 1.00 0 249 5 112 1 0 0 0 0 230919 160015.651
6.8323 -0.4848 0.0000 0.00 0.00 1.00 0 186 1 112 1 0 0 0 0 230919 160015.852
6.8286 -0.4830 0.0000 0.00 0.00 1.00 0 147 10 112 1 0 0 0 0 230919 160016.052
6.8257 -0.4880 0.0000 0.00 0.00 1.00 0 40 0 112 1 0 0 0 0 230919 160016.252
6.8282 -0.4794 0.0000 0.00 0.00 1.00 0 143 15 112 1 0 0 0 0 230919 160016.452
6.8287 -0.4795 0.0000 0.00 0.00 1.00 0 233 3 112 1 0 0 0 0 230919 160016.653
6.8305 -0.4813 0.0000 0.00 0.00 1.00 0 71 6 112 1 0 0 0 0 230919 160016.853
6.8226 -0.4779 0.0000 0.00 0.00 1.00 0 180 6 112 1 0 0 0 0 230919 160017.053
6.8258 -0.4846 0.0000 0.00 0.00 1.00 0 133 8 112 1 0 0 0 0 230919 160017.253
6.8261 -0.4849 0.0000 0.00 0.00 1.00 0 186 6 112 1 0 0 0 0 230919 160017.453
6.8236 -0.4848 0.0000 0.00 0.00 1.00 0 114 9 112 1 0 0 0 0 230919 160017.653
6.8245 -0.4832 0.0000 0.00 0.00 1.00 0 48 5 112 1 0 0 0 0 230919 160017.853
6.8197 -0.4836 0.0000 0.00 0.00 1.00 0 88 4 112 1 0 0 0 0 230919 160018.054
6.8165 -0.4864 0.0000 0.00 0.00 1.00 0 195 0 112 1 0 0 0 0 230919 160018.254
6.8209 -0.4883 0.0000 0.00 0.00 1.00 0 65 13 112 1 0 0 0 0 230919 160018.454
6.8203 -0.4911 0.0000 0.00 0.00 1.00 0 97 3 112 1 0 0 0 0 230919 160018.654
6.8207 -0.4899 0.0000 0.00 0.00 1.00 0 166 7 112 1 0 0 0 0 230919 160018.855
6.8246 -0.4855 0.0000 0.00 0.00 1.00 0 7 13 112 1 0 0 0 0 230919 160019.055
6.8259 -0.4911 0.0000 0.00 0.00 1.00 0 214 0 112 1 0 0 0 0 230919 160019.256
6.8247 -0.4931 0.0000 0.00 0.00 1.00 0 85 7 112 1 0 0 0 0 230919 160019.456
6.8213 -0.4963 0.0000 0.00 0.00 1.00 0 87 5 112 1 0 0 0 0 230919 160019.656
6.8213 -0.4896 0.0000 0.00 0.00 1.00 0 190 11 112 1 0 0 0 0 230919 160019.856
6.8258 -0.4886 0.0000 0.00 0.00 1.00 0 254 7 112 1 0 0 0 0 230919 160020.056
6.8272 -0.4789 0.0000 0.00 0.00 1.00 0 109 9 112 1 0 0 0 0 230919 160020.257
6.8251 -0.4696 0.0000 0.00 0.00 1.00 0 170 12 112 1 0 0 0 0 230919 160020.457
6.8244 -0.4700 0.0000 0.00 0.00 1.00 0 129 8 112 1 0 0 0 0 230919 160020.657
6.8231 -0.4828 0.0000 0.00 0.00 1.00 0 31 8 112 1 0 0 0 0 230919 160020.857
6.8217 -0.4799 0.0000 0.00 0.00 1.00 0 106 11 112 1 0 0 0 0 230919 160021.057
6.8149 -0.4795 0.0000 0.00 0.00 1.00 0 217 9 112 1 0 0 0 0 230919 160021.257
6.8201 -0.4751 0.0000 0.00 0.00 1.00 0 62 16 112 1 0 0 0 0 230919 160021.457
6.8237 -0.4781 0.0000 0.00 0.00 1.00 0 177 8 112 1 0 0 0 0 230919 160021.658
6.8231 -0.4800 0.0000 0.00 0.00 1.00 0 173 8 112 1 0 0 0 0 230919 160021.858
6.8191 -0.4785 0.0000 0.00 0.00 1.00 0 3 2 112 1 0 0 0 0 230919 160022.058
6.8119 -0.4771 0.0000 0.00 0.00 1.00 0 174 4 112 1 0 0 0 0 230919 160022.259
6.8173 -0.4809 0.0000 0.00 0.00 1.00 0 100 3 112 1 0 0 0 0 230919 160022.459
6.8138 -0.4858 0.0000 0.00 0.00 1.00 0 195 0 112 1 0 0 0 0 230919 160022.659
6.8262 -0.4929 0.0000 0.00 0.00 1.00 0 26 10 112 1 0 0 0 0 230919 160022.859
6.8335 -0.4945 0.0000 0.00 0.00 1.00 0 68 9 112 1 0 0 0 0 230919 160023.059
6.8366 -0.4974 0.0000 0.00 0.00 1.00 0 100 9 112 1 0 0 0 0 230919 160023.259
6.8367 -0.4905 0.0000 0.00 0.00 1.00 0 10 13 112 1 0 0 0 0 230919 160023.460
6.8353 -0.4879 0.0000 0.00 0.00 1.00 0 233 7 112 1 0 0 0 0 230919 160023.660
6.8285 -0.4816 0.0000 0.00 0.00 1.00 0 131 15 112 1 0 0 0 0 230919 160023.860
6.8275 -0.4804 0.0000 0.00 0.00 1.00 0 150 7 112 1 0 0 0 0 230919 160024.060
6.8259 -0.4815 0.0000 0.00 0.00 1.00 0 217 4 112 1 0 0 0 0 230919 160024.260
6.8276 -0.4844 0.0000 0.00 0.00 1.00 0 239 2 112 1 0 0 0 0 230919 160024.460
6.8296 -0.4832 0.0000 0.00 0.00 1.00 0 115 5 112 1 0 0 0 0 230919 160024.661
6.8301 -0.4825 0.0000 0.00 0.00 1.00 0 15 9 112 1 0 0 0 0 230919 160024.861
6.8288 -0.4820 0.0000 0.00 0.00 1.00 0 25 4 112 1 0 0 0 0 230919 160025.061
6.8258 -0.4803 0.0000 0.00 0.00 1.00 0 119 9 112 1 0 0 0 0 230919 160025.261
6.8274 -0.4809 0.0000 0.00 0.00 1.00 0 6 11 112 1 0 0 0 0 230919 160025.461
6.8272 -0.4827 0.0000 0.00 0.00 1.00 0 110 8 112 1 0 0 0 0 230919 160025.662
6.8246 -0.4779 0.0000 0.00 0.00 1.00 0 2 11 112 1 0 0 0 0 230919 160025.862
6.8220 -0.4859 0.0000 0.00 0.00 1.00 0 220 7 112 1 0 0 0 0 230919 160026.062
6.8240 -0.4862 0.0000 0.00 0.00 1.00 0 215 5 112 1 0 0 0 0 230919 160026.262
6.8193 -0.4810 0.0000 0.00 0.00 1.00 0 168 10 112 1 0 0 0 0 230919 160026.462
6.8177 -0.4800 0.0000 0.00 0.00 1.00 0 136 11 112 1 0 0 0 0 230919 160026.662
6.8228 -0.4810 0.0000 0.00 0.00 1.00 0 172 7 112 1 0 0 0 0 230919 160026.863
6.8125 -0.4815 0.0000 0.00 0.00 1.00 0 189 2 112 1 0 0 0 0 230919 160027.063
6.8209 -0.4745 0.0000 0.00 0.00 1.00 0 85 12 112 1 0 0 0 0 230919 160027.263
6.8283 -0.4831 0.0000 0.00 0.00 1.00 0 180 4 112 1 0 0 0 0 230919 160027.463
6.8326 -0.4874 0.0000 0.00 0.00 1.00 0 23 4 112 1 0 0 0 0 230919 160027.663
6.8325 -0.4828 0.0000 0.00 0.00 1.00 0 125 7 112 1 0 0 0 0 230919 160027.863
6.8275 -0.4871 0.0000 0.00 0.00 1.00 0 165 11 112 1 0 0 0 0 230919 160028.064
6.8287 -0.4878 0.0000 0.00 0.00 1.00 0 247 5 112 1 0 0 0 0 230919 160028.264
6.8255 -0.4785 0.0000 0.00 0.00 1.00 0 240 6 112 1 0 0 0 0 230919 160028.464
6.8208 -0.4781 0.0000 0.00 0.00 1.00 0 117 8 112 1 0 0 0 0 230919 160028.664
6.8273 -0.4787 0.0000 0.00 0.00 1.00 0 50 5 112 1 0 0 0 0 230919 160028.864
6.8247 -0.4820 0.0000 0.00 0.00 1.00 0 70 8 112 1 0 0 0 0 230919 160029.064
6.8281 -0.4848 0.0000 0.00 0.00 1.00 0 70 11 112 1 0 0 0 0 230919 160029.265
6.8297 -0.4802 0.0000 0.00 0.00 1.00 0 14 11 112 1 0 0 0 0 230919 160029.465
6.8276 -0.4816 0.0000 0.00 0.00 1.00 0 135 8 112 1 0 0 0 0 230919 160029.665
6.8252 -0.4827 0.0000 0.00 0.00 1.00 0 167 4 112 1 0 0 0 0 230919 160029.865
6.8234 -0.4799 0.0000 0.00 0.00 1.00 0 66 9 112 1 0 0 0 0 230919 160030.065
6.8251 -0.4904 0.0000 0.00 0.00 1.00 0 83 10 112 1 0 0 0 0 230919 160030.266
6.8179 -0.4879 0.0000 0.00 0.00 1.00 0 1 3 112 1 0 0 0 0 230919 160030.466
6.8190 -0.4918 0.0000 0.00 0.00 1.00 0 171 5 112 1 0 0 0 0 230919 160030.666
6.8150 -0.4882 0.0000 0.00 0.00 1.00 0 178 10 112 1 0 0 0 0 230919 160030.866
6.8199 -0.4867 0.0000 0.00 0.00 1.00 0 119 11 112 1 0 0 0 0 230919 160031.066
6.8211 -0.4858 0.0000 0.00 0.00 1.00 0 235 3 112 1 0 0 0 0 230919 160031.266
6.8162 -0.4818 0.0000 0.00 0.00 1.00 0 48 9 112 1 0 0 0 0 230919 160031.466
6.8211 -0.4842 0.0000 0.00 0.00 1.00 0 180 8 112 1 0 0 0 0 230919 160031.667
6.8235 -0.4833 0.0000 0.00 0.00 1.00 0 149 5 112 1 0 0 0 0 230919 160031.867
6.8251 -0.4796 0.0000 0.00 0.00 1.00 0 189 11 112 1 0 0 0 0 230919 160032.067
6.8244 -0.4849 0.0000 0.00 0.00 1.00 0 120 5 112 1 0 0 0 0 230919 160032.267
6.8191 -0.4858 0.0000 0.00 0.00 1.00 0 134 6 112 1 0 0 0 0 230919 160032.467
6.8259 -0.4904 0.0000 0.00 0.00 1.00 0 226 9 112 1 0 0 0 0 230919 160032.667
6.8232 -0.4928 0.0000 0.00 0.00 1.00 0 246 4 112 1 0 0 0 0 230919 160032.868
6.8272 -0.4930 0.0000 0.00 0.00 1.00 0 161 12 112 1 0 0 0 0 230919 160033.068
6.8206 -0.4910 0.0000 0.00 0.00 1.00 0 234 6 112 1 0 0 0 0 230919 160033.268
6.8187 -0.4938 0.0000 0.00 0.00 1.00 0 94 9 112 1 0 0 0 0 230919 160033.468
6.8279 -0.4892 0.0000 0.00 0.00 1.00 0 82 14 112 1 0 0 0 0 230919 160033.668
6.8272 -0.4815 0.0000 0.00 0.00 1.00 0 137 8 112 1 0 0 0 0 230919 160033.869
6.8212 -0.4843 0.0000 0.00 0.00 1.00 0 242 2 112 1 0 0 0 0 230919 160034.069
6.8225 -0.4843 0.0000 0.00 0.00 1.00 0 225 6 112 1 0 0 0 0 230919 160034.269
6.8204 -0.4870 0.0000 0.00 0.00 1.00 0 226 4 112 1 0 0 0 0 230919 160034.469
6.8243 -0.4862 0.0000 0.00 0.00 1.00 0 205 7 112 1 0 0 0 0 230919 160034.669
6.8241 -0.4853 0.0000 0.00 0.00 1.00 0 104 7 112 1 0 0 0 0 230919 160034.869
6.8152 -0.4966 0.0000 0.00 0.00 1.00 0 153 4 112 1 0 0 0 0 230919 160035.069
6.8171 -0.4882 0.0000 0.00 0.00 1.00 0 116 12 112 1 0 0 0 0 230919 160035.270
6.8209 -0.4885 0.0000 0.00 0.00 1.00 0 165 9 112 1 0 0 0 0 230919 160035.470
6.8238 -0.4878 0.0000 0.00 0.00 1.00 0 185 8 112 1 0 0 0 0 230919 160035.670
6.8278 -0.4833 0.0000 0.00 0.00 1.00 0 53 17 112 1 0 0 0 0 230919 160035.870
6.8248 -0.4828 0.0000 0.00 0.00 1.00 0 124 11 112 1 0 0 0 0 230919 160036.070
6.8283 -0.4845 0.0000 0.00 0.00 1.00 0 108 10 112 1 0 0 0 0 230919 160036.271
6.8229 -0.4876 0.0000 0.00 0.00 1.00 0 100 7 112 1 0 0 0 0 230919 160036.471
6.8269 -0.4831 0.0000 0.00 0.00 1.00 0 250 9 112 1 0 0 0 0 230919 160036.671
6.8264 -0.4800 0.0000 0.00 0.00 1.00 0 176 9 112 1 0 0 0 0 230919 160036.871
6.8173 -0.4817 0.0000 0.00 0.00 1.00 0 198 7 112 1 0 0 0 0 230919 160037.072
6.8287 -0.4845 0.0000 0.00 0.00 1.00 0 36 8 112 1 0 0 0 0 230919 160037.272
6.8240 -0.4848 0.0000 0.00 0.00 1.00 0 57 10 112 1 0 0 0 0 230919 160037.472
6.8200 -0.4855 0.0000 0.00 0.00 1.00 0 213 5 112 1 0 0 0 0 230919 160037.672
6.8192 -0.4850 0.0000 0.00 0.00 1.00 0 209 7 112 1 0 0 0 0 230919 160037.872
6.8210 -0.4847 0.0000 0.00 0.00 1.00 0 212 8 112 1 0 0 0 0 230919 160038.073
6.8208 -0.4866 0.0000 0.00 0.00 1.00 0 238 8 112 1 0 0 0 0 230919 160038.273
6.8168 -0.4865 0.0000 0.00 0.00 1.00 0 144 5 112 1 0 0 0 0 230919 160038.473
6.8223 -0.4898 0.0000 0.00 0.00 1.00 0 196 8 112 1 0 0 0 0 230919 160038.673
6.8281 -0.4867 0.0000 0.00 0.00 1.00 0 223 13 112 1 0 0 0 0 230919 160038.873
6.8278 -0.4876 0.0000 0.00 0.00 1.00 0 253 7 112 1 0 0 0 0 230919 160039.074
6.8228 -0.4878 0.0000 0.00 0.00 1.00 0 230 4 112 1 0 0 0 0 230919 160039.274
6.8183 -0.4905 0.0000 0.00 0.00 1.00 0 129 6 112 1 0 0 0 0 230919 160039.474
6.8174 -0.4927 0.0000 0.00 0.00 1.00 0 30 9 112 1 0 0 0 0 230919 160039.674
6.8186 -0.4874 0.0000 0.00 0.00 1.00 0 186 7 112 1 0 0 0 0 230919 160039.875
6.8193 -0.4907 0.0000 0.00 0.00 1.00 0 222 3 112 1 0 0 0 0 230919 160040.075
6.8214 -0.4915 0.0000 0.00 0.00 1.00 0 17 7 112 1 0 0 0 0 230919 160040.275
6.8257 -0.4900 0.0000 0.00 0.00 1.00 0 109 8 112 1 0 0 0 0 230919 160040.475
6.8275 -0.4895 0.0000 0.00 0.00 1.00 0 130 10 112 1 0 0 0 0 230919 160040.675
6.8284 -0.4840 0.0000 0.00 0.00 1.00 0 197 7 112 1 0 0 0 0 230919 160040.875
6.8188 -0.4837 0.0000 0.00 0.00 1.00 0 91 7 112 1 0 0 0 0 230919 160041.076
6.8242 -0.4870 0.0000 0.00 0.00 1.00 0 3 4 112 1 0 0 0 0 230919 160041.276
6.8227 -0.4790 0.0000 0.00 0.00 1.00 0 47 14 112 1 0 0 0 0 230919 160041.476
6.8236 -0.4743 0.0000 0.00 0.00 1.00 0 223 8 112 1 0 0 0 0 230919 160041.676
6.8283 -0.4830 0.0000 0.00 0.00 1.00 0 166 6 112 1 0 0 0 0 230919 160041.876
6.8253 -0.4760 0.0000 0.00 0.00 1.00 0 166 9 112 1 0 0 0 0 230919 160042.077
6.8244 -0.4807 0.0000 0.00 0.00 1.00 0 113 3 112 1 0 0 0 0 230919 160042.277
6.8310 -0.4759 0.0000 0.00 0.00 1.00 0 159 6 112 1 0 0 0 0 230919 160042.477
6.8268 -0.4816 0.0000 0.00 0.00 1.00 0 11 6 112 1 0 0 0 0 230919 160042.677
6.8273 -0.4821 0.0000 0.00 0.00 1.00 0 179 9 112 1 0 0 0 0 230919 160042.877
6.8222 -0.4786 0.0000 0.00 0.00 1.00 0 232 12 112 1 0 0 0 0 230919 160043.078
6.8257 -0.4811 0.0000 0.00 0.00 1.00 0 102 9 112 1 0 0 0 0 230919 160043.278
6.8211 -0.4827 0.0000 0.00 0.00 1.00 0 175 5 112 1 0 0 0 0 230919 160043.478
6.8241 -0.4815 0.0000 0.00 0.00 1.00 0 209 7 112 1 0 0 0 0 230919 160043.678
6.8210 -0.4864 0.0000 0.00 0.00 1.00 0 96 3 112 1 0 0 0 0 230919 160043.878
6.8194 -0.4890 0.0000 0.00 0.00 1.00 0 7 4 112 1 0 0 0 0 230919 160044.078
6.8240 -0.4897 0.0000 0.00 0.00 1.00 0 6 7 112 1 0 0 0 0 230919 160044.278
6.8210 -0.4904 0.0000 0.00 0.00 1.00 0 130 5 112 1 0 0 0 0 230919 160044.479
6.8229 -0.4863 0.0000 0.00 0.00 1.00 0 59 5 112 1 0 0 0 0 230919 160044.679
6.8248 -0.4804 0.0000 0.00 0.00 1.00 0 221 9 112 1 0 0 0 0 230919 160044.879
6.8270 -0.4841 0.0000 0.00 0.00 1.00 0 178 7 112 1 0 0 0 0 230919 160045.079
6.8300 -0.4899 0.0000 0.00 0.00 1.00 0 168 8 112 1 0 0 0 0 230919 160045.280
6.8286 -0.4918 0.0000 0.00 0.00 1.00 0 139 3 112 1 0 0 0 0 230919 160045.480
6.8269 -0.4943 0.0000 0.00 0.00 1.00 0 92 3 112 1 0 0 0 0 230919 160045.680
6.8267 -0.4916 0.0000 0.00 0.00 1.00 0 83 9 112 1 0 0 0 0 230919 160045.880
