23.2800 -11.9303 0.0000 0.00 0.00 1.00 0 0 0 127 0 0 0 0 0 040619 164521.149
23.2800 -11.9303 0.0000 0.00 0.00 1.00 0 0 0 127 0 0 0 0 0 040619 164521.350
23.2800 -11.9303 0.0000 0.00 0.00 1.00 0 0 0 127 0 0 0 0 0 040619 164521.550
23.2800 -11.9303 0.0000 0.00 0.00 1.00 0 0 0 127 0 0 0 0 0 040619 164521.750
23.2800 -11.9303 0.0000 0.00 0.00 1.00 0 0 0 127 0 0 0 0 0 040619 164521.950
23.2800 -11.9303 0.0000 0.00 0.00 1.00 0 0 0 127 0 0 0 0 0 040619 164522.150
23.2800 -11.9303 0.0000 0.00 0.00 1.00 0 0 0 127 0 0 0 0 0 040619 164522.350
23.2800 -11.9303 0.0000 0.00 0.00 1.00 0 0 0 127 0 0 0 0 0 040619 164522.550
23.2800 -11.9303 0.0000 0.00 0.00 1.00 0 0 0 127 0 0 0 0 0 040619 164522.751
23.2800 -11.9303 0.0000 0.00 0.00 1.00 0 0 0 127 0 0 0 0 0 040619 164522.951
23.2800 -11.9303 0.0000 0.00 0.00 1.00 0 0 0 127 0 0 0 0 0 040619 164523.151
23.2800 -11.9303 0.0000 0.00 0.00 1.00 0 0 0 127 0 0 0 0 0 040619 164523.351
23.2800 -11.9303 0.0000 0.00 0.00 1.00 0 0 0 127 0 0 0 0 0 040619 164523.551
23.2800 -11.9303 0.0000 0.00 0.00 1.00 0 0 0 127 0 0 0 0 0 040619 164523.751
23.2800 -11.9303 0.0000 0.00 0.00 1.00 0 0 0 127 0 0 0 0 0 040619 164523.951
23.2800 -11.9303 0.0000 0.00 0.00 1.00 0 0 0 127 0 0 0 0 0 040619 164524.152
23.2800 -11.9303 0.0000 0.00 0.00 1.00 0 0 0 127 0 0 0 0 0 040619 164524.352
23.2800 -11.9303 0.0000 0.00 0.00 1.00 0 0 0 127 0 0 0 0 0 040619 164524.552
23.2800 -11.9303 0.0000 0.00 0.00 1.00 0 0 0 127 0 0 0 0 0 040619 164524.752
23.2800 -11.9303 0.0000 0.00 0.00 1.00 0 0 0 127 0 0 0 0 0 040619 164524.952
23.2800 -11.9303 0.0000 0.00 0.00 1.00 0 0 0 127 0 0 0 0 0 040619 164525.152
23.2800 -11.9303 0.0000 0.00 0.00 1.00 0 0 0 127 0 0 0 0 0 040619 164525.353
23.2800 -11.9303 0.0000 0.00 0.00 1.00 0 0 0 127 0 0 0 0 0 040619 164525.553
23.2800 -11.9303 0.0000 0.00 0.00 1.00 0 0 0 127 0 0 0 0 0 040619 164525.753
23.2800 -11.9303 0.0000 0.00 0.00 1.00 0 0 0 127 0 0 0 0 0 040619 164525.953
23.2800 -11.9303 0.0000 0.00 0.00 1.00 0 0 0 127 0 0 0 0 0 040619 164526.153
23.2800 -11.9303 0.0000 0.00 0.00 1.00 0 0 0 127 0 0 0 0 0 040619 164526.353
23.2800 -11.9303 0.0000 0.00 0.00 1.00 0 0 0 127 0 0 0 0 0 040619 164526.554
23.2800 -11.9303 0.0000 0.00 0.00 1.00 0 0 0 127 0 0 0 0 0 040619 164526.754
23.2800 -11.9303 0.0000 0.00 0.00 1.00 0 0 0 127 0 0 0 0 0 040619 164526.954
23.2800 -11.9303 0.0000 0.00 0.00 1.00 0 0 0 127 0 0 0 0 0 040619 164527.154
23.2800 -11.9303 0.0000 0.00 0.00 1.00 0 0 0 127 0 0 0 0 0 040619 164527.354
23.2800 -11.9303 0.0000 0.00 0.00 1.00 0 0 0 127 0 0 0 0 0 040619 164527.554
23.2800 -11.9303 0.0000 0.00 0.00 1.00 0 0 0 127 0 0 0 0 0 040619 164527.754
23.2800 -11.9303 0.0000 0.00 0.00 1.00 0 0 0 127 0 0 0 0 0 040619 164527.955
23.2800 -11.9303 0.0000 0.00 0.00 1.00 0 0 0 127 0 0 0 0 0 040619 164528.155
23.2800 -11.9303 0.0000 0.00 0.00 1.00 0 0 0 127 0 0 0 0 0 040619 164528.355
23.2800 -11.9303 0.0000 0.00 0.00 1.00 0 0 0 127 0 0 0 0 0 040619 164528.555
23.2800 -11.9303 0.0000 0.00 0.00 1.00 0 0 0 127 0 0 0 0 0 040619 164528.755
23.2800 -11.9303 0.0000 0.00 0.00 1.00 0 0 0 127 0 0 0 0 0 040619 164528.955
23.2800 -11.9303 0.0000 0.00 0.00 1.00 0 0 0 127 0 0 0 0 0 040619 164529.155
23.2800 -11.9303 0.0000 0.00 0.00 1.00 0 0 0 127 0 0 0 0 0 040619 164529.356
23.2800 -11.9303 0.0000 0.00 0.00 1.00 0 0 0 127 0 0 0 0 0 040619 164529.556
23.2800 -11.9303 0.0000 0.00 0.00 1.00 0 0 0 127 0 0 0 0 0 040619 164529.756
23.2800 -11.9303 0.0000 0.00 0.00 1.00 0 0 0 127 0 0 0 0 0 040619 164529.956
23.2800 -11.9303 0.0000 0.00 0.00 1.00 0 0 0 127 0 0 0 0 0 040619 164530.156
23.2800 -11.9303 0.0000 0.00 0.00 1.00 0 0 0 127 0 0 0 0 0 040619 164530.356
23.2800 -11.9303 0.0000 0.00 0.00 1.00 0 0 0 127 0 0 0 0 0 040619 164530.556
23.2800 -11.9303 0.0000 0.00 0.00 1.00 0 0 0 127 0 0 0 0 0 040619 164530.757
23.2800 -11.9303 0.0000 0.00 0.00 1.00 0 0 0 127 0 0 0 0 0 040619 164530.957
23.2800 -11.9303 0.0000 0.00 0.00 1.00 0 0 0 127 0 0 0 0 0 040619 164531.157
23.2800 -11.9303 0.0000 0.00 0.00 1.00 0 0 0 127 0 0 0 0 0 040619 164531.357
23.2800 -11.9303 0.0000 0.00 0.00 1.00 0 0 0 127 0 0 0 0 0 040619 164531.557
23.2800 -11.9303 0.0000 0.00 0.00 1.00 0 0 0 127 0 0 0 0 0 040619 164531.757
23.2800 -11.9303 0.0000 0.00 0.00 1.00 0 0 0 127 0 0 0 0 0 040619 164531.958
23.2800 -11.9303 0.0000 0.00 0.00 1.00 0 0 0 127 0 0 0 0 0 040619 164532.158
23.2800 -11.9303 0.0000 0.00 0.00 1.00 0 0 0 127 0 0 0 0 0 040619 164532.358
23.2800 -11.9303 0.0000 0.00 0.00 1.00 0 0 0 127 0 0 0 0 0 040619 164532.558
23.2800 -11.9303 0.0000 0.00 0.00 1.00 0 0 0 127 0 0 0 0 0 040619 164532.758
23.2800 -11.9303 0.0000 0.00 0.00 1.00 0 0 0 127 0 0 0 0 0 040619 164532.958
23.2800 -11.9303 0.0000 0.00 0.00 1.00 0 0 0 127 0 0 0 0 0 040619 164533.158
23.2800 -11.9303 0.0000 0.00 0.00 1.00 0 0 0 127 0 0 0 0 0 040619 164533.359
23.2800 -11.9303 0.0000 0.00 0.00 1.00 0 0 0 127 0 0 0 0 0 040619 164533.559
23.2800 -11.9303 0.0000 0.00 0.00 1.00 0 0 0 127 0 0 0 0 0 040619 164533.759
23.2800 -11.9303 0.0000 0.00 0.00 1.00 0 0 0 127 0 0 0 0 0 040619 164533.959
23.2800 -11.9303 0.0000 0.00 0.00 1.00 0 0 0 127 0 0 0 0 0 040619 164534.159
23.2800 -11.9303 0.0000 0.00 0.00 1.00 0 0 0 127 0 0 0 0 0 040619 164534.359
23.2800 -11.9303 0.0000 0.00 0.00 1.00 0 0 0 127 0 0 0 0 0 040619 164534.560
23.2800 -11.9303 0.0000 0.00 0.00 1.00 0 0 0 127 0 0 0 0 0 040619 164534.760
23.2800 -11.9303 0.0000 0.00 0.00 1.00 0 0 0 127 0 0 0 0 0 040619 164534.960
23.2800 -11.9303 0.0000 0.00 0.00 1.00 0 0 0 127 0 0 0 0 0 040619 164535.160
23.2800 -11.9303 0.0000 0.00 0.00 1.00 0 0 0 127 0 0 0 0 0 040619 164535.360
23.2800 -11.9303 0.0000 0.00 0.00 1.00 0 0 0 127 0 0 0 0 0 040619 164535.560
23.2800 -11.9303 0.0000 0.00 0.00 1.00 0 0 0 127 0 0 0 0 0 040619 164535.760
23.2800 -11.9303 0.0000 0.00 0.00 1.00 0 0 0 127 0 0 0 0 0 040619 164535.961
23.2800 -11.9303 0.0000 0.00 0.00 1.00 0 0 0 127 0 0 0 0 0 040619 164536.161
23.2800 -11.9303 0.0000 0.00 0.00 1.00 0 0 0 127 0 0 0 0 0 040619 164536.361
23.2800 -11.9303 0.0000 0.00 0.00 1.00 0 0 0 127 0 0 0 0 0 040619 164536.561
23.2800 -11.9303 0.0000 0.00 0.00 1.00 0 0 0 127 0 0 0 0 0 040619 164536.761
23.2800 -11.9303 0.0000 0.00 0.00 1.00 0 0 0 127 0 0 0 0 0 040619 164536.961
23.2800 -11.9303 0.0000 0.00 0.00 1.00 0 0 0 127 0 0 0 0 0 040619 164537.162
23.2800 -11.9303 0.0000 0.00 0.00 1.00 0 0 0 127 0 0 0 0 0 040619 164537.362
23.2800 -11.9303 0.0000 0.00 0.00 1.00 0 0 0 127 0 0 0 0 0 040619 164537.562
23.2800 -11.9303 0.0000 0.00 0.00 1.00 0 0 0 127 0 0 0 0 0 040619 164537.762
23.2800 -11.9303 0.0000 0.00 0.00 1.00 0 0 0 127 0 0 0 0 0 040619 164537.962
23.2800 -11.9303 0.0000 0.00 0.00 1.00 0 0 0 127 0 0 0 0 0 040619 164538.162
23.2800 -11.9303 0.0000 0.00 0.00 1.00 0 0 0 127 0 0 0 0 0 040619 164538.362
23.2800 -11.9303 0.0000 0.00 0.00 1.00 0 0 0 127 0 0 0 0 0 040619 164538.563
23.2800 -11.9303 0.0000 0.00 0.00 1.00 0 0 0 127 0 0 0 0 0 040619 164538.763
23.2800 -11.9303 0.0000 0.00 0.00 1.00 0 0 0 127 0 0 0 0 0 040619 164538.963
23.2800 -11.9303 0.0000 0.00 0.00 1.00 0 0 0 127 0 0 0 0 0 040619 164539.163
23.2800 -11.9303 0.0000 0.00 0.00 1.00 0 0 0 127 0 0 0 0 0 040619 164539.363
23.2800 -11.9303 0.0000 0.00 0.00 1.00 0 0 0 127 0 0 0 0 0 040619 164539.563
23.2800 -11.9303 0.0000 0.00 0.00 1.00 0 0 0 127 0 0 0 0 0 040619 164539.763
23.2800 -11.9303 0.0000 0.00 0.00 1.00 0 0 0 127 0 0 0 0 0 040619 164539.964
23.2800 -11.9303 0.0000 0.00 0.00 1.00 0 0 0 127 0 0 0 0 0 040619 164540.164
23.2800 -11.9303 0.0000 0.00 0.00 1.00 0 0 0 127 0 0 0 0 0 040619 164540.364
23.2800 -11.9303 0.0000 0.00 0.00 1.00 0 0 0 127 0 0 0 0 0 040619 164540.564
23.2800 -11.9303 0.0000 0.00 0.00 1.00 0 0 0 127 0 0 0 0 0 040619 164540.764
23.2800 -11.9303 0.0000 0.00 0.00 1.00 0 0 0 127 0 0 0 0 0 040619 164540.964
23.2800 -11.9303 0.0000 0.00 0.00 1.00 0 0 0 127 0 0 0 0 0 040619 164541.165
23.2800 -11.9303 0.0000 0.00 0.00 1.00 0 0 0 127 0 0 0 0 0 040619 164541.365
23.2800 -11.9303 0.0000 0.00 0.00 1.00 0 0 0 127 0 0 0 0 0 040619 164541.565
23.2800 -11.9303 0.0000 0.00 0.00 1.00 0 0 0 127 0 0 0 0 0 040619 164541.765
23.2800 -11.9303 0.0000 0.00 0.00 1.00 0 0 0 127 0 0 0 0 0 040619 164541.965
23.2800 -11.9303 0.0000 0.00 0.00 1.00 0 0 0 127 0 0 0 0 0 040619 164542.165
23.2800 -11.9303 0.0000 0.00 0.00 1.00 0 0 0 127 0 0 0 0 0 040619 164542.366
23.2800 -11.9303 0.0000 0.00 0.00 1.00 0 0 0 127 0 0 0 0 0 040619 164542.566
23.2800 -11.9303 0.0000 0.00 0.00 1.00 0 0 0 127 0 0 0 0 0 040619 164542.766
23.2800 -11.9303 0.0000 0.00 0.00 1.00 0 0 0 127 0 0 0 0 0 040619 164542.966
23.2800 -11.9303 0.0000 0.00 0.00 1.00 0 0 0 127 0 0 0 0 0 040619 164543.166
23.2800 -11.9303 0.0000 0.00 0.00 1.00 0 0 0 127 0 0 0 0 0 040619 164543.366
23.2800 -11.9303 0.0000 0.00 0.00 1.00 0 0 0 127 0 0 0 0 0 040619 164543.567
23.2800 -11.9303 0.0000 0.00 0.00 1.00 0 0 0 127 0 0 0 0 0 040619 164543.767
23.2800 -11.9303 0.0000 0.00 0.00 1.00 0 0 0 127 0 0 0 0 0 040619 164543.967
23.2800 -11.9303 0.0000 0.00 0.00 1.00 0 0 0 127 0 0 0 0 0 040619 164544.167
23.2800 -11.9303 0.0000 0.00 0.00 1.00 0 0 0 127 0 0 0 0 0 040619 164544.367
23.2800 -11.9303 0.0000 0.00 0.00 1.00 0 0 0 127 0 0 0 0 0 040619 164544.567
23.2800 -11.9303 0.0000 0.00 0.00 1.00 0 0 0 127 0 0 0 0 0 040619 164544.767
23.2800 -11.9303 0.0000 0.00 0.00 1.00 0 0 0 127 0 0 0 0 0 040619 164544.968
23.2800 -11.9303 0.0000 0.00 0.00 1.00 0 0 0 127 0 0 0 0 0 040619 164545.168
23.2800 -11.9303 0.0000 0.00 0.00 1.00 0 0 0 127 0 0 0 0 0 040619 164545.368
23.2800 -11.9303 0.0000 0.00 0.00 1.00 0 0 0 127 0 0 0 0 0 040619 164545.568
23.2800 -11.9303 0.0000 0.00 0.00 1.00 0 0 0 127 0 0 0 0 0 040619 164545.768
23.2800 -11.9303 0.0000 0.00 0.00 1.00 0 0 0 127 0 0 0 0 0 040619 164545.968
23.2800 -11.9303 0.0000 0.00 0.00 1.00 0 0 0 127 0 0 0 0 0 040619 164546.169
23.2800 -11.9303 0.0000 0.00 0.00 1.00 0 0 0 127 0 0 0 0 0 040619 164546.369
23.2800 -11.9303 0.0000 0.00 0.00 1.00 0 0 0 127 0 0 0 0 0 040619 164546.569
23.2800 -11.9303 0.0000 0.00 0.00 1.00 0 0 0 127 0 0 0 0 0 040619 164546.769
23.2800 -11.9303 0.0000 0.00 0.00 1.00 0 0 0 127 0 0 0 0 0 040619 164546.969
23.2800 -11.9303 0.0000 0.00 0.00 1.00 0 0 0 127 0 0 0 0 0 040619 164547.170
23.2800 -11.9303 0.0000 0.00 0.00 1.00 0 0 0 127 0 0 0 0 0 040619 164547.370
23.2800 -11.9303 0.0000 0.00 0.00 1.00 0 0 0 127 0 0 0 0 0 040619 164547.570
23.2800 -11.9303 0.0000 0.00 0.00 1.00 0 0 0 127 0 0 0 0 0 040619 164547.770
23.2800 -11.9303 0.0000 0.00 0.00 1.00 0 0 0 127 0 0 0 0 0 040619 164547.970
23.2800 -11.9303 0.0000 0.00 0.00 1.00 0 0 0 127 0 0 0 0 0 040619 164548.170
23.2800 -11.9303 0.0000 0.00 0.00 1.00 0 0 0 127 0 0 0 0 0 040619 164548.370
23.2800 -11.9303 0.0000 0.00 0.00 1.00 0 0 0 127 0 0 0 0 0 040619 164548.571
23.2800 -11.9303 0.0000 0.00 0.00 1.00 0 0 0 127 0 0 0 0 0 040619 164548.771
23.2800 -11.9303 0.0000 0.00 0.00 1.00 0 0 0 127 0 0 0 0 0 040619 164548.971
23.2800 -11.9303 0.0000 0.00 0.00 1.00 0 0 0 127 0 0 0 0 0 040619 164549.171
23.2800 -11.9303 0.0000 0.00 0.00 1.00 0 0 0 127 0 0 0 0 0 040619 164549.371
23.2800 -11.9303 0.0000 0.00 0.00 1.00 0 0 0 127 0 0 0 0 0 040619 164549.571
23.2800 -11.9303 0.0000 0.00 0.00 1.00 0 0 0 127 0 0 0 0 0 040619 164549.771
23.2800 -11.9303 0.0000 0.00 0.00 1.00 0 0 0 127 0 0 0 0 0 040619 164549.972
23.2800 -11.9303 0.0000 0.00 0.00 1.00 0 0 0 127 0 0 0 0 0 040619 164550.172
23.2800 -11.9303 0.0000 0.00 0.00 1.00 0 0 0 127 0 0 0 0 0 040619 164550.372
23.2800 -11.9303 0.0000 0.00 0.00 1.00 0 0 0 127 0 0 0 0 0 040619 164550.572
23.2800 -11.9303 0.0000 0.00 0.00 1.00 0 0 0 127 0 0 0 0 0 040619 164550.772
23.2800 -11.9303 0.0000 0.00 0.00 1.00 0 0 0 127 0 0 0 0 0 040619 164550.972
23.2800 -11.9303 0.0000 0.00 0.00 1.00 0 0 0 127 0 0 0 0 0 040619 164551.173
23.2800 -11.9303 0.0000 0.00 0.00 1.00 0 0 0 127 0 0 0 0 0 040619 164551.373
23.2800 -11.9303 0.0000 0.00 0.00 1.00 0 0 0 127 0 0 0 0 0 040619 164551.573
23.2800 -11.9303 0.0000 0.00 0.00 1.00 0 0 0 127 0 0 0 0 0 040619 164551.773
23.2800 -11.9303 0.0000 0.00 0.00 1.00 0 0 0 127 0 0 0 0 0 040619 164551.973
