0.0000 0.0000 0.0000 0.00 0.00 1.00 0 0 0 127 0 0 0 0 0 080519 152537.997
0.0000 0.0000 0.0000 0.00 0.00 1.00 0 0 0 127 0 0 0 0 0 080519 152538.198
0.0000 0.0000 0.0000 0.00 0.00 1.00 0 0 0 127 0 0 0 0 0 080519 152538.398
0.0000 0.0000 0.0000 0.00 0.00 1.00 0 0 0 127 0 0 0 0 0 080519 152538.599
0.0000 0.0000 0.0000 0.00 0.00 1.00 0 0 0 127 0 0 0 0 0 080519 152538.799
0.0000 0.0000 0.0000 0.00 0.00 1.00 0 0 0 127 0 0 0 0 0 080519 152538.999
0.0000 0.0000 0.0000 0.00 0.00 1.00 0 0 0 127 0 0 0 0 0 080519 152539.200
0.0000 0.0000 0.0000 0.00 0.00 1.00 0 0 0 127 0 0 0 0 0 080519 152539.400
0.0000 0.0000 0.0000 0.00 0.00 1.00 0 0 0 127 0 0 0 0 0 080519 152539.600
0.0000 0.0000 0.0000 0.00 0.00 1.00 0 0 0 127 0 0 0 0 0 080519 152539.801
0.0000 0.0000 0.0000 0.00 0.00 1.00 0 0 0 127 0 0 0 0 0 080519 152540.001
0.0000 0.0000 0.0000 0.00 0.00 1.00 0 0 0 127 0 0 0 0 0 080519 152540.202
0.0000 0.0000 0.0000 0.00 0.00 1.00 0 0 0 127 0 0 0 0 0 080519 152540.402
0.0000 0.0000 0.0000 0.00 0.00 1.00 0 0 0 127 0 0 0 0 0 080519 152540.603
0.0000 0.0000 0.0000 0.00 0.00 1.00 0 0 0 127 0 0 0 0 0 080519 152540.803
0.0000 0.0000 0.0000 0.00 0.00 1.00 0 0 0 127 0 0 0 0 0 080519 152541.004
0.0000 0.0000 0.0000 0.00 0.00 1.00 0 0 0 127 0 0 0 0 0 080519 152541.204
