-0.4693 -5.8304 0.0317 0.00 0.00 1.00 0 139 235 112 1 0 0 0 0 030619 161746.159
-0.4598 -5.9803 0.0141 0.00 0.00 1.00 0 223 235 112 1 0 0 0 0 030619 161746.360
-0.4583 -5.9943 0.0172 0.00 0.00 1.00 0 234 235 112 1 0 0 0 0 030619 161746.560
-0.4576 -6.1455 0.0191 0.00 0.00 1.00 0 14 236 112 1 0 0 0 0 030619 161746.761
-0.4704 -6.2408 0.0237 0.00 0.00 1.00 0 218 235 112 1 0 0 0 0 030619 161746.961
-0.4694 -6.3246 0.0201 0.00 0.00 1.00 0 241 235 112 1 0 0 0 0 030619 161747.162
-0.4776 -6.4086 0.0194 0.00 0.00 1.00 0 213 235 112 1 0 0 0 0 030619 161747.362
-0.4863 -6.5078 0.0504 0.00 0.00 1.00 0 185 235 112 1 0 0 0 0 030619 161747.563
-0.4976 -6.5991 0.0363 0.00 0.00 1.00 0 141 235 112 1 0 0 0 0 030619 161747.763
-0.5133 -6.7649 0.0195 0.00 0.00 1.00 0 88 235 112 1 0 0 0 0 030619 161747.963
-0.5268 -6.8449 0.0274 0.00 0.00 1.00 0 30 235 112 1 0 0 0 0 030619 161748.164
-0.5227 -6.8635 0.0221 0.00 0.00 1.00 0 57 235 112 1 0 0 0 0 030619 161748.364
-0.5227 -6.8635 0.0221 0.00 0.00 1.00 0 0 0 127 0 0 0 0 0 030619 161748.564
-0.5227 -6.8635 0.0221 0.00 0.00 1.00 0 0 0 127 0 0 0 0 0 030619 161748.765
0.4221 -7.2249 0.0514 0.00 0.00 1.00 0 0 0 112 1 0 0 0 0 030619 161748.965
0.4328 -7.3185 0.0632 0.00 0.00 1.00 0 0 0 112 1 0 0 0 0 030619 161749.165
0.4198 -7.4944 0.0628 0.00 0.00 1.00 0 0 0 112 1 0 0 0 0 030619 161749.366
0.4218 -7.5147 0.0811 0.00 0.00 1.00 0 0 0 112 1 0 0 0 0 030619 161749.566
0.3956 -7.6636 0.0436 0.00 0.00 1.00 0 0 0 112 1 0 0 0 0 030619 161749.766
0.3925 -7.6770 0.0477 0.00 0.00 1.00 0 0 0 112 1 0 0 0 0 030619 161749.967
0.3973 -7.8400 0.0464 0.00 0.00 1.00 0 0 0 112 1 0 0 0 0 030619 161750.167
0.3808 -7.9064 0.0458 0.00 0.00 1.00 0 0 0 112 1 0 0 0 0 030619 161750.368
0.3875 -8.0063 0.0759 0.00 0.00 1.00 0 0 0 112 1 0 0 0 0 030619 161750.568
0.3767 -8.1684 0.0633 0.00 0.00 1.00 0 0 0 112 1 0 0 0 0 030619 161750.768
0.3833 -8.2640 0.0525 0.00 0.00 1.00 0 0 0 112 1 0 0 0 0 030619 161750.969
0.3838 -8.2832 0.0681 0.00 0.00 1.00 0 0 0 112 1 0 0 0 0 030619 161751.169
0.3706 -8.4288 0.0550 0.00 0.00 1.00 0 0 0 112 1 0 0 0 0 030619 161751.370
0.3833 -8.5764 0.0492 0.00 0.00 1.00 0 0 0 112 1 0 0 0 0 030619 161751.570
0.3607 -8.6591 0.0914 0.00 0.00 1.00 0 0 0 112 1 0 0 0 0 030619 161751.770
0.3620 -8.6767 0.0691 0.00 0.00 1.00 0 0 0 112 1 0 0 0 0 030619 161751.971
0.3506 -8.8182 0.0248 0.00 0.00 1.00 0 0 0 112 1 0 0 0 0 030619 161752.171
0.3066 -8.9876 0.0613 0.00 0.00 1.00 0 0 0 112 1 0 0 0 0 030619 161752.371
0.3002 -9.0025 0.0646 0.00 0.00 1.00 0 0 0 112 1 0 0 0 0 030619 161752.572
0.3076 -9.1346 0.0591 0.00 0.00 1.00 0 0 0 112 1 0 0 0 0 030619 161752.772
0.2987 -9.2326 0.0700 0.00 0.00 1.00 0 0 0 112 1 0 0 0 0 030619 161752.972
0.2920 -9.2472 0.0688 0.00 0.00 1.00 0 0 0 112 1 0 0 0 0 030619 161753.173
0.2871 -9.4146 0.0731 0.00 0.00 1.00 0 0 0 112 1 0 0 0 0 030619 161753.373
0.2842 -9.5133 0.0919 0.00 0.00 1.00 0 0 0 112 1 0 0 0 0 030619 161753.574
0.2426 -9.5927 0.0842 0.00 0.00 1.00 0 0 0 112 1 0 0 0 0 030619 161753.774
0.2602 -9.6968 0.1113 0.00 0.00 1.00 0 0 0 112 1 0 0 0 0 030619 161753.975
0.2511 -9.8376 0.1155 0.00 0.00 1.00 0 0 0 112 1 0 0 0 0 030619 161754.175
0.2373 -9.9210 0.1425 0.00 0.00 1.00 0 0 0 112 1 0 0 0 0 030619 161754.375
0.2290 -9.9367 0.1316 0.00 0.00 1.00 0 0 0 112 1 0 0 0 0 030619 161754.576
0.2199 -10.1667 0.1247 0.00 0.00 1.00 0 0 0 112 1 0 0 0 0 030619 161754.776
0.2287 -10.1887 0.1228 0.00 0.00 1.00 0 0 0 112 1 0 0 0 0 030619 161754.976
0.2025 -10.3271 0.1053 0.00 0.00 1.00 0 0 0 112 1 0 0 0 0 030619 161755.177
0.2064 -10.4229 0.1075 0.00 0.00 1.00 0 0 0 112 1 0 0 0 0 030619 161755.377
0.1811 -10.5058 0.1125 0.00 0.00 1.00 0 0 0 112 1 0 0 0 0 030619 161755.578
0.1742 -10.5897 0.1227 0.00 0.00 1.00 0 0 0 112 1 0 0 0 0 030619 161755.778
0.1479 -10.7474 0.0409 0.00 0.00 1.00 0 0 0 112 1 0 0 0 0 030619 161755.978
0.1175 -10.8300 0.0672 0.00 0.00 1.00 0 0 0 112 1 0 0 0 0 030619 161756.179
0.1174 -10.8456 0.0711 0.00 0.00 1.00 0 0 0 112 1 0 0 0 0 030619 161756.379
0.1221 -10.9901 0.0763 0.00 0.00 1.00 0 0 0 112 1 0 0 0 0 030619 161756.580
0.1100 -11.0126 0.0705 0.00 0.00 1.00 0 0 0 112 1 0 0 0 0 030619 161756.780
0.0639 -11.1697 0.0874 0.00 0.00 1.00 0 0 0 112 1 0 0 0 0 030619 161756.980
0.0651 -11.3145 0.0576 0.00 0.00 1.00 0 0 0 112 1 0 0 0 0 030619 161757.181
0.0586 -11.4158 0.0587 0.00 0.00 1.00 0 0 0 112 1 0 0 0 0 030619 161757.381
0.0385 -11.4317 0.0496 0.00 0.00 1.00 0 0 0 112 1 0 0 0 0 030619 161757.582
0.0420 -11.5794 0.0586 0.00 0.00 1.00 0 0 0 112 1 0 0 0 0 030619 161757.782
0.0442 -11.5964 0.0581 0.00 0.00 1.00 0 0 0 112 1 0 0 0 0 030619 161757.982
0.0205 -11.7433 0.0696 0.00 0.00 1.00 0 0 0 112 1 0 0 0 0 030619 161758.183
0.0011 -11.9198 0.0859 0.00 0.00 1.00 0 0 0 112 1 0 0 0 0 030619 161758.383
0.0034 -11.9366 0.0955 0.00 0.00 1.00 0 0 0 112 1 0 0 0 0 030619 161758.583
-0.0217 -12.0858 0.0872 0.00 0.00 1.00 0 0 0 112 1 0 0 0 0 030619 161758.784
-0.0141 -12.1049 0.0913 0.00 0.00 1.00 0 0 0 112 1 0 0 0 0 030619 161758.984
-0.0397 -12.1844 0.1156 0.00 0.00 1.00 0 0 0 112 1 0 0 0 0 030619 161759.185
-0.0271 -12.2502 0.1166 0.00 0.00 1.00 0 0 0 112 1 0 0 0 0 030619 161759.385
-0.0503 -12.5138 0.1335 0.00 0.00 1.00 0 0 0 112 1 0 0 0 0 030619 161759.586
-0.0462 -12.5294 0.1113 0.00 0.00 1.00 0 0 0 112 1 0 0 0 0 030619 161759.786
-0.0690 -12.6703 0.1050 0.00 0.00 1.00 0 0 0 112 1 0 0 0 0 030619 161759.986
-0.1319 -12.7709 0.1082 0.00 0.00 1.00 0 0 0 112 1 0 0 0 0 030619 161800.187
-0.1317 -12.8539 0.1128 0.00 0.00 1.00 0 0 0 112 1 0 0 0 0 030619 161800.387
-0.1383 -12.8720 0.1307 0.00 0.00 1.00 0 0 0 112 1 0 0 0 0 030619 161800.588
-0.1637 -13.1162 0.1515 0.00 0.00 1.00 0 0 0 112 1 0 0 0 0 030619 161800.788
-0.1637 -13.1162 0.1515 0.00 0.00 1.00 0 0 0 112 1 0 0 0 0 030619 161800.988
-0.1576 -13.2793 0.1107 0.00 0.00 1.00 0 0 0 112 1 0 0 0 0 030619 161801.189
-0.1483 -13.2958 0.1170 0.00 0.00 1.00 0 0 0 112 1 0 0 0 0 030619 161801.389
-0.1925 -13.4483 0.1641 0.00 0.00 1.00 0 0 0 112 1 0 0 0 0 030619 161801.589
-0.2233 -13.5436 0.1644 0.00 0.00 1.00 0 0 0 112 1 0 0 0 0 030619 161801.790
-0.2215 -13.5582 0.1466 0.00 0.00 1.00 0 0 0 112 1 0 0 0 0 030619 161801.990
-0.1993 -13.7070 0.2017 0.00 0.00 1.00 0 0 0 112 1 0 0 0 0 030619 161802.190
-0.2007 -13.7238 0.1795 0.00 0.00 1.00 0 0 0 112 1 0 0 0 0 030619 161802.391
-0.2444 -13.8997 0.0814 0.00 0.00 1.00 0 0 0 112 1 0 0 0 0 030619 161802.591
-0.3277 -14.0443 0.0630 0.00 0.00 1.00 0 0 0 112 1 0 0 0 0 030619 161802.791
-0.3238 -14.0637 0.0876 0.00 0.00 1.00 0 0 0 112 1 0 0 0 0 030619 161802.992
-0.3228 -14.2109 0.0827 0.00 0.00 1.00 0 0 0 112 1 0 0 0 0 030619 161803.192
-0.3315 -14.2259 0.1018 0.00 0.00 1.00 0 0 0 112 1 0 0 0 0 030619 161803.393
-0.3409 -14.4533 0.0641 0.00 0.00 1.00 0 0 0 112 1 0 0 0 0 030619 161803.593
-0.3421 -14.5345 0.0626 0.00 0.00 1.00 0 0 0 112 1 0 0 0 0 030619 161803.793
-0.3832 -14.6353 0.0835 0.00 0.00 1.00 0 0 0 112 1 0 0 0 0 030619 161803.994
-0.3981 -14.7168 0.1497 0.00 0.00 1.00 0 0 0 112 1 0 0 0 0 030619 161804.194
-0.3948 -14.7348 0.1486 0.00 0.00 1.00 0 0 0 112 1 0 0 0 0 030619 161804.395
-0.3915 -14.8806 0.1270 0.00 0.00 1.00 0 0 0 112 1 0 0 0 0 030619 161804.595
-0.4223 -15.0455 0.1223 0.00 0.00 1.00 0 0 0 112 1 0 0 0 0 030619 161804.795
-0.4036 -15.1406 0.1242 0.00 0.00 1.00 0 0 0 112 1 0 0 0 0 030619 161804.996
-0.4494 -15.2232 0.1330 0.00 0.00 1.00 0 0 0 112 1 0 0 0 0 030619 161805.196
-0.4900 -15.3052 0.0961 0.00 0.00 1.00 0 0 0 112 1 0 0 0 0 030619 161805.397
-0.5036 -15.3854 0.1088 0.00 0.00 1.00 0 0 0 112 1 0 0 0 0 030619 161805.597
-0.5018 -15.4658 0.0879 0.00 0.00 1.00 0 0 0 112 1 0 0 0 0 030619 161805.797
-0.5375 -15.5632 0.1238 0.00 0.00 1.00 0 0 0 112 1 0 0 0 0 030619 161805.998
-0.5537 -15.7225 0.1156 0.00 0.00 1.00 0 0 0 112 1 0 0 0 0 030619 161806.198
-0.5454 -15.7409 0.1048 0.00 0.00 1.00 0 0 0 112 1 0 0 0 0 030619 161806.398
-0.5672 -15.8885 0.1148 0.00 0.00 1.00 0 0 0 112 1 0 0 0 0 030619 161806.599
-0.5611 -15.9064 0.1298 0.00 0.00 1.00 0 0 0 112 1 0 0 0 0 030619 161806.799
-0.5799 -16.0380 0.1233 0.00 0.00 1.00 0 0 0 112 1 0 0 0 0 030619 161806.999
-0.6020 -16.1512 0.0892 0.00 0.00 1.00 0 0 0 112 1 0 0 0 0 030619 161807.200
-0.6302 -16.2814 0.0833 0.00 0.00 1.00 0 0 0 112 1 0 0 0 0 030619 161807.400
-0.6147 -16.3787 0.0764 0.00 0.00 1.00 0 0 0 112 1 0 0 0 0 030619 161807.601
-0.6312 -16.4425 0.0761 0.00 0.00 1.00 0 0 0 112 1 0 0 0 0 030619 161807.801
-0.7169 -16.6215 0.1678 0.00 0.00 1.00 0 0 0 112 1 0 0 0 0 030619 161808.001
-0.7066 -16.7093 0.2081 0.00 0.00 1.00 0 0 0 112 1 0 0 0 0 030619 161808.202
-0.7340 -16.8016 0.2277 0.00 0.00 1.00 0 0 0 112 1 0 0 0 0 030619 161808.402
-0.7237 -16.8198 0.2362 0.00 0.00 1.00 0 0 0 112 1 0 0 0 0 030619 161808.603
-0.7628 -16.9620 0.1520 0.00 0.00 1.00 0 0 0 112 1 0 0 0 0 030619 161808.803
-0.8149 -17.1259 0.1858 0.00 0.00 1.00 0 0 0 112 1 0 0 0 0 030619 161809.004
-0.8192 -17.1386 0.1482 0.00 0.00 1.00 0 0 0 112 1 0 0 0 0 030619 161809.204
-0.8027 -17.2881 0.1937 0.00 0.00 1.00 0 0 0 112 1 0 0 0 0 030619 161809.404
-0.7935 -17.3088 0.1992 0.00 0.00 1.00 0 0 0 112 1 0 0 0 0 030619 161809.605
-0.8161 -17.4517 0.1722 0.00 0.00 1.00 0 0 0 112 1 0 0 0 0 030619 161809.805
-0.8326 -17.6111 0.1642 0.00 0.00 1.00 0 0 0 112 1 0 0 0 0 030619 161810.006
-0.8506 -17.6325 0.1483 0.00 0.00 1.00 0 0 0 112 1 0 0 0 0 030619 161810.206
-0.9092 -17.7729 0.0826 0.00 0.00 1.00 0 0 0 112 1 0 0 0 0 030619 161810.406
-0.9124 -17.8708 0.0460 0.00 0.00 1.00 0 0 0 112 1 0 0 0 0 030619 161810.607
-0.8818 -17.9556 0.1030 0.00 0.00 1.00 0 0 0 112 1 0 0 0 0 030619 161810.807
-0.8917 -18.0204 0.0901 0.00 0.00 1.00 0 0 0 112 1 0 0 0 0 030619 161811.007
-0.9471 -18.1157 0.1430 0.00 0.00 1.00 0 0 0 112 1 0 0 0 0 030619 161811.208
-0.9459 -18.2643 0.1548 0.00 0.00 1.00 0 0 0 112 1 0 0 0 0 030619 161811.408
-1.0259 -18.3562 0.1253 0.00 0.00 1.00 0 0 0 112 1 0 0 0 0 030619 161811.608
-1.0329 -18.4391 0.0906 0.00 0.00 1.00 0 0 0 112 1 0 0 0 0 030619 161811.809
-1.0787 -18.5024 0.0831 0.00 0.00 1.00 0 0 0 112 1 0 0 0 0 030619 161812.009
-1.0813 -18.6799 0.1252 0.00 0.00 1.00 0 0 0 112 1 0 0 0 0 030619 161812.209
-1.0530 -18.7488 0.1733 0.00 0.00 1.00 0 0 0 112 1 0 0 0 0 030619 161812.410
-1.0464 -18.8300 0.1576 0.00 0.00 1.00 0 0 0 112 1 0 0 0 0 030619 161812.610
-1.0775 -18.9239 0.1374 0.00 0.00 1.00 0 0 0 112 1 0 0 0 0 030619 161812.811
-1.1156 -19.0049 0.1216 0.00 0.00 1.00 0 0 0 112 1 0 0 0 0 030619 161813.011
-1.1236 -19.0222 0.1293 0.00 0.00 1.00 0 0 0 112 1 0 0 0 0 030619 161813.211
-1.1620 -19.0826 0.1313 0.00 0.00 1.00 0 0 0 112 1 0 0 0 0 030619 161813.412
-1.1905 -19.2618 0.1431 0.00 0.00 1.00 0 0 0 112 1 0 0 0 0 030619 161813.612
-1.1866 -19.3436 0.1483 0.00 0.00 1.00 0 0 0 112 1 0 0 0 0 030619 161813.813
-1.1904 -19.4424 0.1277 0.00 0.00 1.00 0 0 0 112 1 0 0 0 0 030619 161814.013
-1.2066 -19.5222 0.1249 0.00 0.00 1.00 0 0 0 112 1 0 0 0 0 030619 161814.213
-1.3024 -19.6946 0.0812 0.00 0.00 1.00 0 0 0 112 1 0 0 0 0 030619 161814.414
-1.3212 -19.7901 0.0958 0.00 0.00 1.00 0 0 0 112 1 0 0 0 0 030619 161814.614
-1.3107 -19.8138 0.0669 0.00 0.00 1.00 0 0 0 112 1 0 0 0 0 030619 161814.814
-1.3384 -20.0380 0.0705 0.00 0.00 1.00 0 52 228 112 1 0 0 0 0 030619 161815.015
