-22.0295 0.8031 -0.1035 0.00 0.00 1.00 0 204 204 127 0 0 0 0 0 161219 195947.683
-22.0278 0.7809 -0.1014 0.00 0.00 1.00 0 214 204 127 0 0 0 0 0 161219 195947.733
-22.0221 0.7366 -0.1023 0.00 0.00 1.00 0 245 204 127 0 0 0 0 0 161219 195947.783
-22.0221 0.7366 -0.1023 0.00 0.00 1.00 0 245 204 127 0 0 0 0 0 161219 195947.833
-22.0193 0.6895 -0.1045 0.00 0.00 1.00 0 5 205 127 0 0 0 0 0 161219 195947.883
-22.0193 0.6895 -0.1045 0.00 0.00 1.00 0 5 205 127 0 0 0 0 0 161219 195947.933
-22.0155 0.6666 -0.1040 0.00 0.00 1.00 0 26 205 127 0 0 0 0 0 161219 195947.983
-22.0105 0.6202 -0.1032 0.00 0.00 1.00 0 54 205 127 0 0 0 0 0 161219 195948.033
-22.0105 0.6202 -0.1032 0.00 0.00 1.00 0 54 205 127 0 0 0 0 0 161219 195948.083
-22.0075 0.5750 -0.1014 0.00 0.00 1.00 0 70 205 127 0 0 0 0 0 161219 195948.133
-22.0075 0.5750 -0.1014 0.00 0.00 1.00 0 70 205 127 0 0 0 0 0 161219 195948.183
-22.0057 0.5519 -0.1013 0.00 0.00 1.00 0 80 205 127 0 0 0 0 0 161219 195948.233
-22.0020 0.5060 -0.1012 0.00 0.00 1.00 0 98 205 127 0 0 0 0 0 161219 195948.283
-22.0020 0.5060 -0.1012 0.00 0.00 1.00 0 98 205 127 0 0 0 0 0 161219 195948.333
-21.9989 0.4596 -0.0992 0.00 0.00 1.00 0 113 205 127 0 0 0 0 0 161219 195948.383
-21.9989 0.4596 -0.0992 0.00 0.00 1.00 0 113 205 127 0 0 0 0 0 161219 195948.433
-21.9950 0.4364 -0.0982 0.00 0.00 1.00 0 133 205 127 0 0 0 0 0 161219 195948.483
-21.9950 0.4364 -0.0982 0.00 0.00 1.00 0 133 205 127 0 0 0 0 0 161219 195948.533
-21.9901 0.3924 -0.0975 0.00 0.00 1.00 0 158 205 127 0 0 0 0 0 161219 195948.583
-21.9877 0.3465 -0.0969 0.00 0.00 1.00 0 169 205 127 0 0 0 0 0 161219 195948.633
-21.9877 0.3465 -0.0969 0.00 0.00 1.00 0 169 205 127 0 0 0 0 0 161219 195948.683
-21.9844 0.3021 -0.0966 0.00 0.00 1.00 0 184 205 127 0 0 0 0 0 161219 195948.733
-21.9812 0.2794 -0.0957 0.00 0.00 1.00 0 201 205 127 0 0 0 0 0 161219 195948.783
-21.9812 0.2794 -0.0957 0.00 0.00 1.00 0 201 205 127 0 0 0 0 0 161219 195948.833
-21.9777 0.2346 -0.0973 0.00 0.00 1.00 0 218 205 127 0 0 0 0 0 161219 195948.883
-21.9777 0.2346 -0.0973 0.00 0.00 1.00 0 218 205 127 0 0 0 0 0 161219 195948.933
-21.9772 0.2123 -0.0975 0.00 0.00 1.00 0 220 205 127 0 0 0 0 0 161219 195948.983
-21.9715 0.1712 -0.0983 0.00 0.00 1.00 0 249 205 127 0 0 0 0 0 161219 195949.033
-21.9715 0.1712 -0.0983 0.00 0.00 1.00 0 249 205 127 0 0 0 0 0 161219 195949.083
-21.9684 0.1258 -0.0983 0.00 0.00 1.00 0 8 206 127 0 0 0 0 0 161219 195949.133
-21.9684 0.1258 -0.0983 0.00 0.00 1.00 0 8 206 127 0 0 0 0 0 161219 195949.183
-21.9668 0.1031 -0.0980 0.00 0.00 1.00 0 15 206 127 0 0 0 0 0 161219 195949.233
-21.9624 0.0589 -0.0999 0.00 0.00 1.00 0 37 206 127 0 0 0 0 0 161219 195949.283
-21.9624 0.0589 -0.0999 0.00 0.00 1.00 0 37 206 127 0 0 0 0 0 161219 195949.333
-21.9592 0.0133 -0.0976 0.00 0.00 1.00 0 53 206 127 0 0 0 0 0 161219 195949.383
-21.9573 -0.0097 -0.0991 0.00 0.00 1.00 0 62 206 127 0 0 0 0 0 161219 195949.433
-21.9573 -0.0097 -0.0991 0.00 0.00 1.00 0 62 206 127 0 0 0 0 0 161219 195949.483
-21.9521 -0.0549 -0.0996 0.00 0.00 1.00 0 88 206 127 0 0 0 0 0 161219 195949.533
-21.9521 -0.0549 -0.0996 0.00 0.00 1.00 0 88 206 127 0 0 0 0 0 161219 195949.583
-21.9498 -0.0776 -0.0979 0.00 0.00 1.00 0 99 206 127 0 0 0 0 0 161219 195949.633
-21.9456 -0.1234 -0.0973 0.00 0.00 1.00 0 120 206 127 0 0 0 0 0 161219 195949.683
-21.9456 -0.1234 -0.0973 0.00 0.00 1.00 0 120 206 127 0 0 0 0 0 161219 195949.733
-21.9426 -0.1682 -0.0967 0.00 0.00 1.00 0 135 206 127 0 0 0 0 0 161219 195949.783
-21.9426 -0.1682 -0.0967 0.00 0.00 1.00 0 135 206 127 0 0 0 0 0 161219 195949.833
-21.9410 -0.1905 -0.0959 0.00 0.00 1.00 0 142 206 127 0 0 0 0 0 161219 195949.883
-21.9353 -0.2367 -0.0945 0.00 0.00 1.00 0 172 206 127 0 0 0 0 0 161219 195949.933
-21.9353 -0.2367 -0.0945 0.00 0.00 1.00 0 172 206 127 0 0 0 0 0 161219 195949.983
-21.9346 -0.2593 -0.0941 0.00 0.00 1.00 0 174 206 127 0 0 0 0 0 161219 195950.033
-21.9346 -0.2593 -0.0941 0.00 0.00 1.00 0 174 206 127 0 0 0 0 0 161219 195950.083
-21.9307 -0.3054 -0.0941 0.00 0.00 1.00 0 193 206 127 0 0 0 0 0 161219 195950.133
-21.9253 -0.3502 -0.0926 0.00 0.00 1.00 0 221 206 127 0 0 0 0 0 161219 195950.183
-21.9253 -0.3502 -0.0926 0.00 0.00 1.00 0 221 206 127 0 0 0 0 0 161219 195950.233
-21.9233 -0.3714 -0.0939 0.00 0.00 1.00 0 231 206 127 0 0 0 0 0 161219 195950.283
-21.9194 -0.4162 -0.0937 0.00 0.00 1.00 0 250 206 127 0 0 0 0 0 161219 195950.333
-21.9194 -0.4162 -0.0937 0.00 0.00 1.00 0 250 206 127 0 0 0 0 0 161219 195950.383
-21.9164 -0.4582 -0.0951 0.00 0.00 1.00 0 8 207 127 0 0 0 0 0 161219 195950.433
-21.9164 -0.4582 -0.0951 0.00 0.00 1.00 0 8 207 127 0 0 0 0 0 161219 195950.483
-21.9152 -0.4794 -0.0955 0.00 0.00 1.00 0 14 207 127 0 0 0 0 0 161219 195950.533
-21.9105 -0.5240 -0.0949 0.00 0.00 1.00 0 36 207 127 0 0 0 0 0 161219 195950.583
-21.9105 -0.5240 -0.0949 0.00 0.00 1.00 0 36 207 127 0 0 0 0 0 161219 195950.633
-21.9044 -0.5685 -0.0940 0.00 0.00 1.00 0 64 207 127 0 0 0 0 0 161219 195950.684
-21.9044 -0.5685 -0.0940 0.00 0.00 1.00 0 64 207 127 0 0 0 0 0 161219 195950.733
-21.9025 -0.5906 -0.0954 0.00 0.00 1.00 0 71 207 127 0 0 0 0 0 161219 195950.783
-21.8982 -0.6352 -0.0944 0.00 0.00 1.00 0 90 207 127 0 0 0 0 0 161219 195950.833
-21.8982 -0.6352 -0.0944 0.00 0.00 1.00 0 90 207 127 0 0 0 0 0 161219 195950.883
-21.8951 -0.6815 -0.0936 0.00 0.00 1.00 0 101 207 127 0 0 0 0 0 161219 195950.933
-21.8951 -0.6815 -0.0936 0.00 0.00 1.00 0 101 207 127 0 0 0 0 0 161219 195950.983
-21.8918 -0.7068 -0.0926 0.00 0.00 1.00 0 116 207 127 0 0 0 0 0 161219 195951.033
-21.8880 -0.7535 -0.0928 0.00 0.00 1.00 0 132 207 127 0 0 0 0 0 161219 195951.083
-21.8880 -0.7535 -0.0928 0.00 0.00 1.00 0 132 207 127 0 0 0 0 0 161219 195951.133
-21.8843 -0.7974 -0.0917 0.00 0.00 1.00 0 146 207 127 0 0 0 0 0 161219 195951.183
-21.8843 -0.7974 -0.0917 0.00 0.00 1.00 0 146 207 127 0 0 0 0 0 161219 195951.233
-21.8821 -0.8209 -0.0926 0.00 0.00 1.00 0 156 207 127 0 0 0 0 0 161219 195951.283
-21.8752 -0.8649 -0.0919 0.00 0.00 1.00 0 188 207 127 0 0 0 0 0 161219 195951.333
-21.8752 -0.8649 -0.0919 0.00 0.00 1.00 0 188 207 127 0 0 0 0 0 161219 195951.383
-21.8713 -0.9106 -0.0921 0.00 0.00 1.00 0 205 207 127 0 0 0 0 0 161219 195951.433
-21.8685 -0.9344 -0.0916 0.00 0.00 1.00 0 217 207 127 0 0 0 0 0 161219 195951.483
-21.8685 -0.9344 -0.0916 0.00 0.00 1.00 0 217 207 127 0 0 0 0 0 161219 195951.533
-21.8657 -0.9780 -0.0900 0.00 0.00 1.00 0 227 207 127 0 0 0 0 0 161219 195951.583
-21.8657 -0.9780 -0.0900 0.00 0.00 1.00 0 227 207 127 0 0 0 0 0 161219 195951.633
-21.8607 -1.0240 -0.0893 0.00 0.00 1.00 0 249 207 127 0 0 0 0 0 161219 195951.683
-21.8607 -1.0240 -0.0893 0.00 0.00 1.00 0 249 207 127 0 0 0 0 0 161219 195951.733
-21.8593 -1.0480 -0.0895 0.00 0.00 1.00 0 254 207 127 0 0 0 0 0 161219 195951.783
-21.8551 -1.0938 -0.0889 0.00 0.00 1.00 0 15 208 127 0 0 0 0 0 161219 195951.833
-21.8551 -1.0938 -0.0889 0.00 0.00 1.00 0 15 208 127 0 0 0 0 0 161219 195951.883
-21.8515 -1.1364 -0.0895 0.00 0.00 1.00 0 30 208 127 0 0 0 0 0 161219 195951.933
-21.8494 -1.1585 -0.0888 0.00 0.00 1.00 0 39 208 127 0 0 0 0 0 161219 195951.983
-21.8494 -1.1585 -0.0888 0.00 0.00 1.00 0 39 208 127 0 0 0 0 0 161219 195952.033
-21.8459 -1.2032 -0.0895 0.00 0.00 1.00 0 53 208 127 0 0 0 0 0 161219 195952.083
-21.8438 -1.2265 -0.0889 0.00 0.00 1.00 0 61 208 127 0 0 0 0 0 161219 195952.133
-21.8438 -1.2265 -0.0889 0.00 0.00 1.00 0 61 208 127 0 0 0 0 0 161219 195952.183
-21.8404 -1.2711 -0.0893 0.00 0.00 1.00 0 74 208 127 0 0 0 0 0 161219 195952.233
-21.8404 -1.2711 -0.0893 0.00 0.00 1.00 0 74 208 127 0 0 0 0 0 161219 195952.283
-21.8371 -1.2947 -0.0889 0.00 0.00 1.00 0 90 208 127 0 0 0 0 0 161219 195952.333
-21.8299 -1.3399 -0.0901 0.00 0.00 1.00 0 124 208 127 0 0 0 0 0 161219 195952.383
-21.8299 -1.3399 -0.0901 0.00 0.00 1.00 0 124 208 127 0 0 0 0 0 161219 195952.433
-21.8242 -1.3882 -0.0902 0.00 0.00 1.00 0 150 208 127 0 0 0 0 0 161219 195952.483
-21.8212 -1.4108 -0.0897 0.00 0.00 1.00 0 163 208 127 0 0 0 0 0 161219 195952.533
-21.8212 -1.4108 -0.0897 0.00 0.00 1.00 0 163 208 127 0 0 0 0 0 161219 195952.583
-21.8155 -1.4579 -0.0879 0.00 0.00 1.00 0 189 208 127 0 0 0 0 0 161219 195952.633
-21.8155 -1.4579 -0.0879 0.00 0.00 1.00 0 189 208 127 0 0 0 0 0 161219 195952.683
-21.8117 -1.4810 -0.0858 0.00 0.00 1.00 0 208 208 127 0 0 0 0 0 161219 195952.733
-21.8077 -1.5281 -0.0857 0.00 0.00 1.00 0 224 208 127 0 0 0 0 0 161219 195952.783
-21.8051 -1.5510 -0.0846 0.00 0.00 1.00 0 235 208 127 0 0 0 0 0 161219 195952.833
-21.8051 -1.5510 -0.0846 0.00 0.00 1.00 0 235 208 127 0 0 0 0 0 161219 195952.883
-21.7994 -1.5965 -0.0825 0.00 0.00 1.00 0 2 209 127 0 0 0 0 0 161219 195952.933
-21.7994 -1.5965 -0.0825 0.00 0.00 1.00 0 2 209 127 0 0 0 0 0 161219 195952.983
-21.7965 -1.6202 -0.0818 0.00 0.00 1.00 0 14 209 127 0 0 0 0 0 161219 195953.033
-21.7940 -1.6641 -0.0820 0.00 0.00 1.00 0 20 209 127 0 0 0 0 0 161219 195953.083
-21.7940 -1.6641 -0.0820 0.00 0.00 1.00 0 20 209 127 0 0 0 0 0 161219 195953.133
-21.7914 -1.6865 -0.0810 0.00 0.00 1.00 0 31 209 127 0 0 0 0 0 161219 195953.183
-21.7914 -1.6865 -0.0810 0.00 0.00 1.00 0 31 209 127 0 0 0 0 0 161219 195953.233
-21.7873 -1.7315 -0.0804 0.00 0.00 1.00 0 45 209 127 0 0 0 0 0 161219 195953.283
-21.7812 -1.7733 -0.0829 0.00 0.00 1.00 0 72 209 127 0 0 0 0 0 161219 195953.333
-21.7812 -1.7733 -0.0829 0.00 0.00 1.00 0 72 209 127 0 0 0 0 0 161219 195953.383
-21.7742 -1.8191 -0.0821 0.00 0.00 1.00 0 102 209 127 0 0 0 0 0 161219 195953.433
-21.7742 -1.8191 -0.0821 0.00 0.00 1.00 0 102 209 127 0 0 0 0 0 161219 195953.483
-21.7720 -1.8423 -0.0823 0.00 0.00 1.00 0 110 209 127 0 0 0 0 0 161219 195953.533
-21.7666 -1.8870 -0.0818 0.00 0.00 1.00 0 132 209 127 0 0 0 0 0 161219 195953.583
-21.7666 -1.8870 -0.0818 0.00 0.00 1.00 0 132 209 127 0 0 0 0 0 161219 195953.633
-21.7624 -1.9101 -0.0826 0.00 0.00 1.00 0 151 209 127 0 0 0 0 0 161219 195953.683
-21.7587 -1.9554 -0.0827 0.00 0.00 1.00 0 164 209 127 0 0 0 0 0 161219 195953.733
-21.7587 -1.9554 -0.0827 0.00 0.00 1.00 0 164 209 127 0 0 0 0 0 161219 195953.783
-21.7538 -2.0007 -0.0807 0.00 0.00 1.00 0 183 209 127 0 0 0 0 0 161219 195953.833
-21.7507 -2.0251 -0.0811 0.00 0.00 1.00 0 196 209 127 0 0 0 0 0 161219 195953.883
-21.7507 -2.0251 -0.0811 0.00 0.00 1.00 0 196 209 127 0 0 0 0 0 161219 195953.933
-21.7460 -2.0711 -0.0793 0.00 0.00 1.00 0 213 209 127 0 0 0 0 0 161219 195953.983
-21.7460 -2.0711 -0.0793 0.00 0.00 1.00 0 213 209 127 0 0 0 0 0 161219 195954.033
-21.7421 -2.0948 -0.0797 0.00 0.00 1.00 0 231 209 127 0 0 0 0 0 161219 195954.083
-21.7375 -2.1400 -0.0795 0.00 0.00 1.00 0 248 209 127 0 0 0 0 0 161219 195954.133
-21.7375 -2.1400 -0.0795 0.00 0.00 1.00 0 248 209 127 0 0 0 0 0 161219 195954.183
-21.7312 -2.1867 -0.0773 0.00 0.00 1.00 0 19 210 127 0 0 0 0 0 161219 195954.233
-21.7279 -2.2100 -0.0787 0.00 0.00 1.00 0 33 210 127 0 0 0 0 0 161219 195954.283
-21.7279 -2.2100 -0.0787 0.00 0.00 1.00 0 33 210 127 0 0 0 0 0 161219 195954.333
-21.7208 -2.2527 -0.0782 0.00 0.00 1.00 0 65 210 127 0 0 0 0 0 161219 195954.383
-21.7208 -2.2527 -0.0782 0.00 0.00 1.00 0 65 210 127 0 0 0 0 0 161219 195954.433
-21.7194 -2.2758 -0.0787 0.00 0.00 1.00 0 68 210 127 0 0 0 0 0 161219 195954.483
-21.7185 -2.3227 -0.0787 0.00 0.00 1.00 0 65 210 127 0 0 0 0 0 161219 195954.533
-21.7185 -2.3227 -0.0787 0.00 0.00 1.00 0 65 210 127 0 0 0 0 0 161219 195954.583
-21.7171 -2.3703 -0.0771 0.00 0.00 1.00 0 64 210 127 0 0 0 0 0 161219 195954.633
-21.7162 -2.3931 -0.0773 0.00 0.00 1.00 0 65 210 127 0 0 0 0 0 161219 195954.683
-21.7162 -2.3931 -0.0773 0.00 0.00 1.00 0 65 210 127 0 0 0 0 0 161219 195954.733
-21.7119 -2.4385 -0.0772 0.00 0.00 1.00 0 81 210 127 0 0 0 0 0 161219 195954.783
-21.7082 -2.4627 -0.0775 0.00 0.00 1.00 0 97 210 127 0 0 0 0 0 161219 195954.833
-21.7082 -2.4627 -0.0775 0.00 0.00 1.00 0 97 210 127 0 0 0 0 0 161219 195954.883
-21.7048 -2.5085 -0.0766 0.00 0.00 1.00 0 108 210 127 0 0 0 0 0 161219 195954.933
-21.7045 -2.5318 -0.0764 0.00 0.00 1.00 0 105 210 127 0 0 0 0 0 161219 195954.983
-21.7045 -2.5318 -0.0764 0.00 0.00 1.00 0 105 210 127 0 0 0 0 0 161219 195955.033
-21.7065 -2.5792 -0.0763 0.00 0.00 1.00 0 86 210 127 0 0 0 0 0 161219 195955.083
-21.7065 -2.5792 -0.0763 0.00 0.00 1.00 0 86 210 127 0 0 0 0 0 161219 195955.133
-21.7067 -2.6051 -0.0749 0.00 0.00 1.00 0 79 210 127 0 0 0 0 0 161219 195955.183
-21.7086 -2.6552 -0.0739 0.00 0.00 1.00 0 56 210 127 0 0 0 0 0 161219 195955.233
-21.7086 -2.6552 -0.0739 0.00 0.00 1.00 0 56 210 127 0 0 0 0 0 161219 195955.283
-21.7210 -2.6699 -0.0807 0.00 0.00 1.00 0 240 209 127 0 0 0 0 0 161219 195955.333
-21.7184 -2.6910 -0.0799 0.00 0.00 1.00 0 249 209 127 0 0 0 0 0 161219 195955.383
-21.7184 -2.6910 -0.0799 0.00 0.00 1.00 0 249 209 127 0 0 0 0 0 161219 195955.433
-21.7116 -2.7317 -0.0818 0.00 0.00 1.00 0 20 210 127 0 0 0 0 0 161219 195955.483
-21.7075 -2.7517 -0.0812 0.00 0.00 1.00 0 38 210 127 0 0 0 0 0 161219 195955.533
-21.7075 -2.7517 -0.0812 0.00 0.00 1.00 0 38 210 127 0 0 0 0 0 161219 195955.583
-21.7029 -2.7912 -0.0783 0.00 0.00 1.00 0 54 210 127 0 0 0 0 0 161219 195955.633
-21.7029 -2.7912 -0.0783 0.00 0.00 1.00 0 54 210 127 0 0 0 0 0 161219 195955.683
-21.7027 -2.8145 -0.0779 0.00 0.00 1.00 0 49 210 127 0 0 0 0 0 161219 195955.733
-21.6976 -2.8601 -0.0772 0.00 0.00 1.00 0 66 210 127 0 0 0 0 0 161219 195955.783
-21.6976 -2.8601 -0.0772 0.00 0.00 1.00 0 66 210 127 0 0 0 0 0 161219 195955.833
-21.6923 -2.9075 -0.0773 0.00 0.00 1.00 0 83 210 127 0 0 0 0 0 161219 195955.883
-21.6892 -2.9315 -0.0765 0.00 0.00 1.00 0 94 210 127 0 0 0 0 0 161219 195955.933
-21.6892 -2.9315 -0.0765 0.00 0.00 1.00 0 94 210 127 0 0 0 0 0 161219 195955.983
-21.6840 -2.9759 -0.0745 0.00 0.00 1.00 0 112 210 127 0 0 0 0 0 161219 195956.033
-21.6840 -2.9759 -0.0745 0.00 0.00 1.00 0 112 210 127 0 0 0 0 0 161219 195956.083
-21.6801 -2.9992 -0.0755 0.00 0.00 1.00 0 128 210 127 0 0 0 0 0 161219 195956.133
-21.6753 -3.0441 -0.0762 0.00 0.00 1.00 0 143 210 127 0 0 0 0 0 161219 195956.183
-21.6753 -3.0441 -0.0762 0.00 0.00 1.00 0 143 210 127 0 0 0 0 0 161219 195956.233
-21.6701 -3.0898 -0.0751 0.00 0.00 1.00 0 160 210 127 0 0 0 0 0 161219 195956.283
-21.6681 -3.1126 -0.0740 0.00 0.00 1.00 0 166 210 127 0 0 0 0 0 161219 195956.333
-21.6681 -3.1126 -0.0740 0.00 0.00 1.00 0 166 210 127 0 0 0 0 0 161219 195956.383
-21.6645 -3.1572 -0.0744 0.00 0.00 1.00 0 175 210 127 0 0 0 0 0 161219 195956.433
-21.6608 -3.1792 -0.0738 0.00 0.00 1.00 0 189 210 127 0 0 0 0 0 161219 195956.483
-21.6608 -3.1792 -0.0738 0.00 0.00 1.00 0 189 210 127 0 0 0 0 0 161219 195956.533
-21.6569 -3.2243 -0.0732 0.00 0.00 1.00 0 200 210 127 0 0 0 0 0 161219 195956.583
-21.6569 -3.2243 -0.0732 0.00 0.00 1.00 0 200 210 127 0 0 0 0 0 161219 195956.633
-21.6553 -3.2476 -0.0730 0.00 0.00 1.00 0 203 210 127 0 0 0 0 0 161219 195956.683
-21.6607 -3.2947 -0.0733 0.00 0.00 1.00 0 161 210 127 0 0 0 0 0 161219 195956.733
-21.6654 -3.3460 -0.0718 0.00 0.00 1.00 0 122 210 127 0 0 0 0 0 161219 195956.783
-21.6654 -3.3460 -0.0718 0.00 0.00 1.00 0 122 210 127 0 0 0 0 0 161219 195956.833
-21.6687 -3.3707 -0.0706 0.00 0.00 1.00 0 97 210 127 0 0 0 0 0 161219 195956.883
-21.6703 -3.3941 -0.0707 0.00 0.00 1.00 0 83 210 127 0 0 0 0 0 161219 195956.933
-21.6703 -3.3941 -0.0707 0.00 0.00 1.00 0 83 210 127 0 0 0 0 0 161219 195956.983
-21.6713 -3.4387 -0.0687 0.00 0.00 1.00 0 66 210 127 0 0 0 0 0 161219 195957.033
-21.6717 -3.4637 -0.0685 0.00 0.00 1.00 0 58 210 127 0 0 0 0 0 161219 195957.083
-21.6717 -3.4637 -0.0685 0.00 0.00 1.00 0 58 210 127 0 0 0 0 0 161219 195957.133
-21.6727 -3.5103 -0.0668 0.00 0.00 1.00 0 40 210 127 0 0 0 0 0 161219 195957.183
-21.6723 -3.5333 -0.0661 0.00 0.00 1.00 0 36 210 127 0 0 0 0 0 161219 195957.233
-21.6723 -3.5333 -0.0661 0.00 0.00 1.00 0 36 210 127 0 0 0 0 0 161219 195957.283
-21.6704 -3.5793 -0.0651 0.00 0.00 1.00 0 36 210 127 0 0 0 0 0 161219 195957.333
-21.6697 -3.6028 -0.0669 0.00 0.00 1.00 0 34 210 127 0 0 0 0 0 161219 195957.383
-21.6697 -3.6028 -0.0669 0.00 0.00 1.00 0 34 210 127 0 0 0 0 0 161219 195957.433
-21.6672 -3.6490 -0.0661 0.00 0.00 1.00 0 35 210 127 0 0 0 0 0 161219 195957.483
-21.6655 -3.6715 -0.0663 0.00 0.00 1.00 0 37 210 127 0 0 0 0 0 161219 195957.533
-21.6655 -3.6715 -0.0663 0.00 0.00 1.00 0 37 210 127 0 0 0 0 0 161219 195957.583
-21.6648 -3.7143 -0.0659 0.00 0.00 1.00 0 29 210 127 0 0 0 0 0 161219 195957.633
-21.6642 -3.7397 -0.0650 0.00 0.00 1.00 0 24 210 127 0 0 0 0 0 161219 195957.683
-21.6642 -3.7397 -0.0650 0.00 0.00 1.00 0 24 210 127 0 0 0 0 0 161219 195957.733
-21.6649 -3.7831 -0.0657 0.00 0.00 1.00 0 8 210 127 0 0 0 0 0 161219 195957.783
-21.6649 -3.7831 -0.0657 0.00 0.00 1.00 0 8 210 127 0 0 0 0 0 161219 195957.833
-21.6633 -3.8052 -0.0657 0.00 0.00 1.00 0 10 210 127 0 0 0 0 0 161219 195957.883
-21.6625 -3.8519 -0.0647 0.00 0.00 1.00 0 0 210 127 0 0 0 0 0 161219 195957.933
-21.6625 -3.8519 -0.0647 0.00 0.00 1.00 0 0 210 127 0 0 0 0 0 161219 195957.983
-21.6600 -3.8986 -0.0637 0.00 0.00 1.00 0 0 210 127 0 0 0 0 0 161219 195958.033
-21.6590 -3.9220 -0.0641 0.00 0.00 1.00 0 255 209 127 0 0 0 0 0 161219 195958.083
-21.6590 -3.9220 -0.0641 0.00 0.00 1.00 0 255 209 127 0 0 0 0 0 161219 195958.133
-21.6581 -3.9665 -0.0624 0.00 0.00 1.00 0 247 209 127 0 0 0 0 0 161219 195958.183
-21.6570 -3.9903 -0.0626 0.00 0.00 1.00 0 246 209 127 0 0 0 0 0 161219 195958.233
-21.6570 -3.9903 -0.0626 0.00 0.00 1.00 0 246 209 127 0 0 0 0 0 161219 195958.283
-21.6569 -4.0378 -0.0619 0.00 0.00 1.00 0 232 209 127 0 0 0 0 0 161219 195958.333
-21.6560 -4.0625 -0.0610 0.00 0.00 1.00 0 230 209 127 0 0 0 0 0 161219 195958.383
-21.6544 -4.1077 -0.0594 0.00 0.00 1.00 0 225 209 127 0 0 0 0 0 161219 195958.433
-21.6544 -4.1077 -0.0594 0.00 0.00 1.00 0 225 209 127 0 0 0 0 0 161219 195958.483
-21.6530 -4.1301 -0.0599 0.00 0.00 1.00 0 226 209 127 0 0 0 0 0 161219 195958.533
-21.6518 -4.1763 -0.0592 0.00 0.00 1.00 0 219 209 127 0 0 0 0 0 161219 195958.583
-21.6518 -4.1763 -0.0592 0.00 0.00 1.00 0 219 209 127 0 0 0 0 0 161219 195958.633
-21.6507 -4.2218 -0.0579 0.00 0.00 1.00 0 212 209 127 0 0 0 0 0 161219 195958.683
-21.6504 -4.2448 -0.0568 0.00 0.00 1.00 0 207 209 127 0 0 0 0 0 161219 195958.733
-21.6504 -4.2448 -0.0568 0.00 0.00 1.00 0 207 209 127 0 0 0 0 0 161219 195958.783
-21.6506 -4.2666 -0.0569 0.00 0.00 1.00 0 199 209 127 0 0 0 0 0 161219 195958.833
-21.6506 -4.2666 -0.0569 0.00 0.00 1.00 0 199 209 127 0 0 0 0 0 161219 195958.883
-21.6481 -4.3107 -0.0580 0.00 0.00 1.00 0 200 209 127 0 0 0 0 0 161219 195958.933
-21.6481 -4.3107 -0.0580 0.00 0.00 1.00 0 200 209 127 0 0 0 0 0 161219 195958.983
-21.6469 -4.3542 -0.0582 0.00 0.00 1.00 0 194 209 127 0 0 0 0 0 161219 195959.033
-21.6467 -4.3763 -0.0581 0.00 0.00 1.00 0 188 209 127 0 0 0 0 0 161219 195959.083
-21.6467 -4.3763 -0.0581 0.00 0.00 1.00 0 188 209 127 0 0 0 0 0 161219 195959.133
-21.6471 -4.3995 -0.0582 0.00 0.00 1.00 0 179 209 127 0 0 0 0 0 161219 195959.183
-21.6453 -4.4445 -0.0560 0.00 0.00 1.00 0 175 209 127 0 0 0 0 0 161219 195959.233
-21.6453 -4.4445 -0.0560 0.00 0.00 1.00 0 175 209 127 0 0 0 0 0 161219 195959.283
-21.6445 -4.4676 -0.0570 0.00 0.00 1.00 0 173 209 127 0 0 0 0 0 161219 195959.333
-21.6429 -4.5119 -0.0569 0.00 0.00 1.00 0 169 209 127 0 0 0 0 0 161219 195959.383
-21.6429 -4.5119 -0.0569 0.00 0.00 1.00 0 169 209 127 0 0 0 0 0 161219 195959.433
-21.6424 -4.5563 -0.0570 0.00 0.00 1.00 0 158 209 127 0 0 0 0 0 161219 195959.483
-21.6415 -4.5791 -0.0562 0.00 0.00 1.00 0 157 209 127 0 0 0 0 0 161219 195959.533
-21.6415 -4.5791 -0.0562 0.00 0.00 1.00 0 157 209 127 0 0 0 0 0 161219 195959.583
-21.6397 -4.6247 -0.0570 0.00 0.00 1.00 0 153 209 127 0 0 0 0 0 161219 195959.633
-21.6389 -4.6497 -0.0573 0.00 0.00 1.00 0 177 209 127 0 0 0 0 0 161219 195959.683
-21.6389 -4.6497 -0.0573 0.00 0.00 1.00 0 177 209 127 0 0 0 0 0 161219 195959.733
-21.6378 -4.6718 -0.0564 0.00 0.00 1.00 0 184 209 127 0 0 0 0 0 161219 195959.783
-21.6361 -4.7179 -0.0553 0.00 0.00 1.00 0 196 209 127 0 0 0 0 0 161219 195959.833
-21.6361 -4.7179 -0.0553 0.00 0.00 1.00 0 196 209 127 0 0 0 0 0 161219 195959.883
-21.6346 -4.7406 -0.0549 0.00 0.00 1.00 0 205 209 127 0 0 0 0 0 161219 195959.933
-21.6322 -4.7841 -0.0554 0.00 0.00 1.00 0 220 209 127 0 0 0 0 0 161219 195959.983
-21.6322 -4.7841 -0.0554 0.00 0.00 1.00 0 220 209 127 0 0 0 0 0 161219 200000.033
-21.6323 -4.8080 -0.0547 0.00 0.00 1.00 0 221 209 127 0 0 0 0 0 161219 200000.083
-21.6305 -4.8523 -0.0531 0.00 0.00 1.00 0 233 209 127 0 0 0 0 0 161219 200000.133
-21.6305 -4.8523 -0.0531 0.00 0.00 1.00 0 233 209 127 0 0 0 0 0 161219 200000.183
-21.6300 -4.8748 -0.0531 0.00 0.00 1.00 0 236 209 127 0 0 0 0 0 161219 200000.233
-21.6284 -4.9209 -0.0514 0.00 0.00 1.00 0 248 209 127 0 0 0 0 0 161219 200000.283
-21.6284 -4.9209 -0.0514 0.00 0.00 1.00 0 248 209 127 0 0 0 0 0 161219 200000.333
-21.6289 -4.9443 -0.0514 0.00 0.00 1.00 0 246 209 127 0 0 0 0 0 161219 200000.383
-21.6291 -4.9910 -0.0520 0.00 0.00 1.00 0 247 209 127 0 0 0 0 0 161219 200000.433
-21.6291 -4.9910 -0.0520 0.00 0.00 1.00 0 247 209 127 0 0 0 0 0 161219 200000.483
-21.6272 -5.0354 -0.0502 0.00 0.00 1.00 0 3 210 127 0 0 0 0 0 161219 200000.533
-21.6266 -5.0587 -0.0498 0.00 0.00 1.00 0 8 210 127 0 0 0 0 0 161219 200000.583
-21.6266 -5.0587 -0.0498 0.00 0.00 1.00 0 8 210 127 0 0 0 0 0 161219 200000.633
-21.6246 -5.1040 -0.0496 0.00 0.00 1.00 0 21 210 127 0 0 0 0 0 161219 200000.683
-21.6246 -5.1040 -0.0496 0.00 0.00 1.00 0 21 210 127 0 0 0 0 0 161219 200000.733
-21.6240 -5.1270 -0.0501 0.00 0.00 1.00 0 25 210 127 0 0 0 0 0 161219 200000.783
-21.6219 -5.1729 -0.0502 0.00 0.00 1.00 0 39 210 127 0 0 0 0 0 161219 200000.833
-21.6219 -5.1729 -0.0502 0.00 0.00 1.00 0 39 210 127 0 0 0 0 0 161219 200000.883
-21.6194 -5.2176 -0.0515 0.00 0.00 1.00 0 55 210 127 0 0 0 0 0 161219 200000.933
-21.6194 -5.2176 -0.0515 0.00 0.00 1.00 0 55 210 127 0 0 0 0 0 161219 200000.983
-21.6201 -5.2403 -0.0526 0.00 0.00 1.00 0 52 210 127 0 0 0 0 0 161219 200001.033
-21.6188 -5.2854 -0.0526 0.00 0.00 1.00 0 61 210 127 0 0 0 0 0 161219 200001.083
-21.6188 -5.2854 -0.0526 0.00 0.00 1.00 0 61 210 127 0 0 0 0 0 161219 200001.133
-21.6185 -5.3091 -0.0522 0.00 0.00 1.00 0 64 210 127 0 0 0 0 0 161219 200001.183
-21.6152 -5.3552 -0.0510 0.00 0.00 1.00 0 84 210 127 0 0 0 0 0 161219 200001.233
-21.6152 -5.3552 -0.0510 0.00 0.00 1.00 0 84 210 127 0 0 0 0 0 161219 200001.283
-21.6151 -5.3788 -0.0508 0.00 0.00 1.00 0 86 210 127 0 0 0 0 0 161219 200001.333
-21.6151 -5.3788 -0.0508 0.00 0.00 1.00 0 86 210 127 0 0 0 0 0 161219 200001.383
-21.6143 -5.4227 -0.0507 0.00 0.00 1.00 0 92 210 127 0 0 0 0 0 161219 200001.433
-21.6131 -5.4695 -0.0505 0.00 0.00 1.00 0 101 210 127 0 0 0 0 0 161219 200001.483
-21.6131 -5.4695 -0.0505 0.00 0.00 1.00 0 101 210 127 0 0 0 0 0 161219 200001.533
-21.6107 -5.5145 -0.0489 0.00 0.00 1.00 0 116 210 127 0 0 0 0 0 161219 200001.583
-21.6093 -5.5377 -0.0490 0.00 0.00 1.00 0 145 210 127 0 0 0 0 0 161219 200001.633
-21.6093 -5.5377 -0.0490 0.00 0.00 1.00 0 145 210 127 0 0 0 0 0 161219 200001.683
-21.6077 -5.5826 -0.0486 0.00 0.00 1.00 0 168 210 127 0 0 0 0 0 161219 200001.733
-21.6073 -5.6069 -0.0469 0.00 0.00 1.00 0 178 210 127 0 0 0 0 0 161219 200001.783
-21.6073 -5.6069 -0.0469 0.00 0.00 1.00 0 178 210 127 0 0 0 0 0 161219 200001.833
-21.6052 -5.6515 -0.0473 0.00 0.00 1.00 0 204 210 127 0 0 0 0 0 161219 200001.883
-21.6052 -5.6515 -0.0473 0.00 0.00 1.00 0 204 210 127 0 0 0 0 0 161219 200001.933
-21.6028 -5.6979 -0.0460 0.00 0.00 1.00 0 232 210 127 0 0 0 0 0 161219 200001.983
-21.6035 -5.7208 -0.0461 0.00 0.00 1.00 0 235 210 127 0 0 0 0 0 161219 200002.033
-21.6035 -5.7208 -0.0461 0.00 0.00 1.00 0 235 210 127 0 0 0 0 0 161219 200002.083
-21.6018 -5.7444 -0.0452 0.00 0.00 1.00 0 252 210 127 0 0 0 0 0 161219 200002.133
-21.6001 -5.7895 -0.0452 0.00 0.00 1.00 0 20 211 127 0 0 0 0 0 161219 200002.183
-21.6001 -5.7895 -0.0452 0.00 0.00 1.00 0 20 211 127 0 0 0 0 0 161219 200002.233
-21.5975 -5.8355 -0.0457 0.00 0.00 1.00 0 49 211 127 0 0 0 0 0 161219 200002.283
-21.5963 -5.8578 -0.0455 0.00 0.00 1.00 0 63 211 127 0 0 0 0 0 161219 200002.333
-21.5963 -5.8578 -0.0455 0.00 0.00 1.00 0 63 211 127 0 0 0 0 0 161219 200002.383
-21.5941 -5.9039 -0.0465 0.00 0.00 1.00 0 90 211 127 0 0 0 0 0 161219 200002.433
-21.5944 -5.9282 -0.0460 0.00 0.00 1.00 0 96 211 127 0 0 0 0 0 161219 200002.483
-21.5944 -5.9282 -0.0460 0.00 0.00 1.00 0 96 211 127 0 0 0 0 0 161219 200002.533
-21.5941 -5.9510 -0.0454 0.00 0.00 1.00 0 105 211 127 0 0 0 0 0 161219 200002.583
-21.5935 -5.9973 -0.0458 0.00 0.00 1.00 0 123 211 127 0 0 0 0 0 161219 200002.633
-21.5935 -5.9973 -0.0458 0.00 0.00 1.00 0 123 211 127 0 0 0 0 0 161219 200002.683
-21.5901 -6.0421 -0.0443 0.00 0.00 1.00 0 156 211 127 0 0 0 0 0 161219 200002.733
-21.5889 -6.0651 -0.0453 0.00 0.00 1.00 0 170 211 127 0 0 0 0 0 161219 200002.783
-21.5889 -6.0651 -0.0453 0.00 0.00 1.00 0 170 211 127 0 0 0 0 0 161219 200002.833
-21.5874 -6.1113 -0.0437 0.00 0.00 1.00 0 193 211 127 0 0 0 0 0 161219 200002.883
-21.5871 -6.1350 -0.0446 0.00 0.00 1.00 0 202 211 127 0 0 0 0 0 161219 200002.933
-21.5871 -6.1350 -0.0446 0.00 0.00 1.00 0 202 211 127 0 0 0 0 0 161219 200002.983
-21.5841 -6.1815 -0.0433 0.00 0.00 1.00 0 234 211 127 0 0 0 0 0 161219 200003.033
-21.5831 -6.2038 -0.0419 0.00 0.00 1.00 0 246 211 127 0 0 0 0 0 161219 200003.083
-21.5831 -6.2038 -0.0419 0.00 0.00 1.00 0 246 211 127 0 0 0 0 0 161219 200003.133
-21.5819 -6.2474 -0.0416 0.00 0.00 1.00 0 10 212 127 0 0 0 0 0 161219 200003.183
-21.5809 -6.2711 -0.0403 0.00 0.00 1.00 0 24 212 127 0 0 0 0 0 161219 200003.233
-21.5809 -6.2711 -0.0403 0.00 0.00 1.00 0 24 212 127 0 0 0 0 0 161219 200003.283
-21.5794 -6.3175 -0.0412 0.00 0.00 1.00 0 47 212 127 0 0 0 0 0 161219 200003.333
-21.5793 -6.3403 -0.0412 0.00 0.00 1.00 0 55 212 127 0 0 0 0 0 161219 200003.383
-21.5766 -6.3849 -0.0399 0.00 0.00 1.00 0 84 212 127 0 0 0 0 0 161219 200003.433
-21.5766 -6.3849 -0.0399 0.00 0.00 1.00 0 84 212 127 0 0 0 0 0 161219 200003.483
-21.5731 -6.4086 -0.0378 0.00 0.00 1.00 0 111 212 127 0 0 0 0 0 161219 200003.533
-21.5719 -6.4323 -0.0370 0.00 0.00 1.00 0 125 212 127 0 0 0 0 0 161219 200003.583
-21.5719 -6.4323 -0.0370 0.00 0.00 1.00 0 125 212 127 0 0 0 0 0 161219 200003.633
-21.5701 -6.4767 -0.0377 0.00 0.00 1.00 0 146 212 127 0 0 0 0 0 161219 200003.683
-21.5682 -6.4993 -0.0384 0.00 0.00 1.00 0 163 212 127 0 0 0 0 0 161219 200003.733
-21.5682 -6.4993 -0.0384 0.00 0.00 1.00 0 163 212 127 0 0 0 0 0 161219 200003.783
-21.5672 -6.5445 -0.0382 0.00 0.00 1.00 0 180 212 127 0 0 0 0 0 161219 200003.833
-21.5665 -6.5664 -0.0378 0.00 0.00 1.00 0 189 212 127 0 0 0 0 0 161219 200003.883
-21.5665 -6.5664 -0.0378 0.00 0.00 1.00 0 189 212 127 0 0 0 0 0 161219 200003.933
-21.5637 -6.6117 -0.0362 0.00 0.00 1.00 0 216 212 127 0 0 0 0 0 161219 200003.983
-21.5640 -6.6338 -0.0370 0.00 0.00 1.00 0 220 212 127 0 0 0 0 0 161219 200004.033
-21.5640 -6.6338 -0.0370 0.00 0.00 1.00 0 220 212 127 0 0 0 0 0 161219 200004.083
-21.5620 -6.6780 -0.0367 0.00 0.00 1.00 0 242 212 127 0 0 0 0 0 161219 200004.133
-21.5614 -6.7007 -0.0364 0.00 0.00 1.00 0 251 212 127 0 0 0 0 0 161219 200004.183
-21.5614 -6.7007 -0.0364 0.00 0.00 1.00 0 251 212 127 0 0 0 0 0 161219 200004.233
-21.5593 -6.7465 -0.0365 0.00 0.00 1.00 0 19 213 127 0 0 0 0 0 161219 200004.283
-21.5589 -6.7704 -0.0358 0.00 0.00 1.00 0 27 213 127 0 0 0 0 0 161219 200004.333
-21.5589 -6.7704 -0.0358 0.00 0.00 1.00 0 27 213 127 0 0 0 0 0 161219 200004.383
-21.5576 -6.8167 -0.0338 0.00 0.00 1.00 0 46 213 127 0 0 0 0 0 161219 200004.433
-21.5573 -6.8403 -0.0342 0.00 0.00 1.00 0 54 213 127 0 0 0 0 0 161219 200004.483
-21.5573 -6.8403 -0.0342 0.00 0.00 1.00 0 54 213 127 0 0 0 0 0 161219 200004.533
-21.5570 -6.8860 -0.0328 0.00 0.00 1.00 0 67 213 127 0 0 0 0 0 161219 200004.583
-21.5543 -6.9081 -0.0315 0.00 0.00 1.00 0 87 213 127 0 0 0 0 0 161219 200004.633
-21.5543 -6.9081 -0.0315 0.00 0.00 1.00 0 87 213 127 0 0 0 0 0 161219 200004.683
-21.5527 -6.9541 -0.0307 0.00 0.00 1.00 0 108 213 127 0 0 0 0 0 161219 200004.733
-21.5518 -6.9767 -0.0324 0.00 0.00 1.00 0 119 213 127 0 0 0 0 0 161219 200004.783
-21.5518 -6.9767 -0.0324 0.00 0.00 1.00 0 119 213 127 0 0 0 0 0 161219 200004.833
-21.5500 -7.0219 -0.0320 0.00 0.00 1.00 0 140 213 127 0 0 0 0 0 161219 200004.883
-21.5500 -7.0446 -0.0314 0.00 0.00 1.00 0 146 213 127 0 0 0 0 0 161219 200004.933
-21.5500 -7.0446 -0.0314 0.00 0.00 1.00 0 146 213 127 0 0 0 0 0 161219 200004.983
-21.5456 -7.0877 -0.0311 0.00 0.00 1.00 0 181 213 127 0 0 0 0 0 161219 200005.033
-21.5439 -7.1337 -0.0313 0.00 0.00 1.00 0 202 213 127 0 0 0 0 0 161219 200005.083
-21.5439 -7.1337 -0.0313 0.00 0.00 1.00 0 202 213 127 0 0 0 0 0 161219 200005.133
-21.5425 -7.1556 -0.0308 0.00 0.00 1.00 0 216 213 127 0 0 0 0 0 161219 200005.183
-21.5425 -7.1556 -0.0308 0.00 0.00 1.00 0 216 213 127 0 0 0 0 0 161219 200005.233
-21.5410 -7.2014 -0.0307 0.00 0.00 1.00 0 235 213 127 0 0 0 0 0 161219 200005.283
-21.5403 -7.2239 -0.0312 0.00 0.00 1.00 0 245 213 127 0 0 0 0 0 161219 200005.333
-21.5403 -7.2239 -0.0312 0.00 0.00 1.00 0 245 213 127 0 0 0 0 0 161219 200005.383
-21.5380 -7.2694 -0.0312 0.00 0.00 1.00 0 13 214 127 0 0 0 0 0 161219 200005.433
-21.5368 -7.2917 -0.0305 0.00 0.00 1.00 0 26 214 127 0 0 0 0 0 161219 200005.483
-21.5368 -7.2917 -0.0305 0.00 0.00 1.00 0 26 214 127 0 0 0 0 0 161219 200005.533
-21.5348 -7.3364 -0.0302 0.00 0.00 1.00 0 48 214 127 0 0 0 0 0 161219 200005.583
-21.5343 -7.3599 -0.0292 0.00 0.00 1.00 0 57 214 127 0 0 0 0 0 161219 200005.633
-21.5343 -7.3599 -0.0292 0.00 0.00 1.00 0 57 214 127 0 0 0 0 0 161219 200005.683
-21.5315 -7.4051 -0.0293 0.00 0.00 1.00 0 84 214 127 0 0 0 0 0 161219 200005.733
-21.5302 -7.4280 -0.0285 0.00 0.00 1.00 0 97 214 127 0 0 0 0 0 161219 200005.783
-21.5302 -7.4280 -0.0285 0.00 0.00 1.00 0 97 214 127 0 0 0 0 0 161219 200005.833
-21.5285 -7.4731 -0.0279 0.00 0.00 1.00 0 117 214 127 0 0 0 0 0 161219 200005.883
-21.5266 -7.4948 -0.0284 0.00 0.00 1.00 0 132 214 127 0 0 0 0 0 161219 200005.933
-21.5266 -7.4948 -0.0284 0.00 0.00 1.00 0 132 214 127 0 0 0 0 0 161219 200005.983
-21.5264 -7.5396 -0.0275 0.00 0.00 1.00 0 143 214 127 0 0 0 0 0 161219 200006.033
-21.5240 -7.5629 -0.0269 0.00 0.00 1.00 0 161 214 127 0 0 0 0 0 161219 200006.083
-21.5240 -7.5629 -0.0269 0.00 0.00 1.00 0 161 214 127 0 0 0 0 0 161219 200006.133
-21.5215 -7.6075 -0.0278 0.00 0.00 1.00 0 185 214 127 0 0 0 0 0 161219 200006.183
-21.5206 -7.6305 -0.0271 0.00 0.00 1.00 0 195 214 127 0 0 0 0 0 161219 200006.233
-21.5206 -7.6305 -0.0271 0.00 0.00 1.00 0 195 214 127 0 0 0 0 0 161219 200006.283
-21.5177 -7.6763 -0.0254 0.00 0.00 1.00 0 221 214 127 0 0 0 0 0 161219 200006.333
-21.5164 -7.6995 -0.0243 0.00 0.00 1.00 0 233 214 127 0 0 0 0 0 161219 200006.383
-21.5164 -7.6995 -0.0243 0.00 0.00 1.00 0 233 214 127 0 0 0 0 0 161219 200006.433
-21.5145 -7.7445 -0.0245 0.00 0.00 1.00 0 253 214 127 0 0 0 0 0 161219 200006.483
-21.5128 -7.7671 -0.0250 0.00 0.00 1.00 0 12 215 127 0 0 0 0 0 161219 200006.533
-21.5128 -7.7671 -0.0250 0.00 0.00 1.00 0 12 215 127 0 0 0 0 0 161219 200006.583
-21.5110 -7.8100 -0.0262 0.00 0.00 1.00 0 30 215 127 0 0 0 0 0 161219 200006.633
-21.5090 -7.8334 -0.0250 0.00 0.00 1.00 0 46 215 127 0 0 0 0 0 161219 200006.683
-21.5090 -7.8334 -0.0250 0.00 0.00 1.00 0 46 215 127 0 0 0 0 0 161219 200006.733
-21.5071 -7.8789 -0.0248 0.00 0.00 1.00 0 67 215 127 0 0 0 0 0 161219 200006.783
-21.5071 -7.8789 -0.0248 0.00 0.00 1.00 0 67 215 127 0 0 0 0 0 161219 200006.833
-21.5048 -7.9243 -0.0240 0.00 0.00 1.00 0 90 215 127 0 0 0 0 0 161219 200006.883
-21.5035 -7.9480 -0.0243 0.00 0.00 1.00 0 102 215 127 0 0 0 0 0 161219 200006.933
-21.5035 -7.9480 -0.0243 0.00 0.00 1.00 0 102 215 127 0 0 0 0 0 161219 200006.983
-21.5024 -7.9936 -0.0224 0.00 0.00 1.00 0 118 215 127 0 0 0 0 0 161219 200007.033
-21.5012 -8.0157 -0.0225 0.00 0.00 1.00 0 129 215 127 0 0 0 0 0 161219 200007.083
-21.5012 -8.0157 -0.0225 0.00 0.00 1.00 0 129 215 127 0 0 0 0 0 161219 200007.133
-21.4988 -8.0620 -0.0209 0.00 0.00 1.00 0 152 215 127 0 0 0 0 0 161219 200007.183
-21.4966 -8.0848 -0.0209 0.00 0.00 1.00 0 169 215 127 0 0 0 0 0 161219 200007.233
-21.4966 -8.0848 -0.0209 0.00 0.00 1.00 0 169 215 127 0 0 0 0 0 161219 200007.283
-21.4940 -8.1292 -0.0211 0.00 0.00 1.00 0 193 215 127 0 0 0 0 0 161219 200007.333
-21.4931 -8.1510 -0.0203 0.00 0.00 1.00 0 203 215 127 0 0 0 0 0 161219 200007.383
-21.4918 -8.1957 -0.0213 0.00 0.00 1.00 0 220 215 127 0 0 0 0 0 161219 200007.433
-21.4918 -8.1957 -0.0213 0.00 0.00 1.00 0 220 215 127 0 0 0 0 0 161219 200007.483
-21.4898 -8.2181 -0.0216 0.00 0.00 1.00 0 236 215 127 0 0 0 0 0 161219 200007.533
-21.4898 -8.2181 -0.0216 0.00 0.00 1.00 0 236 215 127 0 0 0 0 0 161219 200007.583
-21.4876 -8.2641 -0.0201 0.00 0.00 1.00 0 2 216 127 0 0 0 0 0 161219 200007.633
-21.4863 -8.2870 -0.0197 0.00 0.00 1.00 0 14 216 127 0 0 0 0 0 161219 200007.683
-21.4863 -8.2870 -0.0197 0.00 0.00 1.00 0 14 216 127 0 0 0 0 0 161219 200007.733
-21.4859 -8.3307 -0.0195 0.00 0.00 1.00 0 25 216 127 0 0 0 0 0 161219 200007.783
-21.4848 -8.3526 -0.0198 0.00 0.00 1.00 0 36 216 127 0 0 0 0 0 161219 200007.833
-21.4848 -8.3526 -0.0198 0.00 0.00 1.00 0 36 216 127 0 0 0 0 0 161219 200007.883
-21.4809 -8.3976 -0.0187 0.00 0.00 1.00 0 67 216 127 0 0 0 0 0 161219 200007.933
-21.4782 -8.4197 -0.0186 0.00 0.00 1.00 0 87 216 127 0 0 0 0 0 161219 200007.983
-21.4762 -8.4652 -0.0179 0.00 0.00 1.00 0 108 216 127 0 0 0 0 0 161219 200008.033
-21.4762 -8.4652 -0.0179 0.00 0.00 1.00 0 108 216 127 0 0 0 0 0 161219 200008.083
-21.4755 -8.4873 -0.0184 0.00 0.00 1.00 0 117 216 127 0 0 0 0 0 161219 200008.133
-21.4725 -8.5325 -0.0192 0.00 0.00 1.00 0 140 216 127 0 0 0 0 0 161219 200008.183
-21.4725 -8.5325 -0.0192 0.00 0.00 1.00 0 140 216 127 0 0 0 0 0 161219 200008.233
-21.4720 -8.5558 -0.0187 0.00 0.00 1.00 0 145 216 127 0 0 0 0 0 161219 200008.283
-21.4694 -8.6012 -0.0173 0.00 0.00 1.00 0 166 216 127 0 0 0 0 0 161219 200008.333
-21.4694 -8.6012 -0.0173 0.00 0.00 1.00 0 166 216 127 0 0 0 0 0 161219 200008.383
-21.4671 -8.6248 -0.0169 0.00 0.00 1.00 0 182 216 127 0 0 0 0 0 161219 200008.433
-21.4644 -8.6703 -0.0165 0.00 0.00 1.00 0 203 216 127 0 0 0 0 0 161219 200008.483
-21.4644 -8.6703 -0.0165 0.00 0.00 1.00 0 203 216 127 0 0 0 0 0 161219 200008.533
-21.4622 -8.6942 -0.0161 0.00 0.00 1.00 0 218 216 127 0 0 0 0 0 161219 200008.583
-21.4590 -8.7398 -0.0155 0.00 0.00 1.00 0 242 216 127 0 0 0 0 0 161219 200008.633
-21.4590 -8.7398 -0.0155 0.00 0.00 1.00 0 242 216 127 0 0 0 0 0 161219 200008.683
-21.4582 -8.7640 -0.0150 0.00 0.00 1.00 0 250 216 127 0 0 0 0 0 161219 200008.733
-21.4567 -8.7864 -0.0152 0.00 0.00 1.00 0 5 217 127 0 0 0 0 0 161219 200008.783
-21.4567 -8.7864 -0.0152 0.00 0.00 1.00 0 5 217 127 0 0 0 0 0 161219 200008.833
-21.4538 -8.8310 -0.0144 0.00 0.00 1.00 0 27 217 127 0 0 0 0 0 161219 200008.883
-21.4515 -8.8536 -0.0139 0.00 0.00 1.00 0 43 217 127 0 0 0 0 0 161219 200008.933
-21.4483 -8.8974 -0.0136 0.00 0.00 1.00 0 66 217 127 0 0 0 0 0 161219 200008.983
-21.4483 -8.8974 -0.0136 0.00 0.00 1.00 0 66 217 127 0 0 0 0 0 161219 200009.033
-21.4462 -8.9206 -0.0134 0.00 0.00 1.00 0 81 217 127 0 0 0 0 0 161219 200009.083
-21.4427 -8.9659 -0.0129 0.00 0.00 1.00 0 107 217 127 0 0 0 0 0 161219 200009.133
-21.4427 -8.9659 -0.0129 0.00 0.00 1.00 0 107 217 127 0 0 0 0 0 161219 200009.183
-21.4413 -8.9892 -0.0125 0.00 0.00 1.00 0 118 217 127 0 0 0 0 0 161219 200009.233
-21.4397 -9.0119 -0.0117 0.00 0.00 1.00 0 130 217 127 0 0 0 0 0 161219 200009.283
-21.4369 -9.0570 -0.0122 0.00 0.00 1.00 0 151 217 127 0 0 0 0 0 161219 200009.333
-21.4369 -9.0570 -0.0122 0.00 0.00 1.00 0 151 217 127 0 0 0 0 0 161219 200009.383
-21.4366 -9.0799 -0.0119 0.00 0.00 1.00 0 156 217 127 0 0 0 0 0 161219 200009.433
-21.4360 -9.1019 -0.0116 0.00 0.00 1.00 0 162 217 127 0 0 0 0 0 161219 200009.483
-21.4360 -9.1019 -0.0116 0.00 0.00 1.00 0 162 217 127 0 0 0 0 0 161219 200009.533
-21.4326 -9.1466 -0.0130 0.00 0.00 1.00 0 187 217 127 0 0 0 0 0 161219 200009.583
-21.4306 -9.1697 -0.0122 0.00 0.00 1.00 0 201 217 127 0 0 0 0 0 161219 200009.633
-21.4281 -9.2165 -0.0118 0.00 0.00 1.00 0 221 217 127 0 0 0 0 0 161219 200009.683
-21.4281 -9.2165 -0.0118 0.00 0.00 1.00 0 221 217 127 0 0 0 0 0 161219 200009.733
-21.4271 -9.2400 -0.0117 0.00 0.00 1.00 0 230 217 127 0 0 0 0 0 161219 200009.783
-21.4255 -9.2617 -0.0115 0.00 0.00 1.00 0 242 217 127 0 0 0 0 0 161219 200009.833
-21.4230 -9.3059 -0.0109 0.00 0.00 1.00 0 5 218 127 0 0 0 0 0 161219 200009.883
-21.4230 -9.3059 -0.0109 0.00 0.00 1.00 0 5 218 127 0 0 0 0 0 161219 200009.933
-21.4208 -9.3283 -0.0113 0.00 0.00 1.00 0 21 218 127 0 0 0 0 0 161219 200009.983
-21.4191 -9.3741 -0.0106 0.00 0.00 1.00 0 36 218 127 0 0 0 0 0 161219 200010.033
-21.4191 -9.3741 -0.0106 0.00 0.00 1.00 0 36 218 127 0 0 0 0 0 161219 200010.083
-21.4172 -9.3970 -0.0113 0.00 0.00 1.00 0 50 218 127 0 0 0 0 0 161219 200010.133
-21.4133 -9.4431 -0.0093 0.00 0.00 1.00 0 77 218 127 0 0 0 0 0 161219 200010.183
-21.4133 -9.4431 -0.0093 0.00 0.00 1.00 0 77 218 127 0 0 0 0 0 161219 200010.233
-21.4111 -9.4656 -0.0097 0.00 0.00 1.00 0 93 218 127 0 0 0 0 0 161219 200010.283
-21.4101 -9.4878 -0.0081 0.00 0.00 1.00 0 101 218 127 0 0 0 0 0 161219 200010.333
-21.4073 -9.5331 -0.0082 0.00 0.00 1.00 0 122 218 127 0 0 0 0 0 161219 200010.383
-21.4073 -9.5331 -0.0082 0.00 0.00 1.00 0 122 218 127 0 0 0 0 0 161219 200010.433
-21.4052 -9.5552 -0.0081 0.00 0.00 1.00 0 136 218 127 0 0 0 0 0 161219 200010.483
-21.4023 -9.5783 -0.0065 0.00 0.00 1.00 0 153 218 127 0 0 0 0 0 161219 200010.533
-21.3971 -9.6239 -0.0067 0.00 0.00 1.00 0 187 218 127 0 0 0 0 0 161219 200010.583
-21.3971 -9.6239 -0.0067 0.00 0.00 1.00 0 187 218 127 0 0 0 0 0 161219 200010.633
-21.3936 -9.6469 -0.0069 0.00 0.00 1.00 0 208 218 127 0 0 0 0 0 161219 200010.683
-21.3810 -9.6871 -0.0066 0.00 0.00 1.00 0 26 219 127 0 0 0 0 0 161219 200010.733
-21.3810 -9.6871 -0.0066 0.00 0.00 1.00 0 26 219 127 0 0 0 0 0 161219 200010.783
-21.3797 -9.7074 -0.0071 0.00 0.00 1.00 0 34 219 127 0 0 0 0 0 161219 200010.833
-21.3748 -9.7278 -0.0071 0.00 0.00 1.00 0 63 219 127 0 0 0 0 0 161219 200010.883
-21.3748 -9.7278 -0.0071 0.00 0.00 1.00 0 63 219 127 0 0 0 0 0 161219 200010.933
-21.3666 -9.7674 -0.0063 0.00 0.00 1.00 0 112 219 127 0 0 0 0 0 161219 200010.983
-21.3604 -9.8101 -0.0067 0.00 0.00 1.00 0 150 219 127 0 0 0 0 0 161219 200011.033
-21.3604 -9.8101 -0.0067 0.00 0.00 1.00 0 150 219 127 0 0 0 0 0 161219 200011.083
-21.3567 -9.8315 -0.0081 0.00 0.00 1.00 0 172 219 127 0 0 0 0 0 161219 200011.133
-21.3491 -9.8789 -0.0077 0.00 0.00 1.00 0 219 219 127 0 0 0 0 0 161219 200011.183
-21.3491 -9.8789 -0.0077 0.00 0.00 1.00 0 219 219 127 0 0 0 0 0 161219 200011.233
-21.3445 -9.9030 -0.0074 0.00 0.00 1.00 0 247 219 127 0 0 0 0 0 161219 200011.283
-21.3365 -9.9486 -0.0061 0.00 0.00 1.00 0 39 220 127 0 0 0 0 0 161219 200011.333
-21.3365 -9.9486 -0.0061 0.00 0.00 1.00 0 39 220 127 0 0 0 0 0 161219 200011.383
-21.3331 -9.9714 -0.0054 0.00 0.00 1.00 0 60 220 127 0 0 0 0 0 161219 200011.433
-21.3254 -10.0156 -0.0044 0.00 0.00 1.00 0 106 220 127 0 0 0 0 0 161219 200011.483
-21.3254 -10.0156 -0.0044 0.00 0.00 1.00 0 106 220 127 0 0 0 0 0 161219 200011.533
-21.3225 -10.0384 -0.0043 0.00 0.00 1.00 0 124 220 127 0 0 0 0 0 161219 200011.583
-21.3143 -10.0831 -0.0029 0.00 0.00 1.00 0 174 220 127 0 0 0 0 0 161219 200011.633
-21.3143 -10.0831 -0.0029 0.00 0.00 1.00 0 174 220 127 0 0 0 0 0 161219 200011.683
-21.3096 -10.1056 -0.0026 0.00 0.00 1.00 0 202 220 127 0 0 0 0 0 161219 200011.733
-21.3096 -10.1056 -0.0026 0.00 0.00 1.00 0 202 220 127 0 0 0 0 0 161219 200011.783
-21.3021 -10.1511 -0.0014 0.00 0.00 1.00 0 247 220 127 0 0 0 0 0 161219 200011.833
-21.2980 -10.1743 -0.0007 0.00 0.00 1.00 0 16 221 127 0 0 0 0 0 161219 200011.883
-21.2980 -10.1743 -0.0007 0.00 0.00 1.00 0 16 221 127 0 0 0 0 0 161219 200011.933
-21.2899 -10.2194 -0.0011 0.00 0.00 1.00 0 65 221 127 0 0 0 0 0 161219 200011.983
-21.2864 -10.2433 0.0004 0.00 0.00 1.00 0 87 221 127 0 0 0 0 0 161219 200012.033
-21.2864 -10.2433 0.0004 0.00 0.00 1.00 0 87 221 127 0 0 0 0 0 161219 200012.083
-21.2785 -10.2890 0.0015 0.00 0.00 1.00 0 134 221 127 0 0 0 0 0 161219 200012.133
-21.2742 -10.3107 0.0015 0.00 0.00 1.00 0 160 221 127 0 0 0 0 0 161219 200012.183
-21.2742 -10.3107 0.0015 0.00 0.00 1.00 0 160 221 127 0 0 0 0 0 161219 200012.233
-21.2660 -10.3553 0.0015 0.00 0.00 1.00 0 209 221 127 0 0 0 0 0 161219 200012.283
-21.2585 -10.3788 0.0020 0.00 0.00 1.00 0 253 221 127 0 0 0 0 0 161219 200012.333
-21.2427 -10.4184 0.0015 0.00 0.00 1.00 0 88 222 127 0 0 0 0 0 161219 200012.383
-21.2427 -10.4184 0.0015 0.00 0.00 1.00 0 88 222 127 0 0 0 0 0 161219 200012.433
-21.2361 -10.4382 0.0017 0.00 0.00 1.00 0 126 222 127 0 0 0 0 0 161219 200012.483
-21.2183 -10.4742 0.0025 0.00 0.00 1.00 0 229 222 127 0 0 0 0 0 161219 200012.533
-21.2183 -10.4742 0.0025 0.00 0.00 1.00 0 229 222 127 0 0 0 0 0 161219 200012.583
-21.2095 -10.4943 0.0037 0.00 0.00 1.00 0 23 223 127 0 0 0 0 0 161219 200012.633
-21.2023 -10.5124 0.0029 0.00 0.00 1.00 0 64 223 127 0 0 0 0 0 161219 200012.683
-21.2023 -10.5124 0.0029 0.00 0.00 1.00 0 64 223 127 0 0 0 0 0 161219 200012.733
-21.1900 -10.5552 0.0026 0.00 0.00 1.00 0 135 223 127 0 0 0 0 0 161219 200012.783
-21.1824 -10.5772 0.0028 0.00 0.00 1.00 0 178 223 127 0 0 0 0 0 161219 200012.833
-21.1824 -10.5772 0.0028 0.00 0.00 1.00 0 178 223 127 0 0 0 0 0 161219 200012.883
-21.1703 -10.6221 0.0044 0.00 0.00 1.00 0 246 223 127 0 0 0 0 0 161219 200012.933
-21.1625 -10.6449 0.0049 0.00 0.00 1.00 0 35 224 127 0 0 0 0 0 161219 200012.983
-21.1625 -10.6449 0.0049 0.00 0.00 1.00 0 35 224 127 0 0 0 0 0 161219 200013.033
-21.1493 -10.6893 0.0059 0.00 0.00 1.00 0 109 224 127 0 0 0 0 0 161219 200013.083
-21.1402 -10.7115 0.0063 0.00 0.00 1.00 0 160 224 127 0 0 0 0 0 161219 200013.133
-21.1402 -10.7115 0.0063 0.00 0.00 1.00 0 160 224 127 0 0 0 0 0 161219 200013.183
-21.1273 -10.7542 0.0071 0.00 0.00 1.00 0 232 224 127 0 0 0 0 0 161219 200013.233
-21.1194 -10.7759 0.0069 0.00 0.00 1.00 0 21 225 127 0 0 0 0 0 161219 200013.283
-21.1194 -10.7759 0.0069 0.00 0.00 1.00 0 21 225 127 0 0 0 0 0 161219 200013.333
-21.1054 -10.8193 0.0079 0.00 0.00 1.00 0 100 225 127 0 0 0 0 0 161219 200013.383
-21.0927 -10.8629 0.0092 0.00 0.00 1.00 0 172 225 127 0 0 0 0 0 161219 200013.433
-21.0927 -10.8629 0.0092 0.00 0.00 1.00 0 172 225 127 0 0 0 0 0 161219 200013.483
-21.0860 -10.8850 0.0090 0.00 0.00 1.00 0 209 225 127 0 0 0 0 0 161219 200013.533
-21.0722 -10.9283 0.0092 0.00 0.00 1.00 0 31 226 127 0 0 0 0 0 161219 200013.583
-21.0722 -10.9283 0.0092 0.00 0.00 1.00 0 31 226 127 0 0 0 0 0 161219 200013.633
-21.0650 -10.9493 0.0095 0.00 0.00 1.00 0 71 226 127 0 0 0 0 0 161219 200013.683
-21.0516 -10.9900 0.0097 0.00 0.00 1.00 0 147 226 127 0 0 0 0 0 161219 200013.733
-21.0516 -10.9900 0.0097 0.00 0.00 1.00 0 147 226 127 0 0 0 0 0 161219 200013.783
-21.0436 -11.0113 0.0103 0.00 0.00 1.00 0 192 226 127 0 0 0 0 0 161219 200013.833
-21.0354 -11.0329 0.0107 0.00 0.00 1.00 0 238 226 127 0 0 0 0 0 161219 200013.883
-21.0216 -11.0772 0.0111 0.00 0.00 1.00 0 59 227 127 0 0 0 0 0 161219 200013.933
-21.0139 -11.0992 0.0105 0.00 0.00 1.00 0 103 227 127 0 0 0 0 0 161219 200013.983
-21.0061 -11.1206 0.0122 0.00 0.00 1.00 0 147 227 127 0 0 0 0 0 161219 200014.033
-21.0061 -11.1206 0.0122 0.00 0.00 1.00 0 147 227 127 0 0 0 0 0 161219 200014.083
-20.9914 -11.1651 0.0134 0.00 0.00 1.00 0 229 227 127 0 0 0 0 0 161219 200014.133
-20.9849 -11.1869 0.0127 0.00 0.00 1.00 0 10 228 127 0 0 0 0 0 161219 200014.183
-20.9849 -11.1869 0.0127 0.00 0.00 1.00 0 10 228 127 0 0 0 0 0 161219 200014.233
-20.9695 -11.2296 0.0140 0.00 0.00 1.00 0 97 228 127 0 0 0 0 0 161219 200014.283
-20.9695 -11.2296 0.0140 0.00 0.00 1.00 0 97 228 127 0 0 0 0 0 161219 200014.333
-20.9632 -11.2526 0.0141 0.00 0.00 1.00 0 132 228 127 0 0 0 0 0 161219 200014.383
-20.9632 -11.2526 0.0141 0.00 0.00 1.00 0 132 228 127 0 0 0 0 0 161219 200014.433
-20.9563 -11.2743 0.0146 0.00 0.00 1.00 0 171 228 127 0 0 0 0 0 161219 200014.483
-20.9426 -11.3175 0.0165 0.00 0.00 1.00 0 248 228 127 0 0 0 0 0 161219 200014.533
-20.9426 -11.3175 0.0165 0.00 0.00 1.00 0 248 228 127 0 0 0 0 0 161219 200014.583
-20.9281 -11.3616 0.0173 0.00 0.00 1.00 0 73 229 127 0 0 0 0 0 161219 200014.633
-20.9226 -11.3840 0.0171 0.00 0.00 1.00 0 105 229 127 0 0 0 0 0 161219 200014.683
-20.9226 -11.3840 0.0171 0.00 0.00 1.00 0 105 229 127 0 0 0 0 0 161219 200014.733
-20.9096 -11.4288 0.0196 0.00 0.00 1.00 0 178 229 127 0 0 0 0 0 161219 200014.783
-20.9019 -11.4507 0.0204 0.00 0.00 1.00 0 221 229 127 0 0 0 0 0 161219 200014.833
-20.9019 -11.4507 0.0204 0.00 0.00 1.00 0 221 229 127 0 0 0 0 0 161219 200014.883
-20.8882 -11.4945 0.0214 0.00 0.00 1.00 0 43 230 127 0 0 0 0 0 161219 200014.933
-20.8818 -11.5158 0.0216 0.00 0.00 1.00 0 79 230 127 0 0 0 0 0 161219 200014.983
-20.8818 -11.5158 0.0216 0.00 0.00 1.00 0 79 230 127 0 0 0 0 0 161219 200015.033
-20.8675 -11.5585 0.0218 0.00 0.00 1.00 0 159 230 127 0 0 0 0 0 161219 200015.083
-20.8611 -11.5800 0.0229 0.00 0.00 1.00 0 194 230 127 0 0 0 0 0 161219 200015.133
-20.8611 -11.5800 0.0229 0.00 0.00 1.00 0 194 230 127 0 0 0 0 0 161219 200015.183
-20.8464 -11.6211 0.0235 0.00 0.00 1.00 0 17 231 127 0 0 0 0 0 161219 200015.233
-20.8397 -11.6432 0.0233 0.00 0.00 1.00 0 54 231 127 0 0 0 0 0 161219 200015.283
-20.8397 -11.6432 0.0233 0.00 0.00 1.00 0 54 231 127 0 0 0 0 0 161219 200015.333
-20.8233 -11.6861 0.0241 0.00 0.00 1.00 0 143 231 127 0 0 0 0 0 161219 200015.383
-20.8155 -11.7072 0.0255 0.00 0.00 1.00 0 186 231 127 0 0 0 0 0 161219 200015.433
-20.8155 -11.7072 0.0255 0.00 0.00 1.00 0 186 231 127 0 0 0 0 0 161219 200015.483
-20.7983 -11.7512 0.0258 0.00 0.00 1.00 0 23 232 127 0 0 0 0 0 161219 200015.533
-20.7854 -11.7722 0.0263 0.00 0.00 1.00 0 94 232 127 0 0 0 0 0 161219 200015.583
-20.7592 -11.8021 0.0231 0.00 0.00 1.00 0 238 232 127 0 0 0 0 0 161219 200015.633
-20.7592 -11.8021 0.0231 0.00 0.00 1.00 0 238 232 127 0 0 0 0 0 161219 200015.683
-20.7494 -11.8193 0.0235 0.00 0.00 1.00 0 36 233 127 0 0 0 0 0 161219 200015.733
-20.7384 -11.8365 0.0238 0.00 0.00 1.00 0 97 233 127 0 0 0 0 0 161219 200015.783
-20.7384 -11.8365 0.0238 0.00 0.00 1.00 0 97 233 127 0 0 0 0 0 161219 200015.833
-20.7185 -11.8708 0.0242 0.00 0.00 1.00 0 206 233 127 0 0 0 0 0 161219 200015.883
-20.7103 -11.8894 0.0251 0.00 0.00 1.00 0 251 233 127 0 0 0 0 0 161219 200015.933
-20.7103 -11.8894 0.0251 0.00 0.00 1.00 0 251 233 127 0 0 0 0 0 161219 200015.983
-20.6914 -11.9298 0.0259 0.00 0.00 1.00 0 97 234 127 0 0 0 0 0 161219 200016.033
-20.6809 -11.9516 0.0270 0.00 0.00 1.00 0 155 234 127 0 0 0 0 0 161219 200016.083
-20.6809 -11.9516 0.0270 0.00 0.00 1.00 0 155 234 127 0 0 0 0 0 161219 200016.133
-20.6590 -11.9932 0.0281 0.00 0.00 1.00 0 19 235 127 0 0 0 0 0 161219 200016.183
-20.6485 -12.0143 0.0287 0.00 0.00 1.00 0 77 235 127 0 0 0 0 0 161219 200016.233
-20.6485 -12.0143 0.0287 0.00 0.00 1.00 0 77 235 127 0 0 0 0 0 161219 200016.283
-20.6265 -12.0552 0.0288 0.00 0.00 1.00 0 197 235 127 0 0 0 0 0 161219 200016.333
-20.6161 -12.0755 0.0287 0.00 0.00 1.00 0 254 235 127 0 0 0 0 0 161219 200016.383
-20.5962 -12.1145 0.0298 0.00 0.00 1.00 0 106 236 127 0 0 0 0 0 161219 200016.433
-20.5962 -12.1145 0.0298 0.00 0.00 1.00 0 106 236 127 0 0 0 0 0 161219 200016.483
-20.5852 -12.1337 0.0311 0.00 0.00 1.00 0 167 236 127 0 0 0 0 0 161219 200016.533
-20.5749 -12.1533 0.0312 0.00 0.00 1.00 0 224 236 127 0 0 0 0 0 161219 200016.583
-20.5547 -12.1940 0.0317 0.00 0.00 1.00 0 78 237 127 0 0 0 0 0 161219 200016.633
-20.5547 -12.1940 0.0317 0.00 0.00 1.00 0 78 237 127 0 0 0 0 0 161219 200016.683
-20.5443 -12.2141 0.0323 0.00 0.00 1.00 0 135 237 127 0 0 0 0 0 161219 200016.733
-20.5335 -12.2346 0.0309 0.00 0.00 1.00 0 194 237 127 0 0 0 0 0 161219 200016.783
-20.5125 -12.2748 0.0325 0.00 0.00 1.00 0 53 238 127 0 0 0 0 0 161219 200016.833
-20.5125 -12.2748 0.0325 0.00 0.00 1.00 0 53 238 127 0 0 0 0 0 161219 200016.883
-20.5015 -12.2954 0.0325 0.00 0.00 1.00 0 113 238 127 0 0 0 0 0 161219 200016.933
-20.4908 -12.3150 0.0329 0.00 0.00 1.00 0 172 238 127 0 0 0 0 0 161219 200016.983
-20.4704 -12.3549 0.0327 0.00 0.00 1.00 0 28 239 127 0 0 0 0 0 161219 200017.033
-20.4704 -12.3549 0.0327 0.00 0.00 1.00 0 28 239 127 0 0 0 0 0 161219 200017.083
-20.4599 -12.3753 0.0344 0.00 0.00 1.00 0 85 239 127 0 0 0 0 0 161219 200017.133
-20.4485 -12.3956 0.0343 0.00 0.00 1.00 0 147 239 127 0 0 0 0 0 161219 200017.183
-20.4282 -12.4342 0.0328 0.00 0.00 1.00 0 3 240 127 0 0 0 0 0 161219 200017.233
-20.4282 -12.4342 0.0328 0.00 0.00 1.00 0 3 240 127 0 0 0 0 0 161219 200017.283
-20.4178 -12.4531 0.0323 0.00 0.00 1.00 0 59 240 127 0 0 0 0 0 161219 200017.333
-20.4071 -12.4724 0.0318 0.00 0.00 1.00 0 118 240 127 0 0 0 0 0 161219 200017.383
-20.4071 -12.4724 0.0318 0.00 0.00 1.00 0 118 240 127 0 0 0 0 0 161219 200017.433
-20.3859 -12.5092 0.0294 0.00 0.00 1.00 0 234 240 127 0 0 0 0 0 161219 200017.483
-20.3599 -12.5483 0.0281 0.00 0.00 1.00 0 121 241 127 0 0 0 0 0 161219 200017.533
-20.3599 -12.5483 0.0281 0.00 0.00 1.00 0 121 241 127 0 0 0 0 0 161219 200017.583
-20.3457 -12.5644 0.0280 0.00 0.00 1.00 0 199 241 127 0 0 0 0 0 161219 200017.633
-20.3325 -12.5799 0.0283 0.00 0.00 1.00 0 136 242 127 0 0 0 0 0 161219 200017.683
-20.3062 -12.6049 0.0273 0.00 0.00 1.00 0 237 242 127 0 0 0 0 0 161219 200017.733
-20.3062 -12.6049 0.0273 0.00 0.00 1.00 0 237 242 127 0 0 0 0 0 161219 200017.783
-20.2934 -12.6207 0.0287 0.00 0.00 1.00 0 23 243 127 0 0 0 0 0 161219 200017.833
-20.2821 -12.6366 0.0293 0.00 0.00 1.00 0 59 243 127 0 0 0 0 0 161219 200017.883
-20.2821 -12.6366 0.0293 0.00 0.00 1.00 0 59 243 127 0 0 0 0 0 161219 200017.933
-20.2603 -12.6704 0.0272 0.00 0.00 1.00 0 122 243 127 0 0 0 0 0 161219 200017.983
-20.2462 -12.6894 0.0283 0.00 0.00 1.00 0 166 243 127 0 0 0 0 0 161219 200018.033
-20.2190 -12.7257 0.0280 0.00 0.00 1.00 0 254 243 127 0 0 0 0 0 161219 200018.083
-20.2190 -12.7257 0.0280 0.00 0.00 1.00 0 254 243 127 0 0 0 0 0 161219 200018.133
-20.2048 -12.7456 0.0267 0.00 0.00 1.00 0 42 244 127 0 0 0 0 0 161219 200018.183
-20.1774 -12.7832 0.0245 0.00 0.00 1.00 0 129 244 127 0 0 0 0 0 161219 200018.233
-20.1774 -12.7832 0.0245 0.00 0.00 1.00 0 129 244 127 0 0 0 0 0 161219 200018.284
-20.1647 -12.8027 0.0253 0.00 0.00 1.00 0 166 244 127 0 0 0 0 0 161219 200018.333
-20.1380 -12.8411 0.0262 0.00 0.00 1.00 0 247 244 127 0 0 0 0 0 161219 200018.383
-20.1380 -12.8411 0.0262 0.00 0.00 1.00 0 247 244 127 0 0 0 0 0 161219 200018.433
-20.1242 -12.8602 0.0261 0.00 0.00 1.00 0 34 245 127 0 0 0 0 0 161219 200018.483
-20.1242 -12.8602 0.0261 0.00 0.00 1.00 0 34 245 127 0 0 0 0 0 161219 200018.533
-20.0987 -12.8965 0.0266 0.00 0.00 1.00 0 113 245 127 0 0 0 0 0 161219 200018.583
-20.0847 -12.9145 0.0267 0.00 0.00 1.00 0 159 245 127 0 0 0 0 0 161219 200018.633
-20.0598 -12.9498 0.0257 0.00 0.00 1.00 0 236 245 127 0 0 0 0 0 161219 200018.683
-20.0598 -12.9498 0.0257 0.00 0.00 1.00 0 236 245 127 0 0 0 0 0 161219 200018.733
-20.0473 -12.9690 0.0273 0.00 0.00 1.00 0 16 246 127 0 0 0 0 0 161219 200018.783
-20.0207 -13.0074 0.0260 0.00 0.00 1.00 0 97 246 127 0 0 0 0 0 161219 200018.833
-20.0207 -13.0074 0.0260 0.00 0.00 1.00 0 97 246 127 0 0 0 0 0 161219 200018.883
-20.0076 -13.0278 0.0261 0.00 0.00 1.00 0 135 246 127 0 0 0 0 0 161219 200018.933
-19.9815 -13.0669 0.0277 0.00 0.00 1.00 0 212 246 127 0 0 0 0 0 161219 200018.983
-19.9815 -13.0669 0.0277 0.00 0.00 1.00 0 212 246 127 0 0 0 0 0 161219 200019.033
-19.9684 -13.0858 0.0256 0.00 0.00 1.00 0 252 246 127 0 0 0 0 0 161219 200019.083
-19.9421 -13.1243 0.0278 0.00 0.00 1.00 0 75 247 127 0 0 0 0 0 161219 200019.133
-19.9421 -13.1243 0.0278 0.00 0.00 1.00 0 75 247 127 0 0 0 0 0 161219 200019.183
-19.9292 -13.1425 0.0277 0.00 0.00 1.00 0 115 247 127 0 0 0 0 0 161219 200019.233
-19.9040 -13.1797 0.0283 0.00 0.00 1.00 0 190 247 127 0 0 0 0 0 161219 200019.283
-19.9040 -13.1797 0.0283 0.00 0.00 1.00 0 190 247 127 0 0 0 0 0 161219 200019.333
-19.8910 -13.1983 0.0286 0.00 0.00 1.00 0 231 247 127 0 0 0 0 0 161219 200019.383
-19.8644 -13.2354 0.0291 0.00 0.00 1.00 0 58 248 127 0 0 0 0 0 161219 200019.433
-19.8644 -13.2354 0.0291 0.00 0.00 1.00 0 58 248 127 0 0 0 0 0 161219 200019.483
-19.8516 -13.2543 0.0289 0.00 0.00 1.00 0 96 248 127 0 0 0 0 0 161219 200019.533
-19.8380 -13.2726 0.0290 0.00 0.00 1.00 0 139 248 127 0 0 0 0 0 161219 200019.583
-19.8380 -13.2726 0.0290 0.00 0.00 1.00 0 139 248 127 0 0 0 0 0 161219 200019.633
-19.8123 -13.3094 0.0277 0.00 0.00 1.00 0 218 248 127 0 0 0 0 0 161219 200019.683
-19.7867 -13.3470 0.0292 0.00 0.00 1.00 0 39 249 127 0 0 0 0 0 161219 200019.733
-19.7867 -13.3470 0.0292 0.00 0.00 1.00 0 39 249 127 0 0 0 0 0 161219 200019.783
-19.7740 -13.3666 0.0289 0.00 0.00 1.00 0 75 249 127 0 0 0 0 0 161219 200019.833
-19.7471 -13.4032 0.0296 0.00 0.00 1.00 0 161 249 127 0 0 0 0 0 161219 200019.883
-19.7471 -13.4032 0.0296 0.00 0.00 1.00 0 161 249 127 0 0 0 0 0 161219 200019.933
-19.7327 -13.4226 0.0308 0.00 0.00 1.00 0 207 249 127 0 0 0 0 0 161219 200019.983
-19.7060 -13.4594 0.0306 0.00 0.00 1.00 0 35 250 127 0 0 0 0 0 161219 200020.033
-19.7060 -13.4594 0.0306 0.00 0.00 1.00 0 35 250 127 0 0 0 0 0 161219 200020.083
-19.6924 -13.4789 0.0314 0.00 0.00 1.00 0 77 250 127 0 0 0 0 0 161219 200020.133
-19.6788 -13.4977 0.0312 0.00 0.00 1.00 0 119 250 127 0 0 0 0 0 161219 200020.183
-19.6788 -13.4977 0.0312 0.00 0.00 1.00 0 119 250 127 0 0 0 0 0 161219 200020.233
-19.6523 -13.5359 0.0309 0.00 0.00 1.00 0 200 250 127 0 0 0 0 0 161219 200020.283
-19.6523 -13.5359 0.0309 0.00 0.00 1.00 0 200 250 127 0 0 0 0 0 161219 200020.333
-19.6265 -13.5720 0.0323 0.00 0.00 1.00 0 25 251 127 0 0 0 0 0 161219 200020.383
-19.6130 -13.5906 0.0317 0.00 0.00 1.00 0 67 251 127 0 0 0 0 0 161219 200020.433
-19.6130 -13.5906 0.0317 0.00 0.00 1.00 0 67 251 127 0 0 0 0 0 161219 200020.483
-19.5874 -13.6274 0.0336 0.00 0.00 1.00 0 141 251 127 0 0 0 0 0 161219 200020.533
-19.5729 -13.6460 0.0340 0.00 0.00 1.00 0 150 251 127 0 0 0 0 0 161219 200020.583
-19.5729 -13.6460 0.0340 0.00 0.00 1.00 0 150 251 127 0 0 0 0 0 161219 200020.633
-19.5472 -13.6838 0.0340 0.00 0.00 1.00 0 151 251 127 0 0 0 0 0 161219 200020.683
-19.5472 -13.6838 0.0340 0.00 0.00 1.00 0 151 251 127 0 0 0 0 0 161219 200020.733
-19.5206 -13.7192 0.0334 0.00 0.00 1.00 0 162 251 127 0 0 0 0 0 161219 200020.783
-19.5072 -13.7379 0.0331 0.00 0.00 1.00 0 166 251 127 0 0 0 0 0 161219 200020.833
-19.5072 -13.7379 0.0331 0.00 0.00 1.00 0 166 251 127 0 0 0 0 0 161219 200020.883
-19.4805 -13.7747 0.0339 0.00 0.00 1.00 0 174 251 127 0 0 0 0 0 161219 200020.933
-19.4539 -13.8132 0.0340 0.00 0.00 1.00 0 176 251 127 0 0 0 0 0 161219 200020.983
-19.4539 -13.8132 0.0340 0.00 0.00 1.00 0 176 251 127 0 0 0 0 0 161219 200021.033
-19.4408 -13.8324 0.0340 0.00 0.00 1.00 0 177 251 127 0 0 0 0 0 161219 200021.083
-19.4142 -13.8678 0.0329 0.00 0.00 1.00 0 189 251 127 0 0 0 0 0 161219 200021.133
-19.4002 -13.8856 0.0331 0.00 0.00 1.00 0 197 251 127 0 0 0 0 0 161219 200021.183
-19.4002 -13.8856 0.0331 0.00 0.00 1.00 0 197 251 127 0 0 0 0 0 161219 200021.233
-19.3873 -13.9044 0.0343 0.00 0.00 1.00 0 199 251 127 0 0 0 0 0 161219 200021.283
-19.3739 -13.9240 0.0341 0.00 0.00 1.00 0 199 251 127 0 0 0 0 0 161219 200021.333
-19.3470 -13.9616 0.0340 0.00 0.00 1.00 0 206 251 127 0 0 0 0 0 161219 200021.383
-19.3334 -13.9804 0.0352 0.00 0.00 1.00 0 209 251 127 0 0 0 0 0 161219 200021.433
-19.3334 -13.9804 0.0352 0.00 0.00 1.00 0 209 251 127 0 0 0 0 0 161219 200021.483
-19.3193 -13.9984 0.0352 0.00 0.00 1.00 0 219 251 127 0 0 0 0 0 161219 200021.533
-19.2923 -14.0339 0.0362 0.00 0.00 1.00 0 232 251 127 0 0 0 0 0 161219 200021.583
-19.2778 -14.0525 0.0354 0.00 0.00 1.00 0 241 251 127 0 0 0 0 0 161219 200021.633
-19.2778 -14.0525 0.0354 0.00 0.00 1.00 0 241 251 127 0 0 0 0 0 161219 200021.683
-19.2647 -14.0712 0.0354 0.00 0.00 1.00 0 243 251 127 0 0 0 0 0 161219 200021.733
-19.2388 -14.1086 0.0364 0.00 0.00 1.00 0 245 251 127 0 0 0 0 0 161219 200021.783
-19.2253 -14.1280 0.0371 0.00 0.00 1.00 0 247 251 127 0 0 0 0 0 161219 200021.833
-19.2253 -14.1280 0.0371 0.00 0.00 1.00 0 247 251 127 0 0 0 0 0 161219 200021.883
-19.2113 -14.1465 0.0368 0.00 0.00 1.00 0 254 251 127 0 0 0 0 0 161219 200021.933
-19.1985 -14.1654 0.0377 0.00 0.00 1.00 0 254 251 127 0 0 0 0 0 161219 200021.983
-19.1721 -14.2039 0.0379 0.00 0.00 1.00 0 255 251 127 0 0 0 0 0 161219 200022.033
-19.1721 -14.2039 0.0379 0.00 0.00 1.00 0 255 251 127 0 0 0 0 0 161219 200022.083
-19.1594 -14.2212 0.0379 0.00 0.00 1.00 0 3 252 127 0 0 0 0 0 161219 200022.133
-19.1464 -14.2387 0.0385 0.00 0.00 1.00 0 9 252 127 0 0 0 0 0 161219 200022.183
-19.1204 -14.2711 0.0367 0.00 0.00 1.00 0 28 252 127 0 0 0 0 0 161219 200022.233
-19.1062 -14.2897 0.0374 0.00 0.00 1.00 0 35 252 127 0 0 0 0 0 161219 200022.283
-19.1062 -14.2897 0.0374 0.00 0.00 1.00 0 35 252 127 0 0 0 0 0 161219 200022.333
-19.0931 -14.3078 0.0369 0.00 0.00 1.00 0 39 252 127 0 0 0 0 0 161219 200022.383
-19.0663 -14.3443 0.0374 0.00 0.00 1.00 0 48 252 127 0 0 0 0 0 161219 200022.433
-19.0663 -14.3443 0.0374 0.00 0.00 1.00 0 48 252 127 0 0 0 0 0 161219 200022.483
-19.0526 -14.3635 0.0365 0.00 0.00 1.00 0 51 252 127 0 0 0 0 0 161219 200022.533
-19.0262 -14.4004 0.0373 0.00 0.00 1.00 0 58 252 127 0 0 0 0 0 161219 200022.583
-19.0262 -14.4004 0.0373 0.00 0.00 1.00 0 58 252 127 0 0 0 0 0 161219 200022.633
-19.0117 -14.4189 0.0373 0.00 0.00 1.00 0 67 252 127 0 0 0 0 0 161219 200022.683
-18.9835 -14.4560 0.0368 0.00 0.00 1.00 0 81 252 127 0 0 0 0 0 161219 200022.733
-18.9835 -14.4560 0.0368 0.00 0.00 1.00 0 81 252 127 0 0 0 0 0 161219 200022.783
-18.9694 -14.4752 0.0362 0.00 0.00 1.00 0 86 252 127 0 0 0 0 0 161219 200022.833
-18.9436 -14.5119 0.0381 0.00 0.00 1.00 0 84 252 127 0 0 0 0 0 161219 200022.883
-18.9307 -14.5309 0.0388 0.00 0.00 1.00 0 47 252 127 0 0 0 0 0 161219 200022.933
-18.9307 -14.5309 0.0388 0.00 0.00 1.00 0 47 252 127 0 0 0 0 0 161219 200022.983
-18.9176 -14.5496 0.0394 0.00 0.00 1.00 0 10 252 127 0 0 0 0 0 161219 200023.033
-18.9048 -14.5676 0.0393 0.00 0.00 1.00 0 233 251 127 0 0 0 0 0 161219 200023.083
-18.8796 -14.6045 0.0402 0.00 0.00 1.00 0 161 251 127 0 0 0 0 0 161219 200023.133
-18.8796 -14.6045 0.0402 0.00 0.00 1.00 0 161 251 127 0 0 0 0 0 161219 200023.183
-18.8667 -14.6235 0.0397 0.00 0.00 1.00 0 123 251 127 0 0 0 0 0 161219 200023.233
-18.8392 -14.6604 0.0411 0.00 0.00 1.00 0 58 251 127 0 0 0 0 0 161219 200023.283
-18.8392 -14.6604 0.0411 0.00 0.00 1.00 0 58 251 127 0 0 0 0 0 161219 200023.333
-18.8251 -14.6792 0.0424 0.00 0.00 1.00 0 26 251 127 0 0 0 0 0 161219 200023.383
-18.7978 -14.7159 0.0431 0.00 0.00 1.00 0 217 250 127 0 0 0 0 0 161219 200023.433
-18.7841 -14.7347 0.0423 0.00 0.00 1.00 0 183 250 127 0 0 0 0 0 161219 200023.483
-18.7841 -14.7347 0.0423 0.00 0.00 1.00 0 183 250 127 0 0 0 0 0 161219 200023.533
-18.7704 -14.7532 0.0415 0.00 0.00 1.00 0 150 250 127 0 0 0 0 0 161219 200023.583
-18.7577 -14.7717 0.0416 0.00 0.00 1.00 0 114 250 127 0 0 0 0 0 161219 200023.633
-18.7322 -14.8076 0.0410 0.00 0.00 1.00 0 47 250 127 0 0 0 0 0 161219 200023.683
-18.7322 -14.8076 0.0410 0.00 0.00 1.00 0 47 250 127 0 0 0 0 0 161219 200023.733
-18.7176 -14.8246 0.0412 0.00 0.00 1.00 0 24 250 127 0 0 0 0 0 161219 200023.783
-18.7047 -14.8434 0.0410 0.00 0.00 1.00 0 243 249 127 0 0 0 0 0 161219 200023.833
-18.6771 -14.8792 0.0417 0.00 0.00 1.00 0 184 249 127 0 0 0 0 0 161219 200023.883
-18.6644 -14.8991 0.0414 0.00 0.00 1.00 0 142 249 127 0 0 0 0 0 161219 200023.933
-18.6644 -14.8991 0.0414 0.00 0.00 1.00 0 142 249 127 0 0 0 0 0 161219 200023.983
-18.6498 -14.9166 0.0422 0.00 0.00 1.00 0 116 249 127 0 0 0 0 0 161219 200024.033
-18.6361 -14.9343 0.0412 0.00 0.00 1.00 0 87 249 127 0 0 0 0 0 161219 200024.083
-18.6361 -14.9343 0.0412 0.00 0.00 1.00 0 87 249 127 0 0 0 0 0 161219 200024.133
-18.6098 -14.9700 0.0417 0.00 0.00 1.00 0 24 249 127 0 0 0 0 0 161219 200024.183
-18.5965 -14.9885 0.0426 0.00 0.00 1.00 0 245 248 127 0 0 0 0 0 161219 200024.233
-18.5965 -14.9885 0.0426 0.00 0.00 1.00 0 245 248 127 0 0 0 0 0 161219 200024.283
-18.5691 -15.0246 0.0421 0.00 0.00 1.00 0 184 248 127 0 0 0 0 0 161219 200024.333
-18.5412 -15.0619 0.0414 0.00 0.00 1.00 0 119 248 127 0 0 0 0 0 161219 200024.383
-18.5266 -15.0803 0.0419 0.00 0.00 1.00 0 90 248 127 0 0 0 0 0 161219 200024.433
-18.5119 -15.0983 0.0421 0.00 0.00 1.00 0 63 248 127 0 0 0 0 0 161219 200024.483
-18.5119 -15.0983 0.0421 0.00 0.00 1.00 0 63 248 127 0 0 0 0 0 161219 200024.533
-18.4992 -15.1172 0.0417 0.00 0.00 1.00 0 25 248 127 0 0 0 0 0 161219 200024.583
-18.4992 -15.1172 0.0417 0.00 0.00 1.00 0 25 248 127 0 0 0 0 0 161219 200024.633
-18.4718 -15.1522 0.0409 0.00 0.00 1.00 0 224 247 127 0 0 0 0 0 161219 200024.683
-18.4579 -15.1701 0.0415 0.00 0.00 1.00 0 195 247 127 0 0 0 0 0 161219 200024.733
-18.4316 -15.2056 0.0417 0.00 0.00 1.00 0 132 247 127 0 0 0 0 0 161219 200024.783
-18.4176 -15.2244 0.0423 0.00 0.00 1.00 0 100 247 127 0 0 0 0 0 161219 200024.833
-18.4176 -15.2244 0.0423 0.00 0.00 1.00 0 100 247 127 0 0 0 0 0 161219 200024.883
-18.4036 -15.2427 0.0422 0.00 0.00 1.00 0 69 247 127 0 0 0 0 0 161219 200024.933
-18.3900 -15.2611 0.0420 0.00 0.00 1.00 0 36 247 127 0 0 0 0 0 161219 200024.983
-18.3629 -15.2973 0.0416 0.00 0.00 1.00 0 229 246 127 0 0 0 0 0 161219 200025.033
-18.3498 -15.3151 0.0414 0.00 0.00 1.00 0 197 246 127 0 0 0 0 0 161219 200025.083
-18.3371 -15.3320 0.0414 0.00 0.00 1.00 0 168 246 127 0 0 0 0 0 161219 200025.133
-18.3371 -15.3320 0.0414 0.00 0.00 1.00 0 168 246 127 0 0 0 0 0 161219 200025.183
-18.3229 -15.3498 0.0413 0.00 0.00 1.00 0 140 246 127 0 0 0 0 0 161219 200025.233
-18.2945 -15.3865 0.0407 0.00 0.00 1.00 0 110 246 127 0 0 0 0 0 161219 200025.283
-18.2810 -15.4057 0.0409 0.00 0.00 1.00 0 46 246 127 0 0 0 0 0 161219 200025.333
-18.2642 -15.4214 0.0412 0.00 0.00 1.00 0 8 246 127 0 0 0 0 0 161219 200025.383
-18.2497 -15.4348 0.0404 0.00 0.00 1.00 0 232 245 127 0 0 0 0 0 161219 200025.433
-18.2349 -15.4487 0.0404 0.00 0.00 1.00 0 198 245 127 0 0 0 0 0 161219 200025.483
-18.2200 -15.4621 0.0384 0.00 0.00 1.00 0 167 245 127 0 0 0 0 0 161219 200025.533
-18.2059 -15.4762 0.0397 0.00 0.00 1.00 0 130 245 127 0 0 0 0 0 161219 200025.583
-18.1926 -15.4916 0.0391 0.00 0.00 1.00 0 85 245 127 0 0 0 0 0 161219 200025.633
-18.1772 -15.5082 0.0389 0.00 0.00 1.00 0 39 245 127 0 0 0 0 0 161219 200025.683
-18.1772 -15.5082 0.0389 0.00 0.00 1.00 0 39 245 127 0 0 0 0 0 161219 200025.733
-18.1610 -15.5252 0.0382 0.00 0.00 1.00 0 249 244 127 0 0 0 0 0 161219 200025.783
-18.1296 -15.5587 0.0392 0.00 0.00 1.00 0 157 244 127 0 0 0 0 0 161219 200025.833
-18.1134 -15.5754 0.0395 0.00 0.00 1.00 0 112 244 127 0 0 0 0 0 161219 200025.883
-18.0983 -15.5933 0.0392 0.00 0.00 1.00 0 59 244 127 0 0 0 0 0 161219 200025.933
-18.0818 -15.6086 0.0392 0.00 0.00 1.00 0 23 244 127 0 0 0 0 0 161219 200025.983
-18.0818 -15.6086 0.0392 0.00 0.00 1.00 0 23 244 127 0 0 0 0 0 161219 200026.033
-18.0654 -15.6254 0.0385 0.00 0.00 1.00 0 234 243 127 0 0 0 0 0 161219 200026.083
-18.0505 -15.6422 0.0386 0.00 0.00 1.00 0 185 243 127 0 0 0 0 0 161219 200026.133
-18.0188 -15.6755 0.0385 0.00 0.00 1.00 0 95 243 127 0 0 0 0 0 161219 200026.183
-18.0030 -15.6929 0.0401 0.00 0.00 1.00 0 46 243 127 0 0 0 0 0 161219 200026.233
-17.9881 -15.7106 0.0399 0.00 0.00 1.00 0 250 242 127 0 0 0 0 0 161219 200026.283
-17.9881 -15.7106 0.0399 0.00 0.00 1.00 0 250 242 127 0 0 0 0 0 161219 200026.333
-17.9727 -15.7267 0.0396 0.00 0.00 1.00 0 206 242 127 0 0 0 0 0 161219 200026.383
-17.9578 -15.7433 0.0397 0.00 0.00 1.00 0 159 242 127 0 0 0 0 0 161219 200026.433
-17.9267 -15.7771 0.0405 0.00 0.00 1.00 0 65 242 127 0 0 0 0 0 161219 200026.483
-17.9110 -15.7932 0.0398 0.00 0.00 1.00 0 21 242 127 0 0 0 0 0 161219 200026.533
-17.9110 -15.7932 0.0398 0.00 0.00 1.00 0 21 242 127 0 0 0 0 0 161219 200026.583
-17.8948 -15.8099 0.0409 0.00 0.00 1.00 0 233 241 127 0 0 0 0 0 161219 200026.633
-17.8791 -15.8271 0.0401 0.00 0.00 1.00 0 185 241 127 0 0 0 0 0 161219 200026.683
-17.8630 -15.8433 0.0403 0.00 0.00 1.00 0 142 241 127 0 0 0 0 0 161219 200026.733
-17.8335 -15.8776 0.0396 0.00 0.00 1.00 0 42 241 127 0 0 0 0 0 161219 200026.783
-17.8183 -15.8944 0.0407 0.00 0.00 1.00 0 250 240 127 0 0 0 0 0 161219 200026.833
-17.8036 -15.9113 0.0408 0.00 0.00 1.00 0 201 240 127 0 0 0 0 0 161219 200026.883
-17.7893 -15.9275 0.0400 0.00 0.00 1.00 0 155 240 127 0 0 0 0 0 161219 200026.933
-17.7719 -15.9429 0.0397 0.00 0.00 1.00 0 119 240 127 0 0 0 0 0 161219 200026.983
-17.7542 -15.9582 0.0385 0.00 0.00 1.00 0 85 240 127 0 0 0 0 0 161219 200027.033
-17.7542 -15.9582 0.0385 0.00 0.00 1.00 0 85 240 127 0 0 0 0 0 161219 200027.083
-17.7354 -15.9739 0.0393 0.00 0.00 1.00 0 52 240 127 0 0 0 0 0 161219 200027.133
-17.7173 -15.9873 0.0392 0.00 0.00 1.00 0 28 240 127 0 0 0 0 0 161219 200027.183
-17.6823 -16.0072 0.0382 0.00 0.00 1.00 0 14 240 127 0 0 0 0 0 161219 200027.233
-17.6643 -16.0164 0.0397 0.00 0.00 1.00 0 11 240 127 0 0 0 0 0 161219 200027.283
-17.6485 -16.0257 0.0380 0.00 0.00 1.00 0 2 240 127 0 0 0 0 0 161219 200027.333
-17.6311 -16.0354 0.0390 0.00 0.00 1.00 0 251 239 127 0 0 0 0 0 161219 200027.383
-17.6128 -16.0462 0.0386 0.00 0.00 1.00 0 241 239 127 0 0 0 0 0 161219 200027.433
-17.6128 -16.0462 0.0386 0.00 0.00 1.00 0 241 239 127 0 0 0 0 0 161219 200027.483
-17.5939 -16.0574 0.0394 0.00 0.00 1.00 0 231 239 127 0 0 0 0 0 161219 200027.533
-17.5740 -16.0682 0.0403 0.00 0.00 1.00 0 225 239 127 0 0 0 0 0 161219 200027.583
-17.5362 -16.0915 0.0403 0.00 0.00 1.00 0 199 239 127 0 0 0 0 0 161219 200027.633
-17.5168 -16.1029 0.0412 0.00 0.00 1.00 0 189 239 127 0 0 0 0 0 161219 200027.683
-17.4987 -16.1154 0.0407 0.00 0.00 1.00 0 170 239 127 0 0 0 0 0 161219 200027.733
-17.4987 -16.1154 0.0407 0.00 0.00 1.00 0 170 239 127 0 0 0 0 0 161219 200027.783
-17.4806 -16.1269 0.0409 0.00 0.00 1.00 0 156 239 127 0 0 0 0 0 161219 200027.833
-17.4447 -16.1509 0.0398 0.00 0.00 1.00 0 151 239 127 0 0 0 0 0 161219 200027.883
-17.4259 -16.1625 0.0400 0.00 0.00 1.00 0 123 239 127 0 0 0 0 0 161219 200027.933
-17.4070 -16.1744 0.0398 0.00 0.00 1.00 0 94 239 127 0 0 0 0 0 161219 200027.983
-17.3884 -16.1875 0.0410 0.00 0.00 1.00 0 58 239 127 0 0 0 0 0 161219 200028.033
-17.3884 -16.1875 0.0410 0.00 0.00 1.00 0 58 239 127 0 0 0 0 0 161219 200028.083
-17.3698 -16.1992 0.0400 0.00 0.00 1.00 0 29 239 127 0 0 0 0 0 161219 200028.133
-17.3505 -16.2114 0.0402 0.00 0.00 1.00 0 255 238 127 0 0 0 0 0 161219 200028.183
-17.3120 -16.2364 0.0410 0.00 0.00 1.00 0 191 238 127 0 0 0 0 0 161219 200028.233
-17.2917 -16.2490 0.0413 0.00 0.00 1.00 0 161 238 127 0 0 0 0 0 161219 200028.283
-17.2739 -16.2618 0.0397 0.00 0.00 1.00 0 125 238 127 0 0 0 0 0 161219 200028.333
-17.2545 -16.2737 0.0414 0.00 0.00 1.00 0 97 238 127 0 0 0 0 0 161219 200028.383
-17.2545 -16.2737 0.0414 0.00 0.00 1.00 0 97 238 127 0 0 0 0 0 161219 200028.433
-17.2355 -16.2871 0.0416 0.00 0.00 1.00 0 59 238 127 0 0 0 0 0 161219 200028.483
-17.1969 -16.3131 0.0420 0.00 0.00 1.00 0 246 237 127 0 0 0 0 0 161219 200028.533
-17.1777 -16.3260 0.0413 0.00 0.00 1.00 0 212 237 127 0 0 0 0 0 161219 200028.583
-17.1588 -16.3379 0.0415 0.00 0.00 1.00 0 183 237 127 0 0 0 0 0 161219 200028.633
-17.1400 -16.3505 0.0413 0.00 0.00 1.00 0 150 237 127 0 0 0 0 0 161219 200028.683
-17.1400 -16.3505 0.0413 0.00 0.00 1.00 0 150 237 127 0 0 0 0 0 161219 200028.733
-17.1208 -16.3617 0.0417 0.00 0.00 1.00 0 125 237 127 0 0 0 0 0 161219 200028.783
-17.0807 -16.3874 0.0410 0.00 0.00 1.00 0 60 237 127 0 0 0 0 0 161219 200028.833
-17.0587 -16.3989 0.0409 0.00 0.00 1.00 0 39 237 127 0 0 0 0 0 161219 200028.883
-17.0385 -16.4085 0.0419 0.00 0.00 1.00 0 24 237 127 0 0 0 0 0 161219 200028.933
-17.0385 -16.4085 0.0419 0.00 0.00 1.00 0 24 237 127 0 0 0 0 0 161219 200028.983
-17.0189 -16.4176 0.0427 0.00 0.00 1.00 0 10 237 127 0 0 0 0 0 161219 200029.033
-16.9844 -16.4293 0.0421 0.00 0.00 1.00 0 9 237 127 0 0 0 0 0 161219 200029.083
-16.9669 -16.4341 0.0398 0.00 0.00 1.00 0 16 237 127 0 0 0 0 0 161219 200029.133
-16.9470 -16.4388 0.0403 0.00 0.00 1.00 0 26 237 127 0 0 0 0 0 161219 200029.183
-16.9278 -16.4446 0.0412 0.00 0.00 1.00 0 29 237 127 0 0 0 0 0 161219 200029.233
-16.9074 -16.4509 0.0409 0.00 0.00 1.00 0 32 237 127 0 0 0 0 0 161219 200029.283
-16.9074 -16.4509 0.0409 0.00 0.00 1.00 0 32 237 127 0 0 0 0 0 161219 200029.333
-16.8864 -16.4566 0.0412 0.00 0.00 1.00 0 39 237 127 0 0 0 0 0 161219 200029.383
-16.8448 -16.4729 0.0412 0.00 0.00 1.00 0 27 237 127 0 0 0 0 0 161219 200029.433
-16.8241 -16.4819 0.0416 0.00 0.00 1.00 0 16 237 127 0 0 0 0 0 161219 200029.483
-16.8027 -16.4885 0.0413 0.00 0.00 1.00 0 19 237 127 0 0 0 0 0 161219 200029.533
-16.7818 -16.4965 0.0408 0.00 0.00 1.00 0 14 237 127 0 0 0 0 0 161219 200029.583
-16.7607 -16.5046 0.0408 0.00 0.00 1.00 0 8 237 127 0 0 0 0 0 161219 200029.633
-16.7396 -16.5116 0.0403 0.00 0.00 1.00 0 8 237 127 0 0 0 0 0 161219 200029.683
-16.6976 -16.5271 0.0417 0.00 0.00 1.00 0 1 237 127 0 0 0 0 0 161219 200029.733
-16.6763 -16.5344 0.0426 0.00 0.00 1.00 0 0 237 127 0 0 0 0 0 161219 200029.783
-16.6562 -16.5405 0.0423 0.00 0.00 1.00 0 3 237 127 0 0 0 0 0 161219 200029.833
-16.6562 -16.5405 0.0423 0.00 0.00 1.00 0 3 237 127 0 0 0 0 0 161219 200029.883
-16.6356 -16.5468 0.0429 0.00 0.00 1.00 0 7 237 127 0 0 0 0 0 161219 200029.933
-16.6153 -16.5549 0.0429 0.00 0.00 1.00 0 0 237 127 0 0 0 0 0 161219 200029.983
-16.5939 -16.5623 0.0436 0.00 0.00 1.00 0 255 236 127 0 0 0 0 0 161219 200030.033
-16.5939 -16.5623 0.0436 0.00 0.00 1.00 0 255 236 127 0 0 0 0 0 161219 200030.083
-16.5293 -16.5853 0.0445 0.00 0.00 1.00 0 1 237 127 0 0 0 0 0 161219 200030.133
-16.5293 -16.5853 0.0445 0.00 0.00 1.00 0 248 236 127 0 0 0 0 0 161219 200030.183
-16.5083 -16.5928 0.0441 0.00 0.00 1.00 0 245 236 127 0 0 0 0 0 161219 200030.233
-16.4872 -16.6014 0.0439 0.00 0.00 1.00 0 237 236 127 0 0 0 0 0 161219 200030.283
-16.4872 -16.6014 0.0439 0.00 0.00 1.00 0 237 236 127 0 0 0 0 0 161219 200030.333
-16.4667 -16.6085 0.0441 0.00 0.00 1.00 0 236 236 127 0 0 0 0 0 161219 200030.383
-16.4461 -16.6160 0.0434 0.00 0.00 1.00 0 233 236 127 0 0 0 0 0 161219 200030.433
-16.4048 -16.6323 0.0437 0.00 0.00 1.00 0 217 236 127 0 0 0 0 0 161219 200030.483
-16.4048 -16.6323 0.0437 0.00 0.00 1.00 0 217 236 127 0 0 0 0 0 161219 200030.533
-16.3836 -16.6404 0.0436 0.00 0.00 1.00 0 210 236 127 0 0 0 0 0 161219 200030.583
-16.3622 -16.6491 0.0431 0.00 0.00 1.00 0 199 236 127 0 0 0 0 0 161219 200030.633
-16.3190 -16.6649 0.0420 0.00 0.00 1.00 0 187 236 127 0 0 0 0 0 161219 200030.683
-16.2971 -16.6715 0.0411 0.00 0.00 1.00 0 188 236 127 0 0 0 0 0 161219 200030.733
-16.2744 -16.6760 0.0404 0.00 0.00 1.00 0 202 236 127 0 0 0 0 0 161219 200030.783
-16.2744 -16.6760 0.0404 0.00 0.00 1.00 0 202 236 127 0 0 0 0 0 161219 200030.833
-16.2534 -16.6795 0.0394 0.00 0.00 1.00 0 219 236 127 0 0 0 0 0 161219 200030.883
-16.2331 -16.6834 0.0414 0.00 0.00 1.00 0 232 236 127 0 0 0 0 0 161219 200030.933
-16.1971 -16.6861 0.0404 0.00 0.00 1.00 0 22 237 127 0 0 0 0 0 161219 200030.983
-16.1774 -16.6894 0.0388 0.00 0.00 1.00 0 37 237 127 0 0 0 0 0 161219 200031.033
-16.1577 -16.6915 0.0389 0.00 0.00 1.00 0 58 237 127 0 0 0 0 0 161219 200031.083
-16.1370 -16.6915 0.0374 0.00 0.00 1.00 0 93 237 127 0 0 0 0 0 161219 200031.133
-16.1163 -16.6929 0.0372 0.00 0.00 1.00 0 120 237 127 0 0 0 0 0 161219 200031.183
-16.0961 -16.6929 0.0369 0.00 0.00 1.00 0 154 237 127 0 0 0 0 0 161219 200031.233
-16.0961 -16.6929 0.0369 0.00 0.00 1.00 0 154 237 127 0 0 0 0 0 161219 200031.283
-16.0760 -16.6940 0.0364 0.00 0.00 1.00 0 181 237 127 0 0 0 0 0 161219 200031.333
-16.0576 -16.6956 0.0360 0.00 0.00 1.00 0 203 237 127 0 0 0 0 0 161219 200031.383
-16.0166 -16.7017 0.0342 0.00 0.00 1.00 0 239 237 127 0 0 0 0 0 161219 200031.433
-15.9949 -16.7053 0.0330 0.00 0.00 1.00 0 0 238 127 0 0 0 0 0 161219 200031.483
-15.9734 -16.7095 0.0326 0.00 0.00 1.00 0 14 238 127 0 0 0 0 0 161219 200031.533
-15.9510 -16.7129 0.0318 0.00 0.00 1.00 0 33 238 127 0 0 0 0 0 161219 200031.583
-15.9274 -16.7163 0.0327 0.00 0.00 1.00 0 54 238 127 0 0 0 0 0 161219 200031.633
-15.9274 -16.7163 0.0327 0.00 0.00 1.00 0 54 238 127 0 0 0 0 0 161219 200031.683
-15.9048 -16.7198 0.0325 0.00 0.00 1.00 0 73 238 127 0 0 0 0 0 161219 200031.733
-15.8822 -16.7241 0.0311 0.00 0.00 1.00 0 88 238 127 0 0 0 0 0 161219 200031.783
-15.8384 -16.7284 0.0308 0.00 0.00 1.00 0 138 238 127 0 0 0 0 0 161219 200031.833
-15.8161 -16.7310 0.0289 0.00 0.00 1.00 0 161 238 127 0 0 0 0 0 161219 200031.883
-15.7936 -16.7335 0.0296 0.00 0.00 1.00 0 185 238 127 0 0 0 0 0 161219 200031.933
-15.7709 -16.7357 0.0290 0.00 0.00 1.00 0 212 238 127 0 0 0 0 0 161219 200031.983
-15.7709 -16.7357 0.0290 0.00 0.00 1.00 0 212 238 127 0 0 0 0 0 161219 200032.033
-15.7475 -16.7390 0.0274 0.00 0.00 1.00 0 233 238 127 0 0 0 0 0 161219 200032.083
-15.7250 -16.7409 0.0275 0.00 0.00 1.00 0 4 239 127 0 0 0 0 0 161219 200032.133
-15.6770 -16.7435 0.0279 0.00 0.00 1.00 0 70 239 127 0 0 0 0 0 161219 200032.183
-15.6530 -16.7438 0.0277 0.00 0.00 1.00 0 109 239 127 0 0 0 0 0 161219 200032.233
-15.6294 -16.7431 0.0285 0.00 0.00 1.00 0 152 239 127 0 0 0 0 0 161219 200032.283
-15.6081 -16.7404 0.0277 0.00 0.00 1.00 0 202 239 127 0 0 0 0 0 161219 200032.333
-15.5873 -16.7377 0.0274 0.00 0.00 1.00 0 251 239 127 0 0 0 0 0 161219 200032.383
-15.5873 -16.7377 0.0274 0.00 0.00 1.00 0 251 239 127 0 0 0 0 0 161219 200032.433
-15.5673 -16.7337 0.0296 0.00 0.00 1.00 0 49 240 127 0 0 0 0 0 161219 200032.483
-15.5289 -16.7278 0.0294 0.00 0.00 1.00 0 144 240 127 0 0 0 0 0 161219 200032.533
-15.5080 -16.7224 0.0286 0.00 0.00 1.00 0 208 240 127 0 0 0 0 0 161219 200032.583
-15.4873 -16.7179 0.0276 0.00 0.00 1.00 0 9 241 127 0 0 0 0 0 161219 200032.633
-15.4660 -16.7139 0.0287 0.00 0.00 1.00 0 66 241 127 0 0 0 0 0 161219 200032.683
-15.4660 -16.7139 0.0287 0.00 0.00 1.00 0 66 241 127 0 0 0 0 0 161219 200032.733
-15.4451 -16.7103 0.0286 0.00 0.00 1.00 0 120 241 127 0 0 0 0 0 161219 200032.783
-15.4030 -16.7045 0.0280 0.00 0.00 1.00 0 221 241 127 0 0 0 0 0 161219 200032.833
-15.3818 -16.7016 0.0282 0.00 0.00 1.00 0 47 242 127 0 0 0 0 0 161219 200032.883
-15.3602 -16.6988 0.0284 0.00 0.00 1.00 0 82 242 127 0 0 0 0 0 161219 200032.933
-15.3385 -16.6965 0.0283 0.00 0.00 1.00 0 115 242 127 0 0 0 0 0 161219 200032.983
-15.3385 -16.6965 0.0283 0.00 0.00 1.00 0 115 242 127 0 0 0 0 0 161219 200033.033
-15.3167 -16.6944 0.0285 0.00 0.00 1.00 0 147 242 127 0 0 0 0 0 161219 200033.083
-15.2942 -16.6919 0.0284 0.00 0.00 1.00 0 182 242 127 0 0 0 0 0 161219 200033.133
-15.2493 -16.6867 0.0279 0.00 0.00 1.00 0 253 242 127 0 0 0 0 0 161219 200033.183
-15.2275 -16.6832 0.0279 0.00 0.00 1.00 0 36 243 127 0 0 0 0 0 161219 200033.233
-15.2042 -16.6801 0.0280 0.00 0.00 1.00 0 75 243 127 0 0 0 0 0 161219 200033.283
-15.1812 -16.6777 0.0271 0.00 0.00 1.00 0 110 243 127 0 0 0 0 0 161219 200033.333
-15.1589 -16.6754 0.0260 0.00 0.00 1.00 0 143 243 127 0 0 0 0 0 161219 200033.383
-15.1356 -16.6735 0.0261 0.00 0.00 1.00 0 176 243 127 0 0 0 0 0 161219 200033.433
-15.1356 -16.6735 0.0261 0.00 0.00 1.00 0 176 243 127 0 0 0 0 0 161219 200033.483
-15.1134 -16.6702 0.0263 0.00 0.00 1.00 0 214 243 127 0 0 0 0 0 161219 200033.533
-15.0897 -16.6683 0.0272 0.00 0.00 1.00 0 247 243 127 0 0 0 0 0 161219 200033.583
-15.0444 -16.6622 0.0259 0.00 0.00 1.00 0 67 244 127 0 0 0 0 0 161219 200033.633
-15.0217 -16.6596 0.0253 0.00 0.00 1.00 0 103 244 127 0 0 0 0 0 161219 200033.683
-14.9992 -16.6565 0.0251 0.00 0.00 1.00 0 141 244 127 0 0 0 0 0 161219 200033.733
-14.9764 -16.6536 0.0253 0.00 0.00 1.00 0 178 244 127 0 0 0 0 0 161219 200033.783
-14.9541 -16.6506 0.0258 0.00 0.00 1.00 0 215 244 127 0 0 0 0 0 161219 200033.833
-14.9315 -16.6481 0.0251 0.00 0.00 1.00 0 250 244 127 0 0 0 0 0 161219 200033.883
-14.9315 -16.6481 0.0251 0.00 0.00 1.00 0 250 244 127 0 0 0 0 0 161219 200033.933
-14.9094 -16.6453 0.0249 0.00 0.00 1.00 0 30 245 127 0 0 0 0 0 161219 200033.983
-14.8648 -16.6400 0.0254 0.00 0.00 1.00 0 101 245 127 0 0 0 0 0 161219 200034.033
-14.8421 -16.6367 0.0252 0.00 0.00 1.00 0 140 245 127 0 0 0 0 0 161219 200034.083
-14.8193 -16.6347 0.0249 0.00 0.00 1.00 0 172 245 127 0 0 0 0 0 161219 200034.133
-14.7975 -16.6317 0.0246 0.00 0.00 1.00 0 209 245 127 0 0 0 0 0 161219 200034.183
-14.7750 -16.6290 0.0246 0.00 0.00 1.00 0 245 245 127 0 0 0 0 0 161219 200034.233
-14.7750 -16.6290 0.0246 0.00 0.00 1.00 0 245 245 127 0 0 0 0 0 161219 200034.283
-14.7529 -16.6250 0.0249 0.00 0.00 1.00 0 32 246 127 0 0 0 0 0 161219 200034.333
-14.7075 -16.6203 0.0241 0.00 0.00 1.00 0 100 246 127 0 0 0 0 0 161219 200034.383
-14.6849 -16.6175 0.0246 0.00 0.00 1.00 0 137 246 127 0 0 0 0 0 161219 200034.433
-14.6617 -16.6158 0.0245 0.00 0.00 1.00 0 168 246 127 0 0 0 0 0 161219 200034.483
-14.6398 -16.6124 0.0250 0.00 0.00 1.00 0 207 246 127 0 0 0 0 0 161219 200034.533
-14.6172 -16.6098 0.0252 0.00 0.00 1.00 0 242 246 127 0 0 0 0 0 161219 200034.583
-14.6172 -16.6098 0.0252 0.00 0.00 1.00 0 242 246 127 0 0 0 0 0 161219 200034.633
-14.5942 -16.6072 0.0241 0.00 0.00 1.00 0 22 247 127 0 0 0 0 0 161219 200034.683
-14.5506 -16.6008 0.0236 0.00 0.00 1.00 0 98 247 127 0 0 0 0 0 161219 200034.733
-14.5277 -16.5985 0.0230 0.00 0.00 1.00 0 132 247 127 0 0 0 0 0 161219 200034.783
-14.5059 -16.5965 0.0220 0.00 0.00 1.00 0 163 247 127 0 0 0 0 0 161219 200034.833
-14.4835 -16.5936 0.0217 0.00 0.00 1.00 0 200 247 127 0 0 0 0 0 161219 200034.883
-14.4616 -16.5904 0.0210 0.00 0.00 1.00 0 238 247 127 0 0 0 0 0 161219 200034.933
-14.4384 -16.5862 0.0211 0.00 0.00 1.00 0 27 248 127 0 0 0 0 0 161219 200034.983
-14.4384 -16.5862 0.0211 0.00 0.00 1.00 0 27 248 127 0 0 0 0 0 161219 200035.033
-14.4157 -16.5849 0.0211 0.00 0.00 1.00 0 55 248 127 0 0 0 0 0 161219 200035.083
-14.3690 -16.5792 0.0213 0.00 0.00 1.00 0 131 248 127 0 0 0 0 0 161219 200035.133
-14.3456 -16.5761 0.0217 0.00 0.00 1.00 0 170 248 127 0 0 0 0 0 161219 200035.183
-14.3230 -16.5724 0.0213 0.00 0.00 1.00 0 211 248 127 0 0 0 0 0 161219 200035.233
-14.3004 -16.5695 0.0213 0.00 0.00 1.00 0 248 248 127 0 0 0 0 0 161219 200035.283
-14.2783 -16.5676 0.0206 0.00 0.00 1.00 0 23 249 127 0 0 0 0 0 161219 200035.333
-14.2564 -16.5642 0.0207 0.00 0.00 1.00 0 62 249 127 0 0 0 0 0 161219 200035.383
-14.2564 -16.5642 0.0207 0.00 0.00 1.00 0 62 249 127 0 0 0 0 0 161219 200035.433
-14.2340 -16.5611 0.0215 0.00 0.00 1.00 0 100 249 127 0 0 0 0 0 161219 200035.483
-14.1892 -16.5560 0.0210 0.00 0.00 1.00 0 162 249 127 0 0 0 0 0 161219 200035.533
-14.1664 -16.5533 0.0211 0.00 0.00 1.00 0 190 249 127 0 0 0 0 0 161219 200035.583
-14.1415 -16.5530 0.0211 0.00 0.00 1.00 0 205 249 127 0 0 0 0 0 161219 200035.633
-14.1180 -16.5514 0.0209 0.00 0.00 1.00 0 227 249 127 0 0 0 0 0 161219 200035.683
-14.1180 -16.5514 0.0209 0.00 0.00 1.00 0 227 249 127 0 0 0 0 0 161219 200035.733
-14.0947 -16.5510 0.0210 0.00 0.00 1.00 0 242 249 127 0 0 0 0 0 161219 200035.783
-14.0494 -16.5473 0.0207 0.00 0.00 1.00 0 32 250 127 0 0 0 0 0 161219 200035.833
-14.0268 -16.5455 0.0207 0.00 0.00 1.00 0 54 250 127 0 0 0 0 0 161219 200035.883
-14.0041 -16.5443 0.0204 0.00 0.00 1.00 0 73 250 127 0 0 0 0 0 161219 200035.933
-13.9816 -16.5425 0.0200 0.00 0.00 1.00 0 95 250 127 0 0 0 0 0 161219 200035.983
-13.9591 -16.5408 0.0204 0.00 0.00 1.00 0 117 250 127 0 0 0 0 0 161219 200036.033
-13.9591 -16.5408 0.0204 0.00 0.00 1.00 0 117 250 127 0 0 0 0 0 161219 200036.083
-13.9368 -16.5380 0.0212 0.00 0.00 1.00 0 145 250 127 0 0 0 0 0 161219 200036.133
-13.8906 -16.5343 0.0214 0.00 0.00 1.00 0 191 250 127 0 0 0 0 0 161219 200036.183
-13.8682 -16.5333 0.0203 0.00 0.00 1.00 0 209 250 127 0 0 0 0 0 161219 200036.233
-13.8456 -16.5310 0.0198 0.00 0.00 1.00 0 234 250 127 0 0 0 0 0 161219 200036.283
-13.8232 -16.5280 0.0198 0.00 0.00 1.00 0 7 251 127 0 0 0 0 0 161219 200036.333
-13.8232 -16.5280 0.0198 0.00 0.00 1.00 0 7 251 127 0 0 0 0 0 161219 200036.383
-13.8002 -16.5267 0.0195 0.00 0.00 1.00 0 27 251 127 0 0 0 0 0 161219 200036.433
-13.7539 -16.5258 0.0187 0.00 0.00 1.00 0 57 251 127 0 0 0 0 0 161219 200036.483
-13.7278 -16.5261 0.0191 0.00 0.00 1.00 0 70 251 127 0 0 0 0 0 161219 200036.533
-13.7013 -16.5282 0.0195 0.00 0.00 1.00 0 73 251 127 0 0 0 0 0 161219 200036.583
-13.6765 -16.5297 0.0201 0.00 0.00 1.00 0 78 251 127 0 0 0 0 0 161219 200036.633
-13.6524 -16.5305 0.0197 0.00 0.00 1.00 0 87 251 127 0 0 0 0 0 161219 200036.683
-13.6524 -16.5305 0.0197 0.00 0.00 1.00 0 87 251 127 0 0 0 0 0 161219 200036.733
-13.6286 -16.5304 0.0201 0.00 0.00 1.00 0 101 251 127 0 0 0 0 0 161219 200036.783
-13.5837 -16.5301 0.0190 0.00 0.00 1.00 0 127 251 127 0 0 0 0 0 161219 200036.833
-13.5613 -16.5299 0.0193 0.00 0.00 1.00 0 141 251 127 0 0 0 0 0 161219 200036.883
-13.5391 -16.5291 0.0198 0.00 0.00 1.00 0 157 251 127 0 0 0 0 0 161219 200036.933
-13.5163 -16.5296 0.0196 0.00 0.00 1.00 0 167 251 127 0 0 0 0 0 161219 200036.983
-13.5163 -16.5296 0.0196 0.00 0.00 1.00 0 167 251 127 0 0 0 0 0 161219 200037.033
-13.4939 -16.5294 0.0193 0.00 0.00 1.00 0 180 251 127 0 0 0 0 0 161219 200037.083
-13.4485 -16.5289 0.0189 0.00 0.00 1.00 0 208 251 127 0 0 0 0 0 161219 200037.133
-13.4264 -16.5292 0.0188 0.00 0.00 1.00 0 218 251 127 0 0 0 0 0 161219 200037.183
-13.4035 -16.5291 0.0191 0.00 0.00 1.00 0 232 251 127 0 0 0 0 0 161219 200037.233
-13.3812 -16.5281 0.0189 0.00 0.00 1.00 0 250 251 127 0 0 0 0 0 161219 200037.283
-13.3582 -16.5290 0.0190 0.00 0.00 1.00 0 2 252 127 0 0 0 0 0 161219 200037.333
-13.3582 -16.5290 0.0190 0.00 0.00 1.00 0 2 252 127 0 0 0 0 0 161219 200037.383
-13.3132 -16.5276 0.0190 0.00 0.00 1.00 0 34 252 127 0 0 0 0 0 161219 200037.433
-13.2907 -16.5269 0.0189 0.00 0.00 1.00 0 50 252 127 0 0 0 0 0 161219 200037.483
-13.2681 -16.5271 0.0192 0.00 0.00 1.00 0 62 252 127 0 0 0 0 0 161219 200037.533
-13.2459 -16.5257 0.0199 0.00 0.00 1.00 0 81 252 127 0 0 0 0 0 161219 200037.583
-13.2233 -16.5258 0.0181 0.00 0.00 1.00 0 93 252 127 0 0 0 0 0 161219 200037.633
-13.2011 -16.5253 0.0183 0.00 0.00 1.00 0 108 252 127 0 0 0 0 0 161219 200037.683
-13.2011 -16.5253 0.0183 0.00 0.00 1.00 0 108 252 127 0 0 0 0 0 161219 200037.733
-13.1552 -16.5249 0.0172 0.00 0.00 1.00 0 136 252 127 0 0 0 0 0 161219 200037.783
-13.1318 -16.5249 0.0173 0.00 0.00 1.00 0 148 252 127 0 0 0 0 0 161219 200037.833
-13.1073 -16.5262 0.0173 0.00 0.00 1.00 0 152 252 127 0 0 0 0 0 161219 200037.883
-13.0834 -16.5283 0.0166 0.00 0.00 1.00 0 152