-21.4755 -8.4873 -0.0184 0.00 0.00 1.00 0 69 72 127 0 0 0 0 0 221219 142734.958
-21.4720 -8.5558 -0.0187 0.00 0.00 1.00 0 19 69 127 0 0 0 0 0 221219 142735.158
-21.4644 -8.6703 -0.0165 0.00 0.00 1.00 0 5 35 127 0 0 0 0 0 221219 142735.359
-21.4582 -8.7640 -0.0150 0.00 0.00 1.00 0 17 64 127 0 0 0 0 0 221219 142735.559
-21.4515 -8.8536 -0.0139 0.00 0.00 1.00 0 169 65 127 0 0 0 0 0 221219 142735.759
-21.4462 -8.9206 -0.0134 0.00 0.00 1.00 0 93 63 127 0 0 0 0 0 221219 142735.960
-21.4397 -9.0119 -0.0117 0.00 0.00 1.00 0 57 62 127 0 0 0 0 0 221219 142736.160
-21.4360 -9.1019 -0.0116 0.00 0.00 1.00 0 17 61 127 0 0 0 0 0 221219 142736.360
-21.4306 -9.1697 -0.0122 0.00 0.00 1.00 0 245 58 127 0 0 0 0 0 221219 142736.560
-21.4255 -9.2617 -0.0115 0.00 0.00 1.00 0 25 59 127 0 0 0 0 0 221219 142736.761
-21.4191 -9.3741 -0.0106 0.00 0.00 1.00 0 56 21 127 0 0 0 0 0 221219 142736.961
-21.4111 -9.4656 -0.0097 0.00 0.00 1.00 0 125 54 127 0 0 0 0 0 221219 142737.161
-21.4052 -9.5552 -0.0081 0.00 0.00 1.00 0 108 53 127 0 0 0 0 0 221219 142737.362
-21.3936 -9.6469 -0.0069 0.00 0.00 1.00 0 42 51 127 0 0 0 0 0 221219 142737.562
-21.3797 -9.7074 -0.0071 0.00 0.00 1.00 0 255 52 127 0 0 0 0 0 221219 142737.762
-21.3604 -9.8101 -0.0067 0.00 0.00 1.00 0 44 20 127 0 0 0 0 0 221219 142737.962
-21.3445 -9.9030 -0.0074 0.00 0.00 1.00 0 141 45 127 0 0 0 0 0 221219 142738.163
-21.3331 -9.9714 -0.0054 0.00 0.00 1.00 0 200 45 127 0 0 0 0 0 221219 142738.363
-21.3143 -10.0831 -0.0029 0.00 0.00 1.00 0 102 13 127 0 0 0 0 0 221219 142738.563
-21.2980 -10.1743 -0.0007 0.00 0.00 1.00 0 196 41 127 0 0 0 0 0 221219 142738.764
-21.2864 -10.2433 0.0004 0.00 0.00 1.00 0 97 39 127 0 0 0 0 0 221219 142738.964
-21.2660 -10.3553 0.0015 0.00 0.00 1.00 0 200 8 127 0 0 0 0 0 221219 142739.164
-21.2361 -10.4382 0.0017 0.00 0.00 1.00 0 121 43 127 0 0 0 0 0 221219 142739.365
-21.2095 -10.4943 0.0037 0.00 0.00 1.00 0 67 43 127 0 0 0 0 0 221219 142739.565
-21.1824 -10.5772 0.0028 0.00 0.00 1.00 0 129 38 127 0 0 0 0 0 221219 142739.765
-21.1493 -10.6893 0.0059 0.00 0.00 1.00 0 187 5 127 0 0 0 0 0 221219 142739.965
-21.1194 -10.7759 0.0069 0.00 0.00 1.00 0 183 35 127 0 0 0 0 0 221219 142740.166
-21.0927 -10.8629 0.0092 0.00 0.00 1.00 0 234 3 127 0 0 0 0 0 221219 142740.366
-21.0650 -10.9493 0.0095 0.00 0.00 1.00 0 148 33 127 0 0 0 0 0 221219 142740.566
-21.0354 -11.0329 0.0107 0.00 0.00 1.00 0 166 31 127 0 0 0 0 0 221219 142740.767
-21.0061 -11.1206 0.0122 0.00 0.00 1.00 0 82 30 127 0 0 0 0 0 221219 142740.967
-20.9849 -11.1869 0.0127 0.00 0.00 1.00 0 21 28 127 0 0 0 0 0 221219 142741.167
-20.9563 -11.2743 0.0146 0.00 0.00 1.00 0 226 26 127 0 0 0 0 0 221219 142741.367
-20.9226 -11.3840 0.0171 0.00 0.00 1.00 0 53 23 127 0 0 0 0 0 221219 142741.568
-20.9019 -11.4507 0.0204 0.00 0.00 1.00 0 247 23 127 0 0 0 0 0 221219 142741.768
-20.8675 -11.5585 0.0218 0.00 0.00 1.00 0 33 250 127 0 0 0 0 0 221219 142741.968
-20.8397 -11.6432 0.0233 0.00 0.00 1.00 0 15 20 127 0 0 0 0 0 221219 142742.169
-20.8155 -11.7072 0.0255 0.00 0.00 1.00 0 15 21 127 0 0 0 0 0 221219 142742.369
-20.7592 -11.8021 0.0231 0.00 0.00 1.00 0 232 14 127 0 0 0 0 0 221219 142742.569
-20.7185 -11.8708 0.0242 0.00 0.00 1.00 0 108 4 127 0 0 0 0 0 221219 142742.770
-20.6809 -11.9516 0.0270 0.00 0.00 1.00 0 122 17 127 0 0 0 0 0 221219 142742.970
-20.6485 -12.0143 0.0287 0.00 0.00 1.00 0 102 17 127 0 0 0 0 0 221219 142743.170
-20.5962 -12.1145 0.0298 0.00 0.00 1.00 0 155 249 127 0 0 0 0 0 221219 142743.370
-20.5547 -12.1940 0.0317 0.00 0.00 1.00 0 236 245 127 0 0 0 0 0 221219 142743.571
-20.5125 -12.2748 0.0325 0.00 0.00 1.00 0 249 245 127 0 0 0 0 0 221219 142743.771
-20.4599 -12.3753 0.0344 0.00 0.00 1.00 0 192 12 127 0 0 0 0 0 221219 142743.971
-20.4178 -12.4531 0.0323 0.00 0.00 1.00 0 209 13 127 0 0 0 0 0 221219 142744.172
-20.3859 -12.5092 0.0294 0.00 0.00 1.00 0 90 247 127 0 0 0 0 0 221219 142744.372
-20.3325 -12.5799 0.0283 0.00 0.00 1.00 0 87 18 127 0 0 0 0 0 221219 142744.572
-20.2821 -12.6366 0.0293 0.00 0.00 1.00 0 34 16 127 0 0 0 0 0 221219 142744.772
-20.2190 -12.7257 0.0280 0.00 0.00 1.00 0 223 247 127 0 0 0 0 0 221219 142744.973
-20.1647 -12.8027 0.0253 0.00 0.00 1.00 0 2 9 127 0 0 0 0 0 221219 142745.173
-20.1242 -12.8602 0.0261 0.00 0.00 1.00 0 66 9 127 0 0 0 0 0 221219 142745.373
-20.0598 -12.9498 0.0257 0.00 0.00 1.00 0 6 245 127 0 0 0 0 0 221219 142745.574
-20.0076 -13.0278 0.0261 0.00 0.00 1.00 0 168 4 127 0 0 0 0 0 221219 142745.774
-19.9684 -13.0858 0.0256 0.00 0.00 1.00 0 216 5 127 0 0 0 0 0 221219 142745.974
-19.9040 -13.1797 0.0283 0.00 0.00 1.00 0 237 238 127 0 0 0 0 0 221219 142746.175
-19.8516 -13.2543 0.0289 0.00 0.00 1.00 0 93 3 127 0 0 0 0 0 221219 142746.375
-19.8516 -13.2543 0.0289 0.00 0.00 1.00 0 0 0 127 0 0 0 0 0 221219 142746.575
-19.8516 -13.2543 0.0289 0.00 0.00 1.00 0 0 0 127 0 0 0 0 0 221219 142746.776
-19.8516 -13.2543 0.0289 0.00 0.00 1.00 0 0 0 127 0 0 0 0 0 221219 142746.976
-19.8516 -13.2543 0.0289 0.00 0.00 1.00 0 0 0 127 0 0 0 0 0 221219 142747.176
-19.8516 -13.2543 0.0289 0.00 0.00 1.00 0 0 0 127 0 0 0 0 0 221219 142747.376
-19.8516 -13.2543 0.0289 0.00 0.00 1.00 0 0 0 127 0 0 0 0 0 221219 142747.577
-19.8516 -13.2543 0.0289 0.00 0.00 1.00 0 0 0 127 0 0 0 0 0 221219 142747.777
-19.8516 -13.2543 0.0289 0.00 0.00 1.00 0 0 0 127 0 0 0 0 0 221219 142747.977
-19.8516 -13.2543 0.0289 0.00 0.00 1.00 0 0 0 127 0 0 0 0 0 221219 142748.177
-19.8516 -13.2543 0.0289 0.00 0.00 1.00 0 0 0 127 0 0 0 0 0 221219 142748.378
-19.8516 -13.2543 0.0289 0.00 0.00 1.00 0 0 0 127 0 0 0 0 0 221219 142748.578
-19.8516 -13.2543 0.0289 0.00 0.00 1.00 0 0 0 127 0 0 0 0 0 221219 142748.778
-19.8516 -13.2543 0.0289 0.00 0.00 1.00 0 0 0 127 0 0 0 0 0 221219 142748.979
-19.8516 -13.2543 0.0289 0.00 0.00 1.00 0 0 0 127 0 0 0 0 0 221219 142749.179
-19.8516 -13.2543 0.0289 0.00 0.00 1.00 0 0 0 127 0 0 0 0 0 221219 142749.379
-19.8516 -13.2543 0.0289 0.00 0.00 1.00 0 0 0 127 0 0 0 0 0 221219 142749.580
-19.8516 -13.2543 0.0289 0.00 0.00 1.00 0 0 0 127 0 0 0 0 0 221219 142749.780
-19.8516 -13.2543 0.0289 0.00 0.00 1.00 0 0 0 127 0 0 0 0 0 221219 142749.980
-19.8516 -13.2543 0.0289 0.00 0.00 1.00 0 0 0 127 0 0 0 0 0 221219 142750.181
-19.8516 -13.2543 0.0289 0.00 0.00 1.00 0 0 0 127 0 0 0 0 0 221219 142750.381
-19.8516 -13.2543 0.0289 0.00 0.00 1.00 0 0 0 127 0 0 0 0 0 221219 142750.581
-19.8516 -13.2543 0.0289 0.00 0.00 1.00 0 0 0 127 0 0 0 0 0 221219 142750.782
-19.8516 -13.2543 0.0289 0.00 0.00 1.00 0 0 0 127 0 0 0 0 0 221219 142750.982
-19.8516 -13.2543 0.0289 0.00 0.00 1.00 0 0 0 127 0 0 0 0 0 221219 142751.182
-19.8516 -13.2543 0.0289 0.00 0.00 1.00 0 0 0 127 0 0 0 0 0 221219 142751.383
-19.8516 -13.2543 0.0289 0.00 0.00 1.00 0 0 0 127 0 0 0 0 0 221219 142751.583
-19.8516 -13.2543 0.0289 0.00 0.00 1.00 0 0 0 127 0 0 0 0 0 221219 142751.783
-19.8516 -13.2543 0.0289 0.00 0.00 1.00 0 0 0 127 0 0 0 0 0 221219 142751.984
-19.8516 -13.2543 0.0289 0.00 0.00 1.00 0 0 0 127 0 0 0 0 0 221219 142752.184
-19.8516 -13.2543 0.0289 0.00 0.00 1.00 0 0 0 127 0 0 0 0 0 221219 142752.384
-19.8516 -13.2543 0.0289 0.00 0.00 1.00 0 0 0 127 0 0 0 0 0 221219 142752.585
-19.8516 -13.2543 0.0289 0.00 0.00 1.00 0 0 0 127 0 0 0 0 0 221219 142752.785
-19.8516 -13.2543 0.0289 0.00 0.00 1.00 0 0 0 127 0 0 0 0 0 221219 142752.985
-19.8516 -13.2543 0.0289 0.00 0.00 1.00 0 0 0 127 0 0 0 0 0 221219 142753.186
-19.8516 -13.2543 0.0289 0.00 0.00 1.00 0 0 0 127 0 0 0 0 0 221219 142753.386
-19.8516 -13.2543 0.0289 0.00 0.00 1.00 0 0 0 127 0 0 0 0 0 221219 142753.586
-19.8516 -13.2543 0.0289 0.00 0.00 1.00 0 0 0 127 0 0 0 0 0 221219 142753.787
-19.8516 -13.2543 0.0289 0.00 0.00 1.00 0 0 0 127 0 0 0 0 0 221219 142753.987
-19.8516 -13.2543 0.0289 0.00 0.00 1.00 0 0 0 127 0 0 0 0 0 221219 142754.187
-19.8516 -13.2543 0.0289 0.00 0.00 1.00 0 0 0 127 0 0 0 0 0 221219 142754.388
-19.8516 -13.2543 0.0289 0.00 0.00 1.00 0 0 0 127 0 0 0 0 0 221219 142754.588
-19.8516 -13.2543 0.0289 0.00 0.00 1.00 0 0 0 127 0 0 0 0 0 221219 142754.788
-19.8516 -13.2543 0.0289 0.00 0.00 1.00 0 0 0 127 0 0 0 0 0 221219 142754.989
-19.8516 -13.2543 0.0289 0.00 0.00 1.00 0 0 0 127 0 0 0 0 0 221219 142755.189
-19.8516 -13.2543 0.0289 0.00 0.00 1.00 0 0 0 127 0 0 0 0 0 221219 142755.389
-19.8516 -13.2543 0.0289 0.00 0.00 1.00 0 0 0 127 0 0 0 0 0 221219 142755.590
-19.8516 -13.2543 0.0289 0.00 0.00 1.00 0 0 0 127 0 0 0 0 0 221219 142755.790
-19.8516 -13.2543 0.0289 0.00 0.00 1.00 0 0 0 127 0 0 0 0 0 221219 142755.990
-19.8516 -13.2543 0.0289 0.00 0.00 1.00 0 0 0 127 0 0 0 0 0 221219 142756.191
-19.8516 -13.2543 0.0289 0.00 0.00 1.00 0 0 0 127 0 0 0 0 0 221219 142756.391
-19.8516 -13.2543 0.0289 0.00 0.00 1.00 0 0 0 127 0 0 0 0 0 221219 142756.591
-19.8516 -13.2543 0.0289 0.00 0.00 1.00 0 0 0 127 0 0 0 0 0 221219 142756.792
-19.8516 -13.2543 0.0289 0.00 0.00 1.00 0 0 0 127 0 0 0 0 0 221219 142756.992
-19.8516 -13.2543 0.0289 0.00 0.00 1.00 0 0 0 127 0 0 0 0 0 221219 142757.192
-19.8516 -13.2543 0.0289 0.00 0.00 1.00 0 0 0 127 0 0 0 0 0 221219 142757.393
-19.8516 -13.2543 0.0289 0.00 0.00 1.00 0 0 0 127 0 0 0 0 0 221219 142757.593
-19.8516 -13.2543 0.0289 0.00 0.00 1.00 0 0 0 127 0 0 0 0 0 221219 142757.793
-19.8516 -13.2543 0.0289 0.00 0.00 1.00 0 0 0 127 0 0 0 0 0 221219 142757.994
-19.8516 -13.2543 0.0289 0.00 0.00 1.00 0 0 0 127 0 0 0 0 0 221219 142758.194
-19.8516 -13.2543 0.0289 0.00 0.00 1.00 0 0 0 127 0 0 0 0 0 221219 142758.394
-19.8516 -13.2543 0.0289 0.00 0.00 1.00 0 0 0 127 0 0 0 0 0 221219 142758.594
-19.8516 -13.2543 0.0289 0.00 0.00 1.00 0 0 0 127 0 0 0 0 0 221219 142758.795
-19.8516 -13.2543 0.0289 0.00 0.00 1.00 0 0 0 127 0 0 0 0 0 221219 142758.995
-19.8516 -13.2543 0.0289 0.00 0.00 1.00 0 0 0 127 0 0 0 0 0 221219 142759.195
-19.8516 -13.2543 0.0289 0.00 0.00 1.00 0 0 0 127 0 0 0 0 0 221219 142759.396
-19.8516 -13.2543 0.0289 0.00 0.00 1.00 0 0 0 127 0 0 0 0 0 221219 142759.596
-19.8516 -13.2543 0.0289 0.00 0.00 1.00 0 0 0 127 0 0 0 0 0 221219 142759.796
-19.8516 -13.2543 0.0289 0.00 0.00 1.00 0 0 0 127 0 0 0 0 0 221219 142759.997
-19.8516 -13.2543 0.0289 0.00 0.00 1.00 0 0 0 127 0 0 0 0 0 221219 142800.197
-19.8516 -13.2543 0.0289 0.00 0.00 1.00 0 0 0 127 0 0 0 0 0 221219 142800.397
-19.8516 -13.2543 0.0289 0.00 0.00 1.00 0 0 0 127 0 0 0 0 0 221219 142800.597
-19.8516 -13.2543 0.0289 0.00 0.00 1.00 0 0 0 127 0 0 0 0 0 221219 142800.798
-19.8516 -13.2543 0.0289 0.00 0.00 1.00 0 0 0 127 0 0 0 0 0 221219 142800.998
-19.8516 -13.2543 0.0289 0.00 0.00 1.00 0 0 0 127 0 0 0 0 0 221219 142801.199
-19.8516 -13.2543 0.0289 0.00 0.00 1.00 0 0 0 127 0 0 0 0 0 221219 142801.399
-19.8516 -13.2543 0.0289 0.00 0.00 1.00 0 0 0 127 0 0 0 0 0 221219 142801.599
-19.8516 -13.2543 0.0289 0.00 0.00 1.00 0 0 0 127 0 0 0 0 0 221219 142801.800
-19.8516 -13.2543 0.0289 0.00 0.00 1.00 0 0 0 127 0 0 0 0 0 221219 142802.000
-19.8516 -13.2543 0.0289 0.00 0.00 1.00 0 0 0 127 0 0 0 0 0 221219 142802.200
-19.8516 -13.2543 0.0289 0.00 0.00 1.00 0 0 0 127 0 0 0 0 0 221219 142802.400
-19.8516 -13.2543 0.0289 0.00 0.00 1.00 0 0 0 127 0 0 0 0 0 221219 142802.601
-19.8516 -13.2543 0.0289 0.00 0.00 1.00 0 0 0 127 0 0 0 0 0 221219 142802.801
-19.8516 -13.2543 0.0289 0.00 0.00 1.00 0 0 0 127 0 0 0 0 0 221219 142803.001
-19.8516 -13.2543 0.0289 0.00 0.00 1.00 0 0 0 127 0 0 0 0 0 221219 142803.202
-19.8516 -13.2543 0.0289 0.00 0.00 1.00 0 0 0 127 0 0 0 0 0 221219 142803.402
-19.8516 -13.2543 0.0289 0.00 0.00 1.00 0 0 0 127 0 0 0 0 0 221219 142803.602
-19.8516 -13.2543 0.0289 0.00 0.00 1.00 0 0 0 127 0 0 0 0 0 221219 142803.803
-19.8516 -13.2543 0.0289 0.00 0.00 1.00 0 0 0 127 0 0 0 0 0 221219 142804.003
-19.8516 -13.2543 0.0289 0.00 0.00 1.00 0 0 0 127 0 0 0 0 0 221219 142804.203
-19.8516 -13.2543 0.0289 0.00 0.00 1.00 0 0 0 127 0 0 0 0 0 221219 142804.403
-19.8516 -13.2543 0.0289 0.00 0.00 1.00 0 0 0 127 0 0 0 0 0 221219 142804.604
-19.8516 -13.2543 0.0289 0.00 0.00 1.00 0 0 0 127 0 0 0 0 0 221219 142804.804
-19.8516 -13.2543 0.0289 0.00 0.00 1.00 0 0 0 127 0 0 0 0 0 221219 142805.004
-19.8516 -13.2543 0.0289 0.00 0.00 1.00 0 0 0 127 0 0 0 0 0 221219 142805.204
-19.8516 -13.2543 0.0289 0.00 0.00 1.00 0 0 0 127 0 0 0 0 0 221219 142805.405
-19.8516 -13.2543 0.0289 0.00 0.00 1.00 0 0 0 127 0 0 0 0 0 221219 142805.605
-19.8516 -13.2543 0.0289 0.00 0.00 1.00 0 0 0 127 0 0 0 0 0 221219 142805.805
-19.8516 -13.2543 0.0289 0.00 0.00 1.00 0 0 0 127 0 0 0 0 0 221219 142806.005
-19.8516 -13.2543 0.0289 0.00 0.00 1.00 0 0 0 127 0 0 0 0 0 221219 142806.206
-19.8516 -13.2543 0.0289 0.00 0.00 1.00 0 0 0 127 0 0 0 0 0 221219 142806.406
-19.8516 -13.2543 0.0289 0.00 0.00 1.00 0 0 0 127 0 0 0 0 0 221219 142806.606
-19.8516 -13.2543 0.0289 0.00 0.00 1.00 0 0 0 127 0 0 0 0 0 221219 142806.806
-19.8516 -13.2543 0.0289 0.00 0.00 1.00 0 0 0 127 0 0 0 0 0 221219 142807.007
-19.8516 -13.2543 0.0289 0.00 0.00 1.00 0 0 0 127 0 0 0 0 0 221219 142807.207
-19.8516 -13.2543 0.0289 0.00 0.00 1.00 0 0 0 127 0 0 0 0 0 221219 142807.407
-19.8516 -13.2543 0.0289 0.00 0.00 1.00 0 0 0 127 0 0 0 0 0 221219 142807.607
-19.8516 -13.2543 0.0289 0.00 0.00 1.00 0 0 0 127 0 0 0 0 0 221219 142807.807
-19.8516 -13.2543 0.0289 0.00 0.00 1.00 0 0 0 127 0 0 0 0 0 221219 142808.008
-19.8516 -13.2543 0.0289 0.00 0.00 1.00 0 0 0 127 0 0 0 0 0 221219 142808.208
-19.8516 -13.2543 0.0289 0.00 0.00 1.00 0 0 0 127 0 0 0 0 0 221219 142808.408
-19.8516 -13.2543 0.0289 0.00 0.00 1.00 0 0 0 127 0 0 0 0 0 221219 142808.609
-19.8516 -13.2543 0.0289 0.00 0.00 1.00 0 0 0 127 0 0 0 0 0 221219 142808.809
-19.8516 -13.2543 0.0289 0.00 0.00 1.00 0 0 0 127 0 0 0 0 0 221219 142809.009
-19.8516 -13.2543 0.0289 0.00 0.00 1.00 0 0 0 127 0 0 0 0 0 221219 142809.209
-19.8516 -13.2543 0.0289 0.00 0.00 1.00 0 0 0 127 0 0 0 0 0 221219 142809.410
-19.8516 -13.2543 0.0289 0.00 0.00 1.00 0 0 0 127 0 0 0 0 0 221219 142809.610
-19.8516 -13.2543 0.0289 0.00 0.00 1.00 0 0 0 127 0 0 0 0 0 221219 142809.810
-19.8516 -13.2543 0.0289 0.00 0.00 1.00 0 0 0 127 0 0 0 0 0 221219 142810.010
-19.8516 -13.2543 0.0289 0.00 0.00 1.00 0 0 0 127 0 0 0 0 0 221219 142810.210
-19.8516 -13.2543 0.0289 0.00 0.00 1.00 0 0 0 127 0 0 0 0 0 221219 142810.411
-19.8516 -13.2543 0.0289 0.00 0.00 1.00 0 0 0 127 0 0 0 0 0 221219 142810.611
-19.8516 -13.2543 0.0289 0.00 0.00 1.00 0 0 0 127 0 0 0 0 0 221219 142810.811
-19.8516 -13.2543 0.0289 0.00 0.00 1.00 0 0 0 127 0 0 0 0 0 221219 142811.011
-19.8516 -13.2543 0.0289 0.00 0.00 1.00 0 0 0 127 0 0 0 0 0 221219 142811.212
-19.8516 -13.2543 0.0289 0.00 0.00 1.00 0 0 0 127 0 0 0 0 0 221219 142811.412
-19.8516 -13.2543 0.0289 0.00 0.00 1.00 0 0 0 127 0 0 0 0 0 221219 142811.612
-19.8516 -13.2543 0.0289 0.00 0.00 1.00 0 0 0 127 0 0 0 0 0 221219 142811.812
-19.8516 -13.2543 0.0289 0.00 0.00 1.00 0 0 0 127 0 0 0 0 0 221219 142812.013
-19.8516 -13.2543 0.0289 0.00 0.00 1.00 0 0 0 127 0 0 0 0 0 221219 142812.213
-19.8516 -13.2543 0.0289 0.00 0.00 1.00 0 0 0 127 0 0 0 0 0 221219 142812.413
-19.8516 -13.2543 0.0289 0.00 0.00 1.00 0 0 0 127 0 0 0 0 0 221219 142812.613
-19.8516 -13.2543 0.0289 0.00 0.00 1.00 0 0 0 127 0 0 0 0 0 221219 142812.813
-19.8516 -13.2543 0.0289 0.00 0.00 1.00 0 0 0 127 0 0 0 0 0 221219 142813.013
-19.8516 -13.2543 0.0289 0.00 0.00 1.00 0 0 0 127 0 0 0 0 0 221219 142813.214
-19.8516 -13.2543 0.0289 0.00 0.00 1.00 0 0 0 127 0 0 0 0 0 221219 142813.414
-19.8516 -13.2543 0.0289 0.00 0.00 1.00 0 0 0 127 0 0 0 0 0 221219 142813.614
-19.8516 -13.2543 0.0289 0.00 0.00 1.00 0 0 0 127 0 0 0 0 0 221219 142813.815
-19.8516 -13.2543 0.0289 0.00 0.00 1.00 0 0 0 127 0 0 0 0 0 221219 142814.015
-19.8516 -13.2543 0.0289 0.00 0.00 1.00 0 0 0 127 0 0 0 0 0 221219 142814.215
-19.8516 -13.2543 0.0289 0.00 0.00 1.00 0 0 0 127 0 0 0 0 0 221219 142814.416
-19.8516 -13.2543 0.0289 0.00 0.00 1.00 0 0 0 127 0 0 0 0 0 221219 142814.616
-19.8516 -13.2543 0.0289 0.00 0.00 1.00 0 0 0 127 0 0 0 0 0 221219 142814.816
-19.8516 -13.2543 0.0289 0.00 0.00 1.00 0 0 0 127 0 0 0 0 0 221219 142815.017
-19.8516 -13.2543 0.0289 0.00 0.00 1.00 0 0 0 127 0 0 0 0 0 221219 142815.217
-19.8516 -13.2543 0.0289 0.00 0.00 1.00 0 0 0 127 0 0 0 0 0 221219 142815.417
-19.8516 -13.2543 0.0289 0.00 0.00 1.00 0 0 0 127 0 0 0 0 0 221219 142815.617
-19.8516 -13.2543 0.0289 0.00 0.00 1.00 0 0 0 127 0 0 0 0 0 221219 142815.818
-19.8516 -13.2543 0.0289 0.00 0.00 1.00 0 0 0 127 0 0 0 0 0 221219 142816.018
-19.8516 -13.2543 0.0289 0.00 0.00 1.00 0 0 0 127 0 0 0 0 0 221219 142816.218
-19.8516 -13.2543 0.0289 0.00 0.00 1.00 0 0 0 127 0 0 0 0 0 221219 142816.418
-19.8516 -13.2543 0.0289 0.00 0.00 1.00 0 0 0 127 0 0 0 0 0 221219 142816.619
-19.8516 -13.2543 0.0289 0.00 0.00 1.00 0 0 0 127 0 0 0 0 0 221219 142816.819
-19.8516 -13.2543 0.0289 0.00 0.00 1.00 0 0 0 127 0 0 0 0 0 221219 142817.019
-19.8516 -13.2543 0.0289 0.00 0.00 1.00 0 0 0 127 0 0 0 0 0 221219 142817.219
-19.8516 -13.2543 0.0289 0.00 0.00 1.00 0 0 0 127 0 0 0 0 0 221219 142817.420
-19.8516 -13.2543 0.0289 0.00 0.00 1.00 0 0 0 127 0 0 0 0 0 221219 142817.620
-19.8516 -13.2543 0.0289 0.00 0.00 1.00 0 0 0 127 0 0 0 0 0 221219 142817.820
-19.8516 -13.2543 0.0289 0.00 0.00 1.00 0 0 0 127 0 0 0 0 0 221219 142818.020
-19.8516 -13.2543 0.0289 0.00 0.00 1.00 0 0 0 127 0 0 0 0 0 221219 142818.221
-19.8516 -13.2543 0.0289 0.00 0.00 1.00 0 0 0 127 0 0 0 0 0 221219 142818.421
-19.8516 -13.2543 0.0289 0.00 0.00 1.00 0 0 0 127 0 0 0 0 0 221219 142818.621
-19.8516 -13.2543 0.0289 0.00 0.00 1.00 0 0 0 127 0 0 0 0 0 221219 142818.821
-19.8516 -13.2543 0.0289 0.00 0.00 1.00 0 0 0 127 0 0 0 0 0 221219 142819.022
-19.8516 -13.2543 0.0289 0.00 0.00 1.00 0 0 0 127 0 0 0 0 0 221219 142819.222
-19.8516 -13.2543 0.0289 0.00 0.00 1.00 0 0 0 127 0 0 0 0 0 221219 142819.422
-19.8516 -13.2543 0.0289 0.00 0.00 1.00 0 0 0 127 0 0 0 0 0 221219 142819.622
-19.8516 -13.2543 0.0289 0.00 0.00 1.00 0 0 0 127 0 0 0 0 0 221219 142819.823
-19.8516 -13.2543 0.0289 0.00 0.00 1.00 0 0 0 127 0 0 0 0 0 221219 142820.023
-19.8516 -13.2543 0.0289 0.00 0.00 1.00 0 0 0 127 0 0 0 0 0 221219 142820.223
-19.8516 -13.2543 0.0289 0.00 0.00 1.00 0 0 0 127 0 0 0 0 0 221219 142820.423
-19.8516 -13.2543 0.0289 0.00 0.00 1.00 0 0 0 127 0 0 0 0 0 221219 142820.624
-19.8516 -13.2543 0.0289 0.00 0.00 1.00 0 0 0 127 0 0 0 0 0 221219 142820.824
-19.8516 -13.2543 0.0289 0.00 0.00 1.00 0 0 0 127 0 0 0 0 0 221219 142821.024
-19.8516 -13.2543 0.0289 0.00 0.00 1.00 0 0 0 127 0 0 0 0 0 221219 142821.225
-19.8516 -13.2543 0.0289 0.00 0.00 1.00 0 0 0 127 0 0 0 0 0 221219 142821.425
-19.8516 -13.2543 0.0289 0.00 0.00 1.00 0 0 0 127 0 0 0 0 0 221219 142821.625
-19.8516 -13.2543 0.0289 0.00 0.00 1.00 0 0 0 127 0 0 0 0 0 221219 142821.825
-19.8516 -13.2543 0.0289 0.00 0.00 1.00 0 0 0 127 0 0 0 0 0 221219 142822.026
-19.8516 -13.2543 0.0289 0.00 0.00 1.00 0 0 0 127 0 0 0 0 0 221219 142822.226
-19.8516 -13.2543 0.0289 0.00 0.00 1.00 0 0 0 127 0 0 0 0 0 221219 142822.426
-19.8516 -13.2543 0.0289 0.00 0.00 1.00 0 0 0 127 0 0 0 0 0 221219 142822.626
-19.8516 -13.2543 0.0289 0.00 0.00 1.00 0 0 0 127 0 0 0 0 0 221219 142822.826
-19.8516 -13.2543 0.0289 0.00 0.00 1.00 0 0 0 127 0 0 0 0 0 221219 142823.027
-19.8516 -13.2543 0.0289 0.00 0.00 1.00 0 0 0 127 0 0 0 0 0 221219 142823.227
-19.8516 -13.2543 0.0289 0.00 0.00 1.00 0 0 0 127 0 0 0 0 0 221219 142823.427
-19.8516 -13.2543 0.0289 0.00 0.00 1.00 0 0 0 127 0 0 0 0 0 221219 142823.627
-19.8516 -13.2543 0.0289 0.00 0.00 1.00 0 0 0 127 0 0 0 0 0 221219 142823.827
-19.8516 -13.2543 0.0289 0.00 0.00 1.00 0 0 0 127 0 0 0 0 0 221219 142824.028
-19.8516 -13.2543 0.0289 0.00 0.00 1.00 0 0 0 127 0 0 0 0 0 221219 142824.228
-19.8516 -13.2543 0.0289 0.00 0.00 1.00 0 0 0 127 0 0 0 0 0 221219 142824.428
-19.8516 -13.2543 0.0289 0.00 0.00 1.00 0 0 0 127 0 0 0 0 0 221219 142824.628
-19.8516 -13.2543 0.0289 0.00 0.00 1.00 0 0 0 127 0 0 0 0 0 221219 142824.829
-19.8516 -13.2543 0.0289 0.00 0.00 1.00 0 0 0 127 0 0 0 0 0 221219 142825.029
-19.8516 -13.2543 0.0289 0.00 0.00 1.00 0 0 0 127 0 0 0 0 0 221219 142825.229
-19.8516 -13.2543 0.0289 0.00 0.00 1.00 0 0 0 127 0 0 0 0 0 221219 142825.429
-19.8516 -13.2543 0.0289 0.00 0.00 1.00 0 0 0 127 0 0 0 0 0 221219 142825.630
-19.8516 -13.2543 0.0289 0.00 0.00 1.00 0 0 0 127 0 0 0 0 0 221219 142825.830
-19.8516 -13.2543 0.0289 0.00 0.00 1.00 0 0 0 127 0 0 0 0 0 221219 142826.030
-19.8516 -13.2543 0.0289 0.00 0.00 1.00 0 0 0 127 0 0 0 0 0 221219 142826.231
-19.8516 -13.2543 0.0289 0.00 0.00 1.00 0 0 0 127 0 0 0 0 0 221219 142826.431
-19.8516 -13.2543 0.0289 0.00 0.00 1.00 0 0 0 127 0 0 0 0 0 221219 142826.631
-19.8516 -13.2543 0.0289 0.00 0.00 1.00 0 0 0 127 0 0 0 0 0 221219 142826.831
-19.8516 -13.2543 0.0289 0.00 0.00 1.00 0 0 0 127 0 0 0 0 0 221219 142827.031
-19.8516 -13.2543 0.0289 0.00 0.00 1.00 0 0 0 127 0 0 0 0 0 221219 142827.232
-19.8516 -13.2543 0.0289 0.00 0.00 1.00 0 0 0 127 0 0 0 0 0 221219 142827.432
-19.8516 -13.2543 0.0289 0.00 0.00 1.00 0 0 0 127 0 0 0 0 0 221219 142827.632
-19.8516 -13.2543 0.0289 0.00 0.00 1.00 0 0 0 127 0 0 0 0 0 221219 142827.832
-19.8516 -13.2543 0.0289 0.00 0.00 1.00 0 0 0 127 0 0 0 0 0 221219 142828.032
-19.8516 -13.2543 0.0289 0.00 0.00 1.00 0 0 0 127 0 0 0 0 0 221219 142828.233
-19.8516 -13.2543 0.0289 0.00 0.00 1.00 0 0 0 127 0 0 0 0 0 221219 142828.433
-19.8516 -13.2543 0.0289 0.00 0.00 1.00 0 0 0 127 0 0 0 0 0 221219 142828.633
-19.8516 -13.2543 0.0289 0.00 0.00 1.00 0 0 0 127 0 0 0 0 0 221219 142828.833
-19.8516 -13.2543 0.0289 0.00 0.00 1.00 0 0 0 127 0 0 0 0 0 221219 142829.033
-19.8516 -13.2543 0.0289 0.00 0.00 1.00 0 0 0 127 0 0 0 0 0 221219 142829.233
-19.8516 -13.2543 0.0289 0.00 0.00 1.00 0 0 0 127 0 0 0 0 0 221219 142829.434
-19.8516 -13.2543 0.0289 0.00 0.00 1.00 0 0 0 127 0 0 0 0 0 221219 142829.634
-19.8516 -13.2543 0.0289 0.00 0.00 1.00 0 0 0 127 0 0 0 0 0 221219 142829.834
-19.8516 -13.2543 0.0289 0.00 0.00 1.00 0 0 0 127 0 0 0 0 0 221219 142830.034
-19.8516 -13.2543 0.0289 0.00 0.00 1.00 0 0 0 127 0 0 0 0 0 221219 142830.234
-19.8516 -13.2543 0.0289 0.00 0.00 1.00 0 0 0 127 0 0 0 0 0 221219 142830.435
-19.8516 -13.2543 0.0289 0.00 0.00 1.00 0 0 0 127 0 0 0 0 0 221219 142830.635
-19.8516 -13.2543 0.0289 0.00 0.00 1.00 0 0 0 127 0 0 0 0 0 221219 142830.835
-19.8516 -13.2543 0.0289 0.00 0.00 1.00 0 0 0 127 0 0 0 0 0 221219 142831.035
-19.8516 -13.2543 0.0289 0.00 0.00 1.00 0 0 0 127 0 0 0 0 0 221219 142831.236
-19.8516 -13.2543 0.0289 0.00 0.00 1.00 0 0 0 127 0 0 0 0 0 221219 142831.436
-19.8516 -13.2543 0.0289 0.00 0.00 1.00 0 0 0 127 0 0 0 0 0 221219 142831.636
-19.8516 -13.2543 0.0289 0.00 0.00 1.00 0 0 0 127 0 0 0 0 0 221219 142831.836
-19.8516 -13.2543 0.0289 0.00 0.00 1.00 0 0 0 127 0 0 0 0 0 221219 142832.037
-19.8516 -13.2543 0.0289 0.00 0.00 1.00 0 0 0 127 0 0 0 0 0 221219 142832.237
-19.8516 -13.2543 0.0289 0.00 0.00 1.00 0 0 0 127 0 0 0 0 0 221219 142832.437
-19.8516 -13.2543 0.0289 0.00 0.00 1.00 0 0 0 127 0 0 0 0 0 221219 142832.637
-19.8516 -13.2543 0.0289 0.00 0.00 1.00 0 0 0 127 0 0 0 0 0 221219 142832.837
-19.8516 -13.2543 0.0289 0.00 0.00 1.00 0 0 0 127 0 0 0 0 0 221219 142833.038
-19.8516 -13.2543 0.0289 0.00 0.00 1.00 0 0 0 127 0 0 0 0 0 221219 142833.238
-19.8516 -13.2543 0.0289 0.00 0.00 1.00 0 0 0 127 0 0 0 0 0 221219 142833.438
-19.8516 -13.2543 0.0289 0.00 0.00 1.00 0 0 0 127 0 0 0 0 0 221219 142833.639
-19.8516 -13.2543 0.0289 0.00 0.00 1.00 0 0 0 127 0 0 0 0 0 221219 142833.839
-19.8516 -13.2543 0.0289 0.00 0.00 1.00 0 0 0 127 0 0 0 0 0 221219 142834.039
-19.8516 -13.2543 0.0289 0.00 0.00 1.00 0 0 0 127 0 0 0 0 0 221219 142834.239
-19.8516 -13.2543 0.0289 0.00 0.00 1.00 0 0 0 127 0 0 0 0 0 221219 142834.439
-19.8516 -13.2543 0.0289 0.00 0.00 1.00 0 0 0 127 0 0 0 0 0 221219 142834.639
-19.8516 -13.2543 0.0289 0.00 0.00 1.00 0 0 0 127 0 0 0 0 0 221219 142834.840
-19.8516 -13.2543 0.0289 0.00 0.00 1.00 0 0 0 127 0 0 0 0 0 221219 142835.040
-19.8516 -13.2543 0.0289 0.00 0.00 1.00 0 0 0 127 0 0 0 0 0 221219 142835.240
-19.8516 -13.2543 0.0289 0.00 0.00 1.00 0 0 0 127 0 0 0 0 0 221219 142835.440
-19.8516 -13.2543 0.0289 0.00 0.00 1.00 0 0 0 127 0 0 0 0 0 221219 142835.640
-19.8516 -13.2543 0.0289 0.00 0.00 1.00 0 0 0 127 0 0 0 0 0 221219 142835.841
-19.8516 -13.2543 0.0289 0.00 0.00 1.00 0 0 0 127 0 0 0 0 0 221219 142836.041
-19.8516 -13.2543 0.0289 0.00 0.00 1.00 0 0 0 127 0 0 0 0 0 221219 142836.241
-19.8516 -13.2543 0.0289 0.00 0.00 1.00 0 0 0 127 0 0 0 0 0 221219 142836.441
-19.8516 -13.2543 0.0289 0.00 0.00 1.00 0 0 0 127 0 0 0 0 0 221219 142836.641
-19.8516 -13.2543 0.0289 0.00 0.00 1.00 0 0 0 127 0 0 0 0 0 221219 142836.842
-19.8516 -13.2543 0.0289 0.00 0.00 1.00 0 0 0 127 0 0 0 0 0 221219 142837.042
-19.8516 -13.2543 0.0289 0.00 0.00 1.00 0 0 0 127 0 0 0 0 0 221219 142837.242
-19.8516 -13.2543 0.0289 0.00 0.00 1.00 0 0 0 127 0 0 0 0 0 221219 142837.442
-19.8516 -13.2543 0.0289 0.00 0.00 1.00 0 0 0 127 0 0 0 0 0 221219 142837.642
-19.8516 -13.2543 0.0289 0.00 0.00 1.00 0 0 0 127 0 0 0 0 0 221219 142837.843
-19.8516 -13.2543 0.0289 0.00 0.00 1.00 0 0 0 127 0 0 0 0 0 221219 142838.043
-19.8516 -13.2543 0.0289 0.00 0.00 1.00 0 0 0 127 0 0 0 0 0 221219 142838.243
-19.8516 -13.2543 0.0289 0.00 0.00 1.00 0 0 0 127 0 0 0 0 0 221219 142838.443
-19.8516 -13.2543 0.0289 0.00 0.00 1.00 0 0 0 127 0 0 0 0 0 221219 142838.644
-19.8516 -13.2543 0.0289 0.00 0.00 1.00 0 0 0 127 0 0 0 0 0 221219 142838.844
-19.8516 -13.2543 0.0289 0.00 0.00 1.00 0 0 0 127 0 0 0 0 0 221219 142839.044
-19.8516 -13.2543 0.0289 0.00 0.00 1.00 0 0 0 127 0 0 0 0 0 221219 142839.244
-19.8516 -13.2543 0.0289 0.00 0.00 1.00 0 0 0 127 0 0 0 0 0 221219 142839.444
-19.8516 -13.2543 0.0289 0.00 0.00 1.00 0 0 0 127 0 0 0 0 0 221219 142839.645
-19.8516 -13.2543 0.0289 0.00 0.00 1.00 0 0 0 127 0 0 0 0 0 221219 142839.845
-19.8516 -13.2543 0.0289 0.00 0.00 1.00 0 0 0 127 0 0 0 0 0 221219 142840.045
-19.8516 -13.2543 0.0289 0.00 0.00 1.00 0 0 0 127 0 0 0 0 0 221219 142840.245
-19.8516 -13.2543 0.0289 0.00 0.00 1.00 0 0 0 127 0 0 0 0 0 221219 142840.446
-19.8516 -13.2543 0.0289 0.00 0.00 1.00 0 0 0 127 0 0 0 0 0 221219 142840.646
-19.8516 -13.2543 0.0289 0.00 0.00 1.00 0 0 0 127 0 0 0 0 0 221219 142840.846
-19.8516 -13.2543 0.0289 0.00 0.00 1.00 0 0 0 127 0 0 0 0 0 221219 142841.046
-19.8516 -13.2543 0.0289 0.00 0.00 1.00 0 0 0 127 0 0 0 0 0 221219 142841.246
-19.8516 -13.2543 0.0289 0.00 0.00 1.00 0 0 0 127 0 0 0 0 0 221219 142841.447
-19.8516 -13.2543 0.0289 0.00 0.00 1.00 0 0 0 127 0 0 0 0 0 221219 142841.647
-19.8516 -13.2543 0.0289 0.00 0.00 1.00 0 0 0 127 0 0 0 0 0 221219 142841.847
-19.8516 -13.2543 0.0289 0.00 0.00 1.00 0 0 0 127 0 0 0 0 0 221219 142842.047
-19.8516 -13.2543 0.0289 0.00 0.00 1.00 0 0 0 127 0 0 0 0 0 221219 142842.248
-19.8516 -13.2543 0.0289 0.00 0.00 1.00 0 0 0 127 0 0 0 0 0 221219 142842.448
-19.8516 -13.2543 0.0289 0.00 0.00 1.00 0 0 0 127 0 0 0 0 0 221219 142842.648
-19.8516 -13.2543 0.0289 0.00 0.00 1.00 0 0 0 127 0 0 0 0 0 221219 142842.848
-19.8516 -13.2543 0.0289 0.00 0.00 1.00 0 0 0 127 0 0 0 0 0 221219 142843.049
-19.8516 -13.2543 0.0289 0.00 0.00 1.00 0 0 0 127 0 0 0 0 0 221219 142843.249
-19.8516 -13.2543 0.0289 0.00 0.00 1.00 0 0 0 127 0 0 0 0 0 221219 142843.449
-19.8516 -13.2543 0.0289 0.00 0.00 1.00 0 0 0 127 0 0 0 0 0 221219 142843.650
-19.8516 -13.2543 0.0289 0.00 0.00 1.00 0 0 0 127 0 0 0 0 0 221219 142843.850
-19.8516 -13.2543 0.0289 0.00 0.00 1.00 0 0 0 127 0 0 0 0 0 221219 142844.050
-19.8516 -13.2543 0.0289 0.00 0.00 1.00 0 0 0 127 0 0 0 0 0 221219 142844.250
-19.8516 -13.2543 0.0289 0.00 0.00 1.00 0 0 0 127 0 0 0 0 0 221219 142844.450
-19.8516 -13.2543 0.0289 0.00 0.00 1.00 0 0 0 127 0 0 0 0 0 221219 142844.650
-19.8516 -13.2543 0.0289 0.00 0.00 1.00 0 0 0 127 0 0 0 0 0 221219 142844.851
-19.8516 -13.2543 0.0289 0.00 0.00 1.00 0 0 0 127 0 0 0 0 0 221219 142845.051
-19.8516 -13.2543 0.0289 0.00 0.00 1.00 0 0 0 127 0 0 0 0 0 221219 142845.251
-19.8516 -13.2543 0.0289 0.00 0.00 1.00 0 0 0 127 0 0 0 0 0 221219 142845.451
-19.8516 -13.2543 0.0289 0.00 0.00 1.00 0 0 0 127 0 0 0 0 0 221219 142845.652
-19.8516 -13.2543 0.0289 0.00 0.00 1.00 0 0 0 127 0 0 0 0 0 221219 142845.852
-19.8516 -13.2543 0.0289 0.00 0.00 1.00 0 0 0 127 0 0 0 0 0 221219 142846.052
-19.8516 -13.2543 0.0289 0.00 0.00 1.00 0 0 0 127 0 0 0 0 0 221219 142846.253
-19.8516 -13.2543 0.0289 0.00 0.00 1.00 0 0 0 127 0 0 0 0 0 221219 142846.453
-19.8516 -13.2543 0.0289 0.00 0.00 1.00 0 0 0 127 0 0 0 0 0 221219 142846.653
-19.8516 -13.2543 0.0289 0.00 0.00 1.00 0 0 0 127 0 0 0 0 0 221219 142846.853
-19.8516 -13.2543 0.0289 0.00 0.00 1.00 0 0 0 127 0 0 0 0 0 221219 142847.054
-19.8516 -13.2543 0.0289 0.00 0.00 1.00 0 0 0 127 0 0 0 0 0 221219 142847.254
-19.8516 -13.2543 0.0289 0.00 0.00 1.00 0 0 0 127 0 0 0 0 0 221219 142847.454
-19.8516 -13.2543 0.0289 0.00 0.00 1.00 0 0 0 127 0 0 0 0 0 221219 142847.654
-19.8516 -13.2543 0.0289 0.00 0.00 1.00 0 0 0 127 0 0 0 0 0 221219 142847.855
-19.8516 -13.2543 0.0289 0.00 0.00 1.00 0 0 0 127 0 0 0 0 0 221219 142848.055
-19.8516 -13.2543 0.0289 0.00 0.00 1.00 0 0 0 127 0 0 0 0 0 221219 142848.255
-19.8516 -13.2543 0.0289 0.00 0.00 1.00 0 0 0 127 0 0 0 0 0 221219 142848.455
-19.8516 -13.2543 0.0289 0.00 0.00 1.00 0 0 0 127 0 0 0 0 0 221219 142848.656
-19.8516 -13.2543 0.0289 0.00 0.00 1.00 0 0 0 127 0 0 0 0 0 221219 142848.856
-19.8516 -13.2543 0.0289 0.00 0.00 1.00 0 0 0 127 0 0 0 0 0 221219 142849.056
-19.8516 -13.2543 0.0289 0.00 0.00 1.00 0 0 0 127 0 0 0 0 0 221219 142849.256
-19.8516 -13.2543 0.0289 0.00 0.00 1.00 0 0 0 127 0 0 0 0 0 221219 142849.457
-19.8516 -13.2543 0.0289 0.00 0.00 1.00 0 0 0 127 0 0 0 0 0 221219 142849.657
-19.8516 -13.2543 0.0289 0.00 0.00 1.00 0 0 0 127 0 0 0 0 0 221219 142849.857
-19.8516 -13.2543 0.0289 0.00 0.00 1.00 0 0 0 127 0 0 0 0 0 221219 142850.057
-19.8516 -13.2543 0.0289 0.00 0.00 1.00 0 0 0 127 0 0 0 0 0 221219 142850.258
-19.8516 -13.2543 0.0289 0.00 0.00 1.00 0 0 0 127 0 0 0 0 0 221219 142850.458
-19.8516 -13.2543 0.0289 0.00 0.00 1.00 0 0 0 127 0 0 0 0 0 221219 142850.658
-19.8516 -13.2543 0.0289 0.00 0.00 1.00 0 0 0 127 0 0 0 0 0 221219 142850.858
-19.8516 -13.2543 0.0289 0.00 0.00 1.00 0 0 0 127 0 0 0 0 0 221219 142851.059
-19.8516 -13.2543 0.0289 0.00 0.00 1.00 0 0 0 127 0 0 0 0 0 221219 142851.259
-19.8516 -13.2543 0.0289 0.00 0.00 1.00 0 0 0 127 0 0 0 0 0 221219 142851.459
-19.8516 -13.2543 0.0289 0.00 0.00 1.00 0 0 0 127 0 0 0 0 0 221219 142851.659
-19.8516 -13.2543 0.0289 0.00 0.00 1.00 0 0 0 127 0 0 0 0 0 221219 142851.860
-19.8516 -13.2543 0.0289 0.00 0.00 1.00 0 0 0 127 0 0 0 0 0 221219 142852.060
-19.8516 -13.2543 0.0289 0.00 0.00 1.00 0 0 0 127 0 0 0 0 0 221219 142852.260
-19.8516 -13.2543 0.0289 0.00 0.00 1.00 0 0 0 127 0 0 0 0 0 221219 142852.461
-19.8516 -13.2543 0.0289 0.00 0.00 1.00 0 0 0 127 0 0 0 0 0 221219 142852.661
-19.8516 -13.2543 0.0289 0.00 0.00 1.00 0 0 0 127 0 0 0 0 0 221219 142852.861
-19.8516 -13.2543 0.0289 0.00 0.00 1.00 0 0 0 127 0 0 0 0 0 221219 142853.061
-19.8516 -13.2543 0.0289 0.00 0.00 1.00 0 0 0 127 0 0 0 0 0 221219 142853.261
-19.8516 -13.2543 0.0289 0.00 0.00 1.00 0 0 0 127 0 0 0 0 0 221219 142853.462
-19.8516 -13.2543 0.0289 0.00 0.00 1.00 0 0 0 127 0 0 0 0 0 221219 142853.662
-19.8516 -13.2543 0.0289 0.00 0.00 1.00 0 0 0 127 0 0 0 0 0 221219 142853.862
-19.8516 -13.2543 0.0289 0.00 0.00 1.00 0 0 0 127 0 0 0 0 0 221219 142854.062
-19.8516 -13.2543 0.0289 0.00 0.00 1.00 0 0 0 127 0 0 0 0 0 221219 142854.263
-19.8516 -13.2543 0.0289 0.00 0.00 1.00 0 0 0 127 0 0 0 0 0 221219 142854.463
-19.8516 -13.2543 0.0289 0.00 0.00 1.00 0 0 0 127 0 0 0 0 0 221219 142854.663
-19.8516 -13.2543 0.0289 0.00 0.00 1.00 0 0 0 127 0 0 0 0 0 221219 142854.863
-19.8516 -13.2543 0.0289 0.00 0.00 1.00 0 0 0 127 0 0 0 0 0 221219 142855.064
-19.8516 -13.2543 0.0289 0.00 0.00 1.00 0 0 0 127 0 0 0 0 0 221219 142855.264
-19.8516 -13.2543 0.0289 0.00 0.00 1.00 0 0 0 127 0 0 0 0 0 221219 142855.464
-19.8516 -13.2543 0.0289 0.00 0.00 1.00 0 0 0 127 0 0 0 0 0 221219 142855.664
-19.8516 -13.2543 0.0289 0.00 0.00 1.00 0 0 0 127 0 0 0 0 0 221219 142855.865
-19.8516 -13.2543 0.0289 0.00 0.00 1.00 0 0 0 127 0 0 0 0 0 221219 142856.065
-19.8516 -13.2543 0.0289 0.00 0.00 1.00 0 0 0 127 0 0 0 0 0 221219 142856.265
-19.8516 -13.2543 0.0289 0.00 0.00 1.00 0 0 0 127 0 0 0 0 0 221219 142856.465
-19.8516 -13.2543 0.0289 0.00 0.00 1.00 0 0 0 127 0 0 0 0 0 221219 142856.666
-19.8516 -13.2543 0.0289 0.00 0.00 1.00 0 0 0 127 0 0 0 0 0 221219 142856.866
-19.8516 -13.2543 0.0289 0.00 0.00 1.00 0 0 0 127 0 0 0 0 0 221219 142857.066
-19.8516 -13.2543 0.0289 0.00 0.00 1.00 0 0 0 127 0 0 0 0 0 221219 142857.266
-19.8516 -13.2543 0.0289 0.00 0.00 1.00 0 0 0 127 0 0 0 0 0 221219 142857.467
-19.8516 -13.2543 0.0289 0.00 0.00 1.00 0 0 0 127 0 0 0 0 0 221219 142857.667
-19.8516 -13.2543 0.0289 0.00 0.00 1.00 0 0 0 127 0 0 0 0 0 221219 142857.867
-19.8516 -13.2543 0.0289 0.00 0.00 1.00 0 0 0 127 0 0 0 0 0 221219 142858.067
-19.8516 -13.2543 0.0289 0.00 0.00 1.00 0 0 0 127 0 0 0 0 0 221219 142858.268
-19.8516 -13.2543 0.0289 0.00 0.00 1.00 0 0 0 127 0 0 0 0 0 221219 142858.468
-19.8516 -13.2543 0.0289 0.00 0.00 1.00 0 0 0 127 0 0 0 0 0 221219 142858.668
-19.8516 -13.2543 0.0289 0.00 0.00 1.00 0 0 0 127 0 0 0 0 0 221219 142858.868
-19.8516 -13.2543 0.0289 0.00 0.00 1.00 0 0 0 127 0 0 0 0 0 221219 142859.069
-19.8516 -13.2543 0.0289 0.00 0.00 1.00 0 0 0 127 0 0 0 0 0 221219 142859.269
-19.8516 -13.2543 0.0289 0.00 0.00 1.00 0 0 0 127 0 0 0 0 0 221219 142859.469
-19.8516 -13.2543 0.0289 0.00 0.00 1.00 0 0 0 127 0 0 0 0 0 221219 142859.669
-19.8516 -13.2543 0.0289 0.00 0.00 1.00 0 0 0 127 0 0 0 0 0 221219 142859.869
-19.8516 -13.2543 0.0289 0.00 0.00 1.00 0 0 0 127 0 0 0 0 0 221219 142900.069
-19.8516 -13.2543 0.0289 0.00 0.00 1.00 0 0 0 127 0 0 0 0 0 221219 142900.270
-19.8516 -13.2543 0.0289 0.00 0.00 1.00 0 0 0 127 0 0 0 0 0 221219 142900.470
-19.8516 -13.2543 0.0289 0.00 0.00 1.00 0 0 0 127 0 0 0 0 0 221219 142900.670
-19.8516 -13.2543 0.0289 0.00 0.00 1.00 0 0 0 127 0 0 0 0 0 221219 142900.870
-19.8516 -13.2543 0.0289 0.00 0.00 1.00 0 0 0 127 0 0 0 0 0 221219 142901.070
-19.8516 -13.2543 0.0289 0.00 0.00 1.00 0 0 0 127 0 0 0 0 0 221219 142901.270
-19.8516 -13.2543 0.0289 0.00 0.00 1.00 0 0 0 127 0 0 0 0 0 221219 142901.471
-19.8516 -13.2543 0.0289 0.00 0.00 1.00 0 0 0 127 0 0 0 0 0 221219 142901.671
-19.8516 -13.2543 0.0289 0.00 0.00 1.00 0 0 0 127 0 0 0 0 0 221219 142901.871
-19.8516 -13.2543 0.0289 0.00 0.00 1.00 0 0 0 127 0 0 0 0 0 221219 142902.071
-19.8516 -13.2543 0.0289 0.00 0.00 1.00 0 0 0 127 0 0 0 0 0 221219 142902.271
-19.8516 -13.2543 0.0289 0.00 0.00 1.00 0 0 0 127 0 0 0 0 0 221219 142902.471
-19.8516 -13.2543 0.0289 0.00 0.00 1.00 0 0 0 127 0 0 0 0 0 221219 142902.671
-19.8516 -13.2543 0.0289 0.00 0.00 1.00 0 0 0 127 0 0 0 0 0 221219 142902.872
-19.8516 -13.2543 0.0289 0.00 0.00 1.00 0 0 0 127 0 0 0 0 0 221219 142903.072
-19.8516 -13.2543 0.0289 0.00 0.00 1.00 0 0 0 127 0 0 0 0 0 221219 142903.272
-19.8516 -13.2543 0.0289 0.00 0.00 1.00 0 0 0 127 0 0 0 0 0 221219 142903.472
-19.8516 -13.2543 0.0289 0.00 0.00 1.00 0 0 0 127 0 0 0 0 0 221219 142903.673
-19.8516 -13.2543 0.0289 0.00 0.00 1.00 0 0 0 127 0 0 0 0 0 221219 142903.873
-19.8516 -13.2543 0.0289 0.00 0.00 1.00 0 0 0 127 0 0 0 0 0 221219 142904.073
-19.8516 -13.2543 0.0289 0.00 0.00 1.00 0 0 0 127 0 0 0 0 0 221219 142904.273
-19.8516 -13.2543 0.0289 0.00 0.00 1.00 0 0 0 127 0 0 0 0 0 221219 142904.474
-19.8516 -13.2543 0.0289 0.00 0.00 1.00 0 0 0 127 0 0 0 0 0 221219 142904.674
-19.8516 -13.2543 0.0289 0.00 0.00 1.00 0 0 0 127 0 0 0 0 0 221219 142904.874
-19.8516 -13.2543 0.0289 0.00 0.00 1.00 0 0 0 127 0 0 0 0 0 221219 142905.074
-19.8516 -13.2543 0.0289 0.00 0.00 1.00 0 0 0 127 0 0 0 0 0 221219 142905.275
-19.8516 -13.2543 0.0289 0.00 0.00 1.00 0 0 0 127 0 0 0 0 0 221219 142905.475
-19.8516 -13.2543 0.0289 0.00 0.00 1.00 0 0 0 127 0 0 0 0 0 221219 142905.675
-19.8516 -13.2543 0.0289 0.00 0.00 1.00 0 0 0 127 0 0 0 0 0 221219 142905.876
-19.8516 -13.2543 0.0289 0.00 0.00 1.00 0 0 0 127 0 0 0 0 0 221219 142906.076
-19.8516 -13.2543 0.0289 0.00 0.00 1.00 0 0 0 127 0 0 0 0 0 221219 142906.276
-19.8516 -13.2543 0.0289 0.00 0.00 1.00 0 0 0 127 0 0 0 0 0 221219 142906.476
-19.8516 -13.2543 0.0289 0.00 0.00 1.00 0 0 0 127 0 0 0 0 0 221219 142906.676
-19.8516 -13.2543 0.0289 0.00 0.00 1.00 0 0 0 127 0 0 0 0 0 221219 142906.877
-19.8516 -13.2543 0.0289 0.00 0.00 1.00 0 0 0 127 0 0 0 0 0 221219 142907.077
-19.8516 -13.2543 0.0289 0.00 0.00 1.00 0 0 0 127 0 0 0 0 0 221219 142907.277
-19.8516 -13.2543 0.0289 0.00 0.00 1.00 0 0 0 127 0 0 0 0 0 221219 142907.477
-19.8516 -13.2543 0.0289 0.00 0.00 1.00 0 0 0 127 0 0 0 0 0 221219 142907.677
-19.8516 -13.2543 0.0289 0.00 0.00 1.00 0 0 0 127 0 0 0 0 0 221219 142907.878
-19.8516 -13.2543 0.0289 0.00 0.00 1.00 0 0 0 127 0 0 0 0 0 221219 142908.078
-19.8516 -13.2543 0.0289 0.00 0.00 1.00 0 0 0 127 0 0 0 0 0 221219 142908.278
-19.8516 -13.2543 0.0289 0.00 0.00 1.00 0 0 0 127 0 0 0 0 0 221219 142908.478
-19.8516 -13.2543 0.0289 0.00 0.00 1.00 0 0 0 127 0 0 0 0 0 221219 142908.679
-19.8516 -13.2543 0.0289 0.00 0.00 1.00 0 0 0 127 0 0 0 0 0 221219 142908.879
-19.8516 -13.2543 0.0289 0.00 0.00 1.00 0 0 0 127 0 0 0 0 0 221219 142909.079
-19.8516 -13.2543 0.0289 0.00 0.00 1.00 0 0 0 127 0 0 0 0 0 221219 142909.279
-19.8516 -13.2543 0.0289 0.00 0.00 1.00 0 0 0 127 0 0 0 0 0 221219 142909.479
-19.8516 -13.2543 0.0289 0.00 0.00 1.00 0 0 0 127 0 0 0 0 0 221219 142909.680
-19.8516 -13.2543 0.0289 0.00 0.00 1.00 0 0 0 127 0 0 0 0 0 221219 142909.880
-19.8516 -13.2543 0.0289 0.00 0.00 1.00 0 0 0 127 0 0 0 0 0 221219 142910.080
-19.8516 -13.2543 0.0289 0.00 0.00 1.00 0 0 0 127 0 0 0 0 0 221219 142910.280
-19.8516 -13.2543 0.0289 0.00 0.00 1.00 0 0 0 127 0 0 0 0 0 221219 142910.480
-19.8516 -13.2543 0.0289 0.00 0.00 1.00 0 0 0 127 0 0 0 0 0 221219 142910.681
-19.8516 -13.2543 0.0289 0.00 0.00 1.00 0 0 0 127 0 0 0 0 0 221219 142910.881
-19.8516 -13.2543 0.0289 0.00 0.00 1.00 0 0 0 127 0 0 0 0 0 221219 142911.081
-19.8516 -13.2543 0.0289 0.00 0.00 1.00 0 0 0 127 0 0 0 0 0 221219 142911.281
-19.8516 -13.2543 0.0289 0.00 0.00 1.00 0 0 0 127 0 0 0 0 0 221219 142911.481
-19.8516 -13.2543 0.0289 0.00 0.00 1.00 0 0 0 127 0 0 0 0 0 221219 142911.682
-19.8516 -13.2543 0.0289 0.00 0.00 1.00 0 0 0 127 0 0 0 0 0 221219 142911.882
-19.8516 -13.2543 0.0289 0.00 0.00 1.00 0 0 0 127 0 0 0 0 0 221219 142912.082
-19.8516 -13.2543 0.0289 0.00 0.00 1.00 0 0 0 127 0 0 0 0 0 221219 142912.282
-19.8516 -13.2543 0.0289 0.00 0.00 1.00 0 0 0 127 0 0 0 0 0 221219 142912.482
-19.8516 -13.2543 0.0289 0.00 0.00 1.00 0 0 0 127 0 0 0 0 0 221219 142912.683
-19.8516 -13.2543 0.0289 0.00 0.00 1.00 0 0 0 127 0 0 0 0 0 221219 142912.883
-19.8516 -13.2543 0.0289 0.00 0.00 1.00 0 0 0 127 0 0 0 0 0 221219 142913.083
-19.8516 -13.2543 0.0289 0.00 0.00 1.00 0 0 0 127 0 0 0 0 0 221219 142913.283
-19.8516 -13.2543 0.0289 0.00 0.00 1.00 0 0 0 127 0 0 0 0 0 221219 142913.484
-19.8516 -13.2543 0.0289 0.00 0.00 1.00 0 0 0 127 0 0 0 0 0 221219 142913.684
-19.8516 -13.2543 0.0289 0.00 0.00 1.00 0 0 0 127 0 0 0 0 0 221219 142913.884
-19.8516 -13.2543 0.0289 0.00 0.00 1.00 0 0 0 127 0 0 0 0 0 221219 142914.085
-19.8516 -13.2543 0.0289 0.00 0.00 1.00 0 0 0 127 0 0 0 0 0 221219 142914.285
-19.8516 -13.2543 0.0289 0.00 0.00 1.00 0 0 0 127 0 0 0 0 0 221219 142914.485
-19.8516 -13.2543 0.0289 0.00 0.00 1.00 0 0 0 127 0 0 0 0 0 221219 142914.685
-19.8516 -13.2543 0.0289 0.00 0.00 1.00 0 0 0 127 0 0 0 0 0 221219 142914.885
-19.8516 -13.2543 0.0289 0.00 0.00 1.00 0 0 0 127 0 0 0 0 0 221219 142915.086
-19.8516 -13.2543 0.0289 0.00 0.00 1.00 0 0 0 127 0 0 0 0 0 221219 142915.286
-19.8516 -13.2543 0.0289 0.00 0.00 1.00 0 0 0 127 0 0 0 0 0 221219 142915.486
-19.8516 -13.2543 0.0289 0.00 0.00 1.00 0 0 0 127 0 0 0 0 0 221219 142915.686
-19.8516 -13.2543 0.0289 0.00 0.00 1.00 0 0 0 127 0 0 0 0 0 221219 142915.887
-19.8516 -13.2543 0.0289 0.00 0.00 1.00 0 0 0 127 0 0 0 0 0 221219 142916.087
-19.8516 -13.2543 0.0289 0.00 0.00 1.00 0 0 0 127 0 0 0 0 0 221219 142916.287
-19.8516 -13.2543 0.0289 0.00 0.00 1.00 0 0 0 127 0 0 0 0 0 221219 142916.488
-19.8516 -13.2543 0.0289 0.00 0.00 1.00 0 0 0 127 0 0 0 0 0 221219 142916.688
-19.8516 -13.2543 0.0289 0.00 0.00 1.00 0 0 0 127 0 0 0 0 0 221219 142916.888
-19.8516 -13.2543 0.0289 0.00 0.00 1.00 0 0 0 127 0 0 0 0 0 221219 142917.088
-19.8516 -13.2543 0.0289 0.00 0.00 1.00 0 0 0 127 0 0 0 0 0 221219 142917.289
-19.8516 -13.2543 0.0289 0.00 0.00 1.00 0 0 0 127 0 0 0 0 0 221219 142917.489
-19.8516 -13.2543 0.0289 0.00 0.00 1.00 0 0 0 127 0 0 0 0 0 221219 142917.689
-19.8516 -13.2543 0.0289 0.00 0.00 1.00 0 0 0 127 0 0 0 0 0 221219 142917.889
-19.8516 -13.2543 0.0289 0.00 0.00 1.00 0 0 0 127 0 0 0 0 0 221219 142918.089
-19.8516 -13.2543 0.0289 0.00 0.00 1.00 0 0 0 127 0 0 0 0 0 221219 142918.290
-19.8516 -13.2543 0.0289 0.00 0.00 1.00 0 0 0 127 0 0 0 0 0 221219 142918.490
-19.8516 -13.2543 0.0289 0.00 0.00 1.00 0 0 0 127 0 0 0 0 0 221219 142918.690
-19.8516 -13.2543 0.0289 0.00 0.00 1.00 0 0 0 127 0 0 0 0 0 221219 142918.890
-19.8516 -13.2543 0.0289 0.00 0.00 1.00 0 0 0 127 0 0 0 0 0 221219 142919.090
-19.8516 -13.2543 0.0289 0.00 0.00 1.00 0 0 0 127 0 0 0 0 0 221219 142919.290
-19.8516 -13.2543 0.0289 0.00 0.00 1.00 0 0 0 127 0 0 0 0 0 221219 142919.491
-19.8516 -13.2543 0.0289 0.00 0.00 1.00 0 0 0 127 0 0 0 0 0 221219 142919.691
-19.8516 -13.2543 0.0289 0.00 0.00 1.00 0 0 0 127 0 0 0 0 0 221219 142919.891
-19.8516 -13.2543 0.0289 0.00 0.00 1.00 0 0 0 127 0 0 0 0 0 221219 142920.091
-19.8516 -13.2543 0.0289 0.00 0.00 1.00 0 0 0 127 0 0 0 0 0 221219 142920.291
-19.8516 -13.2543 0.0289 0.00 0.00 1.00 0 0 0 127 0 0 0 0 0 221219 142920.491
-19.8516 -13.2543 0.0289 0.00 0.00 1.00 0 0 0 127 0 0 0 0 0 221219 142920.692
-19.8516 -13.2543 0.0289 0.00 0.00 1.00 0 0 0 127 0 0 0 0 0 221219 142920.892
-19.8516 -13.2543 0.0289 0.00 0.00 1.00 0 0 0 127 0 0 0 0 0 221219 142921.092
-19.8516 -13.2543 0.0289 0.00 0.00 1.00 0 0 0 127 0 0 0 0 0 221219 142921.292
-19.8516 -13.2543 0.0289 0.00 0.00 1.00 0 0 0 127 0 0 0 0 0 221219 142921.493
-19.8516 -13.2543 0.0289 0.00 0.00 1.00 0 0 0 127 0 0 0 0 0 221219 142921.693
-19.8516 -13.2543 0.0289 0.00 0.00 1.00 0 0 0 127 0 0 0 0 0 221219 142921.893
-19.8516 -13.2543 0.0289 0.00 0.00 1.00 0 0 0 127 0 0 0 0 0 221219 142922.093
-19.8516 -13.2543 0.0289 0.00 0.00 1.00 0 0 0 127 0 0 0 0 0 221219 142922.293
-19.8516 -13.2543 0.0289 0.00 0.00 1.00 0 0 0 127 0 0 0 0 0 221219 142922.493
-19.8516 -13.2543 0.0289 0.00 0.00 1.00 0 0 0 127 0 0 0 0 0 221219 142922.693
-19.8516 -13.2543 0.0289 0.00 0.00 1.00 0 0 0 127 0 0 0 0 0 221219 142922.893
-19.8516 -13.2543 0.0289 0.00 0.00 1.00 0 0 0 127 0 0 0 0 0 221219 142923.094
-19.8516 -13.2543 0.0289 0.00 0.00 1.00 0 0 0 127 0 0 0 0 0 221219 142923.294
-19.8516 -13.2543 0.0289 0.00 0.00 1.00 0 0 0 127 0 0 0 0 0 221219 142923.494
-19.8516 -13.2543 0.0289 0.00 0.00 1.00 0 0 0 127 0 0 0 0 0 221219 142923.694
-19.8516 -13.2543 0.0289 0.00 0.00 1.00 0 0 0 127 0 0 0 0 0 221219 142923.894
-19.8516 -13.2543 0.0289 0.00 0.00 1.00 0 0 0 127 0 0 0 0 0 221219 142924.094
-19.8516 -13.2543 0.0289 0.00 0.00 1.00 0 0 0 127 0 0 0 0 0 221219 142924.294
-19.8516 -13.2543 0.0289 0.00 0.00 1.00 0 0 0 127 0 0 0 0 0 221219 142924.495
-19.8516 -13.2543 0.0289 0.00 0.00 1.00 0 0 0 127 0 0 0 0 0 221219 142924.695
-19.8516 -13.2543 0.0289 0.00 0.00 1.00 0 0 0 127 0 0 0 0 0 221219 142924.895
-19.8516 -13.2543 0.0289 0.00 0.00 1.00 0 0 0 127 0 0 0 0 0 221219 142925.095
-19.8516 -13.2543 0.0289 0.00 0.00 1.00 0 0 0 127 0 0 0 0 0 221219 142925.296
-19.8516 -13.2543 0.0289 0.00 0.00 1.00 0 0 0 127 0 0 0 0 0 221219 142925.496
-19.8516 -13.2543 0.0289 0.00 0.00 1.00 0 0 0 127 0 0 0 0 0 221219 142925.696
-19.8516 -13.2543 0.0289 0.00 0.00 1.00 0 0 0 127 0 0 0 0 0 221219 142925.896
-19.8516 -13.2543 0.0289 0.00 0.00 1.00 0 0 0 127 0 0 0 0 0 221219 142926.096
-19.8516 -13.2543 0.0289 0.00 0.00 1.00 0 0 0 127 0 0 0 0 0 221219 142926.296
-19.8516 -13.2543 0.0289 0.00 0.00 1.00 0 0 0 127 0 0 0 0 0 221219 142926.497
-19.8516 -13.2543 0.0289 0.00 0.00 1.00 0 0 0 127 0 0 0 0 0 221219 142926.697
-19.8516 -13.2543 0.0289 0.00 0.00 1.00 0 0 0 127 0 0 0 0 0 221219 142926.897
-19.8516 -13.2543 0.0289 0.00 0.00 1.00 0 0 0 127 0 0 0 0 0 221219 142927.097
-19.8516 -13.2543 0.0289 0.00 0.00 1.00 0 0 0 127 0 0 0 0 0 221219 142927.297
-19.8516 -13.2543 0.0289 0.00 0.00 1.00 0 0 0 127 0 0 0 0 0 221219 142927.498
-19.8516 -13.2543 0.0289 0.00 0.00 1.00 0 0 0 127 0 0 0 0 0 221219 142927.698
-19.8516 -13.2543 0.0289 0.00 0.00 1.00 0 0 0 127 0 0 0 0 0 221219 142927.898
-19.8516 -13.2543 0.0289 0.00 0.00 1.00 0 0 0 127 0 0 0 0 0 221219 142928.098
-19.8516 -13.2543 0.0289 0.00 0.00 1.00 0 0 0 127 0 0 0 0 0 221219 142928.298
-19.8516 -13.2543 0.0289 0.00 0.00 1.00 0 0 0 127 0 0 0 0 0 221219 142928.498
-19.8516 -13.2543 0.0289 0.00 0.00 1.00 0 0 0 127 0 0 0 0 0 221219 142928.699
-19.8516 -13.2543 0.0289 0.00 0.00 1.00 0 0 0 127 0 0 0 0 0 221219 142928.899
-19.8516 -13.2543 0.0289 0.00 0.00 1.00 0 0 0 127 0 0 0 0 0 221219 142929.099
-19.8516 -13.2543 0.0289 0.00 0.00 1.00 0 0 0 127 0 0 0 0 0 221219 142929.299
-19.8516 -13.2543 0.0289 0.00 0.00 1.00 0 0 0 127 0 0 0 0 0 221219 142929.499
-19.8516 -13.2543 0.0289 0.00 0.00 1.00 0 0 0 127 0 0 0 0 0 221219 142929.699
-19.8516 -13.2543 0.0289 0.00 0.00 1.00 0 0 0 127 0 0 0 0 0 221219 142929.900
-19.8516 -13.2543 0.0289 0.00 0.00 1.00 0 0 0 127 0 0 0 0 0 221219 142930.100
-19.8516 -13.2543 0.0289 0.00 0.00 1.00 0 0 0 127 0 0 0 0 0 221219 142930.300
-19.8516 -13.2543 0.0289 0.00 0.00 1.00 0 0 0 127 0 0 0 0 0 221219 142930.500
-19.8516 -13.2543 0.0289 0.00 0.00 1.00 0 0 0 127 0 0 0 0 0 221219 142930.700
-19.8516 -13.2543 0.0289 0.00 0.00 1.00 0 0 0 127 0 0 0 0 0 221219 142930.900
-19.8516 -13.2543 0.0289 0.00 0.00 1.00 0 0 0 127 0 0 0 0 0 221219 142931.101
-19.8516 -13.2543 0.0289 0.00 0.00 1.00 0 0 0 127 0 0 0 0 0 221219 142931.301
-19.8516 -13.2543 0.0289 0.00 0.00 1.00 0 0 0 127 0 0 0 0 0 221219 142931.501
-19.8516 -13.2543 0.0289 0.00 0.00 1.00 0 0 0 127 0 0 0 0 0 221219 142931.701
-19.8516 -13.2543 0.0289 0.00 0.00 1.00 0 0 0 127 0 0 0 0 0 221219 142931.902
-19.8516 -13.2543 0.0289 0.00 0.00 1.00 0 0 0 127 0 0 0 0 0 221219 142932.102
-19.8516 -13.2543 0.0289 0.00 0.00 1.00 0 0 0 127 0 0 0 0 0 221219 142932.302
-19.8516 -13.2543 0.0289 0.00 0.00 1.00 0 0 0 127 0 0 0 0 0 221219 142932.502
-19.8516 -13.2543 0.0289 0.00 0.00 1.00 0 0 0 127 0 0 0 0 0 221219 142932.702
-19.8516 -13.2543 0.0289 0.00 0.00 1.00 0 0 0 127 0 0 0 0 0 221219 142932.903
-19.8516 -13.2543 0.0289 0.00 0.00 1.00 0 0 0 127 0 0 0 0 0 221219 142933.103
-19.8516 -13.2543 0.0289 0.00 0.00 1.00 0 0 0 127 0 0 0 0 0 221219 142933.303
-19.8516 -13.2543 0.0289 0.00 0.00 1.00 0 0 0 127 0 0 0 0 0 221219 142933.503
-19.8516 -13.2543 0.0289 0.00 0.00 1.00 0 0 0 127 0 0 0 0 0 221219 142933.703
-19.8516 -13.2543 0.0289 0.00 0.00 1.00 0 0 0 127 0 0 0 0 0 221219 142933.903
-19.8516 -13.2543 0.0289 0.00 0.00 1.00 0 0 0 127 0 0 0 0 0 221219 142934.103
-19.8516 -13.2543 0.0289 0.00 0.00 1.00 0 0 0 127 0 0 0 0 0 221219 142934.303
-19.8516 -13.2543 0.0289 0.00 0.00 1.00 0 0 0 127 0 0 0 0 0 221219 142934.504
-19.8516 -13.2543 0.0289 0.00 0.00 1.00 0 0 0 127 0 0 0 0 0 221219 142934.704
-19.8516 -13.2543 0.0289 0.00 0.00 1.00 0 0 0 127 0 0 0 0 0 221219 142934.904
-19.8516 -13.2543 0.0289 0.00 0.00 1.00 0 0 0 127 0 0 0 0 0 221219 142935.104
-19.8516 -13.2543 0.0289 0.00 0.00 1.00 0 0 0 127 0 0 0 0 0 221219 142935.304
-19.8516 -13.2543 0.0289 0.00 0.00 1.00 0 0 0 127 0 0 0 0 0 221219 142935.504
-19.8516 -13.2543 0.0289 0.00 0.00 1.00 0 0 0 127 0 0 0 0 0 221219 142935.704
-19.8516 -13.2543 0.0289 0.00 0.00 1.00 0 0 0 127 0 0 0 0 0 221219 142935.904
-19.8516 -13.2543 0.0289 0.00 0.00 1.00 0 0 0 127 0 0 0 0 0 221219 142936.105
-19.8516 -13.2543 0.0289 0.00 0.00 1.00 0 0 0 127 0 0 0 0 0 221219 142936.305
-19.8516 -13.2543 0.0289 0.00 0.00 1.00 0 0 0 127 0 0 0 0 0 221219 142936.505
-19.8516 -13.2543 0.0289 0.00 0.00 1.00 0 0 0 127 0 0 0 0 0 221219 142936.705
-19.8516 -13.2543 0.0289 0.00 0.00 1.00 0 0 0 127 0 0 0 0 0 221219 142936.905
-19.8516 -13.2543 0.0289 0.00 0.00 1.00 0 0 0 127 0 0 0 0 0 221219 142937.105
-19.8516 -13.2543 0.0289 0.00 0.00 1.00 0 0 0 127 0 0 0 0 0 221219 142937.305
-19.8516 -13.2543 0.0289 0.00 0.00 1.00 0 0 0 127 0 0 0 0 0 221219 142937.506
-19.8516 -13.2543 0.0289 0.00 0.00 1.00 0 0 0 127 0 0 0 0 0 221219 142937.706
-19.8516 -13.2543 0.0289 0.00 0.00 1.00 0 0 0 127 0 0 0 0 0 221219 142937.906
-19.8516 -13.2543 0.0289 0.00 0.00 1.00 0 0 0 127 0 0 0 0 0 221219 142938.106
-19.8516 -13.2543 0.0289 0.00 0.00 1.00 0 0 0 127 0 0 0 0 0 221219 142938.306
-19.8516 -13.2543 0.0289 0.00 0.00 1.00 0 0 0 127 0 0 0 0 0 221219 142938.506
-19.8516 -13.2543 0.0289 0.00 0.00 1.00 0 0 0 127 0 0 0 0 0 221219 142938.706
-19.8516 -13.2543 0.0289 0.00 0.00 1.00 0 0 0 127 0 0 0 0 0 221219 142938.907
-19.8516 -13.2543 0.0289 0.00 0.00 1.00 0 0 0 127 0 0 0 0 0 221219 142939.107
-19.8516 -13.2543 0.0289 0.00 0.00 1.00 0 0 0 127 0 0 0 0 0 221219 142939.307
-19.8516 -13.2543 0.0289 0.00 0.00 1.00 0 0 0 127 0 0 0 0 0 221219 142939.507
-19.8516 -13.2543 0.0289 0.00 0.00 1.00 0 0 0 127 0 0 0 0 0 221219 142939.708
-19.8516 -13.2543 0.0289 0.00 0.00 1.00 0 0 0 127 0 0 0 0 0 221219 142939.908
-19.8516 -13.2543 0.0289 0.00 0.00 1.00 0 0 0 127 0 0 0 0 0 221219 142940.108
-19.8516 -13.2543 0.0289 0.00 0.00 1.00 0 0 0 127 0 0 0 0 0 221219 142940.309
-19.8516 -13.2543 0.0289 0.00 0.00 1.00 0 0 0 127 0 0 0 0 0 221219 142940.509
-19.8516 -13.2543 0.0289 0.00 0.00 1.00 0 0 0 127 0