-1.5035 0.0483 0.0000 0.00 0.00 1.00 0 160 15 112 1 0 0 0 0 120120 152837.739
-1.5046 0.0479 0.0000 0.00 0.00 1.00 0 160 15 112 1 0 0 0 0 120120 152837.790
-1.5046 0.0478 0.0000 0.00 0.00 1.00 0 160 15 112 1 0 0 0 0 120120 152837.840
-1.5045 0.0476 0.0000 0.00 0.00 1.00 0 160 15 112 1 0 0 0 0 120120 152837.890
-1.5063 0.0483 0.0000 0.00 0.00 1.00 0 160 15 112 1 0 0 0 0 120120 152837.940
-1.5066 0.0483 0.0000 0.00 0.00 1.00 0 160 15 112 1 0 0 0 0 120120 152837.991
-1.5069 0.0483 0.0000 0.00 0.00 1.00 0 160 15 112 1 0 0 0 0 120120 152838.041
-1.5125 0.0465 0.0000 0.00 0.00 1.00 0 160 15 112 1 0 0 0 0 120120 152838.091
-1.5136 0.0463 0.0000 0.00 0.00 1.00 0 160 15 112 1 0 0 0 0 120120 152838.141
-1.5147 0.0460 0.0000 0.00 0.00 1.00 0 160 15 112 1 0 0 0 0 120120 152838.192
-1.5315 0.0450 0.0000 0.00 0.00 1.00 0 160 15 112 1 0 0 0 0 120120 152838.242
-1.5351 0.0446 0.0000 0.00 0.00 1.00 0 160 15 112 1 0 0 0 0 120120 152838.292
-1.5387 0.0442 0.0000 0.00 0.00 1.00 0 160 15 112 1 0 0 0 0 120120 152838.343
-1.5658 0.0431 0.0000 0.00 0.00 1.00 0 160 15 112 1 0 0 0 0 120120 152838.393
-1.5752 0.0425 0.0000 0.00 0.00 1.00 0 160 15 112 1 0 0 0 0 120120 152838.443
-1.5961 0.0414 0.0000 0.00 0.00 1.00 0 160 15 112 1 0 0 0 0 120120 152838.493
-1.6055 0.0408 0.0000 0.00 0.00 1.00 0 160 15 112 1 0 0 0 0 120120 152838.544
-1.6149 0.0402 0.0000 0.00 0.00 1.00 0 160 15 112 1 0 0 0 0 120120 152838.594
-1.6350 0.0429 0.0000 0.00 0.00 1.00 0 160 15 112 1 0 0 0 0 120120 152838.644
-1.6462 0.0428 0.0000 0.00 0.00 1.00 0 160 15 112 1 0 0 0 0 120120 152838.694
-1.6572 0.0428 0.0000 0.00 0.00 1.00 0 160 15 112 1 0 0 0 0 120120 152838.745
-1.6678 0.0381 0.0000 0.00 0.00 1.00 0 160 15 112 1 0 0 0 0 120120 152838.795
-1.6789 0.0373 0.0000 0.00 0.00 1.00 0 160 15 112 1 0 0 0 0 120120 152838.845
-1.6899 0.0365 0.0000 0.00 0.00 1.00 0 160 15 112 1 0 0 0 0 120120 152838.895
-1.6926 0.0365 0.0000 0.00 0.00 1.00 0 160 15 112 1 0 0 0 0 120120 152838.946
-1.7025 0.0358 0.0000 0.00 0.00 1.00 0 160 15 112 1 0 0 0 0 120120 152838.996
-1.7005 0.0398 0.0000 0.00 0.00 1.00 0 160 15 112 1 0 0 0 0 120120 152839.046
-1.7082 0.0399 0.0000 0.00 0.00 1.00 0 160 15 112 1 0 0 0 0 120120 152839.096
-1.7160 0.0401 0.0000 0.00 0.00 1.00 0 160 15 112 1 0 0 0 0 120120 152839.147
-1.7175 0.0379 0.0000 0.00 0.00 1.00 0 160 15 112 1 0 0 0 0 120120 152839.197
-1.7242 0.0377 0.0000 0.00 0.00 1.00 0 160 15 112 1 0 0 0 0 120120 152839.247
-1.7309 0.0375 0.0000 0.00 0.00 1.00 0 160 15 112 1 0 0 0 0 120120 152839.297
-1.7358 0.0351 0.0000 0.00 0.00 1.00 0 160 15 112 1 0 0 0 0 120120 152839.347
-1.7422 0.0345 0.0000 0.00 0.00 1.00 0 160 15 112 1 0 0 0 0 120120 152839.398
-1.7487 0.0340 0.0000 0.00 0.00 1.00 0 160 15 112 1 0 0 0 0 120120 152839.448
-1.7588 0.0326 0.0000 0.00 0.00 1.00 0 160 15 112 1 0 0 0 0 120120 152839.498
-1.7667 0.0319 0.0000 0.00 0.00 1.00 0 160 15 112 1 0 0 0 0 120120 152839.548
-1.7724 0.0313 0.0000 0.00 0.00 1.00 0 160 15 112 1 0 0 0 0 120120 152839.598
-1.7816 0.0289 0.0000 0.00 0.00 1.00 0 160 15 112 1 0 0 0 0 120120 152839.649
-1.7888 0.0279 0.0000 0.00 0.00 1.00 0 160 15 112 1 0 0 0 0 120120 152839.699
-1.7938 0.0273 0.0000 0.00 0.00 1.00 0 160 15 112 1 0 0 0 0 120120 152839.749
-1.8039 0.0267 0.0000 0.00 0.00 1.00 0 160 15 112 1 0 0 0 0 120120 152839.799
-1.8113 0.0258 0.0000 0.00 0.00 1.00 0 160 15 112 1 0 0 0 0 120120 152839.850
-1.8164 0.0252 0.0000 0.00 0.00 1.00 0 160 15 112 1 0 0 0 0 120120 152839.900
-1.8260 0.0288 0.0000 0.00 0.00 1.00 0 160 15 112 1 0 0 0 0 120120 152839.950
-1.8333 0.0286 0.0000 0.00 0.00 1.00 0 160 15 112 1 0 0 0 0 120120 152840.000
-1.8460 0.0274 0.0000 0.00 0.00 1.00 0 160 15 112 1 0 0 0 0 120120 152840.050
-1.8541 0.0270 0.0000 0.00 0.00 1.00 0 160 15 112 1 0 0 0 0 120120 152840.101
-1.8624 0.0267 0.0000 0.00 0.00 1.00 0 160 15 112 1 0 0 0 0 120120 152840.151
-1.8730 0.0244 0.0000 0.00 0.00 1.00 0 160 15 112 1 0 0 0 0 120120 152840.201
-1.8818 0.0237 0.0000 0.00 0.00 1.00 0 160 15 112 1 0 0 0 0 120120 152840.251
-1.8903 0.0231 0.0000 0.00 0.00 1.00 0 160 15 112 1 0 0 0 0 120120 152840.302
-1.8966 0.0224 0.0000 0.00 0.00 1.00 0 160 15 112 1 0 0 0 0 120120 152840.352
-1.9048 0.0218 0.0000 0.00 0.00 1.00 0 160 15 112 1 0 0 0 0 120120 152840.402
-1.9122 0.0212 0.0000 0.00 0.00 1.00 0 160 15 112 1 0 0 0 0 120120 152840.453
-1.9201 0.0218 0.0000 0.00 0.00 1.00 0 160 15 112 1 0 0 0 0 120120 152840.503
-1.9282 0.0213 0.0000 0.00 0.00 1.00 0 160 15 112 1 0 0 0 0 120120 152840.553
-1.9324 0.0194 0.0000 0.00 0.00 1.00 0 160 15 112 1 0 0 0 0 120120 152840.603
-1.9400 0.0186 0.0000 0.00 0.00 1.00 0 160 15 112 1 0 0 0 0 120120 152840.654
-1.9475 0.0179 0.0000 0.00 0.00 1.00 0 160 15 112 1 0 0 0 0 120120 152840.704
-1.9528 0.0222 0.0000 0.00 0.00 1.00 0 160 15 112 1 0 0 0 0 120120 152840.754
-1.9593 0.0223 0.0000 0.00 0.00 1.00 0 160 15 112 1 0 0 0 0 120120 152840.804
-1.9674 0.0224 0.0000 0.00 0.00 1.00 0 160 15 112 1 0 0 0 0 120120 152840.855
-1.9711 0.0247 0.0000 0.00 0.00 1.00 0 160 15 112 1 0 0 0 0 120120 152840.905
-1.9776 0.0251 0.0000 0.00 0.00 1.00 0 160 15 112 1 0 0 0 0 120120 152840.955
-1.9841 0.0256 0.0000 0.00 0.00 1.00 0 160 15 112 1 0 0 0 0 120120 152841.005
-1.9917 0.0213 0.0000 0.00 0.00 1.00 0 160 15 112 1 0 0 0 0 120120 152841.055
-1.9983 0.0210 0.0000 0.00 0.00 1.00 0 160 15 112 1 0 0 0 0 120120 152841.106
-2.0030 0.0208 0.0000 0.00 0.00 1.00 0 160 15 112 1 0 0 0 0 120120 152841.156
-2.0125 0.0171 0.0000 0.00 0.00 1.00 0 160 15 112 1 0 0 0 0 120120 152841.206
-2.0195 0.0164 0.0000 0.00 0.00 1.00 0 160 15 112 1 0 0 0 0 120120 152841.256
-2.0280 0.0168 0.0000 0.00 0.00 1.00 0 160 15 112 1 0 0 0 0 120120 152841.306
-2.0350 0.0162 0.0000 0.00 0.00 1.00 0 160 15 112 1 0 0 0 0 120120 152841.357
-2.0422 0.0156 0.0000 0.00 0.00 1.00 0 160 15 112 1 0 0 0 0 120120 152841.407
-2.0538 0.0200 0.0000 0.00 0.00 1.00 0 160 15 112 1 0 0 0 0 120120 152841.457
-2.0617 0.0202 0.0000 0.00 0.00 1.00 0 160 15 112 1 0 0 0 0 120120 152841.507
-2.0695 0.0204 0.0000 0.00 0.00 1.00 0 160 15 112 1 0 0 0 0 120120 152841.558
-2.0841 0.0210 0.0000 0.00 0.00 1.00 0 160 15 112 1 0 0 0 0 120120 152841.608
-2.0921 0.0213 0.0000 0.00 0.00 1.00 0 160 15 112 1 0 0 0 0 120120 152841.658
-2.1011 0.0216 0.0000 0.00 0.00 1.00 0 160 15 112 1 0 0 0 0 120120 152841.709
-2.1069 0.0227 0.0000 0.00 0.00 1.00 0 160 15 112 1 0 0 0 0 120120 152841.759
-2.1153 0.0231 0.0000 0.00 0.00 1.00 0 160 15 112 1 0 0 0 0 120120 152841.809
-2.1218 0.0235 0.0000 0.00 0.00 1.00 0 160 15 112 1 0 0 0 0 120120 152841.859
-2.1311 0.0235 0.0000 0.00 0.00 1.00 0 160 15 112 1 0 0 0 0 120120 152841.910
-2.1393 0.0238 0.0000 0.00 0.00 1.00 0 160 15 112 1 0 0 0 0 120120 152841.960
-2.1438 0.0236 0.0000 0.00 0.00 1.00 0 160 15 112 1 0 0 0 0 120120 152842.010
-2.1515 0.0238 0.0000 0.00 0.00 1.00 0 160 15 112 1 0 0 0 0 120120 152842.060
-2.1583 0.0240 0.0000 0.00 0.00 1.00 0 160 15 112 1 0 0 0 0 120120 152842.111
-2.1683 0.0209 0.0000 0.00 0.00 1.00 0 160 15 112 1 0 0 0 0 120120 152842.161
-2.1754 0.0207 0.0000 0.00 0.00 1.00 0 160 15 112 1 0 0 0 0 120120 152842.211
-2.1833 0.0204 0.0000 0.00 0.00 1.00 0 160 15 112 1 0 0 0 0 120120 152842.261
-2.1947 0.0204 0.0000 0.00 0.00 1.00 0 160 15 112 1 0 0 0 0 120120 152842.312
-2.2041 0.0201 0.0000 0.00 0.00 1.00 0 160 15 112 1 0 0 0 0 120120 152842.362
-2.2124 0.0199 0.0000 0.00 0.00 1.00 0 160 15 112 1 0 0 0 0 120120 152842.412
-2.2191 0.0220 0.0000 0.00 0.00 1.00 0 160 15 112 1 0 0 0 0 120120 152842.462
-2.2273 0.0221 0.0000 0.00 0.00 1.00 0 160 15 112 1 0 0 0 0 120120 152842.513
-2.2347 0.0221 0.0000 0.00 0.00 1.00 0 160 15 112 1 0 0 0 0 120120 152842.563
-2.2404 0.0232 0.0000 0.00 0.00 1.00 0 160 15 112 1 0 0 0 0 120120 152842.613
-2.2480 0.0234 0.0000 0.00 0.00 1.00 0 160 15 112 1 0 0 0 0 120120 152842.663
-2.2501 0.0237 0.0000 0.00 0.00 1.00 0 160 15 112 1 0 0 0 0 120120 152842.713
-2.2570 0.0240 0.0000 0.00 0.00 1.00 0 160 15 112 1 0 0 0 0 120120 152842.764
-2.2644 0.0242 0.0000 0.00 0.00 1.00 0 160 15 112 1 0 0 0 0 120120 152842.814
-2.2720 0.0261 0.0000 0.00 0.00 1.00 0 160 15 112 1 0 0 0 0 120120 152842.864
-2.2791 0.0266 0.0000 0.00 0.00 1.00 0 160 15 112 1 0 0 0 0 120120 152842.914
-2.2860 0.0270 0.0000 0.00 0.00 1.00 0 160 15 112 1 0 0 0 0 120120 152842.964
-2.2917 0.0259 0.0000 0.00 0.00 1.00 0 160 15 112 1 0 0 0 0 120120 152843.015
-2.2985 0.0261 0.0000 0.00 0.00 1.00 0 160 15 112 1 0 0 0 0 120120 152843.065
-2.3053 0.0264 0.0000 0.00 0.00 1.00 0 160 15 112 1 0 0 0 0 120120 152843.115
-2.3125 0.0242 0.0000 0.00 0.00 1.00 0 160 15 112 1 0 0 0 0 120120 152843.165
-2.3196 0.0240 0.0000 0.00 0.00 1.00 0 160 15 112 1 0 0 0 0 120120 152843.216
-2.3256 0.0239 0.0000 0.00 0.00 1.00 0 160 15 112 1 0 0 0 0 120120 152843.266
-2.3361 0.0277 0.0000 0.00 0.00 1.00 0 160 15 112 1 0 0 0 0 120120 152843.316
-2.3434 0.0282 0.0000 0.00 0.00 1.00 0 160 15 112 1 0 0 0 0 120120 152843.366
-2.3485 0.0285 0.0000 0.00 0.00 1.00 0 160 15 112 1 0 0 0 0 120120 152843.416
-2.3612 0.0297 0.0000 0.00 0.00 1.00 0 160 15 112 1 0 0 0 0 120120 152843.467
-2.3691 0.0302 0.0000 0.00 0.00 1.00 0 160 15 112 1 0 0 0 0 120120 152843.517
-2.3771 0.0327 0.0000 0.00 0.00 1.00 0 160 15 112 1 0 0 0 0 120120 152843.567
-2.3850 0.0335 0.0000 0.00 0.00 1.00 0 160 15 112 1 0 0 0 0 120120 152843.617
-2.3929 0.0344 0.0000 0.00 0.00 1.00 0 160 15 112 1 0 0 0 0 120120 152843.668
-2.3994 0.0352 0.0000 0.00 0.00 1.00 0 160 15 112 1 0 0 0 0 120120 152843.718
-2.4071 0.0361 0.0000 0.00 0.00 1.00 0 160 15 112 1 0 0 0 0 120120 152843.768
-2.4147 0.0370 0.0000 0.00 0.00 1.00 0 160 15 112 1 0 0 0 0 120120 152843.818
-2.4269 0.0366 0.0000 0.00 0.00 1.00 0 160 15 112 1 0 0 0 0 120120 152843.869
-2.4352 0.0373 0.0000 0.00 0.00 1.00 0 160 15 112 1 0 0 0 0 120120 152843.919
-2.4425 0.0379 0.0000 0.00 0.00 1.00 0 160 15 112 1 0 0 0 0 120120 152843.969
-2.4474 0.0358 0.0000 0.00 0.00 1.00 0 160 15 112 1 0 0 0 0 120120 152844.019
-2.4550 0.0360 0.0000 0.00 0.00 1.00 0 160 15 112 1 0 0 0 0 120120 152844.069
-2.4608 0.0378 0.0000 0.00 0.00 1.00 0 160 15 112 1 0 0 0 0 120120 152844.120
-2.4681 0.0383 0.0000 0.00 0.00 1.00 0 160 15 112 1 0 0 0 0 120120 152844.170
-2.4753 0.0388 0.0000 0.00 0.00 1.00 0 160 15 112 1 0 0 0 0 120120 152844.220
-2.4839 0.0438 0.0000 0.00 0.00 1.00 0 160 15 112 1 0 0 0 0 120120 152844.271
-2.4914 0.0450 0.0000 0.00 0.00 1.00 0 160 15 112 1 0 0 0 0 120120 152844.321
-2.4990 0.0463 0.0000 0.00 0.00 1.00 0 160 15 112 1 0 0 0 0 120120 152844.371
-2.5069 0.0444 0.0000 0.00 0.00 1.00 0 160 15 112 1 0 0 0 0 120120 152844.421
-2.5145 0.0451 0.0000 0.00 0.00 1.00 0 160 15 112 1 0 0 0 0 120120 152844.472
-2.5222 0.0459 0.0000 0.00 0.00 1.00 0 160 15 112 1 0 0 0 0 120120 152844.522
-2.5317 0.0489 0.0000 0.00 0.00 1.00 0 160 15 112 1 0 0 0 0 120120 152844.572
-2.5395 0.0500 0.0000 0.00 0.00 1.00 0 160 15 112 1 0 0 0 0 120120 152844.623
-2.5474 0.0511 0.0000 0.00 0.00 1.00 0 160 15 112 1 0 0 0 0 120120 152844.673
-2.5590 0.0524 0.0000 0.00 0.00 1.00 0 160 15 112 1 0 0 0 0 120120 152844.723
-2.5671 0.0535 0.0000 0.00 0.00 1.00 0 160 15 112 1 0 0 0 0 120120 152844.774
-2.5703 0.0530 0.0000 0.00 0.00 1.00 0 160 15 112 1 0 0 0 0 120120 152844.824
-2.5779 0.0538 0.0000 0.00 0.00 1.00 0 160 15 112 1 0 0 0 0 120120 152844.874
-2.5854 0.0547 0.0000 0.00 0.00 1.00 0 160 15 112 1 0 0 0 0 120120 152844.924
-2.5898 0.0551 0.0000 0.00 0.00 1.00 0 160 15 112 1 0 0 0 0 120120 152844.975
-2.5944 0.0563 0.0000 0.00 0.00 1.00 0 160 15 112 1 0 0 0 0 120120 152845.025
-2.6012 0.0571 0.0000 0.00 0.00 1.00 0 160 15 112 1 0 0 0 0 120120 152845.075
-2.6101 0.0577 0.0000 0.00 0.00 1.00 0 160 15 112 1 0 0 0 0 120120 152845.126
-2.6171 0.0585 0.0000 0.00 0.00 1.00 0 160 15 112 1 0 0 0 0 120120 152845.176
-2.6241 0.0593 0.0000 0.00 0.00 1.00 0 160 15 112 1 0 0 0 0 120120 152845.226
-2.6303 0.0631 0.0000 0.00 0.00 1.00 0 160 15 112 1 0 0 0 0 120120 152845.276
-2.6374 0.0644 0.0000 0.00 0.00 1.00 0 160 15 112 1 0 0 0 0 120120 152845.327
-2.6437 0.0656 0.0000 0.00 0.00 1.00 0 160 15 112 1 0 0 0 0 120120 152845.377
-2.6571 0.0644 0.0000 0.00 0.00 1.00 0 160 15 112 1 0 0 0 0 120120 152845.427
-2.6649 0.0653 0.0000 0.00 0.00 1.00 0 160 15 112 1 0 0 0 0 120120 152845.477
-2.6710 0.0660 0.0000 0.00 0.00 1.00 0 160 15 112 1 0 0 0 0 120120 152845.527
-2.6852 0.0661 0.0000 0.00 0.00 1.00 0 160 15 112 1 0 0 0 0 120120 152845.578
-2.6936 0.0668 0.0000 0.00 0.00 1.00 0 160 15 112 1 0 0 0 0 120120 152845.628
-2.7064 0.0674 0.0000 0.00 0.00 1.00 0 160 15 112 1 0 0 0 0 120120 152845.678
-2.7158 0.0681 0.0000 0.00 0.00 1.00 0 160 15 112 1 0 0 0 0 120120 152845.728
-2.7250 0.0689 0.0000 0.00 0.00 1.00 0 160 15 112 1 0 0 0 0 120120 152845.779
-2.7322 0.0739 0.0000 0.00 0.00 1.00 0 160 15 112 1 0 0 0 0 120120 152845.829
-2.7412 0.0754 0.0000 0.00 0.00 1.00 0 160 15 112 1 0 0 0 0 120120 152845.879
-2.7501 0.0768 0.0000 0.00 0.00 1.00 0 160 15 112 1 0 0 0 0 120120 152845.929
-2.7509 0.0772 0.0000 0.00 0.00 1.00 0 160 15 112 1 0 0 0 0 120120 152845.980
-2.7584 0.0785 0.0000 0.00 0.00 1.00 0 160 15 112 1 0 0 0 0 120120 152846.030
-2.7663 0.0798 0.0000 0.00 0.00 1.00 0 160 15 112 1 0 0 0 0 120120 152846.080
-2.7713 0.0863 0.0000 0.00 0.00 1.00 0 160 15 112 1 0 0 0 0 120120 152846.130
-2.7786 0.0884 0.0000 0.00 0.00 1.00 0 160 15 112 1 0 0 0 0 120120 152846.180
-2.7852 0.0844 0.0000 0.00 0.00 1.00 0 160 15 112 1 0 0 0 0 120120 152846.231
-2.7925 0.0855 0.0000 0.00 0.00 1.00 0 160 15 112 1 0 0 0 0 120120 152846.281
-2.7996 0.0865 0.0000 0.00 0.00 1.00 0 160 15 112 1 0 0 0 0 120120 152846.331
-2.8058 0.0870 0.0000 0.00 0.00 1.00 0 160 15 112 1 0 0 0 0 120120 152846.381
-2.8128 0.0879 0.0000 0.00 0.00 1.00 0 160 15 112 1 0 0 0 0 120120 152846.431
-2.8198 0.0889 0.0000 0.00 0.00 1.00 0 160 15 112 1 0 0 0 0 120120 152846.482
-2.8268 0.0926 0.0000 0.00 0.00 1.00 0 160 15 112 1 0 0 0 0 120120 152846.532
-2.8339 0.0940 0.0000 0.00 0.00 1.00 0 160 15 112 1 0 0 0 0 120120 152846.582
-2.8410 0.0954 0.0000 0.00 0.00 1.00 0 160 15 112 1 0 0 0 0 120120 152846.632
-2.8538 0.0936 0.0000 0.00 0.00 1.00 0 160 15 112 1 0 0 0 0 120120 152846.683
-2.8618 0.0945 0.0000 0.00 0.00 1.00 0 160 15 112 1 0 0 0 0 120120 152846.733
-2.8690 0.0953 0.0000 0.00 0.00 1.00 0 160 15 112 1 0 0 0 0 120120 152846.783
-2.8785 0.0963 0.0000 0.00 0.00 1.00 0 160 15 112 1 0 0 0 0 120120 152846.833
-2.8864 0.0971 0.0000 0.00 0.00 1.00 0 208 7 112 1 0 0 0 0 120120 152846.883
-2.8954 0.1028 0.0000 0.00 0.00 1.00 0 208 7 112 1 0 0 0 0 120120 152846.934
-2.9011 0.1040 0.0000 0.00 0.00 1.00 0 208 7 112 1 0 0 0 0 120120 152846.984
-2.9117 0.1062 0.0000 0.00 0.00 1.00 0 208 7 112 1 0 0 0 0 120120 152847.034
-2.9166 0.1073 0.0000 0.00 0.00 1.00 0 208 7 112 1 0 0 0 0 120120 152847.084
-2.9245 0.1101 0.0000 0.00 0.00 1.00 0 208 7 112 1 0 0 0 0 120120 152847.135
-2.9322 0.1119 0.0000 0.00 0.00 1.00 0 208 7 112 1 0 0 0 0 120120 152847.185
-2.9384 0.1107 0.0000 0.00 0.00 1.00 0 208 7 112 1 0 0 0 0 120120 152847.235
-2.9458 0.1120 0.0000 0.00 0.00 1.00 0 208 7 112 1 0 0 0 0 120120 152847.285
-2.9532 0.1133 0.0000 0.00 0.00 1.00 0 208 7 112 1 0 0 0 0 120120 152847.336
-2.9619 0.1159 0.0000 0.00 0.00 1.00 0 208 7 112 1 0 0 0 0 120120 152847.386
-2.9696 0.1174 0.0000 0.00 0.00 1.00 0 208 7 112 1 0 0 0 0 120120 152847.436
-2.9763 0.1187 0.0000 0.00 0.00 1.00 0 208 7 112 1 0 0 0 0 120120 152847.486
-2.9845 0.1220 0.0000 0.00 0.00 1.00 0 208 7 112 1 0 0 0 0 120120 152847.537
-2.9920 0.1237 0.0000 0.00 0.00 1.00 0 208 7 112 1 0 0 0 0 120120 152847.587
-2.9980 0.1279 0.0000 0.00 0.00 1.00 0 208 7 112 1 0 0 0 0 120120 152847.637
-3.0051 0.1300 0.0000 0.00 0.00 1.00 0 208 7 112 1 0 0 0 0 120120 152847.687
-3.0124 0.1322 0.0000 0.00 0.00 1.00 0 208 7 112 1 0 0 0 0 120120 152847.738
-3.0167 0.1335 0.0000 0.00 0.00 1.00 0 208 7 112 1 0 0 0 0 120120 152847.788
-3.0268 0.1359 0.0000 0.00 0.00 1.00 0 208 7 112 1 0 0 0 0 120120 152847.838
-3.0342 0.1380 0.0000 0.00 0.00 1.00 0 208 7 112 1 0 0 0 0 120120 152847.888
-3.0465 0.1383 0.0000 0.00 0.00 1.00 0 208 7 112 1 0 0 0 0 120120 152847.938
-3.0547 0.1401 0.0000 0.00 0.00 1.00 0 208 7 112 1 0 0 0 0 120120 152847.989
-3.0620 0.1417 0.0000 0.00 0.00 1.00 0 208 7 112 1 0 0 0 0 120120 152848.039
-3.0705 0.1438 0.0000 0.00 0.00 1.00 0 208 7 112 1 0 0 0 0 120120 152848.089
-3.0785 0.1456 0.0000 0.00 0.00 1.00 0 208 7 112 1 0 0 0 0 120120 152848.139
-3.0866 0.1475 0.0000 0.00 0.00 1.00 0 208 7 112 1 0 0 0 0 120120 152848.190
-3.0990 0.1473 0.0000 0.00 0.00 1.00 0 208 7 112 1 0 0 0 0 120120 152848.240
-3.1078 0.1488 0.0000 0.00 0.00 1.00 0 208 7 112 1 0 0 0 0 120120 152848.290
-3.1081 0.1520 0.0000 0.00 0.00 1.00 0 208 7 112 1 0 0 0 0 120120 152848.340
-3.1155 0.1538 0.0000 0.00 0.00 1.00 0 208 7 112 1 0 0 0 0 120120 152848.391
-3.1228 0.1556 0.0000 0.00 0.00 1.00 0 208 7 112 1 0 0 0 0 120120 152848.441
-3.1279 0.1569 0.0000 0.00 0.00 1.00 0 208 7 112 1 0 0 0 0 120120 152848.491
-3.1405 0.1577 0.0000 0.00 0.00 1.00 0 208 7 112 1 0 0 0 0 120120 152848.542
-3.1481 0.1593 0.0000 0.00 0.00 1.00 0 208 7 112 1 0 0 0 0 120120 152848.592
-3.1546 0.1615 0.0000 0.00 0.00 1.00 0 208 7 112 1 0 0 0 0 120120 152848.642
-3.1617 0.1632 0.0000 0.00 0.00 1.00 0 208 7 112 1 0 0 0 0 120120 152848.692
-3.1693 0.1648 0.0000 0.00 0.00 1.00 0 208 7 112 1 0 0 0 0 120120 152848.743
-3.1794 0.1673 0.0000 0.00 0.00 1.00 0 208 7 112 1 0 0 0 0 120120 152848.793
-3.1872 0.1691 0.0000 0.00 0.00 1.00 0 208 7 112 1 0 0 0 0 120120 152848.843
-3.1951 0.1710 0.0000 0.00 0.00 1.00 0 208 7 112 1 0 0 0 0 120120 152848.893
-3.1998 0.1753 0.0000 0.00 0.00 1.00 0 208 7 112 1 0 0 0 0 120120 152848.944
-3.2072 0.1775 0.0000 0.00 0.00 1.00 0 208 7 112 1 0 0 0 0 120120 152848.994
-3.2131 0.1793 0.0000 0.00 0.00 1.00 0 208 7 112 1 0 0 0 0 120120 152849.044
-3.2242 0.1786 0.0000 0.00 0.00 1.00 0 208 7 112 1 0 0 0 0 120120 152849.094
-3.2318 0.1803 0.0000 0.00 0.00 1.00 0 208 7 112 1 0 0 0 0 120120 152849.145
-3.2373 0.1815 0.0000 0.00 0.00 1.00 0 208 7 112 1 0 0 0 0 120120 152849.195
-3.2468 0.1873 0.0000 0.00 0.00 1.00 0 208 7 112 1 0 0 0 0 120120 152849.245
-3.2543 0.1894 0.0000 0.00 0.00 1.00 0 208 7 112 1 0 0 0 0 120120 152849.295
-3.2658 0.1923 0.0000 0.00 0.00 1.00 0 208 7 112 1 0 0 0 0 120120 152849.346
-3.2740 0.1946 0.0000 0.00 0.00 1.00 0 208 7 112 1 0 0 0 0 120120 152849.396
-3.2815 0.1967 0.0000 0.00 0.00 1.00 0 208 7 112 1 0 0 0 0 120120 152849.446
-3.2916 0.1987 0.0000 0.00 0.00 1.00 0 208 7 112 1 0 0 0 0 120120 152849.496
-3.2992 0.2007 0.0000 0.00 0.00 1.00 0 208 7 112 1 0 0 0 0 120120 152849.547
-3.3080 0.2030 0.0000 0.00 0.00 1.00 0 208 7 112 1 0 0 0 0 120120 152849.597
-3.3094 0.2057 0.0000 0.00 0.00 1.00 0 208 7 112 1 0 0 0 0 120120 152849.647
-3.3168 0.2081 0.0000 0.00 0.00 1.00 0 208 7 112 1 0 0 0 0 120120 152849.697
-3.3241 0.2103 0.0000 0.00 0.00 1.00 0 62 250 112 1 0 0 0 0 120120 152849.748
-3.3310 0.2134 0.0000 0.00 0.00 1.00 0 213 248 112 1 0 0 0 0 120120 152849.798
-3.3383 0.2158 0.0000 0.00 0.00 1.00 0 141 248 112 1 0 0 0 0 120120 152849.849
-3.3436 0.2181 0.0000 0.00 0.00 1.00 0 196 247 112 1 0 0 0 0 120120 152849.899
-3.3507 0.2205 0.0000 0.00 0.00 1.00 0 32 248 112 1 0 0 0 0 120120 152849.949
-3.3575 0.2228 0.0000 0.00 0.00 1.00 0 222 247 112 1 0 0 0 0 120120 152849.999
-3.3699 0.2236 0.0000 0.00 0.00 1.00 0 165 248 112 1 0 0 0 0 120120 152850.049
-3.3776 0.2257 0.0000 0.00 0.00 1.00 0 24 248 112 1 0 0 0 0 120120 152850.100
-3.3855 0.2279 0.0000 0.00 0.00 1.00 0 205 247 112 1 0 0 0 0 120120 152850.150
-3.3936 0.2276 0.0000 0.00 0.00 1.00 0 56 249 112 1 0 0 0 0 120120 152850.200
-3.4015 0.2294 0.0000 0.00 0.00 1.00 0 255 248 112 1 0 0 0 0 120120 152850.251
-3.4095 0.2312 0.0000 0.00 0.00 1.00 0 222 248 112 1 0 0 0 0 120120 152850.301
-3.4204 0.2355 0.0000 0.00 0.00 1.00 0 102 247 112 1 0 0 0 0 120120 152850.351
-3.4279 0.2374 0.0000 0.00 0.00 1.00 0 230 247 112 1 0 0 0 0 120120 152850.402
-3.4438 0.2389 0.0000 0.00 0.00 1.00 0 63 254 112 1 0 0 0 0 120120 152850.452
-3.4523 0.2406 0.0000 0.00 0.00 1.00 0 205 244 112 1 0 0 0 0 120120 152850.502
-3.4606 0.2424 0.0000 0.00 0.00 1.00 0 211 244 112 1 0 0 0 0 120120 152850.552
-3.4673 0.2431 0.0000 0.00 0.00 1.00 0 132 247 112 1 0 0 0 0 120120 152850.603
-3.4755 0.2447 0.0000 0.00 0.00 1.00 0 144 244 112 1 0 0 0 0 120120 152850.653
-3.4827 0.2499 0.0000 0.00 0.00 1.00 0 244 226 112 1 0 0 0 0 120120 152850.703
-3.4908 0.2521 0.0000 0.00 0.00 1.00 0 89 241 112 1 0 0 0 0 120120 152850.753
-3.4987 0.2542 0.0000 0.00 0.00 1.00 0 229 241 112 1 0 0 0 0 120120 152850.804
-3.5051 0.2610 0.0000 0.00 0.00 1.00 0 71 220 112 1 0 0 0 0 120120 152850.854
-3.5128 0.2639 0.0000 0.00 0.00 1.00 0 14 238 112 1 0 0 0 0 120120 152850.904
-3.5205 0.2669 0.0000 0.00 0.00 1.00 0 192 238 112 1 0 0 0 0 120120 152850.954
-3.5265 0.2666 0.0000 0.00 0.00 1.00 0 101 253 112 1 0 0 0 0 120120 152851.004
-3.5340 0.2691 0.0000 0.00 0.00 1.00 0 99 239 112 1 0 0 0 0 120120 152851.055
-3.5412 0.2715 0.0000 0.00 0.00 1.00 0 107 239 112 1 0 0 0 0 120120 152851.105
-3.5466 0.2723 0.0000 0.00 0.00 1.00 0 2 246 112 1 0 0 0 0 120120 152851.155
-3.5539 0.2746 0.0000 0.00 0.00 1.00 0 131 240 112 1 0 0 0 0 120120 152851.206
-3.5603 0.2765 0.0000 0.00 0.00 1.00 0 13 241 112 1 0 0 0 0 120120 152851.256
-3.5712 0.2807 0.0000 0.00 0.00 1.00 0 93 239 112 1 0 0 0 0 120120 152851.306
-3.5785 0.2831 0.0000 0.00 0.00 1.00 0 102 239 112 1 0 0 0 0 120120 152851.356
-3.5910 0.2841 0.0000 0.00 0.00 1.00 0 119 247 112 1 0 0 0 0 120120 152851.406
-3.5992 0.2863 0.0000 0.00 0.00 1.00 0 70 239 112 1 0 0 0 0 120120 152851.457
-3.6092 0.2889 0.0000 0.00 0.00 1.00 0 9 239 112 1 0 0 0 0 120120 152851.507
-3.6170 0.2926 0.0000 0.00 0.00 1.00 0 216 241 112 1 0 0 0 0 120120 152851.557
-3.6252 0.2951 0.0000 0.00 0.00 1.00 0 179 241 112 1 0 0 0 0 120120 152851.607
-3.6332 0.2974 0.0000 0.00 0.00 1.00 0 149 241 112 1 0 0 0 0 120120 152851.657
-3.6425 0.2963 0.0000 0.00 0.00 1.00 0 146 242 112 1 0 0 0 0 120120 152851.708
-3.6566 0.2994 0.0000 0.00 0.00 1.00 0 110 242 112 1 0 0 0 0 120120 152851.758
-3.6575 0.2996 0.0000 0.00 0.00 1.00 0 109 243 112 1 0 0 0 0 120120 152851.808
-3.6667 0.2962 0.0000 0.00 0.00 1.00 0 79 243 112 1 0 0 0 0 120120 152851.858
-3.6690 0.2965 0.0000 0.00 0.00 1.00 0 246 243 112 1 0 0 0 0 120120 152851.908
-3.6786 0.3016 0.0000 0.00 0.00 1.00 0 21 225 112 1 0 0 0 0 120120 152851.959
-3.6801 0.3019 0.0000 0.00 0.00 1.00 0 18 243 112 1 0 0 0 0 120120 152852.009
-3.6912 0.3105 0.0000 0.00 0.00 1.00 0 184 210 112 1 0 0 0 0 120120 152852.059
-3.6927 0.3111 0.0000 0.00 0.00 1.00 0 3 241 112 1 0 0 0 0 120120 152852.110
-3.7048 0.3156 0.0000 0.00 0.00 1.00 0 178 235 112 1 0 0 0 0 120120 152852.160
-3.7166 0.3161 0.0000 0.00 0.00 1.00 0 18 244 112 1 0 0 0 0 120120 152852.210
-3.7166 0.3161 0.0000 0.00 0.00 1.00 0 0 0 127 0 0 0 0 0 120120 152852.260
-3.7166 0.3161 0.0000 0.00 0.00 1.00 0 0 0 127 0 0 0 0 0 120120 152852.311
-3.7166 0.3161 0.0000 0.00 0.00 1.00 0 0 0 127 0 0 0 0 0 120120 152852.361
-3.7166 0.3161 0.0000 0.00 0.00 1.00 0 0 0 127 0 0 0 0 0 120120 152852.411
-3.7166 0.3161 0.0000 0.00 0.00 1.00 0 0 0 127 0 0 0 0 0 120120 152852.462
-3.7166 0.3161 0.0000 0.00 0.00 1.00 0 0 0 127 0 0 0 0 0 120120 152852.512
-3.7166 0.3161 0.0000 0.00 0.00 1.00 0 0 0 127 0 0 0 0 0 120120 152852.562
-3.7166 0.3161 0.0000 0.00 0.00 1.00 0 0 0 127 0 0 0 0 0 120120 152852.612
-3.7166 0.3161 0.0000 0.00 0.00 1.00 0 0 0 127 0 0 0 0 0 120120 152852.663
-3.7166 0.3161 0.0000 0.00 0.00 1.00 0 0 0 127 0 0 0 0 0 120120 152852.713
-3.7166 0.3161 0.0000 0.00 0.00 1.00 0 0 0 127 0 0 0 0 0 120120 152852.763
-3.7166 0.3161 0.0000 0.00 0.00 1.00 0 0 0 127 0 0 0 0 0 120120 152852.814
-3.7166 0.3161 0.0000 0.00 0.00 1.00 0 0 0 127 0 0 0 0 0 120120 152852.864
-3.7166 0.3161 0.0000 0.00 0.00 1.00 0 0 0 127 0 0 0 0 0 120120 152852.914
-3.7166 0.3161 0.0000 0.00 0.00 1.00 0 0 0 127 0 0 0 0 0 120120 152852.964
-3.7166 0.3161 0.0000 0.00 0.00 1.00 0 0 0 127 0 0 0 0 0 120120 152853.015
-3.7166 0.3161 0.0000 0.00 0.00 1.00 0 0 0 127 0 0 0 0 0 120120 152853.065
-3.7166 0.3161 0.0000 0.00 0.00 1.00 0 0 0 127 0 0 0 0 0 120120 152853.115
-3.7166 0.3161 0.0000 0.00 0.00 1.00 0 0 0 127 0 0 0 0 0 120120 152853.165
-3.7166 0.3161 0.0000 0.00 0.00 1.00 0 0 0 127 0 0 0 0 0 120120 152853.215
-3.7166 0.3161 0.0000 0.00 0.00 1.00 0 0 0 127 0 0 0 0 0 120120 152853.266
-3.7166 0.3161 0.0000 0.00 0.00 1.00 0 0 0 127 0 0 0 0 0 120120 152853.316
-3.7166 0.3161 0.0000 0.00 0.00 1.00 0 0 0 127 0 0 0 0 0 120120 152853.366
-3.7166 0.3161 0.0000 0.00 0.00 1.00 0 0 0 127 0 0 0 0 0 120120 152853.416
-3.7166 0.3161 0.0000 0.00 0.00 1.00 0 0 0 127 0 0 0 0 0 120120 152853.467
-3.7166 0.3161 0.0000 0.00 0.00 1.00 0 0 0 127 0 0 0 0 0 120120 152853.517
-3.7166 0.3161 0.0000 0.00 0.00 1.00 0 0 0 127 0 0 0 0 0 120120 152853.567
-3.7166 0.3161 0.0000 0.00 0.00 1.00 0 0 0 127 0 0 0 0 0 120120 152853.618
-3.7166 0.3161 0.0000 0.00 0.00 1.00 0 0 0 127 0 0 0 0 0 120120 152853.668
-3.7166 0.3161 0.0000 0.00 0.00 1.00 0 0 0 127 0 0 0 0 0 120120 152853.718
-3.7166 0.3161 0.0000 0.00 0.00 1.00 0 0 0 127 0 0 0 0 0 120120 152853.768
-3.7166 0.3161 0.0000 0.00 0.00 1.00 0 0 0 127 0 0 0 0 0 120120 152853.819
-3.7166 0.3161 0.0000 0.00 0.00 1.00 0 0 0 127 0 0 0 0 0 120120 152853.869
-3.7166 0.3161 0.0000 0.00 0.00 1.00 0 0 0 127 0 0 0 0 0 120120 152853.919
-3.7166 0.3161 0.0000 0.00 0.00 1.00 0 0 0 127 0 0 0 0 0 120120 152853.970
-3.7166 0.3161 0.0000 0.00 0.00 1.00 0 0 0 127 0 0 0 0 0 120120 152854.020
-3.7166 0.3161 0.0000 0.00 0.00 1.00 0 0 0 127 0 0 0 0 0 120120 152854.070
-3.7166 0.3161 0.0000 0.00 0.00 1.00 0 0 0 127 0 0 0 0 0 120120 152854.120
-3.7166 0.3161 0.0000 0.00 0.00 1.00 0 0 0 127 0 0 0 0 0 120120 152854.171
-3.7166 0.3161 0.0000 0.00 0.00 1.00 0 0 0 127 0 0 0 0 0 120120 152854.221
-3.7166 0.3161 0.0000 0.00 0.00 1.00 0 0 0 127 0 0 0 0 0 120120 152854.271
-3.7166 0.3161 0.0000 0.00 0.00 1.00 0 0 0 127 0 0 0 0 0 120120 152854.321
-3.7166 0.3161 0.0000 0.00 0.00 1.00 0 0 0 127 0 0 0 0 0 120120 152854.372
-3.7166 0.3161 0.0000 0.00 0.00 1.00 0 0 0 127 0 0 0 0 0 120120 152854.422
-3.7166 0.3161 0.0000 0.00 0.00 1.00 0 0 0 127 0 0 0 0 0 120120 152854.472
-3.7166 0.3161 0.0000 0.00 0.00 1.00 0 0 0 127 0 0 0 0 0 120120 152854.522
-3.7166 0.3161 0.0000 0.00 0.00 1.00 0 0 0 127 0 0 0 0 0 120120 152854.572
-3.7166 0.3161 0.0000 0.00 0.00 1.00 0 0 0 127 0 0 0 0 0 120120 152854.623
-3.7166 0.3161 0.0000 0.00 0.00 1.00 0 0 0 127 0 0 0 0 0 120120 152854.673
-3.7166 0.3161 0.0000 0.00 0.00 1.00 0 0 0 127 0 0 0 0 0 120120 152854.723
-3.7166 0.3161 0.0000 0.00 0.00 1.00 0 0 0 127 0 0 0 0 0 120120 152854.773
-3.7166 0.3161 0.0000 0.00 0.00 1.00 0 0 0 127 0 0 0 0 0 120120 152854.824
-3.7166 0.3161 0.0000 0.00 0.00 1.00 0 0 0 127 0 0 0 0 0 120120 152854.874
-3.7166 0.3161 0.0000 0.00 0.00 1.00 0 0 0 127 0 0 0 0 0 120120 152854.924
-3.7166 0.3161 0.0000 0.00 0.00 1.00 0 0 0 127 0 0 0 0 0 120120 152854.974
-3.7166 0.3161 0.0000 0.00 0.00 1.00 0 0 0 127 0 0 0 0 0 120120 152855.025
-3.7166 0.3161 0.0000 0.00 0.00 1.00 0 0 0 127 0 0 0 0 0 120120 152855.075
-3.7166 0.3161 0.0000 0.00 0.00 1.00 0 0 0 127 0 0 0 0 0 120120 152855.125
-3.7166 0.3161 0.0000 0.00 0.00 1.00 0 0 0 127 0 0 0 0 0 120120 152855.176
-3.7166 0.3161 0.0000 0.00 0.00 1.00 0 0 0 127 0 0 0 0 0 120120 152855.226
-3.7166 0.3161 0.0000 0.00 0.00 1.00 0 0 0 127 0 0 0 0 0 120120 152855.276
-3.7166 0.3161 0.0000 0.00 0.00 1.00 0 0 0 127 0 0 0 0 0 120120 152855.326
-3.7166 0.3161 0.0000 0.00 0.00 1.00 0 0 0 127 0 0 0 0 0 120120 152855.376
-3.7166 0.3161 0.0000 0.00 0.00 1.00 0 0 0 127 0 0 0 0 0 120120 152855.427
-3.7166 0.3161 0.0000 0.00 0.00 1.00 0 0 0 127 0 0 0 0 0 120120 152855.477
-3.7166 0.3161 0.0000 0.00 0.00 1.00 0 0 0 127 0 0 0 0 0 120120 152855.528
-3.7166 0.3161 0.0000 0.00 0.00 1.00 0 0 0 127 0 0 0 0 0 120120 152855.578
-3.7166 0.3161 0.0000 0.00 0.00 1.00 0 0 0 127 0 0 0 0 0 120120 152855.628
-3.7166 0.3161 0.0000 0.00 0.00 1.00 0 0 0 127 0 0 0 0 0 120120 152855.678
-3.7166 0.3161 0.0000 0.00 0.00 1.00 0 0 0 127 0 0 0 0 0 120120 152855.729
-3.7166 0.3161 0.0000 0.00 0.00 1.00 0 0 0 127 0 0 0 0 0 120120 152855.779
-3.7166 0.3161 0.0000 0.00 0.00 1.00 0 0 0 127 0 0 0 0 0 120120 152855.829
-3.7166 0.3161 0.0000 0.00 0.00 1.00 0 0 0 127 0 0 0 0 0 120120 152855.879
-3.7166 0.3161 0.0000 0.00 0.00 1.00 0 0 0 127 0 0 0 0 0 120120 152855.930
-3.7166 0.3161 0.0000 0.00 0.00 1.00 0 0 0 127 0 0 0 0 0 120120 152855.980
-3.7166 0.3161 0.0000 0.00 0.00 1.00 0 0 0 127 0 0 0 0 0 120120 152856.030
-3.7166 0.3161 0.0000 0.00 0.00 1.00 0 0 0 127 0 0 0 0 0 120120 152856.080
-3.7166 0.3161 0.0000 0.00 0.00 1.00 0 0 0 127 0 0 0 0 0 120120 152856.130
-3.7166 0.3161 0.0000 0.00 0.00 1.00 0 0 0 127 0 0 0 0 0 120120 152856.181
-3.7166 0.3161 0.0000 0.00 0.00 1.00 0 0 0 127 0 0 0 0 0 120120 152856.231
-3.7166 0.3161 0.0000 0.00 0.00 1.00 0 0 0 127 0 0 0 0 0 120120 152856.281
-3.7166 0.3161 0.0000 0.00 0.00 1.00 0 0 0 127 0 0 0 0 0 120120 152856.331
-3.7166 0.3161 0.0000 0.00 0.00 1.00 0 0 0 127 0 0 0 0 0 120120 152856.382
-3.7166 0.3161 0.0000 0.00 0.00 1.00 0 0 0 127 0 0 0 0 0 120120 152856.432
-3.7166 0.3161 0.0000 0.00 0.00 1.00 0 0 0 127 0 0 0 0 0 120120 152856.482
-3.7166 0.3161 0.0000 0.00 0.00 1.00 0 0 0 127 0 0 0 0 0 120120 152856.532
-3.7166 0.3161 0.0000 0.00 0.00 1.00 0 0 0 127 0 0 0 0 0 120120 152856.583
-3.7166 0.3161 0.0000 0.00 0.00 1.00 0 0 0 127 0 0 0 0 0 120120 152856.633
-3.7166 0.3161 0.0000 0.00 0.00 1.00 0 0 0 127 0 0 0 0 0 120120 152856.683
-3.7166 0.3161 0.0000 0.00 0.00 1.00 0 0 0 127 0 0 0 0 0 120120 152856.733
-3.7166 0.3161 0.0000 0.00 0.00 1.00 0 0 0 127 0 0 0 0 0 120120 152856.784
-3.7166 0.3161 0.0000 0.00 0.00 1.00 0 0 0 127 0 0 0 0 0 120120 152856.834
-3.7166 0.3161 0.0000 0.00 0.00 1.00 0 0 0 127 0 0 0 0 0 120120 152856.884
-3.7166 0.3161 0.0000 0.00 0.00 1.00 0 0 0 127 0 0 0 0 0 120120 152856.935
