-1.0199 -1.0159 0.0000 0.00 0.00 1.00 0 0 0 112 1 0 0 0 0 221219 193227.003
-1.0204 -1.0166 0.0000 0.00 0.00 1.00 0 0 0 112 1 0 0 0 0 221219 193227.203
-1.0175 -1.0178 0.0000 0.00 0.00 1.00 0 0 0 112 1 0 0 0 0 221219 193227.403
-1.0164 -1.0414 0.0000 0.00 0.00 1.00 0 0 0 112 1 0 0 0 0 221219 193227.603
-1.0131 -1.1346 0.0000 0.00 0.00 1.00 0 0 0 112 1 0 0 0 0 221219 193227.804
-1.0171 -1.1877 0.0000 0.00 0.00 1.00 0 0 0 112 1 0 0 0 0 221219 193228.004
-1.0149 -1.2079 0.0000 0.00 0.00 1.00 0 0 0 112 1 0 0 0 0 221219 193228.204
-1.0142 -1.2361 0.0000 0.00 0.00 1.00 0 0 0 112 1 0 0 0 0 221219 193228.405
-1.0109 -1.2574 0.0000 0.00 0.00 1.00 0 0 0 112 1 0 0 0 0 221219 193228.605
-1.0087 -1.2899 0.0000 0.00 0.00 1.00 0 0 0 112 1 0 0 0 0 221219 193228.805
-1.0099 -1.3251 0.0000 0.00 0.00 1.00 0 0 0 112 1 0 0 0 0 221219 193229.005
-1.0104 -1.3579 0.0000 0.00 0.00 1.00 0 0 0 112 1 0 0 0 0 221219 193229.206
-1.0060 -1.3970 0.0000 0.00 0.00 1.00 0 0 0 112 1 0 0 0 0 221219 193229.406
-1.0015 -1.4309 0.0000 0.00 0.00 1.00 0 0 0 112 1 0 0 0 0 221219 193229.606
-1.0011 -1.4600 0.0000 0.00 0.00 1.00 0 0 0 112 1 0 0 0 0 221219 193229.806
-1.0058 -1.4910 0.0000 0.00 0.00 1.00 0 0 0 112 1 0 0 0 0 221219 193230.006
-1.0043 -1.5242 0.0000 0.00 0.00 1.00 0 0 0 112 1 0 0 0 0 221219 193230.207
-0.9938 -1.5625 0.0000 0.00 0.00 1.00 0 0 0 112 1 0 0 0 0 221219 193230.407
-0.9899 -1.5932 0.0000 0.00 0.00 1.00 0 0 0 112 1 0 0 0 0 221219 193230.607
-0.9937 -1.6289 0.0000 0.00 0.00 1.00 0 0 0 112 1 0 0 0 0 221219 193230.807
-0.9961 -1.6658 0.0000 0.00 0.00 1.00 0 0 0 112 1 0 0 0 0 221219 193231.008
-0.9920 -1.6941 0.0000 0.00 0.00 1.00 0 0 0 112 1 0 0 0 0 221219 193231.208
-0.9865 -1.7220 0.0000 0.00 0.00 1.00 0 0 0 112 1 0 0 0 0 221219 193231.408
-0.9878 -1.7613 0.0000 0.00 0.00 1.00 0 0 0 112 1 0 0 0 0 221219 193231.608
-0.9849 -1.7977 0.0000 0.00 0.00 1.00 0 0 0 112 1 0 0 0 0 221219 193231.808
-0.9847 -1.8297 0.0000 0.00 0.00 1.00 0 0 0 112 1 0 0 0 0 221219 193232.009
-0.9859 -1.8626 0.0000 0.00 0.00 1.00 0 0 0 112 1 0 0 0 0 221219 193232.209
-0.9873 -1.8939 0.0000 0.00 0.00 1.00 0 0 0 112 1 0 0 0 0 221219 193232.409
-0.9812 -1.9294 0.0000 0.00 0.00 1.00 0 0 0 112 1 0 0 0 0 221219 193232.609
-0.9770 -1.9623 0.0000 0.00 0.00 1.00 0 0 0 112 1 0 0 0 0 221219 193232.810
-0.9780 -1.9970 0.0000 0.00 0.00 1.00 0 0 0 112 1 0 0 0 0 221219 193233.010
-0.9746 -2.0318 0.0000 0.00 0.00 1.00 0 0 0 112 1 0 0 0 0 221219 193233.210
-0.9743 -2.0671 0.0000 0.00 0.00 1.00 0 0 0 112 1 0 0 0 0 221219 193233.410
-0.9767 -2.1005 0.0000 0.00 0.00 1.00 0 0 0 112 1 0 0 0 0 221219 193233.611
-0.9750 -2.1288 0.0000 0.00 0.00 1.00 0 0 0 112 1 0 0 0 0 221219 193233.811
-0.9715 -2.1583 0.0000 0.00 0.00 1.00 0 0 0 112 1 0 0 0 0 221219 193234.011
-0.9670 -2.1886 0.0000 0.00 0.00 1.00 0 0 0 112 1 0 0 0 0 221219 193234.211
-0.9658 -2.2275 0.0000 0.00 0.00 1.00 0 0 0 112 1 0 0 0 0 221219 193234.411
-0.9626 -2.2679 0.0000 0.00 0.00 1.00 0 0 0 112 1 0 0 0 0 221219 193234.612
-0.9664 -2.3065 0.0000 0.00 0.00 1.00 0 0 0 112 1 0 0 0 0 221219 193234.812
-0.9620 -2.3388 0.0000 0.00 0.00 1.00 0 0 0 112 1 0 0 0 0 221219 193235.012
-0.9586 -2.3708 0.0000 0.00 0.00 1.00 0 0 0 112 1 0 0 0 0 221219 193235.212
-0.9544 -2.4077 0.0000 0.00 0.00 1.00 0 0 0 112 1 0 0 0 0 221219 193235.412
-0.9561 -2.4386 0.0000 0.00 0.00 1.00 0 0 0 112 1 0 0 0 0 221219 193235.612
-0.9545 -2.4737 0.0000 0.00 0.00 1.00 0 0 0 112 1 0 0 0 0 221219 193235.813
-0.9550 -2.5072 0.0000 0.00 0.00 1.00 0 0 0 112 1 0 0 0 0 221219 193236.013
-0.9549 -2.5443 0.0000 0.00 0.00 1.00 0 0 0 112 1 0 0 0 0 221219 193236.213
-0.9513 -2.5770 0.0000 0.00 0.00 1.00 0 0 0 112 1 0 0 0 0 221219 193236.413
-0.9462 -2.6218 0.0000 0.00 0.00 1.00 0 0 0 112 1 0 0 0 0 221219 193236.613
-0.9442 -2.6569 0.0000 0.00 0.00 1.00 0 0 0 112 1 0 0 0 0 221219 193236.813
-0.9416 -2.6806 0.0000 0.00 0.00 1.00 0 0 0 112 1 0 0 0 0 221219 193237.013
-0.9438 -2.7113 0.0000 0.00 0.00 1.00 0 0 0 112 1 0 0 0 0 221219 193237.214
-0.9438 -2.7411 0.0000 0.00 0.00 1.00 0 0 0 112 1 0 0 0 0 221219 193237.414
-0.9414 -2.7706 0.0000 0.00 0.00 1.00 0 0 0 112 1 0 0 0 0 221219 193237.614
-0.9387 -2.8116 0.0000 0.00 0.00 1.00 0 0 0 112 1 0 0 0 0 221219 193237.814
-0.9364 -2.8447 0.0000 0.00 0.00 1.00 0 0 0 112 1 0 0 0 0 221219 193238.014
-0.9354 -2.8768 0.0000 0.00 0.00 1.00 0 0 0 112 1 0 0 0 0 221219 193238.215
-0.9339 -2.9241 0.0000 0.00 0.00 1.00 0 0 0 112 1 0 0 0 0 221219 193238.415
-0.9312 -2.9577 0.0000 0.00 0.00 1.00 0 0 0 112 1 0 0 0 0 221219 193238.615
-0.9284 -2.9929 0.0000 0.00 0.00 1.00 0 0 0 112 1 0 0 0 0 221219 193238.815
-0.9270 -3.0169 0.0000 0.00 0.00 1.00 0 0 0 112 1 0 0 0 0 221219 193239.015
-0.9295 -3.0537 0.0000 0.00 0.00 1.00 0 0 0 112 1 0 0 0 0 221219 193239.216
-0.9275 -3.0846 0.0000 0.00 0.00 1.00 0 0 0 112 1 0 0 0 0 221219 193239.416
-0.9261 -3.1132 0.0000 0.00 0.00 1.00 0 0 0 112 1 0 0 0 0 221219 193239.616
-0.9201 -3.1473 0.0000 0.00 0.00 1.00 0 0 0 112 1 0 0 0 0 221219 193239.816
-0.9143 -3.1788 0.0000 0.00 0.00 1.00 0 0 0 112 1 0 0 0 0 221219 193240.016
-0.9129 -3.2195 0.0000 0.00 0.00 1.00 0 0 0 112 1 0 0 0 0 221219 193240.216
-0.9147 -3.2520 0.0000 0.00 0.00 1.00 0 0 0 112 1 0 0 0 0 221219 193240.417
-0.9142 -3.2840 0.0000 0.00 0.00 1.00 0 0 0 112 1 0 0 0 0 221219 193240.617
-0.9102 -3.3230 0.0000 0.00 0.00 1.00 0 0 0 112 1 0 0 0 0 221219 193240.817
-0.9056 -3.3603 0.0000 0.00 0.00 1.00 0 0 0 112 1 0 0 0 0 221219 193241.018
-0.9089 -3.3941 0.0000 0.00 0.00 1.00 0 0 0 112 1 0 0 0 0 221219 193241.218
-0.9077 -3.4234 0.0000 0.00 0.00 1.00 0 0 0 112 1 0 0 0 0 221219 193241.418
-0.9066 -3.4560 0.0000 0.00 0.00 1.00 0 0 0 112 1 0 0 0 0 221219 193241.618
-0.9075 -3.4876 0.0000 0.00 0.00 1.00 0 0 0 112 1 0 0 0 0 221219 193241.819
-0.9078 -3.5263 0.0000 0.00 0.00 1.00 0 0 0 112 1 0 0 0 0 221219 193242.019
-0.8991 -3.5648 0.0000 0.00 0.00 1.00 0 0 0 112 1 0 0 0 0 221219 193242.219
-0.8919 -3.5984 0.0000 0.00 0.00 1.00 0 0 0 112 1 0 0 0 0 221219 193242.420
-0.8949 -3.6257 0.0000 0.00 0.00 1.00 0 0 0 112 1 0 0 0 0 221219 193242.620
-0.8983 -3.6556 0.0000 0.00 0.00 1.00 0 0 0 112 1 0 0 0 0 221219 193242.820
-0.8937 -3.6920 0.0000 0.00 0.00 1.00 0 0 0 112 1 0 0 0 0 221219 193243.020
-0.9046 -3.7504 0.0000 0.00 0.00 1.00 0 0 0 112 1 0 0 0 0 221219 193243.221
-0.9050 -3.7812 0.0000 0.00 0.00 1.00 0 0 0 112 1 0 0 0 0 221219 193243.421
-0.9083 -3.8120 0.0000 0.00 0.00 1.00 0 0 0 112 1 0 0 0 0 221219 193243.621
-0.9064 -3.8492 0.0000 0.00 0.00 1.00 0 0 0 112 1 0 0 0 0 221219 193243.822
-0.8969 -3.8851 0.0000 0.00 0.00 1.00 0 0 0 112 1 0 0 0 0 221219 193244.022
-0.8940 -3.9213 0.0000 0.00 0.00 1.00 0 0 0 112 1 0 0 0 0 221219 193244.223
-0.8964 -3.9590 0.0000 0.00 0.00 1.00 0 0 0 112 1 0 0 0 0 221219 193244.423
-0.8985 -3.9950 0.0000 0.00 0.00 1.00 0 0 0 112 1 0 0 0 0 221219 193244.623
-0.8937 -4.0220 0.0000 0.00 0.00 1.00 0 0 0 112 1 0 0 0 0 221219 193244.824
-0.8919 -4.0496 0.0000 0.00 0.00 1.00 0 0 0 112 1 0 0 0 0 221219 193245.024
-0.8897 -4.0825 0.0000 0.00 0.00 1.00 0 0 0 112 1 0 0 0 0 221219 193245.224
-0.8890 -4.1165 0.0000 0.00 0.00 1.00 0 0 0 112 1 0 0 0 0 221219 193245.424
-0.8883 -4.1516 0.0000 0.00 0.00 1.00 0 0 0 112 1 0 0 0 0 221219 193245.624
-0.8883 -4.1914 0.0000 0.00 0.00 1.00 0 0 0 112 1 0 0 0 0 221219 193245.824
-0.8875 -4.2291 0.0000 0.00 0.00 1.00 0 0 0 112 1 0 0 0 0 221219 193246.025
-0.8846 -4.2589 0.0000 0.00 0.00 1.00 0 0 0 112 1 0 0 0 0 221219 193246.225
-0.8835 -4.2887 0.0000 0.00 0.00 1.00 0 0 0 112 1 0 0 0 0 221219 193246.425
-0.8832 -4.3187 0.0000 0.00 0.00 1.00 0 0 0 112 1 0 0 0 0 221219 193246.625
-0.8784 -4.3522 0.0000 0.00 0.00 1.00 0 0 0 112 1 0 0 0 0 221219 193246.826
-0.8760 -4.3860 0.0000 0.00 0.00 1.00 0 0 0 112 1 0 0 0 0 221219 193247.026
-0.8744 -4.4233 0.0000 0.00 0.00 1.00 0 0 0 112 1 0 0 0 0 221219 193247.226
-0.8725 -4.4636 0.0000 0.00 0.00 1.00 0 0 0 112 1 0 0 0 0 221219 193247.426
-0.8712 -4.4961 0.0000 0.00 0.00 1.00 0 0 0 112 1 0 0 0 0 221219 193247.626
-0.8654 -4.5288 0.0000 0.00 0.00 1.00 0 0 0 112 1 0 0 0 0 221219 193247.827
-0.8644 -4.5643 0.0000 0.00 0.00 1.00 0 0 0 112 1 0 0 0 0 221219 193248.027
-0.8639 -4.6040 0.0000 0.00 0.00 1.00 0 0 0 112 1 0 0 0 0 221219 193248.227
-0.8612 -4.6280 0.0000 0.00 0.00 1.00 0 0 0 112 1 0 0 0 0 221219 193248.427
-0.8623 -4.6549 0.0000 0.00 0.00 1.00 0 243 239 112 1 0 0 0 0 221219 193248.628
-0.8596 -4.6947 0.0000 0.00 0.00 1.00 0 102 234 112 1 0 0 0 0 221219 193248.828
-0.8557 -4.7342 0.0000 0.00 0.00 1.00 0 203 237 112 1 0 0 0 0 221219 193249.028
-0.8566 -4.7673 0.0000 0.00 0.00 1.00 0 9 233 112 1 0 0 0 0 221219 193249.228
-0.8513 -4.7963 0.0000 0.00 0.00 1.00 0 28 243 112 1 0 0 0 0 221219 193249.428
-0.8488 -4.8268 0.0000 0.00 0.00 1.00 0 63 242 112 1 0 0 0 0 221219 193249.629
-0.8494 -4.8574 0.0000 0.00 0.00 1.00 0 42 241 112 1 0 0 0 0 221219 193249.829
-0.8508 -4.8868 0.0000 0.00 0.00 1.00 0 73 240 112 1 0 0 0 0 221219 193250.029
-0.8486 -4.9186 0.0000 0.00 0.00 1.00 0 199 233 112 1 0 0 0 0 221219 193250.229
-0.8407 -4.9565 0.0000 0.00 0.00 1.00 0 215 235 112 1 0 0 0 0 221219 193250.429
-0.8331 -4.9974 0.0000 0.00 0.00 1.00 0 116 230 112 1 0 0 0 0 221219 193250.629
-0.8347 -5.0259 0.0000 0.00 0.00 1.00 0 50 229 112 1 0 0 0 0 221219 193250.830
-0.8318 -5.0588 0.0000 0.00 0.00 1.00 0 215 227 112 1 0 0 0 0 221219 193251.030
-0.8256 -5.0847 0.0000 0.00 0.00 1.00 0 186 235 112 1 0 0 0 0 221219 193251.230
-0.8216 -5.1165 0.0000 0.00 0.00 1.00 0 231 234 112 1 0 0 0 0 221219 193251.430
-0.8187 -5.1459 0.0000 0.00 0.00 1.00 0 9 234 112 1 0 0 0 0 221219 193251.631
-0.8166 -5.1751 0.0000 0.00 0.00 1.00 0 38 233 112 1 0 0 0 0 221219 193251.831
-0.8133 -5.2090 0.0000 0.00 0.00 1.00 0 254 231 112 1 0 0 0 0 221219 193252.031
-0.8059 -5.2419 0.0000 0.00 0.00 1.00 0 127 214 112 1 0 0 0 0 221219 193252.231
-0.8000 -5.2701 0.0000 0.00 0.00 1.00 0 209 229 112 1 0 0 0 0 221219 193252.431
-0.7921 -5.2944 0.0000 0.00 0.00 1.00 0 127 229 112 1 0 0 0 0 221219 193252.632
-0.7903 -5.3189 0.0000 0.00 0.00 1.00 0 246 227 112 1 0 0 0 0 221219 193252.832
-0.7823 -5.3600 0.0000 0.00 0.00 1.00 0 7 226 112 1 0 0 0 0 221219 193253.032
-0.7706 -5.3931 0.0000 0.00 0.00 1.00 0 248 224 112 1 0 0 0 0 221219 193253.232
-0.7630 -5.4258 0.0000 0.00 0.00 1.00 0 236 217 112 1 0 0 0 0 221219 193253.432
-0.7552 -5.4518 0.0000 0.00 0.00 1.00 0 69 223 112 1 0 0 0 0 221219 193253.633
-0.7501 -5.4701 0.0000 0.00 0.00 1.00 0 239 222 112 1 0 0 0 0 221219 193253.833
-0.7375 -5.5057 0.0000 0.00 0.00 1.00 0 150 221 112 1 0 0 0 0 221219 193254.033
-0.7211 -5.5434 0.0000 0.00 0.00 1.00 0 170 212 112 1 0 0 0 0 221219 193254.233
-0.7183 -5.5819 0.0000 0.00 0.00 1.00 0 93 218 112 1 0 0 0 0 221219 193254.434
-0.7072 -5.6122 0.0000 0.00 0.00 1.00 0 130 217 112 1 0 0 0 0 221219 193254.634
-0.7005 -5.6354 0.0000 0.00 0.00 1.00 0 143 208 112 1 0 0 0 0 221219 193254.834
-0.6890 -5.6681 0.0000 0.00 0.00 1.00 0 249 215 112 1 0 0 0 0 221219 193255.034
-0.6742 -5.6968 0.0000 0.00 0.00 1.00 0 43 231 112 1 0 0 0 0 221219 193255.234
-0.6619 -5.7232 0.0000 0.00 0.00 1.00 0 184 214 112 1 0 0 0 0 221219 193255.434
-0.6424 -5.7597 0.0000 0.00 0.00 1.00 0 214 213 112 1 0 0 0 0 221219 193255.634
-0.6278 -5.7895 0.0000 0.00 0.00 1.00 0 248 206 112 1 0 0 0 0 221219 193255.835
-0.6169 -5.8197 0.0000 0.00 0.00 1.00 0 118 197 112 1 0 0 0 0 221219 193256.035
-0.6027 -5.8431 0.0000 0.00 0.00 1.00 0 166 206 112 1 0 0 0 0 221219 193256.235
-0.5940 -5.8661 0.0000 0.00 0.00 1.00 0 249 195 112 1 0 0 0 0 221219 193256.435
-0.5858 -5.8920 0.0000 0.00 0.00 1.00 0 41 203 112 1 0 0 0 0 221219 193256.636
-0.5681 -5.9204 0.0000 0.00 0.00 1.00 0 183 204 112 1 0 0 0 0 221219 193256.836
-0.5550 -5.9469 0.0000 0.00 0.00 1.00 0 211 200 112 1 0 0 0 0 221219 193257.036
-0.5349 -5.9753 0.0000 0.00 0.00 1.00 0 192 201 112 1 0 0 0 0 221219 193257.236
-0.5248 -5.9894 0.0000 0.00 0.00 1.00 0 162 202 112 1 0 0 0 0 221219 193257.436
-0.5128 -6.0077 0.0000 0.00 0.00 1.00 0 186 202 112 1 0 0 0 0 221219 193257.637
-0.4862 -6.0456 0.0000 0.00 0.00 1.00 0 117 197 112 1 0 0 0 0 221219 193257.837
-0.4678 -6.0718 0.0000 0.00 0.00 1.00 0 6 205 112 1 0 0 0 0 221219 193258.037
-0.4422 -6.0917 0.0000 0.00 0.00 1.00 0 162 205 112 1 0 0 0 0 221219 193258.237
-0.4259 -6.1131 0.0000 0.00 0.00 1.00 0 243 204 112 1 0 0 0 0 221219 193258.437
-0.4049 -6.1389 0.0000 0.00 0.00 1.00 0 81 204 112 1 0 0 0 0 221219 193258.637
-0.3849 -6.1602 0.0000 0.00 0.00 1.00 0 55 204 112 1 0 0 0 0 221219 193258.838
-0.3626 -6.1804 0.0000 0.00 0.00 1.00 0 87 204 112 1 0 0 0 0 221219 193259.038
-0.3353 -6.2044 0.0000 0.00 0.00 1.00 0 79 204 112 1 0 0 0 0 221219 193259.238
-0.3107 -6.2303 0.0000 0.00 0.00 1.00 0 27 207 112 1 0 0 0 0 221219 193259.438
-0.2870 -6.2522 0.0000 0.00 0.00 1.00 0 213 203 112 1 0 0 0 0 221219 193259.638
-0.2667 -6.2691 0.0000 0.00 0.00 1.00 0 239 203 112 1 0 0 0 0 221219 193259.838
-0.2346 -6.2872 0.0000 0.00 0.00 1.00 0 64 205 112 1 0 0 0 0 221219 193300.038
-0.2085 -6.3032 0.0000 0.00 0.00 1.00 0 44 205 112 1 0 0 0 0 221219 193300.239
-0.1873 -6.3147 0.0000 0.00 0.00 1.00 0 115 202 112 1 0 0 0 0 221219 193300.439
-0.1585 -6.3300 0.0000 0.00 0.00 1.00 0 52 205 112 1 0 0 0 0 221219 193300.639
-0.1331 -6.3526 0.0000 0.00 0.00 1.00 0 251 206 112 1 0 0 0 0 221219 193300.839
-0.1126 -6.3667 0.0000 0.00 0.00 1.00 0 251 203 112 1 0 0 0 0 221219 193301.039
-0.0838 -6.3817 0.0000 0.00 0.00 1.00 0 23 204 112 1 0 0 0 0 221219 193301.239
-0.0566 -6.3943 0.0000 0.00 0.00 1.00 0 74 204 112 1 0 0 0 0 221219 193301.440
-0.0331 -6.4114 0.0000 0.00 0.00 1.00 0 142 195 112 1 0 0 0 0 221219 193301.640
-0.0025 -6.4275 0.0000 0.00 0.00 1.00 0 186 203 112 1 0 0 0 0 221219 193301.840
0.0308 -6.4384 0.0000 0.00 0.00 1.00 0 114 204 112 1 0 0 0 0 221219 193302.040
0.0551 -6.4486 0.0000 0.00 0.00 1.00 0 195 204 112 1 0 0 0 0 221219 193302.240
0.0833 -6.4589 0.0000 0.00 0.00 1.00 0 184 204 112 1 0 0 0 0 221219 193302.441
0.1137 -6.4680 0.0000 0.00 0.00 1.00 0 236 204 112 1 0 0 0 0 221219 193302.641
0.1395 -6.4760 0.0000 0.00 0.00 1.00 0 248 204 112 1 0 0 0 0 221219 193302.841
0.1711 -6.4881 0.0000 0.00 0.00 1.00 0 176 204 112 1 0 0 0 0 221219 193303.041
0.2033 -6.4952 0.0000 0.00 0.00 1.00 0 37 205 112 1 0 0 0 0 221219 193303.241
0.2306 -6.4979 0.0000 0.00 0.00 1.00 0 208 205 112 1 0 0 0 0 221219 193303.442
0.2567 -6.5063 0.0000 0.00 0.00 1.00 0 172 205 112 1 0 0 0 0 221219 193303.642
0.2884 -6.5126 0.0000 0.00 0.00 1.00 0 254 217 112 1 0 0 0 0 221219 193303.842
0.3164 -6.5170 0.0000 0.00 0.00 1.00 0 137 206 112 1 0 0 0 0 221219 193304.042
0.3471 -6.5252 0.0000 0.00 0.00 1.00 0 153 208 112 1 0 0 0 0 221219 193304.242
0.3825 -6.5252 0.0000 0.00 0.00 1.00 0 13 212 112 1 0 0 0 0 221219 193304.442
0.4183 -6.5218 0.0000 0.00 0.00 1.00 0 167 216 112 1 0 0 0 0 221219 193304.643
0.4361 -6.5302 0.0000 0.00 0.00 1.00 0 149 208 112 1 0 0 0 0 221219 193304.843
0.4574 -6.5353 0.0000 0.00 0.00 1.00 0 172 208 112 1 0 0 0 0 221219 193305.043
0.4905 -6.5349 0.0000 0.00 0.00 1.00 0 51 214 112 1 0 0 0 0 221219 193305.244
0.5306 -6.5301 0.0000 0.00 0.00 1.00 0 144 211 112 1 0 0 0 0 221219 193305.444
0.5575 -6.5261 0.0000 0.00 0.00 1.00 0 88 239 112 1 0 0 0 0 221219 193305.644
0.5918 -6.5304 0.0000 0.00 0.00 1.00 0 186 212 112 1 0 0 0 0 221219 193305.845
0.6246 -6.5345 0.0000 0.00 0.00 1.00 0 160 212 112 1 0 0 0 0 221219 193306.045
0.6546 -6.5279 0.0000 0.00 0.00 1.00 0 171 233 112 1 0 0 0 0 221219 193306.245
0.6866 -6.5212 0.0000 0.00 0.00 1.00 0 41 215 112 1 0 0 0 0 221219 193306.446
0.7151 -6.5164 0.0000 0.00 0.00 1.00 0 117 211 112 1 0 0 0 0 221219 193306.646
0.7473 -6.5149 0.0000 0.00 0.00 1.00 0 35 216 112 1 0 0 0 0 221219 193306.846
0.7811 -6.5092 0.0000 0.00 0.00 1.00 0 74 217 112 1 0 0 0 0 221219 193307.046
0.8095 -6.5053 0.0000 0.00 0.00 1.00 0 231 217 112 1 0 0 0 0 221219 193307.246
0.8377 -6.4983 0.0000 0.00 0.00 1.00 0 215 218 112 1 0 0 0 0 221219 193307.446
0.8617 -6.4912 0.0000 0.00 0.00 1.00 0 221 230 112 1 0 0 0 0 221219 193307.646
0.8924 -6.4871 0.0000 0.00 0.00 1.00 0 73 220 112 1 0 0 0 0 221219 193307.847
0.9300 -6.4790 0.0000 0.00 0.00 1.00 0 74 221 112 1 0 0 0 0 221219 193308.047
0.9571 -6.4730 0.0000 0.00 0.00 1.00 0 221 227 112 1 0 0 0 0 221219 193308.247
0.9859 -6.4642 0.0000 0.00 0.00 1.00 0 78 232 112 1 0 0 0 0 221219 193308.447
1.0187 -6.4558 0.0000 0.00 0.00 1.00 0 4 224 112 1 0 0 0 0 221219 193308.647
1.0448 -6.4471 0.0000 0.00 0.00 1.00 0 255 231 112 1 0 0 0 0 221219 193308.848
1.0757 -6.4309 0.0000 0.00 0.00 1.00 0 14 227 112 1 0 0 0 0 221219 193309.048
1.1082 -6.4206 0.0000 0.00 0.00 1.00 0 144 227 112 1 0 0 0 0 221219 193309.248
1.1410 -6.4119 0.0000 0.00 0.00 1.00 0 83 228 112 1 0 0 0 0 221219 193309.448
1.1747 -6.3994 0.0000 0.00 0.00 1.00 0 100 229 112 1 0 0 0 0 221219 193309.648
1.2096 -6.3894 0.0000 0.00 0.00 1.00 0 27 230 112 1 0 0 0 0 221219 193309.849
1.2357 -6.3762 0.0000 0.00 0.00 1.00 0 81 238 112 1 0 0 0 0 221219 193310.049
1.2653 -6.3598 0.0000 0.00 0.00 1.00 0 147 232 112 1 0 0 0 0 221219 193310.249
1.2993 -6.3489 0.0000 0.00 0.00 1.00 0 82 233 112 1 0 0 0 0 221219 193310.449
1.3275 -6.3397 0.0000 0.00 0.00 1.00 0 172 233 112 1 0 0 0 0 221219 193310.649
1.3572 -6.3272 0.0000 0.00 0.00 1.00 0 235 234 112 1 0 0 0 0 221219 193310.850
1.3826 -6.3179 0.0000 0.00 0.00 1.00 0 189 240 112 1 0 0 0 0 221219 193311.050
1.4045 -6.2968 0.0000 0.00 0.00 1.00 0 148 237 112 1 0 0 0 0 221219 193311.250
1.4322 -6.2835 0.0000 0.00 0.00 1.00 0 67 238 112 1 0 0 0 0 221219 193311.450
1.4610 -6.2686 0.0000 0.00 0.00 1.00 0 125 239 112 1 0 0 0 0 221219 193311.650
1.4988 -6.2451 0.0000 0.00 0.00 1.00 0 122 249 112 1 0 0 0 0 221219 193311.851
1.5274 -6.2290 0.0000 0.00 0.00 1.00 0 189 0 112 1 0 0 0 0 221219 193312.051
1.5577 -6.2157 0.0000 0.00 0.00 1.00 0 194 250 112 1 0 0 0 0 221219 193312.251
1.5863 -6.1980 0.0000 0.00 0.00 1.00 0 53 250 112 1 0 0 0 0 221219 193312.451
1.6149 -6.1731 0.0000 0.00 0.00 1.00 0 204 255 112 1 0 0 0 0 221219 193312.652
1.6377 -6.1562 0.0000 0.00 0.00 1.00 0 47 255 112 1 0 0 0 0 221219 193312.852
1.6617 -6.1449 0.0000 0.00 0.00 1.00 0 65 253 112 1 0 0 0 0 221219 193313.052
1.7027 -6.1282 0.0000 0.00 0.00 1.00 0 190 252 112 1 0 0 0 0 221219 193313.252
1.7320 -6.1134 0.0000 0.00 0.00 1.00 0 0 0 112 1 0 0 0 0 221219 193313.453
1.7615 -6.0921 0.0000 0.00 0.00 1.00 0 0 0 112 1 0 0 0 0 221219 193313.653
1.7851 -6.0744 0.0000 0.00 0.00 1.00 0 0 0 112 1 0 0 0 0 221219 193313.853
1.8124 -6.0539 0.0000 0.00 0.00 1.00 0 0 0 112 1 0 0 0 0 221219 193314.053
1.8400 -6.0361 0.0000 0.00 0.00 1.00 0 0 0 112 1 0 0 0 0 221219 193314.254
1.8719 -6.0189 0.0000 0.00 0.00 1.00 0 0 0 112 1 0 0 0 0 221219 193314.454
1.9009 -6.0009 0.0000 0.00 0.00 1.00 0 0 0 112 1 0 0 0 0 221219 193314.654
1.9308 -5.9819 0.0000 0.00 0.00 1.00 0 0 0 112 1 0 0 0 0 221219 193314.854
1.9584 -5.9645 0.0000 0.00 0.00 1.00 0 0 0 112 1 0 0 0 0 221219 193315.055
1.9847 -5.9393 0.0000 0.00 0.00 1.00 0 0 0 112 1 0 0 0 0 221219 193315.255
2.0162 -5.9203 0.0000 0.00 0.00 1.00 0 0 0 112 1 0 0 0 0 221219 193315.455
2.0403 -5.8993 0.0000 0.00 0.00 1.00 0 0 0 112 1 0 0 0 0 221219 193315.655
2.0662 -5.8876 0.0000 0.00 0.00 1.00 0 0 0 112 1 0 0 0 0 221219 193315.855
2.0958 -5.8698 0.0000 0.00 0.00 1.00 0 0 0 112 1 0 0 0 0 221219 193316.056
2.1219 -5.8516 0.0000 0.00 0.00 1.00 0 0 0 112 1 0 0 0 0 221219 193316.256
2.1488 -5.8311 0.0000 0.00 0.00 1.00 0 0 0 112 1 0 0 0 0 221219 193316.456
2.1840 -5.8073 0.0000 0.00 0.00 1.00 0 0 0 112 1 0 0 0 0 221219 193316.656
2.2204 -5.7877 0.0000 0.00 0.00 1.00 0 0 0 112 1 0 0 0 0 221219 193316.856
2.2432 -5.7722 0.0000 0.00 0.00 1.00 0 0 0 112 1 0 0 0 0 221219 193317.056
2.2654 -5.7559 0.0000 0.00 0.00 1.00 0 0 0 112 1 0 0 0 0 221219 193317.257
2.2889 -5.7395 0.0000 0.00 0.00 1.00 0 0 0 112 1 0 0 0 0 221219 193317.457
2.3206 -5.7218 0.0000 0.00 0.00 1.00 0 0 0 112 1 0 0 0 0 221219 193317.657
2.3534 -5.7009 0.0000 0.00 0.00 1.00 0 0 0 112 1 0 0 0 0 221219 193317.857
2.3861 -5.6761 0.0000 0.00 0.00 1.00 0 0 0 112 1 0 0 0 0 221219 193318.057
2.4143 -5.6580 0.0000 0.00 0.00 1.00 0 0 0 112 1 0 0 0 0 221219 193318.258
2.4395 -5.6455 0.0000 0.00 0.00 1.00 0 0 0 112 1 0 0 0 0 221219 193318.458
2.4630 -5.6292 0.0000 0.00 0.00 1.00 0 0 0 112 1 0 0 0 0 221219 193318.658
2.4948 -5.6078 0.0000 0.00 0.00 1.00 0 0 0 112 1 0 0 0 0 221219 193318.858
2.5266 -5.5880 0.0000 0.00 0.00 1.00 0 0 0 112 1 0 0 0 0 221219 193319.058
2.5528 -5.5684 0.0000 0.00 0.00 1.00 0 0 0 112 1 0 0 0 0 221219 193319.258
2.5777 -5.5502 0.0000 0.00 0.00 1.00 0 0 0 112 1 0 0 0 0 221219 193319.459
2.6041 -5.5336 0.0000 0.00 0.00 1.00 0 0 0 112 1 0 0 0 0 221219 193319.659
2.6331 -5.5169 0.0000 0.00 0.00 1.00 0 0 0 112 1 0 0 0 0 221219 193319.859
2.6583 -5.5024 0.0000 0.00 0.00 1.00 0 0 0 112 1 0 0 0 0 221219 193320.059
2.6843 -5.4775 0.0000 0.00 0.00 1.00 0 0 0 112 1 0 0 0 0 221219 193320.259
2.7181 -5.4544 0.0000 0.00 0.00 1.00 0 0 0 112 1 0 0 0 0 221219 193320.460
2.7511 -5.4392 0.0000 0.00 0.00 1.00 0 0 0 112 1 0 0 0 0 221219 193320.660
2.7826 -5.4228 0.0000 0.00 0.00 1.00 0 0 0 112 1 0 0 0 0 221219 193320.860
2.8056 -5.4033 0.0000 0.00 0.00 1.00 0 0 0 112 1 0 0 0 0 221219 193321.060
2.8308 -5.3848 0.0000 0.00 0.00 1.00 0 0 0 112 1 0 0 0 0 221219 193321.260
2.8639 -5.3685 0.0000 0.00 0.00 1.00 0 0 0 112 1 0 0 0 0 221219 193321.460
2.8925 -5.3460 0.0000 0.00 0.00 1.00 0 85 246 112 1 0 0 0 0 221219 193321.660
2.9213 -5.3287 0.0000 0.00 0.00 1.00 0 63 245 112 1 0 0 0 0 221219 193321.861
2.9490 -5.3107 0.0000 0.00 0.00 1.00 0 153 244 112 1 0 0 0 0 221219 193322.061
2.9711 -5.2905 0.0000 0.00 0.00 1.00 0 3 239 112 1 0 0 0 0 221219 193322.261
3.0008 -5.2711 0.0000 0.00 0.00 1.00 0 10 243 112 1 0 0 0 0 221219 193322.461
3.0342 -5.2541 0.0000 0.00 0.00 1.00 0 1 231 112 1 0 0 0 0 221219 193322.661
3.0613 -5.2383 0.0000 0.00 0.00 1.00 0 9 241 112 1 0 0 0 0 221219 193322.861
3.0853 -5.2219 0.0000 0.00 0.00 1.00 0 128 239 112 1 0 0 0 0 221219 193323.061
3.1014 -5.2018 0.0000 0.00 0.00 1.00 0 20 240 112 1 0 0 0 0 221219 193323.262
3.1262 -5.1823 0.0000 0.00 0.00 1.00 0 45 239 112 1 0 0 0 0 221219 193323.462
3.1539 -5.1650 0.0000 0.00 0.00 1.00 0 232 237 112 1 0 0 0 0 221219 193323.662
3.1843 -5.1473 0.0000 0.00 0.00 1.00 0 118 236 112 1 0 0 0 0 221219 193323.862
3.2185 -5.1277 0.0000 0.00 0.00 1.00 0 118 234 112 1 0 0 0 0 221219 193324.062
3.2392 -5.1071 0.0000 0.00 0.00 1.00 0 40 237 112 1 0 0 0 0 221219 193324.263
3.2702 -5.0878 0.0000 0.00 0.00 1.00 0 250 232 112 1 0 0 0 0 221219 193324.463
3.3010 -5.0698 0.0000 0.00 0.00 1.00 0 69 231 112 1 0 0 0 0 221219 193324.663
3.3229 -5.0550 0.0000 0.00 0.00 1.00 0 166 230 112 1 0 0 0 0 221219 193324.863
3.3440 -5.0362 0.0000 0.00 0.00 1.00 0 65 230 112 1 0 0 0 0 221219 193325.063
3.3728 -5.0144 0.0000 0.00 0.00 1.00 0 171 228 112 1 0 0 0 0 221219 193325.263
3.3982 -4.9900 0.0000 0.00 0.00 1.00 0 160 227 112 1 0 0 0 0 221219 193325.464
3.4206 -4.9671 0.0000 0.00 0.00 1.00 0 179 226 112 1 0 0 0 0 221219 193325.664
3.4453 -4.9511 0.0000 0.00 0.00 1.00 0 51 225 112 1 0 0 0 0 221219 193325.864
3.4689 -4.9262 0.0000 0.00 0.00 1.00 0 48 224 112 1 0 0 0 0 221219 193326.064
3.4966 -4.9061 0.0000 0.00 0.00 1.00 0 134 222 112 1 0 0 0 0 221219 193326.264
3.5188 -4.8865 0.0000 0.00 0.00 1.00 0 139 221 112 1 0 0 0 0 221219 193326.464
3.5454 -4.8629 0.0000 0.00 0.00 1.00 0 231 209 112 1 0 0 0 0 221219 193326.665
3.5656 -4.8427 0.0000 0.00 0.00 1.00 0 115 219 112 1 0 0 0 0 221219 193326.865
3.5838 -4.8256 0.0000 0.00 0.00 1.00 0 126 212 112 1 0 0 0 0 221219 193327.065
3.6096 -4.7999 0.0000 0.00 0.00 1.00 0 59 213 112 1 0 0 0 0 221219 193327.265
3.6315 -4.7743 0.0000 0.00 0.00 1.00 0 113 217 112 1 0 0 0 0 221219 193327.465
3.6510 -4.7695 0.0000 0.00 0.00 1.00 0 85 216 112 1 0 0 0 0 221219 193327.666
3.6792 -4.7400 0.0000 0.00 0.00 1.00 0 86 215 112 1 0 0 0 0 221219 193327.866
3.6982 -4.7124 0.0000 0.00 0.00 1.00 0 250 214 112 1 0 0 0 0 221219 193328.066
3.7195 -4.6859 0.0000 0.00 0.00 1.00 0 42 214 112 1 0 0 0 0 221219 193328.266
3.7390 -4.6709 0.0000 0.00 0.00 1.00 0 0 0 127 0 0 0 0 0 221219 193328.466
3.7538 -4.6499 0.0000 0.00 0.00 1.00 0 0 0 127 0 0 0 0 0 221219 193328.666
3.7720 -4.6277 0.0000 0.00 0.00 1.00 0 0 0 127 0 0 0 0 0 221219 193328.866
3.7620 -4.6354 0.0000 0.00 0.00 1.00 0 0 0 127 0 0 0 0 0 221219 193329.067
3.7494 -4.6425 0.0000 0.00 0.00 1.00 0 0 0 127 0 0 0 0 0 221219 193329.267
3.7484 -4.6514 0.0000 0.00 0.00 1.00 0 0 0 127 0 0 0 0 0 221219 193329.467
3.7486 -4.6539 0.0000 0.00 0.00 1.00 0 0 0 127 0 0 0 0 0 221219 193329.667
3.7537 -4.6505 0.0000 0.00 0.00 1.00 0 0 0 127 0 0 0 0 0 221219 193329.867
3.7550 -4.6455 0.0000 0.00 0.00 1.00 0 0 0 127 0 0 0 0 0 221219 193330.068
3.7502 -4.6459 0.0000 0.00 0.00 1.00 0 0 0 127 0 0 0 0 0 221219 193330.268
3.7520 -4.6451 0.0000 0.00 0.00 1.00 0 0 0 127 0 0 0 0 0 221219 193330.468
3.7506 -4.6477 0.0000 0.00 0.00 1.00 0 0 0 127 0 0 0 0 0 221219 193330.668
3.7529 -4.6464 0.0000 0.00 0.00 1.00 0 0 0 127 0 0 0 0 0 221219 193330.868
3.7496 -4.6492 0.0000 0.00 0.00 1.00 0 0 0 127 0 0 0 0 0 221219 193331.069
3.7475 -4.6472 0.0000 0.00 0.00 1.00 0 0 0 127 0 0 0 0 0 221219 193331.269
3.7439 -4.6423 0.0000 0.00 0.00 1.00 0 0 0 127 0 0 0 0 0 221219 193331.469
3.7453 -4.6492 0.0000 0.00 0.00 1.00 0 0 0 127 0 0 0 0 0 221219 193331.669
3.7430 -4.6509 0.0000 0.00 0.00 1.00 0 0 0 127 0 0 0 0 0 221219 193331.870
3.7473 -4.6476 0.0000 0.00 0.00 1.00 0 0 0 127 0 0 0 0 0 221219 193332.070
3.7500 -4.6467 0.0000 0.00 0.00 1.00 0 0 0 127 0 0 0 0 0 221219 193332.270
3.7497 -4.6473 0.0000 0.00 0.00 1.00 0 0 0 127 0 0 0 0 0 221219 193332.470
3.7474 -4.6447 0.0000 0.00 0.00 1.00 0 0 0 127 0 0 0 0 0 221219 193332.671
3.7483 -4.6468 0.0000 0.00 0.00 1.00 0 0 0 127 0 0 0 0 0 221219 193332.871
3.7517 -4.6484 0.0000 0.00 0.00 1.00 0 0 0 127 0 0 0 0 0 221219 193333.071
3.7531 -4.6475 0.0000 0.00 0.00 1.00 0 0 0 127 0 0 0 0 0 221219 193333.271
3.7480 -4.6488 0.0000 0.00 0.00 1.00 0 0 0 127 0 0 0 0 0 221219 193333.471
3.7450 -4.6453 0.0000 0.00 0.00 1.00 0 0 0 127 0 0 0 0 0 221219 193333.672
3.7479 -4.6445 0.0000 0.00 0.00 1.00 0 0 0 127 0 0 0 0 0 221219 193333.872
3.7503 -4.6446 0.0000 0.00 0.00 1.00 0 0 0 127 0 0 0 0 0 221219 193334.072
3.7494 -4.6458 0.0000 0.00 0.00 1.00 0 0 0 127 0 0 0 0 0 221219 193334.273
3.7460 -4.6465 0.0000 0.00 0.00 1.00 0 0 0 127 0 0 0 0 0 221219 193334.473
3.7461 -4.6497 0.0000 0.00 0.00 1.00 0 0 0 127 0 0 0 0 0 221219 193334.673
3.7455 -4.6473 0.0000 0.00 0.00 1.00 0 0 0 127 0 0 0 0 0 221219 193334.873
3.7466 -4.6471 0.0000 0.00 0.00 1.00 0 0 0 127 0 0 0 0 0 221219 193335.074
3.7473 -4.6476 0.0000 0.00 0.00 1.00 0 0 0 127 0 0 0 0 0 221219 193335.274
3.7464 -4.6454 0.0000 0.00 0.00 1.00 0 0 0 127 0 0 0 0 0 221219 193335.474
3.7439 -4.6490 0.0000 0.00 0.00 1.00 0 0 0 127 0 0 0 0 0 221219 193335.675
3.7461 -4.6477 0.0000 0.00 0.00 1.00 0 0 0 127 0 0 0 0 0 221219 193335.875
3.7465 -4.6473 0.0000 0.00 0.00 1.00 0 0 0 127 0 0 0 0 0 221219 193336.075
3.7487 -4.6466 0.0000 0.00 0.00 1.00 0 0 0 127 0 0 0 0 0 221219 193336.276
3.7444 -4.6494 0.0000 0.00 0.00 1.00 0 0 0 127 0 0 0 0 0 221219 193336.476
3.7449 -4.6482 0.0000 0.00 0.00 1.00 0 0 0 127 0 0 0 0 0 221219 193336.676
3.7467 -4.6471 0.0000 0.00 0.00 1.00 0 0 0 127 0 0 0 0 0 221219 193336.877
3.7471 -4.6470 0.0000 0.00 0.00 1.00 0 0 0 127 0 0 0 0 0 221219 193337.077
3.7472 -4.6483 0.0000 0.00 0.00 1.00 0 0 0 127 0 0 0 0 0 221219 193337.278
3.7451 -4.6494 0.0000 0.00 0.00 1.00 0 0 0 127 0 0 0 0 0 221219 193337.478
3.7435 -4.6482 0.0000 0.00 0.00 1.00 0 0 0 127 0 0 0 0 0 221219 193337.678
3.7494 -4.6454 0.0000 0.00 0.00 1.00 0 0 0 127 0 0 0 0 0 221219 193337.878
3.7479 -4.6477 0.0000 0.00 0.00 1.00 0 0 0 127 0 0 0 0 0 221219 193338.079
3.7469 -4.6495 0.0000 0.00 0.00 1.00 0 0 0 127 0 0 0 0 0 221219 193338.279
3.7470 -4.6502 0.0000 0.00 0.00 1.00 0 0 0 127 0 0 0 0 0 221219 193338.479
3.7460 -4.6480 0.0000 0.00 0.00 1.00 0 0 0 127 0 0 0 0 0 221219 193338.679
3.7455 -4.6480 0.0000 0.00 0.00 1.00 0 0 0 127 0 0 0 0 0 221219 193338.880
3.7460 -4.6467 0.0000 0.00 0.00 1.00 0 0 0 127 0 0 0 0 0 221219 193339.080
3.7484 -4.6446 0.0000 0.00 0.00 1.00 0 0 0 127 0 0 0 0 0 221219 193339.280
3.7494 -4.6473 0.0000 0.00 0.00 1.00 0 0 0 127 0 0 0 0 0 221219 193339.480
3.7479 -4.6472 0.0000 0.00 0.00 1.00 0 0 0 127 0 0 0 0 0 221219 193339.680
3.7461 -4.6455 0.0000 0.00 0.00 1.00 0 0 0 127 0 0 0 0 0 221219 193339.880
3.7488 -4.6478 0.0000 0.00 0.00 1.00 0 0 0 127 0 0 0 0 0 221219 193340.081
3.7491 -4.6467 0.0000 0.00 0.00 1.00 0 0 0 127 0 0 0 0 0 221219 193340.281
3.7495 -4.6478 0.0000 0.00 0.00 1.00 0 125 213 112 1 0 0 0 0 221219 193340.481
3.7488 -4.6468 0.0000 0.00 0.00 1.00 0 253 213 112 1 0 0 0 0 221219 193340.681
3.7498 -4.6462 0.0000 0.00 0.00 1.00 0 207 213 112 1 0 0 0 0 221219 193340.881
3.7741 -4.6290 0.0000 0.00 0.00 1.00 0 28 212 112 1 0 0 0 0 221219 193341.082
3.8069 -4.5876 0.0000 0.00 0.00 1.00 0 230 210 112 1 0 0 0 0 221219 193341.282
3.8338 -4.5399 0.0000 0.00 0.00 1.00 0 160 210 112 1 0 0 0 0 221219 193341.482
3.8497 -4.5197 0.0000 0.00 0.00 1.00 0 47 210 112 1 0 0 0 0 221219 193341.682
3.8527 -4.5062 0.0000 0.00 0.00 1.00 0 183 210 112 1 0 0 0 0 221219 193341.882
3.8665 -4.4745 0.0000 0.00 0.00 1.00 0 218 210 112 1 0 0 0 0 221219 193342.082
3.8796 -4.4329 0.0000 0.00 0.00 1.00 0 0 0 127 0 0 0 0 0 221219 193342.283
3.8932 -4.3992 0.0000 0.00 0.00 1.00 0 156 211 112 1 0 0 0 0 221219 193342.483
3.9002 -4.3809 0.0000 0.00 0.00 1.00 0 172 211 112 1 0 0 0 0 221219 193342.683
3.8977 -4.3901 0.0000 0.00 0.00 1.00 0 112 211 112 1 0 0 0 0 221219 193342.883
3.9062 -4.3888 0.0000 0.00 0.00 1.00 0 124 210 112 1 0 0 0 0 221219 193343.083
3.9204 -4.3587 0.0000 0.00 0.00 1.00 0 162 210 112 1 0 0 0 0 221219 193343.283
3.9407 -4.3228 0.0000 0.00 0.00 1.00 0 191 206 112 1 0 0 0 0 221219 193343.483
3.9550 -4.2858 0.0000 0.00 0.00 1.00 0 55 210 112 1 0 0 0 0 221219 193343.684
3.9654 -4.2560 0.0000 0.00 0.00 1.00 0 104 210 112 1 0 0 0 0 221219 193343.884
3.9785 -4.2252 0.0000 0.00 0.00 1.00 0 47 210 112 1 0 0 0 0 221219 193344.084
3.9895 -4.1941 0.0000 0.00 0.00 1.00 0 0 0 127 0 0 0 0 0 221219 193344.284
3.9925 -4.1650 0.0000 0.00 0.00 1.00 0 0 0 127 0 0 0 0 0 221219 193344.484
3.9952 -4.1399 0.0000 0.00 0.00 1.00 0 0 0 127 0 0 0 0 0 221219 193344.684
3.9902 -4.1558 0.0000 0.00 0.00 1.00 0 0 0 127 0 0 0 0 0 221219 193344.885
3.9883 -4.1681 0.0000 0.00 0.00 1.00 0 0 0 127 0 0 0 0 0 221219 193345.085
3.9867 -4.1774 0.0000 0.00 0.00 1.00 0 0 0 127 0 0 0 0 0 221219 193345.285
3.9865 -4.1812 0.0000 0.00 0.00 1.00 0 0 0 127 0 0 0 0 0 221219 193345.485
3.9879 -4.1779 0.0000 0.00 0.00 1.00 0 0 0 127 0 0 0 0 0 221219 193345.685
3.9864 -4.1692 0.0000 0.00 0.00 1.00 0 0 0 127 0 0 0 0 0 221219 193345.885
3.9862 -4.1659 0.0000 0.00 0.00 1.00 0 0 0 127 0 0 0 0 0 221219 193346.086
3.9788 -4.1637 0.0000 0.00 0.00 1.00 0 0 0 127 0 0 0 0 0 221219 193346.286
3.9854 -4.1684 0.0000 0.00 0.00 1.00 0 0 0 127 0 0 0 0 0 221219 193346.486
3.9822 -4.1748 0.0000 0.00 0.00 1.00 0 0 0 127 0 0 0 0 0 221219 193346.686
3.9775 -4.1787 0.0000 0.00 0.00 1.00 0 0 0 127 0 0 0 0 0 221219 193346.886
3.9622 -4.1750 0.0000 0.00 0.00 1.00 0 0 0 127 0 0 0 0 0 221219 193347.087
3.9232 -4.1251 0.0000 0.00 0.00 1.00 0 242 50 112 1 0 0 0 0 221219 193347.287
3.9028 -4.0479 0.0000 0.00 0.00 1.00 0 89 251 112 1 0 0 0 0 221219 193347.487
3.8968 -3.9861 0.0000 0.00 0.00 1.00 0 243 244 112 1 0 0 0 0 221219 193347.687
3.9126 -3.9809 0.0000 0.00 0.00 1.00 0 0 0 127 0 0 0 0 0 221219 193347.887
3.9216 -3.9665 0.0000 0.00 0.00 1.00 0 16 222 112 1 0 0 0 0 221219 193348.087
3.9228 -3.9576 0.0000 0.00 0.00 1.00 0 0 0 127 0 0 0 0 0 221219 193348.287
3.9193 -3.9620 0.0000 0.00 0.00 1.00 0 103 222 112 1 0 0 0 0 221219 193348.488
3.9162 -3.9592 0.0000 0.00 0.00 1.00 0 208 222 112 1 0 0 0 0 221219 193348.688
3.9208 -3.9560 0.0000 0.00 0.00 1.00 0 109 222 112 1 0 0 0 0 221219 193348.888
3.9152 -3.9101 0.0000 0.00 0.00 1.00 0 0 0 127 0 0 0 0 0 221219 193349.088
3.9114 -3.8649 0.0000 0.00 0.00 1.00 0 0 0 127 0 0 0 0 0 221219 193349.288
3.9119 -3.8362 0.0000 0.00 0.00 1.00 0 18 231 112 1 0 0 0 0 221219 193349.488
3.9103 -3.8314 0.0000 0.00 0.00 1.00 0 0 0 127 0 0 0 0 0 221219 193349.689
3.9115 -3.8478 0.0000 0.00 0.00 1.00 0 0 0 127 0 0 0 0 0 221219 193349.889
3.9114 -3.8452 0.0000 0.00 0.00 1.00 0 113 226 112 1 0 0 0 0 221219 193350.089
3.9115 -3.8321 0.0000 0.00 0.00 1.00 0 147 227 112 1 0 0 0 0 221219 193350.289
3.9120 -3.8221 0.0000 0.00 0.00 1.00 0 239 229 112 1 0 0 0 0 221219 193350.489
3.9075 -3.7971 0.0000 0.00 0.00 1.00 0 48 232 112 1 0 0 0 0 221219 193350.689
3.8963 -3.7422 0.0000 0.00 0.00 1.00 0 197 8 112 1 0 0 0 0 221219 193350.890
3.8845 -3.6989 0.0000 0.00 0.00 1.00 0 84 246 112 1 0 0 0 0 221219 193351.090
3.8781 -3.6605 0.0000 0.00 0.00 1.00 0 155 239 112 1 0 0 0 0 221219 193351.290
3.8714 -3.6308 0.0000 0.00 0.00 1.00 0 152 245 112 1 0 0 0 0 221219 193351.490
3.8693 -3.6022 0.0000 0.00 0.00 1.00 0 232 231 112 1 0 0 0 0 221219 193351.690
3.8599 -3.5726 0.0000 0.00 0.00 1.00 0 65 245 112 1 0 0 0 0 221219 193351.890
3.8503 -3.5409 0.0000 0.00 0.00 1.00 0 94 247 112 1 0 0 0 0 221219 193352.090
3.8503 -3.5131 0.0000 0.00 0.00 1.00 0 242 244 112 1 0 0 0 0 221219 193352.291
3.8404 -3.4782 0.0000 0.00 0.00 1.00 0 216 239 112 1 0 0 0 0 221219 193352.491
3.8381 -3.4401 0.0000 0.00 0.00 1.00 0 110 240 112 1 0 0 0 0 221219 193352.691
3.8326 -3.4084 0.0000 0.00 0.00 1.00 0 96 241 112 1 0 0 0 0 221219 193352.891
3.8268 -3.3791 0.0000 0.00 0.00 1.00 0 56 242 112 1 0 0 0 0 221219 193353.091
3.8208 -3.3480 0.0000 0.00 0.00 1.00 0 227 242 112 1 0 0 0 0 221219 193353.292
3.8107 -3.3145 0.0000 0.00 0.00 1.00 0 214 243 112 1 0 0 0 0 221219 193353.492
3.8019 -3.2849 0.0000 0.00 0.00 1.00 0 172 244 112 1 0 0 0 0 221219 193353.692
3.7880 -3.2502 0.0000 0.00 0.00 1.00 0 20 246 112 1 0 0 0 0 221219 193353.892
3.7771 -3.2203 0.0000 0.00 0.00 1.00 0 76 255 112 1 0 0 0 0 221219 193354.092
3.7666 -3.1861 0.0000 0.00 0.00 1.00 0 127 248 112 1 0 0 0 0 221219 193354.293
3.7588 -3.1445 0.0000 0.00 0.00 1.00 0 0 0 112 1 0 0 0 0 221219 193354.493
3.7551 -3.1253 0.0000 0.00 0.00 1.00 0 0 0 112 1 0 0 0 0 221219 193354.693
3.7452 -3.0904 0.0000 0.00 0.00 1.00 0 0 0 112 1 0 0 0 0 221219 193354.893
3.7381 -3.0608 0.0000 0.00 0.00 1.00 0 0 0 112 1 0 0 0 0 221219 193355.093
3.7216 -3.0276 0.0000 0.00 0.00 1.00 0 0 0 112 1 0 0 0 0 221219 193355.294
3.7158 -2.9893 0.0000 0.00 0.00 1.00 0 0 0 112 1 0 0 0 0 221219 193355.494
3.7066 -2.9616 0.0000 0.00 0.00 1.00 0 0 0 112 1 0 0 0 0 221219 193355.694
3.6966 -2.9265 0.0000 0.00 0.00 1.00 0 0 0 112 1 0 0 0 0 221219 193355.894
3.6848 -2.8937 0.0000 0.00 0.00 1.00 0 0 0 112 1 0 0 0 0 221219 193356.094
3.6791 -2.8650 0.0000 0.00 0.00 1.00 0 0 0 112 1 0 0 0 0 221219 193356.295
3.6684 -2.8394 0.0000 0.00 0.00 1.00 0 0 0 112 1 0 0 0 0 221219 193356.495
3.6555 -2.8010 0.0000 0.00 0.00 1.00 0 0 0 112 1 0 0 0 0 221219 193356.695
3.6477 -2.7672 0.0000 0.00 0.00 1.00 0 0 0 112 1 0 0 0 0 221219 193356.895
3.6398 -2.7394 0.0000 0.00 0.00 1.00 0 0 0 112 1 0 0 0 0 221219 193357.095
3.6301 -2.7041 0.0000 0.00 0.00 1.00 0 0 0 112 1 0 0 0 0 221219 193357.295
3.6221 -2.6788 0.0000 0.00 0.00 1.00 0 0 0 112 1 0 0 0 0 221219 193357.495
3.6112 -2.6457 0.0000 0.00 0.00 1.00 0 0 0 112 1 0 0 0 0 221219 193357.696
3.5965 -2.6145 0.0000 0.00 0.00 1.00 0 0 0 112 1 0 0 0 0 221219 193357.896
3.5831 -2.5779 0.0000 0.00 0.00 1.00 0 0 0 112 1 0 0 0 0 221219 193358.096
3.5754 -2.5511 0.0000 0.00 0.00 1.00 0 0 0 112 1 0 0 0 0 221219 193358.296
3.5733 -2.5289 0.0000 0.00 0.00 1.00 0 0 0 112 1 0 0 0 0 221219 193358.497
3.5676 -2.4924 0.0000 0.00 0.00 1.00 0 0 0 112 1 0 0 0 0 221219 193358.697
3.5504 -2.4583 0.0000 0.00 0.00 1.00 0 0 0 112 1 0 0 0 0 221219 193358.897
3.5387 -2.4270 0.0000 0.00 0.00 1.00 0 0 0 112 1 0 0 0 0 221219 193359.097
3.5270 -2.3900 0.0000 0.00 0.00 1.00 0 0 0 112 1 0 0 0 0 221219 193359.297
3.5107 -2.3529 0.0000 0.00 0.00 1.00 0 0 0 112 1 0 0 0 0 221219 193359.498
3.5039 -2.3137 0.0000 0.00 0.00 1.00 0 0 0 112 1 0 0 0 0 221219 193359.698
3.4964 -2.2868 0.0000 0.00 0.00 1.00 0 0 0 112 1 0 0 0 0 221219 193359.898
3.4901 -2.2561 0.0000 0.00 0.00 1.00 0 0 0 112 1 0 0 0 0 221219 193400.099
3.4791 -2.2186 0.0000 0.00 0.00 1.00 0 0 0 112 1 0 0 0 0 221219 193400.299
3.4691 -2.1874 0.0000 0.00 0.00 1.00 0 0 0 112 1 0 0 0 0 221219 193400.499
3.4596 -2.1476 0.0000 0.00 0.00 1.00 0 0 0 112 1 0 0 0 0 221219 193400.700
3.4459 -2.1190 0.0000 0.00 0.00 1.00 0 0 0 112 1 0 0 0 0 221219 193400.900
3.4313 -2.0931 0.0000 0.00 0.00 1.00 0 0 0 112 1 0 0 0 0 221219 193401.100
3.4189 -2.0619 0.0000 0.00 0.00 1.00 0 0 0 112 1 0 0 0 0 221219 193401.300
3.4138 -2.0347 0.0000 0.00 0.00 1.00 0 0 0 112 1 0 0 0 0 221219 193401.500
3.4036 -2.0010 0.0000 0.00 0.00 1.00 0 0 0 112 1 0 0 0 0 221219 193401.701
3.3924 -1.9662 0.0000 0.00 0.00 1.00 0 0 0 112 1 0 0 0 0 221219 193401.901
3.3820 -1.9332 0.0000 0.00 0.00 1.00 0 0 0 112 1 0 0 0 0 221219 193402.102
3.3713 -1.8995 0.0000 0.00 0.00 1.00 0 0 0 112 1 0 0 0 0 221219 193402.302
3.3616 -1.8711 0.0000 0.00 0.00 1.00 0 0 0 112 1 0 0 0 0 221219 193402.502
3.3525 -1.8419 0.0000 0.00 0.00 1.00 0 0 0 112 1 0 0 0 0 221219 193402.703
3.3449 -1.8161 0.0000 0.00 0.00 1.00 0 0 0 112 1 0 0 0 0 221219 193402.903
3.3369 -1.7806 0.0000 0.00 0.00 1.00 0 0 0 112 1 0 0 0 0 221219 193403.103
3.3227 -1.7444 0.0000 0.00 0.00 1.00 0 0 0 112 1 0 0 0 0 221219 193403.303
3.3139 -1.7148 0.0000 0.00 0.00 1.00 0 0 0 112 1 0 0 0 0 221219 193403.503
3.2968 -1.6778 0.0000 0.00 0.00 1.00 0 0 0 112 1 0 0 0 0 221219 193403.703
3.2859 -1.6444 0.0000 0.00 0.00 1.00 0 0 0 112 1 0 0 0 0 221219 193403.903
3.2796 -1.6075 0.0000 0.00 0.00 1.00 0 0 0 112 1 0 0 0 0 221219 193404.104
3.2685 -1.5756 0.0000 0.00 0.00 1.00 0 0 0 112 1 0 0 0 0 221219 193404.304
3.2554 -1.5410 0.0000 0.00 0.00 1.00 0 0 0 112 1 0 0 0 0 221219 193404.504
3.2429 -1.5070 0.0000 0.00 0.00 1.00 0 0 0 112 1 0 0 0 0 221219 193404.704
3.2351 -1.4863 0.0000 0.00 0.00 1.00 0 0 0 112 1 0 0 0 0 221219 193404.904
3.2214 -1.4465 0.0000 0.00 0.00 1.00 0 0 0 112 1 0 0 0 0 221219 193405.104
3.2125 -1.4105 0.0000 0.00 0.00 1.00 0 0 0 112 1 0 0 0 0 221219 193405.305
3.2023 -1.3759 0.0000 0.00 0.00 1.00 0 0 0 112 1 0 0 0 0 221219 193405.505
3.1890 -1.3459 0.0000 0.00 0.00 1.00 0 0 0 112 1 0 0 0 0 221219 193405.705
3.1791 -1.3150 0.0000 0.00 0.00 1.00 0 0 0 112 1 0 0 0 0 221219 193405.905
3.1650 -1.2840 0.0000 0.00 0.00 1.00 0 0 0 112 1 0 0 0 0 221219 193406.105
3.1533 -1.2485 0.0000 0.00 0.00 1.00 0 0 0 112 1 0 0 0 0 221219 193406.306
3.1458 -1.2132 0.0000 0.00 0.00 1.00 0 0 0 112 1 0 0 0 0 221219 193406.506
3.1328 -1.1835 0.0000 0.00 0.00 1.00 0 0 0 112 1 0 0 0 0 221219 193406.706
3.1179 -1.1496 0.0000 0.00 0.00 1.00 0 0 0 112 1 0 0 0 0 221219 193406.906
3.1047 -1.1109 0.0000 0.00 0.00 1.00 0 0 0 112 1 0 0 0 0 221219 193407.106
3.0976 -1.0796 0.0000 0.00 0.00 1.00 0 0 0 112 1 0 0 0 0 221219 193407.306
3.0927 -1.0457 0.0000 0.00 0.00 1.00 0 7 245 112 1 0 0 0 0 221219 193407.506
3.0862 -1.0080 0.0000 0.00 0.00 1.00 0 149 243 112 1 0 0 0 0 221219 193407.707
3.0681 -0.9806 0.0000 0.00 0.00 1.00 0 36 11 112 1 0 0 0 0 221219 193407.907
3.0557 -0.9565 0.0000 0.00 0.00 1.00 0 119 243 112 1 0 0 0 0 221219 193408.107
3.0436 -0.9364 0.0000 0.00 0.00 1.00 0 143 238 112 1 0 0 0 0 221219 193408.307
3.0370 -0.9085 0.0000 0.00 0.00 1.00 0 232 241 112 1 0 0 0 0 221219 193408.507
3.0264 -0.8731 0.0000 0.00 0.00 1.00 0 214 239 112 1 0 0 0 0 221219 193408.707
3.0225 -0.8403 0.0000 0.00 0.00 1.00 0 252 237 112 1 0 0 0 0 221219 193408.907
3.0144 -0.8040 0.0000 0.00 0.00 1.00 0 214 224 112 1 0 0 0 0 221219 193409.108
3.0001 -0.7742 0.0000 0.00 0.00 1.00 0 166 235 112 1 0 0 0 0 221219 193409.308
2.9860 -0.7473 0.0000 0.00 0.00 1.00 0 48 235 112 1 0 0 0 0 221219 193409.508
2.9737 -0.7258 0.0000 0.00 0.00 1.00 0 203 234 112 1 0 0 0 0 221219 193409.708
2.9642 -0.6965 0.0000 0.00 0.00 1.00 0 127 233 112 1 0 0 0 0 221219 193409.908
2.9562 -0.6564 0.0000 0.00 0.00 1.00 0 215 218 112 1 0 0 0 0 221219 193410.108
2.9414 -0.6186 0.0000 0.00 0.00 1.00 0 155 229 112 1 0 0 0 0 221219 193410.309
2.9297 -0.5920 0.0000 0.00 0.00 1.00 0 103 219 112 1 0 0 0 0 221219 193410.509
2.9209 -0.5645 0.0000 0.00 0.00 1.00 0 125 227 112 1 0 0 0 0 221219 193410.709
2.9089 -0.5339 0.0000 0.00 0.00 1.00 0 91 226 112 1 0 0 0 0 221219 193410.909
2.9007 -0.5034 0.0000 0.00 0.00 1.00 0 207 224 112 1 0 0 0 0 221219 193411.109
2.8933 -0.4716 0.0000 0.00 0.00 1.00 0 255 222 112 1 0 0 0 0 221219 193411.309
2.8718 -0.4419 0.0000 0.00 0.00 1.00 0 34 222 112 1 0 0 0 0 221219 193411.509
2.8552 -0.4124 0.0000 0.00 0.00 1.00 0 80 221 112 1 0 0 0 0 221219 193411.710
2.8391 -0.3887 0.0000 0.00 0.00 1.00 0 239 220 112 1 0 0 0 0 221219 193411.910
2.8251 -0.3629 0.0000 0.00 0.00 1.00 0 221 219 112 1 0 0 0 0 221219 193412.110
2.8136 -0.3394 0.0000 0.00 0.00 1.00 0 173 218 112 1 0 0 0 0 221219 193412.310
2.7975 -0.3100 0.0000 0.00 0.00 1.00 0 100 217 112 1 0 0 0 0 221219 193412.510
2.7804 -0.2830 0.0000 0.00 0.00 1.00 0 5 209 112 1 0 0 0 0 221219 193412.710
2.7627 -0.2511 0.0000 0.00 0.00 1.00 0 23 215 112 1 0 0 0 0 221219 193412.911
2.7495 -0.2299 0.0000 0.00 0.00 1.00 0 100 214 112 1 0 0 0 0 221219 193413.111
2.7365 -0.2119 0.0000 0.00 0.00 1.00 0 222 213 112 1 0 0 0 0 221219 193413.311
2.7157 -0.1863 0.0000 0.00 0.00 1.00 0 21 213 112 1 0 0 0 0 221219 193413.511
2.6947 -0.1536 0.0000 0.00 0.00 1.00 0 45 211 112 1 0 0 0 0 221219 193413.711
2.6751 -0.1215 0.0000 0.00 0.00 1.00 0 79 198 112 1 0 0 0 0 221219 193413.911
2.6598 -0.1028 0.0000 0.00 0.00 1.00 0 249 197 112 1 0 0 0 0 221219 193414.112
2.6416 -0.0818 0.0000 0.00 0.00 1.00 0 124 208 112 1 0 0 0 0 221219 193414.312
2.6224 -0.0635 0.0000 0.00 0.00 1.00 0 217 201 112 1 0 0 0 0 221219 193414.512
2.6012 -0.0358 0.0000 0.00 0.00 1.00 0 212 206 112 1 0 0 0 0 221219 193414.712
2.5745 -0.0055 0.0000 0.00 0.00 1.00 0 176 205 112 1 0 0 0 0 221219 193414.912
2.5560 0.0137 0.0000 0.00 0.00 1.00 0 186 198 112 1 0 0 0 0 221219 193415.112
2.5329 0.0298 0.0000 0.00 0.00 1.00 0 96 205 112 1 0 0 0 0 221219 193415.312
2.5139 0.0564 0.0000 0.00 0.00 1.00 0 25 204 112 1 0 0 0 0 221219 193415.513
2.4903 0.0797 0.0000 0.00 0.00 1.00 0 109 203 112 1 0 0 0 0 221219 193415.713
2.4695 0.0976 0.0000 0.00 0.00 1.00 0 29 203 112 1 0 0 0 0 221219 193415.913
2.4457 0.1100 0.0000 0.00 0.00 1.00 0 156 203 112 1 0 0 0 0 221219 193416.113
2.4145 0.1320 0.0000 0.00 0.00 1.00 0 249 206 112 1 0 0 0 0 221219 193416.313
2.3916 0.1550 0.0000 0.00 0.00 1.00 0 99 202 112 1 0 0 0 0 221219 193416.513
2.3658 0.1705 0.0000 0.00 0.00 1.00 0 136 202 112 1 0 0 0 0 221219 193416.714
2.3409 0.1837 0.0000 0.00 0.00 1.00 0 204 202 112 1 0 0 0 0 221219 193416.914
2.3244 0.1995 0.0000 0.00 0.00 1.00 0 46 202 112 1 0 0 0 0 221219 193417.114
2.2955 0.2147 0.0000 0.00 0.00 1.00 0 123 202 112 1 0 0 0 0 221219 193417.314
2.2643 0.2390 0.0000 0.00 0.00 1.00 0 195 201 112 1 0 0 0 0 221219 193417.514
2.2382 0.2470 0.0000 0.00 0.00 1.00 0 155 202 112 1 0 0 0 0 221219 193417.714
2.2120 0.2604 0.0000 0.00 0.00 1.00 0 171 202 112 1 0 0 0 0 221219 193417.914
2.1860 0.2734 0.0000 0.00 0.00 1.00 0 191 202 112 1 0 0 0 0 221219 193418.114
2.1602 0.2907 0.0000 0.00 0.00 1.00 0 88 202 112 1 0 0 0 0 221219 193418.315
2.1284 0.3052 0.0000 0.00 0.00 1.00 0 179 202 112 1 0 0 0 0 221219 193418.515
2.0957 0.3130 0.0000 0.00 0.00 1.00 0 246 203 112 1 0 0 0 0 221219 193418.715
2.0682 0.3227 0.0000 0.00 0.00 1.00 0 44 204 112 1 0 0 0 0 221219 193418.915
2.0425 0.3299 0.0000 0.00 0.00 1.00 0 89 205 112 1 0 0 0 0 221219 193419.115
2.0174 0.3410 0.0000 0.00 0.00 1.00 0 250 202 112 1 0 0 0 0 221219 193419.315
1.9847 0.3507 0.0000 0.00 0.00 1.00 0 207 204 112 1 0 0 0 0 221219 193419.515
1.9541 0.3548 0.0000 0.00 0.00 1.00 0 82 205 112 1 0 0 0 0 221219 193419.716
1.9259 0.3577 0.0000 0.00 0.00 1.00 0 207 205 112 1 0 0 0 0 221219 193419.916
1.8938 0.3685 0.0000 0.00 0.00 1.00 0 101 205 112 1 0 0 0 0 221219 193420.116
1.8640 0.3768 0.0000 0.00 0.00 1.00 0 64 205 112 1 0 0 0 0 221219 193420.316
1.8312 0.3814 0.0000 0.00 0.00 1.00 0 194 205 112 1 0 0 0 0 221219 193420.516
1.8048 0.3842 0.0000 0.00 0.00 1.00 0 36 206 112 1 0 0 0 0 221219 193420.716
1.7746 0.3866 0.0000 0.00 0.00 1.00 0 191 206 112 1 0 0 0 0 221219 193420.916
1.7453 0.3835 0.0000 0.00 0.00 1.00 0 28 208 112 1 0 0 0 0 221219 193421.117
1.7134 0.3867 0.0000 0.00 0.00 1.00 0 32 208 112 1 0 0 0 0 221219 193421.317
1.6734 0.3951 0.0000 0.00 0.00 1.00 0 250 209 112 1 0 0 0 0 221219 193421.517
1.6434 0.3975 0.0000 0.00 0.00 1.00 0 109 208 112 1 0 0 0 0 221219 193421.717
1.6263 0.3947 0.0000 0.00 0.00 1.00 0 34 209 112 1 0 0 0 0 221219 193421.917
1.5856 0.3904 0.0000 0.00 0.00 1.00 0 158 210 112 1 0 0 0 0 221219 193422.117
1.5552 0.3923 0.0000 0.00 0.00 1.00 0 200 210 112 1 0 0 0 0 221219 193422.317
1.5161 0.3830 0.0000 0.00 0.00 1.00 0 23 219 112 1 0 0 0 0 221219 193422.518
1.4777 0.3828 0.0000 0.00 0.00 1.00 0 71 221 112 1 0 0 0 0 221219 193422.718
1.4442 0.3780 0.0000 0.00 0.00 1.00 0 10 219 112 1 0 0 0 0 221219 193422.918
1.4150 0.3731 0.0000 0.00 0.00 1.00 0 37 212 112 1 0 0 0 0 221219 193423.118
1.3915 0.3706 0.0000 0.00 0.00 1.00 0 175 219 112 1 0 0 0 0 221219 193423.318
1.3660 0.3664 0.0000 0.00 0.00 1.00 0 60 220 112 1 0 0 0 0 221219 193423.518
1.3353 0.3565 0.0000 0.00 0.00 1.00 0 115 217 112 1 0 0 0 0 221219 193423.719
1.3039 0.3460 0.0000 0.00 0.00 1.00 0 227 218 112 1 0 0 0 0 221219 193423.919
1.2741 0.3391 0.0000 0.00 0.00 1.00 0 170 219 112 1 0 0 0 0 221219 193424.119
1.2447 0.3360 0.0000 0.00 0.00 1.00 0 234 219 112 1 0 0 0 0 221219 193424.319
1.2142 0.3251 0.0000 0.00 0.00 1.00 0 88 221 112 1 0 0 0 0 221219 193424.519
1.1847 0.3142 0.0000 0.00 0.00 1.00 0 179 222 112 1 0 0 0 0 221219 193424.719
1.1531 0.3079 0.0000 0.00 0.00 1.00 0 30 223 112 1 0 0 0 0 221219 193424.920
1.1177 0.2932 0.0000 0.00 0.00 1.00 0 86 230 112 1 0 0 0 0 221219 193425.120
1.0984 0.2865 0.0000 0.00 0.00 1.00 0 70 231 112 1 0 0 0 0 221219 193425.320
1.0753 0.2777 0.0000 0.00 0.00 1.00 0 90 228 112 1 0 0 0 0 221219 193425.520
1.0395 0.2612 0.0000 0.00 0.00 1.00 0 252 235 112 1 0 0 0 0 221219 193425.721
1.0022 0.2463 0.0000 0.00 0.00 1.00 0 209 245 112 1 0 0 0 0 221219 193425.921
0.9736 0.2314 0.0000 0.00 0.00 1.00 0 226 229 112 1 0 0 0 0 221219 193426.121
0.9467 0.2176 0.0000 0.00 0.00 1.00 0 150 240 112 1 0 0 0 0 221219 193426.321
0.9155 0.2046 0.0000 0.00 0.00 1.00 0 97 240 112 1 0 0 0 0 221219 193426.521
0.8874 0.1890 0.0000 0.00 0.00 1.00 0 90 243 112 1 0 0 0 0 221219 193426.722
0.8570 0.1746 0.0000 0.00 0.00 1.00 0 7 248 112 1 0 0 0 0 221219 193426.922
0.8308 0.1583 0.0000 0.00 0.00 1.00 0 217 246 112 1 0 0 0 0 221219 193427.122
0.8024 0.1447 0.0000 0.00 0.00 1.00 0 113 248 112 1 0 0 0 0 221219 193427.322
0.7720 0.1278 0.0000 0.00 0.00 1.00 0 187 249 112 1 0 0 0 0 221219 193427.522
0.7396 0.1142 0.0000 0.00 0.00 1.00 0 182 241 112 1 0 0 0 0 221219 193427.722
0.7131 0.1002 0.0000 0.00 0.00 1.00 0 160 251 112 1 0 0 0 0 221219 193427.923
0.6822 0.0867 0.0000 0.00 0.00 1.00 0 236 252 112 1 0 0 0 0 221219 193428.123
0.6584 0.0655 0.0000 0.00 0.00 1.00 0 228 1 112 1 0 0 0 0 221219 193428.323
0.6332 0.0480 0.0000 0.00 0.00 1.00 0 35 3 112 1 0 0 0 0 221219 193428.523
0.5992 0.0285 0.0000 0.00 0.00 1.00 0 22 13 112 1 0 0 0 0 221219 193428.724
0.5682 0.0129 0.0000 0.00 0.00 1.00 0 0 0 112 1 0 0 0 0 221219 193428.924
0.5348 0.0007 0.0000 0.00 0.00 1.00 0 0 0 112 1 0 0 0 0 221219 193429.124
0.5045 -0.0146 0.0000 0.00 0.00 1.00 0 0 0 112 1 0 0 0 0 221219 193429.324
0.4797 -0.0322 0.0000 0.00 0.00 1.00 0 0 0 112 1 0 0 0 0 221219 193429.525
0.4553 -0.0500 0.0000 0.00 0.00 1.00 0 0 0 112 1 0 0 0 0 221219 193429.725
0.4289 -0.0694 0.0000 0.00 0.00 1.00 0 0 0 112 1 0 0 0 0 221219 193429.925
0.4016 -0.0864 0.0000 0.00 0.00 1.00 0 0 0 112 1 0 0 0 0 221219 193430.125
0.3701 -0.1046 0.0000 0.00 0.00 1.00 0 0 0 112 1 0 0 0 0 221219 193430.325
0.3386 -0.1233 0.0000 0.00 0.00 1.00 0 0 0 112 1 0 0 0 0 221219 193430.526
0.3064 -0.1407 0.0000 0.00 0.00 1.00 0 0 0 112 1 0 0 0 0 221219 193430.726
0.2771 -0.1583 0.0000 0.00 0.00 1.00 0 0 0 112 1 0 0 0 0 221219 193430.926
0.2517 -0.1768 0.0000 0.00 0.00 1.00 0 0 0 112 1 0 0 0 0 221219 193431.126
0.2235 -0.1918 0.0000 0.00 0.00 1.00 0 0 0 112 1 0 0 0 0 221219 193431.326
0.1946 -0.2056 0.0000 0.00 0.00 1.00 0 81 18 112 1 0 0 0 0 221219 193431.526
0.1606 -0.2223 0.0000 0.00 0.00 1.00 0 8 11 112 1 0 0 0 0 221219 193431.726
0.1329 -0.2418 0.0000 0.00 0.00 1.00 0 204 97 112 1 0 0 0 0 221219 193431.927
