-0.3613 0.1586 0.0000 0.00 0.00 1.00 0 160 15 112 1 0 0 0 0 120120 153239.716
-0.3612 0.1589 0.0000 0.00 0.00 1.00 0 160 15 112 1 0 0 0 0 120120 153239.766
-0.3611 0.1591 0.0000 0.00 0.00 1.00 0 160 15 112 1 0 0 0 0 120120 153239.817
-0.3610 0.1593 0.0000 0.00 0.00 1.00 0 160 15 112 1 0 0 0 0 120120 153239.867
-0.3616 0.1586 0.0000 0.00 0.00 1.00 0 160 15 112 1 0 0 0 0 120120 153239.917
-0.3616 0.1587 0.0000 0.00 0.00 1.00 0 160 15 112 1 0 0 0 0 120120 153239.967
-0.3617 0.1577 0.0000 0.00 0.00 1.00 0 160 15 112 1 0 0 0 0 120120 153240.017
-0.3617 0.1576 0.0000 0.00 0.00 1.00 0 160 15 112 1 0 0 0 0 120120 153240.067
-0.3617 0.1576 0.0000 0.00 0.00 1.00 0 160 15 112 1 0 0 0 0 120120 153240.118
-0.3667 0.1562 0.0000 0.00 0.00 1.00 0 160 15 112 1 0 0 0 0 120120 153240.168
-0.3675 0.1559 0.0000 0.00 0.00 1.00 0 160 15 112 1 0 0 0 0 120120 153240.218
-0.3683 0.1556 0.0000 0.00 0.00 1.00 0 160 15 112 1 0 0 0 0 120120 153240.268
-0.3880 0.1507 0.0000 0.00 0.00 1.00 0 160 15 112 1 0 0 0 0 120120 153240.318
-0.3917 0.1497 0.0000 0.00 0.00 1.00 0 160 15 112 1 0 0 0 0 120120 153240.369
-0.3951 0.1489 0.0000 0.00 0.00 1.00 0 160 15 112 1 0 0 0 0 120120 153240.419
-0.4239 0.1442 0.0000 0.00 0.00 1.00 0 160 15 112 1 0 0 0 0 120120 153240.469
-0.4314 0.1427 0.0000 0.00 0.00 1.00 0 160 15 112 1 0 0 0 0 120120 153240.519
-0.4367 0.1416 0.0000 0.00 0.00 1.00 0 160 15 112 1 0 0 0 0 120120 153240.569
-0.4621 0.1387 0.0000 0.00 0.00 1.00 0 160 15 112 1 0 0 0 0 120120 153240.619
-0.4721 0.1370 0.0000 0.00 0.00 1.00 0 160 15 112 1 0 0 0 0 120120 153240.670
-0.4864 0.1381 0.0000 0.00 0.00 1.00 0 160 15 112 1 0 0 0 0 120120 153240.720
-0.4970 0.1369 0.0000 0.00 0.00 1.00 0 160 15 112 1 0 0 0 0 120120 153240.770
-0.5074 0.1357 0.0000 0.00 0.00 1.00 0 160 15 112 1 0 0 0 0 120120 153240.820
-0.5153 0.1380 0.0000 0.00 0.00 1.00 0 160 15 112 1 0 0 0 0 120120 153240.870
-0.5254 0.1374 0.0000 0.00 0.00 1.00 0 160 15 112 1 0 0 0 0 120120 153240.920
-0.5355 0.1367 0.0000 0.00 0.00 1.00 0 160 15 112 1 0 0 0 0 120120 153240.971
-0.5405 0.1384 0.0000 0.00 0.00 1.00 0 160 15 112 1 0 0 0 0 120120 153241.021
-0.5572 0.1378 0.0000 0.00 0.00 1.00 0 160 15 112 1 0 0 0 0 120120 153241.071
-0.5610 0.1376 0.0000 0.00 0.00 1.00 0 160 15 112 1 0 0 0 0 120120 153241.121
-0.5694 0.1373 0.0000 0.00 0.00 1.00 0 160 15 112 1 0 0 0 0 120120 153241.171
-0.5771 0.1371 0.0000 0.00 0.00 1.00 0 160 15 112 1 0 0 0 0 120120 153241.221
-0.5799 0.1362 0.0000 0.00 0.00 1.00 0 160 15 112 1 0 0 0 0 120120 153241.272
-0.5874 0.1359 0.0000 0.00 0.00 1.00 0 160 15 112 1 0 0 0 0 120120 153241.322
-0.5921 0.1381 0.0000 0.00 0.00 1.00 0 160 15 112 1 0 0 0 0 120120 153241.372
-0.5991 0.1382 0.0000 0.00 0.00 1.00 0 160 15 112 1 0 0 0 0 120120 153241.422
-0.6062 0.1383 0.0000 0.00 0.00 1.00 0 160 15 112 1 0 0 0 0 120120 153241.472
-0.6149 0.1339 0.0000 0.00 0.00 1.00 0 160 15 112 1 0 0 0 0 120120 153241.523
-0.6221 0.1332 0.0000 0.00 0.00 1.00 0 160 15 112 1 0 0 0 0 120120 153241.573
-0.6294 0.1326 0.0000 0.00 0.00 1.00 0 160 15 112 1 0 0 0 0 120120 153241.623
-0.6341 0.1304 0.0000 0.00 0.00 1.00 0 160 15 112 1 0 0 0 0 120120 153241.673
-0.6409 0.1295 0.0000 0.00 0.00 1.00 0 160 15 112 1 0 0 0 0 120120 153241.724
-0.6478 0.1286 0.0000 0.00 0.00 1.00 0 160 15 112 1 0 0 0 0 120120 153241.774
-0.6571 0.1254 0.0000 0.00 0.00 1.00 0 160 15 112 1 0 0 0 0 120120 153241.824
-0.6643 0.1242 0.0000 0.00 0.00 1.00 0 160 15 112 1 0 0 0 0 120120 153241.874
-0.6723 0.1253 0.0000 0.00 0.00 1.00 0 160 15 112 1 0 0 0 0 120120 153241.924
-0.6798 0.1244 0.0000 0.00 0.00 1.00 0 160 15 112 1 0 0 0 0 120120 153241.975
-0.6872 0.1236 0.0000 0.00 0.00 1.00 0 160 15 112 1 0 0 0 0 120120 153242.025
-0.6979 0.1254 0.0000 0.00 0.00 1.00 0 160 15 112 1 0 0 0 0 120120 153242.075
-0.7057 0.1250 0.0000 0.00 0.00 1.00 0 160 15 112 1 0 0 0 0 120120 153242.125
-0.7136 0.1246 0.0000 0.00 0.00 1.00 0 160 15 112 1 0 0 0 0 120120 153242.176
-0.7217 0.1253 0.0000 0.00 0.00 1.00 0 160 15 112 1 0 0 0 0 120120 153242.226
-0.7296 0.1251 0.0000 0.00 0.00 1.00 0 160 15 112 1 0 0 0 0 120120 153242.276
-0.7373 0.1249 0.0000 0.00 0.00 1.00 0 160 15 112 1 0 0 0 0 120120 153242.326
-0.7451 0.1217 0.0000 0.00 0.00 1.00 0 160 15 112 1 0 0 0 0 120120 153242.377
-0.7531 0.1210 0.0000 0.00 0.00 1.00 0 160 15 112 1 0 0 0 0 120120 153242.427
-0.7610 0.1203 0.0000 0.00 0.00 1.00 0 160 15 112 1 0 0 0 0 120120 153242.477
-0.7709 0.1189 0.0000 0.00 0.00 1.00 0 160 15 112 1 0 0 0 0 120120 153242.527
-0.7790 0.1173 0.0000 0.00 0.00 1.00 0 160 15 112 1 0 0 0 0 120120 153242.578
-0.7850 0.1179 0.0000 0.00 0.00 1.00 0 160 15 112 1 0 0 0 0 120120 153242.628
-0.7923 0.1174 0.0000 0.00 0.00 1.00 0 160 15 112 1 0 0 0 0 120120 153242.678
-0.8002 0.1168 0.0000 0.00 0.00 1.00 0 160 15 112 1 0 0 0 0 120120 153242.728
-0.8079 0.1160 0.0000 0.00 0.00 1.00 0 160 15 112 1 0 0 0 0 120120 153242.779
-0.8156 0.1153 0.0000 0.00 0.00 1.00 0 160 15 112 1 0 0 0 0 120120 153242.829
-0.8233 0.1147 0.0000 0.00 0.00 1.00 0 160 15 112 1 0 0 0 0 120120 153242.879
-0.8340 0.1145 0.0000 0.00 0.00 1.00 0 160 15 112 1 0 0 0 0 120120 153242.929
-0.8421 0.1140 0.0000 0.00 0.00 1.00 0 160 15 112 1 0 0 0 0 120120 153242.980
-0.8503 0.1134 0.0000 0.00 0.00 1.00 0 160 15 112 1 0 0 0 0 120120 153243.030
-0.8584 0.1113 0.0000 0.00 0.00 1.00 0 160 15 112 1 0 0 0 0 120120 153243.081
-0.8658 0.1106 0.0000 0.00 0.00 1.00 0 160 15 112 1 0 0 0 0 120120 153243.131
-0.8746 0.1097 0.0000 0.00 0.00 1.00 0 160 15 112 1 0 0 0 0 120120 153243.181
-0.8799 0.1136 0.0000 0.00 0.00 1.00 0 160 15 112 1 0 0 0 0 120120 153243.232
-0.8868 0.1135 0.0000 0.00 0.00 1.00 0 160 15 112 1 0 0 0 0 120120 153243.282
-0.8951 0.1127 0.0000 0.00 0.00 1.00 0 160 15 112 1 0 0 0 0 120120 153243.332
-0.9027 0.1125 0.0000 0.00 0.00 1.00 0 160 15 112 1 0 0 0 0 120120 153243.383
-0.9105 0.1123 0.0000 0.00 0.00 1.00 0 160 15 112 1 0 0 0 0 120120 153243.433
-0.9152 0.1162 0.0000 0.00 0.00 1.00 0 160 15 112 1 0 0 0 0 120120 153243.483
-0.9224 0.1167 0.0000 0.00 0.00 1.00 0 160 15 112 1 0 0 0 0 120120 153243.533
-0.9296 0.1172 0.0000 0.00 0.00 1.00 0 160 15 112 1 0 0 0 0 120120 153243.583
-0.9374 0.1188 0.0000 0.00 0.00 1.00 0 160 15 112 1 0 0 0 0 120120 153243.634
-0.9454 0.1195 0.0000 0.00 0.00 1.00 0 160 15 112 1 0 0 0 0 120120 153243.684
-0.9520 0.1201 0.0000 0.00 0.00 1.00 0 160 15 112 1 0 0 0 0 120120 153243.734
-0.9630 0.1188 0.0000 0.00 0.00 1.00 0 160 15 112 1 0 0 0 0 120120 153243.784
-0.9701 0.1191 0.0000 0.00 0.00 1.00 0 160 15 112 1 0 0 0 0 120120 153243.835
-0.9780 0.1142 0.0000 0.00 0.00 1.00 0 160 15 112 1 0 0 0 0 120120 153243.885
-0.9858 0.1137 0.0000 0.00 0.00 1.00 0 160 15 112 1 0 0 0 0 120120 153243.935
-0.9935 0.1131 0.0000 0.00 0.00 1.00 0 160 15 112 1 0 0 0 0 120120 153243.986
-1.0002 0.1124 0.0000 0.00 0.00 1.00 0 160 15 112 1 0 0 0 0 120120 153244.036
-1.0077 0.1118 0.0000 0.00 0.00 1.00 0 160 15 112 1 0 0 0 0 120120 153244.086
-1.0143 0.1113 0.0000 0.00 0.00 1.00 0 160 15 112 1 0 0 0 0 120120 153244.136
-1.0257 0.1119 0.0000 0.00 0.00 1.00 0 160 15 112 1 0 0 0 0 120120 153244.187
-1.0337 0.1115 0.0000 0.00 0.00 1.00 0 160 15 112 1 0 0 0 0 120120 153244.237
-1.0418 0.1111 0.0000 0.00 0.00 1.00 0 160 15 112 1 0 0 0 0 120120 153244.287
-1.0498 0.1089 0.0000 0.00 0.00 1.00 0 160 15 112 1 0 0 0 0 120120 153244.337
-1.0579 0.1082 0.0000 0.00 0.00 1.00 0 160 15 112 1 0 0 0 0 120120 153244.388
-1.0659 0.1075 0.0000 0.00 0.00 1.00 0 160 15 112 1 0 0 0 0 120120 153244.438
-1.0726 0.1089 0.0000 0.00 0.00 1.00 0 160 15 112 1 0 0 0 0 120120 153244.488
-1.0812 0.1085 0.0000 0.00 0.00 1.00 0 160 15 112 1 0 0 0 0 120120 153244.538
-1.0884 0.1081 0.0000 0.00 0.00 1.00 0 160 15 112 1 0 0 0 0 120120 153244.588
-1.0924 0.1095 0.0000 0.00 0.00 1.00 0 160 15 112 1 0 0 0 0 120120 153244.639
-1.0996 0.1094 0.0000 0.00 0.00 1.00 0 160 15 112 1 0 0 0 0 120120 153244.689
-1.1044 0.1083 0.0000 0.00 0.00 1.00 0 160 15 112 1 0 0 0 0 120120 153244.739
-1.1112 0.1080 0.0000 0.00 0.00 1.00 0 160 15 112 1 0 0 0 0 120120 153244.789
-1.1180 0.1077 0.0000 0.00 0.00 1.00 0 160 15 112 1 0 0 0 0 120120 153244.840
-1.1247 0.1105 0.0000 0.00 0.00 1.00 0 160 15 112 1 0 0 0 0 120120 153244.890
-1.1315 0.1108 0.0000 0.00 0.00 1.00 0 160 15 112 1 0 0 0 0 120120 153244.940
-1.1383 0.1110 0.0000 0.00 0.00 1.00 0 160 15 112 1 0 0 0 0 120120 153244.990
-1.1480 0.1121 0.0000 0.00 0.00 1.00 0 160 15 112 1 0 0 0 0 120120 153245.041
-1.1545 0.1124 0.0000 0.00 0.00 1.00 0 160 15 112 1 0 0 0 0 120120 153245.091
-1.1616 0.1128 0.0000 0.00 0.00 1.00 0 160 15 112 1 0 0 0 0 120120 153245.141
-1.1707 0.1118 0.0000 0.00 0.00 1.00 0 160 15 112 1 0 0 0 0 120120 153245.191
-1.1783 0.1120 0.0000 0.00 0.00 1.00 0 160 15 112 1 0 0 0 0 120120 153245.242
-1.1883 0.1127 0.0000 0.00 0.00 1.00 0 160 15 112 1 0 0 0 0 120120 153245.292
-1.1954 0.1129 0.0000 0.00 0.00 1.00 0 160 15 112 1 0 0 0 0 120120 153245.342
-1.2033 0.1131 0.0000 0.00 0.00 1.00 0 160 15 112 1 0 0 0 0 120120 153245.393
-1.2095 0.1133 0.0000 0.00 0.00 1.00 0 160 15 112 1 0 0 0 0 120120 153245.443
-1.2211 0.1137 0.0000 0.00 0.00 1.00 0 160 15 112 1 0 0 0 0 120120 153245.493
-1.2292 0.1138 0.0000 0.00 0.00 1.00 0 160 15 112 1 0 0 0 0 120120 153245.543
-1.2350 0.1157 0.0000 0.00 0.00 1.00 0 160 15 112 1 0 0 0 0 120120 153245.594
-1.2426 0.1161 0.0000 0.00 0.00 1.00 0 160 15 112 1 0 0 0 0 120120 153245.644
-1.2503 0.1165 0.0000 0.00 0.00 1.00 0 160 15 112 1 0 0 0 0 120120 153245.694
-1.2604 0.1157 0.0000 0.00 0.00 1.00 0 160 15 112 1 0 0 0 0 120120 153245.744
-1.2690 0.1159 0.0000 0.00 0.00 1.00 0 160 15 112 1 0 0 0 0 120120 153245.794
-1.2768 0.1161 0.0000 0.00 0.00 1.00 0 160 15 112 1 0 0 0 0 120120 153245.844
-1.2836 0.1197 0.0000 0.00 0.00 1.00 0 160 15 112 1 0 0 0 0 120120 153245.895
-1.2907 0.1203 0.0000 0.00 0.00 1.00 0 160 15 112 1 0 0 0 0 120120 153245.945
-1.2984 0.1211 0.0000 0.00 0.00 1.00 0 160 15 112 1 0 0 0 0 120120 153245.995
-1.3033 0.1218 0.0000 0.00 0.00 1.00 0 160 15 112 1 0 0 0 0 120120 153246.045
-1.3113 0.1225 0.0000 0.00 0.00 1.00 0 160 15 112 1 0 0 0 0 120120 153246.095
-1.3176 0.1242 0.0000 0.00 0.00 1.00 0 160 15 112 1 0 0 0 0 120120 153246.146
-1.3248 0.1251 0.0000 0.00 0.00 1.00 0 160 15 112 1 0 0 0 0 120120 153246.196
-1.3321 0.1260 0.0000 0.00 0.00 1.00 0 160 15 112 1 0 0 0 0 120120 153246.246
-1.3404 0.1251 0.0000 0.00 0.00 1.00 0 160 15 112 1 0 0 0 0 120120 153246.296
-1.3480 0.1257 0.0000 0.00 0.00 1.00 0 160 15 112 1 0 0 0 0 120120 153246.346
-1.3547 0.1263 0.0000 0.00 0.00 1.00 0 160 15 112 1 0 0 0 0 120120 153246.397
-1.3664 0.1255 0.0000 0.00 0.00 1.00 0 160 15 112 1 0 0 0 0 120120 153246.447
-1.3735 0.1259 0.0000 0.00 0.00 1.00 0 160 15 112 1 0 0 0 0 120120 153246.497
-1.3823 0.1263 0.0000 0.00 0.00 1.00 0 160 15 112 1 0 0 0 0 120120 153246.547
-1.3925 0.1255 0.0000 0.00 0.00 1.00 0 160 15 112 1 0 0 0 0 120120 153246.597
-1.4010 0.1257 0.0000 0.00 0.00 1.00 0 160 15 112 1 0 0 0 0 120120 153246.648
-1.4084 0.1259 0.0000 0.00 0.00 1.00 0 160 15 112 1 0 0 0 0 120120 153246.698
-1.4160 0.1315 0.0000 0.00 0.00 1.00 0 160 15 112 1 0 0 0 0 120120 153246.748
-1.4243 0.1325 0.0000 0.00 0.00 1.00 0 160 15 112 1 0 0 0 0 120120 153246.798
-1.4304 0.1311 0.0000 0.00 0.00 1.00 0 160 15 112 1 0 0 0 0 120120 153246.849
-1.4384 0.1317 0.0000 0.00 0.00 1.00 0 160 15 112 1 0 0 0 0 120120 153246.899
-1.4462 0.1322 0.0000 0.00 0.00 1.00 0 160 15 112 1 0 0 0 0 120120 153246.949
-1.4526 0.1322 0.0000 0.00 0.00 1.00 0 160 15 112 1 0 0 0 0 120120 153246.999
-1.4602 0.1327 0.0000 0.00 0.00 1.00 0 160 15 112 1 0 0 0 0 120120 153247.049
-1.4678 0.1332 0.0000 0.00 0.00 1.00 0 160 15 112 1 0 0 0 0 120120 153247.100
-1.4781 0.1364 0.0000 0.00 0.00 1.00 0 160 15 112 1 0 0 0 0 120120 153247.150
-1.4861 0.1373 0.0000 0.00 0.00 1.00 0 160 15 112 1 0 0 0 0 120120 153247.200
-1.4941 0.1382 0.0000 0.00 0.00 1.00 0 160 15 112 1 0 0 0 0 120120 153247.251
-1.5015 0.1396 0.0000 0.00 0.00 1.00 0 160 15 112 1 0 0 0 0 120120 153247.301
-1.5094 0.1406 0.0000 0.00 0.00 1.00 0 160 15 112 1 0 0 0 0 120120 153247.351
-1.5166 0.1415 0.0000 0.00 0.00 1.00 0 160 15 112 1 0 0 0 0 120120 153247.401
-1.5247 0.1450 0.0000 0.00 0.00 1.00 0 160 15 112 1 0 0 0 0 120120 153247.451
-1.5325 0.1464 0.0000 0.00 0.00 1.00 0 160 15 112 1 0 0 0 0 120120 153247.502
-1.5395 0.1461 0.0000 0.00 0.00 1.00 0 160 15 112 1 0 0 0 0 120120 153247.552
-1.5472 0.1471 0.0000 0.00 0.00 1.00 0 160 15 112 1 0 0 0 0 120120 153247.602
-1.5549 0.1482 0.0000 0.00 0.00 1.00 0 160 15 112 1 0 0 0 0 120120 153247.652
-1.5626 0.1481 0.0000 0.00 0.00 1.00 0 160 15 112 1 0 0 0 0 120120 153247.703
-1.5703 0.1489 0.0000 0.00 0.00 1.00 0 160 15 112 1 0 0 0 0 120120 153247.753
-1.5779 0.1498 0.0000 0.00 0.00 1.00 0 160 15 112 1 0 0 0 0 120120 153247.803
-1.5866 0.1505 0.0000 0.00 0.00 1.00 0 160 15 112 1 0 0 0 0 120120 153247.853
-1.5946 0.1514 0.0000 0.00 0.00 1.00 0 160 15 112 1 0 0 0 0 120120 153247.904
-1.6024 0.1522 0.0000 0.00 0.00 1.00 0 160 15 112 1 0 0 0 0 120120 153247.954
-1.6128 0.1536 0.0000 0.00 0.00 1.00 0 160 15 112 1 0 0 0 0 120120 153248.004
-1.6210 0.1546 0.0000 0.00 0.00 1.00 0 160 15 112 1 0 0 0 0 120120 153248.055
-1.6284 0.1554 0.0000 0.00 0.00 1.00 0 160 15 112 1 0 0 0 0 120120 153248.105
-1.6334 0.1542 0.0000 0.00 0.00 1.00 0 160 15 112 1 0 0 0 0 120120 153248.155
-1.6412 0.1548 0.0000 0.00 0.00 1.00 0 160 15 112 1 0 0 0 0 120120 153248.205
-1.6484 0.1543 0.0000 0.00 0.00 1.00 0 160 15 112 1 0 0 0 0 120120 153248.255
-1.6561 0.1547 0.0000 0.00 0.00 1.00 0 160 15 112 1 0 0 0 0 120120 153248.306
-1.6635 0.1551 0.0000 0.00 0.00 1.00 0 160 15 112 1 0 0 0 0 120120 153248.356
-1.6723 0.1577 0.0000 0.00 0.00 1.00 0 106 5 112 1 0 0 0 0 120120 153248.406
-1.6799 0.1585 0.0000 0.00 0.00 1.00 0 113 5 112 1 0 0 0 0 120120 153248.456
-1.6877 0.1593 0.0000 0.00 0.00 1.00 0 85 5 112 1 0 0 0 0 120120 153248.507
-1.6952 0.1621 0.0000 0.00 0.00 1.00 0 248 4 112 1 0 0 0 0 120120 153248.557
-1.7030 0.1632 0.0000 0.00 0.00 1.00 0 217 4 112 1 0 0 0 0 120120 153248.607
-1.7109 0.1644 0.0000 0.00 0.00 1.00 0 190 4 112 1 0 0 0 0 120120 153248.657
-1.7149 0.1658 0.0000 0.00 0.00 1.00 0 141 4 112 1 0 0 0 0 120120 153248.708
-1.7221 0.1669 0.0000 0.00 0.00 1.00 0 124 4 112 1 0 0 0 0 120120 153248.758
-1.7328 0.1687 0.0000 0.00 0.00 1.00 0 68 2 112 1 0 0 0 0 120120 153248.808
-1.7400 0.1699 0.0000 0.00 0.00 1.00 0 57 4 112 1 0 0 0 0 120120 153248.859
-1.7476 0.1711 0.0000 0.00 0.00 1.00 0 48 4 112 1 0 0 0 0 120120 153248.909
-1.7529 0.1718 0.0000 0.00 0.00 1.00 0 22 4 112 1 0 0 0 0 120120 153248.959
-1.7603 0.1726 0.0000 0.00 0.00 1.00 0 252 3 112 1 0 0 0 0 120120 153249.009
-1.7675 0.1738 0.0000 0.00 0.00 1.00 0 235 3 112 1 0 0 0 0 120120 153249.060
-1.7762 0.1791 0.0000 0.00 0.00 1.00 0 33 3 112 1 0 0 0 0 120120 153249.110
-1.7837 0.1810 0.0000 0.00 0.00 1.00 0 15 3 112 1 0 0 0 0 120120 153249.160
-1.7913 0.1829 0.0000 0.00 0.00 1.00 0 202 2 112 1 0 0 0 0 120120 153249.210
-1.7991 0.1836 0.0000 0.00 0.00 1.00 0 201 2 112 1 0 0 0 0 120120 153249.261
-1.8067 0.1853 0.0000 0.00 0.00 1.00 0 164 2 112 1 0 0 0 0 120120 153249.311
-1.8142 0.1870 0.0000 0.00 0.00 1.00 0 131 2 112 1 0 0 0 0 120120 153249.361
-1.8237 0.1872 0.0000 0.00 0.00 1.00 0 158 2 112 1 0 0 0 0 120120 153249.411
-1.8315 0.1886 0.0000 0.00 0.00 1.00 0 115 2 112 1 0 0 0 0 120120 153249.461
-1.8390 0.1889 0.0000 0.00 0.00 1.00 0 200 6 112 1 0 0 0 0 120120 153249.511
-1.8470 0.1902 0.0000 0.00 0.00 1.00 0 98 2 112 1 0 0 0 0 120120 153249.562
-1.8546 0.1914 0.0000 0.00 0.00 1.00 0 120 2 112 1 0 0 0 0 120120 153249.612
-1.8609 0.1924 0.0000 0.00 0.00 1.00 0 45 255 112 1 0 0 0 0 120120 153249.662
-1.8756 0.1938 0.0000 0.00 0.00 1.00 0 240 1 112 1 0 0 0 0 120120 153249.712
-1.8841 0.1951 0.0000 0.00 0.00 1.00 0 212 1 112 1 0 0 0 0 120120 153249.762
-1.8910 0.1977 0.0000 0.00 0.00 1.00 0 251 249 112 1 0 0 0 0 120120 153249.813
-1.8995 0.1993 0.0000 0.00 0.00 1.00 0 53 1 112 1 0 0 0 0 120120 153249.863
-1.9085 0.2008 0.0000 0.00 0.00 1.00 0 134 0 112 1 0 0 0 0 120120 153249.913
-1.9165 0.2041 0.0000 0.00 0.00 1.00 0 202 0 112 1 0 0 0 0 120120 153249.964
-1.9250 0.2059 0.0000 0.00 0.00 1.00 0 110 0 112 1 0 0 0 0 120120 153250.014
-1.9334 0.2077 0.0000 0.00 0.00 1.00 0 89 0 112 1 0 0 0 0 120120 153250.064
-1.9377 0.2106 0.0000 0.00 0.00 1.00 0 225 255 112 1 0 0 0 0 120120 153250.114
-1.9454 0.2125 0.0000 0.00 0.00 1.00 0 173 255 112 1 0 0 0 0 120120 153250.165
-1.9534 0.2139 0.0000 0.00 0.00 1.00 0 161 1 112 1 0 0 0 0 120120 153250.215
-1.9606 0.2156 0.0000 0.00 0.00 1.00 0 91 255 112 1 0 0 0 0 120120 153250.265
-1.9683 0.2174 0.0000 0.00 0.00 1.00 0 49 255 112 1 0 0 0 0 120120 153250.315
-1.9767 0.2181 0.0000 0.00 0.00 1.00 0 44 255 112 1 0 0 0 0 120120 153250.365
-1.9846 0.2197 0.0000 0.00 0.00 1.00 0 7 255 112 1 0 0 0 0 120120 153250.416
-1.9924 0.2213 0.0000 0.00 0.00 1.00 0 210 254 112 1 0 0 0 0 120120 153250.466
-1.9998 0.2224 0.0000 0.00 0.00 1.00 0 176 254 112 1 0 0 0 0 120120 153250.516
-2.0075 0.2240 0.0000 0.00 0.00 1.00 0 178 254 112 1 0 0 0 0 120120 153250.566
-2.0153 0.2255 0.0000 0.00 0.00 1.00 0 101 254 112 1 0 0 0 0 120120 153250.617
-2.0220 0.2264 0.0000 0.00 0.00 1.00 0 115 254 112 1 0 0 0 0 120120 153250.667
-2.0296 0.2278 0.0000 0.00 0.00 1.00 0 51 254 112 1 0 0 0 0 120120 153250.717
-2.0372 0.2293 0.0000 0.00 0.00 1.00 0 10 254 112 1 0 0 0 0 120120 153250.767
-2.0435 0.2343 0.0000 0.00 0.00 1.00 0 136 252 112 1 0 0 0 0 120120 153250.818
-2.0502 0.2362 0.0000 0.00 0.00 1.00 0 33 253 112 1 0 0 0 0 120120 153250.868
-2.0576 0.2360 0.0000 0.00 0.00 1.00 0 149 5 112 1 0 0 0 0 120120 153250.918
-2.0650 0.2376 0.0000 0.00 0.00 1.00 0 130 252 112 1 0 0 0 0 120120 153250.968
-2.0716 0.2390 0.0000 0.00 0.00 1.00 0 35 253 112 1 0 0 0 0 120120 153251.019
-2.0811 0.2391 0.0000 0.00 0.00 1.00 0 88 253 112 1 0 0 0 0 120120 153251.069
-2.0888 0.2404 0.0000 0.00 0.00 1.00 0 58 253 112 1 0 0 0 0 120120 153251.119
-2.0972 0.2418 0.0000 0.00 0.00 1.00 0 171 252 112 1 0 0 0 0 120120 153251.169
-2.1049 0.2452 0.0000 0.00 0.00 1.00 0 129 242 112 1 0 0 0 0 120120 153251.219
-2.1128 0.2470 0.0000 0.00 0.00 1.00 0 107 252 112 1 0 0 0 0 120120 153251.270
-2.1205 0.2486 0.0000 0.00 0.00 1.00 0 0 0 127 0 0 0 0 0 120120 153251.320
-2.1205 0.2486 0.0000 0.00 0.00 1.00 0 0 0 127 0 0 0 0 0 120120 153251.371
-2.1205 0.2486 0.0000 0.00 0.00 1.00 0 0 0 127 0 0 0 0 0 120120 153251.421
-2.1205 0.2486 0.0000 0.00 0.00 1.00 0 0 0 127 0 0 0 0 0 120120 153251.471
-2.1205 0.2486 0.0000 0.00 0.00 1.00 0 0 0 127 0 0 0 0 0 120120 153251.521
-2.1205 0.2486 0.0000 0.00 0.00 1.00 0 0 0 127 0 0 0 0 0 120120 153251.571
-2.1205 0.2486 0.0000 0.00 0.00 1.00 0 0 0 127 0 0 0 0 0 120120 153251.622
-2.1205 0.2486 0.0000 0.00 0.00 1.00 0 0 0 127 0 0 0 0 0 120120 153251.672
-2.1205 0.2486 0.0000 0.00 0.00 1.00 0 0 0 127 0 0 0 0 0 120120 153251.722
-2.1205 0.2486 0.0000 0.00 0.00 1.00 0 0 0 127 0 0 0 0 0 120120 153251.773
-2.1205 0.2486 0.0000 0.00 0.00 1.00 0 0 0 127 0 0 0 0 0 120120 153251.823
-2.1205 0.2486 0.0000 0.00 0.00 1.00 0 0 0 127 0 0 0 0 0 120120 153251.873
-2.1205 0.2486 0.0000 0.00 0.00 1.00 0 0 0 127 0 0 0 0 0 120120 153251.924
-2.1205 0.2486 0.0000 0.00 0.00 1.00 0 0 0 127 0 0 0 0 0 120120 153251.974
-2.1205 0.2486 0.0000 0.00 0.00 1.00 0 0 0 127 0 0 0 0 0 120120 153252.024
-2.1205 0.2486 0.0000 0.00 0.00 1.00 0 0 0 127 0 0 0 0 0 120120 153252.074
-2.1205 0.2486 0.0000 0.00 0.00 1.00 0 0 0 127 0 0 0 0 0 120120 153252.124
-2.1205 0.2486 0.0000 0.00 0.00 1.00 0 0 0 127 0 0 0 0 0 120120 153252.175
-2.1205 0.2486 0.0000 0.00 0.00 1.00 0 0 0 127 0 0 0 0 0 120120 153252.225
-2.1205 0.2486 0.0000 0.00 0.00 1.00 0 0 0 127 0 0 0 0 0 120120 153252.275
-2.1205 0.2486 0.0000 0.00 0.00 1.00 0 0 0 127 0 0 0 0 0 120120 153252.326
-2.1205 0.2486 0.0000 0.00 0.00 1.00 0 0 0 127 0 0 0 0 0 120120 153252.376
-2.1205 0.2486 0.0000 0.00 0.00 1.00 0 0 0 127 0 0 0 0 0 120120 153252.426
-2.1205 0.2486 0.0000 0.00 0.00 1.00 0 0 0 127 0 0 0 0 0 120120 153252.476
-2.1205 0.2486 0.0000 0.00 0.00 1.00 0 0 0 127 0 0 0 0 0 120120 153252.527
-2.1205 0.2486 0.0000 0.00 0.00 1.00 0 0 0 127 0 0 0 0 0 120120 153252.577
-2.1205 0.2486 0.0000 0.00 0.00 1.00 0 0 0 127 0 0 0 0 0 120120 153252.627
-2.1205 0.2486 0.0000 0.00 0.00 1.00 0 0 0 127 0 0 0 0 0 120120 153252.677
-2.1205 0.2486 0.0000 0.00 0.00 1.00 0 0 0 127 0 0 0 0 0 120120 153252.728
-2.1205 0.2486 0.0000 0.00 0.00 1.00 0 0 0 127 0 0 0 0 0 120120 153252.778
-2.1205 0.2486 0.0000 0.00 0.00 1.00 0 0 0 127 0 0 0 0 0 120120 153252.828
-2.1205 0.2486 0.0000 0.00 0.00 1.00 0 0 0 127 0 0 0 0 0 120120 153252.879
-2.1205 0.2486 0.0000 0.00 0.00 1.00 0 0 0 127 0 0 0 0 0 120120 153252.929
-2.1205 0.2486 0.0000 0.00 0.00 1.00 0 0 0 127 0 0 0 0 0 120120 153252.979
-2.1205 0.2486 0.0000 0.00 0.00 1.00 0 0 0 127 0 0 0 0 0 120120 153253.029
-2.1205 0.2486 0.0000 0.00 0.00 1.00 0 0 0 127 0 0 0 0 0 120120 153253.080
-2.1205 0.2486 0.0000 0.00 0.00 1.00 0 0 0 127 0 0 0 0 0 120120 153253.130
-2.1205 0.2486 0.0000 0.00 0.00 1.00 0 0 0 127 0 0 0 0 0 120120 153253.180
-2.1205 0.2486 0.0000 0.00 0.00 1.00 0 0 0 127 0 0 0 0 0 120120 153253.230
-2.1205 0.2486 0.0000 0.00 0.00 1.00 0 0 0 127 0 0 0 0 0 120120 153253.281
-2.1205 0.2486 0.0000 0.00 0.00 1.00 0 0 0 127 0 0 0 0 0 120120 153253.331
-2.1205 0.2486 0.0000 0.00 0.00 1.00 0 0 0 127 0 0 0 0 0 120120 153253.381
-2.1205 0.2486 0.0000 0.00 0.00 1.00 0 0 0 127 0 0 0 0 0 120120 153253.432
-2.1205 0.2486 0.0000 0.00 0.00 1.00 0 0 0 127 0 0 0 0 0 120120 153253.482
-2.1205 0.2486 0.0000 0.00 0.00 1.00 0 0 0 127 0 0 0 0 0 120120 153253.532
-2.1205 0.2486 0.0000 0.00 0.00 1.00 0 0 0 127 0 0 0 0 0 120120 153253.582
-2.1205 0.2486 0.0000 0.00 0.00 1.00 0 0 0 127 0 0 0 0 0 120120 153253.633
-2.1205 0.2486 0.0000 0.00 0.00 1.00 0 0 0 127 0 0 0 0 0 120120 153253.683
-2.1205 0.2486 0.0000 0.00 0.00 1.00 0 0 0 127 0 0 0 0 0 120120 153253.733
-2.1205 0.2486 0.0000 0.00 0.00 1.00 0 0 0 127 0 0 0 0 0 120120 153253.783
-2.1205 0.2486 0.0000 0.00 0.00 1.00 0 0 0 127 0 0 0 0 0 120120 153253.834
-2.1205 0.2486 0.0000 0.00 0.00 1.00 0 0 0 127 0 0 0 0 0 120120 153253.884
-2.1205 0.2486 0.0000 0.00 0.00 1.00 0 0 0 127 0 0 0 0 0 120120 153253.934
-2.1205 0.2486 0.0000 0.00 0.00 1.00 0 0 0 127 0 0 0 0 0 120120 153253.985
-2.1205 0.2486 0.0000 0.00 0.00 1.00 0 0 0 127 0 0 0 0 0 120120 153254.035
-2.1205 0.2486 0.0000 0.00 0.00 1.00 0 0 0 127 0 0 0 0 0 120120 153254.085
-2.1205 0.2486 0.0000 0.00 0.00 1.00 0 0 0 127 0 0 0 0 0 120120 153254.135
-2.1205 0.2486 0.0000 0.00 0.00 1.00 0 0 0 127 0 0 0 0 0 120120 153254.186
-2.1205 0.2486 0.0000 0.00 0.00 1.00 0 0 0 127 0 0 0 0 0 120120 153254.236
-2.1205 0.2486 0.0000 0.00 0.00 1.00 0 0 0 127 0 0 0 0 0 120120 153254.286
-2.1205 0.2486 0.0000 0.00 0.00 1.00 0 0 0 127 0 0 0 0 0 120120 153254.336
-2.1205 0.2486 0.0000 0.00 0.00 1.00 0 0 0 127 0 0 0 0 0 120120 153254.387
-2.1205 0.2486 0.0000 0.00 0.00 1.00 0 0 0 127 0 0 0 0 0 120120 153254.437
-2.1205 0.2486 0.0000 0.00 0.00 1.00 0 0 0 127 0 0 0 0 0 120120 153254.487
-2.1205 0.2486 0.0000 0.00 0.00 1.00 0 0 0 127 0 0 0 0 0 120120 153254.538
-2.1205 0.2486 0.0000 0.00 0.00 1.00 0 0 0 127 0 0 0 0 0 120120 153254.588
-2.1205 0.2486 0.0000 0.00 0.00 1.00 0 0 0 127 0 0 0 0 0 120120 153254.638
-2.1205 0.2486 0.0000 0.00 0.00 1.00 0 0 0 127 0 0 0 0 0 120120 153254.689
-2.1205 0.2486 0.0000 0.00 0.00 1.00 0 0 0 127 0 0 0 0 0 120120 153254.739
-2.1205 0.2486 0.0000 0.00 0.00 1.00 0 0 0 127 0 0 0 0 0 120120 153254.790
-2.1205 0.2486 0.0000 0.00 0.00 1.00 0 0 0 127 0 0 0 0 0 120120 153254.840
-2.1205 0.2486 0.0000 0.00 0.00 1.00 0 0 0 127 0 0 0 0 0 120120 153254.890
-2.1205 0.2486 0.0000 0.00 0.00 1.00 0 0 0 127 0 0 0 0 0 120120 153254.940
-2.1205 0.2486 0.0000 0.00 0.00 1.00 0 0 0 127 0 0 0 0 0 120120 153254.991
-2.1205 0.2486 0.0000 0.00 0.00 1.00 0 0 0 127 0 0 0 0 0 120120 153255.041
-2.1205 0.2486 0.0000 0.00 0.00 1.00 0 0 0 127 0 0 0 0 0 120120 153255.091
-2.1205 0.2486 0.0000 0.00 0.00 1.00 0 0 0 127 0 0 0 0 0 120120 153255.142
-2.1205 0.2486 0.0000 0.00 0.00 1.00 0 0 0 127 0 0 0 0 0 120120 153255.192
-2.1205 0.2486 0.0000 0.00 0.00 1.00 0 0 0 127 0 0 0 0 0 120120 153255.242
-2.1205 0.2486 0.0000 0.00 0.00 1.00 0 0 0 127 0 0 0 0 0 120120 153255.292
-2.1205 0.2486 0.0000 0.00 0.00 1.00 0 0 0 127 0 0 0 0 0 120120 153255.342
-2.1205 0.2486 0.0000 0.00 0.00 1.00 0 0 0 127 0 0 0 0 0 120120 153255.393
-2.1205 0.2486 0.0000 0.00 0.00 1.00 0 0 0 127 0 0 0 0 0 120120 153255.443
-2.1205 0.2486 0.0000 0.00 0.00 1.00 0 0 0 127 0 0 0 0 0 120120 153255.493
-2.1205 0.2486 0.0000 0.00 0.00 1.00 0 0 0 127 0 0 0 0 0 120120 153255.544
-2.1205 0.2486 0.0000 0.00 0.00 1.00 0 0 0 127 0 0 0 0 0 120120 153255.594
-2.1205 0.2486 0.0000 0.00 0.00 1.00 0 0 0 127 0 0 0 0 0 120120 153255.644
-2.1205 0.2486 0.0000 0.00 0.00 1.00 0 0 0 127 0 0 0 0 0 120120 153255.694
-2.1205 0.2486 0.0000 0.00 0.00 1.00 0 0 0 127 0 0 0 0 0 120120 153255.745
-2.1205 0.2486 0.0000 0.00 0.00 1.00 0 0 0 127 0 0 0 0 0 120120 153255.795
-2.1205 0.2486 0.0000 0.00 0.00 1.00 0 0 0 127 0 0 0 0 0 120120 153255.845
-2.1205 0.2486 0.0000 0.00 0.00 1.00 0 0 0 127 0 0 0 0 0 120120 153255.895
-2.1205 0.2486 0.0000 0.00 0.00 1.00 0 0 0 127 0 0 0 0 0 120120 153255.946
-2.1205 0.2486 0.0000 0.00 0.00 1.00 0 0 0 127 0 0 0 0 0 120120 153255.996
-2.1205 0.2486 0.0000 0.00 0.00 1.00 0 0 0 127 0 0 0 0 0 120120 153256.046
-2.1205 0.2486 0.0000 0.00 0.00 1.00 0 0 0 127 0 0 0 0 0 120120 153256.096
-2.1205 0.2486 0.0000 0.00 0.00 1.00 0 0 0 127 0 0 0 0 0 120120 153256.146
-2.1205 0.2486 0.0000 0.00 0.00 1.00 0 0 0 127 0 0 0 0 0 120120 153256.196
-2.1205 0.2486 0.0000 0.00 0.00 1.00 0 0 0 127 0 0 0 0 0 120120 153256.247
-2.1205 0.2486 0.0000 0.00 0.00 1.00 0 0 0 127 0 0 0 0 0 120120 153256.297
-2.1205 0.2486 0.0000 0.00 0.00 1.00 0 0 0 127 0 0 0 0 0 120120 153256.347
-2.1205 0.2486 0.0000 0.00 0.00 1.00 0 0 0 127 0 0 0 0 0 120120 153256.397
-2.1205 0.2486 0.0000 0.00 0.00 1.00 0 0 0 127 0 0 0 0 0 120120 153256.447
-2.1205 0.2486 0.0000 0.00 0.00 1.00 0 0 0 127 0 0 0 0 0 120120 153256.498
-2.1205 0.2486 0.0000 0.00 0.00 1.00 0 0 0 127 0 0 0 0 0 120120 153256.548
-2.1205 0.2486 0.0000 0.00 0.00 1.00 0 0 0 127 0 0 0 0 0 120120 153256.598
-2.1205 0.2486 0.0000 0.00 0.00 1.00 0 0 0 127 0 0 0 0 0 120120 153256.648
-2.1205 0.2486 0.0000 0.00 0.00 1.00 0 0 0 127 0 0 0 0 0 120120 153256.699
-2.1205 0.2486 0.0000 0.00 0.00 1.00 0 0 0 127 0 0 0 0 0 120120 153256.749
-2.1205 0.2486 0.0000 0.00 0.00 1.00 0 0 0 127 0 0 0 0 0 120120 153256.799
-2.1205 0.2486 0.0000 0.00 0.00 1.00 0 0 0 127 0 0 0 0 0 120120 153256.849
-2.1205 0.2486 0.0000 0.00 0.00 1.00 0 0 0 127 0 0 0 0 0 120120 153256.900
-2.1205 0.2486 0.0000 0.00 0.00 1.00 0 0 0 127 0 0 0 0 0 120120 153256.950
-2.1205 0.2486 0.0000 0.00 0.00 1.00 0 0 0 127 0 0 0 0 0 120120 153257.000
-2.1205 0.2486 0.0000 0.00 0.00 1.00 0 0 0 127 0 0 0 0 0 120120 153257.050
-2.1205 0.2486 0.0000 0.00 0.00 1.00 0 0 0 127 0 0 0 0 0 120120 153257.100
-2.1205 0.2486 0.0000 0.00 0.00 1.00 0 0 0 127 0 0 0 0 0 120120 153257.151
-2.1205 0.2486 0.0000 0.00 0.00 1.00 0 0 0 127 0 0 0 0 0 120120 153257.201
-2.1205 0.2486 0.0000 0.00 0.00 1.00 0 0 0 127 0 0 0 0 0 120120 153257.251
-2.1205 0.2486 0.0000 0.00 0.00 1.00 0 0 0 127 0 0 0 0 0 120120 153257.301
-2.1205 0.2486 0.0000 0.00 0.00 1.00 0 0 0 127 0 0 0 0 0 120120 153257.351
-2.1205 0.2486 0.0000 0.00 0.00 1.00 0 0 0 127 0 0 0 0 0 120120 153257.402
-2.1205 0.2486 0.0000 0.00 0.00 1.00 0 0 0 127 0 0 0 0 0 120120 153257.452
-2.1205 0.2486 0.0000 0.00 0.00 1.00 0 0 0 127 0 0 0 0 0 120120 153257.502
-2.1205 0.2486 0.0000 0.00 0.00 1.00 0 0 0 127 0 0 0 0 0 120120 153257.552
-2.1205 0.2486 0.0000 0.00 0.00 1.00 0 0 0 127 0 0 0 0 0 120120 153257.603
-2.1205 0.2486 0.0000 0.00 0.00 1.00 0 0 0 127 0 0 0 0 0 120120 153257.653
-2.1205 0.2486 0.0000 0.00 0.00 1.00 0 0 0 127 0 0 0 0 0 120120 153257.703
-2.1205 0.2486 0.0000 0.00 0.00 1.00 0 0 0 127 0 0 0 0 0 120120 153257.753
-2.1205 0.2486 0.0000 0.00 0.00 1.00 0 0 0 127 0 0 0 0 0 120120 153257.804
-2.1205 0.2486 0.0000 0.00 0.00 1.00 0 0 0 127 0 0 0 0 0 120120 153257.854
-2.1205 0.2486 0.0000 0.00 0.00 1.00 0 0 0 127 0 0 0 0 0 120120 153257.904
-2.1205 0.2486 0.0000 0.00 0.00 1.00 0 0 0 127 0 0 0 0 0 120120 153257.954
-2.1205 0.2486 0.0000 0.00 0.00 1.00 0 0 0 127 0 0 0 0 0 120120 153258.005
-2.1205 0.2486 0.0000 0.00 0.00 1.00 0 0 0 127 0 0 0 0 0 120120 153258.055
-2.1205 0.2486 0.0000 0.00 0.00 1.00 0 0 0 127 0 0 0 0 0 120120 153258.105
-2.1205 0.2486 0.0000 0.00 0.00 1.00 0 0 0 127 0 0 0 0 0 120120 153258.155
-2.1205 0.2486 0.0000 0.00 0.00 1.00 0 0 0 127 0 0 0 0 0 120120 153258.206
-2.1205 0.2486 0.0000 0.00 0.00 1.00 0 0 0 127 0 0 0 0 0 120120 153258.256
-2.1205 0.2486 0.0000 0.00 0.00 1.00 0 0 0 127 0 0 0 0 0 120120 153258.306
-2.1205 0.2486 0.0000 0.00 0.00 1.00 0 0 0 127 0 0 0 0 0 120120 153258.356
-2.1205 0.2486 0.0000 0.00 0.00 1.00 0 0 0 127 0 0 0 0 0 120120 153258.407
-2.1205 0.2486 0.0000 0.00 0.00 1.00 0 0 0 127 0 0 0 0 0 120120 153258.457
-2.1205 0.2486 0.0000 0.00 0.00 1.00 0 0 0 127 0 0 0 0 0 120120 153258.507
-2.1205 0.2486 0.0000 0.00 0.00 1.00 0 0 0 127 0 0 0 0 0 120120 153258.557
-2.1205 0.2486 0.0000 0.00 0.00 1.00 0 0 0 127 0 0 0 0 0 120120 153258.607
-2.1205 0.2486 0.0000 0.00 0.00 1.00 0 0 0 127 0 0 0 0 0 120120 153258.657
-2.1205 0.2486 0.0000 0.00 0.00 1.00 0 0 0 127 0 0 0 0 0 120120 153258.708
-2.1205 0.2486 0.0000 0.00 0.00 1.00 0 0 0 127 0 0 0 0 0 120120 153258.758
-2.1205 0.2486 0.0000 0.00 0.00 1.00 0 0 0 127 0 0 0 0 0 120120 153258.808
-2.1205 0.2486 0.0000 0.00 0.00 1.00 0 0 0 127 0 0 0 0 0 120120 153258.858
-2.1205 0.2486 0.0000 0.00 0.00 1.00 0 0 0 127 0 0 0 0 0 120120 153258.909
-2.1205 0.2486 0.0000 0.00 0.00 1.00 0 0 0 127 0 0 0 0 0 120120 153258.959
-2.1205 0.2486 0.0000 0.00 0.00 1.00 0 0 0 127 0 0 0 0 0 120120 153259.009
-2.1205 0.2486 0.0000 0.00 0.00 1.00 0 0 0 127 0 0 0 0 0 120120 153259.059
-2.1205 0.2486 0.0000 0.00 0.00 1.00 0 0 0 127 0 0 0 0 0 120120 153259.110
-2.1205 0.2486 0.0000 0.00 0.00 1.00 0 0 0 127 0 0 0 0 0 120120 153259.160
-2.1205 0.2486 0.0000 0.00 0.00 1.00 0 0 0 127 0 0 0 0 0 120120 153259.210
-2.1205 0.2486 0.0000 0.00 0.00 1.00 0 0 0 127 0 0 0 0 0 120120 153259.260
-2.1205 0.2486 0.0000 0.00 0.00 1.00 0 0 0 127 0 0 0 0 0 120120 153259.310
-2.1205 0.2486 0.0000 0.00 0.00 1.00 0 0 0 127 0 0 0 0 0 120120 153259.361
-2.1205 0.2486 0.0000 0.00 0.00 1.00 0 0 0 127 0 0 0 0 0 120120 153259.411
-2.1205 0.2486 0.0000 0.00 0.00 1.00 0 0 0 127 0 0 0 0 0 120120 153259.461
-2.1205 0.2486 0.0000 0.00 0.00 1.00 0 0 0 127 0 0 0 0 0 120120 153259.511
-2.1205 0.2486 0.0000 0.00 0.00 1.00 0 0 0 127 0 0 0 0 0 120120 153259.562
-2.1205 0.2486 0.0000 0.00 0.00 1.00 0 0 0 127 0 0 0 0 0 120120 153259.612
-2.1205 0.2486 0.0000 0.00 0.00 1.00 0 0 0 127 0 0 0 0 0 120120 153259.662
-2.1205 0.2486 0.0000 0.00 0.00 1.00 0 0 0 127 0 0 0 0 0 120120 153259.712
-2.1205 0.2486 0.0000 0.00 0.00 1.00 0 0 0 127 0 0 0 0 0 120120 153259.762
-2.1205 0.2486 0.0000 0.00 0.00 1.00 0 0 0 127 0 0 0 0 0 120120 153259.813
-2.1205 0.2486 0.0000 0.00 0.00 1.00 0 0 0 127 0 0 0 0 0 120120 153259.863
-2.1205 0.2486 0.0000 0.00 0.00 1.00 0 0 0 127 0 0 0 0 0 120120 153259.913
-2.1205 0.2486 0.0000 0.00 0.00 1.00 0 0 0 127 0 0 0 0 0 120120 153259.963
-2.1205 0.2486 0.0000 0.00 0.00 1.00 0 0 0 127 0 0 0 0 0 120120 153300.013
-2.1205 0.2486 0.0000 0.00 0.00 1.00 0 0 0 127 0 0 0 0 0 120120 153300.063
-2.1205 0.2486 0.0000 0.00 0.00 1.00 0 0 0 127 0 0 0 0 0 120120 153300.114
-2.1205 0.2486 0.0000 0.00 0.00 1.00 0 0 0 127 0 0 0 0 0 120120 153300.164
-2.1205 0.2486 0.0000 0.00 0.00 1.00 0 0 0 127 0 0 0 0 0 120120 153300.214
-2.1205 0.2486 0.0000 0.00 0.00 1.00 0 0 0 127 0 0 0 0 0 120120 153300.265
-2.1205 0.2486 0.0000 0.00 0.00 1.00 0 0 0 127 0 0 0 0 0 120120 153300.315
-2.1205 0.2486 0.0000 0.00 0.00 1.00 0 0 0 127 0 0 0 0 0 120120 153300.365
-2.1205 0.2486 0.0000 0.00 0.00 1.00 0 0 0 127 0 0 0 0 0 120120 153300.415
-2.1205 0.2486 0.0000 0.00 0.00 1.00 0 0 0 127 0 0 0 0 0 120120 153300.465
-2.1205 0.2486 0.0000 0.00 0.00 1.00 0 0 0 127 0 0 0 0 0 120120 153300.515
-2.1205 0.2486 0.0000 0.00 0.00 1.00 0 0 0 127 0 0 0 0 0 120120 153300.566
-2.1205 0.2486 0.0000 0.00 0.00 1.00 0 0 0 127 0 0 0 0 0 120120 153300.616
-2.1205 0.2486 0.0000 0.00 0.00 1.00 0 0 0 127 0 0 0 0 0 120120 153300.666
-2.1205 0.2486 0.0000 0.00 0.00 1.00 0 0 0 127 0 0 0 0 0 120120 153300.716
-2.1205 0.2486 0.0000 0.00 0.00 1.00 0 0 0 127 0 0 0 0 0 120120 153300.766
-2.1205 0.2486 0.0000 0.00 0.00 1.00 0 0 0 127 0 0 0 0 0 120120 153300.817
-2.1205 0.2486 0.0000 0.00 0.00 1.00 0 0 0 127 0 0 0 0 0 120120 153300.867
-2.1205 0.2486 0.0000 0.00 0.00 1.00 0 0 0 127 0 0 0 0 0 120120 153300.917
-2.1205 0.2486 0.0000 0.00 0.00 1.00 0 0 0 127 0 0 0 0 0 120120 153300.967
-2.1205 0.2486 0.0000 0.00 0.00 1.00 0 0 0 127 0 0 0 0 0 120120 153301.017
-2.1205 0.2486 0.0000 0.00 0.00 1.00 0 0 0 127 0 0 0 0 0 120120 153301.067
-2.1205 0.2486 0.0000 0.00 0.00 1.00 0 0 0 127 0 0 0 0 0 120120 153301.118
-2.1205 0.2486 0.0000 0.00 0.00 1.00 0 0 0 127 0 0 0 0 0 120120 153301.168
-2.1205 0.2486 0.0000 0.00 0.00 1.00 0 0 0 127 0 0 0 0 0 120120 153301.218
-2.1205 0.2486 0.0000 0.00 0.00 1.00 0 0 0 127 0 0 0 0 0 120120 153301.268
-2.1205 0.2486 0.0000 0.00 0.00 1.00 0 0 0 127 0 0 0 0 0 120120 153301.318
-2.1205 0.2486 0.0000 0.00 0.00 1.00 0 0 0 127 0 0 0 0 0 120120 153301.369
-2.1205 0.2486 0.0000 0.00 0.00 1.00 0 0 0 127 0 0 0 0 0 120120 153301.419
-2.1205 0.2486 0.0000 0.00 0.00 1.00 0 0 0 127 0 0 0 0 0 120120 153301.469
-2.1205 0.2486 0.0000 0.00 0.00 1.00 0 0 0 127 0 0 0 0 0 120120 153301.519
-2.1205 0.2486 0.0000 0.00 0.00 1.00 0 0 0 127 0 0 0 0 0 120120 153301.570
-2.1205 0.2486 0.0000 0.00 0.00 1.00 0 0 0 127 0 0 0 0 0 120120 153301.620
-2.1205 0.2486 0.0000 0.00 0.00 1.00 0 0 0 127 0 0 0 0 0 120120 153301.670
-2.1205 0.2486 0.0000 0.00 0.00 1.00 0 0 0 127 0 0 0 0 0 120120 153301.720
-2.1205 0.2486 0.0000 0.00 0.00 1.00 0 0 0 127 0 0 0 0 0 120120 153301.770
-2.1205 0.2486 0.0000 0.00 0.00 1.00 0 0 0 127 0 0 0 0 0 120120 153301.820
-2.1205 0.2486 0.0000 0.00 0.00 1.00 0 0 0 127 0 0 0 0 0 120120 153301.871
-2.1205 0.2486 0.0000 0.00 0.00 1.00 0 0 0 127 0 0 0 0 0 120120 153301.921
-2.1205 0.2486 0.0000 0.00 0.00 1.00 0 0 0 127 0 0 0 0 0 120120 153301.971
-2.1205 0.2486 0.0000 0.00 0.00 1.00 0 0 0 127 0 0 0 0 0 120120 153302.021
-2.1205 0.2486 0.0000 0.00 0.00 1.00 0 0 0 127 0 0 0 0 0 120120 153302.072
-2.1205 0.2486 0.0000 0.00 0.00 1.00 0 0 0 127 0 0 0 0 0 120120 153302.122
-2.1205 0.2486 0.0000 0.00 0.00 1.00 0 0 0 127 0 0 0 0 0 120120 153302.172
-2.1205 0.2486 0.0000 0.00 0.00 1.00 0 0 0 127 0 0 0 0 0 120120 153302.222
-2.1205 0.2486 0.0000 0.00 0.00 1.00 0 0 0 127 0 0 0 0 0 120120 153302.272
-2.1205 0.2486 0.0000 0.00 0.00 1.00 0 0 0 127 0 0 0 0 0 120120 153302.322
-2.1205 0.2486 0.0000 0.00 0.00 1.00 0 0 0 127 0 0 0 0 0 120120 153302.373
-2.1205 0.2486 0.0000 0.00 0.00 1.00 0 0 0 127 0 0 0 0 0 120120 153302.423
-2.1205 0.2486 0.0000 0.00 0.00 1.00 0 0 0 127 0 0 0 0 0 120120 153302.473
-2.1205 0.2486 0.0000 0.00 0.00 1.00 0 0 0 127 0 0 0 0 0 120120 153302.523
-2.1205 0.2486 0.0000 0.00 0.00 1.00 0 0 0 127 0 0 0 0 0 120120 153302.574
-2.1205 0.2486 0.0000 0.00 0.00 1.00 0 0 0 127 0 0 0 0 0 120120 153302.624
-2.1205 0.2486 0.0000 0.00 0.00 1.00 0 0 0 127 0 0 0 0 0 120120 153302.674
-2.1205 0.2486 0.0000 0.00 0.00 1.00 0 0 0 127 0 0 0 0 0 120120 153302.724
-2.1205 0.2486 0.0000 0.00 0.00 1.00 0 0 0 127 0 0 0 0 0 120120 153302.774
-2.1205 0.2486 0.0000 0.00 0.00 1.00 0 0 0 127 0 0 0 0 0 120120 153302.825
-2.1205 0.2486 0.0000 0.00 0.00 1.00 0 0 0 127 0 0 0 0 0 120120 153302.875
-2.1205 0.2486 0.0000 0.00 0.00 1.00 0 0 0 127 0 0 0 0 0 120120 153302.925
-2.1205 0.2486 0.0000 0.00 0.00 1.00 0 0 0 127 0 0 0 0 0 120120 153302.975
-2.1205 0.2486 0.0000 0.00 0.00 1.00 0 0 0 127 0 0 0 0 0 120120 153303.025
-2.1205 0.2486 0.0000 0.00 0.00 1.00 0 0 0 127 0 0 0 0 0 120120 153303.076
-2.1205 0.2486 0.0000 0.00 0.00 1.00 0 0 0 127 0 0 0 0 0 120120 153303.126
-2.1205 0.2486 0.0000 0.00 0.00 1.00 0 0 0 127 0 0 0 0 0 120120 153303.176
-2.1205 0.2486 0.0000 0.00 0.00 1.00 0 0 0 127 0 0 0 0 0 120120 153303.226
-2.1205 0.2486 0.0000 0.00 0.00 1.00 0 0 0 127 0 0 0 0 0 120120 153303.276
-2.1205 0.2486 0.0000 0.00 0.00 1.00 0 0 0 127 0 0 0 0 0 120120 153303.327
-2.1205 0.2486 0.0000 0.00 0.00 1.00 0 0 0 127 0 0 0 0 0 120120 153303.377
-2.1205 0.2486 0.0000 0.00 0.00 1.00 0 0 0 127 0 0 0 0 0 120120 153303.427
-2.1205 0.2486 0.0000 0.00 0.00 1.00 0 0 0 127 0 0 0 0 0 120120 153303.477
-2.1205 0.2486 0.0000 0.00 0.00 1.00 0 0 0 127 0 0 0 0 0 120120 153303.527
-2.1205 0.2486 0.0000 0.00 0.00 1.00 0 0 0 127 0 0 0 0 0 120120 153303.578
-2.1205 0.2486 0.0000 0.00 0.00 1.00 0 0 0 127 0 0 0 0 0 120120 153303.628
-2.1205 0.2486 0.0000 0.00 0.00 1.00 0 0 0 127 0 0 0 0 0 120120 153303.678
-2.1205 0.2486 0.0000 0.00 0.00 1.00 0 0 0 127 0 0 0 0 0 120120 153303.728
-2.1205 0.2486 0.0000 0.00 0.00 1.00 0 0 0 127 0 0 0 0 0 120120 153303.779
-2.1205 0.2486 0.0000 0.00 0.00 1.00 0 0 0 127 0 0 0 0 0 120120 153303.829
-2.1205 0.2486 0.0000 0.00 0.00 1.00 0 0 0 127 0 0 0 0 0 120120 153303.879
-2.1205 0.2486 0.0000 0.00 0.00 1.00 0 0 0 127 0 0 0 0 0 120120 153303.929
-2.1205 0.2486 0.0000 0.00 0.00 1.00 0 0 0 127 0 0 0 0 0 120120 153303.979
-2.1205 0.2486 0.0000 0.00 0.00 1.00 0 0 0 127 0 0 0 0 0 120120 153304.030
-2.1205 0.2486 0.0000 0.00 0.00 1.00 0 0 0 127 0 0 0 0 0 120120 153304.080
-2.1205 0.2486 0.0000 0.00 0.00 1.00 0 0 0 127 0 0 0 0 0 120120 153304.130
-2.1205 0.2486 0.0000 0.00 0.00 1.00 0 0 0 127 0 0 0 0 0 120120 153304.180
-2.1205 0.2486 0.0000 0.00 0.00 1.00 0 0 0 127 0 0 0 0 0 120120 153304.230
-2.1205 0.2486 0.0000 0.00 0.00 1.00 0 0 0 127 0 0 0 0 0 120120 153304.281
-2.1205 0.2486 0.0000 0.00 0.00 1.00 0 0 0 127 0 0 0 0 0 120120 153304.331
-2.1205 0.2486 0.0000 0.00 0.00 1.00 0 0 0 127 0 0 0 0 0 120120 153304.381
-2.1205 0.2486 0.0000 0.00 0.00 1.00 0 0 0 127 0 0 0 0 0 120120 153304.431
-2.1205 0.2486 0.0000 0.00 0.00 1.00 0 0 0 127 0 0 0 0 0 120120 153304.481
-2.1205 0.2486 0.0000 0.00 0.00 1.00 0 0 0 127 0 0 0 0 0 120120 153304.532
-2.1205 0.2486 0.0000 0.00 0.00 1.00 0 0 0 127 0 0 0 0 0 120120 153304.582
-2.1205 0.2486 0.0000 0.00 0.00 1.00 0 0 0 127 0 0 0 0 0 120120 153304.632
-2.1205 0.2486 0.0000 0.00 0.00 1.00 0 0 0 127 0 0 0 0 0 120120 153304.682
-2.1205 0.2486 0.0000 0.00 0.00 1.00 0 0 0 127 0 0 0 0 0 120120 153304.732
-2.1205 0.2486 0.0000 0.00 0.00 1.00 0 0 0 127 0 0 0 0 0 120120 153304.783
-2.1205 0.2486 0.0000 0.00 0.00 1.00 0 0 0 127 0 0 0 0 0 120120 153304.833
-2.1205 0.2486 0.0000 0.00 0.00 1.00 0 0 0 127 0 0 0 0 0 120120 153304.883
-2.1205 0.2486 0.0000 0.00 0.00 1.00 0 0 0 127 0 0 0 0 0 120120 153304.933
-2.1205 0.2486 0.0000 0.00 0.00 1.00 0 0 0 127 0 0 0 0 0 120120 153304.983
-2.1205 0.2486 0.0000 0.00 0.00 1.00 0 0 0 127 0 0 0 0 0 120120 153305.033
-2.1205 0.2486 0.0000 0.00 0.00 1.00 0 0 0 127 0 0 0 0 0 120120 153305.084
-2.1205 0.2486 0.0000 0.00 0.00 1.00 0 0 0 127 0 0 0 0 0 120120 153305.134
-2.1205 0.2486 0.0000 0.00 0.00 1.00 0 0 0 127 0 0 0 0 0 120120 153305.184
-2.1205 0.2486 0.0000 0.00 0.00 1.00 0 0 0 127 0 0 0 0 0 120120 153305.234
-2.1205 0.2486 0.0000 0.00 0.00 1.00 0 0 0 127 0 0 0 0 0 120120 153305.284
-2.1205 0.2486 0.0000 0.00 0.00 1.00 0 0 0 127 0 0 0 0 0 120120 153305.334
-2.1205 0.2486 0.0000 0.00 0.00 1.00 0 0 0 127 0 0 0 0 0 120120 153305.385
-2.1205 0.2486 0.0000 0.00 0.00 1.00 0 0 0 127 0 0 0 0 0 120120 153305.435
-2.1205 0.2486 0.0000 0.00 0.00 1.00 0 0 0 127 0 0 0 0 0 120120 153305.485
-2.1205 0.2486 0.0000 0.00 0.00 1.00 0 0 0 127 0 0 0 0 0 120120 153305.535
-2.1205 0.2486 0.0000 0.00 0.00 1.00 0 0 0 127 0 0 0 0 0 120120 153305.585
-2.1205 0.2486 0.0000 0.00 0.00 1.00 0 0 0 127 0 0 0 0 0 120120 153305.636
-2.1205 0.2486 0.0000 0.00 0.00 1.00 0 0 0 127 0 0 0 0 0 120120 153305.686
-2.1205 0.2486 0.0000 0.00 0.00 1.00 0 0 0 127 0 0 0 0 0 120120 153305.736
-2.1205 0.2486 0.0000 0.00 0.00 1.00 0 0 0 127 0 0 0 0 0 120120 153305.786
-2.1205 0.2486 0.0000 0.00 0.00 1.00 0 0 0 127 0 0 0 0 0 120120 153305.836
-2.1205 0.2486 0.0000 0.00 0.00 1.00 0 0 0 127 0 0 0 0 0 120120 153305.887
-2.1205 0.2486 0.0000 0.00 0.00 1.00 0 0 0 127 0 0 0 0 0 120120 153305.937
-2.1205 0.2486 0.0000 0.00 0.00 1.00 0 0 0 127 0 0 0 0 0 120120 153305.987
-2.1205 0.2486 0.0000 0.00 0.00 1.00 0 0 0 127 0 0 0 0 0 120120 153306.037
-2.1205 0.2486 0.0000 0.00 0.00 1.00 0 0 0 127 0 0 0 0 0 120120 153306.087
-2.1205 0.2486 0.0000 0.00 0.00 1.00 0 0 0 127 0 0 0 0 0 120120 153306.137
-2.1205 0.2486 0.0000 0.00 0.00 1.00 0 0 0 127 0 0 0 0 0 120120 153306.188
-2.1205 0.2486 0.0000 0.00 0.00 1.00 0 0 0 127 0 0 0 0 0 120120 153306.238
-2.1205 0.2486 0.0000 0.00 0.00 1.00 0 0 0 127 0 0 0 0 0 120120 153306.288
-2.1205 0.2486 0.0000 0.00 0.00 1.00 0 0 0 127 0 0 0 0 0 120120 153306.338
-2.1205 0.2486 0.0000 0.00 0.00 1.00 0 0 0 127 0 0 0 0 0 120120 153306.388
-2.1205 0.2486 0.0000 0.00 0.00 1.00 0 0 0 127 0 0 0 0 0 120120 153306.438
-2.1205 0.2486 0.0000 0.00 0.00 1.00 0 0 0 127 0 0 0 0 0 120120 153306.489
-2.1205 0.2486 0.0000 0.00 0.00 1.00 0 0 0 127 0 0 0 0 0 120120 153306.539
-2.1205 0.2486 0.0000 0.00 0.00 1.00 0 0 0 127 0 0 0 0 0 120120 153306.589
-2.1205 0.2486 0.0000 0.00 0.00 1.00 0 0 0 127 0 0 0 0 0 120120 153306.639
-2.1205 0.2486 0.0000 0.00 0.00 1.00 0 0 0 127 0 0 0 0 0 120120 153306.689
-2.1205 0.2486 0.0000 0.00 0.00 1.00 0 0 0 127 0 0 0 0 0 120120 153306.740
-2.1205 0.2486 0.0000 0.00 0.00 1.00 0 0 0 127 0 0 0 0 0 120120 153306.790
-2.1205 0.2486 0.0000 0.00 0.00 1.00 0 0 0 127 0 0 0 0 0 120120 153306.840
-2.1205 0.2486 0.0000 0.00 0.00 1.00 0 0 0 127 0 0 0 0 0 120120 153306.890
-2.1205 0.2486 0.0000 0.00 0.00 1.00 0 0 0 127 0 0 0 0 0 120120 153306.940
-2.1205 0.2486 0.0000 0.00 0.00 1.00 0 0 0 127 0 0 0 0 0 120120 153306.991
-2.1205 0.2486 0.0000 0.00 0.00 1.00 0 0 0 127 0 0 0 0 0 120120 153307.041
-2.1205 0.2486 0.0000 0.00 0.00 1.00 0 0 0 127 0 0 0 0 0 120120 153307.091
-2.1205 0.2486 0.0000 0.00 0.00 1.00 0 0 0 127 0 0 0 0 0 120120 153307.141
-2.1205 0.2486 0.0000 0.00 0.00 1.00 0 0 0 127 0 0 0 0 0 120120 153307.192
-2.1205 0.2486 0.0000 0.00 0.00 1.00 0 0 0 127 0 0 0 0 0 120120 153307.242
-2.1205 0.2486 0.0000 0.00 0.00 1.00 0 0 0 127 0 0 0 0 0 120120 153307.292
-2.1205 0.2486 0.0000 0.00 0.00 1.00 0 0 0 127 0 0 0 0 0 120120 153307.342
-2.1205 0.2486 0.0000 0.00 0.00 1.00 0 0 0 127 0 0 0 0 0 120120 153307.392
-2.1205 0.2486 0.0000 0.00 0.00 1.00 0 0 0 127 0 0 0 0 0 120120 153307.443
-2.1205 0.2486 0.0000 0.00 0.00 1.00 0 0 0 127 0 0 0 0 0 120120 153307.493
-2.1205 0.2486 0.0000 0.00 0.00 1.00 0 0 0 127 0 0 0 0 0 120120 153307.543
-2.1205 0.2486 0.0000 0.00 0.00 1.00 0 0 0 127 0 0 0 0 0 120120 153307.593
-2.1205 0.2486 0.0000 0.00 0.00 1.00 0 0 0 127 0 0 0 0 0 120120 153307.643
-2.1205 0.2486 0.0000 0.00 0.00 1.00 0 0 0 127 0 0 0 0 0 120120 153307.693
-2.1205 0.2486 0.0000 0.00 0.00 1.00 0 0 0 127 0 0 0 0 0 120120 153307.744
-2.1205 0.2486 0.0000 0.00 0.00 1.00 0 0 0 127 0 0 0 0 0 120120 153307.794
-2.1205 0.2486 0.0000 0.00 0.00 1.00 0 0 0 127 0 0 0 0 0 120120 153307.844
-2.1205 0.2486 0.0000 0.00 0.00 1.00 0 0 0 127 0 0 0 0 0 120120 153307.894
-2.1205 0.2486 0.0000 0.00 0.00 1.00 0 0 0 127 0 0 0 0 0 120120 153307.944
-2.1205 0.2486 0.0000 0.00 0.00 1.00 0 0 0 127 0 0 0 0 0 120120 153307.995
-2.1205 0.2486 0.0000 0.00 0.00 1.00 0 0 0 127 0 0 0 0 0 120120 153308.045
-2.1205 0.2486 0.0000 0.00 0.00 1.00 0 0 0 127 0 0 0 0 0 120120 153308.095
-2.1205 0.2486 0.0000 0.00 0.00 1.00 0 0 0 127 0 0 0 0 0 120120 153308.145
-2.1205 0.2486 0.0000 0.00 0.00 1.00 0 0 0 127 0 0 0 0 0 120120 153308.195
-2.1205 0.2486 0.0000 0.00 0.00 1.00 0 0 0 127 0 0 0 0 0 120120 153308.246
-2.1205 0.2486 0.0000 0.00 0.00 1.00 0 0 0 127 0 0 0 0 0 120120 153308.296
-2.1205 0.2486 0.0000 0.00 0.00 1.00 0 0 0 127 0 0 0 0 0 120120 153308.346
-2.1205 0.2486 0.0000 0.00 0.00 1.00 0 0 0 127 0 0 0 0 0 120120 153308.396
-2.1205 0.2486 0.0000 0.00 0.00 1.00 0 0 0 127 0 0 0 0 0 120120 153308.446
-2.1205 0.2486 0.0000 0.00 0.00 1.00 0 0 0 127 0 0 0 0 0 120120 153308.496
-2.1205 0.2486 0.0000 0.00 0.00 1.00 0 0 0 127 0 0 0 0 0 120120 153308.547
-2.1205 0.2486 0.0000 0.00 0.00 1.00 0 0 0 127 0 0 0 0 0 120120 153308.597
-2.1205 0.2486 0.0000 0.00 0.00 1.00 0 0 0 127 0 0 0 0 0 120120 153308.647
-2.1205 0.2486 0.0000 0.00 0.00 1.00 0 0 0 127 0 0 0 0 0 120120 153308.697
-2.1205 0.2486 0.0000 0.00 0.00 1.00 0 0 0 127 0 0 0 0 0 120120 153308.747
-2.1205 0.2486 0.0000 0.00 0.00 1.00 0 0 0 127 0 0 0 0 0 120120 153308.798
-2.1205 0.2486 0.0000 0.00 0.00 1.00 0 0 0 127 0 0 0 0 0 120120 153308.848
-2.1205 0.2486 0.0000 0.00 0.00 1.00 0 0 0 127 0 0 0 0 0 120120 153308.898
-2.1205 0.2486 0.0000 0.00 0.00 1.00 0 0 0 127 0 0 0 0 0 120120 153308.948
-2.1205 0.2486 0.0000 0.00 0.00 1.00 0 0 0 127 0 0 0 0 0 120120 153308.998
-2.1205 0.2486 0.0000 0.00 0.00 1.00 0 0 0 127 0 0 0 0 0 120120 153309.048
-2.1205 0.2486 0.0000 0.00 0.00 1.00 0 0 0 127 0 0 0 0 0 120120 153309.098
-2.1205 0.2486 0.0000 0.00 0.00 1.00 0 0 0 127 0 0 0 0 0 120120 153309.149
-2.1205 0.2486 0.0000 0.00 0.00 1.00 0 0 0 127 0 0 0 0 0 120120 153309.199
-2.1205 0.2486 0.0000 0.00 0.00 1.00 0 0 0 127 0 0 0 0 0 120120 153309.249
-2.1205 0.2486 0.0000 0.00 0.00 1.00 0 0 0 127 0 0 0 0 0 120120 153309.299
-2.1205 0.2486 0.0000 0.00 0.00 1.00 0 0 0 127 0 0 0 0 0 120120 153309.349
-2.1205 0.2486 0.0000 0.00 0.00 1.00 0 0 0 127 0 0 0 0 0 120120 153309.400
-2.1205 0.2486 0.0000 0.00 0.00 1.00 0 0 0 127 0 0 0 0 0 120120 153309.450
-2.1205 0.2486 0.0000 0.00 0.00 1.00 0 0 0 127 0 0 0 0 0 120120 153309.500
-2.1205 0.2486 0.0000 0.00 0.00 1.00 0 0 0 127 0 0 0 0 0 120120 153309.550
-2.1205 0.2486 0.0000 0.00 0.00 1.00 0 0 0 127 0 0 0 0 0 120120 153309.600
-2.1205 0.2486 0.0000 0.00 0.00 1.00 0 0 0 127 0 0 0 0 0 120120 153309.651
-2.1205 0.2486 0.0000 0.00 0.00 1.00 0 0 0 127 0 0 0 0 0 120120 153309.701
-2.1205 0.2486 0.0000 0.00 0.00 1.00 0 0 0 127 0 0 0 0 0 120120 153309.751
-2.1205 0.2486 0.0000 0.00 0.00 1.00 0 0 0 127 0 0 0 0 0 120120 153309.801
-2.1205 0.2486 0.0000 0.00 0.00 1.00 0 0 0 127 0 0 0 0 0 120120 153309.851
-2.1205 0.2486 0.0000 0.00 0.00 1.00 0 0 0 127 0 0 0 0 0 120120 153309.902
-2.1205 0.2486 0.0000 0.00 0.00 1.00 0 0 0 127 0 0 0 0 0 120120 153309.952
-2.1205 0.2486 0.0000 0.00 0.00 1.00 0 0 0 127 0 0 0 0 0 120120 153310.002
-2.1205 0.2486 0.0000 0.00 0.00 1.00 0 0 0 127 0 0 0 0 0 120120 153310.052
-2.1205 0.2486 0.0000 0.00 0.00 1.00 0 0 0 127 0 0 0 0 0 120120 153310.102
-2.1205 0.2486 0.0000 0.00 0.00 1.00 0 0 0 127 0 0 0 0 0 120120 153310.152
-2.1205 0.2486 0.0000 0.00 0.00 1.00 0 0 0 127 0 0 0 0 0 120120 153310.203
-2.1205 0.2486 0.0000 0.00 0.00 1.00 0 0 0 127 0 0 0 0 0 120120 153310.253
-2.1205 0.2486 0.0000 0.00 0.00 1.00 0 0 0 127 0 0 0 0 0 120120 153310.303
-2.1205 0.2486 0.0000 0.00 0.00 1.00 0 0 0 127 0 0 0 0 0 120120 153310.353
-2.1205 0.2486 0.0000 0.00 0.00 1.00 0 0 0 127 0 0 0 0 0 120120 153310.403
-2.1205 0.2486 0.0000 0.00 0.00 1.00 0 0 0 127 0 0 0 0 0 120120 153310.453
-2.1205 0.2486 0.0000 0.00 0.00 1.00 0 0 0 127 0 0 0 0 0 120120 153310.504
-2.1205 0.2486 0.0000 0.00 0.00 1.00 0 0 0 127 0 0 0 0 0 120120 153310.554
-2.1205 0.2486 0.0000 0.00 0.00 1.00 0 0 0 127 0 0 0 0 0 120120 153310.604
-2.1205 0.2486 0.0000 0.00 0.00 1.00 0 0 0 127 0 0 0 0 0 120120 153310.654
-2.1205 0.2486 0.0000 0.00 0.00 1.00 0 0 0 127 0 0 0 0 0 120120 153310.704
-2.1205 0.2486 0.0000 0.00 0.00 1.00 0 0 0 127 0 0 0 0 0 120120 153310.755
-2.1205 0.2486 0.0000 0.00 0.00 1.00 0 0 0 127 0 0 0 0 0 120120 153310.805
-2.1205 0.2486 0.0000 0.00 0.00 1.00 0 0 0 127 0 0 0 0 0 120120 153310.855
-2.1205 0.2486 0.0000 0.00 0.00 1.00 0 0 0 127 0 0 0 0 0 120120 153310.905
-2.1205 0.2486 0.0000 0.00 0.00 1.00 0 0 0 127 0 0 0 0 0 120120 153310.955
-2.1205 0.2486 0.0000 0.00 0.00 1.00 0 0 0 127 0 0 0 0 0 120120 153311.005
-2.1205 0.2486 0.0000 0.00 0.00 1.00 0 0 0 127 0 0 0 0 0 120120 153311.056
-2.1205 0.2486 0.0000 0.00 0.00 1.00 0 0 0 127 0 0 0 0 0 120120 153311.106
-2.1205 0.2486 0.0000 0.00 0.00 1.00 0 0 0 127 0 0 0 0 0 120120 153311.156
-2.1205 0.2486 0.0000 0.00 0.00 1.00 0 0 0 127 0 0 0 0 0 120120 153311.206
-2.1205 0.2486 0.0000 0.00 0.00 1.00 0 0 0 127 0 0 0 0 0 120120 153311.256
-2.1205 0.2486 0.0000 0.00 0.00 1.00 0 0 0 127 0 0 0 0 0 120120 153311.306
-2.1205 0.2486 0.0000 0.00 0.00 1.00 0 0 0 127 0 0 0 0 0 120120 153311.357
-2.1205 0.2486 0.0000 0.00 0.00 1.00 0 0 0 127 0 0 0 0 0 120120 153311.407
-2.1205 0.2486 0.0000 0.00 0.00 1.00 0 0 0 127 0 0 0 0 0 120120 153311.457
-2.1205 0.2486 0.0000 0.00 0.00 1.00 0 0 0 127 0 0 0 0 0 120120 153311.507
-2.1205 0.2486 0.0000 0.00 0.00 1.00 0 0 0 127 0 0 0 0 0 120120 153311.557
-2.1205 0.2486 0.0000 0.00 0.00 1.00 0 0 0 127 0 0 0 0 0 120120 153311.608
-2.1205 0.2486 0.0000 0.00 0.00 1.00 0 0 0 127 0 0 0 0 0 120120 153311.658
-2.1205 0.2486 0.0000 0.00 0.00 1.00 0 0 0 127 0 0 0 0 0 120120 153311.708
-2.1205 0.2486 0.0000 0.00 0.00 1.00 0 0 0 127 0 0 0 0 0 120120 153311.758
-2.1205 0.2486 0.0000 0.00 0.00 1.00 0 0 0 127 0 0 0 0 0 120120 153311.808
-2.1205 0.2486 0.0000 0.00 0.00 1.00 0 0 0 127 0 0 0 0 0 120120 153311.859
-2.1205 0.2486 0.0000 0.00 0.00 1.00 0 0 0 127 0 0 0 0 0 120120 153311.909
-2.1205 0.2486 0.0000 0.00 0.00 1.00 0 0 0 127 0 0 0 0 0 120120 153311.959
-2.1205 0.2486 0.0000 0.00 0.00 1.00 0 0 0 127 0 0 0 0 0 120120 153312.009
-2.1205 0.2486 0.0000 0.00 0.00 1.00 0 0 0 127 0 0 0 0 0 120120 153312.059
-2.1205 0.2486 0.0000 0.00 0.00 1.00 0 0 0 127 0 0 0 0 0 120120 153312.109
-2.1205 0.2486 0.0000 0.00 0.00 1.00 0 0 0 127 0 0 0 0 0 120120 153312.160
-2.1205 0.2486 0.0000 0.00 0.00 1.00 0 0 0 127 0 0 0 0 0 120120 153312.210
-2.1205 0.2486 0.0000 0.00 0.00 1.00 0 0 0 127 0 0 0 0 0 120120 153312.260
-2.1205 0.2486 0.0000 0.00 0.00 1.00 0 0 0 127 0 0 0 0 0 120120 153312.310
-2.1205 0.2486 0.0000 0.00 0.00 1.00 0 0 0 127 0 0 0 0 0 120120 153312.360
-2.1205 0.2486 0.0000 0.00 0.00 1.00 0 0 0 127 0 0 0 0 0 120120 153312.410
-2.1205 0.2486 0.0000 0.00 0.00 1.00 0 0 0 127 0 0 0 0 0 120120 153312.461
-2.1205 0.2486 0.0000 0.00 0.00 1.00 0 0 0 127 0 0 0 0 0 120120 153312.511
-2.1205 0.2486 0.0000 0.00 0.00 1.00 0 0 0 127 0 0 0 0 0 120120 153312.561
-2.1205 0.2486 0.0000 0.00 0.00 1.00 0 0 0 127 0 0 0 0 0 120120 153312.611
-2.1205 0.2486 0.0000 0.00 0.00 1.00 0 0 0 127 0 0 0 0 0 120120 153312.661
-2.1205 0.2486 0.0000 0.00 0.00 1.00 0 0 0 127 0 0 0 0 0 120120 153312.712
-2.1205 0.2486 0.0000 0.00 0.00 1.00 0 0 0 127 0 0 0 0 0 120120 153312.762
-2.1205 0.2486 0.0000 0.00 0.00 1.00 0 0 0 127 0 0 0 0 0 120120 153312.812
-2.1205 0.2486 0.0000 0.00 0.00 1.00 0 0 0 127 0 0 0 0 0 120120 153312.862
-2.1205 0.2486 0.0000 0.00 0.00 1.00 0 0 0 127 0 0 0 0 0 120120 153312.912
-2.1205 0.2486 0.0000 0.00 0.00 1.00 0 0 0 127 0 0 0 0 0 120120 153312.963
-2.1205 0.2486 0.0000 0.00 0.00 1.00 0 0 0 127 0 0 0 0 0 120120 153313.013
-2.1205 0.2486 0.0000 0.00 0.00 1.00 0 0 0 127 0 0 0 0 0 120120 153313.063
-2.1205 0.2486 0.0000 0.00 0.00 1.00 0 0 0 127 0 0 0 0 0 120120 153313.113
-2.1205 0.2486 0.0000 0.00 0.00 1.00 0 0 0 127 0 0 0 0 0 120120 153313.163
-2.1205 0.2486 0.0000 0.00 0.00 1.00 0 0 0 127 0 0 0 0 0 120120 153313.213
-2.1205 0.2486 0.0000 0.00 0.00 1.00 0 0 0 127 0 0 0 0 0 120120 153313.264
-2.1205 0.2486 0.0000 0.00 0.00 1.00 0 0 0 127 0 0 0 0 0 120120 153313.314
-2.1205 0.2486 0.0000 0.00 0.00 1.00 0 0 0 127 0 0 0 0 0 120120 153313.364
-2.1205 0.2486 0.0000 0.00 0.00 1.00 0 0 0 127 0 0 0 0 0 120120 153313.414
-2.1205 0.2486 0.0000 0.00 0.00 1.00 0 0 0 127 0 0 0 0 0 120120 153313.464
-2.1205 0.2486 0.0000 0.00 0.00 1.00 0 0 0 127 0 0 0 0 0 120120 153313.515
-2.1205 0.2486 0.0000 0.00 0.00 1.00 0 0 0 127 0 0 0 0 0 120120 153313.565
-2.1205 0.2486 0.0000 0.00 0.00 1.00 0 0 0 127 0 0 0 0 0 120120 153313.615
-2.1205 0.2486 0.0000 0.00 0.00 1.00 0 0 0 127 0 0 0 0 0 120120 153313.665
-2.1205 0.2486 0.0000 0.00 0.00 1.00 0 0 0 127 0 0 0 0 0 120120 153313.715
-2.1205 0.2486 0.0000 0.00 0.00 1.00 0 0 0 127 0 0 0 0 0 120120 153313.765
-2.1205 0.2486 0.0000 0.00 0.00 1.00 0 0 0 127 0 0 0 0 0 120120 153313.816
-2.1205 0.2486 0.0000 0.00 0.00 1.00 0 0 0 127 0 0 0 0 0 120120 153313.866
-2.1205 0.2486 0.0000 0.00 0.00 1.00 0 0 0 127 0 0 0 0 0 120120 153313.916
-2.1205 0.2486 0.0000 0.00 0.00 1.00 0 0 0 127 0 0 0 0 0 120120 153313.966
-2.1205 0.2486 0.0000 0.00 0.00 1.00 0 0 0 127 0 0 0 0 0 120120 153314.016
-2.1205 0.2486 0.0000 0.00 0.00 1.00 0 0 0 127 0 0 0 0 0 120120 153314.066
-2.1205 0.2486 0.0000 0.00 0.00 1.00 0 0 0 127 0 0 0 0 0 120120 153314.117
-2.1205 0.2486 0.0000 0.00 0.00 1.00 0 0 0 127 0 0 0 0 0 120120 153314.167
-2.1205 0.2486 0.0000 0.00 0.00 1.00 0 0 0 127 0 0 0 0 0 120120 153314.217
-2.1205 0.2486 0.0000 0.00 0.00 1.00 0 0 0 127 0 0 0 0 0 120120 153314.267
-2.1205 0.2486 0.0000 0.00 0.00 1.00 0 0 0 127 0 0 0 0 0 120120 153314.317
-2.1205 0.2486 0.0000 0.00 0.00 1.00 0 0 0 127 0 0 0 0 0 120120 153314.368
-2.1205 0.2486 0.0000 0.00 0.00 1.00 0 0 0 127 0 0 0 0 0 120120 153314.418
-2.1205 0.2486 0.0000 0.00 0.00 1.00 0 0 0 127 0 0 0 0 0 120120 153314.468
-2.1205 0.2486 0.0000 0.00 0.00 1.00 0 0 0 127 0 0 0 0 0 120120 153314.518
-2.1205 0.2486 0.0000 0.00 0.00 1.00 0 0 0 127 0 0 0 0 0 120120 153314.568
-2.1205 0.2486 0.0000 0.00 0.00 1.00 0 0 0 127 0 0 0 0 0 120120 153314.619
-2.1205 0.2486 0.0000 0.00 0.00 1.00 0 0 0 127 0 0 0 0 0 120120 153314.669
-2.1205 0.2486 0.0000 0.00 0.00 1.00 0 0 0 127 0 0 0 0 0 120120 153314.719
-2.1205 0.2486 0.0000 0.00 0.00 1.00 0 0 0 127 0 0 0 0 0 120120 153314.769
-2.1205 0.2486 0.0000 0.00 0.00 1.00 0 0 0 127 0 0 0 0 0 120120 153314.819
-2.1205 0.2486 0.0000 0.00 0.00 1.00 0 0 0 127 0 0 0 0 0 120120 153314.870
-2.1205 0.2486 0.0000 0.00 0.00 1.00 0 0 0 127 0 0 0 0 0 120120 153314.920
-2.1205 0.2486 0.0000 0.00 0.00 1.00 0 0 0 127 0 0 0 0 0 120120 153314.970
-2.1205 0.2486 0.0000 0.00 0.00 1.00 0 0 0 127 0 0 0 0 0 120120 153315.020
-2.1205 0.2486 0.0000 0.00 0.00 1.00 0 0 0 127 0 0 0 0 0 120120 153315.071
-2.1205 0.2486 0.0000 0.00 0.00 1.00 0 0 0 127 0 0 0 0 0 120120 153315.121
-2.1205 0.2486 0.0000 0.00 0.00 1.00 0 0 0 127 0 0 0 0 0 120120 153315.171
-2.1205 0.2486 0.0000 0.00 0.00 1.00 0 0 0 127 0 0 0 0 0 120120 153315.221
-2.1205 0.2486 0.0000 0.00 0.00 1.00 0 0 0 127 0 0 0 0 0 120120 153315.271
-2.1205 0.2486 0.0000 0.00 0.00 1.00 0 0 0 127 0 0 0 0 0 120120 153315.321
-2.1205 0.2486 0.0000 0.00 0.00 1.00 0 0 0 127 0 0 0 0 0 120120 153315.372
-2.1205 0.2486 0.0000 0.00 0.00 1.00 0 0 0 127 0 0 0 0 0 120120 153315.422
-2.1205 0.2486 0.0000 0.00 0.00 1.00 0 0 0 127 0 0 0 0 0 120120 153315.472
-2.1205 0.2486 0.0000 0.00 0.00 1.00 0 0 0 127 0 0 0 0 0 120120 153315.522
-2.1205 0.2486 0.0000 0.00 0.00 1.00 0 0 0 127 0 0 0 0 0 120120 153315.572
-2.1205 0.2486 0.0000 0.00 0.00 1.00 0 0 0 127 0 0 0 0 0 120120 153315.623
-2.1205 0.2486 0.0000 0.00 0.00 1.00 0 0 0 127 0 0 0 0 0 120120 153315.673
-2.1205 0.2486 0.0000 0.00 0.00 1.00 0 0 0 127 0 0 0 0 0 120120 153315.723
-2.1205 0.2486 0.0000 0.00 0.00 1.00 0 0 0 127 0 0 0 0 0 120120 153315.773
-2.1205 0.2486 0.0000 0.00 0.00 1.00 0 0 0 127 0 0 0 0 0 120120 153315.823
-2.1205 0.2486 0.0000 0.00 0.00 1.00 0 0 0 127 0 0 0 0 0 120120 153315.873
-2.1205 0.2486 0.0000 0.00 0.00 1.00 0 0 0 127 0 0 0 0 0 120120 153315.924
-2.1205 0.2486 0.0000 0.00 0.00 1.00 0 0 0 127 0 0 0 0 0 120120 153315.974
-2.1205 0.2486 0.0000 0.00 0.00 1.00 0 0 0 127 0 0 0 0 0 120120 153316.024
-2.1205 0.2486 0.0000 0.00 0.00 1.00 0 0 0 127 0 0 0 0 0 120120 153316.074
-2.1205 0.2486 0.0000 0.00 0.00 1.00 0 0 0 127 0 0 0 0 0 120120 153316.124
-2.1205 0.2486 0.0000 0.00 0.00 1.00 0 0 0 127 0 0 0 0 0 120120 153316.175
-2.1205 0.2486 0.0000 0.00 0.00 1.00 0 0 0 127 0 0 0 0 0 120120 153316.225
-2.1205 0.2486 0.0000 0.00 0.00 1.00 0 0 0 127 0 0 0 0 0 120120 153316.275
-2.1205 0.2486 0.0000 0.00 0.00 1.00 0 0 0 127 0 0 0 0 0 120120 153316.325
-2.1205 0.2486 0.0000 0.00 0.00 1.00 0 0 0 127 0 0 0 0 0 120120 153316.375
-2.1205 0.2486 0.0000 0.00 0.00 1.00 0 0 0 127 0 0 0 0 0 120120 153316.426
-2.1205 0.2486 0.0000 0.00 0.00 1.00 0 0 0 127 0 0 0 0 0 120120 153316.476
-2.1205 0.2486 0.0000 0.00 0.00 1.00 0 0 0 127 0 0 0 0 0 120120 153316.526
-2.1205 0.2486 0.0000 0.00 0.00 1.00 0 0 0 127 0 0 0 0 0 120120 153316.576
-2.1205 0.2486 0.0000 0.00 0.00 1.00 0 0 0 127 0 0 0 0 0 120120 153316.626
-2.1205 0.2486 0.0000 0.00 0.00 1.00 0 0 0 127 0 0 0 0 0 120120 153316.677
-2.1205 0.2486 0.0000 0.00 0.00 1.00 0 0 0 127 0 0 0 0 0 120120 153316.727
-2.1205 0.2486 0.0000 0.00 0.00 1.00 0 0 0 127 0 0 0 0 0 120120 153316.777
-2.1205 0.2486 0.0000 0.00 0.00 1.00 0 0 0 127 0 0 0 0 0 120120 153316.827
-2.1205 0.2486 0.0000 0.00 0.00 1.00 0 0 0 127 0 0 0 0 0 120120 153316.877
-2.1205 0.2486 0.0000 0.00 0.00 1.00 0 0 0 127 0 0 0 0 0 120120 153316.927
-2.1205 0.2486 0.0000 0.00 0.00 1.00 0 0 0 127 0 0 0 0 0 120120 153316.978
-2.1205 0.2486 0.0000 0.00 0.00 1.00 0 0 0 127 0 0 0 0 0 120120 153317.028
-2.1205 0.2486 0.0000 0.00 0.00 1.00 0 0 0 127 0 0 0 0 0 120120 153317.078
-2.1205 0.2486 0.0000 0.00 0.00 1.00 0 0 0 127 0 0 0 0 0 120120 153317.128
-2.1205 0.2486 0.0000 0.00 0.00 1.00 0 0 0 127 0 0 0 0 0 120120 153317.178
-2.1205 0.2486 0.0000 0.00 0.00 1.00 0 0 0 127 0 0 0 0 0 120120 153317.229
-2.1205 0.2486 0.0000 0.00 0.00 1.00 0 0 0 127 0 0 0 0 0 120120 153317.279
-2.1205 0.2486 0.0000 0.00 0.00 1.00 0 0 0 127 0 0 0 0 0 120120 153317.329
-2.1205 0.2486 0.0000 0.00 0.00 1.00 0 0 0 127 0 0 0 0 0 120120 153317.379
-2.1205 0.2486 0.0000 0.00 0.00 1.00 0 0 0 127 0 0 0 0 0 120120 153317.429
-2.1205 0.2486 0.0000 0.00 0.00 1.00 0 0 0 127 0 0 0 0 0 120120 153317.480
-2.1205 0.2486 0.0000 0.00 0.00 1.00 0 0 0 127 0 0 0 0 0 120120 153317.530
-2.1205 0.2486 0.0000 0.00 0.00 1.00 0 0 0 127 0 0 0 0 0 120120 153317.580
-2.1205 0.2486 0.0000 0.00 0.00 1.00 0 0 0 127 0 0 0 0 0 120120 153317.630
-2.1205 0.2486 0.0000 0.00 0.00 1.00 0 0 0 127 0 0 0 0 0 120120 153317.680
-2.1205 0.2486 0.0000 0.00 0.00 1.00 0 0 0 127 0 0 0 0 0 120120 153317.730
-2.1205 0.2486 0.0000 0.00 0.00 1.00 0 0 0 127 0 0 0 0 0 120120 153317.781
-2.1205 0.2486 0.0000 0.00 0.00 1.00 0 0 0 127 0 0 0 0 0 120120 153317.831
-2.1205 0.2486 0.0000 0.00 0.00 1.00 0 0 0 127 0 0 0 0 0 120120 153317.881
-2.1205 0.2486 0.0000 0.00 0.00 1.00 0 0 0 127 0 0 0 0 0 120120 153317.931
-2.1205 0.2486 0.0000 0.00 0.00 1.00 0 0 0 127 0 0 0 0 0 120120 153317.981
-2.1205 0.2486 0.0000 0.00 0.00 1.00 0 0 0 127 0 0 0 0 0 120120 153318.032
-2.1205 0.2486 0.0000 0.00 0.00 1.00 0 0 0 127 0 0 0 0 0 120120 153318.082
-2.1205 0.2486 0.0000 0.00 0.00 1.00 0 0 0 127 0 0 0 0 0 120120 153318.132
-2.1205 0.2486 0.0000 0.00 0.00 1.00 0 0 0 127 0 0 0 0 0 120120 153318.182
-2.1205 0.2486 0.0000 0.00 0.00 1.00 0 0 0 127 0 0 0 0 0 120120 153318.232
-2.1205 0.2486 0.0000 0.00 0.00 1.00 0 0 0 127 0 0 0 0 0 120120 153318.282
-2.1205 0.2486 0.0000 0.00 0.00 1.00 0 0 0 127 0 0 0 0 0 120120 153318.333
-2.1205 0.2486 0.0000 0.00 0.00 1.00 0 0 0 127 0 0 0 0 0 120120 153318.383
-2.1205 0.2486 0.0000 0.00 0.00 1.00 0 0 0 127 0 0 0 0 0 120120 153318.433
-2.1205 0.2486 0.0000 0.00 0.00 1.00 0 0 0 127 0 0 0 0 0 120120 153318.483
-2.1205 0.2486 0.0000 0.00 0.00 1.00 0 0 0 127 0 0 0 0 0 120120 153318.534
-2.1205 0.2486 0.0000 0.00 0.00 1.00 0 0 0 127 0 0 0 0 0 120120 153318.584
-2.1205 0.2486 0.0000 0.00 0.00 1.00 0 0 0 127 0 0 0 0 0 120120 153318.634
-2.1205 0.2486 0.0000 0.00 0.00 1.00 0 0 0 127 0 0 0 0 0 120120 153318.684
-2.1205 0.2486 0.0000 0.00 0.00 1.00 0 0 0 127 0 0 0 0 0 120120 153318.734
-2.1205 0.2486 0.0000 0.00 0.00 1.00 0 0 0 127 0 0 0 0 0 120120 153318.784
-2.1205 0.2486 0.0000 0.00 0.00 1.00 0 0 0 127 0 0 0 0 0 120120 153318.835
-2.1205 0.2486 0.0000 0.00 0.00 1.00 0 0 0 127 0 0 0 0 0 120120 153318.885
-2.1205 0.2486 0.0000 0.00 0.00 1.00 0 0 0 127 0 0 0 0 0 120120 153318.935
-2.1205 0.2486 0.0000 0.00 0.00 1.00 0 0 0 127 0 0 0 0 0 120120 153318.985
-2.1205 0.2486 0.0000 0.00 0.00 1.00 0 0 0 127 0 0 0 0 0 120120 153319.036
-2.1205 0.2486 0.0000 0.00 0.00 1.00 0 0 0 127 0 0 0 0 0 120120 153319.086
-2.1205 0.2486 0.0000 0.00 0.00 1.00 0 0 0 127 0 0 0 0 0 120120 153319.136
-2.1205 0.2486 0.0000 0.00 0.00 1.00 0 0 0 127 0 0 0 0 0 120120 153319.186
-2.1205 0.2486 0.0000 0.00 0.00 1.00 0 0 0 127 0 0 0 0 0 120120 153319.236
-2.1205 0.2486 0.0000 0.00 0.00 1.00 0 0 0 127 0 0 0 0 0 120120 153319.287
-2.1205 0.2486 0.0000 0.00 0.00 1.00 0 0 0 127 0 0 0 0 0 120120 153319.337
-2.1205 0.2486 0.0000 0.00 0.00 1.00 0 0 0 127 0 0 0 0 0 120120 153319.387
-2.1205 0.2486 0.0000 0.00 0.00 1.00 0 0 0 127 0 0 0 0 0 120120 153319.437
-2.1205 0.2486 0.0000 0.00 0.00 1.00 0 0 0 127 0 0 0 0 0 120120 153319.487
-2.1205 0.2486 0.0000 0.00 0.00 1.00 0 0 0 127 0 0 0 0 0 120120 153319.538
-2.1205 0.2486 0.0000 0.00 0.00 1.00 0 0 0 127 0 0 0 0 0 120120 153319.588
-2.1205 0.2486 0.0000 0.00 0.00 1.00 0 0 0 127 0 0 0 0 0 120120 153319.638
-2.1205 0.2486 0.0000 0.00 0.00 1.00 0 0 0 127 0 0 0 0 0 120120 153319.688
-2.1205 0.2486 0.0000 0.00 0.00 1.00 0 0 0 127 0 0 0 0 0 120120 153319.738
-2.1205 0.2486 0.0000 0.00 0.00 1.00 0 0 0 127 0 0 0 0 0 120120 153319.789
-2.1205 0.2486 0.0000 0.00 0.00 1.00 0 0 0 127 0 0 0 0 0 120120 153319.839
-2.1205 0.2486 0.0000 0.00 0.00 1.00 0 0 0 127 0 0 0 0 0 120120 153319.889
-2.1205 0.2486 0.0000 0.00 0.00 1.00 0 0 0 127 0 0 0 0 0 120120 153319.939
-2.1205 0.2486 0.0000 0.00 0.00 1.00 0 0 0 127 0 0 0 0 0 120120 153319.989
-2.1205 0.2486 0.0000 0.00 0.00 1.00 0 0 0 127 0 0 0 0 0 120120 153320.039
-2.1205 0.2486 0.0000 0.00 0.00 1.00 0 0 0 127 0 0 0 0 0 120120 153320.090
-2.1205 0.2486 0.0000 0.00 0.00 1.00 0 0 0 127 0 0 0 0 0 120120 153320.140
-2.1205 0.2486 0.0000 0.00 0.00 1.00 0 0 0 127 0 0 0 0 0 120120 153320.190
-2.1205 0.2486 0.0000 0.00 0.00 1.00 0 0 0 127 0 0 0 0 0 120120 153320.240
-2.1205 0.2486 0.0000 0.00 0.00 1.00 0 0 0 127 0 0 0 0 0 120120 153320.291
-2.1205 0.2486 0.0000 0.00 0.00 1.00 0 0 0 127 0 0 0 0 0 120120 153320.341
-2.1205 0.2486 0.0000 0.00 0.00 1.00 0 0 0 127 0 0 0 0 0 120120 153320.391
-2.1205 0.2486 0.0000 0.00 0.00 1.00 0 0 0 127 0 0 0 0 0 120120 153320.441
-2.1205 0.2486 0.0000 0.00 0.00 1.00 0 0 0 127 0 0 0 0 0 120120 153320.492
-2.1205 0.2486 0.0000 0.00 0.00 1.00 0 0 0 127 0 0 0 0 0 120120 153320.542
