7.1590 -1.2385 0.0000 0.00 0.00 1.00 0 0 0 112 1 0 0 0 0 031219 145853.433
7.1591 -1.2385 0.0000 0.00 0.00 1.00 0 0 0 112 1 0 0 0 0 031219 145853.634
7.1600 -1.2389 0.0000 0.00 0.00 1.00 0 0 0 112 1 0 0 0 0 031219 145853.834
7.1752 -1.2450 0.0000 0.00 0.00 1.00 0 0 0 112 1 0 0 0 0 031219 145854.034
7.2261 -1.2679 0.0000 0.00 0.00 1.00 0 0 0 112 1 0 0 0 0 031219 145854.234
7.2503 -1.2813 0.0000 0.00 0.00 1.00 0 0 0 112 1 0 0 0 0 031219 145854.434
7.2843 -1.2958 0.0000 0.00 0.00 1.00 0 0 0 112 1 0 0 0 0 031219 145854.634
7.3054 -1.3049 0.0000 0.00 0.00 1.00 0 0 0 112 1 0 0 0 0 031219 145854.835
7.3400 -1.3204 0.0000 0.00 0.00 1.00 0 0 0 112 1 0 0 0 0 031219 145855.035
7.3761 -1.3373 0.0000 0.00 0.00 1.00 0 0 0 112 1 0 0 0 0 031219 145855.235
7.4067 -1.3507 0.0000 0.00 0.00 1.00 0 0 0 112 1 0 0 0 0 031219 145855.435
7.4273 -1.3609 0.0000 0.00 0.00 1.00 0 0 0 112 1 0 0 0 0 031219 145855.635
7.4610 -1.3760 0.0000 0.00 0.00 1.00 0 0 0 112 1 0 0 0 0 031219 145855.836
7.4842 -1.3869 0.0000 0.00 0.00 1.00 0 0 0 112 1 0 0 0 0 031219 145856.036
7.5351 -1.4099 0.0000 0.00 0.00 1.00 0 0 0 112 1 0 0 0 0 031219 145856.236
7.5582 -1.4203 0.0000 0.00 0.00 1.00 0 0 0 112 1 0 0 0 0 031219 145856.436
7.5953 -1.4362 0.0000 0.00 0.00 1.00 0 0 0 112 1 0 0 0 0 031219 145856.636
7.6197 -1.4471 0.0000 0.00 0.00 1.00 0 0 0 112 1 0 0 0 0 031219 145856.837
7.6598 -1.4654 0.0000 0.00 0.00 1.00 0 0 0 112 1 0 0 0 0 031219 145857.037
7.6747 -1.4718 0.0000 0.00 0.00 1.00 0 0 0 112 1 0 0 0 0 031219 145857.237
7.7130 -1.4897 0.0000 0.00 0.00 1.00 0 0 0 112 1 0 0 0 0 031219 145857.437
7.7539 -1.5074 0.0000 0.00 0.00 1.00 0 0 0 112 1 0 0 0 0 031219 145857.637
7.7687 -1.5144 0.0000 0.00 0.00 1.00 0 0 0 112 1 0 0 0 0 031219 145857.837
7.8126 -1.5344 0.0000 0.00 0.00 1.00 0 0 0 112 1 0 0 0 0 031219 145858.038
7.8411 -1.5462 0.0000 0.00 0.00 1.00 0 0 0 112 1 0 0 0 0 031219 145858.238
7.8717 -1.5604 0.0000 0.00 0.00 1.00 0 0 0 112 1 0 0 0 0 031219 145858.438
7.9146 -1.5799 0.0000 0.00 0.00 1.00 0 0 0 112 1 0 0 0 0 031219 145858.638
7.9390 -1.5901 0.0000 0.00 0.00 1.00 0 0 0 112 1 0 0 0 0 031219 145858.838
7.9657 -1.6022 0.0000 0.00 0.00 1.00 0 0 0 112 1 0 0 0 0 031219 145859.039
8.0121 -1.6219 0.0000 0.00 0.00 1.00 0 0 0 112 1 0 0 0 0 031219 145859.239
8.0337 -1.6323 0.0000 0.00 0.00 1.00 0 0 0 112 1 0 0 0 0 031219 145859.439
8.0714 -1.6499 0.0000 0.00 0.00 1.00 0 0 0 112 1 0 0 0 0 031219 145859.639
8.1043 -1.6644 0.0000 0.00 0.00 1.00 0 0 0 112 1 0 0 0 0 031219 145859.840
8.1281 -1.6759 0.0000 0.00 0.00 1.00 0 0 0 112 1 0 0 0 0 031219 145900.040
8.1512 -1.6862 0.0000 0.00 0.00 1.00 0 0 0 112 1 0 0 0 0 031219 145900.240
8.1967 -1.7072 0.0000 0.00 0.00 1.00 0 0 0 112 1 0 0 0 0 031219 145900.440
8.2191 -1.7180 0.0000 0.00 0.00 1.00 0 0 0 112 1 0 0 0 0 031219 145900.640
8.2631 -1.7370 0.0000 0.00 0.00 1.00 0 0 0 112 1 0 0 0 0 031219 145900.840
8.2891 -1.7482 0.0000 0.00 0.00 1.00 0 0 0 112 1 0 0 0 0 031219 145901.041
8.3185 -1.7621 0.0000 0.00 0.00 1.00 0 0 0 112 1 0 0 0 0 031219 145901.241
8.3510 -1.7754 0.0000 0.00 0.00 1.00 0 0 0 112 1 0 0 0 0 031219 145901.441
8.3823 -1.7886 0.0000 0.00 0.00 1.00 0 0 0 112 1 0 0 0 0 031219 145901.641
8.4075 -1.8004 0.0000 0.00 0.00 1.00 0 0 0 112 1 0 0 0 0 031219 145901.841
8.4399 -1.8153 0.0000 0.00 0.00 1.00 0 0 0 112 1 0 0 0 0 031219 145902.042
8.4559 -1.8214 0.0000 0.00 0.00 1.00 0 0 0 112 1 0 0 0 0 031219 145902.242
8.5110 -1.8460 0.0000 0.00 0.00 1.00 0 0 0 112 1 0 0 0 0 031219 145902.442
8.5337 -1.8567 0.0000 0.00 0.00 1.00 0 0 0 112 1 0 0 0 0 031219 145902.642
8.5652 -1.8703 0.0000 0.00 0.00 1.00 0 0 0 112 1 0 0 0 0 031219 145902.842
8.6036 -1.8872 0.0000 0.00 0.00 1.00 0 0 0 112 1 0 0 0 0 031219 145903.043
8.6336 -1.9008 0.0000 0.00 0.00 1.00 0 0 0 112 1 0 0 0 0 031219 145903.243
8.6585 -1.9106 0.0000 0.00 0.00 1.00 0 0 0 112 1 0 0 0 0 031219 145903.443
8.7022 -1.9316 0.0000 0.00 0.00 1.00 0 0 0 112 1 0 0 0 0 031219 145903.643
8.7262 -1.9429 0.0000 0.00 0.00 1.00 0 0 0 112 1 0 0 0 0 031219 145903.843
8.7583 -1.9564 0.0000 0.00 0.00 1.00 0 0 0 112 1 0 0 0 0 031219 145904.044
8.7812 -1.9659 0.0000 0.00 0.00 1.00 0 0 0 112 1 0 0 0 0 031219 145904.244
8.8192 -1.9834 0.0000 0.00 0.00 1.00 0 0 0 112 1 0 0 0 0 031219 145904.444
8.8517 -1.9969 0.0000 0.00 0.00 1.00 0 0 0 112 1 0 0 0 0 031219 145904.644
8.8911 -2.0132 0.0000 0.00 0.00 1.00 0 0 0 112 1 0 0 0 0 031219 145904.844
8.9146 -2.0243 0.0000 0.00 0.00 1.00 0 0 0 112 1 0 0 0 0 031219 145905.044
8.9417 -2.0345 0.0000 0.00 0.00 1.00 0 0 0 112 1 0 0 0 0 031219 145905.245
8.9646 -2.0453 0.0000 0.00 0.00 1.00 0 0 0 112 1 0 0 0 0 031219 145905.445
9.0128 -2.0661 0.0000 0.00 0.00 1.00 0 0 0 112 1 0 0 0 0 031219 145905.645
9.0362 -2.0761 0.0000 0.00 0.00 1.00 0 0 0 112 1 0 0 0 0 031219 145905.845
9.0665 -2.0880 0.0000 0.00 0.00 1.00 0 0 0 112 1 0 0 0 0 031219 145906.045
9.0990 -2.1041 0.0000 0.00 0.00 1.00 0 0 0 112 1 0 0 0 0 031219 145906.246
9.1406 -2.1223 0.0000 0.00 0.00 1.00 0 0 0 112 1 0 0 0 0 031219 145906.446
9.1616 -2.1322 0.0000 0.00 0.00 1.00 0 0 0 112 1 0 0 0 0 031219 145906.646
9.1913 -2.1452 0.0000 0.00 0.00 1.00 0 0 0 112 1 0 0 0 0 031219 145906.846
9.2321 -2.1630 0.0000 0.00 0.00 1.00 0 0 0 112 1 0 0 0 0 031219 145907.046
9.2562 -2.1737 0.0000 0.00 0.00 1.00 0 0 0 112 1 0 0 0 0 031219 145907.247
9.2957 -2.1914 0.0000 0.00 0.00 1.00 0 0 0 112 1 0 0 0 0 031219 145907.447
9.3172 -2.2011 0.0000 0.00 0.00 1.00 0 0 0 112 1 0 0 0 0 031219 145907.647
9.3554 -2.2166 0.0000 0.00 0.00 1.00 0 0 0 112 1 0 0 0 0 031219 145907.847
9.3801 -2.2279 0.0000 0.00 0.00 1.00 0 0 0 112 1 0 0 0 0 031219 145908.047
9.4129 -2.2425 0.0000 0.00 0.00 1.00 0 0 0 112 1 0 0 0 0 031219 145908.247
9.4530 -2.2597 0.0000 0.00 0.00 1.00 0 99 245 112 1 0 0 0 0 031219 145908.448
9.4753 -2.2703 0.0000 0.00 0.00 1.00 0 248 243 112 1 0 0 0 0 031219 145908.648
9.5051 -2.2834 0.0000 0.00 0.00 1.00 0 181 244 112 1 0 0 0 0 031219 145908.848
9.5410 -2.2988 0.0000 0.00 0.00 1.00 0 60 246 112 1 0 0 0 0 031219 145909.048
9.5635 -2.3092 0.0000 0.00 0.00 1.00 0 228 244 112 1 0 0 0 0 031219 145909.248
9.5944 -2.3228 0.0000 0.00 0.00 1.00 0 102 244 112 1 0 0 0 0 031219 145909.449
9.6319 -2.3394 0.0000 0.00 0.00 1.00 0 131 242 112 1 0 0 0 0 031219 145909.649
9.6547 -2.3486 0.0000 0.00 0.00 1.00 0 30 244 112 1 0 0 0 0 031219 145909.849
9.6970 -2.3641 0.0000 0.00 0.00 1.00 0 197 244 112 1 0 0 0 0 031219 145910.049
9.7216 -2.3750 0.0000 0.00 0.00 1.00 0 31 244 112 1 0 0 0 0 031219 145910.249
9.7444 -2.3824 0.0000 0.00 0.00 1.00 0 231 249 112 1 0 0 0 0 031219 145910.450
9.7871 -2.3996 0.0000 0.00 0.00 1.00 0 240 247 112 1 0 0 0 0 031219 145910.650
9.8108 -2.4097 0.0000 0.00 0.00 1.00 0 112 247 112 1 0 0 0 0 031219 145910.850
9.8504 -2.4253 0.0000 0.00 0.00 1.00 0 193 244 112 1 0 0 0 0 031219 145911.050
9.8740 -2.4341 0.0000 0.00 0.00 1.00 0 50 244 112 1 0 0 0 0 031219 145911.250
9.9116 -2.4475 0.0000 0.00 0.00 1.00 0 23 248 112 1 0 0 0 0 031219 145911.450
9.9333 -2.4559 0.0000 0.00 0.00 1.00 0 164 246 112 1 0 0 0 0 031219 145911.650
9.9709 -2.4695 0.0000 0.00 0.00 1.00 0 185 245 112 1 0 0 0 0 031219 145911.851
10.0005 -2.4810 0.0000 0.00 0.00 1.00 0 32 248 112 1 0 0 0 0 031219 145912.051
10.0334 -2.4931 0.0000 0.00 0.00 1.00 0 124 246 112 1 0 0 0 0 031219 145912.251
10.0572 -2.5013 0.0000 0.00 0.00 1.00 0 173 248 112 1 0 0 0 0 031219 145912.451
10.0865 -2.5112 0.0000 0.00 0.00 1.00 0 12 249 112 1 0 0 0 0 031219 145912.651
10.1164 -2.5222 0.0000 0.00 0.00 1.00 0 156 246 112 1 0 0 0 0 031219 145912.852
10.1481 -2.5326 0.0000 0.00 0.00 1.00 0 120 248 112 1 0 0 0 0 031219 145913.052
10.1850 -2.5451 0.0000 0.00 0.00 1.00 0 10 250 112 1 0 0 0 0 031219 145913.252
10.2173 -2.5559 0.0000 0.00 0.00 1.00 0 110 248 112 1 0 0 0 0 031219 145913.452
10.2491 -2.5659 0.0000 0.00 0.00 1.00 0 250 251 112 1 0 0 0 0 031219 145913.652
10.2717 -2.5737 0.0000 0.00 0.00 1.00 0 102 248 112 1 0 0 0 0 031219 145913.852
10.3107 -2.5867 0.0000 0.00 0.00 1.00 0 161 249 112 1 0 0 0 0 031219 145914.053
10.3441 -2.5964 0.0000 0.00 0.00 1.00 0 171 250 112 1 0 0 0 0 031219 145914.253
10.3665 -2.6043 0.0000 0.00 0.00 1.00 0 194 247 112 1 0 0 0 0 031219 145914.453
10.4060 -2.6167 0.0000 0.00 0.00 1.00 0 0 0 112 1 0 0 0 0 031219 145914.653
10.4370 -2.6262 0.0000 0.00 0.00 1.00 0 0 0 112 1 0 0 0 0 031219 145914.853
10.4604 -2.6334 0.0000 0.00 0.00 1.00 0 0 0 112 1 0 0 0 0 031219 145915.054
10.5029 -2.6442 0.0000 0.00 0.00 1.00 0 0 0 112 1 0 0 0 0 031219 145915.254
10.5346 -2.6540 0.0000 0.00 0.00 1.00 0 0 0 112 1 0 0 0 0 031219 145915.454
10.5579 -2.6609 0.0000 0.00 0.00 1.00 0 0 0 112 1 0 0 0 0 031219 145915.654
10.5980 -2.6736 0.0000 0.00 0.00 1.00 0 0 0 112 1 0 0 0 0 031219 145915.854
10.6216 -2.6802 0.0000 0.00 0.00 1.00 0 0 0 112 1 0 0 0 0 031219 145916.054
10.6589 -2.6908 0.0000 0.00 0.00 1.00 0 0 0 112 1 0 0 0 0 031219 145916.255
10.6892 -2.6991 0.0000 0.00 0.00 1.00 0 0 0 112 1 0 0 0 0 031219 145916.455
10.7134 -2.7061 0.0000 0.00 0.00 1.00 0 0 0 112 1 0 0 0 0 031219 145916.655
10.7564 -2.7185 0.0000 0.00 0.00 1.00 0 0 0 112 1 0 0 0 0 031219 145916.855
10.7978 -2.7299 0.0000 0.00 0.00 1.00 0 0 0 112 1 0 0 0 0 031219 145917.056
10.8196 -2.7367 0.0000 0.00 0.00 1.00 0 0 0 112 1 0 0 0 0 031219 145917.256
10.8478 -2.7448 0.0000 0.00 0.00 1.00 0 0 0 112 1 0 0 0 0 031219 145917.456
10.8708 -2.7519 0.0000 0.00 0.00 1.00 0 0 0 112 1 0 0 0 0 031219 145917.656
10.9150 -2.7621 0.0000 0.00 0.00 1.00 0 0 0 112 1 0 0 0 0 031219 145917.856
10.9408 -2.7695 0.0000 0.00 0.00 1.00 0 0 0 112 1 0 0 0 0 031219 145918.057
10.9775 -2.7790 0.0000 0.00 0.00 1.00 0 0 0 112 1 0 0 0 0 031219 145918.257
11.0037 -2.7868 0.0000 0.00 0.00 1.00 0 0 0 112 1 0 0 0 0 031219 145918.457
11.0358 -2.7962 0.0000 0.00 0.00 1.00 0 0 0 112 1 0 0 0 0 031219 145918.657
11.0689 -2.8061 0.0000 0.00 0.00 1.00 0 0 0 112 1 0 0 0 0 031219 145918.857
11.0987 -2.8138 0.0000 0.00 0.00 1.00 0 0 0 112 1 0 0 0 0 031219 145919.057
11.1344 -2.8243 0.0000 0.00 0.00 1.00 0 0 0 112 1 0 0 0 0 031219 145919.258
11.1489 -2.8287 0.0000 0.00 0.00 1.00 0 0 0 112 1 0 0 0 0 031219 145919.458
11.1872 -2.8408 0.0000 0.00 0.00 1.00 0 0 0 112 1 0 0 0 0 031219 145919.658
11.2164 -2.8468 0.0000 0.00 0.00 1.00 0 0 0 112 1 0 0 0 0 031219 145919.858
11.2386 -2.8542 0.0000 0.00 0.00 1.00 0 0 0 112 1 0 0 0 0 031219 145920.058
11.2593 -2.8602 0.0000 0.00 0.00 1.00 0 0 0 112 1 0 0 0 0 031219 145920.259
11.3050 -2.8753 0.0000 0.00 0.00 1.00 0 0 0 112 1 0 0 0 0 031219 145920.459
11.3287 -2.8856 0.0000 0.00 0.00 1.00 0 0 0 112 1 0 0 0 0 031219 145920.659
11.3705 -2.9009 0.0000 0.00 0.00 1.00 0 0 0 112 1 0 0 0 0 031219 145920.859
11.3936 -2.9140 0.0000 0.00 0.00 1.00 0 0 0 112 1 0 0 0 0 031219 145921.060
11.4080 -2.9219 0.0000 0.00 0.00 1.00 0 0 0 112 1 0 0 0 0 031219 145921.260
11.4442 -2.9316 0.0000 0.00 0.00 1.00 0 0 0 112 1 0 0 0 0 031219 145921.460
11.4702 -2.9388 0.0000 0.00 0.00 1.00 0 41 30 112 1 0 0 0 0 031219 145921.660
11.5110 -2.9505 0.0000 0.00 0.00 1.00 0 178 26 112 1 0 0 0 0 031219 145921.860
11.5442 -2.9581 0.0000 0.00 0.00 1.00 0 51 19 112 1 0 0 0 0 031219 145922.060
11.5639 -2.9638 0.0000 0.00 0.00 1.00 0 30 18 112 1 0 0 0 0 031219 145922.261
11.5971 -2.9738 0.0000 0.00 0.00 1.00 0 171 26 112 1 0 0 0 0 031219 145922.461
11.6391 -2.9855 0.0000 0.00 0.00 1.00 0 197 35 112 1 0 0 0 0 031219 145922.661
11.6535 -2.9900 0.0000 0.00 0.00 1.00 0 93 22 112 1 0 0 0 0 031219 145922.861
11.6876 -3.0019 0.0000 0.00 0.00 1.00 0 163 28 112 1 0 0 0 0 031219 145923.061
11.7170 -3.0100 0.0000 0.00 0.00 1.00 0 47 24 112 1 0 0 0 0 031219 145923.262
11.7384 -3.0169 0.0000 0.00 0.00 1.00 0 196 26 112 1 0 0 0 0 031219 145923.462
11.7756 -3.0284 0.0000 0.00 0.00 1.00 0 60 36 112 1 0 0 0 0 031219 145923.662
11.8121 -3.0406 0.0000 0.00 0.00 1.00 0 3 34 112 1 0 0 0 0 031219 145923.862
11.8395 -3.0506 0.0000 0.00 0.00 1.00 0 16 35 112 1 0 0 0 0 031219 145924.062
11.8591 -3.0581 0.0000 0.00 0.00 1.00 0 83 27 112 1 0 0 0 0 031219 145924.263
11.8935 -3.0733 0.0000 0.00 0.00 1.00 0 40 29 112 1 0 0 0 0 031219 145924.463
11.9146 -3.0808 0.0000 0.00 0.00 1.00 0 118 26 112 1 0 0 0 0 031219 145924.663
11.9479 -3.0961 0.0000 0.00 0.00 1.00 0 92 14 112 1 0 0 0 0 031219 145924.863
11.9691 -3.1051 0.0000 0.00 0.00 1.00 0 223 30 112 1 0 0 0 0 031219 145925.064
12.0048 -3.1225 0.0000 0.00 0.00 1.00 0 107 43 112 1 0 0 0 0 031219 145925.264
12.0324 -3.1355 0.0000 0.00 0.00 1.00 0 98 33 112 1 0 0 0 0 031219 145925.464
12.0586 -3.1495 0.0000 0.00 0.00 1.00 0 225 40 112 1 0 0 0 0 031219 145925.664
12.0821 -3.1621 0.0000 0.00 0.00 1.00 0 57 33 112 1 0 0 0 0 031219 145925.865
12.1026 -3.1732 0.0000 0.00 0.00 1.00 0 81 38 112 1 0 0 0 0 031219 145926.065
12.1342 -3.1902 0.0000 0.00 0.00 1.00 0 159 34 112 1 0 0 0 0 031219 145926.265
12.1654 -3.2088 0.0000 0.00 0.00 1.00 0 71 43 112 1 0 0 0 0 031219 145926.465
12.1772 -3.2165 0.0000 0.00 0.00 1.00 0 214 37 112 1 0 0 0 0 031219 145926.665
12.2097 -3.2358 0.0000 0.00 0.00 1.00 0 147 44 112 1 0 0 0 0 031219 145926.866
12.2347 -3.2522 0.0000 0.00 0.00 1.00 0 224 34 112 1 0 0 0 0 031219 145927.066
12.2522 -3.2644 0.0000 0.00 0.00 1.00 0 195 36 112 1 0 0 0 0 031219 145927.266
12.2828 -3.2848 0.0000 0.00 0.00 1.00 0 114 47 112 1 0 0 0 0 031219 145927.466
12.3022 -3.2987 0.0000 0.00 0.00 1.00 0 250 35 112 1 0 0 0 0 031219 145927.667
12.3344 -3.3207 0.0000 0.00 0.00 1.00 0 79 46 112 1 0 0 0 0 031219 145927.867
12.3578 -3.3384 0.0000 0.00 0.00 1.00 0 5 40 112 1 0 0 0 0 031219 145928.067
12.3878 -3.3624 0.0000 0.00 0.00 1.00 0 49 45 112 1 0 0 0 0 031219 145928.267
12.4027 -3.3761 0.0000 0.00 0.00 1.00 0 12 40 112 1 0 0 0 0 031219 145928.467
12.4266 -3.3958 0.0000 0.00 0.00 1.00 0 2 45 112 1 0 0 0 0 031219 145928.668
12.4529 -3.4221 0.0000 0.00 0.00 1.00 0 169 14 112 1 0 0 0 0 031219 145928.868
12.4699 -3.4373 0.0000 0.00 0.00 1.00 0 189 52 112 1 0 0 0 0 031219 145929.068
12.4897 -3.4556 0.0000 0.00 0.00 1.00 0 3 46 112 1 0 0 0 0 031219 145929.268
12.5071 -3.4722 0.0000 0.00 0.00 1.00 0 74 45 112 1 0 0 0 0 031219 145929.469
12.5318 -3.4983 0.0000 0.00 0.00 1.00 0 242 51 112 1 0 0 0 0 031219 145929.669
12.5457 -3.5121 0.0000 0.00 0.00 1.00 0 31 52 112 1 0 0 0 0 031219 145929.869
12.5731 -3.5401 0.0000 0.00 0.00 1.00 0 29 55 112 1 0 0 0 0 031219 145930.069
12.5937 -3.5616 0.0000 0.00 0.00 1.00 0 18 49 112 1 0 0 0 0 031219 145930.269
12.6134 -3.5880 0.0000 0.00 0.00 1.00 0 216 47 112 1 0 0 0 0 031219 145930.470
12.6273 -3.6037 0.0000 0.00 0.00 1.00 0 98 54 112 1 0 0 0 0 031219 145930.670
12.6480 -3.6246 0.0000 0.00 0.00 1.00 0 101 51 112 1 0 0 0 0 031219 145930.870
12.6609 -3.6408 0.0000 0.00 0.00 1.00 0 68 51 112 1 0 0 0 0 031219 145931.070
12.6784 -3.6699 0.0000 0.00 0.00 1.00 0 171 49 112 1 0 0 0 0 031219 145931.270
12.6941 -3.6941 0.0000 0.00 0.00 1.00 0 14 44 112 1 0 0 0 0 031219 145931.471
12.7076 -3.7140 0.0000 0.00 0.00 1.00 0 194 46 112 1 0 0 0 0 031219 145931.671
12.7278 -3.7444 0.0000 0.00 0.00 1.00 0 140 47 112 1 0 0 0 0 031219 145931.871
12.7386 -3.7618 0.0000 0.00 0.00 1.00 0 41 45 112 1 0 0 0 0 031219 145932.071
12.7558 -3.7974 0.0000 0.00 0.00 1.00 0 69 43 112 1 0 0 0 0 031219 145932.272
12.7663 -3.8178 0.0000 0.00 0.00 1.00 0 103 46 112 1 0 0 0 0 031219 145932.472
12.7830 -3.8496 0.0000 0.00 0.00 1.00 0 16 46 112 1 0 0 0 0 031219 145932.672
12.7978 -3.8862 0.0000 0.00 0.00 1.00 0 2 42 112 1 0 0 0 0 031219 145932.872
12.8073 -3.9061 0.0000 0.00 0.00 1.00 0 9 45 112 1 0 0 0 0 031219 145933.072
12.8210 -3.9352 0.0000 0.00 0.00 1.00 0 103 47 112 1 0 0 0 0 031219 145933.273
12.8300 -3.9548 0.0000 0.00 0.00 1.00 0 205 46 112 1 0 0 0 0 031219 145933.473
12.8407 -3.9858 0.0000 0.00 0.00 1.00 0 85 41 112 1 0 0 0 0 031219 145933.673
12.8507 -4.0120 0.0000 0.00 0.00 1.00 0 125 44 112 1 0 0 0 0 031219 145933.873
12.8594 -4.0389 0.0000 0.00 0.00 1.00 0 213 43 112 1 0 0 0 0 031219 145934.073
12.8697 -4.0736 0.0000 0.00 0.00 1.00 0 149 45 112 1 0 0 0 0 031219 145934.274
12.8777 -4.0948 0.0000 0.00 0.00 1.00 0 107 46 112 1 0 0 0 0 031219 145934.474
12.8861 -4.1224 0.0000 0.00 0.00 1.00 0 204 42 112 1 0 0 0 0 031219 145934.674
12.8932 -4.1439 0.0000 0.00 0.00 1.00 0 242 45 112 1 0 0 0 0 031219 145934.874
12.9006 -4.1784 0.0000 0.00 0.00 1.00 0 232 34 112 1 0 0 0 0 031219 145935.075
12.9068 -4.2067 0.0000 0.00 0.00 1.00 0 14 36 112 1 0 0 0 0 031219 145935.275
12.9103 -4.2306 0.0000 0.00 0.00 1.00 0 231 37 112 1 0 0 0 0 031219 145935.475
12.9172 -4.2684 0.0000 0.00 0.00 1.00 0 121 36 112 1 0 0 0 0 031219 145935.675
12.9222 -4.3022 0.0000 0.00 0.00 1.00 0 13 36 112 1 0 0 0 0 031219 145935.875
12.9266 -4.3261 0.0000 0.00 0.00 1.00 0 139 37 112 1 0 0 0 0 031219 145936.076
12.9276 -4.3585 0.0000 0.00 0.00 1.00 0 209 29 112 1 0 0 0 0 031219 145936.276
12.9285 -4.3875 0.0000 0.00 0.00 1.00 0 77 36 112 1 0 0 0 0 031219 145936.476
12.9311 -4.4111 0.0000 0.00 0.00 1.00 0 149 33 112 1 0 0 0 0 031219 145936.676
12.9348 -4.4507 0.0000 0.00 0.00 1.00 0 220 27 112 1 0 0 0 0 031219 145936.876
12.9321 -4.4878 0.0000 0.00 0.00 1.00 0 244 25 112 1 0 0 0 0 031219 145937.076
12.9332 -4.5108 0.0000 0.00 0.00 1.00 0 159 29 112 1 0 0 0 0 031219 145937.277
12.9360 -4.5521 0.0000 0.00 0.00 1.00 0 97 30 112 1 0 0 0 0 031219 145937.477
12.9338 -4.5722 0.0000 0.00 0.00 1.00 0 5 28 112 1 0 0 0 0 031219 145937.677
12.9352 -4.5962 0.0000 0.00 0.00 1.00 0 0 29 112 1 0 0 0 0 031219 145937.877
12.9342 -4.6358 0.0000 0.00 0.00 1.00 0 94 23 112 1 0 0 0 0 031219 145938.077
12.9330 -4.6604 0.0000 0.00 0.00 1.00 0 203 28 112 1 0 0 0 0 031219 145938.278
12.9333 -4.6971 0.0000 0.00 0.00 1.00 0 4 27 112 1 0 0 0 0 031219 145938.478
12.9310 -4.7354 0.0000 0.00 0.00 1.00 0 134 26 112 1 0 0 0 0 031219 145938.678
12.9270 -4.7589 0.0000 0.00 0.00 1.00 0 38 16 112 1 0 0 0 0 031219 145938.878
12.9251 -4.7801 0.0000 0.00 0.00 1.00 0 251 17 112 1 0 0 0 0 031219 145939.078
12.9243 -4.8165 0.0000 0.00 0.00 1.00 0 181 19 112 1 0 0 0 0 031219 145939.279
12.9245 -4.8542 0.0000 0.00 0.00 1.00 0 166 25 112 1 0 0 0 0 031219 145939.479
12.9190 -4.8915 0.0000 0.00 0.00 1.00 0 109 15 112 1 0 0 0 0 031219 145939.679
12.9157 -4.9158 0.0000 0.00 0.00 1.00 0 100 13 112 1 0 0 0 0 031219 145939.879
12.9115 -4.9546 0.0000 0.00 0.00 1.00 0 118 17 112 1 0 0 0 0 031219 145940.079
12.9096 -4.9768 0.0000 0.00 0.00 1.00 0 43 17 112 1 0 0 0 0 031219 145940.279
12.9059 -5.0032 0.0000 0.00 0.00 1.00 0 235 21 112 1 0 0 0 0 031219 145940.480
12.9012 -5.0406 0.0000 0.00 0.00 1.00 0 64 19 112 1 0 0 0 0 031219 145940.680
12.8955 -5.0713 0.0000 0.00 0.00 1.00 0 138 18 112 1 0 0 0 0 031219 145940.880
12.8898 -5.0945 0.0000 0.00 0.00 1.00 0 26 18 112 1 0 0 0 0 031219 145941.080
12.8814 -5.1247 0.0000 0.00 0.00 1.00 0 255 10 112 1 0 0 0 0 031219 145941.280
12.8753 -5.1491 0.0000 0.00 0.00 1.00 0 76 12 112 1 0 0 0 0 031219 145941.481
12.8653 -5.1897 0.0000 0.00 0.00 1.00 0 58 15 112 1 0 0 0 0 031219 145941.681
12.8572 -5.2275 0.0000 0.00 0.00 1.00 0 0 13 112 1 0 0 0 0 031219 145941.881
12.8555 -5.2536 0.0000 0.00 0.00 1.00 0 7 13 112 1 0 0 0 0 031219 145942.081
12.8502 -5.2828 0.0000 0.00 0.00 1.00 0 78 16 112 1 0 0 0 0 031219 145942.281
12.8476 -5.3022 0.0000 0.00 0.00 1.00 0 5 20 112 1 0 0 0 0 031219 145942.482
12.8372 -5.3479 0.0000 0.00 0.00 1.00 0 16 14 112 1 0 0 0 0 031219 145942.682
12.8317 -5.3682 0.0000 0.00 0.00 1.00 0 74 16 112 1 0 0 0 0 031219 145942.882
12.8237 -5.4045 0.0000 0.00 0.00 1.00 0 66 10 112 1 0 0 0 0 031219 145943.082
12.8181 -5.4265 0.0000 0.00 0.00 1.00 0 203 13 112 1 0 0 0 0 031219 145943.282
12.8091 -5.4661 0.0000 0.00 0.00 1.00 0 15 4 112 1 0 0 0 0 031219 145943.483
12.8000 -5.5050 0.0000 0.00 0.00 1.00 0 117 4 112 1 0 0 0 0 031219 145943.683
12.7939 -5.5263 0.0000 0.00 0.00 1.00 0 148 4 112 1 0 0 0 0 031219 145943.883
12.7839 -5.5692 0.0000 0.00 0.00 1.00 0 54 2 112 1 0 0 0 0 031219 145944.083
12.7743 -5.5946 0.0000 0.00 0.00 1.00 0 72 252 112 1 0 0 0 0 031219 145944.284
12.7651 -5.6300 0.0000 0.00 0.00 1.00 0 242 253 112 1 0 0 0 0 031219 145944.484
12.7580 -5.6540 0.0000 0.00 0.00 1.00 0 23 5 112 1 0 0 0 0 031219 145944.684
12.7487 -5.6863 0.0000 0.00 0.00 1.00 0 92 8 112 1 0 0 0 0 031219 145944.884
12.7425 -5.7203 0.0000 0.00 0.00 1.00 0 111 11 112 1 0 0 0 0 031219 145945.085
12.7328 -5.7523 0.0000 0.00 0.00 1.00 0 104 4 112 1 0 0 0 0 031219 145945.285
12.7233 -5.7869 0.0000 0.00 0.00 1.00 0 25 9 112 1 0 0 0 0 031219 145945.485
12.7154 -5.8137 0.0000 0.00 0.00 1.00 0 143 3 112 1 0 0 0 0 031219 145945.685
12.7031 -5.8552 0.0000 0.00 0.00 1.00 0 214 7 112 1 0 0 0 0 031219 145945.886
12.6953 -5.8800 0.0000 0.00 0.00 1.00 0 106 5 112 1 0 0 0 0 031219 145946.086
12.6824 -5.9225 0.0000 0.00 0.00 1.00 0 206 5 112 1 0 0 0 0 031219 145946.286
12.6741 -5.9518 0.0000 0.00 0.00 1.00 0 61 255 112 1 0 0 0 0 031219 145946.486
12.6636 -5.9826 0.0000 0.00 0.00 1.00 0 91 2 112 1 0 0 0 0 031219 145946.686
12.6559 -6.0103 0.0000 0.00 0.00 1.00 0 245 2 112 1 0 0 0 0 031219 145946.886
12.6420 -6.0504 0.0000 0.00 0.00 1.00 0 0 0 112 1 0 0 0 0 031219 145947.087
12.6331 -6.0812 0.0000 0.00 0.00 1.00 0 0 0 112 1 0 0 0 0 031219 145947.287
12.6210 -6.1115 0.0000 0.00 0.00 1.00 0 0 0 112 1 0 0 0 0 031219 145947.487
12.6129 -6.1346 0.0000 0.00 0.00 1.00 0 0 0 112 1 0 0 0 0 031219 145947.687
12.5980 -6.1750 0.0000 0.00 0.00 1.00 0 0 0 112 1 0 0 0 0 031219 145947.888
12.5836 -6.2125 0.0000 0.00 0.00 1.00 0 0 0 112 1 0 0 0 0 031219 145948.088
12.5761 -6.2307 0.0000 0.00 0.00 1.00 0 0 0 112 1 0 0 0 0 031219 145948.288
12.5639 -6.2657 0.0000 0.00 0.00 1.00 0 0 0 112 1 0 0 0 0 031219 145948.488
12.5565 -6.2934 0.0000 0.00 0.00 1.00 0 0 0 112 1 0 0 0 0 031219 145948.688
12.5391 -6.3362 0.0000 0.00 0.00 1.00 0 0 0 112 1 0 0 0 0 031219 145948.889
12.5280 -6.3690 0.0000 0.00 0.00 1.00 0 0 0 112 1 0 0 0 0 031219 145949.089
12.5223 -6.3930 0.0000 0.00 0.00 1.00 0 0 0 112 1 0 0 0 0 031219 145949.289
12.5089 -6.4304 0.0000 0.00 0.00 1.00 0 0 0 112 1 0 0 0 0 031219 145949.489
12.4940 -6.4734 0.0000 0.00 0.00 1.00 0 0 0 112 1 0 0 0 0 031219 145949.689
12.4844 -6.5007 0.0000 0.00 0.00 1.00 0 0 0 112 1 0 0 0 0 031219 145949.890
12.4747 -6.5320 0.0000 0.00 0.00 1.00 0 0 0 112 1 0 0 0 0 031219 145950.090
12.4608 -6.5723 0.0000 0.00 0.00 1.00 0 0 0 112 1 0 0 0 0 031219 145950.290
12.4462 -6.6074 0.0000 0.00 0.00 1.00 0 0 0 112 1 0 0 0 0 031219 145950.490
12.4372 -6.6333 0.0000 0.00 0.00 1.00 0 0 0 112 1 0 0 0 0 031219 145950.690
12.4243 -6.6657 0.0000 0.00 0.00 1.00 0 0 0 112 1 0 0 0 0 031219 145950.891
12.4093 -6.7064 0.0000 0.00 0.00 1.00 0 0 0 112 1 0 0 0 0 031219 145951.091
12.4053 -6.7208 0.0000 0.00 0.00 1.00 0 0 0 112 1 0 0 0 0 031219 145951.291
12.3952 -6.7591 0.0000 0.00 0.00 1.00 0 0 0 112 1 0 0 0 0 031219 145951.491
12.3811 -6.7924 0.0000 0.00 0.00 1.00 0 0 0 112 1 0 0 0 0 031219 145951.692
12.3662 -6.8328 0.0000 0.00 0.00 1.00 0 0 0 112 1 0 0 0 0 031219 145951.892
12.3583 -6.8507 0.0000 0.00 0.00 1.00 0 0 0 112 1 0 0 0 0 031219 145952.092
12.3501 -6.8786 0.0000 0.00 0.00 1.00 0 0 0 112 1 0 0 0 0 031219 145952.292
12.3353 -6.9264 0.0000 0.00 0.00 1.00 0 0 0 112 1 0 0 0 0 031219 145952.492
12.3271 -6.9531 0.0000 0.00 0.00 1.00 0 0 0 112 1 0 0 0 0 031219 145952.693
12.3212 -6.9770 0.0000 0.00 0.00 1.00 0 0 0 112 1 0 0 0 0 031219 145952.893
12.3138 -6.9980 0.0000 0.00 0.00 1.00 0 0 0 112 1 0 0 0 0 031219 145953.093
12.3037 -7.0328 0.0000 0.00 0.00 1.00 0 118 17 112 1 0 0 0 0 031219 145953.293
12.2918 -7.0691 0.0000 0.00 0.00 1.00 0 195 17 112 1 0 0 0 0 031219 145953.493
12.2789 -7.1052 0.0000 0.00 0.00 1.00 0 23 14 112 1 0 0 0 0 031219 145953.694
12.2699 -7.1293 0.0000 0.00 0.00 1.00 0 106 16 112 1 0 0 0 0 031219 145953.894
12.2606 -7.1596 0.0000 0.00 0.00 1.00 0 149 235 112 1 0 0 0 0 031219 145954.094
12.2511 -7.1808 0.0000 0.00 0.00 1.00 0 113 240 112 1 0 0 0 0 031219 145954.294
12.2345 -7.2267 0.0000 0.00 0.00 1.00 0 0 0 112 1 0 0 0 0 031219 145954.495
12.2261 -7.2495 0.0000 0.00 0.00 1.00 0 0 0 112 1 0 0 0 0 031219 145954.695
12.2153 -7.2802 0.0000 0.00 0.00 1.00 0 0 0 112 1 0 0 0 0 031219 145954.895
12.2002 -7.3219 0.0000 0.00 0.00 1.00 0 0 0 112 1 0 0 0 0 031219 145955.095
12.1947 -7.3386 0.0000 0.00 0.00 1.00 0 0 0 112 1 0 0 0 0 031219 145955.296
12.1821 -7.3748 0.0000 0.00 0.00 1.00 0 0 0 112 1 0 0 0 0 031219 145955.496
12.1681 -7.4148 0.0000 0.00 0.00 1.00 0 0 0 112 1 0 0 0 0 031219 145955.696
12.1627 -7.4294 0.0000 0.00 0.00 1.00 0 0 0 112 1 0 0 0 0 031219 145955.897
12.1489 -7.4707 0.0000 0.00 0.00 1.00 0 0 0 112 1 0 0 0 0 031219 145956.097
12.1420 -7.4873 0.0000 0.00 0.00 1.00 0 0 0 112 1 0 0 0 0 031219 145956.297
12.1239 -7.5361 0.0000 0.00 0.00 1.00 0 0 0 112 1 0 0 0 0 031219 145956.498
12.1109 -7.5763 0.0000 0.00 0.00 1.00 0 0 0 112 1 0 0 0 0 031219 145956.698
12.1048 -7.5932 0.0000 0.00 0.00 1.00 0 0 0 112 1 0 0 0 0 031219 145956.898
12.0876 -7.6372 0.0000 0.00 0.00 1.00 0 0 0 112 1 0 0 0 0 031219 145957.099
12.0786 -7.6627 0.0000 0.00 0.00 1.00 0 0 0 112 1 0 0 0 0 031219 145957.299
12.0650 -7.6992 0.0000 0.00 0.00 1.00 0 0 0 112 1 0 0 0 0 031219 145957.499
12.0558 -7.7240 0.0000 0.00 0.00 1.00 0 0 0 112 1 0 0 0 0 031219 145957.700
12.0408 -7.7645 0.0000 0.00 0.00 1.00 0 0 0 112 1 0 0 0 0 031219 145957.900
12.0248 -7.8054 0.0000 0.00 0.00 1.00 0 0 0 112 1 0 0 0 0 031219 145958.100
12.0198 -7.8209 0.0000 0.00 0.00 1.00 0 0 0 112 1 0 0 0 0 031219 145958.301
12.0005 -7.8700 0.0000 0.00 0.00 1.00 0 0 0 112 1 0 0 0 0 031219 145958.501
11.9887 -7.9029 0.0000 0.00 0.00 1.00 0 0 0 112 1 0 0 0 0 031219 145958.701
11.9820 -7.9215 0.0000 0.00 0.00 1.00 0 0 0 112 1 0 0 0 0 031219 145958.901
11.9655 -7.9635 0.0000 0.00 0.00 1.00 0 0 0 112 1 0 0 0 0 031219 145959.102
11.9569 -7.9865 0.0000 0.00 0.00 1.00 0 140 29 112 1 0 0 0 0 031219 145959.302
11.9436 -8.0240 0.0000 0.00 0.00 1.00 0 66 25 112 1 0 0 0 0 031219 145959.502
11.9260 -8.0658 0.0000 0.00 0.00 1.00 0 104 26 112 1 0 0 0 0 031219 145959.702
11.9240 -8.0720 0.0000 0.00 0.00 1.00 0 185 16 112 1 0 0 0 0 031219 145959.903
11.9067 -8.1145 0.0000 0.00 0.00 1.00 0 233 27 112 1 0 0 0 0 031219 150000.103
11.8994 -8.1292 0.0000 0.00 0.00 1.00 0 31 26 112 1 0 0 0 0 031219 150000.303
11.8850 -8.1651 0.0000 0.00 0.00 1.00 0 31 33 112 1 0 0 0 0 031219 150000.504
11.8696 -8.2010 0.0000 0.00 0.00 1.00 0 191 37 112 1 0 0 0 0 031219 150000.704
11.8646 -8.2147 0.0000 0.00 0.00 1.00 0 155 31 112 1 0 0 0 0 031219 150000.904
11.8512 -8.2495 0.0000 0.00 0.00 1.00 0 212 28 112 1 0 0 0 0 031219 150001.105
11.8359 -8.2808 0.0000 0.00 0.00 1.00 0 59 27 112 1 0 0 0 0 031219 150001.305
11.8302 -8.2946 0.0000 0.00 0.00 1.00 0 177 32 112 1 0 0 0 0 031219 150001.505
11.8135 -8.3307 0.0000 0.00 0.00 1.00 0 110 40 112 1 0 0 0 0 031219 150001.705
11.7998 -8.3567 0.0000 0.00 0.00 1.00 0 254 36 112 1 0 0 0 0 031219 150001.905
11.7817 -8.3909 0.0000 0.00 0.00 1.00 0 92 37 112 1 0 0 0 0 031219 150002.105
11.7678 -8.4169 0.0000 0.00 0.00 1.00 0 210 31 112 1 0 0 0 0 031219 150002.306
11.7602 -8.4297 0.0000 0.00 0.00 1.00 0 114 30 112 1 0 0 0 0 031219 150002.506
11.7401 -8.4614 0.0000 0.00 0.00 1.00 0 218 33 112 1 0 0 0 0 031219 150002.706
11.7245 -8.4892 0.0000 0.00 0.00 1.00 0 14 31 112 1 0 0 0 0 031219 150002.906
11.7179 -8.5018 0.0000 0.00 0.00 1.00 0 234 33 112 1 0 0 0 0 031219 150003.106
11.6956 -8.5398 0.0000 0.00 0.00 1.00 0 48 38 112 1 0 0 0 0 031219 150003.307
11.6763 -8.5668 0.0000 0.00 0.00 1.00 0 36 34 112 1 0 0 0 0 031219 150003.507
11.6645 -8.5849 0.0000 0.00 0.00 1.00 0 71 25 112 1 0 0 0 0 031219 150003.707
11.6437 -8.6158 0.0000 0.00 0.00 1.00 0 97 46 112 1 0 0 0 0 031219 150003.907
11.6351 -8.6285 0.0000 0.00 0.00 1.00 0 70 39 112 1 0 0 0 0 031219 150004.107
11.6071 -8.6649 0.0000 0.00 0.00 1.00 0 1 44 112 1 0 0 0 0 031219 150004.308
11.5868 -8.6913 0.0000 0.00 0.00 1.00 0 119 42 112 1 0 0 0 0 031219 150004.508
11.5779 -8.7015 0.0000 0.00 0.00 1.00 0 125 35 112 1 0 0 0 0 031219 150004.708
11.5480 -8.7391 0.0000 0.00 0.00 1.00 0 145 41 112 1 0 0 0 0 031219 150004.908
11.5330 -8.7554 0.0000 0.00 0.00 1.00 0 41 39 112 1 0 0 0 0 031219 150005.108
11.5129 -8.7761 0.0000 0.00 0.00 1.00 0 128 37 112 1 0 0 0 0 031219 150005.309
11.4859 -8.8060 0.0000 0.00 0.00 1.00 0 74 43 112 1 0 0 0 0 031219 150005.509
11.4679 -8.8250 0.0000 0.00 0.00 1.00 0 26 34 112 1 0 0 0 0 031219 150005.709
11.4438 -8.8466 0.0000 0.00 0.00 1.00 0 159 39 112 1 0 0 0 0 031219 150005.910
11.4283 -8.8624 0.0000 0.00 0.00 1.00 0 125 37 112 1 0 0 0 0 031219 150006.110
11.4081 -8.8833 0.0000 0.00 0.00 1.00 0 92 33 112 1 0 0 0 0 031219 150006.310
11.3963 -8.8918 0.0000 0.00 0.00 1.00 0 145 30 112 1 0 0 0 0 031219 150006.510
11.3700 -8.9128 0.0000 0.00 0.00 1.00 0 253 37 112 1 0 0 0 0 031219 150006.711
11.3362 -8.9418 0.0000 0.00 0.00 1.00 0 172 35 112 1 0 0 0 0 031219 150006.911
11.3148 -8.9604 0.0000 0.00 0.00 1.00 0 196 37 112 1 0 0 0 0 031219 150007.111
11.2913 -8.9819 0.0000 0.00 0.00 1.00 0 26 40 112 1 0 0 0 0 031219 150007.311
11.2653 -8.9999 0.0000 0.00 0.00 1.00 0 75 22 112 1 0 0 0 0 031219 150007.512
11.2396 -9.0174 0.0000 0.00 0.00 1.00 0 42 35 112 1 0 0 0 0 031219 150007.712
11.2162 -9.0355 0.0000 0.00 0.00 1.00 0 97 41 112 1 0 0 0 0 031219 150007.912
11.1889 -9.0501 0.0000 0.00 0.00 1.00 0 5 34 112 1 0 0 0 0 031219 150008.113
11.1624 -9.0678 0.0000 0.00 0.00 1.00 0 207 38 112 1 0 0 0 0 031219 150008.313
11.1427 -9.0801 0.0000 0.00 0.00 1.00 0 8 33 112 1 0 0 0 0 031219 150008.513
11.1022 -9.1040 0.0000 0.00 0.00 1.00 0 162 31 112 1 0 0 0 0 031219 150008.713
11.0811 -9.1187 0.0000 0.00 0.00 1.00 0 214 38 112 1 0 0 0 0 031219 150008.914
11.0754 -9.1237 0.0000 0.00 0.00 1.00 0 244 37 112 1 0 0 0 0 031219 150009.114
11.0423 -9.1443 0.0000 0.00 0.00 1.00 0 119 37 112 1 0 0 0 0 031219 150009.314
11.0083 -9.1613 0.0000 0.00 0.00 1.00 0 38 32 112 1 0 0 0 0 031219 150009.514
10.9874 -9.1720 0.0000 0.00 0.00 1.00 0 61 35 112 1 0 0 0 0 031219 150009.715
10.9664 -9.1809 0.0000 0.00 0.00 1.00 0 30 28 112 1 0 0 0 0 031219 150009.915
10.9334 -9.1983 0.0000 0.00 0.00 1.00 0 23 32 112 1 0 0 0 0 031219 150010.115
10.8946 -9.2183 0.0000 0.00 0.00 1.00 0 71 31 112 1 0 0 0 0 031219 150010.316
10.8877 -9.2209 0.0000 0.00 0.00 1.00 0 174 30 112 1 0 0 0 0 031219 150010.516
10.8490 -9.2418 0.0000 0.00 0.00 1.00 0 219 32 112 1 0 0 0 0 031219 150010.716
10.8209 -9.2535 0.0000 0.00 0.00 1.00 0 126 30 112 1 0 0 0 0 031219 150010.917
10.8209 -9.2535 0.0000 0.00 0.00 1.00 0 126 30 112 1 0 0 0 0 031219 150011.117
10.7596 -9.2815 0.0000 0.00 0.00 1.00 0 136 42 112 1 0 0 0 0 031219 150011.317
10.7375 -9.2898 0.0000 0.00 0.00 1.00 0 214 37 112 1 0 0 0 0 031219 150011.517
10.7205 -9.2936 0.0000 0.00 0.00 1.00 0 192 32 112 1 0 0 0 0 031219 150011.718
10.6781 -9.3089 0.0000 0.00 0.00 1.00 0 124 35 112 1 0 0 0 0 031219 150011.918
10.6636 -9.3135 0.0000 0.00 0.00 1.00 0 1 37 112 1 0 0 0 0 031219 150012.118
10.6207 -9.3259 0.0000 0.00 0.00 1.00 0 182 38 112 1 0 0 0 0 031219 150012.318
10.5883 -9.3338 0.0000 0.00 0.00 1.00 0 202 39 112 1 0 0 0 0 031219 150012.518
10.5547 -9.3424 0.0000 0.00 0.00 1.00 0 113 35 112 1 0 0 0 0 031219 150012.719
10.5389 -9.3462 0.0000 0.00 0.00 1.00 0 195 34 112 1 0 0 0 0 031219 150012.919
10.5227 -9.3497 0.0000 0.00 0.00 1.00 0 120 33 112 1 0 0 0 0 031219 150013.119
10.5742 -9.5064 0.0000 0.00 0.00 1.00 0 255 127 112 1 0 0 0 0 031219 150013.320
10.5012 -9.5366 0.0000 0.00 0.00 1.00 0 31 29 112 1 0 0 0 0 031219 150013.520
10.4836 -9.5377 0.0000 0.00 0.00 1.00 0 20 40 112 1 0 0 0 0 031219 150013.720
10.4456 -9.5431 0.0000 0.00 0.00 1.00 0 189 57 112 1 0 0 0 0 031219 150013.920
10.4268 -9.5461 0.0000 0.00 0.00 1.00 0 94 44 112 1 0 0 0 0 031219 150014.121
10.3940 -9.5436 0.0000 0.00 0.00 1.00 0 31 21 112 1 0 0 0 0 031219 150014.321
10.3714 -9.5446 0.0000 0.00 0.00 1.00 0 176 35 112 1 0 0 0 0 031219 150014.521
10.3265 -9.5409 0.0000 0.00 0.00 1.00 0 164 24 112 1 0 0 0 0 031219 150014.722
10.3023 -9.5415 0.0000 0.00 0.00 1.00 0 131 32 112 1 0 0 0 0 031219 150014.922
10.2691 -9.5379 0.0000 0.00 0.00 1.00 0 168 15 112 1 0 0 0 0 031219 150015.122
10.2391 -9.5350 0.0000 0.00 0.00 1.00 0 99 18 112 1 0 0 0 0 031219 150015.322
10.2076 -9.5303 0.0000 0.00 0.00 1.00 0 226 11 112 1 0 0 0 0 031219 150015.523
10.1693 -9.5294 0.0000 0.00 0.00 1.00 0 132 30 112 1 0 0 0 0 031219 150015.723
10.1340 -9.5258 0.0000 0.00 0.00 1.00 0 30 33 112 1 0 0 0 0 031219 150015.923
10.1182 -9.5274 0.0000 0.00 0.00 1.00 0 48 46 112 1 0 0 0 0 031219 150016.123
10.0944 -9.5253 0.0000 0.00 0.00 1.00 0 136 36 112 1 0 0 0 0 031219 150016.324
10.0342 -9.5172 0.0000 0.00 0.00 1.00 0 44 27 112 1 0 0 0 0 031219 150016.524
10.0135 -9.5165 0.0000 0.00 0.00 1.00 0 154 39 112 1 0 0 0 0 031219 150016.724
9.9884 -9.5130 0.0000 0.00 0.00 1.00 0 14 32 112 1 0 0 0 0 031219 150016.925
9.9441 -9.5046 0.0000 0.00 0.00 1.00 0 164 22 112 1 0 0 0 0 031219 150017.125
9.9216 -9.5016 0.0000 0.00 0.00 1.00 0 159 32 112 1 0 0 0 0 031219 150017.325
9.8901 -9.4982 0.0000 0.00 0.00 1.00 0 183 30 112 1 0 0 0 0 031219 150017.525
9.8722 -9.4938 0.0000 0.00 0.00 1.00 0 143 27 112 1 0 0 0 0 031219 150017.726
9.8203 -9.4811 0.0000 0.00 0.00 1.00 0 111 19 112 1 0 0 0 0 031219 150017.926
9.7976 -9.4740 0.0000 0.00 0.00 1.00 0 68 19 112 1 0 0 0 0 031219 150018.126
9.7672 -9.4675 0.0000 0.00 0.00 1.00 0 37 21 112 1 0 0 0 0 031219 150018.326
9.7518 -9.4648 0.0000 0.00 0.00 1.00 0 129 30 112 1 0 0 0 0 031219 150018.527
9.7266 -9.4568 0.0000 0.00 0.00 1.00 0 194 15 112 1 0 0 0 0 031219 150018.727
9.6770 -9.4378 0.0000 0.00 0.00 1.00 0 62 5 112 1 0 0 0 0 031219 150018.927
9.6453 -9.4250 0.0000 0.00 0.00 1.00 0 213 23 112 1 0 0 0 0 031219 150019.127
9.6269 -9.4179 0.0000 0.00 0.00 1.00 0 208 14 112 1 0 0 0 0 031219 150019.328
9.5920 -9.4080 0.0000 0.00 0.00 1.00 0 225 7 112 1 0 0 0 0 031219 150019.528
9.5750 -9.4021 0.0000 0.00 0.00 1.00 0 46 17 112 1 0 0 0 0 031219 150019.728
9.5122 -9.3755 0.0000 0.00 0.00 1.00 0 13 13 112 1 0 0 0 0 031219 150019.928
9.4963 -9.3674 0.0000 0.00 0.00 1.00 0 70 19 112 1 0 0 0 0 031219 150020.128
9.4702 -9.3583 0.0000 0.00 0.00 1.00 0 54 23 112 1 0 0 0 0 031219 150020.329
9.4507 -9.3517 0.0000 0.00 0.00 1.00 0 58 25 112 1 0 0 0 0 031219 150020.529
9.4204 -9.3423 0.0000 0.00 0.00 1.00 0 66 25 112 1 0 0 0 0 031219 150020.729
9.3699 -9.3237 0.0000 0.00 0.00 1.00 0 21 23 112 1 0 0 0 0 031219 150020.929
9.3480 -9.3167 0.0000 0.00 0.00 1.00 0 71 25 112 1 0 0 0 0 031219 150021.130
9.3255 -9.3063 0.0000 0.00 0.00 1.00 0 52 16 112 1 0 0 0 0 031219 150021.330
9.2831 -9.2889 0.0000 0.00 0.00 1.00 0 87 21 112 1 0 0 0 0 031219 150021.530
9.2542 -9.2778 0.0000 0.00 0.00 1.00 0 89 18 112 1 0 0 0 0 031219 150021.730
9.2355 -9.2681 0.0000 0.00 0.00 1.00 0 69 14 112 1 0 0 0 0 031219 150021.931
9.2129 -9.2565 0.0000 0.00 0.00 1.00 0 156 11 112 1 0 0 0 0 031219 150022.131
9.1846 -9.2440 0.0000 0.00 0.00 1.00 0 207 12 112 1 0 0 0 0 031219 150022.331
9.1629 -9.2336 0.0000 0.00 0.00 1.00 0 94 13 112 1 0 0 0 0 031219 150022.531
9.1012 -9.2017 0.0000 0.00 0.00 1.00 0 88 8 112 1 0 0 0 0 031219 150022.732
9.0871 -9.1943 0.0000 0.00 0.00 1.00 0 202 14 112 1 0 0 0 0 031219 150022.932
9.0579 -9.1810 0.0000 0.00 0.00 1.00 0 2 9 112 1 0 0 0 0 031219 150023.132
9.0469 -9.1737 0.0000 0.00 0.00 1.00 0 255 11 112 1 0 0 0 0 031219 150023.332
8.9934 -9.1460 0.0000 0.00 0.00 1.00 0 125 250 112 1 0 0 0 0 031219 150023.533
8.9713 -9.1376 0.0000 0.00 0.00 1.00 0 206 15 112 1 0 0 0 0 031219 150023.733
8.9512 -9.1238 0.0000 0.00 0.00 1.00 0 240 5 112 1 0 0 0 0 031219 150023.933
8.9219 -9.1096 0.0000 0.00 0.00 1.00 0 114 13 112 1 0 0 0 0 031219 150024.133
8.8900 -9.0969 0.0000 0.00 0.00 1.00 0 135 19 112 1 0 0 0 0 031219 150024.334
8.8685 -9.0861 0.0000 0.00 0.00 1.00 0 153 14 112 1 0 0 0 0 031219 150024.534
8.8329 -9.0666 0.0000 0.00 0.00 1.00 0 232 4 112 1 0 0 0 0 031219 150024.734
8.8122 -9.0538 0.0000 0.00 0.00 1.00 0 162 7 112 1 0 0 0 0 031219 150024.935
8.7824 -9.0392 0.0000 0.00 0.00 1.00 0 158 11 112 1 0 0 0 0 031219 150025.135
8.7257 -9.0073 0.0000 0.00 0.00 1.00 0 237 250 112 1 0 0 0 0 031219 150025.335
8.7026 -8.9935 0.0000 0.00 0.00 1.00 0 34 6 112 1 0 0 0 0 031219 150025.536
8.7026 -8.9935 0.0000 0.00 0.00 1.00 0 0 0 127 0 0 0 0 0 031219 150025.736
8.7026 -8.9935 0.0000 0.00 0.00 1.00 0 0 0 127 0 0 0 0 0 031219 150025.936
8.7026 -8.9935 0.0000 0.00 0.00 1.00 0 0 0 127 0 0 0 0 0 031219 150026.137
8.7026 -8.9935 0.0000 0.00 0.00 1.00 0 0 0 127 0 0 0 0 0 031219 150026.337
8.7026 -8.9935 0.0000 0.00 0.00 1.00 0 0 0 127 0 0 0 0 0 031219 150026.537
8.7026 -8.9935 0.0000 0.00 0.00 1.00 0 0 0 127 0 0 0 0 0 031219 150026.738
8.7026 -8.9935 0.0000 0.00 0.00 1.00 0 0 0 127 0 0 0 0 0 031219 150026.938
8.7026 -8.9935 0.0000 0.00 0.00 1.00 0 0 0 127 0 0 0 0 0 031219 150027.138
8.7026 -8.9935 0.0000 0.00 0.00 1.00 0 0 0 127 0 0 0 0 0 031219 150027.339
8.7026 -8.9935 0.0000 0.00 0.00 1.00 0 0 0 127 0 0 0 0 0 031219 150027.539
8.7026 -8.9935 0.0000 0.00 0.00 1.00 0 0 0 127 0 0 0 0 0 031219 150027.739
8.7026 -8.9935 0.0000 0.00 0.00 1.00 0 0 0 127 0 0 0 0 0 031219 150027.940
8.7026 -8.9935 0.0000 0.00 0.00 1.00 0 0 0 127 0 0 0 0 0 031219 150028.140
8.7026 -8.9935 0.0000 0.00 0.00 1.00 0 0 0 127 0 0 0 0 0 031219 150028.340
8.7026 -8.9935 0.0000 0.00 0.00 1.00 0 0 0 127 0 0 0 0 0 031219 150028.541
8.7026 -8.9935 0.0000 0.00 0.00 1.00 0 0 0 127 0 0 0 0 0 031219 150028.741
8.7026 -8.9935 0.0000 0.00 0.00 1.00 0 0 0 127 0 0 0 0 0 031219 150028.942
8.7026 -8.9935 0.0000 0.00 0.00 1.00 0 0 0 127 0 0 0 0 0 031219 150029.142
8.7026 -8.9935 0.0000 0.00 0.00 1.00 0 0 0 127 0 0 0 0 0 031219 150029.342
8.7026 -8.9935 0.0000 0.00 0.00 1.00 0 0 0 127 0 0 0 0 0 031219 150029.543
8.7026 -8.9935 0.0000 0.00 0.00 1.00 0 0 0 127 0 0 0 0 0 031219 150029.743
8.7026 -8.9935 0.0000 0.00 0.00 1.00 0 0 0 127 0 0 0 0 0 031219 150029.944
8.7026 -8.9935 0.0000 0.00 0.00 1.00 0 0 0 127 0 0 0 0 0 031219 150030.144
8.7026 -8.9935 0.0000 0.00 0.00 1.00 0 0 0 127 0 0 0 0 0 031219 150030.344
8.7026 -8.9935 0.0000 0.00 0.00 1.00 0 0 0 127 0 0 0 0 0 031219 150030.545
8.7026 -8.9935 0.0000 0.00 0.00 1.00 0 0 0 127 0 0 0 0 0 031219 150030.745
8.7026 -8.9935 0.0000 0.00 0.00 1.00 0 0 0 127 0 0 0 0 0 031219 150030.945
8.7026 -8.9935 0.0000 0.00 0.00 1.00 0 0 0 127 0 0 0 0 0 031219 150031.145
8.7026 -8.9935 0.0000 0.00 0.00 1.00 0 0 0 127 0 0 0 0 0 031219 150031.345
8.7026 -8.9935 0.0000 0.00 0.00 1.00 0 0 0 127 0 0 0 0 0 031219 150031.546
8.7026 -8.9935 0.0000 0.00 0.00 1.00 0 0 0 127 0 0 0 0 0 031219 150031.746
8.7026 -8.9935 0.0000 0.00 0.00 1.00 0 0 0 127 0 0 0 0 0 031219 150031.947
8.7026 -8.9935 0.0000 0.00 0.00 1.00 0 0 0 127 0 0 0 0 0 031219 150032.147
8.7026 -8.9935 0.0000 0.00 0.00 1.00 0 0 0 127 0 0 0 0 0 031219 150032.347
8.7026 -8.9935 0.0000 0.00 0.00 1.00 0 0 0 127 0 0 0 0 0 031219 150032.548
8.7026 -8.9935 0.0000 0.00 0.00 1.00 0 0 0 127 0 0 0 0 0 031219 150032.748
8.7026 -8.9935 0.0000 0.00 0.00 1.00 0 0 0 127 0 0 0 0 0 031219 150032.948
8.7026 -8.9935 0.0000 0.00 0.00 1.00 0 0 0 127 0 0 0 0 0 031219 150033.149
8.7026 -8.9935 0.0000 0.00 0.00 1.00 0 0 0 127 0 0 0 0 0 031219 150033.349
8.7026 -8.9935 0.0000 0.00 0.00 1.00 0 0 0 127 0 0 0 0 0 031219 150033.549
8.7026 -8.9935 0.0000 0.00 0.00 1.00 0 0 0 127 0 0 0 0 0 031219 150033.750
8.7026 -8.9935 0.0000 0.00 0.00 1.00 0 0 0 127 0 0 0 0 0 031219 150033.950
8.7026 -8.9935 0.0000 0.00 0.00 1.00 0 0 0 127 0 0 0 0 0 031219 150034.150
8.7026 -8.9935 0.0000 0.00 0.00 1.00 0 0 0 127 0 0 0 0 0 031219 150034.351
8.7026 -8.9935 0.0000 0.00 0.00 1.00 0 0 0 127 0 0 0 0 0 031219 150034.551
8.7026 -8.9935 0.0000 0.00 0.00 1.00 0 0 0 127 0 0 0 0 0 031219 150034.751
8.7026 -8.9935 0.0000 0.00 0.00 1.00 0 0 0 127 0 0 0 0 0 031219 150034.951
8.7026 -8.9935 0.0000 0.00 0.00 1.00 0 0 0 127 0 0 0 0 0 031219 150035.152
8.7026 -8.9935 0.0000 0.00 0.00 1.00 0 0 0 127 0 0 0 0 0 031219 150035.352
8.7026 -8.9935 0.0000 0.00 0.00 1.00 0 0 0 127 0 0 0 0 0 031219 150035.552
8.7026 -8.9935 0.0000 0.00 0.00 1.00 0 0 0 127 0 0 0 0 0 031219 150035.752
8.7026 -8.9935 0.0000 0.00 0.00 1.00 0 0 0 127 0 0 0 0 0 031219 150035.953
8.7026 -8.9935 0.0000 0.00 0.00 1.00 0 0 0 127 0 0 0 0 0 031219 150036.153
8.7026 -8.9935 0.0000 0.00 0.00 1.00 0 0 0 127 0 0 0 0 0 031219 150036.353
8.7026 -8.9935 0.0000 0.00 0.00 1.00 0 0 0 127 0 0 0 0 0 031219 150036.553
8.7026 -8.9935 0.0000 0.00 0.00 1.00 0 0 0 127 0 0 0 0 0 031219 150036.754
8.7026 -8.9935 0.0000 0.00 0.00 1.00 0 0 0 127 0 0 0 0 0 031219 150036.954
8.7026 -8.9935 0.0000 0.00 0.00 1.00 0 0 0 127 0 0 0 0 0 031219 150037.154
8.7026 -8.9935 0.0000 0.00 0.00 1.00 0 0 0 127 0 0 0 0 0 031219 150037.355
8.7026 -8.9935 0.0000 0.00 0.00 1.00 0 0 0 127 0 0 0 0 0 031219 150037.555
8.7026 -8.9935 0.0000 0.00 0.00 1.00 0 0 0 127 0 0 0 0 0 031219 150037.756
8.7026 -8.9935 0.0000 0.00 0.00 1.00 0 0 0 127 0 0 0 0 0 031219 150037.956
8.7026 -8.9935 0.0000 0.00 0.00 1.00 0 0 0 127 0 0 0 0 0 031219 150038.156
8.7026 -8.9935 0.0000 0.00 0.00 1.00 0 0 0 127 0 0 0 0 0 031219 150038.356
8.7026 -8.9935 0.0000 0.00 0.00 1.00 0 0 0 127 0 0 0 0 0 031219 150038.557
8.7026 -8.9935 0.0000 0.00 0.00 1.00 0 0 0 127 0 0 0 0 0 031219 150038.757
8.7026 -8.9935 0.0000 0.00 0.00 1.00 0 0 0 127 0 0 0 0 0 031219 150038.957
8.7026 -8.9935 0.0000 0.00 0.00 1.00 0 0 0 127 0 0 0 0 0 031219 150039.158
8.7026 -8.9935 0.0000 0.00 0.00 1.00 0 0 0 127 0 0 0 0 0 031219 150039.358
8.7026 -8.9935 0.0000 0.00 0.00 1.00 0 0 0 127 0 0 0 0 0 031219 150039.558
8.7026 -8.9935 0.0000 0.00 0.00 1.00 0 0 0 127 0 0 0 0 0 031219 150039.758
8.7026 -8.9935 0.0000 0.00 0.00 1.00 0 0 0 127 0 0 0 0 0 031219 150039.959
8.7026 -8.9935 0.0000 0.00 0.00 1.00 0 0 0 127 0 0 0 0 0 031219 150040.159
8.7026 -8.9935 0.0000 0.00 0.00 1.00 0 0 0 127 0 0 0 0 0 031219 150040.359
8.7026 -8.9935 0.0000 0.00 0.00 1.00 0 0 0 127 0 0 0 0 0 031219 150040.560
8.7026 -8.9935 0.0000 0.00 0.00 1.00 0 0 0 127 0 0 0 0 0 031219 150040.760
8.7026 -8.9935 0.0000 0.00 0.00 1.00 0 0 0 127 0 0 0 0 0 031219 150040.960
8.7026 -8.9935 0.0000 0.00 0.00 1.00 0 0 0 127 0 0 0 0 0 031219 150041.161
8.7026 -8.9935 0.0000 0.00 0.00 1.00 0 0 0 127 0 0 0 0 0 031219 150041.361
8.7026 -8.9935 0.0000 0.00 0.00 1.00 0 0 0 127 0 0 0 0 0 031219 150041.561
8.7026 -8.9935 0.0000 0.00 0.00 1.00 0 0 0 127 0 0 0 0 0 031219 150041.762
8.7026 -8.9935 0.0000 0.00 0.00 1.00 0 0 0 127 0 0 0 0 0 031219 150041.962
8.7026 -8.9935 0.0000 0.00 0.00 1.00 0 0 0 127 0 0 0 0 0 031219 150042.162
8.6134 -8.9540 0.0000 0.00 0.00 1.00 0 87 2 112 1 0 0 0 0 031219 150042.363
8.6120 -8.9554 0.0000 0.00 0.00 1.00 0 27 24 112 1 0 0 0 0 031219 150042.563
8.6129 -8.9545 0.0000 0.00 0.00 1.00 0 193 15 112 1 0 0 0 0 031219 150042.763
8.6117 -8.9527 0.0000 0.00 0.00 1.00 0 83 15 112 1 0 0 0 0 031219 150042.964
8.5495 -8.9123 0.0000 0.00 0.00 1.00 0 33 250 112 1 0 0 0 0 031219 150043.164
8.5495 -8.9123 0.0000 0.00 0.00 1.00 0 33 250 112 1 0 0 0 0 031219 150043.364
8.4982 -8.8805 0.0000 0.00 0.00 1.00 0 170 0 112 1 0 0 0 0 031219 150043.565
8.4794 -8.8684 0.0000 0.00 0.00 1.00 0 252 4 112 1 0 0 0 0 031219 150043.765
8.4499 -8.8506 0.0000 0.00 0.00 1.00 0 198 0 112 1 0 0 0 0 031219 150043.965
8.4215 -8.8335 0.0000 0.00 0.00 1.00 0 80 1 112 1 0 0 0 0 031219 150044.166
8.4008 -8.8205 0.0000 0.00 0.00 1.00 0 99 3 112 1 0 0 0 0 031219 150044.366
8.3807 -8.8074 0.0000 0.00 0.00 1.00 0 41 2 112 1 0 0 0 0 031219 150044.566
8.3291 -8.7742 0.0000 0.00 0.00 1.00 0 206 250 112 1 0 0 0 0 031219 150044.766
8.3152 -8.7633 0.0000 0.00 0.00 1.00 0 8 0 112 1 0 0 0 0 031219 150044.966
8.2899 -8.7449 0.0000 0.00 0.00 1.00 0 103 248 112 1 0 0 0 0 031219 150045.167
8.2699 -8.7307 0.0000 0.00 0.00 1.00 0 196 252 112 1 0 0 0 0 031219 150045.367
8.2414 -8.7132 0.0000 0.00 0.00 1.00 0 223 252 112 1 0 0 0 0 031219 150045.567
8.2123 -8.6941 0.0000 0.00 0.00 1.00 0 245 248 112 1 0 0 0 0 031219 150045.768
8.1661 -8.6615 0.0000 0.00 0.00 1.00 0 155 247 112 1 0 0 0 0 031219 150045.968
8.1427 -8.6467 0.0000 0.00 0.00 1.00 0 147 252 112 1 0 0 0 0 031219 150046.168
8.1267 -8.6371 0.0000 0.00 0.00 1.00 0 4 2 112 1 0 0 0 0 031219 150046.369
8.0903 -8.6152 0.0000 0.00 0.00 1.00 0 242 246 112 1 0 0 0 0 031219 150046.569
8.0615 -8.5980 0.0000 0.00 0.00 1.00 0 201 250 112 1 0 0 0 0 031219 150046.769
8.0346 -8.5843 0.0000 0.00 0.00 1.00 0 69 1 112 1 0 0 0 0 031219 150046.969
8.0041 -8.5638 0.0000 0.00 0.00 1.00 0 219 242 112 1 0 0 0 0 031219 150047.170
7.9761 -8.5483 0.0000 0.00 0.00 1.00 0 164 252 112 1 0 0 0 0 031219 150047.370
7.9474 -8.5293 0.0000 0.00 0.00 1.00 0 0 0 112 1 0 0 0 0 031219 150047.570
7.9209 -8.5135 0.0000 0.00 0.00 1.00 0 0 0 112 1 0 0 0 0 031219 150047.771
7.8915 -8.4977 0.0000 0.00 0.00 1.00 0 0 0 112 1 0 0 0 0 031219 150047.971
7.8762 -8.4880 0.0000 0.00 0.00 1.00 0 0 0 112 1 0 0 0 0 031219 150048.171
7.8476 -8.4702 0.0000 0.00 0.00 1.00 0 0 0 112 1 0 0 0 0 031219 150048.371
7.8198 -8.4524 0.0000 0.00 0.00 1.00 0 0 0 112 1 0 0 0 0 031219 150048.571
7.7720 -8.4252 0.0000 0.00 0.00 1.00 0 0 0 112 1 0 0 0 0 031219 150048.771
7.7511 -8.4126 0.0000 0.00 0.00 1.00 0 0 0 112 1 0 0 0 0 031219 150048.972
7.7279 -8.3981 0.0000 0.00 0.00 1.00 0 0 0 112 1 0 0 0 0 031219 150049.172
7.6976 -8.3807 0.0000 0.00 0.00 1.00 0 0 0 112 1 0 0 0 0 031219 150049.372
7.6755 -8.3694 0.0000 0.00 0.00 1.00 0 0 0 112 1 0 0 0 0 031219 150049.572
7.6493 -8.3506 0.0000 0.00 0.00 1.00 0 0 0 112 1 0 0 0 0 031219 150049.772
7.5875 -8.3127 0.0000 0.00 0.00 1.00 0 0 0 112 1 0 0 0 0 031219 150049.973
7.5708 -8.3036 0.0000 0.00 0.00 1.00 0 0 0 112 1 0 0 0 0 031219 150050.173
7.5398 -8.2871 0.0000 0.00 0.00 1.00 0 0 0 112 1 0 0 0 0 031219 150050.373
7.5131 -8.2686 0.0000 0.00 0.00 1.00 0 0 0 112 1 0 0 0 0 031219 150050.573
7.4944 -8.2562 0.0000 0.00 0.00 1.00 0 0 0 112 1 0 0 0 0 031219 150050.774
7.4712 -8.2414 0.0000 0.00 0.00 1.00 0 0 0 112 1 0 0 0 0 031219 150050.974
7.4401 -8.2231 0.0000 0.00 0.00 1.00 0 0 0 112 1 0 0 0 0 031219 150051.174
7.4118 -8.2065 0.0000 0.00 0.00 1.00 0 0 0 112 1 0 0 0 0 031219 150051.374
7.3605 -8.1786 0.0000 0.00 0.00 1.00 0 0 0 112 1 0 0 0 0 031219 150051.575
7.3387 -8.1626 0.0000 0.00 0.00 1.00 0 0 0 112 1 0 0 0 0 031219 150051.775
7.3161 -8.1501 0.0000 0.00 0.00 1.00 0 0 0 112 1 0 0 0 0 031219 150051.975
7.2944 -8.1403 0.0000 0.00 0.00 1.00 0 0 0 112 1 0 0 0 0 031219 150052.175
7.2395 -8.1056 0.0000 0.00 0.00 1.00 0 0 0 112 1 0 0 0 0 031219 150052.375
7.2245 -8.0960 0.0000 0.00 0.00 1.00 0 0 0 112 1 0 0 0 0 031219 150052.576
7.1966 -8.0783 0.0000 0.00 0.00 1.00 0 0 0 112 1 0 0 0 0 031219 150052.776
7.1731 -8.0662 0.0000 0.00 0.00 1.00 0 0 0 112 1 0 0 0 0 031219 150052.976
7.1203 -8.0356 0.0000 0.00 0.00 1.00 0 0 0 112 1 0 0 0 0 031219 150053.176
7.1068 -8.0289 0.0000 0.00 0.00 1.00 0 0 0 112 1 0 0 0 0 031219 150053.377
7.0861 -8.0156 0.0000 0.00 0.00 1.00 0 0 0 112 1 0 0 0 0 031219 150053.577
7.0659 -8.0022 0.0000 0.00 0.00 1.00 0 0 0 112 1 0 0 0 0 031219 150053.777
7.0363 -7.9845 0.0000 0.00 0.00 1.00 0 0 0 112 1 0 0 0 0 031219 150053.977
7.0119 -7.9734 0.0000 0.00 0.00 1.00 0 0 0 112 1 0 0 0 0 031219 150054.178
6.9583 -7.9391 0.0000 0.00 0.00 1.00 0 0 0 112 1 0 0 0 0 031219 150054.378
6.9357 -7.9273 0.0000 0.00 0.00 1.00 0 0 0 112 1 0 0 0 0 031219 150054.578
6.9067 -7.9077 0.0000 0.00 0.00 1.00 0 0 0 112 1 0 0 0 0 031219 150054.779
6.8770 -7.8921 0.0000 0.00 0.00 1.00 0 0 0 112 1 0 0 0 0 031219 150054.979
6.8490 -7.8752 0.0000 0.00 0.00 1.00 0 0 0 112 1 0 0 0 0 031219 150055.179
6.8265 -7.8600 0.0000 0.00 0.00 1.00 0 213 232 112 1 0 0 0 0 031219 150055.379
6.8042 -7.8475 0.0000 0.00 0.00 1.00 0 45 239 112 1 0 0 0 0 031219 150055.580
6.7535 -7.8198 0.0000 0.00 0.00 1.00 0 46 241 112 1 0 0 0 0 031219 150055.780
6.7313 -7.8080 0.0000 0.00 0.00 1.00 0 55 240 112 1 0 0 0 0 031219 150055.980
6.6902 -7.7885 0.0000 0.00 0.00 1.00 0 37 251 112 1 0 0 0 0 031219 150056.180
6.6755 -7.7807 0.0000 0.00 0.00 1.00 0 58 242 112 1 0 0 0 0 031219 150056.381
6.6505 -7.7658 0.0000 0.00 0.00 1.00 0 144 234 112 1 0 0 0 0 031219 150056.581
6.6074 -7.7418 0.0000 0.00 0.00 1.00 0 132 237 112 1 0 0 0 0 031219 150056.781
6.5922 -7.7339 0.0000 0.00 0.00 1.00 0 61 241 112 1 0 0 0 0 031219 150056.981
6.5624 -7.7161 0.0000 0.00 0.00 1.00 0 89 230 112 1 0 0 0 0 031219 150057.181
6.5334 -7.6998 0.0000 0.00 0.00 1.00 0 125 235 112 1 0 0 0 0 031219 150057.382
6.4997 -7.6833 0.0000 0.00 0.00 1.00 0 48 237 112 1 0 0 0 0 031219 150057.582
6.4845 -7.6771 0.0000 0.00 0.00 1.00 0 120 244 112 1 0 0 0 0 031219 150057.782
6.4573 -7.6642 0.0000 0.00 0.00 1.00 0 68 239 112 1 0 0 0 0 031219 150057.982
6.4250 -7.6503 0.0000 0.00 0.00 1.00 0 228 240 112 1 0 0 0 0 031219 150058.182
6.4195 -7.6480 0.0000 0.00 0.00 1.00 0 7 244 112 1 0 0 0 0 031219 150058.383
6.3628 -7.6203 0.0000 0.00 0.00 1.00 0 216 238 112 1 0 0 0 0 031219 150058.583
6.3492 -7.6133 0.0000 0.00 0.00 1.00 0 44 240 112 1 0 0 0 0 031219 150058.783
6.3152 -7.5980 0.0000 0.00 0.00 1.00 0 142 240 112 1 0 0 0 0 031219 150058.983
6.3011 -7.5927 0.0000 0.00 0.00 1.00 0 203 244 112 1 0 0 0 0 031219 150059.184
6.2582 -7.5728 0.0000 0.00 0.00 1.00 0 170 239 112 1 0 0 0 0 031219 150059.384
6.2367 -7.5640 0.0000 0.00 0.00 1.00 0 69 243 112 1 0 0 0 0 031219 150059.584
6.2157 -7.5570 0.0000 0.00 0.00 1.00 0 41 247 112 1 0 0 0 0 031219 150059.784
6.1617 -7.5350 0.0000 0.00 0.00 1.00 0 159 243 112 1 0 0 0 0 031219 150059.984
6.1473 -7.5301 0.0000 0.00 0.00 1.00 0 20 246 112 1 0 0 0 0 031219 150100.185
6.1182 -7.5195 0.0000 0.00 0.00 1.00 0 125 246 112 1 0 0 0 0 031219 150100.385
6.0704 -7.4995 0.0000 0.00 0.00 1.00 0 190 247 112 1 0 0 0 0 031219 150100.585
6.0494 -7.4921 0.0000 0.00 0.00 1.00 0 84 246 112 1 0 0 0 0 031219 150100.785
6.0276 -7.4849 0.0000 0.00 0.00 1.00 0 208 247 112 1 0 0 0 0 031219 150100.986
5.9983 -7.4739 0.0000 0.00 0.00 1.00 0 5 246 112 1 0 0 0 0 031219 150101.186
5.9733 -7.4646 0.0000 0.00 0.00 1.00 0 16 246 112 1 0 0 0 0 031219 150101.387
5.9405 -7.4529 0.0000 0.00 0.00 1.00 0 216 247 112 1 0 0 0 0 031219 150101.587
5.9108 -7.4424 0.0000 0.00 0.00 1.00 0 230 247 112 1 0 0 0 0 031219 150101.787
5.8601 -7.4233 0.0000 0.00 0.00 1.00 0 99 247 112 1 0 0 0 0 031219 150101.988
5.8358 -7.4157 0.0000 0.00 0.00 1.00 0 15 250 112 1 0 0 0 0 031219 150102.188
5.8133 -7.4065 0.0000 0.00 0.00 1.00 0 20 244 112 1 0 0 0 0 031219 150102.388
5.7918 -7.3990 0.0000 0.00 0.00 1.00 0 109 247 112 1 0 0 0 0 031219 150102.588
5.7679 -7.3922 0.0000 0.00 0.00 1.00 0 219 251 112 1 0 0 0 0 031219 150102.788
5.7385 -7.3826 0.0000 0.00 0.00 1.00 0 134 250 112 1 0 0 0 0 031219 150102.989
5.6778 -7.3645 0.0000 0.00 0.00 1.00 0 34 253 112 1 0 0 0 0 031219 150103.189
5.6570 -7.3583 0.0000 0.00 0.00 1.00 0 234 249 112 1 0 0 0 0 031219 150103.389
5.6250 -7.3497 0.0000 0.00 0.00 1.00 0 108 255 112 1 0 0 0 0 031219 150103.589
5.5966 -7.3425 0.0000 0.00 0.00 1.00 0 110 255 112 1 0 0 0 0 031219 150103.789
5.5754 -7.3355 0.0000 0.00 0.00 1.00 0 16 249 112 1 0 0 0 0 031219 150103.990
5.5521 -7.3300 0.0000 0.00 0.00 1.00 0 29 255 112 1 0 0 0 0 031219 150104.190
5.5123 -7.3187 0.0000 0.00 0.00 1.00 0 253 0 112 1 0 0 0 0 031219 150104.390
5.4879 -7.3137 0.0000 0.00 0.00 1.00 0 15 2 112 1 0 0 0 0 031219 150104.591
5.4553 -7.3046 0.0000 0.00 0.00 1.00 0 36 0 112 1 0 0 0 0 031219 150104.791
5.4252 -7.2967 0.0000 0.00 0.00 1.00 0 184 0 112 1 0 0 0 0 031219 150104.991
5.3695 -7.2809 0.0000 0.00 0.00 1.00 0 156 255 112 1 0 0 0 0 031219 150105.192
5.3463 -7.2750 0.0000 0.00 0.00 1.00 0 211 255 112 1 0 0 0 0 031219 150105.392
5.3238 -7.2713 0.0000 0.00 0.00 1.00 0 0 0 112 1 0 0 0 0 031219 150105.592
5.2935 -7.2626 0.0000 0.00 0.00 1.00 0 0 0 112 1 0 0 0 0 031219 150105.793
5.2627 -7.2537 0.0000 0.00 0.00 1.00 0 0 0 112 1 0 0 0 0 031219 150105.993
5.2367 -7.2470 0.0000 0.00 0.00 1.00 0 0 0 112 1 0 0 0 0 031219 150106.193
5.1823 -7.2335 0.0000 0.00 0.00 1.00 0 0 0 112 1 0 0 0 0 031219 150106.393
5.1583 -7.2284 0.0000 0.00 0.00 1.00 0 0 0 112 1 0 0 0 0 031219 150106.593
5.1407 -7.2240 0.0000 0.00 0.00 1.00 0 0 0 112 1 0 0 0 0 031219 150106.794
5.1077 -7.2155 0.0000 0.00 0.00 1.00 0 0 0 112 1 0 0 0 0 031219 150106.994
5.0749 -7.2070 0.0000 0.00 0.00 1.00 0 0 0 112 1 0 0 0 0 031219 150107.194
5.0403 -7.1975 0.0000 0.00 0.00 1.00 0 0 0 112 1 0 0 0 0 031219 150107.394
4.9748 -7.1793 0.0000 0.00 0.00 1.00 0 0 0 112 1 0 0 0 0 031219 150107.595
4.9566 -7.1749 0.0000 0.00 0.00 1.00 0 0 0 112 1 0 0 0 0 031219 150107.795
4.9230 -7.1656 0.0000 0.00 0.00 1.00 0 0 0 112 1 0 0 0 0 031219 150107.995
4.8915 -7.1567 0.0000 0.00 0.00 1.00 0 0 0 112 1 0 0 0 0 031219 150108.196
4.8684 -7.1501 0.0000 0.00 0.00 1.00 0 0 0 112 1 0 0 0 0 031219 150108.396
4.8346 -7.1412 0.0000 0.00 0.00 1.00 0 0 0 112 1 0 0 0 0 031219 150108.596
4.8175 -7.1380 0.0000 0.00 0.00 1.00 0 0 0 112 1 0 0 0 0 031219 150108.796
4.7489 -7.1190 0.0000 0.00 0.00 1.00 0 0 0 112 1 0 0 0 0 031219 150108.997
4.7342 -7.1160 0.0000 0.00 0.00 1.00 0 0 0 112 1 0 0 0 0 031219 150109.197
4.7028 -7.1062 0.0000 0.00 0.00 1.00 0 0 0 112 1 0 0 0 0 031219 150109.397
4.6691 -7.0967 0.0000 0.00 0.00 1.00 0 0 0 112 1 0 0 0 0 031219 150109.597
4.6407 -7.0891 0.0000 0.00 0.00 1.00 0 0 0 112 1 0 0 0 0 031219 150109.798
4.6127 -7.0825 0.0000 0.00 0.00 1.00 0 0 0 112 1 0 0 0 0 031219 150109.998
4.5500 -7.0659 0.0000 0.00 0.00 1.00 0 0 0 112 1 0 0 0 0 031219 150110.198
4.5275 -7.0605 0.0000 0.00 0.00 1.00 0 0 0 112 1 0 0 0 0 031219 150110.398
4.5029 -7.0537 0.0000 0.00 0.00 1.00 0 0 0 112 1 0 0 0 0 031219 150110.599
4.4764 -7.0472 0.0000 0.00 0.00 1.00 0 0 0 112 1 0 0 0 0 031219 150110.799
4.4425 -7.0386 0.0000 0.00 0.00 1.00 0 0 0 112 1 0 0 0 0 031219 150110.999
4.4124 -7.0312 0.0000 0.00 0.00 1.00 0 0 0 112 1 0 0 0 0 031219 150111.199
4.3555 -7.0175 0.0000 0.00 0.00 1.00 0 0 0 112 1 0 0 0 0 031219 150111.399
4.3282 -7.0103 0.0000 0.00 0.00 1.00 0 0 0 112 1 0 0 0 0 031219 150111.600
4.3131 -7.0069 0.0000 0.00 0.00 1.00 0 0 0 112 1 0 0 0 0 031219 150111.800
4.2822 -6.9997 0.0000 0.00 0.00 1.00 0 0 0 112 1 0 0 0 0 031219 150112.000
4.2128 -6.9790 0.0000 0.00 0.00 1.00 0 0 0 112 1 0 0 0 0 031219 150112.200
4.1955 -6.9744 0.0000 0.00 0.00 1.00 0 0 0 112 1 0 0 0 0 031219 150112.401
4.1613 -6.9649 0.0000 0.00 0.00 1.00 0 0 0 112 1 0 0 0 0 031219 150112.601
4.1256 -6.9558 0.0000 0.00 0.00 1.00 0 0 0 112 1 0 0 0 0 031219 150112.801
4.0761 -6.9437 0.0000 0.00 0.00 1.00 0 0 0 112 1 0 0 0 0 031219 150113.001
4.0483 -6.9379 0.0000 0.00 0.00 1.00 0 0 0 112 1 0 0 0 0 031219 150113.201
4.0308 -6.9319 0.0000 0.00 0.00 1.00 0 0 0 112 1 0 0 0 0 031219 150113.402
4.0043 -6.9252 0.0000 0.00 0.00 1.00 0 0 0 112 1 0 0 0 0 031219 150113.602
3.9443 -6.9108 0.0000 0.00 0.00 1.00 0 0 0 112 1 0 0 0 0 031219 150113.802
3.9252 -6.9049 0.0000 0.00 0.00 1.00 0 0 0 112 1 0 0 0 0 031219 150114.002
3.8727 -6.8922 0.0000 0.00 0.00 1.00 0 0 0 112 1 0 0 0 0 031219 150114.203
3.8456 -6.8861 0.0000 0.00 0.00 1.00 0 0 0 112 1 0 0 0 0 031219 150114.403
3.8172 -6.8795 0.0000 0.00 0.00 1.00 0 251 19 112 1 0 0 0 0 031219 150114.603
3.7665 -6.8666 0.0000 0.00 0.00 1.00 0 76 15 112 1 0 0 0 0 031219 150114.803
3.7417 -6.8595 0.0000 0.00 0.00 1.00 0 191 15 112 1 0 0 0 0 031219 150115.004
3.7168 -6.8533 0.0000 0.00 0.00 1.00 0 58 18 112 1 0 0 0 0 031219 150115.204
3.6677 -6.8421 0.0000 0.00 0.00 1.00 0 17 20 112 1 0 0 0 0 031219 150115.404
3.6379 -6.8323 0.0000 0.00 0.00 1.00 0 7 15 112 1 0 0 0 0 031219 150115.604
3.6216 -6.8272 0.0000 0.00 0.00 1.00 0 38 13 112 1 0 0 0 0 031219 150115.805
3.5957 -6.8225 0.0000 0.00 0.00 1.00 0 112 24 112 1 0 0 0 0 031219 150116.005
3.5649 -6.8119 0.0000 0.00 0.00 1.00 0 110 14 112 1 0 0 0 0 031219 150116.205
3.5351 -6.8039 0.0000 0.00 0.00 1.00 0 66 20 112 1 0 0 0 0 031219 150116.406
3.4728 -6.7855 0.0000 0.00 0.00 1.00 0 219 23 112 1 0 0 0 0 031219 150116.606
3.4520 -6.7789 0.0000 0.00 0.00 1.00 0 96 15 112 1 0 0 0 0 031219 150116.806
3.4355 -6.7720 0.0000 0.00 0.00 1.00 0 91 10 112 1 0 0 0 0 031219 150117.006
3.3848 -6.7570 0.0000 0.00 0.00 1.00 0 245 14 112 1 0 0 0 0 031219 150117.206
3.3628 -6.7485 0.0000 0.00 0.00 1.00 0 252 11 112 1 0 0 0 0 031219 150117.407
3.3328 -6.7373 0.0000 0.00 0.00 1.00 0 128 13 112 1 0 0 0 0 031219 150117.607
3.3069 -6.7281 0.0000 0.00 0.00 1.00 0 96 14 112 1 0 0 0 0 031219 150117.808
3.2845 -6.7216 0.0000 0.00 0.00 1.00 0 0 18 112 1 0 0 0 0 031219 150118.008
3.2389 -6.7046 0.0000 0.00 0.00 1.00 0 36 11 112 1 0 0 0 0 031219 150118.208
3.2239 -6.6992 0.0000 0.00 0.00 1.00 0 93 13 112 1 0 0 0 0 031219 150118.408
3.1993 -6.6904 0.0000 0.00 0.00 1.00 0 147 14 112 1 0 0 0 0 031219 150118.608
3.1438 -6.6691 0.0000 0.00 0.00 1.00 0 79 13 112 1 0 0 0 0 031219 150118.808
3.1281 -6.6632 0.0000 0.00 0.00 1.00 0 170 15 112 1 0 0 0 0 031219 150119.009
3.0995 -6.6519 0.0000 0.00 0.00 1.00 0 73 17 112 1 0 0 0 0 031219 150119.209
3.0680 -6.6393 0.0000 0.00 0.00 1.00 0 187 17 112 1 0 0 0 0 031219 150119.409
3.0110 -6.6138 0.0000 0.00 0.00 1.00 0 144 15 112 1 0 0 0 0 031219 150119.609
3.0033 -6.6111 0.0000 0.00 0.00 1.00 0 254 14 112 1 0 0 0 0 031219 150119.809
2.9747 -6.5998 0.0000 0.00 0.00 1.00 0 150 17 112 1 0 0 0 0 031219 150120.009
2.9428 -6.5861 0.0000 0.00 0.00 1.00 0 132 15 112 1 0 0 0 0 031219 150120.209
2.9109 -6.5717 0.0000 0.00 0.00 1.00 0 29 14 112 1 0 0 0 0 031219 150120.410
2.8660 -6.5522 0.0000 0.00 0.00 1.00 0 36 14 112 1 0 0 0 0 031219 150120.610
2.8440 -6.5417 0.0000 0.00 0.00 1.00 0 54 12 112 1 0 0 0 0 031219 150120.810
2.8224 -6.5305 0.0000 0.00 0.00 1.00 0 15 10 112 1 0 0 0 0 031219 150121.010
2.8086 -6.5230 0.0000 0.00 0.00 1.00 0 45 10 112 1 0 0 0 0 031219 150121.211
2.7507 -6.4930 0.0000 0.00 0.00 1.00 0 89 5 112 1 0 0 0 0 031219 150121.411
2.7329 -6.4849 0.0000 0.00 0.00 1.00 0 6 13 112 1 0 0 0 0 031219 150121.611
2.7032 -6.4670 0.0000 0.00 0.00 1.00 0 8 2 112 1 0 0 0 0 031219 150121.811
2.6516 -6.4378 0.0000 0.00 0.00 1.00 0 183 10 112 1 0 0 0 0 031219 150122.011
2.6356 -6.4303 0.0000 0.00 0.00 1.00 0 123 13 112 1 0 0 0 0 031219 150122.212
2.6128 -6.4155 0.0000 0.00 0.00 1.00 0 116 4 112 1 0 0 0 0 031219 150122.412
2.5851 -6.3993 0.0000 0.00 0.00 1.00 0 133 6 112 1 0 0 0 0 031219 150122.612
2.5406 -6.3750 0.0000 0.00 0.00 1.00 0 23 7 112 1 0 0 0 0 031219 150122.813
2.5113 -6.3578 0.0000 0.00 0.00 1.00 0 245 5 112 1 0 0 0 0 031219 150123.013
2.4844 -6.3418 0.0000 0.00 0.00 1.00 0 159 5 112 1 0 0 0 0 031219 150123.213
2.4390 -6.3166 0.0000 0.00 0.00 1.00 0 182 4 112 1 0 0 0 0 031219 150123.413
2.4174 -6.3021 0.0000 0.00 0.00 1.00 0 78 2 112 1 0 0 0 0 031219 150123.613
2.3943 -6.2885 0.0000 0.00 0.00 1.00 0 119 6 112 1 0 0 0 0 031219 150123.814
2.3659 -6.2715 0.0000 0.00 0.00 1.00 0 152 4 112 1 0 0 0 0 031219 150124.014
2.3447 -6.2591 0.0000 0.00 0.00 1.00 0 155 6 112 1 0 0 0 0 031219 150124.214
2.3134 -6.2397 0.0000 0.00 0.00 1.00 0 233 1 112 1 0 0 0 0 031219 150124.415
2.2692 -6.2123 0.0000 0.00 0.00 1.00 0 243 4 112 1 0 0 0 0 031219 150124.615
2.2407 -6.1943 0.0000 0.00 0.00 1.00 0 46 1 112 1 0 0 0 0 031219 150124.815
2.2192 -6.1815 0.0000 0.00 0.00 1.00 0 59 5 112 1 0 0 0 0 031219 150125.016
2.1884 -6.1640 0.0000 0.00 0.00 1.00 0 37 7 112 1 0 0 0 0 031219 150125.216
2.1614 -6.1471 0.0000 0.00 0.00 1.00 0 154 7 112 1 0 0 0 0 031219 150125.416
2.1330 -6.1278 0.0000 0.00 0.00 1.00 0 197 3 112 1 0 0 0 0 031219 150125.617
2.1067 -6.1117 0.0000 0.00 0.00 1.00 0 125 8 112 1 0 0 0 0 031219 150125.817
2.0921 -6.1024 0.0000 0.00 0.00 1.00 0 150 7 112 1 0 0 0 0 031219 150126.017
2.0435 -6.0719 0.0000 0.00 0.00 1.00 0 93 7 112 1 0 0 0 0 031219 150126.217
2.0240 -6.0609 0.0000 0.00 0.00 1.00 0 197 10 112 1 0 0 0 0 031219 150126.417
2.0055 -6.0489 0.0000 0.00 0.00 1.00 0 224 6 112 1 0 0 0 0 031219 150126.618
1.9856 -6.0374 0.0000 0.00 0.00 1.00 0 47 10 112 1 0 0 0 0 031219 150126.818
1.9396 -6.0080 0.0000 0.00 0.00 1.00 0 214 8 112 1 0 0 0 0 031219 150127.018
1.9193 -5.9962 0.0000 0.00 0.00 1.00 0 156 9 112 1 0 0 0 0 031219 150127.218
1.9003 -5.9823 0.0000 0.00 0.00 1.00 0 25 3 112 1 0 0 0 0 031219 150127.419
1.8602 -5.9541 0.0000 0.00 0.00 1.00 0 42 6 112 1 0 0 0 0 031219 150127.619
1.8394 -5.9386 0.0000 0.00 0.00 1.00 0 67 1 112 1 0 0 0 0 031219 150127.819
1.8124 -5.9198 0.0000 0.00 0.00 1.00 0 251 1 112 1 0 0 0 0 031219 150128.020
1.7927 -5.9056 0.0000 0.00 0.00 1.00 0 84 2 112 1 0 0 0 0 031219 150128.220
1.7719 -5.8921 0.0000 0.00 0.00 1.00 0 108 5 112 1 0 0 0 0 031219 150128.420
1.7218 -5.8549 0.0000 0.00 0.00 1.00 0 0 0 112 1 0 0 0 0 031219 150128.620
1.7015 -5.8410 0.0000 0.00 0.00 1.00 0 0 0 112 1 0 0 0 0 031219 150128.821
1.6799 -5.8250 0.0000 0.00 0.00 1.00 0 0 0 112 1 0 0 0 0 031219 150129.021
1.6332 -5.7916 0.0000 0.00 0.00 1.00 0 16 11 112 1 0 0 0 0 031219 150129.221
1.6104 -5.7747 0.0000 0.00 0.00 1.00 0 96 10 112 1 0 0 0 0 031219 150129.422
1.5886 -5.7601 0.0000 0.00 0.00 1.00 0 36 14 112 1 0 0 0 0 031219 150129.622
1.5632 -5.7410 0.0000 0.00 0.00 1.00 0 121 10 112 1 0 0 0 0 031219 150129.822
1.5295 -5.7191 0.0000 0.00 0.00 1.00 0 34 16 112 1 0 0 0 0 031219 150130.023
1.5092 -5.7049 0.0000 0.00 0.00 1.00 0 153 12 112 1 0 0 0 0 031219 150130.223
1.4899 -5.6910 0.0000 0.00 0.00 1.00 0 201 11 112 1 0 0 0 0 031219 150130.423
1.4653 -5.6730 0.0000 0.00 0.00 1.00 0 62 12 112 1 0 0 0 0 031219 150130.623
1.4467 -5.6591 0.0000 0.00 0.00 1.00 0 126 10 112 1 0 0 0 0 031219 150130.824
1.3970 -5.6199 0.0000 0.00 0.00 1.00 0 145 12 112 1 0 0 0 0 031219 150131.024
1.3860 -5.6110 0.0000 0.00 0.00 1.00 0 150 8 112 1 0 0 0 0 031219 150131.224
1.3602 -5.5918 0.0000 0.00 0.00 1.00 0 196 11 112 1 0 0 0 0 031219 150131.425
1.3291 -5.5661 0.0000 0.00 0.00 1.00 0 241 5 112 1 0 0 0 0 031219 150131.625
1.3107 -5.5506 0.0000 0.00 0.00 1.00 0 228 6 112 1 0 0 0 0 031219 150131.825
1.2850 -5.5286 0.0000 0.00 0.00 1.00 0 59 5 112 1 0 0 0 0 031219 150132.026
1.2732 -5.5191 0.0000 0.00 0.00 1.00 0 81 9 112 1 0 0 0 0 031219 150132.226
1.2312 -5.4837 0.0000 0.00 0.00 1.00 0 8 15 112 1 0 0 0 0 031219 150132.426
1.2122 -5.4682 0.0000 0.00 0.00 1.00 0 195 16 112 1 0 0 0 0 031219 150132.627
1.1735 -5.4363 0.0000 0.00 0.00 1.00 0 36 16 112 1 0 0 0 0 031219 150132.827
1.1582 -5.4235 0.0000 0.00 0.00 1.00 0 88 15 112 1 0 0 0 0 031219 150133.027
1.1399 -5.4062 0.0000 0.00 0.00 1.00 0 171 12 112 1 0 0 0 0 031219 150133.227
1.1016 -5.3747 0.0000 0.00 0.00 1.00 0 238 18 112 1 0 0 0 0 031219 150133.428
1.0910 -5.3633 0.0000 0.00 0.00 1.00 0 87 9 112 1 0 0 0 0 031219 150133.628
1.0676 -5.3415 0.0000 0.00 0.00 1.00 0 120 14 112 1 0 0 0 0 031219 150133.828
1.0509 -5.3272 0.0000 0.00 0.00 1.00 0 27 16 112 1 0 0 0 0 031219 150134.028
1.0356 -5.3131 0.0000 0.00 0.00 1.00 0 216 13 112 1 0 0 0 0 031219 150134.229
0.9945 -5.2729 0.0000 0.00 0.00 1.00 0 108 9 112 1 0 0 0 0 031219 150134.429
0.9715 -5.2529 0.0000 0.00 0.00 1.00 0 198 17 112 1 0 0 0 0 031219 150134.629
0.9551 -5.2353 0.0000 0.00 0.00 1.00 0 106 9 112 1 0 0 0 0 031219 150134.829
0.9308 -5.2121 0.0000 0.00 0.00 1.00 0 34 14 112 1 0 0 0 0 031219 150135.030
0.9151 -5.1947 0.0000 0.00 0.00 1.00 0 109 8 112 1 0 0 0 0 031219 150135.230
0.8822 -5.1637 0.0000 0.00 0.00 1.00 0 161 11 112 1 0 0 0 0 031219 150135.430
0.8606 -5.1385 0.0000 0.00 0.00 1.00 0 233 16 112 1 0 0 0 0 031219 150135.630
0.8385 -5.1196 0.0000 0.00 0.00 1.00 0 252 28 112 1 0 0 0 0 031219 150135.830
0.8235 -5.1035 0.0000 0.00 0.00 1.00 0 255 17 112 1 0 0 0 0 031219 150136.031
0.8007 -5.0804 0.0000 0.00 0.00 1.00 0 239 23 112 1 0 0 0 0 031219 150136.231
0.7703 -5.0470 0.0000 0.00 0.00 1.00 0 178 21 112 1 0 0 0 0 031219 150136.431
0.7619 -5.0370 0.0000 0.00 0.00 1.00 0 71 14 112 1 0 0 0 0 031219 150136.631
0.7444 -5.0198 0.0000 0.00 0.00 1.00 0 216 22 112 1 0 0 0 0 031219 150136.832
0.7280 -5.0023 0.0000 0.00 0.00 1.00 0 11 20 112 1 0 0 0 0 031219 150137.032
0.6866 -4.9536 0.0000 0.00 0.00 1.00 0 138 17 112 1 0 0 0 0 031219 150137.232
0.6755 -4.9410 0.0000 0.00 0.00 1.00 0 4 17 112 1 0 0 0 0 031219 150137.432
0.6548 -4.9162 0.0000 0.00 0.00 1.00 0 252 17 112 1 0 0 0 0 031219 150137.633
0.6410 -4.8983 0.0000 0.00 0.00 1.00 0 60 14 112 1 0 0 0 0 031219 150137.833
0.6111 -4.8624 0.0000 0.00 0.00 1.00 0 132 13 112 1 0 0 0 0 031219 150138.033
0.5951 -4.8433 0.0000 0.00 0.00 1.00 0 140 17 112 1 0 0 0 0 031219 150138.234
0.5757 -4.8198 0.0000 0.00 0.00 1.00 0 80 17 112 1 0 0 0 0 031219 150138.434
0.5598 -4.8004 0.0000 0.00 0.00 1.00 0 242 16 112 1 0 0 0 0 031219 150138.634
0.5405 -4.7749 0.0000 0.00 0.00 1.00 0 62 14 112 1 0 0 0 0 031219 150138.834
0.5065 -4.7329 0.0000 0.00 0.00 1.00 0 208 18 112 1 0 0 0 0 031219 150139.035
0.4926 -4.7125 0.0000 0.00 0.00 1.00 0 15 14 112 1 0 0 0 0 031219 150139.235
0.4785 -4.6920 0.0000 0.00 0.00 1.00 0 103 14 112 1 0 0 0 0 031219 150139.435
0.4669 -4.6712 0.0000 0.00 0.00 1.00 0 33 8 112 1 0 0 0 0 031219 150139.635
0.4372 -4.6285 0.0000 0.00 0.00 1.00 0 205 13 112 1 0 0 0 0 031219 150139.836
0.4273 -4.6151 0.0000 0.00 0.00 1.00 0 13 16 112 1 0 0 0 0 031219 150140.036
0.4163 -4.6021 0.0000 0.00 0.00 1.00 0 217 18 112 1 0 0 0 0 031219 150140.236
0.3825 -4.5498 0.0000 0.00 0.00 1.00 0 212 14 112 1 0 0 0 0 031219 150140.436
0.3721 -4.5361 0.0000 0.00 0.00 1.00 0 153 16 112 1 0 0 0 0 031219 150140.637
0.3576 -4.5088 0.0000 0.00 0.00 1.00 0 134 4 112 1 0 0 0 0 031219 150140.837
0.3434 -4.4897 0.0000 0.00 0.00 1.00 0 117 16 112 1 0 0 0 0 031219 150141.037
0.3146 -4.4414 0.0000 0.00 0.00 1.00 0 24 10 112 1 0 0 0 0 031219 150141.238
0.3055 -4.4270 0.0000 0.00 0.00 1.00 0 15 12 112 1 0 0 0 0 031219 150141.438
0.2864 -4.3970 0.0000 0.00 0.00 1.00 0 73 10 112 1 0 0 0 0 031219 150141.638
0.2757 -4.3775 0.0000 0.00 0.00 1.00 0 138 7 112 1 0 0 0 0 031219 150141.839
0.2598 -4.3493 0.0000 0.00 0.00 1.00 0 81 5 112 1 0 0 0 0 031219 150142.039
0.2447 -4.3217 0.0000 0.00 0.00 1.00 0 88 4 112 1 0 0 0 0 031219 150142.239
0.2197 -4.2785 0.0000 0.00 0.00 1.00 0 79 17 112 1 0 0 0 0 031219 150142.439
0.2051 -4.2538 0.0000 0.00 0.00 1.00 0 249 16 112 1 0 0 0 0 031219 150142.640
0.1861 -4.2189 0.0000 0.00 0.00 1.00 0 120 17 112 1 0 0 0 0 031219 150142.840
0.1783 -4.2041 0.0000 0.00 0.00 1.00 0 63 13 112 1 0 0 0 0 031219 150143.040
0.1558 -4.1628 0.0000 0.00 0.00 1.00 0 127 12 112 1 0 0 0 0 031219 150143.240
0.1446 -4.1410 0.0000 0.00 0.00 1.00 0 127 12 112 1 0 0 0 0 031219 150143.441
0.1339 -4.1202 0.0000 0.00 0.00 1.00 0 127 12 112 1 0 0 0 0 031219 150143.641
0.1161 -4.0872 0.0000 0.00 0.00 1.00 0 39 12 112 1 0 0 0 0 031219 150143.841
0.1062 -4.0682 0.0000 0.00 0.00 1.00 0 4 13 112 1 0 0 0 0 031219 150144.041
0.0910 -4.0394 0.0000 0.00 0.00 1.00 0 187 11 112 1 0 0 0 0 031219 150144.242
0.0827 -4.0250 0.0000 0.00 0.00 1.00 0 3 15 112 1 0 0 0 0 031219 150144.442
0.0566 -3.9742 0.0000 0.00 0.00 1.00 0 216 9 112 1 0 0 0 0 031219 150144.642
0.0493 -3.9592 0.0000 0.00 0.00 1.00 0 1 12 112 1 0 0 0 0 031219 150144.842
0.0282 -3.9158 0.0000 0.00 0.00 1.00 0 132 9 112 1 0 0 0 0 031219 150145.042
0.0193 -3.9004 0.0000 0.00 0.00 1.00 0 14 15 112 1 0 0 0 0 031219 150145.242
0.0016 -3.8680 0.0000 0.00 0.00 1.00 0 75 16 112 1 0 0 0 0 031219 150145.443
-0.0196 -3.8229 0.0000 0.00 0.00 1.00 0 215 28 112 1 0 0 0 0 031219 150145.643
-0.0253 -3.8077 0.0000 0.00 0.00 1.00 0 81 17 112 1 0 0 0 0 031219 150145.843
-0.0439 -3.7648 0.0000 0.00 0.00 1.00 0 8 25 112 1 0 0 0 0 031219 150146.043
-0.0555 -3.7353 0.0000 0.00 0.00 1.00 0 128 21 112 1 0 0 0 0 031219 150146.244
-0.0645 -3.7144 0.0000 0.00 0.00 1.00 0 192 22 112 1 0 0 0 0 031219 150146.444
-0.0753 -3.6926 0.0000 0.00 0.00 1.00 0 94 27 112 1 0 0 0 0 031219 150146.644
-0.0886 -3.6555 0.0000 0.00 0.00 1.00 0 103 19 112 1 0 0 0 0 031219 150146.844
-0.0965 -3.6349 0.0000 0.00 0.00 1.00 0 27 21 112 1 0 0 0 0 031219 150147.045
-0.1158 -3.5886 0.0000 0.00 0.00 1.00 0 157 24 112 1 0 0 0 0 031219 150147.245
-0.1251 -3.5599 0.0000 0.00 0.00 1.00 0 155 16 112 1 0 0 0 0 031219 150147.445
-0.1342 -3.5365 0.0000 0.00 0.00 1.00 0 208 22 112 1 0 0 0 0 031219 150147.645
-0.1458 -3.5010 0.0000 0.00 0.00 1.00 0 213 19 112 1 0 0 0 0 031219 150147.845
-0.1602 -3.4621 0.0000 0.00 0.00 1.00 0 44 21 112 1 0 0 0 0 031219 150148.045
-0.1659 -3.4483 0.0000 0.00 0.00 1.00 0 152 21 112 1 0 0 0 0 031219 150148.246
-0.1706 -3.4326 0.0000 0.00 0.00 1.00 0 57 17 112 1 0 0 0 0 031219 150148.446
-0.1890 -3.3792 0.0000 0.00 0.00 1.00 0 18 18 112 1 0 0 0 0 031219 150148.646
-0.1934 -3.3637 0.0000 0.00 0.00 1.00 0 226 16 112 1 0 0 0 0 031219 150148.846
-0.2070 -3.3094 0.0000 0.00 0.00 1.00 0 120 14 112 1 0 0 0 0 031219 150149.046
-0.2098 -3.2931 0.0000 0.00 0.00 1.00 0 15 20 112 1 0 0 0 0 031219 150149.247
-0.2169 -3.2714 0.0000 0.00 0.00 1.00 0 7 31 112 1 0 0 0 0 031219 150149.447
-0.2301 -3.2146 0.0000 0.00 0.00 1.00 0 250 24 112 1 0 0 0 0 031219 150149.647
-0.2333 -3.1997 0.0000 0.00 0.00 1.00 0 178 22 112 1 0 0 0 0 031219 150149.848
-0.2402 -3.1771 0.0000 0.00 0.00 1.00 0 58 31 112 1 0 0 0 0 031219 150150.048
-0.2491 -3.1483 0.0000 0.00 0.00 1.00 0 117 35 112 1 0 0 0 0 031219 150150.248
-0.2579 -3.1165 0.0000 0.00 0.00 1.00 0 124 34 112 1 0 0 0 0 031219 150150.449
-0.2642 -3.0798 0.0000 0.00 0.00 1.00 0 137 18 112 1 0 0 0 0 031219 150150.649
-0.2694 -3.0509 0.0000 0.00 0.00 1.00 0 7 26 112 1 0 0 0 0 031219 150150.849
-0.2759 -3.0280 0.0000 0.00 0.00 1.00 0 188 31 112 1 0 0 0 0 031219 150151.050
-0.2803 -3.0057 0.0000 0.00 0.00 1.00 0 3 26 112 1 0 0 0 0 031219 150151.250
-0.2845 -2.9731 0.0000 0.00 0.00 1.00 0 229 22 112 1 0 0 0 0 031219 150151.450
-0.2963 -2.9215 0.0000 0.00 0.00 1.00 0 86 27 112 1 0 0 0 0 031219 150151.650
-0.2966 -2.9056 0.0000 0.00 0.00 1.00 0 77 17 112 1 0 0 0 0 031219 150151.851
-0.3006 -2.8746 0.0000 0.00 0.00 1.00 0 96 23 112 1 0 0 0 0 031219 150152.051
-0.3054 -2.8258 0.0000 0.00 0.00 1.00 0 167 22 112 1 0 0 0 0 031219 150152.251
-0.3072 -2.8088 0.0000 0.00 0.00 1.00 0 11 21 112 1 0 0 0 0 031219 150152.451
-0.3110 -2.7844 0.0000 0.00 0.00 1.00 0 220 20 112 1 0 0 0 0 031219 150152.651
-0.3138 -2.7300 0.0000 0.00 0.00 1.00 0 183 22 112 1 0 0 0 0 031219 150152.852
-0.3159 -2.7065 0.0000 0.00 0.00 1.00 0 93 27 112 1 0 0 0 0 031219 150153.052
-0.3156 -2.6831 0.0000 0.00 0.00 1.00 0 156 20 112 1 0 0 0 0 031219 150153.252
-0.3186 -2.6544 0.0000 0.00 0.00 1.00 0 31 30 112 1 0 0 0 0 031219 150153.453
-0.3207 -2.6168 0.0000 0.00 0.00 1.00 0 167 27 112 1 0 0 0 0 031219 150153.653
-0.3230 -2.6023 0.0000 0.00 0.00 1.00 0 29 28 112 1 0 0 0 0 031219 150153.853
-0.3246 -2.5724 0.0000 0.00 0.00 1.00 0 253 26 112 1 0 0 0 0 031219 150154.053
-0.3241 -2.5169 0.0000 0.00 0.00 1.00 0 110 18 112 1 0 0 0 0 031219 150154.254
-0.3215 -2.4912 0.0000 0.00 0.00 1.00 0 1 15 112 1 0 0 0 0 031219 150154.454
-0.3232 -2.4473 0.0000 0.00 0.00 1.00 0 90 29 112 1 0 0 0 0 031219 150154.654
-0.3201 -2.4310 0.0000 0.00 0.00 1.00 0 134 13 112 1 0 0 0 0 031219 150154.855
-0.3209 -2.3963 0.0000 0.00 0.00 1.00 0 121 24 112 1 0 0 0 0 031219 150155.055
-0.3192 -2.3661 0.0000 0.00 0.00 1.00 0 74 17 112 1 0 0 0 0 031219 150155.255
-0.3165 -2.3426 0.0000 0.00 0.00 1.00 0 112 14 112 1 0 0 0 0 031219 150155.456
-0.3144 -2.2935 0.0000 0.00 0.00 1.00 0 124 16 112 1 0 0 0 0 031219 150155.656
-0.3135 -2.2779 0.0000 0.00 0.00 1.00 0 237 18 112 1 0 0 0 0 031219 150155.856
-0.3116 -2.2532 0.0000 0.00 0.00 1.00 0 170 14 112 1 0 0 0 0 031219 150156.056
-0.3084 -2.1961 0.0000 0.00 0.00 1.00 0 1 21 112 1 0 0 0 0 031219 150156.256
-0.3047 -2.1731 0.0000 0.00 0.00 1.00 0 34 16 112 1 0 0 0 0 031219 150156.457
-0.2970 -2.1431 0.0000 0.00 0.00 1.00 0 103 6 112 1 0 0 0 0 031219 150156.657
-0.2933 -2.1196 0.0000 0.00 0.00 1.00 0 184 15 112 1 0 0 0 0 031219 150156.857
-0.2920 -2.0984 0.0000 0.00 0.00 1.00 0 177 21 112 1 0 0 0 0 031219 150157.058
-0.2866 -2.0381 0.0000 0.00 0.00 1.00 0 113 22 112 1 0 0 0 0 031219 150157.258
-0.2809 -2.0132 0.0000 0.00 0.00 1.00 0 94 10 112 1 0 0 0 0 031219 150157.458
-0.2755 -1.9817 0.0000 0.00 0.00 1.00 0 83 16 112 1 0 0 0 0 031219 150157.659
-0.2716 -1.9488 0.0000 0.00 0.00 1.00 0 193 16 112 1 0 0 0 0 031219 150157.859
-0.2685 -1.9281 0.0000 0.00 0.00 1.00 0 223 15 112 1 0 0 0 0 031219 150158.059
-0.2605 -1.8765 0.0000 0.00 0.00 1.00 0 201 9 112 1 0 0 0 0 031219 150158.259
-0.2578 -1.8575 0.0000 0.00 0.00 1.00 0 92 16 112 1 0 0 0 0 031219 150158.460
-0.2507 -1.8104 0.0000 0.00 0.00 1.00 0 242 19 112 1 0 0 0 0 031219 150158.660
-0.2461 -1.7854 0.0000 0.00 0.00 1.00 0 8 12 112 1 0 0 0 0 031219 150158.860
-0.2393 -1.7456 0.0000 0.00 0.00 1.00 0 211 16 112 1 0 0 0 0 031219 150159.060
-0.2377 -1.7302 0.0000 0.00 0.00 1.00 0 191 17 112 1 0 0 0 0 031219 150159.261
-0.2252 -1.6830 0.0000 0.00 0.00 1.00 0 13 4 112 1 0 0 0 0 031219 150159.461
-0.2175 -1.6572 0.0000 0.00 0.00 1.00 0 233 9 112 1 0 0 0 0 031219 150159.661
-0.2138 -1.6318 0.0000 0.00 0.00 1.00 0 137 20 112 1 0 0 0 0 031219 150159.861
-0.2028 -1.5835 0.0000 0.00 0.00 1.00 0 190 15 112 1 0 0 0 0 031219 150200.062
-0.1959 -1.5580 0.0000 0.00 0.00 1.00 0 133 11 112 1 0 0 0 0 031219 150200.262
-0.1834 -1.5111 0.0000 0.00 0.00 1.00 0 236 12 112 1 0 0 0 0 031219 150200.462
-0.1834 -1.5111 0.0000 0.00 0.00 1.00 0 236 12 112 1 0 0 0 0 031219 150200.662
-0.1682 -1.4557 0.0000 0.00 0.00 1.00 0 174 7 112 1 0 0 0 0 031219 150200.863
-0.1656 -1.4404 0.0000 0.00 0.00 1.00 0 72 17 112 1 0 0 0 0 031219 150201.063
-0.1561 -1.4087 0.0000 0.00 0.00 1.00 0 239 6 112 1 0 0 0 0 031219 150201.263
-0.1434 -1.3529 0.0000 0.00 0.00 1.00 0 29 13 112 1 0 0 0 0 031219 150201.464
-0.1397 -1.3380 0.0000 0.00 0.00 1.00 0 194 13 112 1 0 0 0 0 031219 150201.664
-0.1327 -1.3164 0.0000 0.00 0.00 1.00 0 18 8 112 1 0 0 0 0 031219 150201.864
-0.1201 -1.2696 0.0000 0.00 0.00 1.00 0 22 8 112 1 0 0 0 0 031219 150202.064
-0.1136 -1.2398 0.0000 0.00 0.00 1.00 0 13 14 112 1 0 0 0 0 031219 150202.265
-0.1092 -1.2250 0.0000 0.00 0.00 1.00 0 0 11 112 1 0 0 0 0 031219 150202.465
-0.0909 -1.1657 0.0000 0.00 0.00 1.00 0 246 1 112 1 0 0 0 0 031219 150202.665
-0.0859 -1.1519 0.0000 0.00 0.00 1.00 0 70 11 112 1 0 0 0 0 031219 150202.866
-0.0743 -1.1143 0.0000 0.00 0.00 1.00 0 52 12 112 1 0 0 0 0 031219 150203.066
-0.0667 -1.0896 0.0000 0.00 0.00 1.00 0 174 11 112 1 0 0 0 0 031219 150203.266
-0.0549 -1.0475 0.0000 0.00 0.00 1.00 0 174 12 112 1 0 0 0 0 031219 150203.466
-0.0434 -1.0105 0.0000 0.00 0.00 1.00 0 227 11 112 1 0 0 0 0 031219 150203.667
-0.0379 -0.9964 0.0000 0.00 0.00 1.00 0 158 9 112 1 0 0 0 0 031219 150203.867
-0.0274 -0.9661 0.0000 0.00 0.00 1.00 0 150 7 112 1 0 0 0 0 031219 150204.067
-0.0146 -0.9266 0.0000 0.00 0.00 1.00 0 45 8 112 1 0 0 0 0 031219 150204.268
-0.0102 -0.9125 0.0000 0.00 0.00 1.00 0 55 12 112 1 0 0 0 0 031219 150204.468
0.0076 -0.8678 0.0000 0.00 0.00 1.00 0 78 7 112 1 0 0 0 0 031219 150204.668
0.0132 -0.8533 0.0000 0.00 0.00 1.00 0 196 8 112 1 0 0 0 0 031219 150204.868
0.0282 -0.8081 0.0000 0.00 0.00 1.00 0 75 9 112 1 0 0 0 0 031219 150205.069
0.0352 -0.7844 0.0000 0.00 0.00 1.00 0 44 11 112 1 0 0 0 0 031219 150205.269
0.0533 -0.7373 0.0000 0.00 0.00 1.00 0 190 6 112 1 0 0 0 0 031219 150205.469
0.0621 -0.7112 0.0000 0.00 0.00 1.00 0 65 7 112 1 0 0 0 0 031219 150205.669
0.0659 -0.6978 0.0000 0.00 0.00 1.00 0 228 11 112 1 0 0 0 0 031219 150205.870
0.0811 -0.6587 0.0000 0.00 0.00 1.00 0 6 17 112 1 0 0 0 0 031219 150206.070
0.0962 -0.6207 0.0000 0.00 0.00 1.00 0 109 17 112 1 0 0 0 0 031219 150206.270
0.1004 -0.6068 0.0000 0.00 0.00 1.00 0 87 21 112 1 0 0 0 0 031219 150206.471
0.1121 -0.5778 0.0000 0.00 0.00 1.00 0 1 24 112 1 0 0 0 0 031219 150206.671
0.1275 -0.5411 0.0000 0.00 0.00 1.00 0 36 21 112 1 0 0 0 0 031219 150206.871
0.1424 -0.5123 0.0000 0.00 0.00 1.00 0 133 16 112 1 0 0 0 0 031219 150207.071
0.1427 -0.5052 0.0000 0.00 0.00 1.00 0 159 22 112 1 0 0 0 0 031219 150207.271
0.1636 -0.4554 0.0000 0.00 0.00 1.00 0 213 21 112 1 0 0 0 0 031219 150207.471
0.1770 -0.4272 0.0000 0.00 0.00 1.00 0 212 19 112 1 0 0 0 0 031219 150207.672
0.1956 -0.3925 0.0000 0.00 0.00 1.00 0 55 17 112 1 0 0 0 0 031219 150207.872
0.2016 -0.3805 0.0000 0.00 0.00 1.00 0 44 16 112 1 0 0 0 0 031219 150208.072
0.2260 -0.3357 0.0000 0.00 0.00 1.00 0 104 16 112 1 0 0 0 0 031219 150208.273
0.2342 -0.3213 0.0000 0.00 0.00 1.00 0 79 14 112 1 0 0 0 0 031219 150208.473
0.2525 -0.2867 0.0000 0.00 0.00 1.00 0 100 16 112 1 0 0 0 0 031219 150208.673
0.2761 -0.2451 0.0000 0.00 0.00 1.00 0 20 11 112 1 0 0 0 0 031219 150208.874
0.2843 -0.2303 0.0000 0.00 0.00 1.00 0 214 14 112 1 0 0 0 0 031219 150209.074
0.2988 -0.2085 0.0000 0.00 0.00 1.00 0 89 9 112 1 0 0 0 0 031219 150209.274
0.3275 -0.1610 0.0000 0.00 0.00 1.00 0 54 26 112 1 0 0 0 0 031219 150209.475
0.3406 -0.1402 0.0000 0.00 0.00 1.00 0 27 19 112 1 0 0 0 0 031219 150209.675
0.3545 -0.1185 0.0000 0.00 0.00 1.00 0 156 21 112 1 0 0 0 0 031219 150209.875
0.3771 -0.0801 0.0000 0.00 0.00 1.00 0 40 19 112 1 0 0 0 0 031219 150210.075
0.3847 -0.0655 0.0000 0.00 0.00 1.00 0 171 23 112 1 0 0 0 0 031219 150210.275
0.4134 -0.0243 0.0000 0.00 0.00 1.00 0 171 19 112 1 0 0 0 0 031219 150210.476
0.4242 -0.0054 0.0000 0.00 0.00 1.00 0 167 24 112 1 0 0 0 0 031219 150210.676
0.4324 0.0078 0.0000 0.00 0.00 1.00 0 7 21 112 1 0 0 0 0 031219 150210.876
0.4590 0.0501 0.0000 0.00 0.00 1.00 0 12 27 112 1 0 0 0 0 031219 150211.076
0.4677 0.0634 0.0000 0.00 0.00 1.00 0 95 20 112 1 0 0 0 0 031219 150211.276
0.4939 0.1029 0.0000 0.00 0.00 1.00 0 43 20 112 1 0 0 0 0 031219 150211.477
0.5079 0.1229 0.0000 0.00 0.00 1.00 0 186 20 112 1 0 0 0 0 031219 150211.677
0.5308 0.1552 0.0000 0.00 0.00 1.00 0 122 18 112 1 0 0 0 0 031219 150211.877
0.5403 0.1689 0.0000 0.00 0.00 1.00 0 4 20 112 1 0 0 0 0 031219 150212.078
0.5600 0.1934 0.0000 0.00 0.00 1.00 0 49 16 112 1 0 0 0 0 031219 150212.278
0.5896 0.2302 0.0000 0.00 0.00 1.00 0 214 14 112 1 0 0 0 0 031219 150212.478
0.6050 0.2506 0.0000 0.00 0.00 1.00 0 151 18 112 1 0 0 0 0 031219 150212.678
0.6309 0.2823 0.0000 0.00 0.00 1.00 0 7 246 112 1 0 0 0 0 031219 150212.878
