6.7792 -1.8150 0.0000 0.00 0.00 1.00 0 0 0 112 1 0 0 0 0 091219 145510.757
6.7771 -1.8130 0.0000 0.00 0.00 1.00 0 0 0 112 1 0 0 0 0 091219 145510.957
6.7710 -1.8097 0.0000 0.00 0.00 1.00 0 0 0 112 1 0 0 0 0 091219 145511.157
6.7433 -1.8046 0.0000 0.00 0.00 1.00 0 0 0 112 1 0 0 0 0 091219 145511.358
6.6943 -1.7953 0.0000 0.00 0.00 1.00 0 0 0 112 1 0 0 0 0 091219 145511.558
6.6171 -1.7625 0.0000 0.00 0.00 1.00 0 0 0 112 1 0 0 0 0 091219 145511.758
6.5912 -1.7485 0.0000 0.00 0.00 1.00 0 0 0 112 1 0 0 0 0 091219 145511.958
6.5764 -1.7464 0.0000 0.00 0.00 1.00 0 0 0 112 1 0 0 0 0 091219 145512.158
6.5486 -1.7361 0.0000 0.00 0.00 1.00 0 0 0 112 1 0 0 0 0 091219 145512.358
6.5206 -1.7233 0.0000 0.00 0.00 1.00 0 0 0 112 1 0 0 0 0 091219 145512.559
6.4833 -1.7048 0.0000 0.00 0.00 1.00 0 0 0 112 1 0 0 0 0 091219 145512.759
6.4371 -1.6947 0.0000 0.00 0.00 1.00 0 0 0 112 1 0 0 0 0 091219 145512.959
6.4036 -1.6850 0.0000 0.00 0.00 1.00 0 0 0 112 1 0 0 0 0 091219 145513.160
6.3750 -1.6762 0.0000 0.00 0.00 1.00 0 0 0 112 1 0 0 0 0 091219 145513.360
6.3478 -1.6685 0.0000 0.00 0.00 1.00 0 0 0 112 1 0 0 0 0 091219 145513.560
6.3197 -1.6588 0.0000 0.00 0.00 1.00 0 0 0 112 1 0 0 0 0 091219 145513.761
6.2833 -1.6434 0.0000 0.00 0.00 1.00 0 13 246 112 1 0 0 0 0 091219 145513.961
6.2475 -1.6315 0.0000 0.00 0.00 1.00 0 34 246 112 1 0 0 0 0 091219 145514.161
6.2139 -1.6237 0.0000 0.00 0.00 1.00 0 119 246 112 1 0 0 0 0 091219 145514.361
6.1813 -1.6139 0.0000 0.00 0.00 1.00 0 66 246 112 1 0 0 0 0 091219 145514.562
6.1570 -1.6013 0.0000 0.00 0.00 1.00 0 96 245 112 1 0 0 0 0 091219 145514.762
6.1207 -1.5964 0.0000 0.00 0.00 1.00 0 61 255 112 1 0 0 0 0 091219 145514.962
6.0904 -1.5858 0.0000 0.00 0.00 1.00 0 207 245 112 1 0 0 0 0 091219 145515.162
6.0556 -1.5682 0.0000 0.00 0.00 1.00 0 176 244 112 1 0 0 0 0 091219 145515.363
6.0224 -1.5573 0.0000 0.00 0.00 1.00 0 94 244 112 1 0 0 0 0 091219 145515.563
5.9871 -1.5468 0.0000 0.00 0.00 1.00 0 157 251 112 1 0 0 0 0 091219 145515.763
5.9575 -1.5391 0.0000 0.00 0.00 1.00 0 198 244 112 1 0 0 0 0 091219 145515.963
5.9390 -1.5362 0.0000 0.00 0.00 1.00 0 52 245 112 1 0 0 0 0 091219 145516.164
5.9126 -1.5279 0.0000 0.00 0.00 1.00 0 192 244 112 1 0 0 0 0 091219 145516.364
5.8771 -1.5138 0.0000 0.00 0.00 1.00 0 8 244 112 1 0 0 0 0 091219 145516.564
5.8348 -1.4990 0.0000 0.00 0.00 1.00 0 224 243 112 1 0 0 0 0 091219 145516.764
5.8139 -1.4975 0.0000 0.00 0.00 1.00 0 181 244 112 1 0 0 0 0 091219 145516.965
5.7878 -1.4943 0.0000 0.00 0.00 1.00 0 80 245 112 1 0 0 0 0 091219 145517.165
5.7545 -1.4750 0.0000 0.00 0.00 1.00 0 90 243 112 1 0 0 0 0 091219 145517.365
5.7229 -1.4687 0.0000 0.00 0.00 1.00 0 218 243 112 1 0 0 0 0 091219 145517.565
5.6947 -1.4633 0.0000 0.00 0.00 1.00 0 19 238 112 1 0 0 0 0 091219 145517.766
5.6636 -1.4544 0.0000 0.00 0.00 1.00 0 238 243 112 1 0 0 0 0 091219 145517.966
5.6298 -1.4445 0.0000 0.00 0.00 1.00 0 211 243 112 1 0 0 0 0 091219 145518.166
5.5968 -1.4400 0.0000 0.00 0.00 1.00 0 126 244 112 1 0 0 0 0 091219 145518.367
5.5440 -1.4277 0.0000 0.00 0.00 1.00 0 27 245 112 1 0 0 0 0 091219 145518.567
5.5140 -1.4206 0.0000 0.00 0.00 1.00 0 242 244 112 1 0 0 0 0 091219 145518.767
5.4847 -1.4144 0.0000 0.00 0.00 1.00 0 212 251 112 1 0 0 0 0 091219 145518.967
5.4580 -1.4105 0.0000 0.00 0.00 1.00 0 94 251 112 1 0 0 0 0 091219 145519.168
5.4220 -1.3996 0.0000 0.00 0.00 1.00 0 191 244 112 1 0 0 0 0 091219 145519.368
5.3803 -1.3895 0.0000 0.00 0.00 1.00 0 253 244 112 1 0 0 0 0 091219 145519.568
5.3529 -1.3857 0.0000 0.00 0.00 1.00 0 221 245 112 1 0 0 0 0 091219 145519.768
5.3294 -1.3840 0.0000 0.00 0.00 1.00 0 160 246 112 1 0 0 0 0 091219 145519.969
5.2939 -1.3732 0.0000 0.00 0.00 1.00 0 58 245 112 1 0 0 0 0 091219 145520.169
5.2609 -1.3642 0.0000 0.00 0.00 1.00 0 57 246 112 1 0 0 0 0 091219 145520.369
5.2206 -1.3599 0.0000 0.00 0.00 1.00 0 42 247 112 1 0 0 0 0 091219 145520.570
5.2035 -1.3608 0.0000 0.00 0.00 1.00 0 200 248 112 1 0 0 0 0 091219 145520.770
5.1546 -1.3532 0.0000 0.00 0.00 1.00 0 106 253 112 1 0 0 0 0 091219 145520.970
5.1228 -1.3484 0.0000 0.00 0.00 1.00 0 254 248 112 1 0 0 0 0 091219 145521.170
5.0981 -1.3459 0.0000 0.00 0.00 1.00 0 42 248 112 1 0 0 0 0 091219 145521.371
5.0524 -1.3347 0.0000 0.00 0.00 1.00 0 27 248 112 1 0 0 0 0 091219 145521.571
5.0215 -1.3337 0.0000 0.00 0.00 1.00 0 0 0 112 1 0 0 0 0 091219 145521.771
4.9923 -1.3345 0.0000 0.00 0.00 1.00 0 0 0 112 1 0 0 0 0 091219 145521.971
4.9631 -1.3336 0.0000 0.00 0.00 1.00 0 0 0 112 1 0 0 0 0 091219 145522.172
4.9243 -1.3292 0.0000 0.00 0.00 1.00 0 0 0 112 1 0 0 0 0 091219 145522.372
4.8865 -1.3188 0.0000 0.00 0.00 1.00 0 0 0 112 1 0 0 0 0 091219 145522.572
4.8444 -1.3070 0.0000 0.00 0.00 1.00 0 0 0 112 1 0 0 0 0 091219 145522.773
4.8213 -1.3075 0.0000 0.00 0.00 1.00 0 0 0 112 1 0 0 0 0 091219 145522.973
4.7909 -1.3090 0.0000 0.00 0.00 1.00 0 0 0 112 1 0 0 0 0 091219 145523.173
4.7648 -1.3057 0.0000 0.00 0.00 1.00 0 0 0 112 1 0 0 0 0 091219 145523.373
4.7187 -1.2986 0.0000 0.00 0.00 1.00 0 0 0 112 1 0 0 0 0 091219 145523.573
4.6933 -1.2944 0.0000 0.00 0.00 1.00 0 0 0 112 1 0 0 0 0 091219 145523.774
4.6560 -1.2868 0.0000 0.00 0.00 1.00 0 0 0 112 1 0 0 0 0 091219 145523.974
4.6287 -1.2872 0.0000 0.00 0.00 1.00 0 0 0 112 1 0 0 0 0 091219 145524.174
4.5936 -1.2844 0.0000 0.00 0.00 1.00 0 0 0 112 1 0 0 0 0 091219 145524.374
4.5558 -1.2790 0.0000 0.00 0.00 1.00 0 0 0 112 1 0 0 0 0 091219 145524.575
4.5160 -1.2774 0.0000 0.00 0.00 1.00 0 0 0 112 1 0 0 0 0 091219 145524.775
4.4830 -1.2792 0.0000 0.00 0.00 1.00 0 0 0 112 1 0 0 0 0 091219 145524.975
4.4578 -1.2784 0.0000 0.00 0.00 1.00 0 0 0 112 1 0 0 0 0 091219 145525.176
4.4201 -1.2679 0.0000 0.00 0.00 1.00 0 0 0 112 1 0 0 0 0 091219 145525.376
4.3849 -1.2620 0.0000 0.00 0.00 1.00 0 0 0 112 1 0 0 0 0 091219 145525.576
4.3618 -1.2580 0.0000 0.00 0.00 1.00 0 0 0 112 1 0 0 0 0 091219 145525.777
4.3109 -1.2487 0.0000 0.00 0.00 1.00 0 0 0 112 1 0 0 0 0 091219 145525.977
4.2876 -1.2496 0.0000 0.00 0.00 1.00 0 0 0 112 1 0 0 0 0 091219 145526.177
4.2426 -1.2482 0.0000 0.00 0.00 1.00 0 0 0 112 1 0 0 0 0 091219 145526.377
4.2166 -1.2478 0.0000 0.00 0.00 1.00 0 0 0 112 1 0 0 0 0 091219 145526.578
4.1779 -1.2433 0.0000 0.00 0.00 1.00 0 0 0 112 1 0 0 0 0 091219 145526.778
4.1418 -1.2360 0.0000 0.00 0.00 1.00 0 0 0 112 1 0 0 0 0 091219 145526.978
4.1210 -1.2340 0.0000 0.00 0.00 1.00 0 0 0 112 1 0 0 0 0 091219 145527.178
4.0752 -1.2287 0.0000 0.00 0.00 1.00 0 0 0 112 1 0 0 0 0 091219 145527.378
4.0450 -1.2302 0.0000 0.00 0.00 1.00 0 0 0 112 1 0 0 0 0 091219 145527.579
4.0206 -1.2342 0.0000 0.00 0.00 1.00 0 0 0 112 1 0 0 0 0 091219 145527.779
3.9834 -1.2268 0.0000 0.00 0.00 1.00 0 0 0 112 1 0 0 0 0 091219 145527.979
3.9467 -1.2231 0.0000 0.00 0.00 1.00 0 0 0 112 1 0 0 0 0 091219 145528.180
3.9142 -1.2108 0.0000 0.00 0.00 1.00 0 0 0 112 1 0 0 0 0 091219 145528.380
3.8790 -1.2127 0.0000 0.00 0.00 1.00 0 0 0 112 1 0 0 0 0 091219 145528.580
3.8504 -1.2147 0.0000 0.00 0.00 1.00 0 0 0 112 1 0 0 0 0 091219 145528.781
3.8205 -1.2115 0.0000 0.00 0.00 1.00 0 206 10 112 1 0 0 0 0 091219 145528.981
3.7904 -1.2101 0.0000 0.00 0.00 1.00 0 233 11 112 1 0 0 0 0 091219 145529.181
3.7504 -1.2040 0.0000 0.00 0.00 1.00 0 121 11 112 1 0 0 0 0 091219 145529.381
3.7168 -1.2010 0.0000 0.00 0.00 1.00 0 246 12 112 1 0 0 0 0 091219 145529.581
3.6798 -1.1956 0.0000 0.00 0.00 1.00 0 43 13 112 1 0 0 0 0 091219 145529.782
3.6485 -1.1948 0.0000 0.00 0.00 1.00 0 68 14 112 1 0 0 0 0 091219 145529.982
3.6219 -1.1932 0.0000 0.00 0.00 1.00 0 11 15 112 1 0 0 0 0 091219 145530.182
3.5938 -1.1892 0.0000 0.00 0.00 1.00 0 3 16 112 1 0 0 0 0 091219 145530.382
3.5572 -1.1904 0.0000 0.00 0.00 1.00 0 22 18 112 1 0 0 0 0 091219 145530.583
3.5309 -1.1880 0.0000 0.00 0.00 1.00 0 215 20 112 1 0 0 0 0 091219 145530.783
3.5018 -1.1748 0.0000 0.00 0.00 1.00 0 203 16 112 1 0 0 0 0 091219 145530.983
3.4699 -1.1694 0.0000 0.00 0.00 1.00 0 167 17 112 1 0 0 0 0 091219 145531.183
3.4331 -1.1702 0.0000 0.00 0.00 1.00 0 11 20 112 1 0 0 0 0 091219 145531.384
3.4035 -1.1691 0.0000 0.00 0.00 1.00 0 218 19 112 1 0 0 0 0 091219 145531.584
3.3744 -1.1625 0.0000 0.00 0.00 1.00 0 223 18 112 1 0 0 0 0 091219 145531.784
3.3380 -1.1571 0.0000 0.00 0.00 1.00 0 198 19 112 1 0 0 0 0 091219 145531.984
3.3074 -1.1521 0.0000 0.00 0.00 1.00 0 249 20 112 1 0 0 0 0 091219 145532.185
3.2815 -1.1526 0.0000 0.00 0.00 1.00 0 119 20 112 1 0 0 0 0 091219 145532.385
3.2537 -1.1522 0.0000 0.00 0.00 1.00 0 132 21 112 1 0 0 0 0 091219 145532.585
3.2214 -1.1487 0.0000 0.00 0.00 1.00 0 152 21 112 1 0 0 0 0 091219 145532.785
3.1992 -1.1402 0.0000 0.00 0.00 1.00 0 240 20 112 1 0 0 0 0 091219 145532.985
3.1689 -1.1365 0.0000 0.00 0.00 1.00 0 91 26 112 1 0 0 0 0 091219 145533.186
3.1382 -1.1329 0.0000 0.00 0.00 1.00 0 109 22 112 1 0 0 0 0 091219 145533.386
3.1039 -1.1265 0.0000 0.00 0.00 1.00 0 80 22 112 1 0 0 0 0 091219 145533.586
3.0798 -1.1217 0.0000 0.00 0.00 1.00 0 144 22 112 1 0 0 0 0 091219 145533.786
3.0518 -1.1162 0.0000 0.00 0.00 1.00 0 206 22 112 1 0 0 0 0 091219 145533.987
3.0271 -1.1105 0.0000 0.00 0.00 1.00 0 161 22 112 1 0 0 0 0 091219 145534.187
3.0064 -1.1043 0.0000 0.00 0.00 1.00 0 114 22 112 1 0 0 0 0 091219 145534.387
2.9743 -1.0882 0.0000 0.00 0.00 1.00 0 131 24 112 1 0 0 0 0 091219 145534.587
2.9460 -1.0813 0.0000 0.00 0.00 1.00 0 201 21 112 1 0 0 0 0 091219 145534.788
2.9166 -1.0772 0.0000 0.00 0.00 1.00 0 28 22 112 1 0 0 0 0 091219 145534.988
2.8880 -1.0685 0.0000 0.00 0.00 1.00 0 89 22 112 1 0 0 0 0 091219 145535.188
2.8612 -1.0597 0.0000 0.00 0.00 1.00 0 31 22 112 1 0 0 0 0 091219 145535.388
2.8383 -1.0533 0.0000 0.00 0.00 1.00 0 99 22 112 1 0 0 0 0 091219 145535.589
2.8063 -1.0460 0.0000 0.00 0.00 1.00 0 185 22 112 1 0 0 0 0 091219 145535.789
2.7765 -1.0348 0.0000 0.00 0.00 1.00 0 188 24 112 1 0 0 0 0 091219 145535.989
2.7473 -1.0236 0.0000 0.00 0.00 1.00 0 61 21 112 1 0 0 0 0 091219 145536.189
2.7251 -1.0161 0.0000 0.00 0.00 1.00 0 22 21 112 1 0 0 0 0 091219 145536.389
2.6920 -1.0060 0.0000 0.00 0.00 1.00 0 131 20 112 1 0 0 0 0 091219 145536.590
2.6691 -0.9971 0.0000 0.00 0.00 1.00 0 158 20 112 1 0 0 0 0 091219 145536.790
2.6409 -0.9848 0.0000 0.00 0.00 1.00 0 246 19 112 1 0 0 0 0 091219 145536.990
2.6140 -0.9742 0.0000 0.00 0.00 1.00 0 47 19 112 1 0 0 0 0 091219 145537.191
2.5801 -0.9641 0.0000 0.00 0.00 1.00 0 3 19 112 1 0 0 0 0 091219 145537.391
2.5452 -0.9474 0.0000 0.00 0.00 1.00 0 250 15 112 1 0 0 0 0 091219 145537.591
2.5190 -0.9391 0.0000 0.00 0.00 1.00 0 158 13 112 1 0 0 0 0 091219 145537.791
2.4960 -0.9268 0.0000 0.00 0.00 1.00 0 214 14 112 1 0 0 0 0 091219 145537.992
2.4745 -0.9195 0.0000 0.00 0.00 1.00 0 118 16 112 1 0 0 0 0 091219 145538.192
2.4451 -0.9020 0.0000 0.00 0.00 1.00 0 76 13 112 1 0 0 0 0 091219 145538.392
2.4229 -0.8944 0.0000 0.00 0.00 1.00 0 143 11 112 1 0 0 0 0 091219 145538.593
2.3900 -0.8757 0.0000 0.00 0.00 1.00 0 251 8 112 1 0 0 0 0 091219 145538.793
2.3677 -0.8603 0.0000 0.00 0.00 1.00 0 45 7 112 1 0 0 0 0 091219 145538.993
2.3315 -0.8479 0.0000 0.00 0.00 1.00 0 106 9 112 1 0 0 0 0 091219 145539.193
2.3030 -0.8337 0.0000 0.00 0.00 1.00 0 63 6 112 1 0 0 0 0 091219 145539.394
2.2765 -0.8203 0.0000 0.00 0.00 1.00 0 10 7 112 1 0 0 0 0 091219 145539.594
2.2508 -0.8020 0.0000 0.00 0.00 1.00 0 161 2 112 1 0 0 0 0 091219 145539.794
2.2316 -0.7925 0.0000 0.00 0.00 1.00 0 206 2 112 1 0 0 0 0 091219 145539.995
2.1916 -0.7706 0.0000 0.00 0.00 1.00 0 0 0 112 1 0 0 0 0 091219 145540.195
2.1616 -0.7566 0.0000 0.00 0.00 1.00 0 0 0 112 1 0 0 0 0 091219 145540.395
2.1336 -0.7415 0.0000 0.00 0.00 1.00 0 0 0 112 1 0 0 0 0 091219 145540.596
2.1029 -0.7290 0.0000 0.00 0.00 1.00 0 0 0 112 1 0 0 0 0 091219 145540.796
2.0722 -0.7132 0.0000 0.00 0.00 1.00 0 0 0 112 1 0 0 0 0 091219 145540.996
2.0443 -0.6896 0.0000 0.00 0.00 1.00 0 0 0 112 1 0 0 0 0 091219 145541.196
2.0223 -0.6747 0.0000 0.00 0.00 1.00 0 0 0 112 1 0 0 0 0 091219 145541.397
1.9879 -0.6508 0.0000 0.00 0.00 1.00 0 0 0 112 1 0 0 0 0 091219 145541.597
1.9617 -0.6379 0.0000 0.00 0.00 1.00 0 0 0 112 1 0 0 0 0 091219 145541.797
1.9388 -0.6269 0.0000 0.00 0.00 1.00 0 0 0 112 1 0 0 0 0 091219 145541.997
1.8995 -0.6072 0.0000 0.00 0.00 1.00 0 0 0 112 1 0 0 0 0 091219 145542.197
1.8742 -0.5898 0.0000 0.00 0.00 1.00 0 0 0 112 1 0 0 0 0 091219 145542.398
1.8566 -0.5791 0.0000 0.00 0.00 1.00 0 0 0 112 1 0 0 0 0 091219 145542.598
1.8273 -0.5627 0.0000 0.00 0.00 1.00 0 0 0 112 1 0 0 0 0 091219 145542.798
1.7844 -0.5392 0.0000 0.00 0.00 1.00 0 0 0 112 1 0 0 0 0 091219 145542.998
1.7558 -0.5207 0.0000 0.00 0.00 1.00 0 79 243 112 1 0 0 0 0 091219 145543.199
1.7247 -0.4997 0.0000 0.00 0.00 1.00 0 234 239 112 1 0 0 0 0 091219 145543.399
1.6936 -0.4841 0.0000 0.00 0.00 1.00 0 38 239 112 1 0 0 0 0 091219 145543.599
1.6687 -0.4709 0.0000 0.00 0.00 1.00 0 11 238 112 1 0 0 0 0 091219 145543.799
1.6413 -0.4552 0.0000 0.00 0.00 1.00 0 71 233 112 1 0 0 0 0 091219 145544.000
1.6130 -0.4474 0.0000 0.00 0.00 1.00 0 222 236 112 1 0 0 0 0 091219 145544.200
1.5800 -0.4246 0.0000 0.00 0.00 1.00 0 192 233 112 1 0 0 0 0 091219 145544.400
1.5509 -0.4092 0.0000 0.00 0.00 1.00 0 139 232 112 1 0 0 0 0 091219 145544.600
1.5250 -0.3922 0.0000 0.00 0.00 1.00 0 21 232 112 1 0 0 0 0 091219 145544.801
1.5044 -0.3771 0.0000 0.00 0.00 1.00 0 28 229 112 1 0 0 0 0 091219 145545.001
1.4807 -0.3633 0.0000 0.00 0.00 1.00 0 153 229 112 1 0 0 0 0 091219 145545.201
1.4558 -0.3512 0.0000 0.00 0.00 1.00 0 180 223 112 1 0 0 0 0 091219 145545.401
1.4170 -0.3310 0.0000 0.00 0.00 1.00 0 125 225 112 1 0 0 0 0 091219 145545.602
1.3925 -0.3205 0.0000 0.00 0.00 1.00 0 40 225 112 1 0 0 0 0 091219 145545.802
1.3602 -0.3061 0.0000 0.00 0.00 1.00 0 238 224 112 1 0 0 0 0 091219 145546.002
1.3404 -0.2981 0.0000 0.00 0.00 1.00 0 137 224 112 1 0 0 0 0 091219 145546.203
1.3024 -0.2794 0.0000 0.00 0.00 1.00 0 146 222 112 1 0 0 0 0 091219 145546.403
1.2741 -0.2619 0.0000 0.00 0.00 1.00 0 243 212 112 1 0 0 0 0 091219 145546.603
1.2465 -0.2456 0.0000 0.00 0.00 1.00 0 207 217 112 1 0 0 0 0 091219 145546.803
1.2259 -0.2379 0.0000 0.00 0.00 1.00 0 229 217 112 1 0 0 0 0 091219 145547.004
1.2084 -0.2288 0.0000 0.00 0.00 1.00 0 156 216 112 1 0 0 0 0 091219 145547.204
1.1633 -0.2154 0.0000 0.00 0.00 1.00 0 96 215 112 1 0 0 0 0 091219 145547.404
1.1469 -0.2127 0.0000 0.00 0.00 1.00 0 123 216 112 1 0 0 0 0 091219 145547.604
1.1161 -0.2013 0.0000 0.00 0.00 1.00 0 4 215 112 1 0 0 0 0 091219 145547.804
1.0730 -0.1834 0.0000 0.00 0.00 1.00 0 15 213 112 1 0 0 0 0 091219 145548.005
1.0421 -0.1739 0.0000 0.00 0.00 1.00 0 53 212 112 1 0 0 0 0 091219 145548.205
1.0077 -0.1681 0.0000 0.00 0.00 1.00 0 198 210 112 1 0 0 0 0 091219 145548.405
0.9826 -0.1640 0.0000 0.00 0.00 1.00 0 126 210 112 1 0 0 0 0 091219 145548.606
0.9555 -0.1534 0.0000 0.00 0.00 1.00 0 175 208 112 1 0 0 0 0 091219 145548.806
0.9239 -0.1386 0.0000 0.00 0.00 1.00 0 165 206 112 1 0 0 0 0 091219 145549.006
0.8957 -0.1353 0.0000 0.00 0.00 1.00 0 175 214 112 1 0 0 0 0 091219 145549.206
0.8716 -0.1337 0.0000 0.00 0.00 1.00 0 186 208 112 1 0 0 0 0 091219 145549.406
0.8353 -0.1317 0.0000 0.00 0.00 1.00 0 175 207 112 1 0 0 0 0 091219 145549.607
0.8096 -0.1272 0.0000 0.00 0.00 1.00 0 179 206 112 1 0 0 0 0 091219 145549.807
0.7775 -0.1199 0.0000 0.00 0.00 1.00 0 252 205 112 1 0 0 0 0 091219 145550.007
0.7387 -0.1113 0.0000 0.00 0.00 1.00 0 30 204 112 1 0 0 0 0 091219 145550.207
0.7168 -0.1088 0.0000 0.00 0.00 1.00 0 231 203 112 1 0 0 0 0 091219 145550.407
0.6779 -0.1106 0.0000 0.00 0.00 1.00 0 166 204 112 1 0 0 0 0 091219 145550.608
0.6447 -0.1081 0.0000 0.00 0.00 1.00 0 28 204 112 1 0 0 0 0 091219 145550.808
0.6147 -0.1033 0.0000 0.00 0.00 1.00 0 44 203 112 1 0 0 0 0 091219 145551.008
0.5902 -0.1053 0.0000 0.00 0.00 1.00 0 149 203 112 1 0 0 0 0 091219 145551.208
0.5547 -0.1046 0.0000 0.00 0.00 1.00 0 178 202 112 1 0 0 0 0 091219 145551.409
0.5327 -0.1089 0.0000 0.00 0.00 1.00 0 94 204 112 1 0 0 0 0 091219 145551.609
0.5056 -0.1075 0.0000 0.00 0.00 1.00 0 23 203 112 1 0 0 0 0 091219 145551.809
0.4702 -0.1100 0.0000 0.00 0.00 1.00 0 196 197 112 1 0 0 0 0 091219 145552.009
0.4339 -0.1149 0.0000 0.00 0.00 1.00 0 102 197 112 1 0 0 0 0 091219 145552.210
0.4128 -0.1167 0.0000 0.00 0.00 1.00 0 16 200 112 1 0 0 0 0 091219 145552.410
0.3880 -0.1238 0.0000 0.00 0.00 1.00 0 145 200 112 1 0 0 0 0 091219 145552.610
0.3665 -0.1262 0.0000 0.00 0.00 1.00 0 23 200 112 1 0 0 0 0 091219 145552.810
0.3247 -0.1343 0.0000 0.00 0.00 1.00 0 37 199 112 1 0 0 0 0 091219 145553.010
0.2979 -0.1380 0.0000 0.00 0.00 1.00 0