6.8229 -0.4967 0.0000 0.00 0.00 1.00 0 233 6 112 1 0 0 0 0 230919 160104.888
6.8208 -0.4943 0.0000 0.00 0.00 1.00 0 12 3 112 1 0 0 0 0 230919 160105.089
6.8224 -0.4846 0.0000 0.00 0.00 1.00 0 111 10 112 1 0 0 0 0 230919 160105.289
6.8245 -0.4803 0.0000 0.00 0.00 1.00 0 99 10 112 1 0 0 0 0 230919 160105.489
6.8239 -0.4820 0.0000 0.00 0.00 1.00 0 149 7 112 1 0 0 0 0 230919 160105.689
6.8182 -0.4836 0.0000 0.00 0.00 1.00 0 199 2 112 1 0 0 0 0 230919 160105.889
6.8235 -0.4908 0.0000 0.00 0.00 1.00 0 227 10 112 1 0 0 0 0 230919 160106.090
6.8209 -0.4897 0.0000 0.00 0.00 1.00 0 98 4 112 1 0 0 0 0 230919 160106.290
6.8129 -0.4935 0.0000 0.00 0.00 1.00 0 175 9 112 1 0 0 0 0 230919 160106.490
6.8129 -0.4914 0.0000 0.00 0.00 1.00 0 117 14 112 1 0 0 0 0 230919 160106.690
6.8192 -0.4873 0.0000 0.00 0.00 1.00 0 104 17 112 1 0 0 0 0 230919 160106.890
6.8173 -0.4808 0.0000 0.00 0.00 1.00 0 187 7 112 1 0 0 0 0 230919 160107.091
6.8285 -0.4808 0.0000 0.00 0.00 1.00 0 29 7 112 1 0 0 0 0 230919 160107.291
6.8231 -0.4897 0.0000 0.00 0.00 1.00 0 143 4 112 1 0 0 0 0 230919 160107.491
6.8234 -0.4961 0.0000 0.00 0.00 1.00 0 67 252 112 1 0 0 0 0 230919 160107.691
6.8284 -0.4829 0.0000 0.00 0.00 1.00 0 214 14 112 1 0 0 0 0 230919 160107.891
6.8324 -0.4837 0.0000 0.00 0.00 1.00 0 183 6 112 1 0 0 0 0 230919 160108.091
6.8278 -0.4812 0.0000 0.00 0.00 1.00 0 107 8 112 1 0 0 0 0 230919 160108.292
6.8249 -0.4799 0.0000 0.00 0.00 1.00 0 198 7 112 1 0 0 0 0 230919 160108.492
6.8000 -0.4799 0.0000 0.00 0.00 1.00 0 22 2 112 1 0 0 0 0 230919 160108.692
6.8037 -0.4812 0.0000 0.00 0.00 1.00 0 82 10 112 1 0 0 0 0 230919 160108.892
6.7962 -0.4853 0.0000 0.00 0.00 1.00 0 32 6 112 1 0 0 0 0 230919 160109.093
6.8029 -0.4882 0.0000 0.00 0.00 1.00 0 136 3 112 1 0 0 0 0 230919 160109.293
6.8171 -0.4942 0.0000 0.00 0.00 1.00 0 42 9 112 1 0 0 0 0 230919 160109.493
6.8369 -0.4985 0.0000 0.00 0.00 1.00 0 126 10 112 1 0 0 0 0 230919 160109.693
6.8355 -0.4911 0.0000 0.00 0.00 1.00 0 170 13 112 1 0 0 0 0 230919 160109.893
6.8287 -0.4870 0.0000 0.00 0.00 1.00 0 18 9 112 1 0 0 0 0 230919 160110.094
6.8206 -0.4801 0.0000 0.00 0.00 1.00 0 163 10 112 1 0 0 0 0 230919 160110.294
6.8272 -0.4845 0.0000 0.00 0.00 1.00 0 234 5 112 1 0 0 0 0 230919 160110.494
6.8176 -0.4881 0.0000 0.00 0.00 1.00 0 76 253 112 1 0 0 0 0 230919 160110.694
6.8220 -0.4799 0.0000 0.00 0.00 1.00 0 68 3 112 1 0 0 0 0 230919 160110.894
6.8209 -0.4858 0.0000 0.00 0.00 1.00 0 99 4 112 1 0 0 0 0 230919 160111.094
6.8186 -0.4838 0.0000 0.00 0.00 1.00 0 114 5 112 1 0 0 0 0 230919 160111.295
6.8202 -0.4889 0.0000 0.00 0.00 1.00 0 243 15 112 1 0 0 0 0 230919 160111.495
6.8226 -0.4898 0.0000 0.00 0.00 1.00 0 71 5 112 1 0 0 0 0 230919 160111.695
6.8248 -0.4879 0.0000 0.00 0.00 1.00 0 65 15 112 1 0 0 0 0 230919 160111.895
6.8203 -0.4876 0.0000 0.00 0.00 1.00 0 225 6 112 1 0 0 0 0 230919 160112.095
6.8226 -0.4888 0.0000 0.00 0.00 1.00 0 164 8 112 1 0 0 0 0 230919 160112.295
6.8266 -0.4895 0.0000 0.00 0.00 1.00 0 115 3 112 1 0 0 0 0 230919 160112.495
6.8265 -0.4882 0.0000 0.00 0.00 1.00 0 11 9 112 1 0 0 0 0 230919 160112.696
6.8261 -0.4869 0.0000 0.00 0.00 1.00 0 214 14 112 1 0 0 0 0 230919 160112.896
6.8212 -0.4837 0.0000 0.00 0.00 1.00 0 88 12 112 1 0 0 0 0 230919 160113.096
6.8239 -0.4871 0.0000 0.00 0.00 1.00 0 221 7 112 1 0 0 0 0 230919 160113.296
6.8209 -0.4792 0.0000 0.00 0.00 1.00 0 175 10 112 1 0 0 0 0 230919 160113.496
6.8224 -0.4766 0.0000 0.00 0.00 1.00 0 25 8 112 1 0 0 0 0 230919 160113.696
6.8277 -0.4844 0.0000 0.00 0.00 1.00 0 112 6 112 1 0 0 0 0 230919 160113.896
6.8309 -0.4869 0.0000 0.00 0.00 1.00 0 218 8 112 1 0 0 0 0 230919 160114.097
6.8278 -0.4841 0.0000 0.00 0.00 1.00 0 31 6 112 1 0 0 0 0 230919 160114.297
6.8257 -0.4835 0.0000 0.00 0.00 1.00 0 75 7 112 1 0 0 0 0 230919 160114.497
6.8224 -0.4945 0.0000 0.00 0.00 1.00 0 221 1 112 1 0 0 0 0 230919 160114.697
6.8195 -0.4923 0.0000 0.00 0.00 1.00 0 234 7 112 1 0 0 0 0 230919 160114.898
6.8165 -0.4976 0.0000 0.00 0.00 1.00 0 223 10 112 1 0 0 0 0 230919 160115.098
6.8186 -0.4991 0.0000 0.00 0.00 1.00 0 195 6 112 1 0 0 0 0 230919 160115.298
6.8111 -0.5056 0.0000 0.00 0.00 1.00 0 41 11 112 1 0 0 0 0 230919 160115.498
6.8146 -0.4951 0.0000 0.00 0.00 1.00 0 88 11 112 1 0 0 0 0 230919 160115.698
6.8195 -0.4988 0.0000 0.00 0.00 1.00 0 6 8 112 1 0 0 0 0 230919 160115.898
6.8174 -0.4923 0.0000 0.00 0.00 1.00 0 50 12 112 1 0 0 0 0 230919 160116.099
6.8173 -0.4837 0.0000 0.00 0.00 1.00 0 48 11 112 1 0 0 0 0 230919 160116.299
6.8199 -0.4820 0.0000 0.00 0.00 1.00 0 13 10 112 1 0 0 0 0 230919 160116.499
6.8234 -0.4905 0.0000 0.00 0.00 1.00 0 99 13 112 1 0 0 0 0 230919 160116.699
6.8261 -0.4856 0.0000 0.00 0.00 1.00 0 33 9 112 1 0 0 0 0 230919 160116.899
6.8277 -0.4807 0.0000 0.00 0.00 1.00 0 178 9 112 1 0 0 0 0 230919 160117.099
6.8336 -0.4809 0.0000 0.00 0.00 1.00 0 161 7 112 1 0 0 0 0 230919 160117.299
6.8305 -0.4899 0.0000 0.00 0.00 1.00 0 190 5 112 1 0 0 0 0 230919 160117.500
6.8297 -0.4895 0.0000 0.00 0.00 1.00 0 73 11 112 1 0 0 0 0 230919 160117.700
6.8254 -0.4852 0.0000 0.00 0.00 1.00 0 245 16 112 1 0 0 0 0 230919 160117.900
6.8260 -0.4861 0.0000 0.00 0.00 1.00 0 120 7 112 1 0 0 0 0 230919 160118.100
6.8244 -0.4878 0.0000 0.00 0.00 1.00 0 188 3 112 1 0 0 0 0 230919 160118.300
6.8228 -0.4875 0.0000 0.00 0.00 1.00 0 133 10 112 1 0 0 0 0 230919 160118.501
6.8166 -0.4987 0.0000 0.00 0.00 1.00 0 210 4 112 1 0 0 0 0 230919 160118.701
6.8118 -0.4985 0.0000 0.00 0.00 1.00 0 149 13 112 1 0 0 0 0 230919 160118.901
6.8168 -0.4981 0.0000 0.00 0.00 1.00 0 157 11 112 1 0 0 0 0 230919 160119.101
6.8194 -0.4984 0.0000 0.00 0.00 1.00 0 8 11 112 1 0 0 0 0 230919 160119.302
6.8186 -0.4940 0.0000 0.00 0.00 1.00 0 56 11 112 1 0 0 0 0 230919 160119.502
6.8150 -0.4928 0.0000 0.00 0.00 1.00 0 124 7 112 1 0 0 0 0 230919 160119.702
6.8164 -0.4881 0.0000 0.00 0.00 1.00 0 8 16 112 1 0 0 0 0 230919 160119.902
6.8257 -0.4855 0.0000 0.00 0.00 1.00 0 72 8 112 1 0 0 0 0 230919 160120.103
6.8276 -0.4759 0.0000 0.00 0.00 1.00 0 155 10 112 1 0 0 0 0 230919 160120.303
6.8251 -0.4821 0.0000 0.00 0.00 1.00 0 186 7 112 1 0 0 0 0 230919 160120.503
6.8246 -0.4782 0.0000 0.00 0.00 1.00 0 205 5 112 1 0 0 0 0 230919 160120.703
6.8240 -0.4771 0.0000 0.00 0.00 1.00 0 168 8 112 1 0 0 0 0 230919 160120.903
6.8248 -0.4777 0.0000 0.00 0.00 1.00 0 119 8 112 1 0 0 0 0 230919 160121.104
6.8357 -0.4675 0.0000 0.00 0.00 1.00 0 79 15 112 1 0 0 0 0 230919 160121.304
6.8325 -0.4761 0.0000 0.00 0.00 1.00 0 55 6 112 1 0 0 0 0 230919 160121.504
6.8278 -0.4862 0.0000 0.00 0.00 1.00 0 75 252 112 1 0 0 0 0 230919 160121.704
6.8135 -0.5006 0.0000 0.00 0.00 1.00 0 50 250 112 1 0 0 0 0 230919 160121.904
6.8188 -0.5018 0.0000 0.00 0.00 1.00 0 25 5 112 1 0 0 0 0 230919 160122.104
6.8262 -0.4997 0.0000 0.00 0.00 1.00 0 172 6 112 1 0 0 0 0 230919 160122.305
6.8270 -0.4907 0.0000 0.00 0.00 1.00 0 144 11 112 1 0 0 0 0 230919 160122.505
6.8330 -0.4839 0.0000 0.00 0.00 1.00 0 119 5 112 1 0 0 0 0 230919 160122.705
6.8331 -0.4837 0.0000 0.00 0.00 1.00 0 89 6 112 1 0 0 0 0 230919 160122.905
6.8249 -0.4728 0.0000 0.00 0.00 1.00 0 76 16 112 1 0 0 0 0 230919 160123.105
6.8247 -0.4806 0.0000 0.00 0.00 1.00 0 149 0 112 1 0 0 0 0 230919 160123.305
6.8268 -0.4803 0.0000 0.00 0.00 1.00 0 72 10 112 1 0 0 0 0 230919 160123.506
6.8291 -0.4836 0.0000 0.00 0.00 1.00 0 127 9 112 1 0 0 0 0 230919 160123.706
6.8263 -0.4826 0.0000 0.00 0.00 1.00 0 99 9 112 1 0 0 0 0 230919 160123.906
6.8258 -0.4812 0.0000 0.00 0.00 1.00 0 173 10 112 1 0 0 0 0 230919 160124.106
6.8282 -0.4870 0.0000 0.00 0.00 1.00 0 95 4 112 1 0 0 0 0 230919 160124.306
6.8234 -0.4881 0.0000 0.00 0.00 1.00 0 94 7 112 1 0 0 0 0 230919 160124.506
6.8251 -0.4857 0.0000 0.00 0.00 1.00 0 108 9 112 1 0 0 0 0 230919 160124.707
6.8226 -0.4820 0.0000 0.00 0.00 1.00 0 22 8 112 1 0 0 0 0 230919 160124.907
6.8220 -0.4838 0.0000 0.00 0.00 1.00 0 68 2 112 1 0 0 0 0 230919 160125.107
6.8282 -0.4818 0.0000 0.00 0.00 1.00 0 89 10 112 1 0 0 0 0 230919 160125.307
6.8278 -0.4867 0.0000 0.00 0.00 1.00 0 3 10 112 1 0 0 0 0 230919 160125.507
6.8274 -0.4871 0.0000 0.00 0.00 1.00 0 55 6 112 1 0 0 0 0 230919 160125.707
6.8254 -0.4857 0.0000 0.00 0.00 1.00 0 248 7 112 1 0 0 0 0 230919 160125.908
6.8213 -0.4902 0.0000 0.00 0.00 1.00 0 194 2 112 1 0 0 0 0 230919 160126.108
6.8199 -0.4942 0.0000 0.00 0.00 1.00 0 50 4 112 1 0 0 0 0 230919 160126.308
6.8150 -0.4947 0.0000 0.00 0.00 1.00 0 29 11 112 1 0 0 0 0 230919 160126.508
6.8221 -0.4935 0.0000 0.00 0.00 1.00 0 167 6 112 1 0 0 0 0 230919 160126.708
6.8213 -0.4893 0.0000 0.00 0.00 1.00 0 79 6 112 1 0 0 0 0 230919 160126.908
6.8328 -0.4829 0.0000 0.00 0.00 1.00 0 221 13 112 1 0 0 0 0 230919 160127.109
6.8343 -0.4790 0.0000 0.00 0.00 1.00 0 9 12 112 1 0 0 0 0 230919 160127.309
6.8344 -0.4759 0.0000 0.00 0.00 1.00 0 40 7 112 1 0 0 0 0 230919 160127.509
6.8280 -0.4812 0.0000 0.00 0.00 1.00 0 72 0 112 1 0 0 0 0 230919 160127.709
6.8216 -0.4881 0.0000 0.00 0.00 1.00 0 65 12 112 1 0 0 0 0 230919 160127.909
6.8279 -0.4848 0.0000 0.00 0.00 1.00 0 248 12 112 1 0 0 0 0 230919 160128.110
6.8251 -0.4857 0.0000 0.00 0.00 1.00 0 136 7 112 1 0 0 0 0 230919 160128.310
6.8281 -0.4877 0.0000 0.00 0.00 1.00 0 202 6 112 1 0 0 0 0 230919 160128.510
6.8249 -0.4876 0.0000 0.00 0.00 1.00 0 153 9 112 1 0 0 0 0 230919 160128.710
6.8222 -0.4842 0.0000 0.00 0.00 1.00 0 36 9 112 1 0 0 0 0 230919 160128.910
6.8231 -0.4801 0.0000 0.00 0.00 1.00 0 140 9 112 1 0 0 0 0 230919 160129.110
6.8244 -0.4785 0.0000 0.00 0.00 1.00 0 223 3 112 1 0 0 0 0 230919 160129.311
6.8284 -0.4847 0.0000 0.00 0.00 1.00 0 16 6 112 1 0 0 0 0 230919 160129.511
6.8239 -0.4830 0.0000 0.00 0.00 1.00 0 137 0 112 1 0 0 0 0 230919 160129.711
6.8211 -0.4852 0.0000 0.00 0.00 1.00 0 2 10 112 1 0 0 0 0 230919 160129.911
6.8316 -0.4846 0.0000 0.00 0.00 1.00 0 138 11 112 1 0 0 0 0 230919 160130.111
6.8309 -0.4733 0.0000 0.00 0.00 1.00 0 27 10 112 1 0 0 0 0 230919 160130.312
6.8355 -0.4752 0.0000 0.00 0.00 1.00 0 131 5 112 1 0 0 0 0 230919 160130.512
6.8393 -0.4745 0.0000 0.00 0.00 1.00 0 117 9 112 1 0 0 0 0 230919 160130.712
6.8375 -0.4704 0.0000 0.00 0.00 1.00 0 58 10 112 1 0 0 0 0 230919 160130.912
6.8361 -0.4773 0.0000 0.00 0.00 1.00 0 152 0 112 1 0 0 0 0 230919 160131.112
6.8326 -0.4816 0.0000 0.00 0.00 1.00 0 88 0 112 1 0 0 0 0 230919 160131.313
6.8299 -0.4835 0.0000 0.00 0.00 1.00 0 36 11 112 1 0 0 0 0 230919 160131.513
6.8271 -0.4777 0.0000 0.00 0.00 1.00 0 240 12 112 1 0 0 0 0 230919 160131.713
6.8287 -0.4895 0.0000 0.00 0.00 1.00 0 61 4 112 1 0 0 0 0 230919 160131.913
6.8292 -0.4910 0.0000 0.00 0.00 1.00 0 252 10 112 1 0 0 0 0 230919 160132.113
6.8337 -0.4867 0.0000 0.00 0.00 1.00 0 49 12 112 1 0 0 0 0 230919 160132.314
6.8255 -0.4810 0.0000 0.00 0.00 1.00 0 115 7 112 1 0 0 0 0 230919 160132.514
6.8263 -0.4854 0.0000 0.00 0.00 1.00 0 220 9 112 1 0 0 0 0 230919 160132.714
6.8247 -0.4874 0.0000 0.00 0.00 1.00 0 181 5 112 1 0 0 0 0 230919 160132.914
6.8203 -0.4897 0.0000 0.00 0.00 1.00 0 108 0 112 1 0 0 0 0 230919 160133.115
6.8137 -0.4830 0.0000 0.00 0.00 1.00 0 95 7 112 1 0 0 0 0 230919 160133.315
6.8151 -0.4778 0.0000 0.00 0.00 1.00 0 160 9 112 1 0 0 0 0 230919 160133.515
6.8205 -0.4804 0.0000 0.00 0.00 1.00 0 12 9 112 1 0 0 0 0 230919 160133.715
6.8271 -0.4858 0.0000 0.00 0.00 1.00 0 150 11 112 1 0 0 0 0 230919 160133.915
6.8342 -0.4868 0.0000 0.00 0.00 1.00 0 122 5 112 1 0 0 0 0 230919 160134.115
6.8351 -0.4870 0.0000 0.00 0.00 1.00 0 35 14 112 1 0 0 0 0 230919 160134.316
6.8337 -0.4876 0.0000 0.00 0.00 1.00 0 9 6 112 1 0 0 0 0 230919 160134.516
6.8292 -0.4879 0.0000 0.00 0.00 1.00 0 3 4 112 1 0 0 0 0 230919 160134.716
6.8223 -0.4820 0.0000 0.00 0.00 1.00 0 211 7 112 1 0 0 0 0 230919 160134.916
6.8291 -0.4880 0.0000 0.00 0.00 1.00 0 125 3 112 1 0 0 0 0 230919 160135.116
6.8273 -0.4901 0.0000 0.00 0.00 1.00 0 162 6 112 1 0 0 0 0 230919 160135.317
6.8259 -0.4913 0.0000 0.00 0.00 1.00 0 16 5 112 1 0 0 0 0 230919 160135.517
6.8268 -0.4930 0.0000 0.00 0.00 1.00 0 23 11 112 1 0 0 0 0 230919 160135.717
6.8232 -0.4898 0.0000 0.00 0.00 1.00 0 225 8 112 1 0 0 0 0 230919 160135.917
6.8286 -0.4919 0.0000 0.00 0.00 1.00 0 119 9 112 1 0 0 0 0 230919 160136.117
6.8346 -0.4827 0.0000 0.00 0.00 1.00 0 148 9 112 1 0 0 0 0 230919 160136.318
6.8331 -0.4840 0.0000 0.00 0.00 1.00 0 169 10 112 1 0 0 0 0 230919 160136.518
6.8337 -0.4884 0.0000 0.00 0.00 1.00 0 248 1 112 1 0 0 0 0 230919 160136.718
6.8296 -0.4868 0.0000 0.00 0.00 1.00 0 247 4 112 1 0 0 0 0 230919 160136.918
6.8220 -0.4868 0.0000 0.00 0.00 1.00 0 47 4 112 1 0 0 0 0 230919 160137.118
6.8163 -0.4991 0.0000 0.00 0.00 1.00 0 217 247 112 1 0 0 0 0 230919 160137.319
6.8165 -0.5016 0.0000 0.00 0.00 1.00 0 134 9 112 1 0 0 0 0 230919 160137.519
6.8163 -0.4961 0.0000 0.00 0.00 1.00 0 179 12 112 1 0 0 0 0 230919 160137.719
6.8213 -0.5075 0.0000 0.00 0.00 1.00 0 129 0 112 1 0 0 0 0 230919 160137.919
6.8197 -0.5065 0.0000 0.00 0.00 1.00 0 41 8 112 1 0 0 0 0 230919 160138.119
6.8152 -0.4969 0.0000 0.00 0.00 1.00 0 218 14 112 1 0 0 0 0 230919 160138.320
6.8266 -0.4896 0.0000 0.00 0.00 1.00 0 233 9 112 1 0 0 0 0 230919 160138.520
6.8257 -0.4914 0.0000 0.00 0.00 1.00 0 28 6 112 1 0 0 0 0 230919 160138.720
6.8304 -0.4913 0.0000 0.00 0.00 1.00 0 27 6 112 1 0 0 0 0 230919 160138.920
6.8237 -0.4926 0.0000 0.00 0.00 1.00 0 207 3 112 1 0 0 0 0 230919 160139.120
6.8272 -0.4945 0.0000 0.00 0.00 1.00 0 156 13 112 1 0 0 0 0 230919 160139.321
6.8252 -0.4938 0.0000 0.00 0.00 1.00 0 117 254 112 1 0 0 0 0 230919 160139.521
6.8255 -0.4965 0.0000 0.00 0.00 1.00 0 149 6 112 1 0 0 0 0 230919 160139.721
6.8194 -0.4841 0.0000 0.00 0.00 1.00 0 90 25 112 1 0 0 0 0 230919 160139.921
6.8161 -0.4865 0.0000 0.00 0.00 1.00 0 62 6 112 1 0 0 0 0 230919 160140.121
6.8215 -0.4906 0.0000 0.00 0.00 1.00 0 216 4 112 1 0 0 0 0 230919 160140.322
6.8153 -0.4911 0.0000 0.00 0.00 1.00 0 108 5 112 1 0 0 0 0 230919 160140.522
6.8170 -0.4942 0.0000 0.00 0.00 1.00 0 68 3 112 1 0 0 0 0 230919 160140.722
6.8235 -0.4908 0.0000 0.00 0.00 1.00 0 165 13 112 1 0 0 0 0 230919 160140.922
6.8229 -0.4875 0.0000 0.00 0.00 1.00 0 212 7 112 1 0 0 0 0 230919 160141.122
6.8235 -0.4809 0.0000 0.00 0.00 1.00 0 148 13 112 1 0 0 0 0 230919 160141.322
6.8264 -0.4834 0.0000 0.00 0.00 1.00 0 231 10 112 1 0 0 0 0 230919 160141.523
6.8254 -0.4838 0.0000 0.00 0.00 1.00 0 57 1 112 1 0 0 0 0 230919 160141.723
6.8216 -0.4827 0.0000 0.00 0.00 1.00 0 169 4 112 1 0 0 0 0 230919 160141.923
6.8164 -0.4813 0.0000 0.00 0.00 1.00 0 7 7 112 1 0 0 0 0 230919 160142.123
6.8185 -0.4853 0.0000 0.00 0.00 1.00 0 254 2 112 1 0 0 0 0 230919 160142.323
6.8217 -0.4813 0.0000 0.00 0.00 1.00 0 88 15 112 1 0 0 0 0 230919 160142.523
6.8149 -0.4659 0.0000 0.00 0.00 1.00 0 207 11 112 1 0 0 0 0 230919 160142.724
6.8068 -0.4563 0.0000 0.00 0.00 1.00 0 209 6 112 1 0 0 0 0 230919 160142.924
6.7994 -0.4535 0.0000 0.00 0.00 1.00 0 200 4 112 1 0 0 0 0 230919 160143.124
6.7932 -0.4527 0.0000 0.00 0.00 1.00 0 149 11 112 1 0 0 0 0 230919 160143.324
6.8009 -0.4596 0.0000 0.00 0.00 1.00 0 66 3 112 1 0 0 0 0 230919 160143.524
6.8115 -0.4691 0.0000 0.00 0.00 1.00 0 216 8 112 1 0 0 0 0 230919 160143.724
6.8225 -0.4756 0.0000 0.00 0.00 1.00 0 206 4 112 1 0 0 0 0 230919 160143.925
6.8703 -0.4875 0.0000 0.00 0.00 1.00 0 244 12 112 1 0 0 0 0 230919 160144.125
6.9104 -0.4880 0.0000 0.00 0.00 1.00 0 116 19 112 1 0 0 0 0 230919 160144.325
6.9051 -0.4873 0.0000 0.00 0.00 1.00 0 217 9 112 1 0 0 0 0 230919 160144.525
6.8949 -0.4806 0.0000 0.00 0.00 1.00 0 159 9 112 1 0 0 0 0 230919 160144.726
6.8439 -0.4613 0.0000 0.00 0.00 1.00 0 86 14 112 1 0 0 0 0 230919 160144.926
6.8443 -0.4584 0.0000 0.00 0.00 1.00 0 70 12 112 1 0 0 0 0 230919 160145.126
6.8314 -0.4628 0.0000 0.00 0.00 1.00 0 255 1 112 1 0 0 0 0 230919 160145.326
6.8295 -0.4656 0.0000 0.00 0.00 1.00 0 250 6 112 1 0 0 0 0 230919 160145.526
6.8325 -0.4696 0.0000 0.00 0.00 1.00 0 231 3 112 1 0 0 0 0 230919 160145.727
6.8328 -0.4691 0.0000 0.00 0.00 1.00 0 53 9 112 1 0 0 0 0 230919 160145.927
6.8269 -0.4761 0.0000 0.00 0.00 1.00 0 194 0 112 1 0 0 0 0 230919 160146.127
6.8172 -0.4858 0.0000 0.00 0.00 1.00 0 26 5 112 1 0 0 0 0 230919 160146.328
6.8186 -0.4865 0.0000 0.00 0.00 1.00 0 48 8 112 1 0 0 0 0 230919 160146.528
6.8096 -0.4939 0.0000 0.00 0.00 1.00 0 137 252 112 1 0 0 0 0 230919 160146.728
6.8140 -0.4871 0.0000 0.00 0.00 1.00 0 58 20 112 1 0 0 0 0 230919 160146.928
6.8271 -0.4785 0.0000 0.00 0.00 1.00 0 202 7 112 1 0 0 0 0 230919 160147.129
6.8266 -0.4890 0.0000 0.00 0.00 1.00 0 74 1 112 1 0 0 0 0 230919 160147.329
6.8197 -0.4847 0.0000 0.00 0.00 1.00 0 111 7 112 1 0 0 0 0 230919 160147.529
6.8253 -0.4876 0.0000 0.00 0.00 1.00 0 20 7 112 1 0 0 0 0 230919 160147.729
6.8276 -0.4900 0.0000 0.00 0.00 1.00 0 128 1 112 1 0 0 0 0 230919 160147.929
6.8239 -0.4819 0.0000 0.00 0.00 1.00 0 231 14 112 1 0 0 0 0 230919 160148.129
6.8267 -0.4867 0.0000 0.00 0.00 1.00 0 116 5 112 1 0 0 0 0 230919 160148.329
6.8262 -0.4871 0.0000 0.00 0.00 1.00 0 251 1 112 1 0 0 0 0 230919 160148.529
6.8276 -0.4873 0.0000 0.00 0.00 1.00 0 219 8 112 1 0 0 0 0 230919 160148.730
6.8201 -0.4813 0.0000 0.00 0.00 1.00 0 69 12 112 1 0 0 0 0 230919 160148.930
6.8237 -0.4834 0.0000 0.00 0.00 1.00 0 43 3 112 1 0 0 0 0 230919 160149.130
6.8255 -0.4875 0.0000 0.00 0.00 1.00 0 30 6 112 1 0 0 0 0 230919 160149.330
6.8251 -0.4829 0.0000 0.00 0.00 1.00 0 66 6 112 1 0 0 0 0 230919 160149.530
6.8278 -0.4870 0.0000 0.00 0.00 1.00 0 87 1 112 1 0 0 0 0 230919 160149.730
6.8217 -0.4917 0.0000 0.00 0.00 1.00 0 15 1 112 1 0 0 0 0 230919 160149.931
6.8196 -0.4931 0.0000 0.00 0.00 1.00 0 61 5 112 1 0 0 0 0 230919 160150.131
6.8171 -0.4975 0.0000 0.00 0.00 1.00 0 75 6 112 1 0 0 0 0 230919 160150.331
6.8150 -0.4965 0.0000 0.00 0.00 1.00 0 20 5 112 1 0 0 0 0 230919 160150.531
6.8196 -0.4972 0.0000 0.00 0.00 1.00 0 45 10 112 1 0 0 0 0 230919 160150.731
6.8320 -0.4861 0.0000 0.00 0.00 1.00 0 242 21 112 1 0 0 0 0 230919 160150.931
6.8273 -0.4865 0.0000 0.00 0.00 1.00 0 31 5 112 1 0 0 0 0 230919 160151.132
6.8232 -0.4815 0.0000 0.00 0.00 1.00 0 82 12 112 1 0 0 0 0 230919 160151.332
6.8251 -0.4868 0.0000 0.00 0.00 1.00 0 220 4 112 1 0 0 0 0 230919 160151.532
6.8233 -0.4861 0.0000 0.00 0.00 1.00 0 221 6 112 1 0 0 0 0 230919 160151.732
6.8272 -0.4836 0.0000 0.00 0.00 1.00 0 168 9 112 1 0 0 0 0 230919 160151.932
6.8256 -0.4786 0.0000 0.00 0.00 1.00 0 218 12 112 1 0 0 0 0 230919 160152.132
6.8330 -0.4746 0.0000 0.00 0.00 1.00 0 80 9 112 1 0 0 0 0 230919 160152.333
6.8317 -0.4778 0.0000 0.00 0.00 1.00 0 30 7 112 1 0 0 0 0 230919 160152.533
6.8277 -0.4786 0.0000 0.00 0.00 1.00 0 111 1 112 1 0 0 0 0 230919 160152.733
6.8288 -0.4770 0.0000 0.00 0.00 1.00 0 164 5 112 1 0 0 0 0 230919 160152.933
6.8246 -0.4779 0.0000 0.00 0.00 1.00 0 26 7 112 1 0 0 0 0 230919 160153.133
6.8240 -0.4820 0.0000 0.00 0.00 1.00 0 241 8 112 1 0 0 0 0 230919 160153.334
6.8290 -0.4829 0.0000 0.00 0.00 1.00 0 0 7 112 1 0 0 0 0 230919 160153.534
6.8280 -0.4825 0.0000 0.00 0.00 1.00 0 111 8 112 1 0 0 0 0 230919 160153.734
6.8287 -0.4818 0.0000 0.00 0.00 1.00 0 69 10 112 1 0 0 0 0 230919 160153.934
6.8275 -0.4833 0.0000 0.00 0.00 1.00 0 163 5 112 1 0 0 0 0 230919 160154.135
6.8324 -0.4861 0.0000 0.00 0.00 1.00 0 201 8 112 1 0 0 0 0 230919 160154.335
6.8287 -0.4886 0.0000 0.00 0.00 1.00 0 93 2 112 1 0 0 0 0 230919 160154.535
6.8264 -0.4863 0.0000 0.00 0.00 1.00 0 1 10 112 1 0 0 0 0 230919 160154.735
6.8247 -0.4864 0.0000 0.00 0.00 1.00 0 253 6 112 1 0 0 0 0 230919 160154.935
6.8231 -0.4895 0.0000 0.00 0.00 1.00 0 178 4 112 1 0 0 0 0 230919 160155.136
6.8187 -0.4877 0.0000 0.00 0.00 1.00 0 204 8 112 1 0 0 0 0 230919 160155.336
6.8205 -0.4846 0.0000 0.00 0.00 1.00 0 82 8 112 1 0 0 0 0 230919 160155.536
6.8204 -0.4835 0.0000 0.00 0.00 1.00 0 117 9 112 1 0 0 0 0 230919 160155.736
6.8240 -0.4858 0.0000 0.00 0.00 1.00 0 67 7 112 1 0 0 0 0 230919 160155.937
6.8225 -0.4841 0.0000 0.00 0.00 1.00 0 186 9 112 1 0 0 0 0 230919 160156.137
6.8285 -0.4811 0.0000 0.00 0.00 1.00 0 237 3 112 1 0 0 0 0 230919 160156.337
6.8255 -0.4805 0.0000 0.00 0.00 1.00 0 118 7 112 1 0 0 0 0 230919 160156.537
6.8239 -0.4813 0.0000 0.00 0.00 1.00 0 242 5 112 1 0 0 0 0 230919 160156.738
6.8254 -0.4815 0.0000 0.00 0.00 1.00 0 109 8 112 1 0 0 0 0 230919 160156.938
6.8254 -0.4836 0.0000 0.00 0.00 1.00 0 156 7 112 1 0 0 0 0 230919 160157.138
6.8232 -0.4851 0.0000 0.00 0.00 1.00 0 167 4 112 1 0 0 0 0 230919 160157.339
6.8227 -0.4821 0.0000 0.00 0.00 1.00 0 55 10 112 1 0 0 0 0 230919 160157.539
6.8229 -0.4831 0.0000 0.00 0.00 1.00 0 78 9 112 1 0 0 0 0 230919 160157.739
6.8223 -0.4863 0.0000 0.00 0.00 1.00 0 32 8 112 1 0 0 0 0 230919 160157.939
6.8227 -0.4865 0.0000 0.00 0.00 1.00 0 172 7 112 1 0 0 0 0 230919 160158.140
6.8193 -0.4904 0.0000 0.00 0.00 1.00 0 39 2 112 1 0 0 0 0 230919 160158.340
6.8264 -0.4902 0.0000 0.00 0.00 1.00 0 38 8 112 1 0 0 0 0 230919 160158.540
6.8270 -0.4843 0.0000 0.00 0.00 1.00 0 2 17 112 1 0 0 0 0 230919 160158.740
6.8263 -0.4842 0.0000 0.00 0.00 1.00 0 88 5 112 1 0 0 0 0 230919 160158.941
6.8299 -0.4845 0.0000 0.00 0.00 1.00 0 32 13 112 1 0 0 0 0 230919 160159.141
6.8279 -0.4832 0.0000 0.00 0.00 1.00 0 254 8 112 1 0 0 0 0 230919 160159.341
6.8280 -0.4848 0.0000 0.00 0.00 1.00 0 18 8 112 1 0 0 0 0 230919 160159.541
6.8291 -0.4881 0.0000 0.00 0.00 1.00 0 106 6 112 1 0 0 0 0 230919 160159.742
6.8290 -0.4841 0.0000 0.00 0.00 1.00 0 99 9 112 1 0 0 0 0 230919 160159.942
6.8272 -0.4820 0.0000 0.00 0.00 1.00 0 61 10 112 1 0 0 0 0 230919 160200.142
6.8233 -0.4848 0.0000 0.00 0.00 1.00 0 234 5 112 1 0 0 0 0 230919 160200.342
6.8254 -0.4852 0.0000 0.00 0.00 1.00 0 62 8 112 1 0 0 0 0 230919 160200.542
6.8248 -0.4894 0.0000 0.00 0.00 1.00 0 66 1 112 1 0 0 0 0 230919 160200.742
6.8292 -0.4874 0.0000 0.00 0.00 1.00 0 220 13 112 1 0 0 0 0 230919 160200.943
6.8240 -0.4875 0.0000 0.00 0.00 1.00 0 67 5 112 1 0 0 0 0 230919 160201.143
6.8172 -0.4896 0.0000 0.00 0.00 1.00 0 76 0 112 1 0 0 0 0 230919 160201.343
6.8192 -0.4934 0.0000 0.00 0.00 1.00 0 67 5 112 1 0 0 0 0 230919 160201.543
6.8186 -0.4912 0.0000 0.00 0.00 1.00 0 96 7 112 1 0 0 0 0 230919 160201.743
6.8171 -0.4881 0.0000 0.00 0.00 1.00 0 183 11 112 1 0 0 0 0 230919 160201.944
6.8157 -0.4873 0.0000 0.00 0.00 1.00 0 226 8 112 1 0 0 0 0 230919 160202.144
6.8124 -0.4916 0.0000 0.00 0.00 1.00 0 21 1 112 1 0 0 0 0 230919 160202.344
6.8098 -0.4988 0.0000 0.00 0.00 1.00 0 119 255 112 1 0 0 0 0 230919 160202.544
6.8089 -0.5001 0.0000 0.00 0.00 1.00 0 48 5 112 1 0 0 0 0 230919 160202.745
6.8121 -0.5020 0.0000 0.00 0.00 1.00 0 75 6 112 1 0 0 0 0 230919 160202.945
6.8110 -0.5006 0.0000 0.00 0.00 1.00 0 22 9 112 1 0 0 0 0 230919 160203.145
6.8112 -0.4998 0.0000 0.00 0.00 1.00 0 77 13 112 1 0 0 0 0 230919 160203.346
6.8155 -0.4982 0.0000 0.00 0.00 1.00 0 198 7 112 1 0 0 0 0 230919 160203.546
6.8277 -0.4953 0.0000 0.00 0.00 1.00 0 231 11 112 1 0 0 0 0 230919 160203.746
6.8239 -0.4956 0.0000 0.00 0.00 1.00 0 37 6 112 1 0 0 0 0 230919 160203.946
6.8214 -0.4972 0.0000 0.00 0.00 1.00 0 254 3 112 1 0 0 0 0 230919 160204.146
6.8217 -0.4959 0.0000 0.00 0.00 1.00 0 56 11 112 1 0 0 0 0 230919 160204.347
