0.0000 0.0000 0.0000 0.00 0.00 1.00 0 0 0 127 0 0 0 0 0 311219 144459.675
0.0000 0.0000 0.0000 0.00 0.00 1.00 0 0 0 127 0 0 0 0 0 311219 144459.726
0.0000 0.0000 0.0000 0.00 0.00 1.00 0 0 0 127 0 0 0 0 0 311219 144459.776
0.0000 0.0000 0.0000 0.00 0.00 1.00 0 0 0 127 0 0 0 0 0 311219 144459.826
0.0000 0.0000 0.0000 0.00 0.00 1.00 0 0 0 127 0 0 0 0 0 311219 144459.877
0.0000 0.0000 0.0000 0.00 0.00 1.00 0 0 0 127 0 0 0 0 0 311219 144459.927
0.0000 0.0000 0.0000 0.00 0.00 1.00 0 0 0 127 0 0 0 0 0 311219 144459.977
0.0000 0.0000 0.0000 0.00 0.00 1.00 0 0 0 127 0 0 0 0 0 311219 144500.028
0.0000 0.0000 0.0000 0.00 0.00 1.00 0 0 0 127 0 0 0 0 0 311219 144500.078
0.0000 0.0000 0.0000 0.00 0.00 1.00 0 0 0 127 0 0 0 0 0 311219 144500.128
0.0000 0.0000 0.0000 0.00 0.00 1.00 0 0 0 127 0 0 0 0 0 311219 144500.179
0.0000 0.0000 0.0000 0.00 0.00 1.00 0 0 0 127 0 0 0 0 0 311219 144500.229
0.0000 0.0000 0.0000 0.00 0.00 1.00 0 0 0 127 0 0 0 0 0 311219 144500.279
0.0000 0.0000 0.0000 0.00 0.00 1.00 0 0 0 127 0 0 0 0 0 311219 144500.330
0.0000 0.0000 0.0000 0.00 0.00 1.00 0 0 0 127 0 0 0 0 0 311219 144500.380
0.0000 0.0000 0.0000 0.00 0.00 1.00 0 0 0 127 0 0 0 0 0 311219 144500.430
0.0000 0.0000 0.0000 0.00 0.00 1.00 0 0 0 127 0 0 0 0 0 311219 144500.480
0.0000 0.0000 0.0000 0.00 0.00 1.00 0 0 0 127 0 0 0 0 0 311219 144500.531
0.0000 0.0000 0.0000 0.00 0.00 1.00 0 0 0 127 0 0 0 0 0 311219 144500.581
0.0000 0.0000 0.0000 0.00 0.00 1.00 0 0 0 127 0 0 0 0 0 311219 144500.631
0.0000 0.0000 0.0000 0.00 0.00 1.00 0 0 0 127 0 0 0 0 0 311219 144500.681
0.0000 0.0000 0.0000 0.00 0.00 1.00 0 0 0 127 0 0 0 0 0 311219 144500.731
0.0000 0.0000 0.0000 0.00 0.00 1.00 0 0 0 127 0 0 0 0 0 311219 144500.781
0.0000 0.0000 0.0000 0.00 0.00 1.00 0 0 0 127 0 0 0 0 0 311219 144500.832
0.0000 0.0000 0.0000 0.00 0.00 1.00 0 0 0 127 0 0 0 0 0 311219 144500.882
0.0000 0.0000 0.0000 0.00 0.00 1.00 0 0 0 127 0 0 0 0 0 311219 144500.932
0.0000 0.0000 0.0000 0.00 0.00 1.00 0 0 0 127 0 0 0 0 0 311219 144500.983
0.0000 0.0000 0.0000 0.00 0.00 1.00 0 0 0 127 0 0 0 0 0 311219 144501.033
0.0000 0.0000 0.0000 0.00 0.00 1.00 0 0 0 127 0 0 0 0 0 311219 144501.083
-0.0384 5.3251 -0.0221 0.00 0.00 1.00 0 0 0 127 0 0 0 0 0 311219 144501.133
-0.0384 5.3251 -0.0221 0.00 0.00 1.00 0 0 0 127 0 0 0 0 0 311219 144501.184
-0.0384 5.3251 -0.0221 0.00 0.00 1.00 0 0 0 127 0 0 0 0 0 311219 144501.234
-0.0384 5.3251 -0.0221 0.00 0.00 1.00 0 0 0 127 0 0 0 0 0 311219 144501.284
-0.0384 5.3251 -0.0221 0.00 0.00 1.00 0 0 0 127 0 0 0 0 0 311219 144501.334
-0.0384 5.3251 -0.0221 0.00 0.00 1.00 0 0 0 127 0 0 0 0 0 311219 144501.385
-0.0384 5.3251 -0.0221 0.00 0.00 1.00 0 0 0 127 0 0 0 0 0 311219 144501.435
-0.0384 5.3251 -0.0221 0.00 0.00 1.00 0 0 0 127 0 0 0 0 0 311219 144501.485
-0.0379 5.3707 -0.0217 0.00 0.00 1.00 0 0 0 127 0 0 0 0 0 311219 144501.535
-0.0379 5.3707 -0.0217 0.00 0.00 1.00 0 0 0 127 0 0 0 0 0 311219 144501.586
-0.0379 5.3707 -0.0217 0.00 0.00 1.00 0 0 0 127 0 0 0 0 0 311219 144501.636
-0.0379 5.3707 -0.0217 0.00 0.00 1.00 0 0 0 127 0 0 0 0 0 311219 144501.686
-0.0379 5.3707 -0.0217 0.00 0.00 1.00 0 0 0 127 0 0 0 0 0 311219 144501.737
-0.0379 5.3707 -0.0217 0.00 0.00 1.00 0 0 0 127 0 0 0 0 0 311219 144501.787
-0.0379 5.3707 -0.0217 0.00 0.00 1.00 0 0 0 127 0 0 0 0 0 311219 144501.837
-0.0379 5.3707 -0.0217 0.00 0.00 1.00 0 0 0 127 0 0 0 0 0 311219 144501.887
-0.0379 5.3707 -0.0217 0.00 0.00 1.00 0 0 0 127 0 0 0 0 0 311219 144501.938
-0.0375 5.4151 -0.0223 0.00 0.00 1.00 0 0 0 127 0 0 0 0 0 311219 144501.988
-0.0375 5.4151 -0.0223 0.00 0.00 1.00 0 0 0 127 0 0 0 0 0 311219 144502.038
-0.0375 5.4151 -0.0223 0.00 0.00 1.00 0 0 0 127 0 0 0 0 0 311219 144502.089
-0.0375 5.4151 -0.0223 0.00 0.00 1.00 0 0 0 127 0 0 0 0 0 311219 144502.139
-0.0375 5.4151 -0.0223 0.00 0.00 1.00 0 0 0 127 0 0 0 0 0 311219 144502.189
-0.0375 5.4151 -0.0223 0.00 0.00 1.00 0 0 0 127 0 0 0 0 0 311219 144502.240
-0.0375 5.4151 -0.0223 0.00 0.00 1.00 0 0 0 127 0 0 0 0 0 311219 144502.290
-0.0375 5.4151 -0.0223 0.00 0.00 1.00 0 0 0 127 0 0 0 0 0 311219 144502.340
-0.0375 5.4151 -0.0223 0.00 0.00 1.00 0 0 0 127 0 0 0 0 0 311219 144502.390
-0.0378 5.4603 -0.0234 0.00 0.00 1.00 0 0 0 127 0 0 0 0 0 311219 144502.441
-0.0378 5.4603 -0.0234 0.00 0.00 1.00 0 0 0 127 0 0 0 0 0 311219 144502.491
-0.0378 5.4603 -0.0234 0.00 0.00 1.00 0 0 0 127 0 0 0 0 0 311219 144502.541
-0.0378 5.4603 -0.0234 0.00 0.00 1.00 0 0 0 127 0 0 0 0 0 311219 144502.591
-0.0378 5.4603 -0.0234 0.00 0.00 1.00 0 0 0 127 0 0 0 0 0 311219 144502.642
-0.0378 5.4603 -0.0234 0.00 0.00 1.00 0 0 0 127 0 0 0 0 0 311219 144502.692
-0.0378 5.4603 -0.0234 0.00 0.00 1.00 0 0 0 127 0 0 0 0 0 311219 144502.742
-0.0378 5.4603 -0.0234 0.00 0.00 1.00 0 0 0 127 0 0 0 0 0 311219 144502.792
-0.0378 5.4603 -0.0234 0.00 0.00 1.00 0 0 0 127 0 0 0 0 0 311219 144502.842
-0.0374 5.5052 -0.0245 0.00 0.00 1.00 0 0 0 127 0 0 0 0 0 311219 144502.893
-0.0374 5.5052 -0.0245 0.00 0.00 1.00 0 0 0 127 0 0 0 0 0 311219 144502.943
-0.0374 5.5052 -0.0245 0.00 0.00 1.00 0 0 0 127 0 0 0 0 0 311219 144502.993
-0.0374 5.5052 -0.0245 0.00 0.00 1.00 0 0 0 127 0 0 0 0 0 311219 144503.044
-0.0374 5.5052 -0.0245 0.00 0.00 1.00 0 0 0 127 0 0 0 0 0 311219 144503.094
-0.0374 5.5052 -0.0245 0.00 0.00 1.00 0 0 0 127 0 0 0 0 0 311219 144503.144
-0.0374 5.5052 -0.0245 0.00 0.00 1.00 0 0 0 127 0 0 0 0 0 311219 144503.195
-0.0374 5.5052 -0.0245 0.00 0.00 1.00 0 0 0 127 0 0 0 0 0 311219 144503.245
-0.0374 5.5052 -0.0245 0.00 0.00 1.00 0 0 0 127 0 0 0 0 0 311219 144503.295
-0.0383 5.5273 -0.0254 0.00 0.00 1.00 0 0 0 127 0 0 0 0 0 311219 144503.346
-0.0383 5.5273 -0.0254 0.00 0.00 1.00 0 0 0 127 0 0 0 0 0 311219 144503.396
-0.0383 5.5273 -0.0254 0.00 0.00 1.00 0 0 0 127 0 0 0 0 0 311219 144503.446
-0.0383 5.5273 -0.0254 0.00 0.00 1.00 0 0 0 127 0 0 0 0 0 311219 144503.496
-0.0383 5.5273 -0.0254 0.00 0.00 1.00 0 0 0 127 0 0 0 0 0 311219 144503.546
-0.0383 5.5273 -0.0254 0.00 0.00 1.00 0 0 0 127 0 0 0 0 0 311219 144503.597
-0.0383 5.5273 -0.0254 0.00 0.00 1.00 0 0 0 127 0 0 0 0 0 311219 144503.647
-0.0383 5.5273 -0.0254 0.00 0.00 1.00 0 0 0 127 0 0 0 0 0 311219 144503.697
-0.0383 5.5273 -0.0254 0.00 0.00 1.00 0 0 0 127 0 0 0 0 0 311219 144503.747
-0.0388 5.5715 -0.0258 0.00 0.00 1.00 0 0 0 127 0 0 0 0 0 311219 144503.798
-0.0388 5.5715 -0.0258 0.00 0.00 1.00 0 0 0 127 0 0 0 0 0 311219 144503.848
-0.0388 5.5715 -0.0258 0.00 0.00 1.00 0 0 0 127 0 0 0 0 0 311219 144503.898
-0.0388 5.5715 -0.0258 0.00 0.00 1.00 0 0 0 127 0 0 0 0 0 311219 144503.949
-0.0388 5.5715 -0.0258 0.00 0.00 1.00 0 0 0 127 0 0 0 0 0 311219 144503.999
-0.0388 5.5715 -0.0258 0.00 0.00 1.00 0 0 0 127 0 0 0 0 0 311219 144504.049
-0.0388 5.5715 -0.0258 0.00 0.00 1.00 0 0 0 127 0 0 0 0 0 311219 144504.100
-0.0388 5.5715 -0.0258 0.00 0.00 1.00 0 0 0 127 0 0 0 0 0 311219 144504.150
-0.0388 5.5715 -0.0258 0.00 0.00 1.00 0 0 0 127 0 0 0 0 0 311219 144504.200
-0.0391 5.6170 -0.0265 0.00 0.00 1.00 0 0 0 127 0 0 0 0 0 311219 144504.251
-0.0391 5.6170 -0.0265 0.00 0.00 1.00 0 0 0 127 0 0 0 0 0 311219 144504.301
-0.0391 5.6170 -0.0265 0.00 0.00 1.00 0 0 0 127 0 0 0 0 0 311219 144504.351
-0.0391 5.6170 -0.0265 0.00 0.00 1.00 0 0 0 127 0 0 0 0 0 311219 144504.402
-0.0391 5.6170 -0.0265 0.00 0.00 1.00 0 0 0 127 0 0 0 0 0 311219 144504.452
-0.0391 5.6170 -0.0265 0.00 0.00 1.00 0 0 0 127 0 0 0 0 0 311219 144504.502
-0.0391 5.6170 -0.0265 0.00 0.00 1.00 0 0 0 127 0 0 0 0 0 311219 144504.552
-0.0391 5.6170 -0.0265 0.00 0.00 1.00 0 0 0 127 0 0 0 0 0 311219 144504.603
-0.0391 5.6170 -0.0265 0.00 0.00 1.00 0 0 0 127 0 0 0 0 0 311219 144504.653
-0.0388 5.6616 -0.0262 0.00 0.00 1.00 0 0 0 127 0 0 0 0 0 311219 144504.703
-0.0388 5.6616 -0.0262 0.00 0.00 1.00 0 0 0 127 0 0 0 0 0 311219 144504.754
-0.0388 5.6616 -0.0262 0.00 0.00 1.00 0 0 0 127 0 0 0 0 0 311219 144504.804
-0.0388 5.6616 -0.0262 0.00 0.00 1.00 0 0 0 127 0 0 0 0 0 311219 144504.854
-0.0388 5.6616 -0.0262 0.00 0.00 1.00 0 0 0 127 0 0 0 0 0 311219 144504.904
-0.0388 5.6616 -0.0262 0.00 0.00 1.00 0 0 0 127 0 0 0 0 0 311219 144504.955
-0.0388 5.6616 -0.0262 0.00 0.00 1.00 0 0 0 127 0 0 0 0 0 311219 144505.005
-0.0388 5.6616 -0.0262 0.00 0.00 1.00 0 0 0 127 0 0 0 0 0 311219 144505.055
-0.0389 5.7077 -0.0267 0.00 0.00 1.00 0 0 0 127 0 0 0 0 0 311219 144505.105
-0.0389 5.7077 -0.0267 0.00 0.00 1.00 0 0 0 127 0 0 0 0 0 311219 144505.156
-0.0389 5.7077 -0.0267 0.00 0.00 1.00 0 0 0 127 0 0 0 0 0 311219 144505.206
-0.0389 5.7077 -0.0267 0.00 0.00 1.00 0 0 0 127 0 0 0 0 0 311219 144505.256
-0.0389 5.7077 -0.0267 0.00 0.00 1.00 0 0 0 127 0 0 0 0 0 311219 144505.306
-0.0389 5.7077 -0.0267 0.00 0.00 1.00 0 0 0 127 0 0 0 0 0 311219 144505.356
-0.0389 5.7077 -0.0267 0.00 0.00 1.00 0 0 0 127 0 0 0 0 0 311219 144505.407
-0.0389 5.7077 -0.0267 0.00 0.00 1.00 0 0 0 127 0 0 0 0 0 311219 144505.457
-0.0389 5.7077 -0.0267 0.00 0.00 1.00 0 0 0 127 0 0 0 0 0 311219 144505.507
-0.0389 5.7077 -0.0267 0.00 0.00 1.00 0 0 0 127 0 0 0 0 0 311219 144505.558
-0.0389 5.7077 -0.0267 0.00 0.00 1.00 0 0 0 127 0 0 0 0 0 311219 144505.608
-0.0389 5.7077 -0.0267 0.00 0.00 1.00 0 0 0 127 0 0 0 0 0 311219 144505.658
-0.0389 5.7077 -0.0267 0.00 0.00 1.00 0 0 0 127 0 0 0 0 0 311219 144505.708
-0.0389 5.7077 -0.0267 0.00 0.00 1.00 0 0 0 127 0 0 0 0 0 311219 144505.759
-0.0389 5.7077 -0.0267 0.00 0.00 1.00 0 0 0 127 0 0 0 0 0 311219 144505.809
-0.0389 5.7077 -0.0267 0.00 0.00 1.00 0 0 0 127 0 0 0 0 0 311219 144505.860
-0.0389 5.7077 -0.0267 0.00 0.00 1.00 0 0 0 127 0 0 0 0 0 311219 144505.910
-0.0389 5.7077 -0.0267 0.00 0.00 1.00 0 0 0 127 0 0 0 0 0 311219 144505.960
-0.0389 5.7077 -0.0267 0.00 0.00 1.00 0 0 0 127 0 0 0 0 0 311219 144506.010
-0.0389 5.7077 -0.0267 0.00 0.00 1.00 0 0 0 127 0 0 0 0 0 311219 144506.061
-0.0389 5.7077 -0.0267 0.00 0.00 1.00 0 0 0 127 0 0 0 0 0 311219 144506.111
-0.0389 5.7077 -0.0267 0.00 0.00 1.00 0 0 0 127 0 0 0 0 0 311219 144506.161
-0.0389 5.7077 -0.0267 0.00 0.00 1.00 0 0 0 127 0 0 0 0 0 311219 144506.212
-0.0389 5.7077 -0.0267 0.00 0.00 1.00 0 0 0 127 0 0 0 0 0 311219 144506.262
-0.0389 5.7077 -0.0267 0.00 0.00 1.00 0 0 0 127 0 0 0 0 0 311219 144506.312
-0.0389 5.7077 -0.0267 0.00 0.00 1.00 0 0 0 127 0 0 0 0 0 311219 144506.363
-0.0389 5.7077 -0.0267 0.00 0.00 1.00 0 0 0 127 0 0 0 0 0 311219 144506.413
-0.0389 5.7077 -0.0267 0.00 0.00 1.00 0 0 0 127 0 0 0 0 0 311219 144506.463
-0.0389 5.7077 -0.0267 0.00 0.00 1.00 0 0 0 127 0 0 0 0 0 311219 144506.513
-0.0389 5.7077 -0.0267 0.00 0.00 1.00 0 0 0 127 0 0 0 0 0 311219 144506.564
-0.0389 5.7077 -0.0267 0.00 0.00 1.00 0 0 0 127 0 0 0 0 0 311219 144506.614
-0.0389 5.7077 -0.0267 0.00 0.00 1.00 0 0 0 127 0 0 0 0 0 311219 144506.664
-0.0389 5.7077 -0.0267 0.00 0.00 1.00 0 0 0 127 0 0 0 0 0 311219 144506.714
-0.0389 5.7077 -0.0267 0.00 0.00 1.00 0 0 0 127 0 0 0 0 0 311219 144506.765
-0.0389 5.7077 -0.0267 0.00 0.00 1.00 0 0 0 127 0 0 0 0 0 311219 144506.815
-0.0389 5.7077 -0.0267 0.00 0.00 1.00 0 0 0 127 0 0 0 0 0 311219 144506.865
-0.0389 5.7077 -0.0267 0.00 0.00 1.00 0 0 0 127 0 0 0 0 0 311219 144506.916
-0.0389 5.7077 -0.0267 0.00 0.00 1.00 0 0 0 127 0 0 0 0 0 311219 144506.966
-0.0389 5.7077 -0.0267 0.00 0.00 1.00 0 0 0 127 0 0 0 0 0 311219 144507.016
-0.0389 5.7077 -0.0267 0.00 0.00 1.00 0 0 0 127 0 0 0 0 0 311219 144507.066
-0.0389 5.7077 -0.0267 0.00 0.00 1.00 0 0 0 127 0 0 0 0 0 311219 144507.117
-0.0389 5.7077 -0.0267 0.00 0.00 1.00 0 0 0 127 0 0 0 0 0 311219 144507.167
-0.0389 5.7077 -0.0267 0.00 0.00 1.00 0 0 0 127 0 0 0 0 0 311219 144507.217
-0.0389 5.7077 -0.0267 0.00 0.00 1.00 0 0 0 127 0 0 0 0 0 311219 144507.268
-0.0389 5.7077 -0.0267 0.00 0.00 1.00 0 0 0 127 0 0 0 0 0 311219 144507.318
-0.0389 5.7077 -0.0267 0.00 0.00 1.00 0 0 0 127 0 0 0 0 0 311219 144507.368
-0.0389 5.7077 -0.0267 0.00 0.00 1.00 0 0 0 127 0 0 0 0 0 311219 144507.419
-0.0389 5.7077 -0.0267 0.00 0.00 1.00 0 0 0 127 0 0 0 0 0 311219 144507.469
-0.0389 5.7077 -0.0267 0.00 0.00 1.00 0 0 0 127 0 0 0 0 0 311219 144507.519
-0.0389 5.7077 -0.0267 0.00 0.00 1.00 0 0 0 127 0 0 0 0 0 311219 144507.570
-0.0389 5.7077 -0.0267 0.00 0.00 1.00 0 0 0 127 0 0 0 0 0 311219 144507.620
-0.0389 5.7077 -0.0267 0.00 0.00 1.00 0 0 0 127 0 0 0 0 0 311219 144507.670
-0.0389 5.7077 -0.0267 0.00 0.00 1.00 0 0 0 127 0 0 0 0 0 311219 144507.721
-0.0389 5.7077 -0.0267 0.00 0.00 1.00 0 0 0 127 0 0 0 0 0 311219 144507.771
-0.0389 5.7077 -0.0267 0.00 0.00 1.00 0 0 0 127 0 0 0 0 0 311219 144507.821
-0.0389 5.7077 -0.0267 0.00 0.00 1.00 0 0 0 127 0 0 0 0 0 311219 144507.872
-0.0389 5.7077 -0.0267 0.00 0.00 1.00 0 0 0 127 0 0 0 0 0 311219 144507.922
-0.0389 5.7077 -0.0267 0.00 0.00 1.00 0 0 0 127 0 0 0 0 0 311219 144507.972
-0.0389 5.7077 -0.0267 0.00 0.00 1.00 0 0 0 127 0 0 0 0 0 311219 144508.023
-0.0389 5.7077 -0.0267 0.00 0.00 1.00 0 0 0 127 0 0 0 0 0 311219 144508.073
-0.0389 5.7077 -0.0267 0.00 0.00 1.00 0 0 0 127 0 0 0 0 0 311219 144508.123
-0.0389 5.7077 -0.0267 0.00 0.00 1.00 0 0 0 127 0 0 0 0 0 311219 144508.174
-0.0389 5.7077 -0.0267 0.00 0.00 1.00 0 0 0 127 0 0 0 0 0 311219 144508.224
-0.0389 5.7077 -0.0267 0.00 0.00 1.00 0 0 0 127 0 0 0 0 0 311219 144508.274
-0.0389 5.7077 -0.0267 0.00 0.00 1.00 0 0 0 127 0 0 0 0 0 311219 144508.325
-0.0389 5.7077 -0.0267 0.00 0.00 1.00 0 0 0 127 0 0 0 0 0 311219 144508.375
-0.0389 5.7077 -0.0267 0.00 0.00 1.00 0 0 0 127 0 0 0 0 0 311219 144508.425
-0.0389 5.7077 -0.0267 0.00 0.00 1.00 0 0 0 127 0 0 0 0 0 311219 144508.476
-0.0389 5.7077 -0.0267 0.00 0.00 1.00 0 0 0 127 0 0 0 0 0 311219 144508.526
-0.0389 5.7077 -0.0267 0.00 0.00 1.00 0 0 0 127 0 0 0 0 0 311219 144508.576
-0.0389 5.7077 -0.0267 0.00 0.00 1.00 0 0 0 127 0 0 0 0 0 311219 144508.627
-0.0389 5.7077 -0.0267 0.00 0.00 1.00 0 0 0 127 0 0 0 0 0 311219 144508.677
-0.0389 5.7077 -0.0267 0.00 0.00 1.00 0 0 0 127 0 0 0 0 0 311219 144508.727
-0.0389 5.7077 -0.0267 0.00 0.00 1.00 0 0 0 127 0 0 0 0 0 311219 144508.778
-0.0389 5.7077 -0.0267 0.00 0.00 1.00 0 0 0 127 0 0 0 0 0 311219 144508.828
-0.0389 5.7077 -0.0267 0.00 0.00 1.00 0 0 0 127 0 0 0 0 0 311219 144508.878
-0.0389 5.7077 -0.0267 0.00 0.00 1.00 0 0 0 127 0 0 0 0 0 311219 144508.929
-0.0389 5.7077 -0.0267 0.00 0.00 1.00 0 0 0 127 0 0 0 0 0 311219 144508.979
-0.0389 5.7077 -0.0267 0.00 0.00 1.00 0 0 0 127 0 0 0 0 0 311219 144509.029
-0.0389 5.7077 -0.0267 0.00 0.00 1.00 0 0 0 127 0 0 0 0 0 311219 144509.079
-0.0389 5.7077 -0.0267 0.00 0.00 1.00 0 0 0 127 0 0 0 0 0 311219 144509.130
-0.0389 5.7077 -0.0267 0.00 0.00 1.00 0 0 0 127 0 0 0 0 0 311219 144509.180
-0.0389 5.7077 -0.0267 0.00 0.00 1.00 0 0 0 127 0 0 0 0 0 311219 144509.230
-0.0389 5.7077 -0.0267 0.00 0.00 1.00 0 0 0 127 0 0 0 0 0 311219 144509.281
-0.0389 5.7077 -0.0267 0.00 0.00 1.00 0 0 0 127 0 0 0 0 0 311219 144509.331
-0.0389 5.7077 -0.0267 0.00 0.00 1.00 0 0 0 127 0 0 0 0 0 311219 144509.381
-0.0389 5.7077 -0.0267 0.00 0.00 1.00 0 0 0 127 0 0 0 0 0 311219 144509.431
-0.0389 5.7077 -0.0267 0.00 0.00 1.00 0 0 0 127 0 0 0 0 0 311219 144509.482
-0.0389 5.7077 -0.0267 0.00 0.00 1.00 0 0 0 127 0 0 0 0 0 311219 144509.532
-0.0389 5.7077 -0.0267 0.00 0.00 1.00 0 0 0 127 0 0 0 0 0 311219 144509.582
-0.0389 5.7077 -0.0267 0.00 0.00 1.00 0 0 0 127 0 0 0 0 0 311219 144509.632
-0.0389 5.7077 -0.0267 0.00 0.00 1.00 0 0 0 127 0 0 0 0 0 311219 144509.683
-0.0389 5.7077 -0.0267 0.00 0.00 1.00 0 0 0 127 0 0 0 0 0 311219 144509.733
-0.0389 5.7077 -0.0267 0.00 0.00 1.00 0 0 0 127 0 0 0 0 0 311219 144509.783
-0.0389 5.7077 -0.0267 0.00 0.00 1.00 0 0 0 127 0 0 0 0 0 311219 144509.834
-0.0389 5.7077 -0.0267 0.00 0.00 1.00 0 0 0 127 0 0 0 0 0 311219 144509.884
-0.0389 5.7077 -0.0267 0.00 0.00 1.00 0 0 0 127 0 0 0 0 0 311219 144509.934
-0.0389 5.7077 -0.0267 0.00 0.00 1.00 0 0 0 127 0 0 0 0 0 311219 144509.985
-0.0389 5.7077 -0.0267 0.00 0.00 1.00 0 0 0 127 0 0 0 0 0 311219 144510.035
-0.0389 5.7077 -0.0267 0.00 0.00 1.00 0 0 0 127 0 0 0 0 0 311219 144510.085
-0.0389 5.7077 -0.0267 0.00 0.00 1.00 0 0 0 127 0 0 0 0 0 311219 144510.135
-0.0389 5.7077 -0.0267 0.00 0.00 1.00 0 0 0 127 0 0 0 0 0 311219 144510.186
-0.0389 5.7077 -0.0267 0.00 0.00 1.00 0 0 0 127 0 0 0 0 0 311219 144510.236
-0.0389 5.7077 -0.0267 0.00 0.00 1.00 0 0 0 127 0 0 0 0 0 311219 144510.286
-0.0389 5.7077 -0.0267 0.00 0.00 1.00 0 0 0 127 0 0 0 0 0 311219 144510.337
-0.0389 5.7077 -0.0267 0.00 0.00 1.00 0 0 0 127 0 0 0 0 0 311219 144510.387
-0.0389 5.7077 -0.0267 0.00 0.00 1.00 0 0 0 127 0 0 0 0 0 311219 144510.438
-0.0389 5.7077 -0.0267 0.00 0.00 1.00 0 0 0 127 0 0 0 0 0 311219 144510.488
-0.0389 5.7077 -0.0267 0.00 0.00 1.00 0 0 0 127 0 0 0 0 0 311219 144510.538
-0.0389 5.7077 -0.0267 0.00 0.00 1.00 0 0 0 127 0 0 0 0 0 311219 144510.589
-0.0389 5.7077 -0.0267 0.00 0.00 1.00 0 0 0 127 0 0 0 0 0 311219 144510.639
-0.0389 5.7077 -0.0267 0.00 0.00 1.00 0 0 0 127 0 0 0 0 0 311219 144510.690
-0.0389 5.7077 -0.0267 0.00 0.00 1.00 0 0 0 127 0 0 0 0 0 311219 144510.740
-0.0389 5.7077 -0.0267 0.00 0.00 1.00 0 0 0 127 0 0 0 0 0 311219 144510.790
-0.0389 5.7077 -0.0267 0.00 0.00 1.00 0 0 0 127 0 0 0 0 0 311219 144510.841
-0.0389 5.7077 -0.0267 0.00 0.00 1.00 0 0 0 127 0 0 0 0 0 311219 144510.891
-0.0389 5.7077 -0.0267 0.00 0.00 1.00 0 0 0 127 0 0 0 0 0 311219 144510.941
-0.0389 5.7077 -0.0267 0.00 0.00 1.00 0 0 0 127 0 0 0 0 0 311219 144510.992
-0.0389 5.7077 -0.0267 0.00 0.00 1.00 0 0 0 127 0 0 0 0 0 311219 144511.042
-0.0389 5.7077 -0.0267 0.00 0.00 1.00 0 0 0 127 0 0 0 0 0 311219 144511.092
-0.0389 5.7077 -0.0267 0.00 0.00 1.00 0 0 0 127 0 0 0 0 0 311219 144511.143
-0.0389 5.7077 -0.0267 0.00 0.00 1.00 0 0 0 127 0 0 0 0 0 311219 144511.193
-0.0389 5.7077 -0.0267 0.00 0.00 1.00 0 0 0 127 0 0 0 0 0 311219 144511.243
-0.0389 5.7077 -0.0267 0.00 0.00 1.00 0 0 0 127 0 0 0 0 0 311219 144511.293
-0.0389 5.7077 -0.0267 0.00 0.00 1.00 0 0 0 127 0 0 0 0 0 311219 144511.344
-0.0389 5.7077 -0.0267 0.00 0.00 1.00 0 0 0 127 0 0 0 0 0 311219 144511.394
-0.0389 5.7077 -0.0267 0.00 0.00 1.00 0 0 0 127 0 0 0 0 0 311219 144511.445
-0.0389 5.7077 -0.0267 0.00 0.00 1.00 0 0 0 127 0 0 0 0 0 311219 144511.495
-0.0389 5.7077 -0.0267 0.00 0.00 1.00 0 0 0 127 0 0 0 0 0 311219 144511.545
-0.0389 5.7077 -0.0267 0.00 0.00 1.00 0 0 0 127 0 0 0 0 0 311219 144511.595
-0.0389 5.7077 -0.0267 0.00 0.00 1.00 0 0 0 127 0 0 0 0 0 311219 144511.646
-0.0389 5.7077 -0.0267 0.00 0.00 1.00 0 0 0 127 0 0 0 0 0 311219 144511.696
-0.0389 5.7077 -0.0267 0.00 0.00 1.00 0 0 0 127 0 0 0 0 0 311219 144511.746
-0.0389 5.7077 -0.0267 0.00 0.00 1.00 0 0 0 127 0 0 0 0 0 311219 144511.797
-0.0389 5.7077 -0.0267 0.00 0.00 1.00 0 0 0 127 0 0 0 0 0 311219 144511.847
-0.0389 5.7077 -0.0267 0.00 0.00 1.00 0 0 0 127 0 0 0 0 0 311219 144511.897
-0.0389 5.7077 -0.0267 0.00 0.00 1.00 0 0 0 127 0 0 0 0 0 311219 144511.948
-0.0389 5.7077 -0.0267 0.00 0.00 1.00 0 0 0 127 0 0 0 0 0 311219 144511.998
-0.0389 5.7077 -0.0267 0.00 0.00 1.00 0 0 0 127 0 0 0 0 0 311219 144512.048
-0.0389 5.7077 -0.0267 0.00 0.00 1.00 0 0 0 127 0 0 0 0 0 311219 144512.098
-0.0389 5.7077 -0.0267 0.00 0.00 1.00 0 0 0 127 0 0 0 0 0 311219 144512.149
-0.0389 5.7077 -0.0267 0.00 0.00 1.00 0 0 0 127 0 0 0 0 0 311219 144512.199
-0.0389 5.7077 -0.0267 0.00 0.00 1.00 0 0 0 127 0 0 0 0 0 311219 144512.249
-0.0389 5.7077 -0.0267 0.00 0.00 1.00 0 0 0 127 0 0 0 0 0 311219 144512.300
-0.0389 5.7077 -0.0267 0.00 0.00 1.00 0 0 0 127 0 0 0 0 0 311219 144512.350
-0.0389 5.7077 -0.0267 0.00 0.00 1.00 0 0 0 127 0 0 0 0 0 311219 144512.400
-0.0389 5.7077 -0.0267 0.00 0.00 1.00 0 0 0 127 0 0 0 0 0 311219 144512.451
-0.0389 5.7077 -0.0267 0.00 0.00 1.00 0 0 0 127 0 0 0 0 0 311219 144512.503
-0.0389 5.7077 -0.0267 0.00 0.00 1.00 0 0 0 127 0 0 0 0 0 311219 144512.553
-0.0389 5.7077 -0.0267 0.00 0.00 1.00 0 0 0 127 0 0 0 0 0 311219 144512.603
-0.0389 5.7077 -0.0267 0.00 0.00 1.00 0 0 0 127 0 0 0 0 0 311219 144512.653
-0.0389 5.7077 -0.0267 0.00 0.00 1.00 0 0 0 127 0 0 0 0 0 311219 144512.703
-0.0389 5.7077 -0.0267 0.00 0.00 1.00 0 0 0 127 0 0 0 0 0 311219 144512.754
-0.0389 5.7077 -0.0267 0.00 0.00 1.00 0 0 0 127 0 0 0 0 0 311219 144512.804
-0.0389 5.7077 -0.0267 0.00 0.00 1.00 0 0 0 127 0 0 0 0 0 311219 144512.854
-0.0389 5.7077 -0.0267 0.00 0.00 1.00 0 0 0 127 0 0 0 0 0 311219 144512.904
-0.0389 5.7077 -0.0267 0.00 0.00 1.00 0 0 0 127 0 0 0 0 0 311219 144512.955
-0.0389 5.7077 -0.0267 0.00 0.00 1.00 0 0 0 127 0 0 0 0 0 311219 144513.005
-0.0389 5.7077 -0.0267 0.00 0.00 1.00 0 0 0 127 0 0 0 0 0 311219 144513.055
-0.0389 5.7077 -0.0267 0.00 0.00 1.00 0 0 0 127 0 0 0 0 0 311219 144513.105
-0.0389 5.7077 -0.0267 0.00 0.00 1.00 0 0 0 127 0 0 0 0 0 311219 144513.156
-0.0389 5.7077 -0.0267 0.00 0.00 1.00 0 0 0 127 0 0 0 0 0 311219 144513.206
-0.0389 5.7077 -0.0267 0.00 0.00 1.00 0 0 0 127 0 0 0 0 0 311219 144513.256
-0.0389 5.7077 -0.0267 0.00 0.00 1.00 0 0 0 127 0 0 0 0 0 311219 144513.307
-0.0389 5.7077 -0.0267 0.00 0.00 1.00 0 0 0 127 0 0 0 0 0 311219 144513.357
-0.0389 5.7077 -0.0267 0.00 0.00 1.00 0 0 0 127 0 0 0 0 0 311219 144513.407
-0.0389 5.7077 -0.0267 0.00 0.00 1.00 0 0 0 127 0 0 0 0 0 311219 144513.458
-0.0389 5.7077 -0.0267 0.00 0.00 1.00 0 0 0 127 0 0 0 0 0 311219 144513.508
-0.0389 5.7077 -0.0267 0.00 0.00 1.00 0 0 0 127 0 0 0 0 0 311219 144513.558
-0.0389 5.7077 -0.0267 0.00 0.00 1.00 0 0 0 127 0 0 0 0 0 311219 144513.609
-0.0389 5.7077 -0.0267 0.00 0.00 1.00 0 0 0 127 0 0 0 0 0 311219 144513.659
-0.0389 5.7077 -0.0267 0.00 0.00 1.00 0 0 0 127 0 0 0 0 0 311219 144513.709
-0.0389 5.7077 -0.0267 0.00 0.00 1.00 0 0 0 127 0 0 0 0 0 311219 144513.760
-0.0389 5.7077 -0.0267 0.00 0.00 1.00 0 0 0 127 0 0 0 0 0 311219 144513.810
-0.0389 5.7077 -0.0267 0.00 0.00 1.00 0 0 0 127 0 0 0 0 0 311219 144513.860
-0.0389 5.7077 -0.0267 0.00 0.00 1.00 0 0 0 127 0 0 0 0 0 311219 144513.910
-0.0389 5.7077 -0.0267 0.00 0.00 1.00 0 0 0 127 0 0 0 0 0 311219 144513.961
-0.0389 5.7077 -0.0267 0.00 0.00 1.00 0 0 0 127 0 0 0 0 0 311219 144514.011
-0.0389 5.7077 -0.0267 0.00 0.00 1.00 0 0 0 127 0 0 0 0 0 311219 144514.061
-0.0389 5.7077 -0.0267 0.00 0.00 1.00 0 0 0 127 0 0 0 0 0 311219 144514.112
-0.0389 5.7077 -0.0267 0.00 0.00 1.00 0 0 0 127 0 0 0 0 0 311219 144514.162
-0.0389 5.7077 -0.0267 0.00 0.00 1.00 0 0 0 127 0 0 0 0 0 311219 144514.212
-0.0389 5.7077 -0.0267 0.00 0.00 1.00 0 0 0 127 0 0 0 0 0 311219 144514.262
-0.0389 5.7077 -0.0267 0.00 0.00 1.00 0 0 0 127 0 0 0 0 0 311219 144514.313
-0.0389 5.7077 -0.0267 0.00 0.00 1.00 0 0 0 127 0 0 0 0 0 311219 144514.363
-0.0389 5.7077 -0.0267 0.00 0.00 1.00 0 0 0 127 0 0 0 0 0 311219 144514.413
-0.0389 5.7077 -0.0267 0.00 0.00 1.00 0 0 0 127 0 0 0 0 0 311219 144514.463
-0.0389 5.7077 -0.0267 0.00 0.00 1.00 0 0 0 127 0 0 0 0 0 311219 144514.514
-0.0389 5.7077 -0.0267 0.00 0.00 1.00 0 0 0 127 0 0 0 0 0 311219 144514.564
-0.0389 5.7077 -0.0267 0.00 0.00 1.00 0 0 0 127 0 0 0 0 0 311219 144514.614
-0.0389 5.7077 -0.0267 0.00 0.00 1.00 0 0 0 127 0 0 0 0 0 311219 144514.665
-0.0389 5.7077 -0.0267 0.00 0.00 1.00 0 0 0 127 0 0 0 0 0 311219 144514.715
-0.0389 5.7077 -0.0267 0.00 0.00 1.00 0 0 0 127 0 0 0 0 0 311219 144514.765
-0.0389 5.7077 -0.0267 0.00 0.00 1.00 0 0 0 127 0 0 0 0 0 311219 144514.815
-0.0389 5.7077 -0.0267 0.00 0.00 1.00 0 0 0 127 0 0 0 0 0 311219 144514.866
-0.0389 5.7077 -0.0267 0.00 0.00 1.00 0 0 0 127 0 0 0 0 0 311219 144514.916
-0.0389 5.7077 -0.0267 0.00 0.00 1.00 0 0 0 127 0 0 0 0 0 311219 144514.966
-0.0389 5.7077 -0.0267 0.00 0.00 1.00 0 0 0 127 0 0 0 0 0 311219 144515.017
-0.0389 5.7077 -0.0267 0.00 0.00 1.00 0 0 0 127 0 0 0 0 0 311219 144515.067
-0.0389 5.7077 -0.0267 0.00 0.00 1.00 0 0 0 127 0 0 0 0 0 311219 144515.117
-0.0389 5.7077 -0.0267 0.00 0.00 1.00 0 0 0 127 0 0 0 0 0 311219 144515.167
-0.0389 5.7077 -0.0267 0.00 0.00 1.00 0 0 0 127 0 0 0 0 0 311219 144515.218
-0.0389 5.7077 -0.0267 0.00 0.00 1.00 0 0 0 127 0 0 0 0 0 311219 144515.268
-0.0389 5.7077 -0.0267 0.00 0.00 1.00 0 0 0 127 0 0 0 0 0 311219 144515.318
-0.0389 5.7077 -0.0267 0.00 0.00 1.00 0 0 0 127 0 0 0 0 0 311219 144515.369
-0.0389 5.7077 -0.0267 0.00 0.00 1.00 0 0 0 127 0 0 0 0 0 311219 144515.419
-0.0389 5.7077 -0.0267 0.00 0.00 1.00 0 0 0 127 0 0 0 0 0 311219 144515.469
-0.0389 5.7077 -0.0267 0.00 0.00 1.00 0 0 0 127 0 0 0 0 0 311219 144515.520
-0.0389 5.7077 -0.0267 0.00 0.00 1.00 0 0 0 127 0 0 0 0 0 311219 144515.570
-0.0389 5.7077 -0.0267 0.00 0.00 1.00 0 0 0 127 0 0 0 0 0 311219 144515.620
-0.0389 5.7077 -0.0267 0.00 0.00 1.00 0 0 0 127 0 0 0 0 0 311219 144515.671
-0.0389 5.7077 -0.0267 0.00 0.00 1.00 0 0 0 127 0 0 0 0 0 311219 144515.721
-0.0389 5.7077 -0.0267 0.00 0.00 1.00 0 0 0 127 0 0 0 0 0 311219 144515.771
-0.0389 5.7077 -0.0267 0.00 0.00 1.00 0 0 0 127 0 0 0 0 0 311219 144515.821
-0.0389 5.7077 -0.0267 0.00 0.00 1.00 0 0 0 127 0 0 0 0 0 311219 144515.872
-0.0389 5.7077 -0.0267 0.00 0.00 1.00 0 0 0 127 0 0 0 0 0 311219 144515.922
-0.0389 5.7077 -0.0267 0.00 0.00 1.00 0 0 0 127 0 0 0 0 0 311219 144515.972
-0.0389 5.7077 -0.0267 0.00 0.00 1.00 0 0 0 127 0 0 0 0 0 311219 144516.023
-0.0389 5.7077 -0.0267 0.00 0.00 1.00 0 0 0 127 0 0 0 0 0 311219 144516.073
-0.0389 5.7077 -0.0267 0.00 0.00 1.00 0 0 0 127 0 0 0 0 0 311219 144516.123
-0.0389 5.7077 -0.0267 0.00 0.00 1.00 0 0 0 127 0 0 0 0 0 311219 144516.174
-0.0389 5.7077 -0.0267 0.00 0.00 1.00 0 0 0 127 0 0 0 0 0 311219 144516.224
-0.0389 5.7077 -0.0267 0.00 0.00 1.00 0 0 0 127 0 0 0 0 0 311219 144516.274
-0.0389 5.7077 -0.0267 0.00 0.00 1.00 0 0 0 127 0 0 0 0 0 311219 144516.324
-0.0389 5.7077 -0.0267 0.00 0.00 1.00 0 0 0 127 0 0 0 0 0 311219 144516.375
-0.0389 5.7077 -0.0267 0.00 0.00 1.00 0 0 0 127 0 0 0 0 0 311219 144516.425
-0.0389 5.7077 -0.0267 0.00 0.00 1.00 0 0 0 127 0 0 0 0 0 311219 144516.476
-0.0389 5.7077 -0.0267 0.00 0.00 1.00 0 0 0 127 0 0 0 0 0 311219 144516.526
-0.0389 5.7077 -0.0267 0.00 0.00 1.00 0 0 0 127 0 0 0 0 0 311219 144516.576
-0.0389 5.7077 -0.0267 0.00 0.00 1.00 0 0 0 127 0 0 0 0 0 311219 144516.626
-0.0389 5.7077 -0.0267 0.00 0.00 1.00 0 0 0 127 0 0 0 0 0 311219 144516.677
-0.0389 5.7077 -0.0267 0.00 0.00 1.00 0 0 0 127 0 0 0 0 0 311219 144516.727
-0.0389 5.7077 -0.0267 0.00 0.00 1.00 0 0 0 127 0 0 0 0 0 311219 144516.777
-0.0389 5.7077 -0.0267 0.00 0.00 1.00 0 0 0 127 0 0 0 0 0 311219 144516.828
-0.0389 5.7077 -0.0267 0.00 0.00 1.00 0 0 0 127 0 0 0 0 0 311219 144516.878
-0.0389 5.7077 -0.0267 0.00 0.00 1.00 0 0 0 127 0 0 0 0 0 311219 144516.928
-0.0389 5.7077 -0.0267 0.00 0.00 1.00 0 0 0 127 0 0 0 0 0 311219 144516.978
-0.0389 5.7077 -0.0267 0.00 0.00 1.00 0 0 0 127 0 0 0 0 0 311219 144517.029
-0.0389 5.7077 -0.0267 0.00 0.00 1.00 0 0 0 127 0 0 0 0 0 311219 144517.079
-0.0389 5.7077 -0.0267 0.00 0.00 1.00 0 0 0 127 0 0 0 0 0 311219 144517.129
-0.0389 5.7077 -0.0267 0.00 0.00 1.00 0 0 0 127 0 0 0 0 0 311219 144517.179
-0.0389 5.7077 -0.0267 0.00 0.00 1.00 0 0 0 127 0 0 0 0 0 311219 144517.230
-0.0389 5.7077 -0.0267 0.00 0.00 1.00 0 0 0 127 0 0 0 0 0 311219 144517.280
-0.0389 5.7077 -0.0267 0.00 0.00 1.00 0 0 0 127 0 0 0 0 0 311219 144517.330
-0.0389 5.7077 -0.0267 0.00 0.00 1.00 0 0 0 127 0 0 0 0 0 311219 144517.380
-0.0389 5.7077 -0.0267 0.00 0.00 1.00 0 0 0 127 0 0 0 0 0 311219 144517.431
-0.0389 5.7077 -0.0267 0.00 0.00 1.00 0 0 0 127 0 0 0 0 0 311219 144517.481
-0.0389 5.7077 -0.0267 0.00 0.00 1.00 0 0 0 127 0 0 0 0 0 311219 144517.531
-0.0389 5.7077 -0.0267 0.00 0.00 1.00 0 0 0 127 0 0 0 0 0 311219 144517.582
-0.0389 5.7077 -0.0267 0.00 0.00 1.00 0 0 0 127 0 0 0 0 0 311219 144517.632
-0.0389 5.7077 -0.0267 0.00 0.00 1.00 0 0 0 127 0 0 0 0 0 311219 144517.682
-0.0389 5.7077 -0.0267 0.00 0.00 1.00 0 0 0 127 0 0 0 0 0 311219 144517.733
-0.0389 5.7077 -0.0267 0.00 0.00 1.00 0 0 0 127 0 0 0 0 0 311219 144517.783
-0.0389 5.7077 -0.0267 0.00 0.00 1.00 0 0 0 127 0 0 0 0 0 311219 144517.833
-0.0389 5.7077 -0.0267 0.00 0.00 1.00 0 0 0 127 0 0 0 0 0 311219 144517.883
-0.0389 5.7077 -0.0267 0.00 0.00 1.00 0 0 0 127 0 0 0 0 0 311219 144517.934
-0.0389 5.7077 -0.0267 0.00 0.00 1.00 0 0 0 127 0 0 0 0 0 311219 144517.984
-0.0389 5.7077 -0.0267 0.00 0.00 1.00 0 0 0 127 0 0 0 0 0 311219 144518.034
-0.0389 5.7077 -0.0267 0.00 0.00 1.00 0 0 0 127 0 0 0 0 0 311219 144518.085
-0.0389 5.7077 -0.0267 0.00 0.00 1.00 0 0 0 127 0 0 0 0 0 311219 144518.135
-0.0389 5.7077 -0.0267 0.00 0.00 1.00 0 0 0 127 0 0 0 0 0 311219 144518.185
-0.0389 5.7077 -0.0267 0.00 0.00 1.00 0 0 0 127 0 0 0 0 0 311219 144518.235
-0.0389 5.7077 -0.0267 0.00 0.00 1.00 0 0 0 127 0 0 0 0 0 311219 144518.286
-0.0389 5.7077 -0.0267 0.00 0.00 1.00 0 0 0 127 0 0 0 0 0 311219 144518.336
-0.0389 5.7077 -0.0267 0.00 0.00 1.00 0 0 0 127 0 0 0 0 0 311219 144518.386
-0.0389 5.7077 -0.0267 0.00 0.00 1.00 0 0 0 127 0 0 0 0 0 311219 144518.437
-0.0389 5.7077 -0.0267 0.00 0.00 1.00 0 0 0 127 0 0 0 0 0 311219 144518.487
-0.0389 5.7077 -0.0267 0.00 0.00 1.00 0 0 0 127 0 0 0 0 0 311219 144518.537
-0.0389 5.7077 -0.0267 0.00 0.00 1.00 0 0 0 127 0 0 0 0 0 311219 144518.587
-0.0389 5.7077 -0.0267 0.00 0.00 1.00 0 0 0 127 0 0 0 0 0 311219 144518.638
-0.0389 5.7077 -0.0267 0.00 0.00 1.00 0 0 0 127 0 0 0 0 0 311219 144518.688
-0.0389 5.7077 -0.0267 0.00 0.00 1.00 0 0 0 127 0 0 0 0 0 311219 144518.738
-0.0389 5.7077 -0.0267 0.00 0.00 1.00 0 0 0 127 0 0 0 0 0 311219 144518.789
-0.0389 5.7077 -0.0267 0.00 0.00 1.00 0 0 0 127 0 0 0 0 0 311219 144518.839
-0.0389 5.7077 -0.0267 0.00 0.00 1.00 0 0 0 127 0 0 0 0 0 311219 144518.889
-0.0389 5.7077 -0.0267 0.00 0.00 1.00 0 0 0 127 0 0 0 0 0 311219 144518.939
-0.0389 5.7077 -0.0267 0.00 0.00 1.00 0 0 0 127 0 0 0 0 0 311219 144518.989
-0.0389 5.7077 -0.0267 0.00 0.00 1.00 0 0 0 127 0 0 0 0 0 311219 144519.040
-0.0389 5.7077 -0.0267 0.00 0.00 1.00 0 0 0 127 0 0 0 0 0 311219 144519.090
-0.0389 5.7077 -0.0267 0.00 0.00 1.00 0 0 0 127 0 0 0 0 0 311219 144519.140
-0.0389 5.7077 -0.0267 0.00 0.00 1.00 0 0 0 127 0 0 0 0 0 311219 144519.190
-0.0389 5.7077 -0.0267 0.00 0.00 1.00 0 0 0 127 0 0 0 0 0 311219 144519.240
-0.0389 5.7077 -0.0267 0.00 0.00 1.00 0 0 0 127 0 0 0 0 0 311219 144519.291
-0.0389 5.7077 -0.0267 0.00 0.00 1.00 0 0 0 127 0 0 0 0 0 311219 144519.341
-0.0389 5.7077 -0.0267 0.00 0.00 1.00 0 0 0 127 0 0 0 0 0 311219 144519.391
-0.0389 5.7077 -0.0267 0.00 0.00 1.00 0 0 0 127 0 0 0 0 0 311219 144519.441
-0.0389 5.7077 -0.0267 0.00 0.00 1.00 0 0 0 127 0 0 0 0 0 311219 144519.491
-0.0389 5.7077 -0.0267 0.00 0.00 1.00 0 0 0 127 0 0 0 0 0 311219 144519.541
-0.0389 5.7077 -0.0267 0.00 0.00 1.00 0 0 0 127 0 0 0 0 0 311219 144519.591
-0.0389 5.7077 -0.0267 0.00 0.00 1.00 0 0 0 127 0 0 0 0 0 311219 144519.642
-0.0389 5.7077 -0.0267 0.00 0.00 1.00 0 0 0 127 0 0 0 0 0 311219 144519.692
-0.0389 5.7077 -0.0267 0.00 0.00 1.00 0 0 0 127 0 0 0 0 0 311219 144519.742
-0.0389 5.7077 -0.0267 0.00 0.00 1.00 0 0 0 127 0 0 0 0 0 311219 144519.792
-0.0389 5.7077 -0.0267 0.00 0.00 1.00 0 0 0 127 0 0 0 0 0 311219 144519.843
-0.0389 5.7077 -0.0267 0.00 0.00 1.00 0 0 0 127 0 0 0 0 0 311219 144519.893
-0.0389 5.7077 -0.0267 0.00 0.00 1.00 0 0 0 127 0 0 0 0 0 311219 144519.943
-0.0389 5.7077 -0.0267 0.00 0.00 1.00 0 0 0 127 0 0 0 0 0 311219 144519.994
-0.0389 5.7077 -0.0267 0.00 0.00 1.00 0 0 0 127 0 0 0 0 0 311219 144520.044
-0.0389 5.7077 -0.0267 0.00 0.00 1.00 0 0 0 127 0 0 0 0 0 311219 144520.094
-0.0389 5.7077 -0.0267 0.00 0.00 1.00 0 0 0 127 0 0 0 0 0 311219 144520.145
-0.0389 5.7077 -0.0267 0.00 0.00 1.00 0 0 0 127 0 0 0 0 0 311219 144520.195
-0.0389 5.7077 -0.0267 0.00 0.00 1.00 0 0 0 127 0 0 0 0 0 311219 144520.245
-0.0389 5.7077 -0.0267 0.00 0.00 1.00 0 0 0 127 0 0 0 0 0 311219 144520.295
-0.0389 5.7077 -0.0267 0.00 0.00 1.00 0 0 0 127 0 0 0 0 0 311219 144520.346
-0.0389 5.7077 -0.0267 0.00 0.00 1.00 0 0 0 127 0 0 0 0 0 311219 144520.396
-0.0389 5.7077 -0.0267 0.00 0.00 1.00 0 0 0 127 0 0 0 0 0 311219 144520.446
-0.0389 5.7077 -0.0267 0.00 0.00 1.00 0 0 0 127 0 0 0 0 0 311219 144520.497
-0.0389 5.7077 -0.0267 0.00 0.00 1.00 0 0 0 127 0 0 0 0 0 311219 144520.547
-0.0389 5.7077 -0.0267 0.00 0.00 1.00 0 0 0 127 0 0 0 0 0 311219 144520.597
-0.0389 5.7077 -0.0267 0.00 0.00 1.00 0 0 0 127 0 0 0 0 0 311219 144520.647
-0.0389 5.7077 -0.0267 0.00 0.00 1.00 0 0 0 127 0 0 0 0 0 311219 144520.698
-0.0389 5.7077 -0.0267 0.00 0.00 1.00 0 0 0 127 0 0 0 0 0 311219 144520.748
-0.0389 5.7077 -0.0267 0.00 0.00 1.00 0 0 0 127 0 0 0 0 0 311219 144520.798
-0.0389 5.7077 -0.0267 0.00 0.00 1.00 0 0 0 127 0 0 0 0 0 311219 144520.849
-0.0389 5.7077 -0.0267 0.00 0.00 1.00 0 0 0 127 0 0 0 0 0 311219 144520.899
-0.0389 5.7077 -0.0267 0.00 0.00 1.00 0 0 0 127 0 0 0 0 0 311219 144520.949
-0.0389 5.7077 -0.0267 0.00 0.00 1.00 0 0 0 127 0 0 0 0 0 311219 144520.999
-0.0389 5.7077 -0.0267 0.00 0.00 1.00 0 0 0 127 0 0 0 0 0 311219 144521.049
-0.0389 5.7077 -0.0267 0.00 0.00 1.00 0 0 0 127 0 0 0 0 0 311219 144521.100
-0.0389 5.7077 -0.0267 0.00 0.00 1.00 0 0 0 127 0 0 0 0 0 311219 144521.150
-0.0389 5.7077 -0.0267 0.00 0.00 1.00 0 0 0 127 0 0 0 0 0 311219 144521.200
-0.0389 5.7077 -0.0267 0.00 0.00 1.00 0 0 0 127 0 0 0 0 0 311219 144521.250
-0.0389 5.7077 -0.0267 0.00 0.00 1.00 0 0 0 127 0 0 0 0 0 311219 144521.301
-0.0389 5.7077 -0.0267 0.00 0.00 1.00 0 0 0 127 0 0 0 0 0 311219 144521.351
-0.0389 5.7077 -0.0267 0.00 0.00 1.00 0 0 0 127 0 0 0 0 0 311219 144521.402
-0.0389 5.7077 -0.0267 0.00 0.00 1.00 0 0 0 127 0 0 0 0 0 311219 144521.452
-0.0389 5.7077 -0.0267 0.00 0.00 1.00 0 0 0 127 0 0 0 0 0 311219 144521.502
-0.0389 5.7077 -0.0267 0.00 0.00 1.00 0 0 0 127 0 0 0 0 0 311219 144521.552
-0.0389 5.7077 -0.0267 0.00 0.00 1.00 0 0 0 127 0 0 0 0 0 311219 144521.603
-0.0389 5.7077 -0.0267 0.00 0.00 1.00 0 0 0 127 0 0 0 0 0 311219 144521.653
-0.0389 5.7077 -0.0267 0.00 0.00 1.00 0 0 0 127 0 0 0 0 0 311219 144521.703
-0.0389 5.7077 -0.0267 0.00 0.00 1.00 0 0 0 127 0 0 0 0 0 311219 144521.754
-0.0389 5.7077 -0.0267 0.00 0.00 1.00 0 0 0 127 0 0 0 0 0 311219 144521.804
-0.0389 5.7077 -0.0267 0.00 0.00 1.00 0 0 0 127 0 0 0 0 0 311219 144521.854
-0.0389 5.7077 -0.0267 0.00 0.00 1.00 0 0 0 127 0 0 0 0 0 311219 144521.904
-0.0389 5.7077 -0.0267 0.00 0.00 1.00 0 0 0 127 0 0 0 0 0 311219 144521.955
-0.0389 5.7077 -0.0267 0.00 0.00 1.00 0 0 0 127 0 0 0 0 0 311219 144522.005
-0.0389 5.7077 -0.0267 0.00 0.00 1.00 0 0 0 127 0 0 0 0 0 311219 144522.055
-0.0389 5.7077 -0.0267 0.00 0.00 1.00 0 0 0 127 0 0 0 0 0 311219 144522.105
-0.0389 5.7077 -0.0267 0.00 0.00 1.00 0 0 0 127 0 0 0 0 0 311219 144522.156
-0.0389 5.7077 -0.0267 0.00 0.00 1.00 0 0 0 127 0 0 0 0 0 311219 144522.206
-0.0389 5.7077 -0.0267 0.00 0.00 1.00 0 0 0 127 0 0 0 0 0 311219 144522.256
-0.0389 5.7077 -0.0267 0.00 0.00 1.00 0 0 0 127 0 0 0 0 0 311219 144522.306
-0.0389 5.7077 -0.0267 0.00 0.00 1.00 0 0 0 127 0 0 0 0 0 311219 144522.357
-0.0389 5.7077 -0.0267 0.00 0.00 1.00 0 0 0 127 0 0 0 0 0 311219 144522.407
-0.0389 5.7077 -0.0267 0.00 0.00 1.00 0 0 0 127 0 0 0 0 0 311219 144522.457
-0.0389 5.7077 -0.0267 0.00 0.00 1.00 0 0 0 127 0 0 0 0 0 311219 144522.508
-0.0389 5.7077 -0.0267 0.00 0.00 1.00 0 0 0 127 0 0 0 0 0 311219 144522.558
-0.0389 5.7077 -0.0267 0.00 0.00 1.00 0 0 0 127 0 0 0 0 0 311219 144522.608
-0.0389 5.7077 -0.0267 0.00 0.00 1.00 0 0 0 127 0 0 0 0 0 311219 144522.658
-0.0389 5.7077 -0.0267 0.00 0.00 1.00 0 0 0 127 0 0 0 0 0 311219 144522.709
-0.0389 5.7077 -0.0267 0.00 0.00 1.00 0 0 0 127 0 0 0 0 0 311219 144522.759
-0.0389 5.7077 -0.0267 0.00 0.00 1.00 0 0 0 127 0 0 0 0 0 311219 144522.809
-0.0389 5.7077 -0.0267 0.00 0.00 1.00 0 0 0 127 0 0 0 0 0 311219 144522.860
-0.0389 5.7077 -0.0267 0.00 0.00 1.00 0 0 0 127 0 0 0 0 0 311219 144522.910
-0.0389 5.7077 -0.0267 0.00 0.00 1.00 0 0 0 127 0 0 0 0 0 311219 144522.960
-0.0389 5.7077 -0.0267 0.00 0.00 1.00 0 0 0 127 0 0 0 0 0 311219 144523.011
-0.0389 5.7077 -0.0267 0.00 0.00 1.00 0 0 0 127 0 0 0 0 0 311219 144523.061
-0.0389 5.7077 -0.0267 0.00 0.00 1.00 0 0 0 127 0 0 0 0 0 311219 144523.111
-0.0389 5.7077 -0.0267 0.00 0.00 1.00 0 0 0 127 0 0 0 0 0 311219 144523.161
-0.0389 5.7077 -0.0267 0.00 0.00 1.00 0 0 0 127 0 0 0 0 0 311219 144523.212
-0.0389 5.7077 -0.0267 0.00 0.00 1.00 0 0 0 127 0 0 0 0 0 311219 144523.262
-0.0389 5.7077 -0.0267 0.00 0.00 1.00 0 0 0 127 0 0 0 0 0 311219 144523.312
-0.0389 5.7077 -0.0267 0.00 0.00 1.00 0 0 0 127 0 0 0 0 0 311219 144523.363
-0.0389 5.7077 -0.0267 0.00 0.00 1.00 0 0 0 127 0 0 0 0 0 311219 144523.413
-0.0389 5.7077 -0.0267 0.00 0.00 1.00 0 0 0 127 0 0 0 0 0 311219 144523.463
-0.0389 5.7077 -0.0267 0.00 0.00 1.00 0 0 0 127 0 0 0 0 0 311219 144523.513
-0.0389 5.7077 -0.0267 0.00 0.00 1.00 0 0 0 127 0 0 0 0 0 311219 144523.564
-0.0389 5.7077 -0.0267 0.00 0.00 1.00 0 0 0 127 0 0 0 0 0 311219 144523.614
-0.0389 5.7077 -0.0267 0.00 0.00 1.00 0 0 0 127 0 0 0 0 0 311219 144523.664
-0.0389 5.7077 -0.0267 0.00 0.00 1.00 0 0 0 127 0 0 0 0 0 311219 144523.715
-0.0389 5.7077 -0.0267 0.00 0.00 1.00 0 0 0 127 0 0 0 0 0 311219 144523.765
-0.0389 5.7077 -0.0267 0.00 0.00 1.00 0 0 0 127 0 0 0 0 0 311219 144523.815
-0.0389 5.7077 -0.0267 0.00 0.00 1.00 0 0 0 127 0 0 0 0 0 311219 144523.866
-0.0389 5.7077 -0.0267 0.00 0.00 1.00 0 0 0 127 0 0 0 0 0 311219 144523.916
-0.0389 5.7077 -0.0267 0.00 0.00 1.00 0 0 0 127 0 0 0 0 0 311219 144523.966
-0.0389 5.7077 -0.0267 0.00 0.00 1.00 0 0 0 127 0 0 0 0 0 311219 144524.016
-0.0389 5.7077 -0.0267 0.00 0.00 1.00 0 0 0 127 0 0 0 0 0 311219 144524.067
-0.0389 5.7077 -0.0267 0.00 0.00 1.00 0 0 0 127 0 0 0 0 0 311219 144524.117
-0.0389 5.7077 -0.0267 0.00 0.00 1.00 0 0 0 127 0 0 0 0 0 311219 144524.167
-0.0389 5.7077 -0.0267 0.00 0.00 1.00 0 0 0 127 0 0 0 0 0 311219 144524.218
-0.0389 5.7077 -0.0267 0.00 0.00 1.00 0 0 0 127 0 0 0 0 0 311219 144524.268
-0.0389 5.7077 -0.0267 0.00 0.00 1.00 0 0 0 127 0 0 0 0 0 311219 144524.318
-0.0389 5.7077 -0.0267 0.00 0.00 1.00 0 0 0 127 0 0 0 0 0 311219 144524.368
-0.0389 5.7077 -0.0267 0.00 0.00 1.00 0 0 0 127 0 0 0 0 0 311219 144524.419
-0.0389 5.7077 -0.0267 0.00 0.00 1.00 0 0 0 127 0 0 0 0 0 311219 144524.469
-0.0389 5.7077 -0.0267 0.00 0.00 1.00 0 0 0 127 0 0 0 0 0 311219 144524.519
-0.0389 5.7077 -0.0267 0.00 0.00 1.00 0 0 0 127 0 0 0 0 0 311219 144524.570
-0.0389 5.7077 -0.0267 0.00 0.00 1.00 0 0 0 127 0 0 0 0 0 311219 144524.620
-0.0389 5.7077 -0.0267 0.00 0.00 1.00 0 0 0 127 0 0 0 0 0 311219 144524.670
-0.0389 5.7077 -0.0267 0.00 0.00 1.00 0 0 0 127 0 0 0 0 0 311219 144524.721
-0.0389 5.7077 -0.0267 0.00 0.00 1.00 0 0 0 127 0 0 0 0 0 311219 144524.771
-0.0389 5.7077 -0.0267 0.00 0.00 1.00 0 0 0 127 0 0 0 0 0 311219 144524.821
-0.0389 5.7077 -0.0267 0.00 0.00 1.00 0 0 0 127 0 0 0 0 0 311219 144524.871
-0.0389 5.7077 -0.0267 0.00 0.00 1.00 0 0 0 127 0 0 0 0 0 311219 144524.922
-0.0389 5.7077 -0.0267 0.00 0.00 1.00 0 0 0 127 0 0 0 0 0 311219 144524.972
-0.0389 5.7077 -0.0267 0.00 0.00 1.00 0 0 0 127 0 0 0 0 0 311219 144525.022
-0.0389 5.7077 -0.0267 0.00 0.00 1.00 0 0 0 127 0 0 0 0 0 311219 144525.072
-0.0389 5.7077 -0.0267 0.00 0.00 1.00 0 0 0 127 0 0 0 0 0 311219 144525.123
-0.0389 5.7077 -0.0267 0.00 0.00 1.00 0 0 0 127 0 0 0 0 0 311219 144525.173
-0.0389 5.7077 -0.0267 0.00 0.00 1.00 0 0 0 127 0 0 0 0 0 311219 144525.223
-0.0389 5.7077 -0.0267 0.00 0.00 1.00 0 0 0 127 0 0 0 0 0 311219 144525.274
-0.0389 5.7077 -0.0267 0.00 0.00 1.00 0 0 0 127 0 0 0 0 0 311219 144525.324
-0.0389 5.7077 -0.0267 0.00 0.00 1.00 0 0 0 127 0 0 0 0 0 311219 144525.374
-0.0389 5.7077 -0.0267 0.00 0.00 1.00 0 0 0 127 0 0 0 0 0 311219 144525.424
-0.0389 5.7077 -0.0267 0.00 0.00 1.00 0 0 0 127 0 0 0 0 0 311219 144525.475
-0.0389 5.7077 -0.0267 0.00 0.00 1.00 0 0 0 127 0 0 0 0 0 311219 144525.525
-0.0389 5.7077 -0.0267 0.00 0.00 1.00 0 0 0 127 0 0 0 0 0 311219 144525.575
-0.0389 5.7077 -0.0267 0.00 0.00 1.00 0 0 0 127 0 0 0 0 0 311219 144525.626
-0.0389 5.7077 -0.0267 0.00 0.00 1.00 0 0 0 127 0 0 0 0 0 311219 144525.676
-0.0389 5.7077 -0.0267 0.00 0.00 1.00 0 0 0 127 0 0 0 0 0 311219 144525.726
-0.0389 5.7077 -0.0267 0.00 0.00 1.00 0 0 0 127 0 0 0 0 0 311219 144525.777
-0.0389 5.7077 -0.0267 0.00 0.00 1.00 0 0 0 127 0 0 0 0 0 311219 144525.827
-0.0389 5.7077 -0.0267 0.00 0.00 1.00 0 0 0 127 0 0 0 0 0 311219 144525.877
-0.0389 5.7077 -0.0267 0.00 0.00 1.00 0 0 0 127 0 0 0 0 0 311219 144525.927
-0.0389 5.7077 -0.0267 0.00 0.00 1.00 0 0 0 127 0 0 0 0 0 311219 144525.978
-0.0389 5.7077 -0.0267 0.00 0.00 1.00 0 0 0 127 0 0 0 0 0 311219 144526.028
-0.0389 5.7077 -0.0267 0.00 0.00 1.00 0 0 0 127 0 0 0 0 0 311219 144526.078
