-1.1393 0.1957 0.0000 0.00 0.00 1.00 0 171 8 112 1 0 0 0 0 221219 194135.088
-1.1399 0.1938 0.0000 0.00 0.00 1.00 0 171 8 112 1 0 0 0 0 221219 194135.288
-1.1368 0.1902 0.0000 0.00 0.00 1.00 0 45 1 112 1 0 0 0 0 221219 194135.489
-1.1362 0.1630 0.0000 0.00 0.00 1.00 0 207 8 112 1 0 0 0 0 221219 194135.689
-1.1231 0.1001 0.0000 0.00 0.00 1.00 0 216 13 112 1 0 0 0 0 221219 194135.889
-1.1201 0.0458 0.0000 0.00 0.00 1.00 0 195 9 112 1 0 0 0 0 221219 194136.089
-1.1153 0.0095 0.0000 0.00 0.00 1.00 0 48 10 112 1 0 0 0 0 221219 194136.289
-1.1228 -0.0098 0.0000 0.00 0.00 1.00 0 163 7 112 1 0 0 0 0 221219 194136.490
-1.1198 -0.0346 0.0000 0.00 0.00 1.00 0 124 8 112 1 0 0 0 0 221219 194136.690
-1.1198 -0.0565 0.0000 0.00 0.00 1.00 0 25 8 112 1 0 0 0 0 221219 194136.890
-1.1147 -0.0877 0.0000 0.00 0.00 1.00 0 38 9 112 1 0 0 0 0 221219 194137.090
-1.1139 -0.1230 0.0000 0.00 0.00 1.00 0 146 8 112 1 0 0 0 0 221219 194137.291
-1.1109 -0.1582 0.0000 0.00 0.00 1.00 0 171 8 112 1 0 0 0 0 221219 194137.491
-1.1094 -0.1911 0.0000 0.00 0.00 1.00 0 190 17 112 1 0 0 0 0 221219 194137.691
-1.1110 -0.2205 0.0000 0.00 0.00 1.00 0 0 0 112 1 0 0 0 0 221219 194137.892
-1.1150 -0.2484 0.0000 0.00 0.00 1.00 0 0 0 112 1 0 0 0 0 221219 194138.092
-1.1108 -0.2775 0.0000 0.00 0.00 1.00 0 0 0 112 1 0 0 0 0 221219 194138.292
-1.1096 -0.3067 0.0000 0.00 0.00 1.00 0 0 0 112 1 0 0 0 0 221219 194138.492
-1.1080 -0.3477 0.0000 0.00 0.00 1.00 0 0 0 112 1 0 0 0 0 221219 194138.692
-1.1044 -0.3802 0.0000 0.00 0.00 1.00 0 0 0 112 1 0 0 0 0 221219 194138.893
-1.1080 -0.4135 0.0000 0.00 0.00 1.00 0 0 0 112 1 0 0 0 0 221219 194139.093
-1.1081 -0.4480 0.0000 0.00 0.00 1.00 0 0 0 112 1 0 0 0 0 221219 194139.293
-1.1056 -0.4792 0.0000 0.00 0.00 1.00 0 0 0 112 1 0 0 0 0 221219 194139.493
-1.1067 -0.5217 0.0000 0.00 0.00 1.00 0 0 0 112 1 0 0 0 0 221219 194139.693
-1.1072 -0.5580 0.0000 0.00 0.00 1.00 0 0 0 112 1 0 0 0 0 221219 194139.894
-1.1068 -0.5932 0.0000 0.00 0.00 1.00 0 0 0 112 1 0 0 0 0 221219 194140.094
-1.1119 -0.6211 0.0000 0.00 0.00 1.00 0 0 0 112 1 0 0 0 0 221219 194140.294
-1.1110 -0.6476 0.0000 0.00 0.00 1.00 0 0 0 112 1 0 0 0 0 221219 194140.494
-1.1094 -0.6728 0.0000 0.00 0.00 1.00 0 0 0 112 1 0 0 0 0 221219 194140.694
-1.1082 -0.7092 0.0000 0.00 0.00 1.00 0 0 0 112 1 0 0 0 0 221219 194140.895
-1.1069 -0.7456 0.0000 0.00 0.00 1.00 0 0 0 112 1 0 0 0 0 221219 194141.095
-1.1042 -0.7854 0.0000 0.00 0.00 1.00 0 0 0 112 1 0 0 0 0 221219 194141.295
-1.1053 -0.8249 0.0000 0.00 0.00 1.00 0 0 0 112 1 0 0 0 0 221219 194141.495
-1.1118 -0.8546 0.0000 0.00 0.00 1.00 0 0 0 112 1 0 0 0 0 221219 194141.695
-1.1134 -0.8856 0.0000 0.00 0.00 1.00 0 0 0 112 1 0 0 0 0 221219 194141.895
-1.1063 -0.9192 0.0000 0.00 0.00 1.00 0 0 0 112 1 0 0 0 0 221219 194142.096
-1.0991 -0.9591 0.0000 0.00 0.00 1.00 0 0 0 112 1 0 0 0 0 221219 194142.296
-1.1028 -0.9931 0.0000 0.00 0.00 1.00 0 0 0 112 1 0 0 0 0 221219 194142.496
-1.1059 -1.0201 0.0000 0.00 0.00 1.00 0 0 0 112 1 0 0 0 0 221219 194142.697
-1.1066 -1.0549 0.0000 0.00 0.00 1.00 0 0 0 112 1 0 0 0 0 221219 194142.897
-1.1057 -1.0876 0.0000 0.00 0.00 1.00 0 0 0 112 1 0 0 0 0 221219 194143.097
-1.1012 -1.1322 0.0000 0.00 0.00 1.00 0 0 0 112 1 0 0 0 0 221219 194143.297
-1.1123 -1.1782 0.0000 0.00 0.00 1.00 0 0 0 112 1 0 0 0 0 221219 194143.497
-1.1108 -1.2083 0.0000 0.00 0.00 1.00 0 0 0 112 1 0 0 0 0 221219 194143.698
-1.1091 -1.2430 0.0000 0.00 0.00 1.00 0 0 0 112 1 0 0 0 0 221219 194143.898
-1.1053 -1.2776 0.0000 0.00 0.00 1.00 0 0 0 112 1 0 0 0 0 221219 194144.098
-1.1089 -1.3069 0.0000 0.00 0.00 1.00 0 0 0 112 1 0 0 0 0 221219 194144.298
-1.1105 -1.3356 0.0000 0.00 0.00 1.00 0 0 0 112 1 0 0 0 0 221219 194144.498
-1.1103 -1.3686 0.0000 0.00 0.00 1.00 0 0 0 112 1 0 0 0 0 221219 194144.699
-1.1033 -1.4046 0.0000 0.00 0.00 1.00 0 0 0 112 1 0 0 0 0 221219 194144.899
-1.1084 -1.4388 0.0000 0.00 0.00 1.00 0 0 0 112 1 0 0 0 0 221219 194145.099
-1.1130 -1.4727 0.0000 0.00 0.00 1.00 0 0 0 112 1 0 0 0 0 221219 194145.299
-1.1096 -1.5098 0.0000 0.00 0.00 1.00 0 0 0 112 1 0 0 0 0 221219 194145.500
-1.1089 -1.5444 0.0000 0.00 0.00 1.00 0 0 0 112 1 0 0 0 0 221219 194145.700
-1.1035 -1.5748 0.0000 0.00 0.00 1.00 0 0 0 112 1 0 0 0 0 221219 194145.900
-1.1028 -1.6035 0.0000 0.00 0.00 1.00 0 0 0 112 1 0 0 0 0 221219 194146.100
-1.1049 -1.6328 0.0000 0.00 0.00 1.00 0 0 0 112 1 0 0 0 0 221219 194146.301
-1.1052 -1.6677 0.0000 0.00 0.00 1.00 0 0 0 112 1 0 0 0 0 221219 194146.501
-1.1048 -1.7019 0.0000 0.00 0.00 1.00 0 0 0 112 1 0 0 0 0 221219 194146.701
-1.1066 -1.7372 0.0000 0.00 0.00 1.00 0 0 0 112 1 0 0 0 0 221219 194146.901
-1.1040 -1.7741 0.0000 0.00 0.00 1.00 0 0 0 112 1 0 0 0 0 221219 194147.102
-1.1014 -1.8061 0.0000 0.00 0.00 1.00 0 0 0 112 1 0 0 0 0 221219 194147.302
-1.0968 -1.8385 0.0000 0.00 0.00 1.00 0 0 0 112 1 0 0 0 0 221219 194147.502
-1.1004 -1.8739 0.0000 0.00 0.00 1.00 0 0 0 112 1 0 0 0 0 221219 194147.702
-1.1020 -1.9075 0.0000 0.00 0.00 1.00 0 0 0 112 1 0 0 0 0 221219 194147.903
-1.1020 -1.9374 0.0000 0.00 0.00 1.00 0 0 0 112 1 0 0 0 0 221219 194148.103
-1.1040 -1.9703 0.0000 0.00 0.00 1.00 0 0 0 112 1 0 0 0 0 221219 194148.303
-1.0977 -2.0070 0.0000 0.00 0.00 1.00 0 0 0 112 1 0 0 0 0 221219 194148.504
-1.0920 -2.0445 0.0000 0.00 0.00 1.00 0 0 0 112 1 0 0 0 0 221219 194148.704
-1.0912 -2.0795 0.0000 0.00 0.00 1.00 0 0 0 112 1 0 0 0 0 221219 194148.904
-1.0917 -2.1120 0.0000 0.00 0.00 1.00 0 0 0 112 1 0 0 0 0 221219 194149.104
-1.0864 -2.1414 0.0000 0.00 0.00 1.00 0 0 0 112 1 0 0 0 0 221219 194149.305
-1.0926 -2.1740 0.0000 0.00 0.00 1.00 0 0 0 112 1 0 0 0 0 221219 194149.505
-1.0949 -2.2053 0.0000 0.00 0.00 1.00 0 0 0 112 1 0 0 0 0 221219 194149.705
-1.0953 -2.2415 0.0000 0.00 0.00 1.00 0 0 0 112 1 0 0 0 0 221219 194149.906
-1.0951 -2.2755 0.0000 0.00 0.00 1.00 0 0 0 112 1 0 0 0 0 221219 194150.106
-1.0972 -2.3115 0.0000 0.00 0.00 1.00 0 0 0 112 1 0 0 0 0 221219 194150.306
-1.0943 -2.3418 0.0000 0.00 0.00 1.00 0 0 0 112 1 0 0 0 0 221219 194150.506
-1.0885 -2.3802 0.0000 0.00 0.00 1.00 0 0 0 112 1 0 0 0 0 221219 194150.707
-1.0913 -2.4157 0.0000 0.00 0.00 1.00 0 0 0 112 1 0 0 0 0 221219 194150.907
-1.0919 -2.4482 0.0000 0.00 0.00 1.00 0 0 0 112 1 0 0 0 0 221219 194151.107
-1.0884 -2.4782 0.0000 0.00 0.00 1.00 0 0 0 112 1 0 0 0 0 221219 194151.308
-1.0882 -2.5098 0.0000 0.00 0.00 1.00 0 0 0 112 1 0 0 0 0 221219 194151.508
-1.0886 -2.5516 0.0000 0.00 0.00 1.00 0 0 0 112 1 0 0 0 0 221219 194151.708
-1.0907 -2.5903 0.0000 0.00 0.00 1.00 0 0 0 112 1 0 0 0 0 221219 194151.908
-1.0843 -2.6262 0.0000 0.00 0.00 1.00 0 0 0 112 1 0 0 0 0 221219 194152.108
-1.0846 -2.6584 0.0000 0.00 0.00 1.00 0 0 0 112 1 0 0 0 0 221219 194152.309
-1.0835 -2.6883 0.0000 0.00 0.00 1.00 0 0 0 112 1 0 0 0 0 221219 194152.509
-1.0846 -2.7215 0.0000 0.00 0.00 1.00 0 0 0 112 1 0 0 0 0 221219 194152.709
-1.0823 -2.7520 0.0000 0.00 0.00 1.00 0 0 0 112 1 0 0 0 0 221219 194152.909
-1.0795 -2.7850 0.0000 0.00 0.00 1.00 0 0 0 112 1 0 0 0 0 221219 194153.109
-1.0777 -2.8203 0.0000 0.00 0.00 1.00 0 0 0 112 1 0 0 0 0 221219 194153.309
-1.0806 -2.8592 0.0000 0.00 0.00 1.00 0 0 0 112 1 0 0 0 0 221219 194153.510
-1.0806 -2.8911 0.0000 0.00 0.00 1.00 0 0 0 112 1 0 0 0 0 221219 194153.710
-1.0809 -2.9197 0.0000 0.00 0.00 1.00 0 0 0 112 1 0 0 0 0 221219 194153.910
-1.0766 -2.9540 0.0000 0.00 0.00 1.00 0 0 0 112 1 0 0 0 0 221219 194154.110
-1.0760 -2.9926 0.0000 0.00 0.00 1.00 0 0 0 112 1 0 0 0 0 221219 194154.310
-1.0745 -3.0262 0.0000 0.00 0.00 1.00 0 0 0 112 1 0 0 0 0 221219 194154.511
-1.0730 -3.0610 0.0000 0.00 0.00 1.00 0 0 0 112 1 0 0 0 0 221219 194154.711
-1.0764 -3.0983 0.0000 0.00 0.00 1.00 0 0 0 112 1 0 0 0 0 221219 194154.911
-1.0740 -3.1320 0.0000 0.00 0.00 1.00 0 0 0 112 1 0 0 0 0 221219 194155.111
-1.0708 -3.1625 0.0000 0.00 0.00 1.00 0 0 0 112 1 0 0 0 0 221219 194155.311
-1.0712 -3.1937 0.0000 0.00 0.00 1.00 0 0 0 112 1 0 0 0 0 221219 194155.512
-1.0680 -3.2271 0.0000 0.00 0.00 1.00 0 0 0 112 1 0 0 0 0 221219 194155.712
-1.0652 -3.2621 0.0000 0.00 0.00 1.00 0 0 0 112 1 0 0 0 0 221219 194155.912
-1.0644 -3.3018 0.0000 0.00 0.00 1.00 0 0 0 112 1 0 0 0 0 221219 194156.112
-1.0710 -3.3363 0.0000 0.00 0.00 1.00 0 0 0 112 1 0 0 0 0 221219 194156.312
-1.0672 -3.3631 0.0000 0.00 0.00 1.00 0 0 0 112 1 0 0 0 0 221219 194156.512
-1.0673 -3.3954 0.0000 0.00 0.00 1.00 0 0 0 112 1 0 0 0 0 221219 194156.713
-1.0642 -3.4318 0.0000 0.00 0.00 1.00 0 0 0 112 1 0 0 0 0 221219 194156.913
-1.0640 -3.4667 0.0000 0.00 0.00 1.00 0 0 0 112 1 0 0 0 0 221219 194157.113
-1.0651 -3.5017 0.0000 0.00 0.00 1.00 0 0 0 112 1 0 0 0 0 221219 194157.313
-1.0639 -3.5357 0.0000 0.00 0.00 1.00 0 0 0 112 1 0 0 0 0 221219 194157.514
-1.0554 -3.5709 0.0000 0.00 0.00 1.00 0 0 0 112 1 0 0 0 0 221219 194157.714
-1.0512 -3.6092 0.0000 0.00 0.00 1.00 0 0 0 112 1 0 0 0 0 221219 194157.914
-1.0505 -3.6442 0.0000 0.00 0.00 1.00 0 0 0 112 1 0 0 0 0 221219 194158.114
-1.0566 -3.6720 0.0000 0.00 0.00 1.00 0 0 0 112 1 0 0 0 0 221219 194158.314
-1.0570 -3.7055 0.0000 0.00 0.00 1.00 0 0 0 112 1 0 0 0 0 221219 194158.514
-1.0497 -3.7420 0.0000 0.00 0.00 1.00 0 0 0 112 1 0 0 0 0 221219 194158.715
-1.0454 -3.7757 0.0000 0.00 0.00 1.00 0 0 0 112 1 0 0 0 0 221219 194158.915
-1.0515 -3.8051 0.0000 0.00 0.00 1.00 0 0 0 112 1 0 0 0 0 221219 194159.115
-1.0496 -3.8386 0.0000 0.00 0.00 1.00 0 0 0 112 1 0 0 0 0 221219 194159.315
-1.0474 -3.8818 0.0000 0.00 0.00 1.00 0 0 0 112 1 0 0 0 0 221219 194159.515
-1.0464 -3.9066 0.0000 0.00 0.00 1.00 0 0 0 112 1 0 0 0 0 221219 194159.716
-1.0453 -3.9344 0.0000 0.00 0.00 1.00 0 21 247 112 1 0 0 0 0 221219 194159.916
-1.0442 -3.9726 0.0000 0.00 0.00 1.00 0 184 246 112 1 0 0 0 0 221219 194200.116
-1.0442 -4.0083 0.0000 0.00 0.00 1.00 0 212 245 112 1 0 0 0 0 221219 194200.316
-1.0469 -4.0397 0.0000 0.00 0.00 1.00 0 0 0 127 0 0 0 0 0 221219 194200.516
-1.0448 -4.0730 0.0000 0.00 0.00 1.00 0 0 0 127 0 0 0 0 0 221219 194200.717
-1.0399 -4.0994 0.0000 0.00 0.00 1.00 0 0 0 127 0 0 0 0 0 221219 194200.917
-1.0400 -4.0992 0.0000 0.00 0.00 1.00 0 0 0 127 0 0 0 0 0 221219 194201.117
-1.0425 -4.0762 0.0000 0.00 0.00 1.00 0 0 0 127 0 0 0 0 0 221219 194201.317
-1.0442 -4.0583 0.0000 0.00 0.00 1.00 0 0 0 127 0 0 0 0 0 221219 194201.517
-1.0478 -4.0523 0.0000 0.00 0.00 1.00 0 0 0 127 0 0 0 0 0 221219 194201.718
-1.0458 -4.0628 0.0000 0.00 0.00 1.00 0 0 0 127 0 0 0 0 0 221219 194201.918
-1.0446 -4.0701 0.0000 0.00 0.00 1.00 0 0 0 127 0 0 0 0 0 221219 194202.118
-1.0436 -4.0718 0.0000 0.00 0.00 1.00 0 0 0 127 0 0 0 0 0 221219 194202.318
-1.0384 -4.0727 0.0000 0.00 0.00 1.00 0 0 0 127 0 0 0 0 0 221219 194202.519
-1.0613 -4.0776 0.0000 0.00 0.00 1.00 0 0 0 127 0 0 0 0 0 221219 194202.719
-1.0637 -4.0750 0.0000 0.00 0.00 1.00 0 0 0 127 0 0 0 0 0 221219 194202.919
-1.0655 -4.0774 0.0000 0.00 0.00 1.00 0 0 0 127 0 0 0 0 0 221219 194203.119
-1.0650 -4.0792 0.0000 0.00 0.00 1.00 0 0 0 127 0 0 0 0 0 221219 194203.320
-1.0654 -4.0780 0.0000 0.00 0.00 1.00 0 0 0 127 0 0 0 0 0 221219 194203.520
-1.0646 -4.0760 0.0000 0.00 0.00 1.00 0 0 0 127 0 0 0 0 0 221219 194203.720
-1.0640 -4.0779 0.0000 0.00 0.00 1.00 0 0 0 127 0 0 0 0 0 221219 194203.920
-1.0643 -4.0793 0.0000 0.00 0.00 1.00 0 0 0 127 0 0 0 0 0 221219 194204.120
-1.0637 -4.0784 0.0000 0.00 0.00 1.00 0 0 0 127 0 0 0 0 0 221219 194204.321
-1.0642 -4.0764 0.0000 0.00 0.00 1.00 0 0 0 127 0 0 0 0 0 221219 194204.521
-1.0622 -4.0755 0.0000 0.00 0.00 1.00 0 79 245 112 1 0 0 0 0 221219 194204.721
-1.0658 -4.0772 0.0000 0.00 0.00 1.00 0 5 244 112 1 0 0 0 0 221219 194204.921
-1.0651 -4.0754 0.0000 0.00 0.00 1.00 0 142 244 112 1 0 0 0 0 221219 194205.121
-1.0691 -4.1140 0.0000 0.00 0.00 1.00 0 106 227 112 1 0 0 0 0 221219 194205.322
-1.0700 -4.1652 0.0000 0.00 0.00 1.00 0 39 241 112 1 0 0 0 0 221219 194205.522
-1.0617 -4.2148 0.0000 0.00 0.00 1.00 0 61 250 112 1 0 0 0 0 221219 194205.722
-1.0571 -4.2512 0.0000 0.00 0.00 1.00 0 5 243 112 1 0 0 0 0 221219 194205.922
-1.0598 -4.2770 0.0000 0.00 0.00 1.00 0 13 232 112 1 0 0 0 0 221219 194206.123
-1.0581 -4.3105 0.0000 0.00 0.00 1.00 0 27 241 112 1 0 0 0 0 221219 194206.323
-1.0577 -4.3433 0.0000 0.00 0.00 1.00 0 217 240 112 1 0 0 0 0 221219 194206.523
-1.0556 -4.3753 0.0000 0.00 0.00 1.00 0 244 240 112 1 0 0 0 0 221219 194206.723
-1.0510 -4.4104 0.0000 0.00 0.00 1.00 0 114 241 112 1 0 0 0 0 221219 194206.924
-1.0493 -4.4431 0.0000 0.00 0.00 1.00 0 102 239 112 1 0 0 0 0 221219 194207.124
-1.0459 -4.4721 0.0000 0.00 0.00 1.00 0 67 239 112 1 0 0 0 0 221219 194207.324
-1.0440 -4.5063 0.0000 0.00 0.00 1.00 0 25 235 112 1 0 0 0 0 221219 194207.524
-1.0399 -4.5397 0.0000 0.00 0.00 1.00 0 219 238 112 1 0 0 0 0 221219 194207.724
-1.0356 -4.5719 0.0000 0.00 0.00 1.00 0 149 238 112 1 0 0 0 0 221219 194207.924
-1.0338 -4.6037 0.0000 0.00 0.00 1.00 0 182 237 112 1 0 0 0 0 221219 194208.125
-1.0291 -4.6378 0.0000 0.00 0.00 1.00 0 59 238 112 1 0 0 0 0 221219 194208.325
-1.0234 -4.6686 0.0000 0.00 0.00 1.00 0 32 237 112 1 0 0 0 0 221219 194208.525
-1.0177 -4.6984 0.0000 0.00 0.00 1.00 0 223 233 112 1 0 0 0 0 221219 194208.725
-1.0150 -4.7308 0.0000 0.00 0.00 1.00 0 202 235 112 1 0 0 0 0 221219 194208.925
-1.0120 -4.7613 0.0000 0.00 0.00 1.00 0 197 235 112 1 0 0 0 0 221219 194209.125
-1.0070 -4.7988 0.0000 0.00 0.00 1.00 0 227 234 112 1 0 0 0 0 221219 194209.326
-0.9976 -4.8291 0.0000 0.00 0.00 1.00 0 20 236 112 1 0 0 0 0 221219 194209.526
-0.9881 -4.8603 0.0000 0.00 0.00 1.00 0 239 233 112 1 0 0 0 0 221219 194209.726
-0.9828 -4.8860 0.0000 0.00 0.00 1.00 0 69 234 112 1 0 0 0 0 221219 194209.926
-0.9800 -4.9184 0.0000 0.00 0.00 1.00 0 35 232 112 1 0 0 0 0 221219 194210.127
-0.9717 -4.9542 0.0000 0.00 0.00 1.00 0 149 231 112 1 0 0 0 0 221219 194210.327
-0.9644 -4.9865 0.0000 0.00 0.00 1.00 0 73 231 112 1 0 0 0 0 221219 194210.527
-0.9538 -5.0253 0.0000 0.00 0.00 1.00 0 225 229 112 1 0 0 0 0 221219 194210.728
-0.9447 -5.0581 0.0000 0.00 0.00 1.00 0 102 229 112 1 0 0 0 0 221219 194210.928
-0.9371 -5.0876 0.0000 0.00 0.00 1.00 0 35 229 112 1 0 0 0 0 221219 194211.128
-0.9294 -5.1150 0.0000 0.00 0.00 1.00 0 21 226 112 1 0 0 0 0 221219 194211.328
-0.9203 -5.1432 0.0000 0.00 0.00 1.00 0 113 228 112 1 0 0 0 0 221219 194211.528
-0.9095 -5.1706 0.0000 0.00 0.00 1.00 0 154 228 112 1 0 0 0 0 221219 194211.729
-0.8962 -5.2020 0.0000 0.00 0.00 1.00 0 69 228 112 1 0 0 0 0 221219 194211.929
-0.8838 -5.2275 0.0000 0.00 0.00 1.00 0 226 228 112 1 0 0 0 0 221219 194212.129
-0.8768 -5.2614 0.0000 0.00 0.00 1.00 0 191 226 112 1 0 0 0 0 221219 194212.329
-0.8655 -5.2910 0.0000 0.00 0.00 1.00 0 196 226 112 1 0 0 0 0 221219 194212.529
-0.8547 -5.3222 0.0000 0.00 0.00 1.00 0 10 224 112 1 0 0 0 0 221219 194212.729
-0.8454 -5.3442 0.0000 0.00 0.00 1.00 0 44 225 112 1 0 0 0 0 221219 194212.929
-0.8340 -5.3750 0.0000 0.00 0.00 1.00 0 46 215 112 1 0 0 0 0 221219 194213.130
-0.8201 -5.4090 0.0000 0.00 0.00 1.00 0 33 223 112 1 0 0 0 0 221219 194213.330
-0.8096 -5.4418 0.0000 0.00 0.00 1.00 0 152 222 112 1 0 0 0 0 221219 194213.530
-0.7908 -5.4683 0.0000 0.00 0.00 1.00 0 195 223 112 1 0 0 0 0 221219 194213.730
-0.7809 -5.4937 0.0000 0.00 0.00 1.00 0 190 222 112 1 0 0 0 0 221219 194213.930
-0.7662 -5.5225 0.0000 0.00 0.00 1.00 0 154 222 112 1 0 0 0 0 221219 194214.130
-0.7519 -5.5518 0.0000 0.00 0.00 1.00 0 218 221 112 1 0 0 0 0 221219 194214.330
-0.7367 -5.5841 0.0000 0.00 0.00 1.00 0 38 221 112 1 0 0 0 0 221219 194214.531
-0.7214 -5.6133 0.0000 0.00 0.00 1.00 0 250 220 112 1 0 0 0 0 221219 194214.731
-0.6995 -5.6406 0.0000 0.00 0.00 1.00 0 224 229 112 1 0 0 0 0 221219 194214.931
-0.6858 -5.6700 0.0000 0.00 0.00 1.00 0 16 221 112 1 0 0 0 0 221219 194215.132
-0.6696 -5.6937 0.0000 0.00 0.00 1.00 0 178 228 112 1 0 0 0 0 221219 194215.332
-0.6498 -5.7235 0.0000 0.00 0.00 1.00 0 200 218 112 1 0 0 0 0 221219 194215.532
-0.6296 -5.7502 0.0000 0.00 0.00 1.00 0 61 218 112 1 0 0 0 0 221219 194215.732
-0.6124 -5.7696 0.0000 0.00 0.00 1.00 0 233 218 112 1 0 0 0 0 221219 194215.932
-0.5956 -5.7965 0.0000 0.00 0.00 1.00 0 17 217 112 1 0 0 0 0 221219 194216.132
-0.5751 -5.8257 0.0000 0.00 0.00 1.00 0 182 215 112 1 0 0 0 0 221219 194216.333
-0.5580 -5.8489 0.0000 0.00 0.00 1.00 0 47 215 112 1 0 0 0 0 221219 194216.533
-0.5466 -5.8687 0.0000 0.00 0.00 1.00 0 124 214 112 1 0 0 0 0 221219 194216.733
-0.5211 -5.8924 0.0000 0.00 0.00 1.00 0 249 214 112 1 0 0 0 0 221219 194216.934
-0.4999 -5.9151 0.0000 0.00 0.00 1.00 0 250 214 112 1 0 0 0 0 221219 194217.134
-0.4812 -5.9468 0.0000 0.00 0.00 1.00 0 180 212 112 1 0 0 0 0 221219 194217.334
-0.4638 -5.9673 0.0000 0.00 0.00 1.00 0 197 223 112 1 0 0 0 0 221219 194217.534
-0.4411 -5.9895 0.0000 0.00 0.00 1.00 0 211 212 112 1 0 0 0 0 221219 194217.734
-0.4143 -6.0132 0.0000 0.00 0.00 1.00 0 244 208 112 1 0 0 0 0 221219 194217.934
-0.3844 -6.0414 0.0000 0.00 0.00 1.00 0 72 211 112 1 0 0 0 0 221219 194218.135
-0.3660 -6.0609 0.0000 0.00 0.00 1.00 0 253 218 112 1 0 0 0 0 221219 194218.335
-0.3462 -6.0773 0.0000 0.00 0.00 1.00 0 208 211 112 1 0 0 0 0 221219 194218.535
-0.3222 -6.1020 0.0000 0.00 0.00 1.00 0 140 214 112 1 0 0 0 0 221219 194218.736
-0.2906 -6.1252 0.0000 0.00 0.00 1.00 0 58 210 112 1 0 0 0 0 221219 194218.936
-0.2708 -6.1414 0.0000 0.00 0.00 1.00 0 222 206 112 1 0 0 0 0 221219 194219.136
-0.2471 -6.1524 0.0000 0.00 0.00 1.00 0 147 211 112 1 0 0 0 0 221219 194219.336
-0.2230 -6.1712 0.0000 0.00 0.00 1.00 0 119 210 112 1 0 0 0 0 221219 194219.536
-0.1950 -6.1891 0.0000 0.00 0.00 1.00 0 230 210 112 1 0 0 0 0 221219 194219.736
-0.1765 -6.2084 0.0000 0.00 0.00 1.00 0 50 209 112 1 0 0 0 0 221219 194219.937
-0.1448 -6.2292 0.0000 0.00 0.00 1.00 0 16 212 112 1 0 0 0 0 221219 194220.137
-0.1161 -6.2478 0.0000 0.00 0.00 1.00 0 147 208 112 1 0 0 0 0 221219 194220.337
-0.0913 -6.2520 0.0000 0.00 0.00 1.00 0 139 231 112 1 0 0 0 0 221219 194220.537
-0.0698 -6.2668 0.0000 0.00 0.00 1.00 0 230 210 112 1 0 0 0 0 221219 194220.737
-0.0332 -6.2839 0.0000 0.00 0.00 1.00 0 244 211 112 1 0 0 0 0 221219 194220.937
0.0025 -6.2999 0.0000 0.00 0.00 1.00 0 56 212 112 1 0 0 0 0 221219 194221.138
0.0328 -6.3128 0.0000 0.00 0.00 1.00 0 162 212 112 1 0 0 0 0 221219 194221.338
0.0501 -6.3240 0.0000 0.00 0.00 1.00 0 207 211 112 1 0 0 0 0 221219 194221.538
0.0717 -6.3370 0.0000 0.00 0.00 1.00 0 75 211 112 1 0 0 0 0 221219 194221.738
0.1041 -6.3553 0.0000 0.00 0.00 1.00 0 67 211 112 1 0 0 0 0 221219 194221.938
0.1391 -6.3642 0.0000 0.00 0.00 1.00 0 103 211 112 1 0 0 0 0 221219 194222.139
0.1712 -6.3723 0.0000 0.00 0.00 1.00 0 130 208 112 1 0 0 0 0 221219 194222.339
0.1994 -6.3815 0.0000 0.00 0.00 1.00 0 254 209 112 1 0 0 0 0 221219 194222.539
0.2241 -6.3924 0.0000 0.00 0.00 1.00 0 33 200 112 1 0 0 0 0 221219 194222.739
0.2502 -6.4009 0.0000 0.00 0.00 1.00 0 220 208 112 1 0 0 0 0 221219 194222.939
0.2760 -6.4109 0.0000 0.00 0.00 1.00 0 25 203 112 1 0 0 0 0 221219 194223.140
0.3058 -6.4190 0.0000 0.00 0.00 1.00 0 60 210 112 1 0 0 0 0 221219 194223.340
0.3382 -6.4239 0.0000 0.00 0.00 1.00 0 89 211 112 1 0 0 0 0 221219 194223.540
0.3720 -6.4245 0.0000 0.00 0.00 1.00 0 5 213 112 1 0 0 0 0 221219 194223.740
0.4046 -6.4311 0.0000 0.00 0.00 1.00 0 126 212 112 1 0 0 0 0 221219 194223.940
0.4336 -6.4398 0.0000 0.00 0.00 1.00 0 81 211 112 1 0 0 0 0 221219 194224.140
0.4599 -6.4506 0.0000 0.00 0.00 1.00 0 197 209 112 1 0 0 0 0 221219 194224.341
0.4844 -6.4518 0.0000 0.00 0.00 1.00 0 227 211 112 1 0 0 0 0 221219 194224.541
0.5162 -6.4532 0.0000 0.00 0.00 1.00 0 175 213 112 1 0 0 0 0 221219 194224.741
0.5556 -6.4613 0.0000 0.00 0.00 1.00 0 245 212 112 1 0 0 0 0 221219 194224.941
0.5930 -6.4622 0.0000 0.00 0.00 1.00 0 15 215 112 1 0 0 0 0 221219 194225.141
0.6172 -6.4591 0.0000 0.00 0.00 1.00 0 251 222 112 1 0 0 0 0 221219 194225.341
0.6492 -6.4579 0.0000 0.00 0.00 1.00 0 200 217 112 1 0 0 0 0 221219 194225.541
0.6846 -6.4558 0.0000 0.00 0.00 1.00 0 154 213 112 1 0 0 0 0 221219 194225.741
0.7172 -6.4587 0.0000 0.00 0.00 1.00 0 114 217 112 1 0 0 0 0 221219 194225.942
0.7476 -6.4551 0.0000 0.00 0.00 1.00 0 32 219 112 1 0 0 0 0 221219 194226.142
0.7749 -6.4532 0.0000 0.00 0.00 1.00 0 135 219 112 1 0 0 0 0 221219 194226.342
0.8106 -6.4504 0.0000 0.00 0.00 1.00 0 158 220 112 1 0 0 0 0 221219 194226.542
0.8465 -6.4444 0.0000 0.00 0.00 1.00 0 65 222 112 1 0 0 0 0 221219 194226.742
0.8766 -6.4377 0.0000 0.00 0.00 1.00 0 107 223 112 1 0 0 0 0 221219 194226.942
0.9015 -6.4314 0.0000 0.00 0.00 1.00 0 119 223 112 1 0 0 0 0 221219 194227.143
0.9305 -6.4291 0.0000 0.00 0.00 1.00 0 175 222 112 1 0 0 0 0 221219 194227.343
0.9547 -6.4271 0.0000 0.00 0.00 1.00 0 198 222 112 1 0 0 0 0 221219 194227.543
0.9981 -6.4186 0.0000 0.00 0.00 1.00 0 213 224 112 1 0 0 0 0 221219 194227.743
1.0227 -6.4142 0.0000 0.00 0.00 1.00 0 108 225 112 1 0 0 0 0 221219 194227.943
1.0570 -6.4050 0.0000 0.00 0.00 1.00 0 196 226 112 1 0 0 0 0 221219 194228.143
1.0845 -6.3952 0.0000 0.00 0.00 1.00 0 168 226 112 1 0 0 0 0 221219 194228.344
1.1047 -6.3886 0.0000 0.00 0.00 1.00 0 208 228 112 1 0 0 0 0 221219 194228.544
1.1378 -6.3795 0.0000 0.00 0.00 1.00 0 35 230 112 1 0 0 0 0 221219 194228.744
1.1695 -6.3728 0.0000 0.00 0.00 1.00 0 169 229 112 1 0 0 0 0 221219 194228.944
1.2077 -6.3624 0.0000 0.00 0.00 1.00 0 217 231 112 1 0 0 0 0 221219 194229.144
1.2331 -6.3540 0.0000 0.00 0.00 1.00 0 9 231 112 1 0 0 0 0 221219 194229.345
1.2626 -6.3396 0.0000 0.00 0.00 1.00 0 26 234 112 1 0 0 0 0 221219 194229.545
1.2902 -6.3295 0.0000 0.00 0.00 1.00 0 199 233 112 1 0 0 0 0 221219 194229.745
1.3244 -6.3166 0.0000 0.00 0.00 1.00 0 78 236 112 1 0 0 0 0 221219 194229.945
1.3568 -6.3047 0.0000 0.00 0.00 1.00 0 39 239 112 1 0 0 0 0 221219 194230.145
1.3892 -6.2939 0.0000 0.00 0.00 1.00 0 117 237 112 1 0 0 0 0 221219 194230.346
1.4170 -6.2834 0.0000 0.00 0.00 1.00 0 189 238 112 1 0 0 0 0 221219 194230.546
1.4468 -6.2707 0.0000 0.00 0.00 1.00 0 55 240 112 1 0 0 0 0 221219 194230.746
1.4764 -6.2595 0.0000 0.00 0.00 1.00 0 180 240 112 1 0 0 0 0 221219 194230.946
1.5056 -6.2398 0.0000 0.00 0.00 1.00 0 31 244 112 1 0 0 0 0 221219 194231.146
1.5341 -6.2224 0.0000 0.00 0.00 1.00 0 220 245 112 1 0 0 0 0 221219 194231.346
1.5609 -6.2123 0.0000 0.00 0.00 1.00 0 231 237 112 1 0 0 0 0 221219 194231.547
1.5883 -6.1996 0.0000 0.00 0.00 1.00 0 240 245 112 1 0 0 0 0 221219 194231.747
1.6166 -6.1835 0.0000 0.00 0.00 1.00 0 238 4 112 1 0 0 0 0 221219 194231.947
1.6478 -6.1686 0.0000 0.00 0.00 1.00 0 152 247 112 1 0 0 0 0 221219 194232.147
1.6808 -6.1546 0.0000 0.00 0.00 1.00 0 245 247 112 1 0 0 0 0 221219 194232.347
1.7171 -6.1380 0.0000 0.00 0.00 1.00 0 234 248 112 1 0 0 0 0 221219 194232.548
1.7458 -6.1234 0.0000 0.00 0.00 1.00 0 225 249 112 1 0 0 0 0 221219 194232.748
1.7717 -6.1040 0.0000 0.00 0.00 1.00 0 234 251 112 1 0 0 0 0 221219 194232.948
1.8019 -6.0904 0.0000 0.00 0.00 1.00 0 0 0 112 1 0 0 0 0 221219 194233.148
1.8268 -6.0787 0.0000 0.00 0.00 1.00 0 0 0 112 1 0 0 0 0 221219 194233.348
1.8572 -6.0622 0.0000 0.00 0.00 1.00 0 0 0 112 1 0 0 0 0 221219 194233.549
1.8915 -6.0373 0.0000 0.00 0.00 1.00 0 0 0 112 1 0 0 0 0 221219 194233.749
1.9218 -6.0236 0.0000 0.00 0.00 1.00 0 0 0 112 1 0 0 0 0 221219 194233.949
1.9454 -6.0088 0.0000 0.00 0.00 1.00 0 0 0 112 1 0 0 0 0 221219 194234.149
1.9754 -5.9907 0.0000 0.00 0.00 1.00 0 0 0 112 1 0 0 0 0 221219 194234.349
2.0032 -5.9762 0.0000 0.00 0.00 1.00 0 0 0 112 1 0 0 0 0 221219 194234.550
2.0313 -5.9567 0.0000 0.00 0.00 1.00 0 0 0 112 1 0 0 0 0 221219 194234.750
2.0603 -5.9434 0.0000 0.00 0.00 1.00 0 0 0 112 1 0 0 0 0 221219 194234.950
2.0920 -5.9256 0.0000 0.00 0.00 1.00 0 0 0 112 1 0 0 0 0 221219 194235.150
2.1246 -5.9067 0.0000 0.00 0.00 1.00 0 0 0 112 1 0 0 0 0 221219 194235.350
2.1536 -5.8915 0.0000 0.00 0.00 1.00 0 0 0 112 1 0 0 0 0 221219 194235.551
2.1830 -5.8754 0.0000 0.00 0.00 1.00 0 0 0 112 1 0 0 0 0 221219 194235.751
2.2127 -5.8520 0.0000 0.00 0.00 1.00 0 0 0 112 1 0 0 0 0 221219 194235.951
2.2427 -5.8338 0.0000 0.00 0.00 1.00 0 0 0 112 1 0 0 0 0 221219 194236.151
2.2720 -5.8180 0.0000 0.00 0.00 1.00 0 0 0 112 1 0 0 0 0 221219 194236.351
2.2959 -5.8029 0.0000 0.00 0.00 1.00 0 0 0 112 1 0 0 0 0 221219 194236.552
2.3271 -5.7849 0.0000 0.00 0.00 1.00 0 0 0 112 1 0 0 0 0 221219 194236.752
2.3554 -5.7664 0.0000 0.00 0.00 1.00 0 0 0 112 1 0 0 0 0 221219 194236.952
2.3816 -5.7520 0.0000 0.00 0.00 1.00 0 0 0 112 1 0 0 0 0 221219 194237.153
2.4173 -5.7306 0.0000 0.00 0.00 1.00 0 0 0 112 1 0 0 0 0 221219 194237.353
2.4523 -5.7123 0.0000 0.00 0.00 1.00 0 0 0 112 1 0 0 0 0 221219 194237.553
2.4790 -5.7000 0.0000 0.00 0.00 1.00 0 0 0 112 1 0 0 0 0 221219 194237.754
2.5093 -5.6831 0.0000 0.00 0.00 1.00 0 0 0 112 1 0 0 0 0 221219 194237.954
2.5386 -5.6645 0.0000 0.00 0.00 1.00 0 0 0 112 1 0 0 0 0 221219 194238.154
2.5696 -5.6463 0.0000 0.00 0.00 1.00 0 0 0 112 1 0 0 0 0 221219 194238.354
2.5911 -5.6290 0.0000 0.00 0.00 1.00 0 0 0 112 1 0 0 0 0 221219 194238.554
2.6179 -5.6148 0.0000 0.00 0.00 1.00 0 0 0 112 1 0 0 0 0 221219 194238.755
2.6449 -5.6000 0.0000 0.00 0.00 1.00 0 0 0 112 1 0 0 0 0 221219 194238.955
2.6754 -5.5844 0.0000 0.00 0.00 1.00 0 0 0 112 1 0 0 0 0 221219 194239.155
2.7111 -5.5668 0.0000 0.00 0.00 1.00 0 0 0 112 1 0 0 0 0 221219 194239.355
2.7422 -5.5497 0.0000 0.00 0.00 1.00 0 0 0 112 1 0 0 0 0 221219 194239.555
2.7726 -5.5311 0.0000 0.00 0.00 1.00 0 0 0 112 1 0 0 0 0 221219 194239.756
2.7994 -5.5108 0.0000 0.00 0.00 1.00 0 0 0 112 1 0 0 0 0 221219 194239.956
2.8297 -5.4930 0.0000 0.00 0.00 1.00 0 0 0 112 1 0 0 0 0 221219 194240.156
2.8524 -5.4796 0.0000 0.00 0.00 1.00 0 0 0 112 1 0 0 0 0 221219 194240.356
2.8854 -5.4599 0.0000 0.00 0.00 1.00 0 0 0 112 1 0 0 0 0 221219 194240.556
2.9136 -5.4454 0.0000 0.00 0.00 1.00 0 0 0 112 1 0 0 0 0 221219 194240.757
2.9459 -5.4238 0.0000 0.00 0.00 1.00 0 0 0 112 1 0 0 0 0 221219 194240.957
2.9696 -5.4120 0.0000 0.00 0.00 1.00 0 0 0 112 1 0 0 0 0 221219 194241.157
2.9996 -5.3925 0.0000 0.00 0.00 1.00 0 0 0 112 1 0 0 0 0 221219 194241.357
3.0289 -5.3755 0.0000 0.00 0.00 1.00 0 0 0 112 1 0 0 0 0 221219 194241.557
3.0633 -5.3583 0.0000 0.00 0.00 1.00 0 0 0 112 1 0 0 0 0 221219 194241.757
3.0930 -5.3452 0.0000 0.00 0.00 1.00 0 0 0 112 1 0 0 0 0 221219 194241.958
3.1168 -5.3221 0.0000 0.00 0.00 1.00 0 0 0 112 1 0 0 0 0 221219 194242.158
3.1373 -5.3041 0.0000 0.00 0.00 1.00 0 0 0 112 1 0 0 0 0 221219 194242.358
3.1723 -5.2848 0.0000 0.00 0.00 1.00 0 0 0 112 1 0 0 0 0 221219 194242.558
3.2077 -5.2706 0.0000 0.00 0.00 1.00 0 0 0 112 1 0 0 0 0 221219 194242.758
3.2394 -5.2555 0.0000 0.00 0.00 1.00 0 0 0 112 1 0 0 0 0 221219 194242.958
3.2600 -5.2418 0.0000 0.00 0.00 1.00 0 173 241 112 1 0 0 0 0 221219 194243.158
3.2843 -5.2189 0.0000 0.00 0.00 1.00 0 85 242 112 1 0 0 0 0 221219 194243.359
3.3208 -5.2028 0.0000 0.00 0.00 1.00 0 219 236 112 1 0 0 0 0 221219 194243.559
3.3481 -5.1860 0.0000 0.00 0.00 1.00 0 249 237 112 1 0 0 0 0 221219 194243.759
3.3748 -5.1733 0.0000 0.00 0.00 1.00 0 87 235 112 1 0 0 0 0 221219 194243.959
3.4045 -5.1579 0.0000 0.00 0.00 1.00 0 241 233 112 1 0 0 0 0 221219 194244.159
3.4346 -5.1372 0.0000 0.00 0.00 1.00 0 64 233 112 1 0 0 0 0 221219 194244.359
3.4691 -5.1203 0.0000 0.00 0.00 1.00 0 53 229 112 1 0 0 0 0 221219 194244.560
3.4988 -5.1078 0.0000 0.00 0.00 1.00 0 245 227 112 1 0 0 0 0 221219 194244.760
3.5230 -5.0924 0.0000 0.00 0.00 1.00 0 161 227 112 1 0 0 0 0 221219 194244.960
3.5429 -5.0702 0.0000 0.00 0.00 1.00 0 188 229 112 1 0 0 0 0 221219 194245.160
3.5670 -5.0564 0.0000 0.00 0.00 1.00 0 240 227 112 1 0 0 0 0 221219 194245.360
3.6005 -5.0387 0.0000 0.00 0.00 1.00 0 152 224 112 1 0 0 0 0 221219 194245.560
3.6301 -5.0200 0.0000 0.00 0.00 1.00 0 30 223 112 1 0 0 0 0 221219 194245.761
3.6492 -4.9982 0.0000 0.00 0.00 1.00 0 12 234 112 1 0 0 0 0 221219 194245.961
3.6665 -4.9830 0.0000 0.00 0.00 1.00 0 121 223 112 1 0 0 0 0 221219 194246.161
3.6988 -4.9619 0.0000 0.00 0.00 1.00 0 25 202 112 1 0 0 0 0 221219 194246.361
3.7223 -4.9404 0.0000 0.00 0.00 1.00 0 52 219 112 1 0 0 0 0 221219 194246.561
3.7433 -4.9187 0.0000 0.00 0.00 1.00 0 190 227 112 1 0 0 0 0 221219 194246.761
3.7635 -4.8979 0.0000 0.00 0.00 1.00 0 106 217 112 1 0 0 0 0 221219 194246.962
3.7898 -4.8734 0.0000 0.00 0.00 1.00 0 6 215 112 1 0 0 0 0 221219 194247.162
3.8246 -4.8546 0.0000 0.00 0.00 1.00 0 26 211 112 1 0 0 0 0 221219 194247.362
3.8492 -4.8408 0.0000 0.00 0.00 1.00 0 173 209 112 1 0 0 0 0 221219 194247.562
3.8662 -4.8222 0.0000 0.00 0.00 1.00 0 177 209 112 1 0 0 0 0 221219 194247.762
3.8944 -4.7984 0.0000 0.00 0.00 1.00 0 62 209 112 1 0 0 0 0 221219 194247.963
3.8905 -4.7928 0.0000 0.00 0.00 1.00 0 75 233 112 1 0 0 0 0 221219 194248.163
3.8840 -4.7841 0.0000 0.00 0.00 1.00 0 165 216 112 1 0 0 0 0 221219 194248.363
3.8398 -4.8008 0.0000 0.00 0.00 1.00 0 100 12 112 1 0 0 0 0 221219 194248.563
3.8070 -4.8087 0.0000 0.00 0.00 1.00 0 48 230 112 1 0 0 0 0 221219 194248.763
3.7717 -4.7500 0.0000 0.00 0.00 1.00 0 231 246 112 1 0 0 0 0 221219 194248.963
3.7616 -4.6939 0.0000 0.00 0.00 1.00 0 56 237 112 1 0 0 0 0 221219 194249.163
3.7785 -4.6361 0.0000 0.00 0.00 1.00 0 234 232 112 1 0 0 0 0 221219 194249.364
3.8144 -4.5965 0.0000 0.00 0.00 1.00 0 11 223 112 1 0 0 0 0 221219 194249.564
3.8291 -4.5661 0.0000 0.00 0.00 1.00 0 66 222 112 1 0 0 0 0 221219 194249.764
3.8371 -4.5557 0.0000 0.00 0.00 1.00 0 26 222 112 1 0 0 0 0 221219 194249.964
3.8419 -4.5405 0.0000 0.00 0.00 1.00 0 71 223 112 1 0 0 0 0 221219 194250.165
3.8433 -4.5139 0.0000 0.00 0.00 1.00 0 241 234 112 1 0 0 0 0 221219 194250.365
3.8488 -4.4835 0.0000 0.00 0.00 1.00 0 45 225 112 1 0 0 0 0 221219 194250.565
3.8528 -4.4536 0.0000 0.00 0.00 1.00 0 186 225 112 1 0 0 0 0 221219 194250.765
3.8602 -4.4038 0.0000 0.00 0.00 1.00 0 98 226 112 1 0 0 0 0 221219 194250.965
3.8704 -4.3883 0.0000 0.00 0.00 1.00 0 160 225 112 1 0 0 0 0 221219 194251.166
3.8746 -4.3486 0.0000 0.00 0.00 1.00 0 84 226 112 1 0 0 0 0 221219 194251.366
3.8789 -4.3162 0.0000 0.00 0.00 1.00 0 192 225 112 1 0 0 0 0 221219 194251.566
3.8828 -4.2886 0.0000 0.00 0.00 1.00 0 127 225 112 1 0 0 0 0 221219 194251.766
3.8814 -4.2593 0.0000 0.00 0.00 1.00 0 13 227 112 1 0 0 0 0 221219 194251.966
3.8806 -4.2257 0.0000 0.00 0.00 1.00 0 9 228 112 1 0 0 0 0 221219 194252.166
3.8849 -4.1928 0.0000 0.00 0.00 1.00 0 74 227 112 1 0 0 0 0 221219 194252.367
3.8889 -4.1556 0.0000 0.00 0.00 1.00 0 49 227 112 1 0 0 0 0 221219 194252.567
3.8888 -4.1252 0.0000 0.00 0.00 1.00 0 249 227 112 1 0 0 0 0 221219 194252.767
3.8838 -4.1043 0.0000 0.00 0.00 1.00 0 154 229 112 1 0 0 0 0 221219 194252.967
3.8831 -4.0736 0.0000 0.00 0.00 1.00 0 133 229 112 1 0 0 0 0 221219 194253.167
3.8857 -4.0316 0.0000 0.00 0.00 1.00 0 230 228 112 1 0 0 0 0 221219 194253.367
3.8862 -4.0030 0.0000 0.00 0.00 1.00 0 9 229 112 1 0 0 0 0 221219 194253.568
3.8877 -3.9748 0.0000 0.00 0.00 1.00 0 16 229 112 1 0 0 0 0 221219 194253.768
3.8849 -3.9453 0.0000 0.00 0.00 1.00 0 26 230 112 1 0 0 0 0 221219 194253.968
3.8824 -3.9208 0.0000 0.00 0.00 1.00 0 73 231 112 1 0 0 0 0 221219 194254.168
3.8747 -3.8700 0.0000 0.00 0.00 1.00 0 127 233 112 1 0 0 0 0 221219 194254.368
3.8743 -3.8394 0.0000 0.00 0.00 1.00 0 79 233 112 1 0 0 0 0 221219 194254.569
3.8730 -3.8099 0.0000 0.00 0.00 1.00 0 121 233 112 1 0 0 0 0 221219 194254.769
3.8651 -3.7719 0.0000 0.00 0.00 1.00 0 226 235 112 1 0 0 0 0 221219 194254.969
3.8641 -3.7535 0.0000 0.00 0.00 1.00 0 8 235 112 1 0 0 0 0 221219 194255.169
3.8615 -3.7282 0.0000 0.00 0.00 1.00 0 89 235 112 1 0 0 0 0 221219 194255.369
3.8570 -3.6978 0.0000 0.00 0.00 1.00 0 204 235 112 1 0 0 0 0 221219 194255.569
3.8496 -3.6595 0.0000 0.00 0.00 1.00 0 149 241 112 1 0 0 0 0 221219 194255.769
3.8419 -3.6282 0.0000 0.00 0.00 1.00 0 55 237 112 1 0 0 0 0 221219 194255.970
3.8361 -3.6005 0.0000 0.00 0.00 1.00 0 204 241 112 1 0 0 0 0 221219 194256.170
3.8292 -3.5668 0.0000 0.00 0.00 1.00 0 36 238 112 1 0 0 0 0 221219 194256.370
3.8253 -3.5363 0.0000 0.00 0.00 1.00 0 101 239 112 1 0 0 0 0 221219 194256.570
3.8208 -3.5014 0.0000 0.00 0.00 1.00 0 20 238 112 1 0 0 0 0 221219 194256.770
3.8143 -3.4632 0.0000 0.00 0.00 1.00 0 229 238 112 1 0 0 0 0 221219 194256.970
3.8010 -3.4381 0.0000 0.00 0.00 1.00 0 108 241 112 1 0 0 0 0 221219 194257.170
3.7921 -3.4072 0.0000 0.00 0.00 1.00 0 235 241 112 1 0 0 0 0 221219 194257.371
3.7819 -3.3790 0.0000 0.00 0.00 1.00 0 25 243 112 1 0 0 0 0 221219 194257.571
3.7743 -3.3517 0.0000 0.00 0.00 1.00 0 22 243 112 1 0 0 0 0 221219 194257.771
3.7644 -3.3136 0.0000 0.00 0.00 1.00 0 1 244 112 1 0 0 0 0 221219 194257.971
3.7592 -3.2806 0.0000 0.00 0.00 1.00 0 141 243 112 1 0 0 0 0 221219 194258.171
3.7467 -3.2507 0.0000 0.00 0.00 1.00 0 168 251 112 1 0 0 0 0 221219 194258.371
3.7386 -3.2152 0.0000 0.00 0.00 1.00 0 243 245 112 1 0 0 0 0 221219 194258.571
3.7284 -3.1801 0.0000 0.00 0.00 1.00 0 125 248 112 1 0 0 0 0 221219 194258.772
3.7226 -3.1480 0.0000 0.00 0.00 1.00 0 142 246 112 1 0 0 0 0 221219 194258.972
3.7122 -3.1185 0.0000 0.00 0.00 1.00 0 45 248 112 1 0 0 0 0 221219 194259.172
3.7001 -3.0893 0.0000 0.00 0.00 1.00 0 193 249 112 1 0 0 0 0 221219 194259.372
3.6875 -3.0577 0.0000 0.00 0.00 1.00 0 251 250 112 1 0 0 0 0 221219 194259.572
3.6755 -3.0247 0.0000 0.00 0.00 1.00 0 0 0 112 1 0 0 0 0 221219 194259.773
3.6632 -2.9901 0.0000 0.00 0.00 1.00 0 0 0 112 1 0 0 0 0 221219 194259.973
3.6581 -2.9591 0.0000 0.00 0.00 1.00 0 0 0 112 1 0 0 0 0 221219 194300.173
3.6469 -2.9344 0.0000 0.00 0.00 1.00 0 0 0 112 1 0 0 0 0 221219 194300.373
3.6345 -2.9061 0.0000 0.00 0.00 1.00 0 0 0 112 1 0 0 0 0 221219 194300.573
3.6244 -2.8755 0.0000 0.00 0.00 1.00 0 0 0 112 1 0 0 0 0 221219 194300.774
3.6140 -2.8513 0.0000 0.00 0.00 1.00 0 0 0 112 1 0 0 0 0 221219 194300.974
3.6026 -2.8183 0.0000 0.00 0.00 1.00 0 0 0 112 1 0 0 0 0 221219 194301.175
3.5912 -2.7841 0.0000 0.00 0.00 1.00 0 0 0 112 1 0 0 0 0 221219 194301.375
3.5793 -2.7466 0.0000 0.00 0.00 1.00 0 0 0 112 1 0 0 0 0 221219 194301.575
3.5637 -2.7136 0.0000 0.00 0.00 1.00 0 0 0 112 1 0 0 0 0 221219 194301.775
3.5487 -2.6783 0.0000 0.00 0.00 1.00 0 0 0 112 1 0 0 0 0 221219 194301.975
3.5338 -2.6495 0.0000 0.00 0.00 1.00 0 0 0 112 1 0 0 0 0 221219 194302.176
3.5264 -2.6162 0.0000 0.00 0.00 1.00 0 0 0 112 1 0 0 0 0 221219 194302.376
3.5185 -2.5816 0.0000 0.00 0.00 1.00 0 0 0 112 1 0 0 0 0 221219 194302.576
3.5092 -2.5536 0.0000 0.00 0.00 1.00 0 0 0 112 1 0 0 0 0 221219 194302.776
3.4937 -2.5265 0.0000 0.00 0.00 1.00 0 0 0 112 1 0 0 0 0 221219 194302.977
3.4811 -2.4978 0.0000 0.00 0.00 1.00 0 0 0 112 1 0 0 0 0 221219 194303.177
3.4768 -2.4549 0.0000 0.00 0.00 1.00 0 0 0 112 1 0 0 0 0 221219 194303.377
3.4618 -2.4236 0.0000 0.00 0.00 1.00 0 0 0 112 1 0 0 0 0 221219 194303.577
3.4499 -2.3908 0.0000 0.00 0.00 1.00 0 119 11 112 1 0 0 0 0 221219 194303.777
3.4370 -2.3543 0.0000 0.00 0.00 1.00 0 114 12 112 1 0 0 0 0 221219 194303.978
3.4189 -2.3266 0.0000 0.00 0.00 1.00 0 112 14 112 1 0 0 0 0 221219 194304.178
3.4098 -2.2937 0.0000 0.00 0.00 1.00 0 127 14 112 1 0 0 0 0 221219 194304.378
3.4016 -2.2634 0.0000 0.00 0.00 1.00 0 69 11 112 1 0 0 0 0 221219 194304.578
3.3908 -2.2363 0.0000 0.00 0.00 1.00 0 160 14 112 1 0 0 0 0 221219 194304.778
3.3783 -2.2056 0.0000 0.00 0.00 1.00 0 230 9 112 1 0 0 0 0 221219 194304.979
3.3658 -2.1745 0.0000 0.00 0.00 1.00 0 51 14 112 1 0 0 0 0 221219 194305.179
3.3498 -2.1481 0.0000 0.00 0.00 1.00 0 4 16 112 1 0 0 0 0 221219 194305.379
3.3426 -2.1164 0.0000 0.00 0.00 1.00 0 195 13 112 1 0 0 0 0 221219 194305.579
3.3310 -2.0886 0.0000 0.00 0.00 1.00 0 41 14 112 1 0 0 0 0 221219 194305.779
3.3253 -2.0575 0.0000 0.00 0.00 1.00 0 100 13 112 1 0 0 0 0 221219 194305.980
3.3167 -2.0273 0.0000 0.00 0.00 1.00 0 102 13 112 1 0 0 0 0 221219 194306.180
3.3099 -1.9977 0.0000 0.00 0.00 1.00 0 107 13 112 1 0 0 0 0 221219 194306.380
3.2987 -1.9708 0.0000 0.00 0.00 1.00 0 75 14 112 1 0 0 0 0 221219 194306.580
3.2925 -1.9408 0.0000 0.00 0.00 1.00 0 75 13 112 1 0 0 0 0 221219 194306.780
3.2810 -1.9132 0.0000 0.00 0.00 1.00 0 83 14 112 1 0 0 0 0 221219 194306.980
3.2733 -1.8912 0.0000 0.00 0.00 1.00 0 127 14 112 1 0 0 0 0 221219 194307.181
3.2644 -1.8536 0.0000 0.00 0.00 1.00 0 122 12 112 1 0 0 0 0 221219 194307.381
3.2569 -1.8251 0.0000 0.00 0.00 1.00 0 105 12 112 1 0 0 0 0 221219 194307.581
3.2514 -1.7971 0.0000 0.00 0.00 1.00 0 106 11 112 1 0 0 0 0 221219 194307.781
3.2458 -1.7726 0.0000 0.00 0.00 1.00 0 166 11 112 1 0 0 0 0 221219 194307.981
3.2365 -1.7416 0.0000 0.00 0.00 1.00 0 84 11 112 1 0 0 0 0 221219 194308.181
3.2265 -1.7043 0.0000 0.00 0.00 1.00 0 227 10 112 1 0 0 0 0 221219 194308.381
3.2167 -1.6780 0.0000 0.00 0.00 1.00 0 111 11 112 1 0 0 0 0 221219 194308.582
3.2045 -1.6504 0.0000 0.00 0.00 1.00 0 134 10 112 1 0 0 0 0 221219 194308.782
3.1945 -1.6218 0.0000 0.00 0.00 1.00 0 25 10 112 1 0 0 0 0 221219 194308.982
3.1870 -1.5924 0.0000 0.00 0.00 1.00 0 241 8 112 1 0 0 0 0 221219 194309.182
3.1840 -1.5604 0.0000 0.00 0.00 1.00 0 141 6 112 1 0 0 0 0 221219 194309.382
3.1767 -1.5314 0.0000 0.00 0.00 1.00 0 120 6 112 1 0 0 0 0 221219 194309.582
3.1675 -1.4990 0.0000 0.00 0.00 1.00 0 134 8 112 1 0 0 0 0 221219 194309.783
3.1563 -1.4641 0.0000 0.00 0.00 1.00 0 0 0 112 1 0 0 0 0 221219 194309.983
3.1552 -1.4277 0.0000 0.00 0.00 1.00 0 0 0 112 1 0 0 0 0 221219 194310.183
3.1531 -1.3939 0.0000 0.00 0.00 1.00 0 0 0 112 1 0 0 0 0 221219 194310.383
3.1480 -1.3619 0.0000 0.00 0.00 1.00 0 0 0 112 1 0 0 0 0 221219 194310.583
3.1381 -1.3350 0.0000 0.00 0.00 1.00 0 0 0 112 1 0 0 0 0 221219 194310.783
3.1267 -1.3065 0.0000 0.00 0.00 1.00 0 0 0 112 1 0 0 0 0 221219 194310.984
3.1216 -1.2674 0.0000 0.00 0.00 1.00 0 0 0 112 1 0 0 0 0 221219 194311.184
3.1188 -1.2330 0.0000 0.00 0.00 1.00 0 0 0 112 1 0 0 0 0 221219 194311.384
3.1124 -1.2003 0.0000 0.00 0.00 1.00 0 0 0 112 1 0 0 0 0 221219 194311.584
3.1025 -1.1642 0.0000 0.00 0.00 1.00 0 0 0 112 1 0 0 0 0 221219 194311.784
3.0962 -1.1311 0.0000 0.00 0.00 1.00 0 0 0 112 1 0 0 0 0 221219 194311.984
3.0932 -1.0940 0.0000 0.00 0.00 1.00 0 0 0 112 1 0 0 0 0 221219 194312.184
3.0858 -1.0592 0.0000 0.00 0.00 1.00 0 0 0 112 1 0 0 0 0 221219 194312.385
3.0773 -1.0355 0.0000 0.00 0.00 1.00 0 0 0 112 1 0 0 0 0 221219 194312.585
3.0711 -0.9993 0.0000 0.00 0.00 1.00 0 94 242 112 1 0 0 0 0 221219 194312.785
3.0687 -0.9748 0.0000 0.00 0.00 1.00 0 131 241 112 1 0 0 0 0 221219 194312.985
3.0636 -0.9408 0.0000 0.00 0.00 1.00 0 140 239 112 1 0 0 0 0 221219 194313.185
3.0580 -0.9020 0.0000 0.00 0.00 1.00 0 25 235 112 1 0 0 0 0 221219 194313.385
3.0517 -0.8756 0.0000 0.00 0.00 1.00 0 42 237 112 1 0 0 0 0 221219 194313.585
3.0398 -0.8442 0.0000 0.00 0.00 1.00 0 251 234 112 1 0 0 0 0 221219 194313.786
3.0313 -0.8078 0.0000 0.00 0.00 1.00 0 115 232 112 1 0 0 0 0 221219 194313.986
3.0275 -0.7725 0.0000 0.00 0.00 1.00 0 158 215 112 1 0 0 0 0 221219 194314.186
3.0284 -0.7411 0.0000 0.00 0.00 1.00 0 87 225 112 1 0 0 0 0 221219 194314.386
3.0248 -0.7225 0.0000 0.00 0.00 1.00 0 228 225 112 1 0 0 0 0 221219 194314.586
3.0167 -0.6931 0.0000 0.00 0.00 1.00 0 4 226 112 1 0 0 0 0 221219 194314.786
3.0064 -0.6525 0.0000 0.00 0.00 1.00 0 160 217 112 1 0 0 0 0 221219 194314.987
2.9959 -0.6127 0.0000 0.00 0.00 1.00 0 246 219 112 1 0 0 0 0 221219 194315.187
2.9882 -0.5802 0.0000 0.00 0.00 1.00 0 13 219 112 1 0 0 0 0 221219 194315.387
2.9732 -0.5619 0.0000 0.00 0.00 1.00 0 107 223 112 1 0 0 0 0 221219 194315.587
2.9650 -0.5294 0.0000 0.00 0.00 1.00 0 206 225 112 1 0 0 0 0 221219 194315.787
2.9632 -0.4988 0.0000 0.00 0.00 1.00 0 196 216 112 1 0 0 0 0 221219 194315.987
2.9553 -0.4650 0.0000 0.00 0.00 1.00 0 126 214 112 1 0 0 0 0 221219 194316.188
2.9422 -0.4400 0.0000 0.00 0.00 1.00 0 49 214 112 1 0 0 0 0 221219 194316.388
2.9307 -0.4072 0.0000 0.00 0.00 1.00 0 91 213 112 1 0 0 0 0 221219 194316.588
2.9209 -0.3930 0.0000 0.00 0.00 1.00 0 151 213 112 1 0 0 0 0 221219 194316.788
2.9067 -0.3551 0.0000 0.00 0.00 1.00 0 250 210 112 1 0 0 0 0 221219 194316.988
2.8977 -0.3280 0.0000 0.00 0.00 1.00 0 67 210 112 1 0 0 0 0 221219 194317.188
2.8780 -0.2944 0.0000 0.00 0.00 1.00 0 252 207 112 1 0 0 0 0 221219 194317.388
2.8642 -0.2641 0.0000 0.00 0.00 1.00 0 232 206 112 1 0 0 0 0 221219 194317.589
2.8601 -0.2395 0.0000 0.00 0.00 1.00 0 25 205 112 1 0 0 0 0 221219 194317.789
2.8481 -0.2147 0.0000 0.00 0.00 1.00 0 61 205 112 1 0 0 0 0 221219 194317.989
2.8292 -0.1853 0.0000 0.00 0.00 1.00 0 216 204 112 1 0 0 0 0 221219 194318.189
2.8160 -0.1581 0.0000 0.00 0.00 1.00 0 125 203 112 1 0 0 0 0 221219 194318.389
2.7959 -0.1345 0.0000 0.00 0.00 1.00 0 37 215 112 1 0 0 0 0 221219 194318.590
2.7771 -0.1139 0.0000 0.00 0.00 1.00 0 171 205 112 1 0 0 0 0 221219 194318.790
2.7651 -0.0858 0.0000 0.00 0.00 1.00 0 85 195 112 1 0 0 0 0 221219 194318.990
2.7525 -0.0563 0.0000 0.00 0.00 1.00 0 153 199 112 1 0 0 0 0 221219 194319.190
2.7443 -0.0255 0.0000 0.00 0.00 1.00 0 142 196 112 1 0 0 0 0 221219 194319.390
2.7191 -0.0069 0.0000 0.00 0.00 1.00 0 164 198 112 1 0 0 0 0 221219 194319.590
2.6961 0.0163 0.0000 0.00 0.00 1.00 0 142 198 112 1 0 0 0 0 221219 194319.790
2.6750 0.0401 0.0000 0.00 0.00 1.00 0 74 197 112 1 0 0 0 0 221219 194319.991
2.6574 0.0633 0.0000 0.00 0.00 1.00 0 180 195 112 1 0 0 0 0 221219 194320.191
2.6457 0.0773 0.0000 0.00 0.00 1.00 0 175 195 112 1 0 0 0 0 221219 194320.391
2.6265 0.0971 0.0000 0.00 0.00 1.00 0 224 194 112 1 0 0 0 0 221219 194320.591
2.6009 0.1200 0.0000 0.00 0.00 1.00 0 94 201 112 1 0 0 0 0 221219 194320.791
2.5833 0.1378 0.0000 0.00 0.00 1.00 0 158 187 112 1 0 0 0 0 221219 194320.992
2.5458 0.1672 0.0000 0.00 0.00 1.00 0 238 199 112 1 0 0 0 0 221219 194321.192
2.5174 0.1861 0.0000 0.00 0.00 1.00 0 207 193 112 1 0 0 0 0 221219 194321.392
2.4926 0.2062 0.0000 0.00 0.00 1.00 0 167 192 112 1 0 0 0 0 221219 194321.592
2.4716 0.2243 0.0000 0.00 0.00 1.00 0 19 192 112 1 0 0 0 0 221219 194321.792
2.4525 0.2533 0.0000 0.00 0.00 1.00 0 69 188 112 1 0 0 0 0 221219 194321.992
2.4267 0.2599 0.0000 0.00 0.00 1.00 0 93 192 112 1 0 0 0 0 221219 194322.193
2.4047 0.2745 0.0000 0.00 0.00 1.00 0 228 191 112 1 0 0 0 0 221219 194322.393
2.3797 0.2908 0.0000 0.00 0.00 1.00 0 207 191 112 1 0 0 0 0 221219 194322.593
2.3556 0.3018 0.0000 0.00 0.00 1.00 0 37 192 112 1 0 0 0 0 221219 194322.793
2.3167 0.3172 0.0000 0.00 0.00 1.00 0 198 192 112 1 0 0 0 0 221219 194322.993
2.2865 0.3302 0.0000 0.00 0.00 1.00 0 168 191 112 1 0 0 0 0 221219 194323.194
2.2629 0.3410 0.0000 0.00 0.00 1.00 0 131 186 112 1 0 0 0 0 221219 194323.394
2.2353 0.3512 0.0000 0.00 0.00 1.00 0 180 191 112 1 0 0 0 0 221219 194323.594
2.2039 0.3646 0.0000 0.00 0.00 1.00 0 203 188 112 1 0 0 0 0 221219 194323.794
2.1839 0.3702 0.0000 0.00 0.00 1.00 0 9 192 112 1 0 0 0 0 221219 194323.994
2.1521 0.3755 0.0000 0.00 0.00 1.00 0 45 199 112 1 0 0 0 0 221219 194324.194
2.1213 0.3825 0.0000 0.00 0.00 1.00 0 231 193 112 1 0 0 0 0 221219 194324.394
2.0944 0.3938 0.0000 0.00 0.00 1.00 0 223 192 112 1 0 0 0 0 221219 194324.595
2.0683 0.3941 0.0000 0.00 0.00 1.00 0 108 194 112 1 0 0 0 0 221219 194324.795
2.0330 0.3993 0.0000 0.00 0.00 1.00 0 144 196 112 1 0 0 0 0 221219 194324.995
2.0117 0.3996 0.0000 0.00 0.00 1.00 0 182 196 112 1 0 0 0 0 221219 194325.195
1.9806 0.4010 0.0000 0.00 0.00 1.00 0 195 197 112 1 0 0 0 0 221219 194325.395
1.9509 0.4006 0.0000 0.00 0.00 1.00 0 12 199 112 1 0 0 0 0 221219 194325.595
1.9148 0.4084 0.0000 0.00 0.00 1.00 0 79 199 112 1 0 0 0 0 221219 194325.796
1.8844 0.4064 0.0000 0.00 0.00 1.00 0 117 201 112 1 0 0 0 0 221219 194325.996
1.8501 0.4078 0.0000 0.00 0.00 1.00 0 153 194 112 1 0 0 0 0 221219 194326.196
1.8205 0.4084 0.0000 0.00 0.00 1.00 0 8 201 112 1 0 0 0 0 221219 194326.396
1.7953 0.4010 0.0000 0.00 0.00 1.00 0 73 221 112 1 0 0 0 0 221219 194326.596
1.7670 0.3972 0.0000 0.00 0.00 1.00 0 122 204 112 1 0 0 0 0 221219 194326.796
1.7384 0.3950 0.0000 0.00 0.00 1.00 0 102 199 112 1 0 0 0 0 221219 194326.997
1.7015 0.3902 0.0000 0.00 0.00 1.00 0 41 206 112 1 0 0 0 0 221219 194327.197
1.6670 0.3869 0.0000 0.00 0.00 1.00 0 211 206 112 1 0 0 0 0 221219 194327.397
1.6444 0.3794 0.0000 0.00 0.00 1.00 0 107 208 112 1 0 0 0 0 221219 194327.597
1.6139 0.3712 0.0000 0.00 0.00 1.00 0 236 209 112 1 0 0 0 0 221219 194327.797
1.5927 0.3607 0.0000 0.00 0.00 1.00 0 122 211 112 1 0 0 0 0 221219 194327.998
1.5664 0.3516 0.0000 0.00 0.00 1.00 0 185 212 112 1 0 0 0 0 221219 194328.198
1.5284 0.3435 0.0000 0.00 0.00 1.00 0 233 222 112 1 0 0 0 0 221219 194328.398
1.4882 0.3337 0.0000 0.00 0.00 1.00 0 90 216 112 1 0 0 0 0 221219 194328.598
1.4574 0.3210 0.0000 0.00 0.00 1.00 0 39 224 112 1 0 0 0 0 221219 194328.799
1.4279 0.3095 0.0000 0.00 0.00 1.00 0 225 219 112 1 0 0 0 0 221219 194328.999
1.4012 0.2986 0.0000 0.00 0.00 1.00 0 251 216 112 1 0 0 0 0 221219 194329.199
1.3722 0.2880 0.0000 0.00 0.00 1.00 0 14 222 112 1 0 0 0 0 221219 194329.399
1.3439 0.2733 0.0000 0.00 0.00 1.00 0 66 224 112 1 0 0 0 0 221219 194329.600
1.3194 0.2582 0.0000 0.00 0.00 1.00 0 18 226 112 1 0 0 0 0 221219 194329.800
1.2911 0.2441 0.0000 0.00 0.00 1.00 0 87 226 112 1 0 0 0 0 221219 194330.000
1.2611 0.2290 0.0000 0.00 0.00 1.00 0 45 228 112 1 0 0 0 0 221219 194330.200
1.2368 0.2133 0.0000 0.00 0.00 1.00 0 212 229 112 1 0 0 0 0 221219 194330.400
1.2047 0.2001 0.0000 0.00 0.00 1.00 0 221 236 112 1 0 0 0 0 221219 194330.601
1.1769 0.1818 0.0000 0.00 0.00 1.00 0 216 231 112 1 0 0 0 0 221219 194330.801
1.1513 0.1636 0.0000 0.00 0.00 1.00 0 88 235 112 1 0 0 0 0 221219 194331.001
1.1272 0.1445 0.0000 0.00 0.00 1.00 0 157 235 112 1 0 0 0 0 221219 194331.201
1.1062 0.1326 0.0000 0.00 0.00 1.00 0 92 234 112 1 0 0 0 0 221219 194331.401
1.0751 0.1123 0.0000 0.00 0.00 1.00 0 52 238 112 1 0 0 0 0 221219 194331.602
1.0497 0.1060 0.0000 0.00 0.00 1.00 0 130 240 112 1 0 0 0 0 221219 194331.802
1.0214 0.0935 0.0000 0.00 0.00 1.00 0 191 239 112 1 0 0 0 0 221219 194332.002
0.9958 0.0743 0.0000 0.00 0.00 1.00 0 224 241 112 1 0 0 0 0 221219 194332.202
0.9735 0.0494 0.0000 0.00 0.00 1.00 0 247 244 112 1 0 0 0 0 221219 194332.402
0.9456 0.0276 0.0000 0.00 0.00 1.00 0 193 246 112 1 0 0 0 0 221219 194332.602
0.9136 0.0119 0.0000 0.00 0.00 1.00 0 167 248 112 1 0 0 0 0 221219 194332.803
0.8834 -0.0066 0.0000 0.00 0.00 1.00 0 59 250 112 1 0 0 0 0 221219 194333.003
0.8571 -0.0322 0.0000 0.00 0.00 1.00 0 96 15 112 1 0 0 0 0 221219 194333.203
0.8272 -0.0546 0.0000 0.00 0.00 1.00 0 254 0 112 1 0 0 0 0 221219 194333.403
0.8040 -0.0779 0.0000 0.00 0.00 1.00 0 0 0 112 1 0 0 0 0 221219 194333.603
0.7747 -0.0948 0.0000 0.00 0.00 1.00 0 0 0 112 1 0 0 0 0 221219 194333.803
0.7534 -0.1124 0.0000 0.00 0.00 1.00 0 0 0 112 1 0 0 0 0 221219 194334.003
0.7289 -0.1315 0.0000 0.00 0.00 1.00 0 0 0 112 1 0 0 0 0 221219 194334.204
0.7006 -0.1602 0.0000 0.00 0.00 1.00 0 0 0 112 1 0 0 0 0 221219 194334.404
0.6765 -0.1835 0.0000 0.00 0.00 1.00 0 0 0 112 1 0 0 0 0 221219 194334.604
0.6513 -0.2019 0.0000 0.00 0.00 1.00 0 0 0 112 1 0 0 0 0 221219 194334.804
0.6273 -0.2250 0.0000 0.00 0.00 1.00 0 0 0 112 1 0 0 0 0 221219 194335.004
0.6026 -0.2464 0.0000 0.00 0.00 1.00 0 0 0 112 1 0 0 0 0 221219 194335.204
0.5750 -0.2614 0.0000 0.00 0.00 1.00 0 195 15 112 1 0 0 0 0 221219 194335.405
0.5498 -0.2827 0.0000 0.00 0.00 1.00 0 19 18 112 1 0 0 0 0 221219 194335.605
0.5220 -0.3038 0.0000 0.00 0.00 1.00 0 86 19 112 1 0 0 0 0 221219 194335.805
0.4993 -0.3278 0.0000 0.00 0.00 1.00 0 1 23 112 1 0 0 0 0 221219 194336.005
0.4761 -0.3477 0.0000 0.00 0.00 1.00 0 19 11 112 1 0 0 0 0 221219 194336.205
0.4569 -0.3688 0.0000 0.00 0.00 1.00 0 45 27 112 1 0 0 0 0 221219 194336.405
0.4339 -0.3849 0.0000 0.00 0.00 1.00 0 124 29 112 1 0 0 0 0 221219 194336.605
0.4101 -0.4038 0.0000 0.00 0.00 1.00 0 6 27 112 1 0 0 0 0 221219 194336.805
0.3885 -0.4218 0.0000 0.00 0.00 1.00 0 88 28 112 1 0 0 0 0 221219 194337.006
0.3678 -0.4367 0.0000 0.00 0.00 1.00 0 189 29 112 1 0 0 0 0 221219 194337.206
0.3481 -0.4538 0.0000 0.00 0.00 1.00 0 70 30 112 1 0 0 0 0 221219 194337.406
0.3285 -0.4679 0.0000 0.00 0.00 1.00 0 227 30 112 1 0 0 0 0 221219 194337.606
0.3106 -0.4868 0.0000 0.00 0.00 1.00 0 210 32 112 1 0 0 0 0 221219 194337.806
0.2863 -0.5038 0.0000 0.00 0.00 1.00 0 221 33 112 1 0 0 0 0 221219 194338.006
0.2605 -0.5182 0.0000 0.00 0.00 1.00 0 65 34 112 1 0 0 0 0 221219 194338.207
0.2338 -0.5355 0.0000 0.00 0.00 1.00 0 90 42 112 1 0 0 0 0 221219 194338.407
0.2124 -0.5506 0.0000 0.00 0.00 1.00 0 37 37 112 1 0 0 0 0 221219 194338.607
0.1938 -0.5620 0.0000 0.00 0.00 1.00 0 68 36 112 1 0 0 0 0 221219 194338.807
0.1729 -0.5763 0.0000 0.00 0.00 1.00 0 127 38 112 1 0 0 0 0 221219 194339.007
0.1533 -0.5918 0.0000 0.00 0.00 1.00 0 240 39 112 1 0 0 0 0 221219 194339.207
0.1286 -0.6060 0.0000 0.00 0.00 1.00 0 236 40 112 1 0 0 0 0 221219 194339.407
0.1037 -0.6184 0.0000 0.00 0.00 1.00 0 95 40 112 1 0 0 0 0 221219 194339.608
0.0783 -0.6269 0.0000 0.00 0.00 1.00 0 182 41 112 1 0 0 0 0 221219 194339.808
0.0637 -0.6343 0.0000 0.00 0.00 1.00 0 103 41 112 1 0 0 0 0 221219 194340.008
0.0426 -0.6461 0.0000 0.00 0.00 1.00 0 115 42 112 1 0 0 0 0 221219 194340.208
0.0198 -0.6623 0.0000 0.00 0.00 1.00 0 65 95 112 1 0 0 0 0 221219 194340.408
