-1.37 -0.20 0.00 0.00 0.00 1.00 0 4474 030519 155327.970
-1.37 -0.20 0.00 0.00 0.00 1.00 0 4153 030519 155328.171
-1.37 -0.20 0.00 0.00 0.00 1.00 0 4627 030519 155328.373
-1.37 -0.20 0.00 0.00 0.00 1.00 0 4538 030519 155328.576
-1.37 -0.20 0.00 0.00 0.00 1.00 0 4610 030519 155328.779
-1.37 -0.20 0.00 0.00 0.00 1.00 0 3713 030519 155328.982
-1.37 -0.20 0.00 0.00 0.00 1.00 0 4078 030519 155329.186
-1.37 -0.20 0.00 0.00 0.00 1.00 0 4088 030519 155329.389
-1.37 -0.20 0.00 0.00 0.00 1.00 0 4519 030519 155329.592
-1.37 -0.20 0.00 0.00 0.00 1.00 0 4519 030519 155329.795
-1.37 -0.20 0.00 0.00 0.00 1.00 0 4133 030519 155329.998
-1.37 -0.20 0.00 0.00 0.00 1.00 0 3870 030519 155330.201
-1.37 -0.20 0.00 0.00 0.00 1.00 0 4706 030519 155330.404
-1.37 -0.20 0.00 0.00 0.00 1.00 0 4633 030519 155330.607
-1.37 -0.20 0.00 0.00 0.00 1.00 0 3089 030519 155330.810
-1.37 -0.20 0.00 0.00 0.00 1.00 0 4571 030519 155331.013
-1.37 -0.20 0.00 0.00 0.00 1.00 0 4123 030519 155331.216
-1.37 -0.20 0.00 0.00 0.00 1.00 0 4287 030519 155331.419
-1.37 -0.20 0.00 0.00 0.00 1.00 0 4290 030519 155331.622
-1.37 -0.20 0.00 0.00 0.00 1.00 0 4324 030519 155331.826
-1.37 -0.20 0.00 0.00 0.00 1.00 0 3568 030519 155332.029
-1.37 -0.20 0.00 0.00 0.00 1.00 0 4470 030519 155332.232
-1.37 -0.20 0.00 0.00 0.00 1.00 0 4470 030519 155332.435
-1.37 -0.20 0.00 0.00 0.00 1.00 0 4273 030519 155332.638
-1.37 -0.20 0.00 0.00 0.00 1.00 0 4273 030519 155332.841
-1.37 -0.20 0.00 0.00 0.00 1.00 0 4656 030519 155333.044
-1.37 -0.20 0.00 0.00 0.00 1.00 0 4536 030519 155333.247
-1.37 -0.20 0.00 0.00 0.00 1.00 0 4120 030519 155333.451
-1.37 -0.20 0.00 0.00 0.00 1.00 0 3772 030519 155333.654
-1.37 -0.20 0.00 0.00 0.00 1.00 0 4138 030519 155333.857
-1.37 -0.20 0.00 0.00 0.00 1.00 0 4285 030519 155334.060
-1.37 -0.20 0.00 0.00 0.00 1.00 0 4833 030519 155334.263
-1.37 -0.20 0.00 0.00 0.00 1.00 0 3665 030519 155334.466
-1.37 -0.20 0.00 0.00 0.00 1.00 0 4547 030519 155334.669
-1.37 -0.20 0.00 0.00 0.00 1.00 0 4033 030519 155334.872
-1.37 -0.20 0.00 0.00 0.00 1.00 0 3820 030519 155335.076
-1.37 -0.20 0.00 0.00 0.00 1.00 0 4206 030519 155335.279
-1.37 -0.20 0.00 0.00 0.00 1.00 0 4206 030519 155335.482
-1.37 -0.20 0.00 0.00 0.00 1.00 0 4159 030519 155335.685
-1.37 -0.20 0.00 0.00 0.00 1.00 0 3848 030519 155335.888
-1.37 -0.20 0.00 0.00 0.00 1.00 0 5025 030519 155336.091
-1.37 -0.20 0.00 0.00 0.00 1.00 0 3592 030519 155336.294
-1.37 -0.20 0.00 0.00 0.00 1.00 0 4497 030519 155336.497
-1.36 -0.20 0.00 0.00 0.00 1.00 0 4377 030519 155336.700
-1.37 -0.20 0.00 0.00 0.00 1.00 0 4577 030519 155336.903
-1.37 -0.20 0.00 0.00 0.00 1.00 0 3742 030519 155337.106
-1.37 -0.20 0.00 0.00 0.00 1.00 0 5181 030519 155337.309
-1.37 -0.20 0.00 0.00 0.00 1.00 0 3891 030519 155337.512
-1.37 -0.20 0.00 0.00 0.00 1.00 0 4085 030519 155337.716
-1.37 -0.20 0.00 0.00 0.00 1.00 0 4026 030519 155337.919
-1.37 -0.20 0.00 0.00 0.00 1.00 0 4026 030519 155338.122
-1.37 -0.20 0.00 0.00 0.00 1.00 0 4299 030519 155338.325
-1.37 -0.20 0.00 0.00 0.00 1.00 0 4299 030519 155338.528
-1.37 -0.20 0.00 0.00 0.00 1.00 0 5112 030519 155338.731
-1.37 -0.20 0.00 0.00 0.00 1.00 0 3613 030519 155338.934
-1.37 -0.20 0.00 0.00 0.00 1.00 0 4549 030519 155339.137
-1.37 -0.20 0.00 0.00 0.00 1.00 0 4438 030519 155339.340
-1.37 -0.20 0.00 0.00 0.00 1.00 0 3749 030519 155339.543
-1.37 -0.20 0.00 0.00 0.00 1.00 0 4358 030519 155339.746
-1.37 -0.20 0.00 0.00 0.00 1.00 0 4194 030519 155339.949
-1.36 -0.20 0.00 0.00 0.00 1.00 0 4066 030519 155340.152
-1.37 -0.20 0.00 0.00 0.00 1.00 0 4332 030519 155340.356
-1.37 -0.20 0.00 0.00 0.00 1.00 0 4121 030519 155340.559
-1.37 -0.20 0.00 0.00 0.00 1.00 0 3797 030519 155340.762
-1.37 -0.20 0.00 0.00 0.00 1.00 0 4825 030519 155340.965
-1.37 -0.20 0.00 0.00 0.00 1.00 0 4825 030519 155341.168
-1.36 -0.20 0.00 0.00 0.00 1.00 0 4355 030519 155341.371
-1.36 -0.20 0.00 0.00 0.00 1.00 0 3446 030519 155341.574
-1.36 -0.20 0.00 0.00 0.00 1.00 0 4726 030519 155341.777
-1.36 -0.20 0.00 0.00 0.00 1.00 0 3604 030519 155341.980
-1.36 -0.20 0.00 0.00 0.00 1.00 0 4116 030519 155342.183
-1.36 -0.20 0.00 0.00 0.00 1.00 0 4333 030519 155342.386
-1.36 -0.20 0.00 0.00 0.00 1.00 0 4318 030519 155342.589
-1.36 -0.20 0.00 0.00 0.00 1.00 0 3858 030519 155342.793
-1.36 -0.20 0.00 0.00 0.00 1.00 0 4849 030519 155342.996
-1.36 -0.20 0.00 0.00 0.00 1.00 0 3422 030519 155343.199
-1.36 -0.20 0.00 0.00 0.00 1.00 0 4299 030519 155343.402
-1.36 -0.20 0.00 0.00 0.00 1.00 0 4299 030519 155343.613
-1.36 -0.20 0.00 0.00 0.00 1.00 0 4210 030519 155343.816
-1.36 -0.20 0.00 0.00 0.00 1.00 0 4210 030519 155344.019
-1.36 -0.20 0.00 0.00 0.00 1.00 0 4416 030519 155344.222
-1.36 -0.20 0.00 0.00 0.00 1.00 0 4314 030519 155344.425
-1.36 -0.20 0.00 0.00 0.00 1.00 0 4610 030519 155344.628
-1.36 -0.20 0.00 0.00 0.00 1.00 0 4651 030519 155344.831
-1.36 -0.20 0.00 0.00 0.00 1.00 0 3281 030519 155345.034
-1.36 -0.20 0.00 0.00 0.00 1.00 0 4426 030519 155345.237
-1.36 -0.20 0.00 0.00 0.00 1.00 0 4511 030519 155345.440
-1.36 -0.20 0.00 0.00 0.00 1.00 0 3354 030519 155345.643
-1.36 -0.20 0.00 0.00 0.00 1.00 0 4491 030519 155345.847
-1.36 -0.20 0.00 0.00 0.00 1.00 0 5038 030519 155346.050
-1.37 -0.20 0.00 0.00 0.00 1.00 0 3677 030519 155346.253
-1.37 -0.20 0.00 0.00 0.00 1.00 0 4835 030519 155346.456
-1.37 -0.20 0.00 0.00 0.00 1.00 0 4835 030519 155346.659
-1.37 -0.20 0.00 0.00 0.00 1.00 0 4516 030519 155346.862
-1.36 -0.20 0.00 0.00 0.00 1.00 0 4057 030519 155347.065
-1.36 -0.20 0.00 0.00 0.00 1.00 0 3878 030519 155347.268
-1.36 -0.20 0.00 0.00 0.00 1.00 0 4432 030519 155347.471
-1.36 -0.20 0.00 0.00 0.00 1.00 0 3879 030519 155347.674
-1.36 -0.20 0.00 0.00 0.00 1.00 0 4591 030519 155347.877
-1.36 -0.20 0.00 0.00 0.00 1.00 0 4261 030519 155348.080
-1.36 -0.20 0.00 0.00 0.00 1.00 0 4431 030519 155348.286
-1.37 -0.20 0.00 0.00 0.00 1.00 0 4474 030519 155348.489
-1.37 -0.20 0.00 0.00 0.00 1.00 0 4415 030519 155348.692
-1.37 -0.20 0.00 0.00 0.00 1.00 0 3556 030519 155348.895
-1.37 -0.20 0.00 0.00 0.00 1.00 0 4666 030519 155349.098
-1.37 -0.20 0.00 0.00 0.00 1.00 0 4666 030519 155349.301
-1.37 -0.20 0.00 0.00 0.00 1.00 0 3841 030519 155349.504
-1.37 -0.20 0.00 0.00 0.00 1.00 0 3841 030519 155349.707
-1.37 -0.20 0.00 0.00 0.00 1.00 0 4371 030519 155349.910
-1.37 -0.20 0.00 0.00 0.00 1.00 0 4165 030519 155350.113
-1.37 -0.20 0.00 0.00 0.00 1.00 0 4400 030519 155350.317
-1.37 -0.20 0.00 0.00 0.00 1.00 0 4478 030519 155350.520
-1.37 -0.20 0.00 0.00 0.00 1.00 0 3249 030519 155350.723
-1.37 -0.20 0.00 0.00 0.00 1.00 0 4159 030519 155350.926
-1.37 -0.20 0.00 0.00 0.00 1.00 0 4759 030519 155351.129
-1.36 -0.20 0.00 0.00 0.00 1.00 0 3155 030519 155351.332
-1.37 -0.20 0.00 0.00 0.00 1.00 0 4805 030519 155351.535
-1.36 -0.20 0.00 0.00 0.00 1.00 0 3601 030519 155351.738
-1.36 -0.20 0.00 0.00 0.00 1.00 0 4242 030519 155351.941
-1.37 -0.20 0.00 0.00 0.00 1.00 0 5121 030519 155352.144
-1.37 -0.20 0.00 0.00 0.00 1.00 0 5121 030519 155352.347
-1.36 -0.20 0.00 0.00 0.00 1.00 0 3577 030519 155352.550
-1.36 -0.20 0.00 0.00 0.00 1.00 0 4205 030519 155352.753
-1.37 -0.20 0.00 0.00 0.00 1.00 0 4337 030519 155352.957
-1.37 -0.20 0.00 0.00 0.00 1.00 0 4359 030519 155353.160
-1.37 -0.20 0.00 0.00 0.00 1.00 0 4389 030519 155353.363
-1.37 -0.20 0.00 0.00 0.00 1.00 0 3820 030519 155353.577
-1.37 -0.20 0.00 0.00 0.00 1.00 0 4180 030519 155353.780
-1.36 -0.20 0.00 0.00 0.00 1.00 0 4735 030519 155353.983
-1.36 -0.20 0.00 0.00 0.00 1.00 0 3509 030519 155354.186
-1.37 -0.20 0.00 0.00 0.00 1.00 0 3982 030519 155354.389
-1.41 -0.18 0.00 0.00 0.00 1.00 0 4530 030519 155354.592
-1.43 -0.17 0.00 0.00 0.00 1.00 0 3931 030519 155354.796
-1.42 -0.17 0.00 0.00 0.00 1.00 0 3588 030519 155354.999
-1.43 -0.16 0.00 0.00 0.00 1.00 0 696 030519 155355.202
-1.43 -0.16 0.00 0.00 0.00 1.00 0 696 030519 155355.405
-1.43 -0.16 0.00 0.00 0.00 1.00 0 6520 030519 155355.608
-1.43 -0.17 0.00 0.00 0.00 1.00 0 7683 030519 155355.811
-1.43 -0.17 0.00 0.00 0.00 1.00 0 4235 030519 155356.014
-1.43 -0.17 0.00 0.00 0.00 1.00 0 2523 030519 155356.217
-1.43 -0.17 0.00 0.00 0.00 1.00 0 3457 030519 155356.420
-1.43 -0.17 0.00 0.00 0.00 1.00 0 4012 030519 155356.623
-1.43 -0.17 0.00 0.00 0.00 1.00 0 4448 030519 155356.826
-1.43 -0.17 0.00 0.00 0.00 1.00 0 4034 030519 155357.029
-1.43 -0.17 0.00 0.00 0.00 1.00 0 5007 030519 155357.232
-1.43 -0.17 0.00 0.00 0.00 1.00 0 4200 030519 155357.436
-1.43 -0.17 0.00 0.00 0.00 1.00 0 4105 030519 155357.639
-1.43 -0.17 0.00 0.00 0.00 1.00 0 3505 030519 155357.842
-1.43 -0.17 0.00 0.00 0.00 1.00 0 3505 030519 155358.045
-1.43 -0.17 0.00 0.00 0.00 1.00 0 4434 030519 155358.248
-1.43 -0.17 0.00 0.00 0.00 1.00 0 4434 030519 155358.459
-1.43 -0.17 0.00 0.00 0.00 1.00 0 4638 030519 155358.662
-1.42 -0.17 0.00 0.00 0.00 1.00 0 3580 030519 155358.865
-1.42 -0.17 0.00 0.00 0.00 1.00 0 4899 030519 155359.068
-1.42 -0.17 0.00 0.00 0.00 1.00 0 3034 030519 155359.272
-1.43 -0.16 0.00 0.00 0.00 1.00 0 4945 030519 155359.475
-1.48 -0.15 0.00 0.00 0.00 1.00 0 5301 030519 155359.678
-1.51 -0.13 0.00 0.00 0.00 1.00 0 5121 030519 155359.881
-1.54 -0.12 0.00 0.00 0.00 1.00 0 5350 030519 155400.084
-1.57 -0.11 0.00 0.00 0.00 1.00 0 3959 030519 155400.289
-1.60 -0.09 0.00 0.00 0.00 1.00 0 3626 030519 155400.492
-1.63 -0.08 0.00 0.00 0.00 1.00 0 5429 030519 155400.695
-1.63 -0.08 0.00 0.00 0.00 1.00 0 5429 030519 155400.898
-1.66 -0.06 0.00 0.00 0.00 1.00 0 4218 030519 155401.101
-1.70 -0.05 0.00 0.00 0.00 1.00 0 6313 030519 155401.304
-1.73 -0.04 0.00 0.00 0.00 1.00 0 3772 030519 155401.508
-1.76 -0.03 0.00 0.00 0.00 1.00 0 5301 030519 155401.711
-1.80 -0.01 0.00 0.00 0.00 1.00 0 6309 030519 155401.914
-1.83 0.01 0.00 0.00 0.00 1.00 0 2537 030519 155402.117
-1.86 0.02 0.00 0.00 0.00 1.00 0 4594 030519 155402.320
-1.89 0.04 0.00 0.00 0.00 1.00 0 3876 030519 155402.523
-1.92 0.05 0.00 0.00 0.00 1.00 0 5257 030519 155402.726
-1.96 0.06 0.00 0.00 0.00 1.00 0 6128 030519 155402.929
-2.00 0.07 0.00 0.00 0.00 1.00 0 5860 030519 155403.132
-2.04 0.09 0.00 0.00 0.00 1.00 0 6363 030519 155403.335
-2.07 0.10 0.00 0.00 0.00 1.00 0 3744 030519 155403.546
-2.10 0.11 0.00 0.00 0.00 1.00 0 7653 030519 155403.749
-2.10 0.11 0.00 0.00 0.00 1.00 0 7653 030519 155403.952
-2.15 0.13 0.00 0.00 0.00 1.00 0 4936 030519 155404.155
-2.15 0.13 0.00 0.00 0.00 1.00 0 4936 030519 155404.358
-2.19 0.15 0.00 0.00 0.00 1.00 0 2529 030519 155404.561
-2.22 0.17 0.00 0.00 0.00 1.00 0 1886 030519 155404.764
-2.25 0.18 0.00 0.00 0.00 1.00 0 5893 030519 155404.967
-2.29 0.19 0.00 0.00 0.00 1.00 0 7183 030519 155405.170
-2.32 0.20 0.00 0.00 0.00 1.00 0 6511 030519 155405.373
-2.35 0.21 0.00 0.00 0.00 1.00 0 8072 030519 155405.576
-2.38 0.23 0.00 0.00 0.00 1.00 0 4053 030519 155405.779
-2.42 0.25 0.00 0.00 0.00 1.00 0 5865 030519 155405.982
-2.45 0.26 0.00 0.00 0.00 1.00 0 4469 030519 155406.186
-2.48 0.28 0.00 0.00 0.00 1.00 0 4517 030519 155406.389
-2.51 0.29 0.00 0.00 0.00 1.00 0 7118 030519 155406.592
-2.54 0.30 0.00 0.00 0.00 1.00 0 6740 030519 155406.795
-2.54 0.30 0.00 0.00 0.00 1.00 0 6740 030519 155406.998
-2.57 0.31 0.00 0.00 0.00 1.00 0 5921 030519 155407.201
-2.59 0.33 0.00 0.00 0.00 1.00 0 2933 030519 155407.404
-2.62 0.34 0.00 0.00 0.00 1.00 0 4861 030519 155407.607
-2.65 0.35 0.00 0.00 0.00 1.00 0 6209 030519 155407.810
-2.69 0.37 0.00 0.00 0.00 1.00 0 5963 030519 155408.013
-2.72 0.38 0.00 0.00 0.00 1.00 0 6361 030519 155408.216
-2.75 0.40 0.00 0.00 0.00 1.00 0 4187 030519 155408.419
-2.78 0.42 0.00 0.00 0.00 1.00 0 2075 030519 155408.622
-2.81 0.43 0.00 0.00 0.00 1.00 0 4913 030519 155408.826
-2.84 0.45 0.00 0.00 0.00 1.00 0 3657 030519 155409.029
-2.86 0.47 0.00 0.00 0.00 1.00 0 4286 030519 155409.232
-2.90 0.48 0.00 0.00 0.00 1.00 0 5065 030519 155409.435
-2.90 0.48 0.00 0.00 0.00 1.00 0 5065 030519 155409.638
-2.95 0.52 0.00 0.00 0.00 1.00 0 2151 030519 155409.841
-2.95 0.52 0.00 0.00 0.00 1.00 0 2151 030519 155410.044
-2.98 0.54 0.00 0.00 0.00 1.00 0 3627 030519 155410.247
-3.01 0.55 0.00 0.00 0.00 1.00 0 5574 030519 155410.450
-3.04 0.56 0.00 0.00 0.00 1.00 0 5596 030519 155410.653
-3.07 0.58 0.00 0.00 0.00 1.00 0 4163 030519 155410.856
-3.10 0.60 0.00 0.00 0.00 1.00 0 2724 030519 155411.059
-3.12 0.62 0.00 0.00 0.00 1.00 0 1664 030519 155411.262
-3.15 0.64 0.00 0.00 0.00 1.00 0 3959 030519 155411.466
-3.18 0.66 0.00 0.00 0.00 1.00 0 3204 030519 155411.669
-3.20 0.68 0.00 0.00 0.00 1.00 0 2822 030519 155411.872
-3.23 0.70 0.00 0.00 0.00 1.00 0 1142 030519 155412.075
-3.25 0.72 0.00 0.00 0.00 1.00 0 1594 030519 155412.278
-3.28 0.74 0.00 0.00 0.00 1.00 0 1558 030519 155412.481
-3.28 0.74 0.00 0.00 0.00 1.00 0 1558 030519 155412.684
-3.31 0.76 0.00 0.00 0.00 1.00 0 -3967 030519 155412.887
-3.34 0.78 0.00 0.00 0.00 1.00 0 621 030519 155413.090
-3.37 0.81 0.00 0.00 0.00 1.00 0 -1530 030519 155413.293
-3.40 0.83 0.00 0.00 0.00 1.00 0 -209 030519 155413.498
-3.43 0.85 0.00 0.00 0.00 1.00 0 -1277 030519 155413.701
-3.45 0.88 0.00 0.00 0.00 1.00 0 -4102 030519 155413.904
-3.47 0.90 0.00 0.00 0.00 1.00 0 -3877 030519 155414.107
-3.50 0.93 0.00 0.00 0.00 1.00 0 -2144 030519 155414.310
-3.52 0.95 0.00 0.00 0.00 1.00 0 -428 030519 155414.514
-3.55 0.97 0.00 0.00 0.00 1.00 0 -1163 030519 155414.717
-3.58 0.98 0.00 0.00 0.00 1.00 0 234 030519 155414.920
-3.60 1.01 0.00 0.00 0.00 1.00 0 -3216 030519 155415.123
-3.63 1.03 0.00 0.00 0.00 1.00 0 -203 030519 155415.326
-3.66 1.05 0.00 0.00 0.00 1.00 0 -548 030519 155415.529
-3.66 1.05 0.00 0.00 0.00 1.00 0 -548 030519 155415.732
-3.68 1.07 0.00 0.00 0.00 1.00 0 -3291 030519 155415.935
-3.71 1.10 0.00 0.00 0.00 1.00 0 -2040 030519 155416.138
-3.74 1.12 0.00 0.00 0.00 1.00 0 -2334 030519 155416.341
-3.76 1.14 0.00 0.00 0.00 1.00 0 -4016 030519 155416.544
-3.79 1.17 0.00 0.00 0.00 1.00 0 -1815 030519 155416.747
-3.82 1.19 0.00 0.00 0.00 1.00 0 -3294 030519 155416.950
-3.85 1.21 0.00 0.00 0.00 1.00 0 -1439 030519 155417.154
-3.88 1.24 0.00 0.00 0.00 1.00 0 -2307 030519 155417.357
-3.90 1.26 0.00 0.00 0.00 1.00 0 -1623 030519 155417.560
-3.93 1.27 0.00 0.00 0.00 1.00 0 -1535 030519 155417.763
-3.96 1.29 0.00 0.00 0.00 1.00 0 -755 030519 155417.966
-3.99 1.31 0.00 0.00 0.00 1.00 0 -1410 030519 155418.169
-3.99 1.31 0.00 0.00 0.00 1.00 0 -1410 030519 155418.372
-4.05 1.36 0.00 0.00 0.00 1.00 0 -4516 030519 155418.575
-4.05 1.36 0.00 0.00 0.00 1.00 0 -4516 030519 155418.778
-4.07 1.38 0.00 0.00 0.00 1.00 0 -4154 030519 155418.981
-4.10 1.40 0.00 0.00 0.00 1.00 0 -5765 030519 155419.184
-4.13 1.43 0.00 0.00 0.00 1.00 0 -5992 030519 155419.387
-4.15 1.45 0.00 0.00 0.00 1.00 0 -6717 030519 155419.590
-4.17 1.48 0.00 0.00 0.00 1.00 0 -5813 030519 155419.794
-4.20 1.50 0.00 0.00 0.00 1.00 0 -4698 030519 155419.997
-4.23 1.52 0.00 0.00 0.00 1.00 0 -6216 030519 155420.200
-4.25 1.54 0.00 0.00 0.00 1.00 0 -5227 030519 155420.403
-4.28 1.57 0.00 0.00 0.00 1.00 0 -5416 030519 155420.606
-4.31 1.59 0.00 0.00 0.00 1.00 0 -5524 030519 155420.809
-4.33 1.61 0.00 0.00 0.00 1.00 0 -4304 030519 155421.012
-4.36 1.63 0.00 0.00 0.00 1.00 0 -7512 030519 155421.215
-4.36 1.63 0.00 0.00 0.00 1.00 0 -7512 030519 155421.418
-4.39 1.66 0.00 0.00 0.00 1.00 0 -6934 030519 155421.621
-4.42 1.68 0.00 0.00 0.00 1.00 0 -4701 030519 155421.824
-4.46 1.70 0.00 0.00 0.00 1.00 0 -4007 030519 155422.027
-4.48 1.72 0.00 0.00 0.00 1.00 0 -5092 030519 155422.230
-4.51 1.74 0.00 0.00 0.00 1.00 0 -5428 030519 155422.434
-4.53 1.76 0.00 0.00 0.00 1.00 0 -7115 030519 155422.637
-4.56 1.79 0.00 0.00 0.00 1.00 0 -6693 030519 155422.840
-4.58 1.81 0.00 0.00 0.00 1.00 0 -5653 030519 155423.043
-4.61 1.83 0.00 0.00 0.00 1.00 0 -6062 030519 155423.246
-4.64 1.85 0.00 0.00 0.00 1.00 0 -6765 030519 155423.456
-4.67 1.88 0.00 0.00 0.00 1.00 0 0 030519 155423.659
-4.69 1.90 0.00 0.00 0.00 1.00 0 0 030519 155423.862
-4.72 1.92 0.00 0.00 0.00 1.00 0 0 030519 155424.065
-4.75 1.94 0.00 0.00 0.00 1.00 0 0 030519 155424.268
-4.75 1.94 0.00 0.00 0.00 1.00 0 0 030519 155424.471
-4.78 1.97 0.00 0.00 0.00 1.00 0 0 030519 155424.674
-4.80 1.99 0.00 0.00 0.00 1.00 0 0 030519 155424.877
-4.83 2.01 0.00 0.00 0.00 1.00 0 0 030519 155425.080
-4.86 2.03 0.00 0.00 0.00 1.00 0 0 030519 155425.284
-4.88 2.05 0.00 0.00 0.00 1.00 0 0 030519 155425.487
-4.91 2.07 0.00 0.00 0.00 1.00 0 0 030519 155425.690
-4.94 2.09 0.00 0.00 0.00 1.00 0 0 030519 155425.893
-4.98 2.11 0.00 0.00 0.00 1.00 0 0 030519 155426.096
-5.01 2.13 0.00 0.00 0.00 1.00 0 -6389 030519 155426.299
-5.04 2.14 0.00 0.00 0.00 1.00 0 -5292 030519 155426.502
-5.06 2.17 0.00 0.00 0.00 1.00 0 -8702 030519 155426.705
-5.09 2.19 0.00 0.00 0.00 1.00 0 -8872 030519 155426.908
-5.09 2.19 0.00 0.00 0.00 1.00 0 -8872 030519 155427.111
-5.15 2.24 0.00 0.00 0.00 1.00 0 -8400 030519 155427.314
-5.15 2.24 0.00 0.00 0.00 1.00 0 -8400 030519 155427.517
-5.17 2.26 0.00 0.00 0.00 1.00 0 -6879 030519 155427.720
-5.20 2.28 0.00 0.00 0.00 1.00 0 -6284 030519 155427.924
-5.23 2.29 0.00 0.00 0.00 1.00 0 -6315 030519 155428.127
-5.25 2.32 0.00 0.00 0.00 1.00 0 -9449 030519 155428.330
-5.28 2.34 0.00 0.00 0.00 1.00 0 -8337 030519 155428.533
-5.31 2.37 0.00 0.00 0.00 1.00 0 -9639 030519 155428.736
-5.34 2.39 0.00 0.00 0.00 1.00 0 -8191 030519 155428.939
-5.36 2.41 0.00 0.00 0.00 1.00 0 -8217 030519 155429.142
-5.39 2.43 0.00 0.00 0.00 1.00 0 -8221 030519 155429.345
-5.42 2.45 0.00 0.00 0.00 1.00 0 -8966 030519 155429.548
-5.45 2.48 0.00 0.00 0.00 1.00 0 -8755 030519 155429.751
-5.48 2.50 0.00 0.00 0.00 1.00 0 -8428 030519 155429.954
-5.48 2.50 0.00 0.00 0.00 1.00 0 -8428 030519 155430.157
-5.50 2.52 0.00 0.00 0.00 1.00 0 -8243 030519 155430.360
-5.53 2.54 0.00 0.00 0.00 1.00 0 -8358 030519 155430.564
-5.56 2.56 0.00 0.00 0.00 1.00 0 -7762 030519 155430.767
-5.59 2.58 0.00 0.00 0.00 1.00 0 -8788 030519 155430.970
-5.61 2.60 0.00 0.00 0.00 1.00 0 -10153 030519 155431.173
-5.64 2.63 0.00 0.00 0.00 1.00 0 -9525 030519 155431.376
-5.67 2.65 0.00 0.00 0.00 1.00 0 -8378 030519 155431.579
-5.70 2.67 0.00 0.00 0.00 1.00 0 -9923 030519 155431.782
-5.73 2.69 0.00 0.00 0.00 1.00 0 -9396 030519 155431.985
-5.76 2.71 0.00 0.00 0.00 1.00 0 -8790 030519 155432.188
-5.78 2.73 0.00 0.00 0.00 1.00 0 -7634 030519 155432.391
-5.81 2.76 0.00 0.00 0.00 1.00 0 -9802 030519 155432.594
-5.81 2.76 0.00 0.00 0.00 1.00 0 -9802 030519 155432.797
-5.86 2.79 0.00 0.00 0.00 1.00 0 -8821 030519 155433.000
-5.86 2.79 0.00 0.00 0.00 1.00 0 -8821 030519 155433.204
-5.89 2.81 0.00 0.00 0.00 1.00 0 -8035 030519 155433.404
-5.92 2.84 0.00 0.00 0.00 1.00 0 -8574 030519 155433.607
-5.95 2.85 0.00 0.00 0.00 1.00 0 -7693 030519 155433.811
-5.98 2.87 0.00 0.00 0.00 1.00 0 -8618 030519 155434.014
-6.01 2.90 0.00 0.00 0.00 1.00 0 -10332 030519 155434.217
-6.03 2.92 0.00 0.00 0.00 1.00 0 -9206 030519 155434.420
-6.06 2.94 0.00 0.00 0.00 1.00 0 -9072 030519 155434.623
-6.08 2.97 0.00 0.00 0.00 1.00 0 -10922 030519 155434.826
-6.11 2.99 0.00 0.00 0.00 1.00 0 -10323 030519 155435.029
-6.14 3.01 0.00 0.00 0.00 1.00 0 -8664 030519 155435.232
-6.16 3.03 0.00 0.00 0.00 1.00 0 -9914 030519 155435.435
-6.19 3.05 0.00 0.00 0.00 1.00 0 -9521 030519 155435.638
-6.19 3.05 0.00 0.00 0.00 1.00 0 -9521 030519 155435.841
-6.22 3.07 0.00 0.00 0.00 1.00 0 -10479 030519 155436.044
-6.25 3.10 0.00 0.00 0.00 1.00 0 -9639 030519 155436.248
-6.28 3.12 0.00 0.00 0.00 1.00 0 -9617 030519 155436.451
-6.30 3.14 0.00 0.00 0.00 1.00 0 -9540 030519 155436.654
-6.33 3.16 0.00 0.00 0.00 1.00 0 -8670 030519 155436.857
-6.36 3.18 0.00 0.00 0.00 1.00 0 -10300 030519 155437.060
-6.40 3.20 0.00 0.00 0.00 1.00 0 -7914 030519 155437.263
-6.43 3.22 0.00 0.00 0.00 1.00 0 -9573 030519 155437.466
-6.45 3.24 0.00 0.00 0.00 1.00 0 -10709 030519 155437.669
-6.48 3.26 0.00 0.00 0.00 1.00 0 -10423 030519 155437.872
-6.51 3.28 0.00 0.00 0.00 1.00 0 -9360 030519 155438.075
-6.54 3.30 0.00 0.00 0.00 1.00 0 -10604 030519 155438.278
-6.54 3.30 0.00 0.00 0.00 1.00 0 -10604 030519 155438.481
-6.58 3.34 0.00 0.00 0.00 1.00 0 -10548 030519 155438.684
-6.58 3.34 0.00 0.00 0.00 1.00 0 -10548 030519 155438.888
-6.61 3.36 0.00 0.00 0.00 1.00 0 -11239 030519 155439.091
-6.63 3.38 0.00 0.00 0.00 1.00 0 -10686 030519 155439.294
-6.65 3.40 0.00 0.00 0.00 1.00 0 -10474 030519 155439.495
-6.68 3.42 0.00 0.00 0.00 1.00 0 -8509 030519 155439.696
-6.74 3.44 0.00 0.00 0.00 1.00 0 -6250 030519 155439.896
-6.76 3.46 0.00 0.00 0.00 1.00 0 -8769 030519 155440.097
-6.79 3.48 0.00 0.00 0.00 1.00 0 -7358 030519 155440.298
-6.81 3.49 0.00 0.00 0.00 1.00 0 -8112 030519 155440.498
-6.84 3.51 0.00 0.00 0.00 1.00 0 -8157 030519 155440.699
-6.86 3.53 0.00 0.00 0.00 1.00 0 -7424 030519 155440.900
-6.92 3.55 0.00 0.00 0.00 1.00 0 -4984 030519 155441.101
-6.95 3.56 0.00 0.00 0.00 1.00 0 -4772 030519 155441.302
-6.95 3.56 0.00 0.00 0.00 1.00 0 -4772 030519 155441.503
-6.95 3.56 0.00 0.00 0.00 1.00 0 -4772 030519 155441.704
-6.95 3.56 0.00 0.00 0.00 1.00 0 -4772 030519 155441.905
