-0.6713 0.1039 0.0000 0.00 0.00 1.00 0 130 250 112 1 0 0 0 0 010120 201835.804
-0.6715 0.1040 0.0000 0.00 0.00 1.00 0 69 0 112 1 0 0 0 0 010120 201835.854
-0.6721 0.1057 0.0000 0.00 0.00 1.00 0 234 249 112 1 0 0 0 0 010120 201835.904
-0.6725 0.1062 0.0000 0.00 0.00 1.00 0 128 255 112 1 0 0 0 0 010120 201835.954
-0.6727 0.1065 0.0000 0.00 0.00 1.00 0 121 255 112 1 0 0 0 0 010120 201836.004
-0.6697 0.1054 0.0000 0.00 0.00 1.00 0 18 0 112 1 0 0 0 0 010120 201836.055
-0.6694 0.1055 0.0000 0.00 0.00 1.00 0 16 0 112 1 0 0 0 0 010120 201836.105
-0.6692 0.1056 0.0000 0.00 0.00 1.00 0 24 0 112 1 0 0 0 0 010120 201836.155
-0.6752 0.1046 0.0000 0.00 0.00 1.00 0 91 0 112 1 0 0 0 0 010120 201836.205
-0.6752 0.1046 0.0000 0.00 0.00 1.00 0 91 0 112 1 0 0 0 0 010120 201836.255
-0.6759 0.1046 0.0000 0.00 0.00 1.00 0 91 0 112 1 0 0 0 0 010120 201836.305
-0.6855 0.1022 0.0000 0.00 0.00 1.00 0 23 1 112 1 0 0 0 0 010120 201836.356
-0.6874 0.1018 0.0000 0.00 0.00 1.00 0 30 1 112 1 0 0 0 0 010120 201836.406
-0.7108 0.1003 0.0000 0.00 0.00 1.00 0 35 1 112 1 0 0 0 0 010120 201836.456
-0.7163 0.0997 0.0000 0.00 0.00 1.00 0 49 1 112 1 0 0 0 0 010120 201836.506
-0.7218 0.0992 0.0000 0.00 0.00 1.00 0 55 1 112 1 0 0 0 0 010120 201836.556
-0.7443 0.0997 0.0000 0.00 0.00 1.00 0 108 0 112 1 0 0 0 0 010120 201836.606
-0.7526 0.0993 0.0000 0.00 0.00 1.00 0 107 0 112 1 0 0 0 0 010120 201836.657
-0.7725 0.0952 0.0000 0.00 0.00 1.00 0 231 12 112 1 0 0 0 0 010120 201836.707
-0.7826 0.0942 0.0000 0.00 0.00 1.00 0 219 1 112 1 0 0 0 0 010120 201836.757
-0.7928 0.0932 0.0000 0.00 0.00 1.00 0 232 1 112 1 0 0 0 0 010120 201836.807
-0.8133 0.0895 0.0000 0.00 0.00 1.00 0 145 10 112 1 0 0 0 0 010120 201836.857
-0.8251 0.0880 0.0000 0.00 0.00 1.00 0 242 2 112 1 0 0 0 0 010120 201836.907
-0.8371 0.0865 0.0000 0.00 0.00 1.00 0 26 3 112 1 0 0 0 0 010120 201836.957
-0.8510 0.0859 0.0000 0.00 0.00 1.00 0 49 255 112 1 0 0 0 0 010120 201837.008
-0.8632 0.0846 0.0000 0.00 0.00 1.00 0 186 2 112 1 0 0 0 0 010120 201837.058
-0.8756 0.0833 0.0000 0.00 0.00 1.00 0 220 2 112 1 0 0 0 0 010120 201837.108
-0.8916 0.0846 0.0000 0.00 0.00 1.00 0 202 1 112 1 0 0 0 0 010120 201837.158
-0.9045 0.0836 0.0000 0.00 0.00 1.00 0 210 1 112 1 0 0 0 0 010120 201837.208
-0.9075 0.0816 0.0000 0.00 0.00 1.00 0 34 8 112 1 0 0 0 0 010120 201837.258
-0.9184 0.0805 0.0000 0.00 0.00 1.00 0 153 2 112 1 0 0 0 0 010120 201837.308
-0.9294 0.0794 0.0000 0.00 0.00 1.00 0 164 2 112 1 0 0 0 0 010120 201837.359
-0.9328 0.0748 0.0000 0.00 0.00 1.00 0 67 4 112 1 0 0 0 0 010120 201837.409
-0.9418 0.0732 0.0000 0.00 0.00 1.00 0 92 4 112 1 0 0 0 0 010120 201837.459
-0.9473 0.0716 0.0000 0.00 0.00 1.00 0 250 4 112 1 0 0 0 0 010120 201837.509
-0.9557 0.0700 0.0000 0.00 0.00 1.00 0 167 4 112 1 0 0 0 0 010120 201837.559
-0.9640 0.0684 0.0000 0.00 0.00 1.00 0 177 4 112 1 0 0 0 0 010120 201837.609
-0.9681 0.0663 0.0000 0.00 0.00 1.00 0 187 7 112 1 0 0 0 0 010120 201837.659
-0.9758 0.0647 0.0000 0.00 0.00 1.00 0 72 5 112 1 0 0 0 0 010120 201837.710
-0.9833 0.0630 0.0000 0.00 0.00 1.00 0 93 5 112 1 0 0 0 0 010120 201837.760
-0.9826 0.0642 0.0000 0.00 0.00 1.00 0 136 4 112 1 0 0 0 0 010120 201837.810
-0.9888 0.0630 0.0000 0.00 0.00 1.00 0 158 4 112 1 0 0 0 0 010120 201837.860
-0.9951 0.0618 0.0000 0.00 0.00 1.00 0 176 4 112 1 0 0 0 0 010120 201837.910
-1.0015 0.0653 0.0000 0.00 0.00 1.00 0 225 2 112 1 0 0 0 0 010120 201837.960
-1.0077 0.0648 0.0000 0.00 0.00 1.00 0 228 2 112 1 0 0 0 0 010120 201838.010
-1.0136 0.0669 0.0000 0.00 0.00 1.00 0 168 248 112 1 0 0 0 0 010120 201838.060
-1.0197 0.0669 0.0000 0.00 0.00 1.00 0 190 1 112 1 0 0 0 0 010120 201838.111
-1.0259 0.0669 0.0000 0.00 0.00 1.00 0 185 1 112 1 0 0 0 0 010120 201838.161
-1.0336 0.0626 0.0000 0.00 0.00 1.00 0 107 19 112 1 0 0 0 0 010120 201838.211
-1.0399 0.0618 0.0000 0.00 0.00 1.00 0 37 4 112 1 0 0 0 0 010120 201838.261
-1.0464 0.0611 0.0000 0.00 0.00 1.00 0 64 4 112 1 0 0 0 0 010120 201838.311
-1.0575 0.0634 0.0000 0.00 0.00 1.00 0 5 3 112 1 0 0 0 0 010120 201838.361
-1.0646 0.0631 0.0000 0.00 0.00 1.00 0 7 3 112 1 0 0 0 0 010120 201838.412
-1.0718 0.0629 0.0000 0.00 0.00 1.00 0 11 3 112 1 0 0 0 0 010120 201838.462
-1.0824 0.0634 0.0000 0.00 0.00 1.00 0 194 2 112 1 0 0 0 0 010120 201838.512
-1.0900 0.0632 0.0000 0.00 0.00 1.00 0 196 2 112 1 0 0 0 0 010120 201838.562
-1.1003 0.0620 0.0000 0.00 0.00 1.00 0 73 7 112 1 0 0 0 0 010120 201838.612
-1.1084 0.0616 0.0000 0.00 0.00 1.00 0 80 3 112 1 0 0 0 0 010120 201838.662
-1.1165 0.0613 0.0000 0.00 0.00 1.00 0 82 3 112 1 0 0 0 0 010120 201838.712
-1.1266 0.0617 0.0000 0.00 0.00 1.00 0 134 0 112 1 0 0 0 0 010120 201838.763
-1.1352 0.0614 0.0000 0.00 0.00 1.00 0 19 3 112 1 0 0 0 0 010120 201838.813
-1.1436 0.0612 0.0000 0.00 0.00 1.00 0 23 3 112 1 0 0 0 0 010120 201838.863
-1.1436 0.0612 0.0000 0.00 0.00 1.00 0 23 3 112 1 0 0 0 0 010120 201838.913
-1.1679 0.0577 0.0000 0.00 0.00 1.00 0 54 4 112 1 0 0 0 0 010120 201838.963
-1.1773 0.0571 0.0000 0.00 0.00 1.00 0 138 4 112 1 0 0 0 0 010120 201839.013
-1.1875 0.0503 0.0000 0.00 0.00 1.00 0 215 6 112 1 0 0 0 0 010120 201839.064
-1.1969 0.0488 0.0000 0.00 0.00 1.00 0 220 6 112 1 0 0 0 0 010120 201839.114
-1.2046 0.0469 0.0000 0.00 0.00 1.00 0 64 8 112 1 0 0 0 0 010120 201839.164
-1.2138 0.0452 0.0000 0.00 0.00 1.00 0 106 7 112 1 0 0 0 0 010120 201839.214
-1.2184 0.0444 0.0000 0.00 0.00 1.00 0 102 7 112 1 0 0 0 0 010120 201839.264
-1.2279 0.0435 0.0000 0.00 0.00 1.00 0 152 1 112 1 0 0 0 0 010120 201839.314
-1.2364 0.0421 0.0000 0.00 0.00 1.00 0 246 6 112 1 0 0 0 0 010120 201839.364
-1.2448 0.0408 0.0000 0.00 0.00 1.00 0 4 7 112 1 0 0 0 0 010120 201839.415
-1.2501 0.0374 0.0000 0.00 0.00 1.00 0 249 7 112 1 0 0 0 0 010120 201839.465
-1.2580 0.0357 0.0000 0.00 0.00 1.00 0 46 8 112 1 0 0 0 0 010120 201839.515
-1.2660 0.0340 0.0000 0.00 0.00 1.00 0 93 8 112 1 0 0 0 0 010120 201839.565
-1.2708 0.0387 0.0000 0.00 0.00 1.00 0 230 5 112 1 0 0 0 0 010120 201839.615
-1.2784 0.0380 0.0000 0.00 0.00 1.00 0 255 5 112 1 0 0 0 0 010120 201839.665
-1.2874 0.0428 0.0000 0.00 0.00 1.00 0 184 239 112 1 0 0 0 0 010120 201839.716
-1.2952 0.0431 0.0000 0.00 0.00 1.00 0 132 3 112 1 0 0 0 0 010120 201839.766
-1.3029 0.0433 0.0000 0.00 0.00 1.00 0 131 3 112 1 0 0 0 0 010120 201839.816
-1.3082 0.0415 0.0000 0.00 0.00 1.00 0 95 4 112 1 0 0 0 0 010120 201839.866
-1.3156 0.0414 0.0000 0.00 0.00 1.00 0 91 4 112 1 0 0 0 0 010120 201839.916
-1.3230 0.0413 0.0000 0.00 0.00 1.00 0 89 4 112 1 0 0 0 0 010120 201839.966
-1.3321 0.0389 0.0000 0.00 0.00 1.00 0 74 5 112 1 0 0 0 0 010120 201840.016
-1.3396 0.0385 0.0000 0.00 0.00 1.00 0 76 5 112 1 0 0 0 0 010120 201840.066
-1.3472 0.0380 0.0000 0.00 0.00 1.00 0 81 5 112 1 0 0 0 0 010120 201840.117
-1.3564 0.0340 0.0000 0.00 0.00 1.00 0 194 6 112 1 0 0 0 0 010120 201840.167
-1.3642 0.0330 0.0000 0.00 0.00 1.00 0 232 6 112 1 0 0 0 0 010120 201840.217
-1.3713 0.0307 0.0000 0.00 0.00 1.00 0 76 12 112 1 0 0 0 0 010120 201840.267
-1.3713 0.0307 0.0000 0.00 0.00 1.00 0 76 12 112 1 0 0 0 0 010120 201840.317
-1.3790 0.0294 0.0000 0.00 0.00 1.00 0 157 7 112 1 0 0 0 0 010120 201840.367
-1.3868 0.0282 0.0000 0.00 0.00 1.00 0 182 7 112 1 0 0 0 0 010120 201840.417
-1.3994 0.0248 0.0000 0.00 0.00 1.00 0 160 15 112 1 0 0 0 0 010120 201840.468
-1.4112 0.0225 0.0000 0.00 0.00 1.00 0 160 15 112 1 0 0 0 0 010120 201840.518
-1.4180 0.0255 0.0000 0.00 0.00 1.00 0 4 7 112 1 0 0 0 0 010120 201840.568
-1.4256 0.0248 0.0000 0.00 0.00 1.00 0 160 15 112 1 0 0 0 0 010120 201840.618
-1.4339 0.0284 0.0000 0.00 0.00 1.00 0 88 245 112 1 0 0 0 0 010120 201840.668
-1.4413 0.0285 0.0000 0.00 0.00 1.00 0 63 4 112 1 0 0 0 0 010120 201840.718
-1.4489 0.0285 0.0000 0.00 0.00 1.00 0 71 4 112 1 0 0 0 0 010120 201840.769
-1.4566 0.0292 0.0000 0.00 0.00 1.00 0 162 1 112 1 0 0 0 0 010120 201840.819
-1.4566 0.0292 0.0000 0.00 0.00 1.00 0 162 1 112 1 0 0 0 0 010120 201840.869
-1.4643 0.0294 0.0000 0.00 0.00 1.00 0 209 3 112 1 0 0 0 0 010120 201840.919
-1.4721 0.0296 0.0000 0.00 0.00 1.00 0 179 3 112 1 0 0 0 0 010120 201840.969
-1.4897 0.0264 0.0000 0.00 0.00 1.00 0 208 4 112 1 0 0 0 0 010120 201841.019
-1.4897 0.0264 0.0000 0.00 0.00 1.00 0 208 4 112 1 0 0 0 0 010120 201841.069
-1.4978 0.0261 0.0000 0.00 0.00 1.00 0 201 4 112 1 0 0 0 0 010120 201841.119
-1.5100 0.0230 0.0000 0.00 0.00 1.00 0 194 5 112 1 0 0 0 0 010120 201841.170
-1.5188 0.0222 0.0000 0.00 0.00 1.00 0 199 5 112 1 0 0 0 0 010120 201841.220
-1.5266 0.0216 0.0000 0.00 0.00 1.00 0 189 5 112 1 0 0 0 0 010120 201841.270
-1.5356 0.0195 0.0000 0.00 0.00 1.00 0 70 6 112 1 0 0 0 0 010120 201841.320
-1.5443 0.0185 0.0000 0.00 0.00 1.00 0 83 6 112 1 0 0 0 0 010120 201841.370
-1.5512 0.0199 0.0000 0.00 0.00 1.00 0 211 253 112 1 0 0 0 0 010120 201841.421
-1.5594 0.0193 0.0000 0.00 0.00 1.00 0 113 5 112 1 0 0 0 0 010120 201841.471
-1.5679 0.0187 0.0000 0.00 0.00 1.00 0 110 5 112 1 0 0 0 0 010120 201841.521
-1.5707 0.0185 0.0000 0.00 0.00 1.00 0 179 5 112 1 0 0 0 0 010120 201841.571
-1.5781 0.0180 0.0000 0.00 0.00 1.00 0 116 5 112 1 0 0 0 0 010120 201841.621
-1.5856 0.0175 0.0000 0.00 0.00 1.00 0 115 5 112 1 0 0 0 0 010120 201841.671
-1.5964 0.0148 0.0000 0.00 0.00 1.00 0 54 6 112 1 0 0 0 0 010120 201841.722
-1.6038 0.0140 0.0000 0.00 0.00 1.00 0 61 6 112 1 0 0 0 0 010120 201841.772
-1.6063 0.0169 0.0000 0.00 0.00 1.00 0 142 249 112 1 0 0 0 0 010120 201841.822
-1.6208 0.0164 0.0000 0.00 0.00 1.00 0 194 4 112 1 0 0 0 0 010120 201841.872
-1.6299 0.0166 0.0000 0.00 0.00 1.00 0 138 2 112 1 0 0 0 0 010120 201841.922
-1.6374 0.0165 0.0000 0.00 0.00 1.00 0 116 4 112 1 0 0 0 0 010120 201841.972
-1.6450 0.0163 0.0000 0.00 0.00 1.00 0 135 4 112 1 0 0 0 0 010120 201842.022
-1.6531 0.0130 0.0000 0.00 0.00 1.00 0 11 6 112 1 0 0 0 0 010120 201842.073
-1.6606 0.0123 0.0000 0.00 0.00 1.00 0 14 6 112 1 0 0 0 0 010120 201842.123
-1.6682 0.0116 0.0000 0.00 0.00 1.00 0 21 6 112 1 0 0 0 0 010120 201842.173
-1.6817 0.0091 0.0000 0.00 0.00 1.00 0 195 6 112 1 0 0 0 0 010120 201842.223
-1.6902 0.0082 0.0000 0.00 0.00 1.00 0 198 6 112 1 0 0 0 0 010120 201842.273
-1.6984 0.0108 0.0000 0.00 0.00 1.00 0 133 248 112 1 0 0 0 0 010120 201842.323
-1.7067 0.0105 0.0000 0.00 0.00 1.00 0 62 5 112 1 0 0 0 0 010120 201842.374
-1.7152 0.0102 0.0000 0.00 0.00 1.00 0 61 5 112 1 0 0 0 0 010120 201842.424
-1.7214 0.0087 0.0000 0.00 0.00 1.00 0 44 10 112 1 0 0 0 0 010120 201842.474
-1.7295 0.0082 0.0000 0.00 0.00 1.00 0 198 5 112 1 0 0 0 0 010120 201842.524
-1.7374 0.0077 0.0000 0.00 0.00 1.00 0 199 5 112 1 0 0 0 0 010120 201842.574
-1.7463 0.0038 0.0000 0.00 0.00 1.00 0 160 15 112 1 0 0 0 0 010120 201842.624
-1.7544 0.0028 0.0000 0.00 0.00 1.00 0 160 15 112 1 0 0 0 0 010120 201842.674
-1.7626 0.0017 0.0000 0.00 0.00 1.00 0 160 15 112 1 0 0 0 0 010120 201842.724
-1.7705 0.0037 0.0000 0.00 0.00 1.00 0 29 6 112 1 0 0 0 0 010120 201842.775
-1.7787 0.0031 0.0000 0.00 0.00 1.00 0 35 6 112 1 0 0 0 0 010120 201842.825
-1.7882 0.0053 0.0000 0.00 0.00 1.00 0 193 250 112 1 0 0 0 0 010120 201842.875
-1.7967 0.0052 0.0000 0.00 0.00 1.00 0 219 4 112 1 0 0 0 0 010120 201842.925
-1.8052 0.0051 0.0000 0.00 0.00 1.00 0 205 4 112 1 0 0 0 0 010120 201842.975
-1.8142 0.0070 0.0000 0.00 0.00 1.00 0 175 252 112 1 0 0 0 0 010120 201843.025
-1.8227 0.0073 0.0000 0.00 0.00 1.00 0 221 3 112 1 0 0 0 0 010120 201843.075
-1.8311 0.0075 0.0000 0.00 0.00 1.00 0 209 3 112 1 0 0 0 0 010120 201843.126
-1.8348 0.0068 0.0000 0.00 0.00 1.00 0 64 4 112 1 0 0 0 0 010120 201843.176
-1.8425 0.0069 0.0000 0.00 0.00 1.00 0 52 4 112 1 0 0 0 0 010120 201843.226
-1.8502 0.0070 0.0000 0.00 0.00 1.00 0 62 4 112 1 0 0 0 0 010120 201843.276
-1.8502 0.0070 0.0000 0.00 0.00 1.00 0 62 4 112 1 0 0 0 0 010120 201843.326
-1.8518 0.0067 0.0000 0.00 0.00 1.00 0 141 4 112 1 0 0 0 0 010120 201843.376
-1.8585 0.0067 0.0000 0.00 0.00 1.00 0 141 4 112 1 0 0 0 0 010120 201843.426
-1.8635 0.0086 0.0000 0.00 0.00 1.00 0 118 253 112 1 0 0 0 0 010120 201843.476
-1.8699 0.0089 0.0000 0.00 0.00 1.00 0 174 3 112 1 0 0 0 0 010120 201843.527
-1.8764 0.0093 0.0000 0.00 0.00 1.00 0 157 3 112 1 0 0 0 0 010120 201843.577
-1.8896 0.0046 0.0000 0.00 0.00 1.00 0 150 22 112 1 0 0 0 0 010120 201843.627
-1.8972 0.0041 0.0000 0.00 0.00 1.00 0 160 5 112 1 0 0 0 0 010120 201843.677
-1.9047 0.0036 0.0000 0.00 0.00 1.00 0 162 5 112 1 0 0 0 0 010120 201843.727
-1.9151 0.0044 0.0000 0.00 0.00 1.00 0 23 5 112 1 0 0 0 0 010120 201843.777
-1.9233 0.0041 0.0000 0.00 0.00 1.00 0 23 5 112 1 0 0 0 0 010120 201843.828
-1.9314 0.0038 0.0000 0.00 0.00 1.00 0 22 5 112 1 0 0 0 0 010120 201843.878
-1.9431 0.0014 0.0000 0.00 0.00 1.00 0 227 5 112 1 0 0 0 0 010120 201843.928
-1.9517 0.0007 0.0000 0.00 0.00 1.00 0 236 5 112 1 0 0 0 0 010120 201843.978
-1.9642 0.0012 0.0000 0.00 0.00 1.00 0 26 1 112 1 0 0 0 0 010120 201844.028
-1.9736 0.0007 0.0000 0.00 0.00 1.00 0 114 5 112 1 0 0 0 0 010120 201844.078
-1.9829 0.0003 0.0000 0.00 0.00 1.00 0 116 5 112 1 0 0 0 0 010120 201844.129
-1.9930 -0.0001 0.0000 0.00 0.00 1.00 0 60 5 112 1 0 0 0 0 010120 201844.179
-2.0024 -0.0006 0.0000 0.00 0.00 1.00 0 114 5 112 1 0 0 0 0 010120 201844.229
-2.0117 -0.0010 0.0000 0.00 0.00 1.00 0 115 5 112 1 0 0 0 0 010120 201844.279
-2.0179 -0.0015 0.0000 0.00 0.00 1.00 0 136 5 112 1 0 0 0 0 010120 201844.329
-2.0269 -0.0019 0.0000 0.00 0.00 1.00 0 140 5 112 1 0 0 0 0 010120 201844.379
-2.0357 -0.0024 0.0000 0.00 0.00 1.00 0 140 5 112 1 0 0 0 0 010120 201844.429
-2.0446 -0.0019 0.0000 0.00 0.00 1.00 0 53 5 112 1 0 0 0 0 010120 201844.480
-2.0535 -0.0022 0.0000 0.00 0.00 1.00 0 40 5 112 1 0 0 0 0 010120 201844.530
-2.0569 -0.0011 0.0000 0.00 0.00 1.00 0 82 0 112 1 0 0 0 0 010120 201844.580
-2.0648 -0.0012 0.0000 0.00 0.00 1.00 0 149 4 112 1 0 0 0 0 010120 201844.630
-2.0727 -0.0012 0.0000 0.00 0.00 1.00 0 147 4 112 1 0 0 0 0 010120 201844.680
-2.0792 0.0001 0.0000 0.00 0.00 1.00 0 87 255 112 1 0 0 0 0 010120 201844.730
-2.0868 0.0002 0.0000 0.00 0.00 1.00 0 243 3 112 1 0 0 0 0 010120 201844.781
-2.0945 0.0004 0.0000 0.00 0.00 1.00 0 232 3 112 1 0 0 0 0 010120 201844.831
-2.0982 0.0005 0.0000 0.00 0.00 1.00 0 35 4 112 1 0 0 0 0 010120 201844.881
-2.1061 0.0007 0.0000 0.00 0.00 1.00 0 226 3 112 1 0 0 0 0 010120 201844.931
-2.1133 -0.0007 0.0000 0.00 0.00 1.00 0 230 9 112 1 0 0 0 0 010120 201844.981
-2.1200 -0.0008 0.0000 0.00 0.00 1.00 0 132 4 112 1 0 0 0 0 010120 201845.031
-2.1271 -0.0009 0.0000 0.00 0.00 1.00 0 128 4 112 1 0 0 0 0 010120 201845.081
-2.1377 -0.0006 0.0000 0.00 0.00 1.00 0 21 2 112 1 0 0 0 0 010120 201845.132
-2.1453 -0.0006 0.0000 0.00 0.00 1.00 0 48 4 112 1 0 0 0 0 010120 201845.182
-2.1530 -0.0006 0.0000 0.00 0.00 1.00 0 41 4 112 1 0 0 0 0 010120 201845.232
-2.1633 0.0025 0.0000 0.00 0.00 1.00 0 45 247 112 1 0 0 0 0 010120 201845.282
-2.1713 0.0030 0.0000 0.00 0.00 1.00 0 187 2 112 1 0 0 0 0 010120 201845.332
-2.1794 0.0034 0.0000 0.00 0.00 1.00 0 163 2 112 1 0 0 0 0 010120 201845.382
-2.1882 0.0013 0.0000 0.00 0.00 1.00 0 154 3 112 1 0 0 0 0 010120 201845.432
-2.1964 0.0014 0.0000 0.00 0.00 1.00 0 107 3 112 1 0 0 0 0 010120 201845.483
-2.2046 0.0015 0.0000 0.00 0.00 1.00 0 137 3 112 1 0 0 0 0 010120 201845.533
-2.2111 -0.0006 0.0000 0.00 0.00 1.00 0 99 4 112 1 0 0 0 0 010120 201845.583
-2.2190 -0.0009 0.0000 0.00 0.00 1.00 0 99 4 112 1 0 0 0 0 010120 201845.633
-2.2274 -0.0019 0.0000 0.00 0.00 1.00 0 87 7 112 1 0 0 0 0 010120 201845.683
-2.2354 -0.0023 0.0000 0.00 0.00 1.00 0 183 4 112 1 0 0 0 0 010120 201845.733
-2.2434 -0.0027 0.0000 0.00 0.00 1.00 0 185 4 112 1 0 0 0 0 010120 201845.784
-2.2524 -0.0049 0.0000 0.00 0.00 1.00 0 104 5 112 1 0 0 0 0 010120 201845.834
-2.2606 -0.0056 0.0000 0.00 0.00 1.00 0 129 5 112 1 0 0 0 0 010120 201845.884
-2.2688 -0.0063 0.0000 0.00 0.00 1.00 0 161 5 112 1 0 0 0 0 010120 201845.934
-2.2772 -0.0067 0.0000 0.00 0.00 1.00 0 135 5 112 1 0 0 0 0 010120 201845.984
-2.2854 -0.0074 0.0000 0.00 0.00 1.00 0 150 5 112 1 0 0 0 0 010120 201846.034
-2.2957 -0.0050 0.0000 0.00 0.00 1.00 0 82 249 112 1 0 0 0 0 010120 201846.085
-2.3041 -0.0052 0.0000 0.00 0.00 1.00 0 55 4 112 1 0 0 0 0 010120 201846.135
-2.3127 -0.0053 0.0000 0.00 0.00 1.00 0 52 4 112 1 0 0 0 0 010120 201846.185
-2.3230 -0.0029 0.0000 0.00 0.00 1.00 0 49 250 112 1 0 0 0 0 010120 201846.235
-2.3317 -0.0027 0.0000 0.00 0.00 1.00 0 14 3 112 1 0 0 0 0 010120 201846.285
-2.3406 -0.0023 0.0000 0.00 0.00 1.00 0 3 3 112 1 0 0 0 0 010120 201846.335
-2.3482 -0.0017 0.0000 0.00 0.00 1.00 0 127 1 112 1 0 0 0 0 010120 201846.386
-2.3570 -0.0013 0.0000 0.00 0.00 1.00 0 183 2 112 1 0 0 0 0 010120 201846.436
-2.3655 -0.0009 0.0000 0.00 0.00 1.00 0 174 2 112 1 0 0 0 0 010120 201846.486
-2.3724 -0.0013 0.0000 0.00 0.00 1.00 0 236 2 112 1 0 0 0 0 010120 201846.536
-2.3808 -0.0010 0.0000 0.00 0.00 1.00 0 219 2 112 1 0 0 0 0 010120 201846.586
-2.3902 -0.0010 0.0000 0.00 0.00 1.00 0 81 3 112 1 0 0 0 0 010120 201846.636
-2.3985 -0.0007 0.0000 0.00 0.00 1.00 0 206 2 112 1 0 0 0 0 010120 201846.687
-2.4069 -0.0005 0.0000 0.00 0.00 1.00 0 204 2 112 1 0 0 0 0 010120 201846.737
-2.4129 0.0002 0.0000 0.00 0.00 1.00 0 36 1 112 1 0 0 0 0 010120 201846.787
-2.4208 0.0005 0.0000 0.00 0.00 1.00 0 124 2 112 1 0 0 0 0 010120 201846.837
-2.4289 0.0008 0.0000 0.00 0.00 1.00 0 110 2 112 1 0 0 0 0 010120 201846.887
-2.4370 -0.0016 0.0000 0.00 0.00 1.00 0 245 12 112 1 0 0 0 0 010120 201846.937
-2.4451 -0.0017 0.0000 0.00 0.00 1.00 0 119 3 112 1 0 0 0 0 010120 201846.988
-2.4531 -0.0019 0.0000 0.00 0.00 1.00 0 116 3 112 1 0 0 0 0 010120 201847.038
-2.4600 0.0005 0.0000 0.00 0.00 1.00 0 111 2 112 1 0 0 0 0 010120 201847.088
-2.4679 0.0008 0.0000 0.00 0.00 1.00 0 94 2 112 1 0 0 0 0 010120 201847.138
-2.4750 0.0010 0.0000 0.00 0.00 1.00 0 138 2 112 1 0 0 0 0 010120 201847.188
-2.4851 -0.0004 0.0000 0.00 0.00 1.00 0 239 2 112 1 0 0 0 0 010120 201847.238
-2.4930 -0.0004 0.0000 0.00 0.00 1.00 0 230 2 112 1 0 0 0 0 010120 201847.288
-2.5021 0.0011 0.0000 0.00 0.00 1.00 0 142 252 112 1 0 0 0 0 010120 201847.339
-2.5103 0.0014 0.0000 0.00 0.00 1.00 0 39 2 112 1 0 0 0 0 010120 201847.389
-2.5187 0.0017 0.0000 0.00 0.00 1.00 0 20 2 112 1 0 0 0 0 010120 201847.439
-2.5285 0.0039 0.0000 0.00 0.00 1.00 0 65 1 112 1 0 0 0 0 010120 201847.489
-2.5370 0.0045 0.0000 0.00 0.00 1.00 0 12 1 112 1 0 0 0 0 010120 201847.539
-2.5454 0.0051 0.0000 0.00 0.00 1.00 0 4 1 112 1 0 0 0 0 010120 201847.589
-2.5530 0.0023 0.0000 0.00 0.00 1.00 0 74 2 112 1 0 0 0 0 010120 201847.639
-2.5654 0.0024 0.0000 0.00 0.00 1.00 0 63 2 112 1 0 0 0 0 010120 201847.690
-2.5754 0.0048 0.0000 0.00 0.00 1.00 0 177 245 112 1 0 0 0 0 010120 201847.740
-2.5844 0.0048 0.0000 0.00 0.00 1.00 0 32 2 112 1 0 0 0 0 010120 201847.790
-2.6019 0.0040 0.0000 0.00 0.00 1.00 0 89 2 112 1 0 0 0 0 010120 201847.840
-2.6109 0.0038 0.0000 0.00 0.00 1.00 0 85 2 112 1 0 0 0 0 010120 201847.890
-2.6187 0.0037 0.0000 0.00 0.00 1.00 0 100 2 112 1 0 0 0 0 010120 201847.940
-2.6239 0.0041 0.0000 0.00 0.00 1.00 0 33 2 112 1 0 0 0 0 010120 201847.990
-2.6320 0.0040 0.0000 0.00 0.00 1.00 0 31 2 112 1 0 0 0 0 010120 201848.040
-2.6387 0.0060 0.0000 0.00 0.00 1.00 0 74 250 112 1 0 0 0 0 010120 201848.091
-2.6466 0.0062 0.0000 0.00 0.00 1.00 0 57 1 112 1 0 0 0 0 010120 201848.141
-2.6466 0.0062 0.0000 0.00 0.00 1.00 0 57 1 112 1 0 0 0 0 010120 201848.191
-2.6546 0.0065 0.0000 0.00 0.00 1.00 0 30 1 112 1 0 0 0 0 010120 201848.241
-2.6597 0.0060 0.0000 0.00 0.00 1.00 0 117 1 112 1 0 0 0 0 010120 201848.291
-2.6672 0.0062 0.0000 0.00 0.00 1.00 0 104 1 112 1 0 0 0 0 010120 201848.341
-2.6746 0.0063 0.0000 0.00 0.00 1.00 0 95 1 112 1 0 0 0 0 010120 201848.392
-2.6830 0.0100 0.0000 0.00 0.00 1.00 0 214 255 112 1 0 0 0 0 010120 201848.442
-2.6905 0.0106 0.0000 0.00 0.00 1.00 0 212 255 112 1 0 0 0 0 010120 201848.492
-2.7015 0.0077 0.0000 0.00 0.00 1.00 0 197 13 112 1 0 0 0 0 010120 201848.542
-2.7098 0.0078 0.0000 0.00 0.00 1.00 0 64 1 112 1 0 0 0 0 010120 201848.592
-2.7172 0.0078 0.0000 0.00 0.00 1.00 0 86 1 112 1 0 0 0 0 010120 201848.642
-2.7310 0.0085 0.0000 0.00 0.00 1.00 0 201 253 112 1 0 0 0 0 010120 201848.693
-2.7400 0.0087 0.0000 0.00 0.00 1.00 0 190 0 112 1 0 0 0 0 010120 201848.743
-2.7489 0.0088 0.0000 0.00 0.00 1.00 0 188 0 112 1 0 0 0 0 010120 201848.793
-2.7544 0.0088 0.0000 0.00 0.00 1.00 0 225 0 112 1 0 0 0 0 010120 201848.843
-2.7629 0.0090 0.0000 0.00 0.00 1.00 0 197 0 112 1 0 0 0 0 010120 201848.893
-2.7713 0.0091 0.0000 0.00 0.00 1.00 0 187 0 112 1 0 0 0 0 010120 201848.943
-2.7780 0.0076 0.0000 0.00 0.00 1.00 0 91 1 112 1 0 0 0 0 010120 201848.994
-2.7862 0.0075 0.0000 0.00 0.00 1.00 0 85 1 112 1 0 0 0 0 010120 201849.044
-2.7929 0.0063 0.0000 0.00 0.00 1.00 0 224 5 112 1 0 0 0 0 010120 201849.094
-2.8008 0.0059 0.0000 0.00 0.00 1.00 0 216 1 112 1 0 0 0 0 010120 201849.144
-2.8087 0.0056 0.0000 0.00 0.00 1.00 0 217 1 112 1 0 0 0 0 010120 201849.194
-2.8173 0.0075 0.0000 0.00 0.00 1.00 0 227 248 112 1 0 0 0 0 010120 201849.244
-2.8333 0.0076 0.0000 0.00 0.00 1.00 0 210 0 112 1 0 0 0 0 010120 201849.294
-2.8391 0.0126 0.0000 0.00 0.00 1.00 0 188 254 112 1 0 0 0 0 010120 201849.345
-2.8467 0.0134 0.0000 0.00 0.00 1.00 0 176 254 112 1 0 0 0 0 010120 201849.395
-2.8543 0.0143 0.0000 0.00 0.00 1.00 0 152 254 112 1 0 0 0 0 010120 201849.445
-2.8639 0.0142 0.0000 0.00 0.00 1.00 0 209 254 112 1 0 0 0 0 010120 201849.495
-2.8718 0.0149 0.0000 0.00 0.00 1.00 0 190 254 112 1 0 0 0 0 010120 201849.545
-2.8849 0.0130 0.0000 0.00 0.00 1.00 0 89 8 112 1 0 0 0 0 010120 201849.595
-2.8934 0.0132 0.0000 0.00 0.00 1.00 0 152 255 112 1 0 0 0 0 010120 201849.645
-2.9023 0.0134 0.0000 0.00 0.00 1.00 0 136 255 112 1 0 0 0 0 010120 201849.696
-2.9123 0.0125 0.0000 0.00 0.00 1.00 0 241 3 112 1 0 0 0 0 010120 201849.746
-2.9212 0.0125 0.0000 0.00 0.00 1.00 0 240 255 112 1 0 0 0 0 010120 201849.796
-2.9303 0.0126 0.0000 0.00 0.00 1.00 0 232 255 112 1 0 0 0 0 010120 201849.846
-2.9378 0.0114 0.0000 0.00 0.00 1.00 0 99 0 112 1 0 0 0 0 010120 201849.896
-2.9464 0.0113 0.0000 0.00 0.00 1.00 0 96 0 112 1 0 0 0 0 010120 201849.946
-2.9553 0.0111 0.0000 0.00 0.00 1.00 0 92 0 112 1 0 0 0 0 010120 201849.996
-2.9553 0.0111 0.0000 0.00 0.00 1.00 0 92 0 112 1 0 0 0 0 010120 201850.047
-2.9655 0.0162 0.0000 0.00 0.00 1.00 0 55 254 112 1 0 0 0 0 010120 201850.097
-2.9745 0.0169 0.0000 0.00 0.00 1.00 0 10 254 112 1 0 0 0 0 010120 201850.147
-2.9846 0.0169 0.0000 0.00 0.00 1.00 0 101 0 112 1 0 0 0 0 010120 201850.197
-2.9936 0.0174 0.0000 0.00 0.00 1.00 0 57 254 112 1 0 0 0 0 010120 201850.247
-3.0029 0.0180 0.0000 0.00 0.00 1.00 0 15 254 112 1 0 0 0 0 010120 201850.297
-3.0132 0.0186 0.0000 0.00 0.00 1.00 0 131 253 112 1 0 0 0 0 010120 201850.348
-3.0226 0.0192 0.0000 0.00 0.00 1.00 0 221 253 112 1 0 0 0 0 010120 201850.398
-3.0318 0.0198 0.0000 0.00 0.00 1.00 0 196 253 112 1 0 0 0 0 010120 201850.448
-3.0376 0.0179 0.0000 0.00 0.00 1.00 0 206 254 112 1 0 0 0 0 010120 201850.498
-3.0464 0.0180 0.0000 0.00 0.00 1.00 0 186 254 112 1 0 0 0 0 010120 201850.548
-3.0552 0.0182 0.0000 0.00 0.00 1.00 0 169 254 112 1 0 0 0 0 010120 201850.598
-3.0588 0.0190 0.0000 0.00 0.00 1.00 0 100 254 112 1 0 0 0 0 010120 201850.649
-3.0667 0.0193 0.0000 0.00 0.00 1.00 0 95 254 112 1 0 0 0 0 010120 201850.699
-3.0746 0.0172 0.0000 0.00 0.00 1.00 0 128 7 112 1 0 0 0 0 010120 201850.749
-3.0827 0.0171 0.0000 0.00 0.00 1.00 0 83 247 112 1 0 0 0 0 010120 201850.799
-3.0906 0.0169 0.0000 0.00 0.00 1.00 0 77 247 112 1 0 0 0 0 010120 201850.849
-3.0984 0.0180 0.0000 0.00 0.00 1.00 0 151 242 112 1 0 0 0 0 010120 201850.899
-3.1063 0.0180 0.0000 0.00 0.00 1.00 0 182 246 112 1 0 0 0 0 010120 201850.949
-3.1241 0.0207 0.0000 0.00 0.00 1.00 0 122 245 112 1 0 0 0 0 010120 201851.000
-3.1323 0.0211 0.0000 0.00 0.00 1.00 0 105 245 112 1 0 0 0 0 010120 201851.050
-3.1404 0.0216 0.0000 0.00 0.00 1.00 0 99 245 112 1 0 0 0 0 010120 201851.100
-3.1503 0.0207 0.0000 0.00 0.00 1.00 0 194 245 112 1 0 0 0 0 010120 201851.150
-3.1503 0.0207 0.0000 0.00 0.00 1.00 0 194 245 112 1 0 0 0 0 010120 201851.200
-3.1587 0.0210 0.0000 0.00 0.00 1.00 0 187 245 112 1 0 0 0 0 010120 201851.250
-3.1658 0.0222 0.0000 0.00 0.00 1.00 0 105 242 112 1 0 0 0 0 010120 201851.300
-3.1738 0.0226 0.0000 0.00 0.00 1.00 0 60 245 112 1 0 0 0 0 010120 201851.351
-3.1821 0.0230 0.0000 0.00 0.00 1.00 0 20 245 112 1 0 0 0 0 010120 201851.401
-3.1908 0.0249 0.0000 0.00 0.00 1.00 0 12 239 112 1 0 0 0 0 010120 201851.451
-3.1991 0.0255 0.0000 0.00 0.00 1.00 0 92 244 112 1 0 0 0 0 010120 201851.501
-3.2074 0.0262 0.0000 0.00 0.00 1.00 0 62 244 112 1 0 0 0 0 010120 201851.551
-3.2156 0.0228 0.0000 0.00 0.00 1.00 0 200 245 112 1 0 0 0 0 010120 201851.601
-3.2237 0.0228 0.0000 0.00 0.00 1.00 0 200 245 112 1 0 0 0 0 010120 201851.651
-3.2320 0.0228 0.0000 0.00 0.00 1.00 0 184 245 112 1 0 0 0 0 010120 201851.702
-3.2378 0.0192 0.0000 0.00 0.00 1.00 0 45 247 112 1 0 0 0 0 010120 201851.752
-3.2457 0.0186 0.0000 0.00 0.00 1.00 0 47 247 112 1 0 0 0 0 010120 201851.802
-3.2538 0.0177 0.0000 0.00 0.00 1.00 0 178 248 112 1 0 0 0 0 010120 201851.852
-3.2618 0.0171 0.0000 0.00 0.00 1.00 0 99 247 112 1 0 0 0 0 010120 201851.902
-3.2771 0.0174 0.0000 0.00 0.00 1.00 0 1 241 112 1 0 0 0 0 010120 201851.952
-3.2850 0.0171 0.0000 0.00 0.00 1.00 0 191 246 112 1 0 0 0 0 010120 201852.003
-3.2929 0.0167 0.0000 0.00 0.00 1.00 0 194 246 112 1 0 0 0 0 010120 201852.053
-3.3055 0.0224 0.0000 0.00 0.00 1.00 0 185 243 112 1 0 0 0 0 010120 201852.103
-3.3140 0.0230 0.0000 0.00 0.00 1.00 0 164 243 112 1 0 0 0 0 010120 201852.153
-3.3227 0.0236 0.0000 0.00 0.00 1.00 0 121 243 112 1 0 0 0 0 010120 201852.203
-3.3310 0.0265 0.0000 0.00 0.00 1.00 0 139 242 112 1 0 0 0 0 010120 201852.253
-3.3397 0.0274 0.0000 0.00 0.00 1.00 0 80 242 112 1 0 0 0 0 010120 201852.304
-3.3397 0.0274 0.0000 0.00 0.00 1.00 0 80 242 112 1 0 0 0 0 010120 201852.354
-3.3452 0.0255 0.0000 0.00 0.00 1.00 0 127 254 112 1 0 0 0 0 010120 201852.404
-3.3531 0.0260 0.0000 0.00 0.00 1.00 0 100 243 112 1 0 0 0 0 010120 201852.454
-3.3612 0.0265 0.0000 0.00 0.00 1.00 0 76 243 112 1 0 0 0 0 010120 201852.504
-3.3648 0.0254 0.0000 0.00 0.00 1.00 0 99 250 112 1 0 0 0 0 010120 201852.554
-3.3722 0.0257 0.0000 0.00 0.00 1.00 0 236 243 112 1 0 0 0 0 010120 201852.604
-3.3798 0.0259 0.0000 0.00 0.00 1.00 0 182 243 112 1 0 0 0 0 010120 201852.655
-3.3888 0.0238 0.0000 0.00 0.00 1.00 0 155 244 112 1 0 0 0 0 010120 201852.705
-3.3964 0.0237 0.0000 0.00 0.00 1.00 0 153 244 112 1 0 0 0 0 010120 201852.755
-3.4040 0.0235 0.0000 0.00 0.00 1.00 0 142 244 112 1 0 0 0 0 010120 201852.805
-3.4138 0.0184 0.0000 0.00 0.00 1.00 0 40 245 112 1 0 0 0 0 010120 201852.855
-3.4215 0.0181 0.0000 0.00 0.00 1.00 0 34 245 112 1 0 0 0 0 010120 201852.905
-3.4374 0.0183 0.0000 0.00 0.00 1.00 0 200 240 112 1 0 0 0 0 010120 201852.955
-3.4464 0.0182 0.0000 0.00 0.00 1.00 0 150 244 112 1 0 0 0 0 010120 201853.006
-3.4627 0.0187 0.0000 0.00 0.00 1.00 0 78 244 112 1 0 0 0 0 010120 201853.056
-3.4714 0.0187 0.0000 0.00 0.00 1.00 0 33 244 112 1 0 0 0 0 010120 201853.106
-3.4803 0.0186 0.0000 0.00 0.00 1.00 0 5 244 112 1 0 0 0 0 010120 201853.156
-3.4837 0.0202 0.0000 0.00 0.00 1.00 0 135 243 112 1 0 0 0 0 010120 201853.206
-3.4916 0.0204 0.0000 0.00 0.00 1.00 0 101 243 112 1 0 0 0 0 010120 201853.256
-3.4995 0.0206 0.0000 0.00 0.00 1.00 0 227 243 112 1 0 0 0 0 010120 201853.306
-3.4993 0.0189 0.0000 0.00 0.00 1.00 0 163 244 112 1 0 0 0 0 010120 201853.357
-3.4993 0.0189 0.0000 0.00 0.00 1.00 0 163 244 112 1 0 0 0 0 010120 201853.407
-3.5059 0.0189 0.0000 0.00 0.00 1.00 0 162 244 112 1 0 0 0 0 010120 201853.457
-3.5152 0.0205 0.0000 0.00 0.00 1.00 0 38 237 112 1 0 0 0 0 010120 201853.507
-3.5222 0.0208 0.0000 0.00 0.00 1.00 0 188 243 112 1 0 0 0 0 010120 201853.557
-3.5293 0.0210 0.0000 0.00 0.00 1.00 0 175 243 112 1 0 0 0 0 010120 201853.607
-3.5408 0.0210 0.0000 0.00 0.00 1.00 0 213 243 112 1 0 0 0 0 010120 201853.658
-3.5486 0.0212 0.0000 0.00 0.00 1.00 0 143 243 112 1 0 0 0 0 010120 201853.708
-3.5564 0.0214 0.0000 0.00 0.00 1.00 0 136 243 112 1 0 0 0 0 010120 201853.758
-3.5690 0.0159 0.0000 0.00 0.00 1.00 0 188 245 112 1 0 0 0 0 010120 201853.808
-3.5852 0.0145 0.0000 0.00 0.00 1.00 0 167 245 112 1 0 0 0 0 010120 201853.858
-3.5986 0.0144 0.0000 0.00 0.00 1.00 0 121 245 112 1 0 0 0 0 010120 201853.908
-3.6078 0.0138 0.0000 0.00 0.00 1.00 0 125 245 112 1 0 0 0 0 010120 201853.958
-3.6185 0.0147 0.0000 0.00 0.00 1.00 0 242 238 112 1 0 0 0 0 010120 201854.009
-3.6281 0.0144 0.0000 0.00 0.00 1.00 0 198 244 112 1 0 0 0 0 010120 201854.059
-3.6281 0.0144 0.0000 0.00 0.00 1.00 0 198 244 112 1 0 0 0 0 010120 201854.109
-3.6376 0.0141 0.0000 0.00 0.00 1.00 0 196 244 112 1 0 0 0 0 010120 201854.159
-3.6397 0.0136 0.0000 0.00 0.00 1.00 0 171 246 112 1 0 0 0 0 010120 201854.209
-3.6480 0.0132 0.0000 0.00 0.00 1.00 0 245 244 112 1 0 0 0 0 010120 201854.259
-3.6561 0.0128 0.0000 0.00 0.00 1.00 0 245 244 112 1 0 0 0 0 010120 201854.309
-3.6609 0.0142 0.0000 0.00 0.00 1.00 0 79 244 112 1 0 0 0 0 010120 201854.359
-3.6686 0.0141 0.0000 0.00 0.00 1.00 0 72 244 112 1 0 0 0 0 010120 201854.410
-3.6755 0.0141 0.0000 0.00 0.00 1.00 0 95 244 112 1 0 0 0 0 010120 201854.460
-3.6890 0.0168 0.0000 0.00 0.00 1.00 0 10 243 112 1 0 0 0 0 010120 201854.510
-3.6974 0.0171 0.0000 0.00 0.00 1.00 0 215 243 112 1 0 0 0 0 010120 201854.560
-3.7059 0.0160 0.0000 0.00 0.00 1.00 0 7 248 112 1 0 0 0 0 010120 201854.610
-3.7144 0.0160 0.0000 0.00 0.00 1.00 0 128 242 112 1 0 0 0 0 010120 201854.660
-3.7228 0.0161 0.0000 0.00 0.00 1.00 0 129 242 112 1 0 0 0 0 010120 201854.711
-3.7378 0.0140 0.0000 0.00 0.00 1.00 0 51 243 112 1 0 0 0 0 010120 201854.761
-3.7458 0.0138 0.0000 0.00 0.00 1.00 0 45 243 112 1 0 0 0 0 010120 201854.811
-3.7546 0.0116 0.0000 0.00 0.00 1.00 0 229 243 112 1 0 0 0 0 010120 201854.861
-3.7628 0.0110 0.0000 0.00 0.00 1.00 0 225 243 112 1 0 0 0 0 010120 201854.911
-3.7711 0.0105 0.0000 0.00 0.00 1.00 0 217 243 112 1 0 0 0 0 010120 201854.961
-3.7772 0.0066 0.0000 0.00 0.00 1.00 0 26 245 112 1 0 0 0 0 010120 201855.011
-3.7819 0.0060 0.0000 0.00 0.00 1.00 0 76 245 112 1 0 0 0 0 010120 201855.061
-3.7860 0.0055 0.0000 0.00 0.00 1.00 0 63 245 112 1 0 0 0 0 010120 201855.112
-3.7957 0.0058 0.0000 0.00 0.00 1.00 0 210 238 112 1 0 0 0 0 010120 201855.162
-3.8041 0.0050 0.0000 0.00 0.00 1.00 0 139 244 112 1 0 0 0 0 010120 201855.212
-3.8124 0.0042 0.0000 0.00 0.00 1.00 0 139 244 112 1 0 0 0 0 010120 201855.262
-3.8238 0.0070 0.0000 0.00 0.00 1.00 0 19 243 112 1 0 0 0 0 010120 201855.312
-3.8327 0.0067 0.0000 0.00 0.00 1.00 0 216 242 112 1 0 0 0 0 010120 201855.362
-3.8489 0.0068 0.0000 0.00 0.00 1.00 0 150 242 112 1 0 0 0 0 010120 201855.412
-3.8575 0.0066 0.0000 0.00 0.00 1.00 0 135 242 112 1 0 0 0 0 010120 201855.463
-3.8681 0.0047 0.0000 0.00 0.00 1.00 0 241 248 112 1 0 0 0 0 010120 201855.513
-3.8769 0.0042 0.0000 0.00 0.00 1.00 0 37 243 112 1 0 0 0 0 010120 201855.563
-3.8859 0.0037 0.0000 0.00 0.00 1.00 0 27 243 112 1 0 0 0 0 010120 201855.613
-3.8925 0.0033 0.0000 0.00 0.00 1.00 0 221 243 112 1 0 0 0 0 010120 201855.663
-3.8925 0.0033 0.0000 0.00 0.00 1.00 0 221 243 112 1 0 0 0 0 010120 201855.713
-3.9009 0.0028 0.0000 0.00 0.00 1.00 0 30 243 112 1 0 0 0 0 010120 201855.763
-3.9095 0.0024 0.0000 0.00 0.00 1.00 0 21 243 112 1 0 0 0 0 010120 201855.814
-3.9174 -0.0004 0.0000 0.00 0.00 1.00 0 190 253 112 1 0 0 0 0 010120 201855.864
-3.9257 -0.0012 0.0000 0.00 0.00 1.00 0 206 244 112 1 0 0 0 0 010120 201855.914
-3.9341 -0.0021 0.0000 0.00 0.00 1.00 0 214 244 112 1 0 0 0 0 010120 201855.964
-3.9415 -0.0028 0.0000 0.00 0.00 1.00 0 226 244 112 1 0 0 0 0 010120 201856.014
-3.9497 -0.0036 0.0000 0.00 0.00 1.00 0 235 244 112 1 0 0 0 0 010120 201856.064
-3.9544 -0.0082 0.0000 0.00 0.00 1.00 0 209 4 112 1 0 0 0 0 010120 201856.115
-3.9692 -0.0111 0.0000 0.00 0.00 1.00 0 234 246 112 1 0 0 0 0 010120 201856.165
-3.9775 -0.0108 0.0000 0.00 0.00 1.00 0 88 239 112 1 0 0 0 0 010120 201856.215
-3.9852 -0.0119 0.0000 0.00 0.00 1.00 0 79 246 112 1 0 0 0 0 010120 201856.265
-3.9929 -0.0131 0.0000 0.00 0.00 1.00 0 88 246 112 1 0 0 0 0 010120 201856.315
-4.0011 -0.0124 0.0000 0.00 0.00 1.00 0 153 245 112 1 0 0 0 0 010120 201856.365
-4.0090 -0.0133 0.0000 0.00 0.00 1.00 0 167 245 112 1 0 0 0 0 010120 201856.415
-4.0090 -0.0133 0.0000 0.00 0.00 1.00 0 167 245 112 1 0 0 0 0 010120 201856.466
-4.0167 -0.0141 0.0000 0.00 0.00 1.00 0 178 245 112 1 0 0 0 0 010120 201856.516
-4.0287 -0.0102 0.0000 0.00 0.00 1.00 0 184 243 112 1 0 0 0 0 010120 201856.566
-4.0370 -0.0103 0.0000 0.00 0.00 1.00 0 178 243 112 1 0 0 0 0 010120 201856.616
-4.0447 -0.0104 0.0000 0.00 0.00 1.00 0 204 243 112 1 0 0 0 0 010120 201856.666
-4.0543 -0.0120 0.0000 0.00 0.00 1.00 0 44 244 112 1 0 0 0 0 010120 201856.716
-4.0694 -0.0164 0.0000 0.00 0.00 1.00 0 120 3 112 1 0 0 0 0 010120 201856.767
-4.0777 -0.0174 0.0000 0.00 0.00 1.00 0 225 245 112 1 0 0 0 0 010120 201856.817
-4.0859 -0.0183 0.0000 0.00 0.00 1.00 0 233 245 112 1 0 0 0 0 010120 201856.867
-4.0859 -0.0183 0.0000 0.00 0.00 1.00 0 233 245 112 1 0 0 0 0 010120 201856.917
-4.0910 -0.0192 0.0000 0.00 0.00 1.00 0 233 245 112 1 0 0 0 0 010120 201856.967
-4.0989 -0.0201 0.0000 0.00 0.00 1.00 0 12 246 112 1 0 0 0 0 010120 201857.017
-4.1066 -0.0211 0.0000 0.00 0.00 1.00 0 25 246 112 1 0 0 0 0 010120 201857.067
-4.1122 -0.0218 0.0000 0.00 0.00 1.00 0 17 246 112 1 0 0 0 0 010120 201857.118
-4.1196 -0.0227 0.0000 0.00 0.00 1.00 0 207 245 112 1 0 0 0 0 010120 201857.168
-4.1278 -0.0240 0.0000 0.00 0.00 1.00 0 14 247 112 1 0 0 0 0 010120 201857.218
-4.1354 -0.0249 0.0000 0.00 0.00 1.00 0 1 246 112 1 0 0 0 0 010120 201857.268
-4.1429 -0.0259 0.0000 0.00 0.00 1.00 0 11 246 112 1 0 0 0 0 010120 201857.318
-4.1599 -0.0290 0.0000 0.00 0.00 1.00 0 135 246 112 1 0 0 0 0 010120 201857.368
-4.1669 -0.0300 0.0000 0.00 0.00 1.00 0 91 246 112 1 0 0 0 0 010120 201857.418
-4.1729 -0.0283 0.0000 0.00 0.00 1.00 0 108 245 112 1 0 0 0 0 010120 201857.469
-4.1802 -0.0289 0.0000 0.00 0.00 1.00 0 116 245 112 1 0 0 0 0 010120 201857.519
-4.1876 -0.0296 0.0000 0.00 0.00 1.00 0 118 245 112 1 0 0 0 0 010120 201857.569
-4.1945 -0.0313 0.0000 0.00 0.00 1.00 0 239 245 112 1 0 0 0 0 010120 201857.619
-4.2017 -0.0321 0.0000 0.00 0.00 1.00 0 239 245 112 1 0 0 0 0 010120 201857.669
-4.2017 -0.0321 0.0000 0.00 0.00 1.00 0 239 245 112 1 0 0 0 0 010120 201857.719
-4.2157 -0.0340 0.0000 0.00 0.00 1.00 0 46 248 112 1 0 0 0 0 010120 201857.769
-4.2243 -0.0350 0.0000 0.00 0.00 1.00 0 71 246 112 1 0 0 0 0 010120 201857.820
-4.2328 -0.0360 0.0000 0.00 0.00 1.00 0 75 246 112 1 0 0 0 0 010120 201857.870
-4.2495 -0.0361 0.0000 0.00 0.00 1.00 0 96 240 112 1 0 0 0 0 010120 201857.920
-4.2595 -0.0370 0.0000 0.00 0.00 1.00 0 179 245 112 1 0 0 0 0 010120 201857.970
-4.2787 -0.0395 0.0000 0.00 0.00 1.00 0 21 246 112 1 0 0 0 0 010120 201858.020
-4.2885 -0.0405 0.0000 0.00 0.00 1.00 0 28 246 112 1 0 0 0 0 010120 201858.070
-4.2984 -0.0415 0.0000 0.00 0.00 1.00 0 40 246 112 1 0 0 0 0 010120 201858.120
-4.3002 -0.0453 0.0000 0.00 0.00 1.00 0 125 247 112 1 0 0 0 0 010120 201858.170
-4.3086 -0.0467 0.0000 0.00 0.00 1.00 0 145 247 112 1 0 0 0 0 010120 201858.221
-4.3086 -0.0467 0.0000 0.00 0.00 1.00 0 145 247 112 1 0 0 0 0 010120 201858.271
-4.3165 -0.0480 0.0000 0.00 0.00 1.00 0 151 247 112 1 0 0 0 0 010120 201858.321
-4.3211 -0.0482 0.0000 0.00 0.00 1.00 0 198 246 112 1 0 0 0 0 010120 201858.371
-4.3291 -0.0494 0.0000 0.00 0.00 1.00 0 206 246 112 1 0 0 0 0 010120 201858.421
-4.3357 -0.0496 0.0000 0.00 0.00 1.00 0 236 242 112 1 0 0 0 0 010120 201858.471
-4.3434 -0.0506 0.0000 0.00 0.00 1.00 0 113 246 112 1 0 0 0 0 010120 201858.521
-4.3511 -0.0516 0.0000 0.00 0.00 1.00 0 117 246 112 1 0 0 0 0 010120 201858.572
-4.3568 -0.0534 0.0000 0.00 0.00 1.00 0 232 246 112 1 0 0 0 0 010120 201858.622
-4.3714 -0.0557 0.0000 0.00 0.00 1.00 0 242 246 112 1 0 0 0 0 010120 201858.672
-4.3827 -0.0601 0.0000 0.00 0.00 1.00 0 22 248 112 1 0 0 0 0 010120 201858.722
-4.3907 -0.0618 0.0000 0.00 0.00 1.00 0 55 248 112 1 0 0 0 0 010120 201858.772
-4.4045 -0.0647 0.0000 0.00 0.00 1.00 0 46 250 112 1 0 0 0 0 010120 201858.822
-4.4135 -0.0665 0.0000 0.00 0.00 1.00 0 141 248 112 1 0 0 0 0 010120 201858.873
-4.4135 -0.0665 0.0000 0.00 0.00 1.00 0 141 248 112 1 0 0 0 0 010120 201858.923
-4.4224 -0.0684 0.0000 0.00 0.00 1.00 0 157 248 112 1 0 0 0 0 010120 201858.973
-4.4343 -0.0683 0.0000 0.00 0.00 1.00 0 188 239 112 1 0 0 0 0 010120 201859.023
-4.4438 -0.0699 0.0000 0.00 0.00 1.00 0 207 247 112 1 0 0 0 0 010120 201859.073
-4.4533 -0.0714 0.0000 0.00 0.00 1.00 0 226 247 112 1 0 0 0 0 010120 201859.123
-4.4576 -0.0716 0.0000 0.00 0.00 1.00 0 151 247 112 1 0 0 0 0 010120 201859.174
-4.4748 -0.0743 0.0000 0.00 0.00 1.00 0 168 247 112 1 0 0 0 0 010120 201859.224
-4.4814 -0.0747 0.0000 0.00 0.00 1.00 0 113 247 112 1 0 0 0 0 010120 201859.274
-4.4898 -0.0759 0.0000 0.00 0.00 1.00 0 121 247 112 1 0 0 0 0 010120 201859.324
-4.4951 -0.0763 0.0000 0.00 0.00 1.00 0 151 245 112 1 0 0 0 0 010120 201859.374
-4.4951 -0.0763 0.0000 0.00 0.00 1.00 0 151 245 112 1 0 0 0 0 010120 201859.424
-4.5030 -0.0774 0.0000 0.00 0.00 1.00 0 80 247 112 1 0 0 0 0 010120 201859.474
-4.5108 -0.0784 0.0000 0.00 0.00 1.00 0 85 247 112 1 0 0 0 0 010120 201859.525
-4.5178 -0.0842 0.0000 0.00 0.00 1.00 0 144 10 112 1 0 0 0 0 010120 201859.575
-4.5255 -0.0861 0.0000 0.00 0.00 1.00 0 139 249 112 1 0 0 0 0 010120 201859.625
-4.5331 -0.0879 0.0000 0.00 0.00 1.00 0 104 249 112 1 0 0 0 0 010120 201859.675
-4.5440 -0.0941 0.0000 0.00 0.00 1.00 0 33 251 112 1 0 0 0 0 010120 201859.725
-4.5604 -0.0993 0.0000 0.00 0.00 1.00 0 104 251 112 1 0 0 0 0 010120 201859.775
-4.5690 -0.0983 0.0000 0.00 0.00 1.00 0 7 251 112 1 0 0 0 0 010120 201859.825
-4.5774 -0.1003 0.0000 0.00 0.00 1.00 0 54 250 112 1 0 0 0 0 010120 201859.876
-4.5883 -0.0982 0.0000 0.00 0.00 1.00 0 226 232 112 1 0 0 0 0 010120 201859.926
-4.5971 -0.0994 0.0000 0.00 0.00 1.00 0 100 248 112 1 0 0 0 0 010120 201859.976
-4.5971 -0.0994 0.0000 0.00 0.00 1.00 0 100 248 112 1 0 0 0 0 010120 201900.026
-4.6057 -0.1007 0.0000 0.00 0.00 1.00 0 104 248 112 1 0 0 0 0 010120 201900.076
-4.6130 -0.1016 0.0000 0.00 0.00 1.00 0 146 247 112 1 0 0 0 0 010120 201900.126
-4.6214 -0.1027 0.0000 0.00 0.00 1.00 0 88 248 112 1 0 0 0 0 010120 201900.177
-4.6298 -0.1039 0.0000 0.00 0.00 1.00 0 88 248 112 1 0 0 0 0 010120 201900.227
-4.6475 -0.1079 0.0000 0.00 0.00 1.00 0 240 248 112 1 0 0 0 0 010120 201900.277
-4.6559 -0.1093 0.0000 0.00 0.00 1.00 0 244 248 112 1 0 0 0 0 010120 201900.327
-4.6632 -0.1110 0.0000 0.00 0.00 1.00 0 53 249 112 1 0 0 0 0 010120 201900.377
-4.6715 -0.1125 0.0000 0.00 0.00 1.00 0 65 249 112 1 0 0 0 0 010120 201900.427
-4.6715 -0.1125 0.0000 0.00 0.00 1.00 0 65 249 112 1 0 0 0 0 010120 201900.477
-4.6777 -0.1148 0.0000 0.00 0.00 1.00 0 145 253 112 1 0 0 0 0 010120 201900.527
-4.6857 -0.1164 0.0000 0.00 0.00 1.00 0 201 249 112 1 0 0 0 0 010120 201900.578
-4.6936 -0.1180 0.0000 0.00 0.00 1.00 0 218 249 112 1 0 0 0 0 010120 201900.628
-4.6991 -0.1183 0.0000 0.00 0.00 1.00 0 55 246 112 1 0 0 0 0 010120 201900.678
-4.7126 -0.1208 0.0000 0.00 0.00 1.00 0 64 249 112 1 0 0 0 0 010120 201900.728
-4.7254 -0.1243 0.0000 0.00 0.00 1.00 0 64 250 112 1 0 0 0 0 010120 201900.778
-4.7334 -0.1259 0.0000 0.00 0.00 1.00 0 30 253 112 1 0 0 0 0 010120 201900.828
-4.7408 -0.1275 0.0000 0.00 0.00 1.00 0 182 248 112 1 0 0 0 0 010120 201900.878
-4.7496 -0.1332 0.0000 0.00 0.00 1.00 0 40 250 112 1 0 0 0 0 010120 201900.929
-4.7496 -0.1332 0.0000 0.00 0.00 1.00 0 40 250 112 1 0 0 0 0 010120 201900.979
-4.7577 -0.1354 0.0000 0.00 0.00 1.00 0 42 250 112 1 0 0 0 0 010120 201901.029
-4.7681 -0.1399 0.0000 0.00 0.00 1.00 0 133 0 112 1 0 0 0 0 010120 201901.079
-4.7807 -0.1438 0.0000 0.00 0.00 1.00 0 250 250 112 1 0 0 0 0 010120 201901.129
-4.7893 -0.1465 0.0000 0.00 0.00 1.00 0 16 251 112 1 0 0 0 0 010120 201901.179
-4.8029 -0.1451 0.0000 0.00 0.00 1.00 0 43 249 112 1 0 0 0 0 010120 201901.229
-4.8075 -0.1454 0.0000 0.00 0.00 1.00 0 88 246 112 1 0 0 0 0 010120 201901.279
-4.8150 -0.1469 0.0000 0.00 0.00 1.00 0 212 248 112 1 0 0 0 0 010120 201901.330
-4.8225 -0.1484 0.0000 0.00 0.00 1.00 0 203 248 112 1 0 0 0 0 010120 201901.380
-4.8225 -0.1484 0.0000 0.00 0.00 1.00 0 203 248 112 1 0 0 0 0 010120 201901.430
-4.8367 -0.1459 0.0000 0.00 0.00 1.00 0 24 227 112 1 0 0 0 0 010120 201901.480
-4.8537 -0.1475 0.0000 0.00 0.00 1.00 0 78 246 112 1 0 0 0 0 010120 201901.530
-4.8586 -0.1525 0.0000 0.00 0.00 1.00 0 34 248 112 1 0 0 0 0 010120 201901.580
-4.8666 -0.1540 0.0000 0.00 0.00 1.00 0 24 248 112 1 0 0 0 0 010120 201901.631
-4.8717 -0.1568 0.0000 0.00 0.00 1.00 0 238 255 112 1 0 0 0 0 010120 201901.681
-4.8790 -0.1585 0.0000 0.00 0.00 1.00 0 248 248 112 1 0 0 0 0 010120 201901.731
-4.8790 -0.1585 0.0000 0.00 0.00 1.00 0 248 248 112 1 0 0 0 0 010120 201901.781
-4.8864 -0.1602 0.0000 0.00 0.00 1.00 0 248 248 112 1 0 0 0 0 010120 201901.831
-4.8954 -0.1638 0.0000 0.00 0.00 1.00 0 200 254 112 1 0 0 0 0 010120 201901.881
-4.9032 -0.1659 0.0000 0.00 0.00 1.00 0 159 249 112 1 0 0 0 0 010120 201901.931
-4.9109 -0.1679 0.0000 0.00 0.00 1.00 0 166 249 112 1 0 0 0 0 010120 201901.981
-4.9248 -0.1729 0.0000 0.00 0.00 1.00 0 39 250 112 1 0 0 0 0 010120 201902.031
-4.9323 -0.1750 0.0000 0.00 0.00 1.00 0 47 250 112 1 0 0 0 0 010120 201902.082
-4.9414 -0.1760 0.0000 0.00 0.00 1.00 0 155 249 112 1 0 0 0 0 010120 201902.132
-4.9492 -0.1780 0.0000 0.00 0.00 1.00 0 51 254 112 1 0 0 0 0 010120 201902.182
-4.9549 -0.1790 0.0000 0.00 0.00 1.00 0 5 247 112 1 0 0 0 0 010120 201902.232
-4.9617 -0.1807 0.0000 0.00 0.00 1.00 0 139 247 112 1 0 0 0 0 010120 201902.282
-4.9617 -0.1807 0.0000 0.00 0.00 1.00 0 139 247 112 1 0 0 0 0 010120 201902.332
-4.9690 -0.1825 0.0000 0.00 0.00 1.00 0 100 247 112 1 0 0 0 0 010120 201902.382
-4.9797 -0.1866 0.0000 0.00 0.00 1.00 0 16 251 112 1 0 0 0 0 010120 201902.432
-4.9875 -0.1887 0.0000 0.00 0.00 1.00 0 172 247 112 1 0 0 0 0 010120 201902.483
-4.9955 -0.1909 0.0000 0.00 0.00 1.00 0 148 247 112 1 0 0 0 0 010120 201902.533
-5.0064 -0.1928 0.0000 0.00 0.00 1.00 0 249 246 112 1 0 0 0 0 010120 201902.583
-5.0231 -0.1970 0.0000 0.00 0.00 1.00 0 198 246 112 1 0 0 0 0 010120 201902.633
-5.0304 -0.1930 0.0000 0.00 0.00 1.00 0 246 231 112 1 0 0 0 0 010120 201902.683
-5.0389 -0.1948 0.0000 0.00 0.00 1.00 0 88 245 112 1 0 0 0 0 010120 201902.733
-5.0473 -0.1966 0.0000 0.00 0.00 1.00 0 61 245 112 1 0 0 0 0 010120 201902.783
-5.0528 -0.1998 0.0000 0.00 0.00 1.00 0 19 246 112 1 0 0 0 0 010120 201902.833
-5.0607 -0.2018 0.0000 0.00 0.00 1.00 0 7 246 112 1 0 0 0 0 010120 201902.884
-5.0607 -0.2018 0.0000 0.00 0.00 1.00 0 7 246 112 1 0 0 0 0 010120 201902.934
-5.0673 -0.2064 0.0000 0.00 0.00 1.00 0 126 1 112 1 0 0 0 0 010120 201902.984
-5.0751 -0.2089 0.0000 0.00 0.00 1.00 0 34 247 112 1 0 0 0 0 010120 201903.034
-5.0828 -0.2113 0.0000 0.00 0.00 1.00 0 33 247 112 1 0 0 0 0 010120 201903.084
-5.0936 -0.2097 0.0000 0.00 0.00 1.00 0 62 245 112 1 0 0 0 0 010120 201903.134
-5.1020 -0.2115 0.0000 0.00 0.00 1.00 0 210 244 112 1 0 0 0 0 010120 201903.184
-5.1168 -0.2156 0.0000 0.00 0.00 1.00 0 34 245 112 1 0 0 0 0 010120 201903.234
-5.1249 -0.2175 0.0000 0.00 0.00 1.00 0 1 245 112 1 0 0 0 0 010120 201903.285
-5.1332 -0.2243 0.0000 0.00 0.00 1.00 0 197 6 112 1 0 0 0 0 010120 201903.335
-5.1413 -0.2271 0.0000 0.00 0.00 1.00 0 227 246 112 1 0 0 0 0 010120 201903.385
-5.1495 -0.2299 0.0000 0.00 0.00 1.00 0 216 246 112 1 0 0 0 0 010120 201903.435
-5.1495 -0.2299 0.0000 0.00 0.00 1.00 0 216 246 112 1 0 0 0 0 010120 201903.485
-5.1591 -0.2322 0.0000 0.00 0.00 1.00 0 28 243 112 1 0 0 0 0 010120 201903.535
-5.1676 -0.2349 0.0000 0.00 0.00 1.00 0 95 246 112 1 0 0 0 0 010120 201903.585
-5.1759 -0.2376 0.0000 0.00 0.00 1.00 0 234 244 112 1 0 0 0 0 010120 201903.635
-5.1805 -0.2414 0.0000 0.00 0.00 1.00 0 211 254 112 1 0 0 0 0 010120 201903.686
-5.1884 -0.2444 0.0000 0.00 0.00 1.00 0 213 245 112 1 0 0 0 0 010120 201903.736
-5.2064 -0.2500 0.0000 0.00 0.00 1.00 0 57 245 112 1 0 0 0 0 010120 201903.786
-5.2146 -0.2529 0.0000 0.00 0.00 1.00 0 30 245 112 1 0 0 0 0 010120 201903.836
-5.2227 -0.2540 0.0000 0.00 0.00 1.00 0 199 238 112 1 0 0 0 0 010120 201903.886
-5.2307 -0.2565 0.0000 0.00 0.00 1.00 0 53 244 112 1 0 0 0 0 010120 201903.936
-5.2389 -0.2591 0.0000 0.00 0.00 1.00 0 29 244 112 1 0 0 0 0 010120 201903.986
-5.2389 -0.2591 0.0000 0.00 0.00 1.00 0 29 244 112 1 0 0 0 0 010120 201904.036
-5.2493 -0.2593 0.0000 0.00 0.00 1.00 0 214 231 112 1 0 0 0 0 010120 201904.087
-5.2578 -0.2614 0.0000 0.00 0.00 1.00 0 122 242 112 1 0 0 0 0 010120 201904.137
-5.2663 -0.2636 0.0000 0.00 0.00 1.00 0 118 242 112 1 0 0 0 0 010120 201904.187
-5.2800 -0.2672 0.0000 0.00 0.00 1.00 0 111 242 112 1 0 0 0 0 010120 201904.237
-5.2880 -0.2692 0.0000 0.00 0.00 1.00 0 76 242 112 1 0 0 0 0 010120 201904.287
-5.2959 -0.2714 0.0000 0.00 0.00 1.00 0 36 242 112 1 0 0 0 0 010120 201904.337
-5.3039 -0.2734 0.0000 0.00 0.00 1.00 0 234 241 112 1 0 0 0 0 010120 201904.387
-5.3080 -0.2745 0.0000 0.00 0.00 1.00 0 226 241 112 1 0 0 0 0 010120 201904.438
-5.3080 -0.2768 0.0000 0.00 0.00 1.00 0 48 253 112 1 0 0 0 0 010120 201904.488
-5.3149 -0.2789 0.0000 0.00 0.00 1.00 0 8 243 112 1 0 0 0 0 010120 201904.538
-5.3222 -0.2812 0.0000 0.00 0.00 1.00 0 234 242 112 1 0 0 0 0 010120 201904.588
-5.3258 -0.2829 0.0000 0.00 0.00 1.00 0 205 246 112 1 0 0 0 0 010120 201904.638
-5.3325 -0.2851 0.0000 0.00 0.00 1.00 0 32 243 112 1 0 0 0 0 010120 201904.688
-5.3494 -0.2883 0.0000 0.00 0.00 1.00 0 233 241 112 1 0 0 0 0 010120 201904.738
-5.3566 -0.2902 0.0000 0.00 0.00 1.00 0 188 241 112 1 0 0 0 0 010120 201904.788
-5.3638 -0.2922 0.0000 0.00 0.00 1.00 0 178 241 112 1 0 0 0 0 010120 201904.839
-5.3734 -0.3001 0.0000 0.00 0.00 1.00 0 72 243 112 1 0 0 0 0 010120 201904.889
-5.3810 -0.3030 0.0000 0.00 0.00 1.00 0 142 240 112 1 0 0 0 0 010120 201904.939
-5.3810 -0.3030 0.0000 0.00 0.00 1.00 0 142 240 112 1 0 0 0 0 010120 201904.989
-5.3916 -0.3043 0.0000 0.00 0.00 1.00 0 76 228 112 1 0 0 0 0 010120 201905.039
-5.3997 -0.3069 0.0000 0.00 0.00 1.00 0 199 238 112 1 0 0 0 0 010120 201905.089
-5.4079 -0.3095 0.0000 0.00 0.00 1.00 0 117 238 112 1 0 0 0 0 010120 201905.139
-5.4169 -0.3121 0.0000 0.00 0.00 1.00 0 31 236 112 1 0 0 0 0 010120 201905.189
-5.4335 -0.3173 0.0000 0.00 0.00 1.00 0 125 237 112 1 0 0 0 0 010120 201905.240
-5.4451 -0.3193 0.0000 0.00 0.00 1.00 0 148 226 112 1 0 0 0 0 010120 201905.290
-5.4540 -0.3219 0.0000 0.00 0.00 1.00 0 240 235 112 1 0 0 0 0 010120 201905.340
-5.4628 -0.3244 0.0000 0.00 0.00 1.00 0 146 235 112 1 0 0 0 0 010120 201905.390
-5.4662 -0.3247 0.0000 0.00 0.00 1.00 0 4 236 112 1 0 0 0 0 010120 201905.440
-5.4662 -0.3247 0.0000 0.00 0.00 1.00 0 4 236 112 1 0 0 0 0 010120 201905.490
-5.4742 -0.3269 0.0000 0.00 0.00 1.00 0 151 235 112 1 0 0 0 0 010120 201905.540
-5.4758 -0.3266 0.0000 0.00 0.00 1.00 0 222 241 112 1 0 0 0 0 010120 201905.590
-5.4827 -0.3284 0.0000 0.00 0.00 1.00 0 186 235 112 1 0 0 0 0 010120 201905.641
-5.4895 -0.3301 0.0000 0.00 0.00 1.00 0 182 235 112 1 0 0 0 0 010120 201905.691
-5.5026 -0.3376 0.0000 0.00 0.00 1.00 0 160 236 112 1 0 0 0 0 010120 201905.741
-5.5094 -0.3399 0.0000 0.00 0.00 1.00 0 49 236 112 1 0 0 0 0 010120 201905.791
-5.5213 -0.3469 0.0000 0.00 0.00 1.00 0 166 232 112 1 0 0 0 0 010120 201905.841
-5.5288 -0.3501 0.0000 0.00 0.00 1.00 0 175 236 112 1 0 0 0 0 010120 201905.891
-5.5363 -0.3533 0.0000 0.00 0.00 1.00 0 101 236 112 1 0 0 0 0 010120 201905.941
-5.5363 -0.3533 0.0000 0.00 0.00 1.00 0 101 236 112 1 0 0 0 0 010120 201905.991
-5.5468 -0.3602 0.0000 0.00 0.00 1.00 0 215 236 112 1 0 0 0 0 010120 201906.042
-5.5547 -0.3640 0.0000 0.00 0.00 1.00 0 180 236 112 1 0 0 0 0 010120 201906.092
-5.5702 -0.3653 0.0000 0.00 0.00 1.00 0 61 211 112 1 0 0 0 0 010120 201906.142
-5.5789 -0.3685 0.0000 0.00 0.00 1.00 0 132 233 112 1 0 0 0 0 010120 201906.192
-5.5939 -0.3709 0.0000 0.00 0.00 1.00 0 249 226 112 1 0 0 0 0 010120 201906.242
-5.6025 -0.3735 0.0000 0.00 0.00 1.00 0 62 232 112 1 0 0 0 0 010120 201906.292
-5.6112 -0.3761 0.0000 0.00 0.00 1.00 0 206 231 112 1 0 0 0 0 010120 201906.343
-5.6125 -0.3818 0.0000 0.00 0.00 1.00 0 127 19 112 1 0 0 0 0 010120 201906.393
-5.6200 -0.3849 0.0000 0.00 0.00 1.00 0 177 230 112 1 0 0 0 0 010120 201906.443
-5.6274 -0.3880 0.0000 0.00 0.00 1.00 0 120 230 112 1 0 0 0 0 010120 201906.493
-5.6274 -0.3880 0.0000 0.00 0.00 1.00 0 120 230 112 1 0 0 0 0 010120 201906.543
-5.6328 -0.3871 0.0000 0.00 0.00 1.00 0 217 229 112 1 0 0 0 0 010120 201906.593
-5.6401 -0.3896 0.0000 0.00 0.00 1.00 0 71 229 112 1 0 0 0 0 010120 201906.644
-5.6460 -0.3919 0.0000 0.00 0.00 1.00 0 237 231 112 1 0 0 0 0 010120 201906.694
-5.6599 -0.3967 0.0000 0.00 0.00 1.00 0 111 228 112 1 0 0 0 0 010120 201906.744
-5.6729 -0.3987 0.0000 0.00 0.00 1.00 0 164 207 112 1 0 0 0 0 010120 201906.794
-5.6808 -0.4011 0.0000 0.00 0.00 1.00 0 160 225 112 1 0 0 0 0 010120 201906.844
-5.6887 -0.4034 0.0000 0.00 0.00 1.00 0 16 225 112 1 0 0 0 0 010120 201906.894
-5.6900 -0.4090 0.0000 0.00 0.00 1.00 0 154 227 112 1 0 0 0 0 010120 201906.944
-5.6900 -0.4090 0.0000 0.00 0.00 1.00 0 154 227 112 1 0 0 0 0 010120 201906.995
-5.6968 -0.4118 0.0000 0.00 0.00 1.00 0 23 227 112 1 0 0 0 0 010120 201907.045
-5.7037 -0.4147 0.0000 0.00 0.00 1.00 0 84 225 112 1 0 0 0 0 010120 201907.095
-5.7096 -0.4198 0.0000 0.00 0.00 1.00 0 104 227 112 1 0 0 0 0 010120 201907.145
-5.7164 -0.4230 0.0000 0.00 0.00 1.00 0 245 226 112 1 0 0 0 0 010120 201907.195
-5.7278 -0.4315 0.0000 0.00 0.00 1.00 0 67 227 112 1 0 0 0 0 010120 201907.245
-5.7341 -0.4350 0.0000 0.00 0.00 1.00 0 69 227 112 1 0 0 0 0 010120 201907.296
-5.7401 -0.4342 0.0000 0.00 0.00 1.00 0 130 217 112 1 0 0 0 0 010120 201907.346
-5.7465 -0.4370 0.0000 0.00 0.00 1.00 0 167 225 112 1 0 0 0 0 010120 201907.396
-5.7528 -0.4398 0.0000 0.00 0.00 1.00 0 29 225 112 1 0 0 0 0 010120 201907.446
-5.7528 -0.4398 0.0000 0.00 0.00 1.00 0 29 225 112 1 0 0 0 0 010120 201907.496
-5.7625 -0.4471 0.0000 0.00 0.00 1.00 0 254 224 112 1 0 0 0 0 010120 201907.546
-5.7694 -0.4506 0.0000 0.00 0.00 1.00 0 186 224 112 1 0 0 0 0 010120 201907.597
-5.7861 -0.4562 0.0000 0.00 0.00 1.00 0 181 222 112 1 0 0 0 0 010120 201907.647
-5.7934 -0.4595 0.0000 0.00 0.00 1.00 0 113 222 112 1 0 0 0 0 010120 201907.697
-5.7994 -0.4599 0.0000 0.00 0.00 1.00 0 102 219 112 1 0 0 0 0 010120 201907.747
-5.8065 -0.4627 0.0000 0.00 0.00 1.00 0 118 221 112 1 0 0 0 0 010120 201907.797
-5.8136 -0.4655 0.0000 0.00 0.00 1.00 0 19 221 112 1 0 0 0 0 010120 201907.847
-5.8136 -0.4655 0.0000 0.00 0.00 1.00 0 19 221 112 1 0 0 0 0 010120 201907.898
-5.8210 -0.4709 0.0000 0.00 0.00 1.00 0 118 224 112 1 0 0 0 0 010120 201907.948
-5.8282 -0.4741 0.0000 0.00 0.00 1.00 0 247 220 112 1 0 0 0 0 010120 201907.998
-5.8382 -0.4840 0.0000 0.00 0.00 1.00 0 134 222 112 1 0 0 0 0 010120 201908.048
-5.8447 -0.4878 0.0000 0.00 0.00 1.00 0 53 222 112 1 0 0 0 0 010120 201908.098
-5.8512 -0.4916 0.0000 0.00 0.00 1.00 0 177 221 112 1 0 0 0 0 010120 201908.148
-5.8626 -0.4922 0.0000 0.00 0.00 1.00 0 65 219 112 1 0 0 0 0 010120 201908.198
-5.8662 -0.4939 0.0000 0.00 0.00 1.00 0 21 219 112 1 0 0 0 0 010120 201908.249
-5.8698 -0.4955 0.0000 0.00 0.00 1.00 0 240 218 112 1 0 0 0 0 010120 201908.299
-5.8753 -0.5024 0.0000 0.00 0.00 1.00 0 252 232 112 1 0 0 0 0 010120 201908.349
-5.8823 -0.5064 0.0000 0.00 0.00 1.00 0 251 219 112 1 0 0 0 0 010120 201908.399
-5.8892 -0.5104 0.0000 0.00 0.00 1.00 0 163 219 112 1 0 0 0 0 010120 201908.449
-5.9069 -0.5158 0.0000 0.00 0.00 1.00 0 97 231 112 1 0 0 0 0 010120 201908.499
-5.9144 -0.5194 0.0000 0.00 0.00 1.00 0 24 215 112 1 0 0 0 0 010120 201908.549
-5.9221 -0.5205 0.0000 0.00 0.00 1.00 0 81 214 112 1 0 0 0 0 010120 201908.599
-5.9297 -0.5237 0.0000 0.00 0.00 1.00 0 247 213 112 1 0 0 0 0 010120 201908.650
-5.9297 -0.5237 0.0000 0.00 0.00 1.00 0 247 213 112 1 0 0 0 0 010120 201908.700
-5.9365 -0.5266 0.0000 0.00 0.00 1.00 0 91 215 112 1 0 0 0 0 010120 201908.750
-5.9466 -0.5295 0.0000 0.00 0.00 1.00 0 65 212 112 1 0 0 0 0 010120 201908.800
-5.9607 -0.5373 0.0000 0.00 0.00 1.00 0 92 219 112 1 0 0 0 0 010120 201908.850
-5.9683 -0.5406 0.0000 0.00 0.00 1.00 0 148 211 112 1 0 0 0 0 010120 201908.900
-5.9759 -0.5440 0.0000 0.00 0.00 1.00 0 9 211 112 1 0 0 0 0 010120 201908.950
-5.9770 -0.5478 0.0000 0.00 0.00 1.00 0 218 233 112 1 0 0 0 0 010120 201909.000
-5.9835 -0.5513 0.0000 0.00 0.00 1.00 0 143 212 112 1 0 0 0 0 010120 201909.051
-5.9835 -0.5513 0.0000 0.00 0.00 1.00 0 143 212 112 1 0 0 0 0 010120 201909.101
-5.9900 -0.5547 0.0000 0.00 0.00 1.00 0 18 212 112 1 0 0 0 0 010120 201909.151
-5.9949 -0.5614 0.0000 0.00 0.00 1.00 0 242 212 112 1 0 0 0 0 010120 201909.201
-6.0010 -0.5653 0.0000 0.00 0.00 1.00 0 222 212 112 1 0 0 0 0 010120 201909.251
-6.0143 -0.5691 0.0000 0.00 0.00 1.00 0 221 210 112 1 0 0 0 0 010120 201909.301
-6.0206 -0.5724 0.0000 0.00 0.00 1.00 0 143 210 112 1 0 0 0 0 010120 201909.352
-6.0314 -0.5829 0.0000 0.00 0.00 1.00 0 38 210 112 1 0 0 0 0 010120 201909.402
-6.0385 -0.5875 0.0000 0.00 0.00 1.00 0 202 209 112 1 0 0 0 0 010120 201909.452
-6.0455 -0.5920 0.0000 0.00 0.00 1.00 0 157 209 112 1 0 0 0 0 010120 201909.502
-6.0502 -0.5968 0.0000 0.00 0.00 1.00 0 127 210 112 1 0 0 0 0 010120 201909.552
-6.0502 -0.5968 0.0000 0.00 0.00 1.00 0 127 210 112 1 0 0 0 0 010120 201909.602
-6.0570 -0.6014 0.0000 0.00 0.00 1.00 0 209 209 112 1 0 0 0 0 010120 201909.652
-6.0636 -0.6059 0.0000 0.00 0.00 1.00 0 127 209 112 1 0 0 0 0 010120 201909.703
-6.0684 -0.6127 0.0000 0.00 0.00 1.00 0 79 210 112 1 0 0 0 0 010120 201909.753
-6.0787 -0.6174 0.0000 0.00 0.00 1.00 0 198 207 112 1 0 0 0 0 010120 201909.803
-6.0847 -0.6214 0.0000 0.00 0.00 1.00 0 242 208 112 1 0 0 0 0 010120 201909.853
-6.0906 -0.6254 0.0000 0.00 0.00 1.00 0 208 208 112 1 0 0 0 0 010120 201909.903
-6.0935 -0.6280 0.0000 0.00 0.00 1.00 0 14 216 112 1 0 0 0 0 010120 201909.953
-6.0990 -0.6318 0.0000 0.00 0.00 1.00 0 226 208 112 1 0 0 0 0 010120 201910.003
-6.0990 -0.6318 0.0000 0.00 0.00 1.00 0 226 208 112 1 0 0 0 0 010120 201910.054
-6.1044 -0.6355 0.0000 0.00 0.00 1.00 0 230 208 112 1 0 0 0 0 010120 201910.104
-6.1171 -0.6386 0.0000 0.00 0.00 1.00 0 11 181 112 1 0 0 0 0 010120 201910.154
-6.1238 -0.6423 0.0000 0.00 0.00 1.00 0 119 205 112 1 0 0 0 0 010120 201910.204
-6.1378 -0.6578 0.0000 0.00 0.00 1.00 0 249 205 112 1 0 0 0 0 010120 201910.254
-6.1445 -0.6627 0.0000 0.00 0.00 1.00 0 184 205 112 1 0 0 0 0 010120 201910.304
-6.1475 -0.6621 0.0000 0.00 0.00 1.00 0 162 206 112 1 0 0 0 0 010120 201910.354
-6.1536 -0.6661 0.0000 0.00 0.00 1.00 0 165 238 112 1 0 0 0 0 010120 201910.404
-6.1566 -0.6680 0.0000 0.00 0.00 1.00 0 213 203 112 1 0 0 0 0 010120 201910.455
-6.1597 -0.6700 0.0000 0.00 0.00 1.00 0 79 203 112 1 0 0 0 0 010120 201910.505
-6.1602 -0.6727 0.0000 0.00 0.00 1.00 0 29 222 112 1 0 0 0 0 010120 201910.555
-6.1652 -0.6764 0.0000 0.00 0.00 1.00 0 234 204 112 1 0 0 0 0 010120 201910.605
-6.1779 -0.6827 0.0000 0.00 0.00 1.00 0 227 202 112 1 0 0 0 0 010120 201910.655
-6.1833 -0.6862 0.0000 0.00 0.00 1.00 0 197 202 112 1 0 0 0 0 010120 201910.705
-6.1889 -0.6898 0.0000 0.00 0.00 1.00 0 28 202 112 1 0 0 0 0 010120 201910.755
-6.1977 -0.6988 0.0000 0.00 0.00 1.00 0 141 201 112 1 0 0 0 0 010120 201910.806
-6.2037 -0.7032 0.0000 0.00 0.00 1.00 0 41 201 112 1 0 0 0 0 010120 201910.856
-6.2037 -0.7032 0.0000 0.00 0.00 1.00 0 41 201 112 1 0 0 0 0 010120 201910.906
-6.2151 -0.7138 0.0000 0.00 0.00 1.00 0 105 189 112 1 0 0 0 0 010120 201910.956
-6.2217 -0.7190 0.0000 0.00 0.00 1.00 0 235 198 112 1 0 0 0 0 010120 201911.006
-6.2393 -0.7358 0.0000 0.00 0.00 1.00 0 59 192 112 1 0 0 0 0 010120 201911.056
-6.2468 -0.7422 0.0000 0.00 0.00 1.00 0 46 197 112 1 0 0 0 0 010120 201911.106
-6.2544 -0.7487 0.0000 0.00 0.00 1.00 0 158 196 112 1 0 0 0 0 010120 201911.157
-6.2595 -0.7560 0.0000 0.00 0.00 1.00 0 228 196 112 1 0 0 0 0 010120 201911.207
-6.2666 -0.7626 0.0000 0.00 0.00 1.00 0 171 196 112 1 0 0 0 0 010120 201911.257
-6.2666 -0.7626 0.0000 0.00 0.00 1.00 0 171 196 112 1 0 0 0 0 010120 201911.307
-6.2737 -0.7692 0.0000 0.00 0.00 1.00 0 97 196 112 1 0 0 0 0 010120 201911.357
-6.2736 -0.7747 0.0000 0.00 0.00 1.00 0 130 198 112 1 0 0 0 0 010120 201911.407
-6.2817 -0.7829 0.0000 0.00 0.00 1.00 0 209 205 112 1 0 0 0 0 010120 201911.457
-6.2870 -0.7885 0.0000 0.00 0.00 1.00 0 157 198 112 1 0 0 0 0 010120 201911.507
-6.2924 -0.7942 0.0000 0.00 0.00 1.00 0 55 198 112 1 0 0 0 0 010120 201911.558
-6.2924 -0.7942 0.0000 0.00 0.00 1.00 0 55 198 112 1 0 0 0 0 010120 201911.608
-6.2926 -0.7957 0.0000 0.00 0.00 1.00 0 24 211 112 1 0 0 0 0 010120 201911.658
-6.2970 -0.8006 0.0000 0.00 0.00 1.00 0 5 199 112 1 0 0 0 0 010120 201911.708
-6.3015 -0.8055 0.0000 0.00 0.00 1.00 0 184 198 112 1 0 0 0 0 010120 201911.758
-6.3065 -0.8119 0.0000 0.00 0.00 1.00 0 13 199 112 1 0 0 0 0 010120 201911.808
-6.3104 -0.8163 0.0000 0.00 0.00 1.00 0 61 198 112 1 0 0 0 0 010120 201911.858
-6.3154 -0.8225 0.0000 0.00 0.00 1.00 0 190 198 112 1 0 0 0 0 010120 201911.909
-6.3196 -0.8273 0.0000 0.00 0.00 1.00 0 94 198 112 1 0 0 0 0 010120 201911.959
-6.3196 -0.8273 0.0000 0.00 0.00 1.00 0 94 198 112 1 0 0 0 0 010120 201912.009
-6.3272 -0.8355 0.0000 0.00 0.00 1.00 0 240 189 112 1 0 0 0 0 010120 201912.059
-6.3319 -0.8409 0.0000 0.00 0.00 1.00 0 27 197 112 1 0 0 0 0 010120 201912.109
-6.3459 -0.8507 0.0000 0.00 0.00 1.00 0 74 178 112 1 0 0 0 0 010120 201912.159
-6.3515 -0.8559 0.0000 0.00 0.00 1.00 0 55 194 112 1 0 0 0 0 010120 201912.209
-6.3570 -0.8611 0.0000 0.00 0.00 1.00 0 235 193 112 1 0 0 0 0 010120 201912.260
-6.3619 -0.8681 0.0000 0.00 0.00 1.00 0 247 193 112 1 0 0 0 0 010120 201912.310
-6.3619 -0.8681 0.0000 0.00 0.00 1.00 0 247 193 112 1 0 0 0 0 010120 201912.360
-6.3672 -0.8735 0.0000 0.00 0.00 1.00 0 224 193 112 1 0 0 0 0 010120 201912.410
-6.3726 -0.8790 0.0000 0.00 0.00 1.00 0 97 193 112 1 0 0 0 0 010120 201912.460
-6.3859 -0.8976 0.0000 0.00 0.00 1.00 0 71 193 112 1 0 0 0 0 010120 201912.510
-6.3880 -0.9054 0.0000 0.00 0.00 1.00 0 109 202 112 1 0 0 0 0 010120 201912.560
-6.3929 -0.9118 0.0000 0.00 0.00 1.00 0 57 193 112 1 0 0 0 0 010120 201912.611
-6.3977 -0.9181 0.0000 0.00 0.00 1.00 0 21 193 112 1 0 0 0 0 010120 201912.661
-6.3977 -0.9181 0.0000 0.00 0.00 1.00 0 21 193 112 1 0 0 0 0 010120 201912.711
-6.4022 -0.9183 0.0000 0.00 0.00 1.00 0 108 192 112 1 0 0 0 0 010120 201912.761
-6.4070 -0.9237 0.0000 0.00 0.00 1.00 0 16 192 112 1 0 0 0 0 010120 201912.811
-6.4150 -0.9378 0.0000 0.00 0.00 1.00 0 89 192 112 1 0 0 0 0 010120 201912.861
-6.4196 -0.9437 0.0000 0.00 0.00 1.00 0 221 191 112 1 0 0 0 0 010120 201912.911
-6.4244 -0.9496 0.0000 0.00 0.00 1.00 0 144 190 112 1 0 0 0 0 010120 201912.961
-6.4290 -0.9555 0.0000 0.00 0.00 1.00 0 92 191 112 1 0 0 0 0 010120 201913.012
-6.4290 -0.9555 0.0000 0.00 0.00 1.00 0 92 191 112 1 0 0 0 0 010120 201913.062
-6.4336 -0.9614 0.0000 0.00 0.00 1.00 0 38 191 112 1 0 0 0 0 010120 201913.112
-6.4371 -0.9684 0.0000 0.00 0.00 1.00 0 69 191 112 1 0 0 0 0 010120 201913.162
-6.4459 -0.9804 0.0000 0.00 0.00 1.00 0 243 190 112 1 0 0 0 0 010120 201913.212
-6.4490 -0.9871 0.0000 0.00 0.00 1.00 0 33 191 112 1 0 0 0 0 010120 201913.262
-6.4532 -0.9932 0.0000 0.00 0.00 1.00 0 20 191 112 1 0 0 0 0 010120 201913.312
-6.4585 -1.0035 0.0000 0.00 0.00 1.00 0 8 191 112 1 0 0 0 0 010120 201913.362
-6.4629 -1.0104 0.0000 0.00 0.00 1.00 0 115 190 112 1 0 0 0 0 010120 201913.413
-6.4629 -1.0104 0.0000 0.00 0.00 1.00 0 115 190 112 1 0 0 0 0 010120 201913.463
-6.4673 -1.0173 0.0000 0.00 0.00 1.00 0 61 190 112 1 0 0 0 0 010120 201913.513
-6.4684 -1.0237 0.0000 0.00 0.00 1.00 0 42 202 112 1 0 0 0 0 010120 201913.563
-6.4761 -1.0373 0.0000 0.00 0.00 1.00 0 6 191 112 1 0 0 0 0 010120 201913.613
-6.4755 -1.0394 0.0000 0.00 0.00 1.00 0 27 192 112 1 0 0 0 0 010120 201913.663
-6.4786 -1.0455 0.0000 0.00 0.00 1.00 0 1 192 112 1 0 0 0 0 010120 201913.714
-6.4818 -1.0516 0.0000 0.00 0.00 1.00 0 220 191 112 1 0 0 0 0 010120 201913.764
-6.4897 -1.0606 0.0000 0.00 0.00 1.00 0 46 190 112 1 0 0 0 0 010120 201913.814
-6.4897 -1.0606 0.0000 0.00 0.00 1.00 0 46 190 112 1 0 0 0 0 010120 201913.864
-6.4936 -1.0671 0.0000 0.00 0.00 1.00 0 219 189 112 1 0 0 0 0 010120 201913.914
-6.4967 -1.0756 0.0000 0.00 0.00 1.00 0 79 195 112 1 0 0 0 0 010120 201913.964
-6.5041 -1.0894 0.0000 0.00 0.00 1.00 0 26 190 112 1 0 0 0 0 010120 201914.014
-6.5074 -1.0959 0.0000 0.00 0.00 1.00 0 144 190 112 1 0 0 0 0 010120 201914.064
-6.5111 -1.1028 0.0000 0.00 0.00 1.00 0 231 189 112 1 0 0 0 0 010120 201914.115
-6.5129 -1.1062 0.0000 0.00 0.00 1.00 0 206 189 112 1 0 0 0 0 010120 201914.165
-6.5148 -1.1097 0.0000 0.00 0.00 1.00 0 168 189 112 1 0 0 0 0 010120 201914.215
-6.5177 -1.1161 0.0000 0.00 0.00 1.00 0 209 189 112 1 0 0 0 0 010120 201914.265
-6.5248 -1.1296 0.0000 0.00 0.00 1.00 0 161 189 112 1 0 0 0 0 010120 201914.315
-6.5222 -1.1368 0.0000 0.00 0.00 1.00 0 198 191 112 1 0 0 0 0 010120 201914.365
-6.5248 -1.1437 0.0000 0.00 0.00 1.00 0 88 190 112 1 0 0 0 0 010120 201914.415
-6.5267 -1.1501 0.0000 0.00 0.00 1.00 0 198 192 112 1 0 0 0 0 010120 201914.466
-6.5267 -1.1501 0.0000 0.00 0.00 1.00 0 198 192 112 1 0 0 0 0 010120 201914.516
-6.5292 -1.1569 0.0000 0.00 0.00 1.00 0 71 190 112 1 0 0 0 0 010120 201914.566
-6.5317 -1.1636 0.0000 0.00 0.00 1.00 0 12 190 112 1 0 0 0 0 010120 201914.616
-7.1910 -1.3311 0.0000 0.00 0.00 1.00 0 0 128 112 1 0 0 0 0 010120 201914.666
-7.1939 -1.3369 0.0000 0.00 0.00 1.00 0 0 128 112 1 0 0 0 0 010120 201914.716
-7.1987 -1.3453 0.0000 0.00 0.00 1.00 0 0 128 112 1 0 0 0 0 010120 201914.766
-7.2020 -1.3517 0.0000 0.00 0.00 1.00 0 0 128 112 1 0 0 0 0 010120 201914.817
-7.2020 -1.3517 0.0000 0.00 0.00 1.00 0 0 128 112 1 0 0 0 0 010120 201914.867
-7.2048 -1.3572 0.0000 0.00 0.00 1.00 0 0 128 112 1 0 0 0 0 010120 201914.917
-7.2059 -1.3642 0.0000 0.00 0.00 1.00 0 0 128 112 1 0 0 0 0 010120 201914.967
-7.2050 -1.3733 0.0000 0.00 0.00 1.00 0 23 149 112 1 0 0 0 0 010120 201915.017
-7.2067 -1.3790 0.0000 0.00 0.00 1.00 0 0 128 112 1 0 0 0 0 010120 201915.067
-7.2083 -1.3846 0.0000 0.00 0.00 1.00 0 0 128 112 1 0 0 0 0 010120 201915.118
-7.2145 -1.3894 0.0000 0.00 0.00 1.00 0 0 128 112 1 0 0 0 0 010120 201915.168
-7.2145 -1.3894 0.0000 0.00 0.00 1.00 0 0 128 112 1 0 0 0 0 010120 201915.218
-7.2169 -1.3949 0.0000 0.00 0.00 1.00 0 0 128 112 1 0 0 0 0 010120 201915.268
-7.2193 -1.4004 0.0000 0.00 0.00 1.00 0 0 128 112 1 0 0 0 0 010120 201915.318
-7.2299 -1.4178 0.0000 0.00 0.00 1.00 0 0 128 112 1 0 0 0 0 010120 201915.368
-7.2331 -1.4241 0.0000 0.00 0.00 1.00 0 0 128 112 1 0 0 0 0 010120 201915.418
-7.2337 -1.4242 0.0000 0.00 0.00 1.00 0 0 128 112 1 0 0 0 0 010120 201915.469
-7.2364 -1.4296 0.0000 0.00 0.00 1.00 0 0 128 112 1 0 0 0 0 010120 201915.519
-7.2364 -1.4296 0.0000 0.00 0.00 1.00 0 0 128 112 1 0 0 0 0 010120 201915.569
-7.2389 -1.4377 0.0000 0.00 0.00 1.00 0 0 128 112 1 0 0 0 0 010120 201915.619
-7.2417 -1.4437 0.0000 0.00 0.00 1.00 0 0 128 112 1 0 0 0 0 010120 201915.669
-7.2455 -1.4574 0.0000 0.00 0.00 1.00 0 0 128 112 1 0 0 0 0 010120 201915.719
-7.2480 -1.4636 0.0000 0.00 0.00 1.00 0 0 128 112 1 0 0 0 0 010120 201915.769
-7.2505 -1.4698 0.0000 0.00 0.00 1.00 0 0 128 112 1 0 0 0 0 010120 201915.820
-7.2471 -1.4767 0.0000 0.00 0.00 1.00 0 0 128 112 1 0 0 0 0 010120 201915.870
-7.2486 -1.4829 0.0000 0.00 0.00 1.00 0 0 128 112 1 0 0 0 0 010120 201915.920
-7.2486 -1.4829 0.0000 0.00 0.00 1.00 0 0 128 112 1 0 0 0 0 010120 201915.970
-7.2501 -1.4893 0.0000 0.00 0.00 1.00 0 0 128 112 1 0 0 0 0 010120 201916.020
-7.2479 -1.5001 0.0000 0.00 0.00 1.00 0 0 128 112 1 0 0 0 0 010120 201916.070
-7.2485 -1.5069 0.0000 0.00 0.00 1.00 0 0 128 112 1 0 0 0 0 010120 201916.121
-7.2493 -1.5132 0.0000 0.00 0.00 1.00 0 0 128 112 1 0 0 0 0 010120 201916.171
-7.2501 -1.5194 0.0000 0.00 0.00 1.00 0 0 128 112 1 0 0 0 0 010120 201916.221
-7.2528 -1.5245 0.0000 0.00 0.00 1.00 0 0 128 112 1 0 0 0 0 010120 201916.271
-7.2528 -1.5245 0.0000 0.00 0.00 1.00 0 0 128 112 1 0 0 0 0 010120 201916.321
-7.2539 -1.5305 0.0000 0.00 0.00 1.00 0 0 128 112 1 0 0 0 0 010120 201916.371
-7.2542 -1.5458 0.0000 0.00 0.00 1.00 0 0 128 112 1 0 0 0 0 010120 201916.421
-7.2549 -1.5522 0.0000 0.00 0.00 1.00 0 0 128 112 1 0 0 0 0 010120 201916.472
-7.2548 -1.5653 0.0000 0.00 0.00 1.00 0 0 128 112 1 0 0 0 0 010120 201916.522
-7.2554 -1.5726 0.0000 0.00 0.00 1.00 0 0 128 112 1 0 0 0 0 010120 201916.572
-7.2560 -1.5796 0.0000 0.00 0.00 1.00 0 0 128 112 1 0 0 0 0 010120 201916.622
-7.2560 -1.5796 0.0000 0.00 0.00 1.00 0 0 128 112 1 0 0 0 0 010120 201916.672
-7.2576 -1.5917 0.0000 0.00 0.00 1.00 0 0 128 112 1 0 0 0 0 010120 201916.722
-7.2592 -1.6085 0.0000 0.00 0.00 1.00 0 0 128 112 1 0 0 0 0 010120 201916.772
-7.2587 -1.6107 0.0000 0.00 0.00 1.00 0 0 128 112 1 0 0 0 0 010120 201916.823
-7.2592 -1.6180 0.0000 0.00 0.00 1.00 0 0 128 112 1 0 0 0 0 010120 201916.873
-7.2598 -1.6253 0.0000 0.00 0.00 1.00 0 0 128 112 1 0 0 0 0 010120 201916.923
-7.2541 -1.6259 0.0000 0.00 0.00 1.00 0 0 128 112 1 0 0 0 0 010120 201916.973
-7.2541 -1.6259 0.0000 0.00 0.00 1.00 0 0 128 112 1 0 0 0 0 010120 201917.023
-7.2537 -1.6322 0.0000 0.00 0.00 1.00 0 0 128 112 1 0 0 0 0 010120 201917.073
-7.2533 -1.6378 0.0000 0.00 0.00 1.00 0 0 128 112 1 0 0 0 0 010120 201917.123
-7.2519 -1.6497 0.0000 0.00 0.00 1.00 0 0 128 112 1 0 0 0 0 010120 201917.173
-7.2473 -1.6517 0.0000 0.00 0.00 1.00 0 228 141 112 1 0 0 0 0 010120 201917.224
-7.2461 -1.6570 0.0000 0.00 0.00 1.00 0 0 128 112 1 0 0 0 0 010120 201917.274
-7.2449 -1.6623 0.0000 0.00 0.00 1.00 0 0 128 112 1 0 0 0 0 010120 201917.324
-7.2449 -1.6623 0.0000 0.00 0.00 1.00 0 0 128 112 1 0 0 0 0 010120 201917.374
-7.2409 -1.6703 0.0000 0.00 0.00 1.00 0 204 128 112 1 0 0 0 0 010120 201917.424
-7.2376 -1.6819 0.0000 0.00 0.00 1.00 0 78 129 112 1 0 0 0 0 010120 201917.474
-7.2343 -1.6901 0.0000 0.00 0.00 1.00 0 25 130 112 1 0 0 0 0 010120 201917.524
-7.2324 -1.6962 0.0000 0.00 0.00 1.00 0 46 130 112 1 0 0 0 0 010120 201917.575
-7.2324 -1.6962 0.0000 0.00 0.00 1.00 0 46 130 112 1 0 0 0 0 010120 201917.625
-7.2320 -1.7047 0.0000 0.00 0.00 1.00 0 0 128 112 1 0 0 0 0 010120 201917.675
-7.2288 -1.7178 0.0000 0.00 0.00 1.00 0 249 129 112 1 0 0 0 0 010120 201917.725
-7.2253 -1.7215 0.0000 0.00 0.00 1.00 0 176 137 112 1 0 0 0 0 010120 201917.775
-7.2233 -1.7277 0.0000 0.00 0.00 1.00 0 46 131 112 1 0 0 0 0 010120 201917.825
-7.2233 -1.7277 0.0000 0.00 0.00 1.00 0 46 131 112 1 0 0 0 0 010120 201917.876
-7.2214 -1.7337 0.0000 0.00 0.00 1.00 0 87 131 112 1 0 0 0 0 010120 201917.926
-7.2216 -1.7374 0.0000 0.00 0.00 1.00 0 82 130 112 1 0 0 0 0 010120 201917.976
-7.2184 -1.7488 0.0000 0.00 0.00 1.00 0 155 130 112 1 0 0 0 0 010120 201918.026
-7.2171 -1.7544 0.0000 0.00 0.00 1.00 0 139 130 112 1 0 0 0 0 010120 201918.076
-7.2155 -1.7601 0.0000 0.00 0.00 1.00 0 184 130 112 1 0 0 0 0 010120 201918.126
-7.2114 -1.7677 0.0000 0.00 0.00 1.00 0 192 140 112 1 0 0 0 0 010120 201918.176
-7.2114 -1.7677 0.0000 0.00 0.00 1.00 0 192 140 112 1 0 0 0 0 010120 201918.227
-7.2094 -1.7737 0.0000 0.00 0.00 1.00 0 18 132 112 1 0 0 0 0 010120 201918.277
-7.1977 -1.7823 0.0000 0.00 0.00 1.00 0 201 163 112 1 0 0 0 0 010120 201918.327
-7.1944 -1.7877 0.0000 0.00 0.00 1.00 0 78 136 112 1 0 0 0 0 010120 201918.377
-7.1911 -1.7931 0.0000 0.00 0.00 1.00 0 136 136 112 1 0 0 0 0 010120 201918.427
-7.1892 -1.7896 0.0000 0.00 0.00 1.00 0 46 136 112 1 0 0 0 0 010120 201918.477
-7.1892 -1.7896 0.0000 0.00 0.00 1.00 0 46 136 112 1 0 0 0 0 010120 201918.527
-7.1861 -1.7936 0.0000 0.00 0.00 1.00 0 162 136 112 1 0 0 0 0 010120 201918.578
-7.1820 -1.8021 0.0000 0.00 0.00 1.00 0 69 136 112 1 0 0 0 0 010120 201918.628
-7.1792 -1.8062 0.0000 0.00 0.00 1.00 0 136 136 112 1 0 0 0 0 010120 201918.678
-7.1733 -1.8121 0.0000 0.00 0.00 1.00 0 75 149 112 1 0 0 0 0 010120 201918.728
-7.1699 -1.8165 0.0000 0.00 0.00 1.00 0 110 138 112 1 0 0 0 0 010120 201918.778
-7.1699 -1.8165 0.0000 0.00 0.00 1.00 0 110 138 112 1 0 0 0 0 010120 201918.828
-7.1666 -1.8209 0.0000 0.00 0.00 1.00 0 244 138 112 1 0 0 0 0 010120 201918.878
-7.1570 -1.8371 0.0000 0.00 0.00 1.00 0 80 140 112 1 0 0 0 0 010120 201918.929
-7.1533 -1.8426 0.0000 0.00 0.00 1.00 0 204 140 112 1 0 0 0 0 010120 201918.979
-7.1503 -1.8447 0.0000 0.00 0.00 1.00 0 178 140 112 1 0 0 0 0 010120 201919.029
-7.1503 -1.8447 0.0000 0.00 0.00 1.00 0 178 140 112 1 0 0 0 0 010120 201919.079
-7.1467 -1.8496 0.0000 0.00 0.00 1.00 0 17 141 112 1 0 0 0 0 010120 201919.129
-7.1430 -1.8546 0.0000 0.00 0.00 1.00 0 0 0 127 0 0 0 0 0 010120 201919.179
-7.1430 -1.8546 0.0000 0.00 0.00 1.00 0 0 0 127 0 0 0 0 0 010120 201919.229
-7.1430 -1.8546 0.0000 0.00 0.00 1.00 0 0 0 127 0 0 0 0 0 010120 201919.280
-7.1430 -1.8546 0.0000 0.00 0.00 1.00 0 0 0 127 0 0 0 0 0 010120 201919.330
-7.1430 -1.8546 0.0000 0.00 0.00 1.00 0 0 0 127 0 0 0 0 0 010120 201919.380
-7.1430 -1.8546 0.0000 0.00 0.00 1.00 0 0 0 127 0 0 0 0 0 010120 201919.430
-7.1430 -1.8546 0.0000 0.00 0.00 1.00 0 0 0 127 0 0 0 0 0 010120 201919.480
-7.1430 -1.8546 0.0000 0.00 0.00 1.00 0 0 0 127 0 0 0 0 0 010120 201919.530
-7.1430 -1.8546 0.0000 0.00 0.00 1.00 0 0 0 127 0 0 0 0 0 010120 201919.581
-7.1430 -1.8546 0.0000 0.00 0.00 1.00 0 0 0 127 0 0 0 0 0 010120 201919.631
-7.1430 -1.8546 0.0000 0.00 0.00 1.00 0 0 0 127 0 0 0 0 0 010120 201919.681
-7.1430 -1.8546 0.0000 0.00 0.00 1.00 0 0 0 127 0 0 0 0 0 010120 201919.731
-7.1430 -1.8546 0.0000 0.00 0.00 1.00 0 0 0 127 0 0 0 0 0 010120 201919.781
-7.1430 -1.8546 0.0000 0.00 0.00 1.00 0 0 0 127 0 0 0 0 0 010120 201919.831
-7.1430 -1.8546 0.0000 0.00 0.00 1.00 0 0 0 127 0 0 0 0 0 010120 201919.882
-7.1430 -1.8546 0.0000 0.00 0.00 1.00 0 0 0 127 0 0 0 0 0 010120 201919.932
-7.1430 -1.8546 0.0000 0.00 0.00 1.00 0 0 0 127 0 0 0 0 0 010120 201919.982
-7.1430 -1.8546 0.0000 0.00 0.00 1.00 0 0 0 127 0 0 0 0 0 010120 201920.032
-7.1430 -1.8546 0.0000 0.00 0.00 1.00 0 0 0 127 0 0 0 0 0 010120 201920.082
-7.1430 -1.8546 0.0000 0.00 0.00 1.00 0 0 0 127 0 0 0 0 0 010120 201920.132
-7.1430 -1.8546 0.0000 0.00 0.00 1.00 0 0 0 127 0 0 0 0 0 010120 201920.183
-7.1430 -1.8546 0.0000 0.00 0.00 1.00 0 0 0 127 0 0 0 0 0 010120 201920.233
-7.1430 -1.8546 0.0000 0.00 0.00 1.00 0 0 0 127 0 0 0 0 0 010120 201920.283
-7.1430 -1.8546 0.0000 0.00 0.00 1.00 0 0 0 127 0 0 0 0 0 010120 201920.333
-7.1430 -1.8546 0.0000 0.00 0.00 1.00 0 0 0 127 0 0 0 0 0 010120 201920.383
-7.1430 -1.8546 0.0000 0.00 0.00 1.00 0 0 0 127 0 0 0 0 0 010120 201920.433
-7.1430 -1.8546 0.0000 0.00 0.00 1.00 0 0 0 127 0 0 0 0 0 010120 201920.484
-7.1430 -1.8546 0.0000 0.00 0.00 1.00 0 0 0 127 0 0 0 0 0 010120 201920.534
-7.1430 -1.8546 0.0000 0.00 0.00 1.00 0 0 0 127 0 0 0 0 0 010120 201920.584
-7.1430 -1.8546 0.0000 0.00 0.00 1.00 0 0 0 127 0 0 0 0 0 010120 201920.634
-7.1430 -1.8546 0.0000 0.00 0.00 1.00 0 0 0 127 0 0 0 0 0 010120 201920.684
-7.1430 -1.8546 0.0000 0.00 0.00 1.00 0 0 0 127 0 0 0 0 0 010120 201920.734
-7.1430 -1.8546 0.0000 0.00 0.00 1.00 0 0 0 127 0 0 0 0 0 010120 201920.784
-7.1430 -1.8546 0.0000 0.00 0.00 1.00 0 0 0 127 0 0 0 0 0 010120 201920.835
-7.1430 -1.8546 0.0000 0.00 0.00 1.00 0 0 0 127 0 0 0 0 0 010120 201920.885
-7.1430 -1.8546 0.0000 0.00 0.00 1.00 0 0 0 127 0 0 0 0 0 010120 201920.935
-7.1430 -1.8546 0.0000 0.00 0.00 1.00 0 0 0 127 0 0 0 0 0 010120 201920.985
-7.1430 -1.8546 0.0000 0.00 0.00 1.00 0 0 0 127 0 0 0 0 0 010120 201921.035
-7.1430 -1.8546 0.0000 0.00 0.00 1.00 0 0 0 127 0 0 0 0 0 010120 201921.085
-7.1430 -1.8546 0.0000 0.00 0.00 1.00 0 0 0 127 0 0 0 0 0 010120 201921.136
-7.1430 -1.8546 0.0000 0.00 0.00 1.00 0 0 0 127 0 0 0 0 0 010120 201921.186
-7.1430 -1.8546 0.0000 0.00 0.00 1.00 0 0 0 127 0 0 0 0 0 010120 201921.236
-7.1430 -1.8546 0.0000 0.00 0.00 1.00 0 0 0 127 0 0 0 0 0 010120 201921.286
-7.1430 -1.8546 0.0000 0.00 0.00 1.00 0 0 0 127 0 0 0 0 0 010120 201921.336
-7.1430 -1.8546 0.0000 0.00 0.00 1.00 0 0 0 127 0 0 0 0 0 010120 201921.387
-7.1430 -1.8546 0.0000 0.00 0.00 1.00 0 0 0 127 0 0 0 0 0 010120 201921.437
-7.1430 -1.8546 0.0000 0.00 0.00 1.00 0 0 0 127 0 0 0 0 0 010120 201921.487
-7.1430 -1.8546 0.0000 0.00 0.00 1.00 0 0 0 127 0 0 0 0 0 010120 201921.537
-7.1430 -1.8546 0.0000 0.00 0.00 1.00 0 0 0 127 0 0 0 0 0 010120 201921.587
-7.1430 -1.8546 0.0000 0.00 0.00 1.00 0 0 0 127 0 0 0 0 0 010120 201921.637
