-0.0399 5.9583 -0.0287 0.00 0.00 1.00 0 0 0 112 1 0 0 0 0 090519 145552.779
-0.0394 6.0735 -0.0292 0.00 0.00 1.00 0 0 0 112 1 0 0 0 0 090519 145552.980
-0.0396 6.1623 -0.0313 0.00 0.00 1.00 0 0 0 112 1 0 0 0 0 090519 145553.180
-0.0403 6.2777 -0.0332 0.00 0.00 1.00 0 4 254 112 1 0 0 0 0 090519 145553.380
-0.0407 6.3694 -0.0347 0.00 0.00 1.00 0 233 253 112 1 0 0 0 0 090519 145553.581
-0.0420 6.4583 -0.0359 0.00 0.00 1.00 0 213 253 112 1 0 0 0 0 090519 145553.781
-0.0431 6.5527 -0.0362 0.00 0.00 1.00 0 189 253 112 1 0 0 0 0 090519 145553.981
-0.0435 6.6452 -0.0366 0.00 0.00 1.00 0 162 253 112 1 0 0 0 0 090519 145554.182
-0.0440 6.7371 -0.0380 0.00 0.00 1.00 0 137 253 112 1 0 0 0 0 090519 145554.382
-0.0447 6.8067 -0.0392 0.00 0.00 1.00 0 119 253 112 1 0 0 0 0 090519 145554.582
-0.0460 6.8995 -0.0409 0.00 0.00 1.00 0 96 253 112 1 0 0 0 0 090519 145554.783
-0.0474 6.9920 -0.0423 0.00 0.00 1.00 0 75 253 112 1 0 0 0 0 090519 145554.983
-0.0500 7.0856 -0.0420 0.00 0.00 1.00 0 59 253 112 1 0 0 0 0 090519 145555.183
-0.0502 7.1768 -0.0431 0.00 0.00 1.00 0 29 253 112 1 0 0 0 0 090519 145555.384
-0.0540 7.2918 -0.0446 0.00 0.00 1.00 0 5 253 112 1 0 0 0 0 090519 145555.584
-0.0540 7.3816 -0.0467 0.00 0.00 1.00 0 228 252 112 1 0 0 0 0 090519 145555.784
-0.0552 7.4706 -0.0479 0.00 0.00 1.00 0 201 252 112 1 0 0 0 0 090519 145555.985
-0.0577 7.5407 -0.0480 0.00 0.00 1.00 0 188 252 112 1 0 0 0 0 090519 145556.185
-0.0599 7.6323 -0.0492 0.00 0.00 1.00 0 165 252 112 1 0 0 0 0 090519 145556.386
-0.0615 7.7248 -0.0495 0.00 0.00 1.00 0 139 252 112 1 0 0 0 0 090519 145556.586
-0.0630 7.7941 -0.0496 0.00 0.00 1.00 0 121 252 112 1 0 0 0 0 090519 145556.786
-0.0648 7.8848 -0.0520 0.00 0.00 1.00 0 96 252 112 1 0 0 0 0 090519 145556.987
-0.0679 7.9981 -0.0535 0.00 0.00 1.00 0 70 252 112 1 0 0 0 0 090519 145557.187
-0.0704 8.0902 -0.0550 0.00 0.00 1.00 0 48 252 112 1 0 0 0 0 090519 145557.387
-0.0718 8.1825 -0.0557 0.00 0.00 1.00 0 20 252 112 1 0 0 0 0 090519 145557.588
-0.0741 8.2729 -0.0574 0.00 0.00 1.00 0 251 251 112 1 0 0 0 0 090519 145557.788
-0.0758 8.3427 -0.0584 0.00 0.00 1.00 0 230 251 112 1 0 0 0 0 090519 145557.988
-0.0793 8.4342 -0.0587 0.00 0.00 1.00 0 210 251 112 1 0 0 0 0 090519 145558.189
-0.0821 8.5728 -0.0604 0.00 0.00 1.00 0 167 251 112 1 0 0 0 0 090519 145558.389
-0.0846 8.6390 -0.0615 0.00 0.00 1.00 0 152 251 112 1 0 0 0 0 090519 145558.590
-0.0858 8.7327 -0.0625 0.00 0.00 1.00 0 120 251 112 1 0 0 0 0 090519 145558.790
-0.0880 8.8208 -0.0654 0.00 0.00 1.00 0 95 251 112 1 0 0 0 0 090519 145558.991
-0.0933 8.9612 -0.0653 0.00 0.00 1.00 0 63 251 112 1 0 0 0 0 090519 145559.192
-0.0959 9.0309 -0.0651 0.00 0.00 1.00 0 48 251 112 1 0 0 0 0 090519 145559.392
-0.0983 9.1211 -0.0669 0.00 0.00 1.00 0 23 251 112 1 0 0 0 0 090519 145559.593
-0.1019 9.2149 -0.0678 0.00 0.00 1.00 0 0 251 112 1 0 0 0 0 090519 145559.793
-0.1040 9.2842 -0.0673 0.00 0.00 1.00 0 233 250 112 1 0 0 0 0 090519 145559.994
-0.1068 9.3763 -0.0672 0.00 0.00 1.00 0 203 250 112 1 0 0 0 0 090519 145600.194
-0.1113 9.4907 -0.0690 0.00 0.00 1.00 0 170 250 112 1 0 0 0 0 090519 145600.395
-0.1159 9.5820 -0.0698 0.00 0.00 1.00 0 149 250 112 1 0 0 0 0 090519 145600.595
-0.1170 9.6275 -0.0704 0.00 0.00 1.00 0 133 250 112 1 0 0 0 0 090519 145600.795
-0.1214 9.7191 -0.0708 0.00 0.00 1.00 0 111 250 112 1 0 0 0 0 090519 145600.996
-0.1253 9.8320 -0.0727 0.00 0.00 1.00 0 76 250 112 1 0 0 0 0 090519 145601.196
-0.1288 9.9230 -0.0734 0.00 0.00 1.00 0 49 250 112 1 0 0 0 0 090519 145601.397
-0.1329 10.0168 -0.0728 0.00 0.00 1.00 0 25 250 112 1 0 0 0 0 090519 145601.597
-0.1349 10.0842 -0.0741 0.00 0.00 1.00 0 2 250 112 1 0 0 0 0 090519 145601.798
-0.1416 10.2209 -0.0759 0.00 0.00 1.00 0 226 249 112 1 0 0 0 0 090519 145601.999
-0.1440 10.2900 -0.0763 0.00 0.00 1.00 0 202 249 112 1 0 0 0 0 090519 145602.199
-0.1464 10.3842 -0.0771 0.00 0.00 1.00 0 165 249 112 1 0 0 0 0 090519 145602.400
-0.1544 10.5193 -0.0781 0.00 0.00 1.00 0 134 249 112 1 0 0 0 0 090519 145602.600
-0.1580 10.5876 -0.0802 0.00 0.00 1.00 0 117 249 112 1 0 0 0 0 090519 145602.800
-0.1619 10.6782 -0.0808 0.00 0.00 1.00 0 89 249 112 1 0 0 0 0 090519 145603.001
-0.1658 10.7716 -0.0810 0.00 0.00 1.00 0 59 249 112 1 0 0 0 0 090519 145603.202
-0.1682 10.8396 -0.0827 0.00 0.00 1.00 0 36 249 112 1 0 0 0 0 090519 145603.402
-0.1750 10.9549 -0.0821 0.00 0.00 1.00 0 10 249 112 1 0 0 0 0 090519 145603.603
-0.1806 11.0439 -0.0832 0.00 0.00 1.00 0 247 248 112 1 0 0 0 0 090519 145603.803
-0.1842 11.1110 -0.0858 0.00 0.00 1.00 0 230 248 112 1 0 0 0 0 090519 145604.004
-0.1891 11.2036 -0.0871 0.00 0.00 1.00 0 206 248 112 1 0 0 0 0 090519 145604.205
-0.1957 11.3176 -0.0887 0.00 0.00 1.00 0 174 248 112 1 0 0 0 0 090519 145604.405
-0.1997 11.4098 -0.0901 0.00 0.00 1.00 0 139 248 112 1 0 0 0 0 090519 145604.606
-0.2041 11.4788 -0.0905 0.00 0.00 1.00 0 121 248 112 1 0 0 0 0 090519 145604.807
-0.2090 11.5683 -0.0925 0.00 0.00 1.00 0 93 248 112 1 0 0 0 0 090519 145605.007
-0.2143 11.6600 -0.0938 0.00 0.00 1.00 0 65 248 112 1 0 0 0 0 090519 145605.208
-0.2213 11.7747 -0.0951 0.00 0.00 1.00 0 33 248 112 1 0 0 0 0 090519 145605.408
-0.2266 11.8655 -0.0984 0.00 0.00 1.00 0 6 248 112 1 0 0 0 0 090519 145605.609
-0.2314 11.9573 -0.0986 0.00 0.00 1.00 0 232 247 112 1 0 0 0 0 090519 145605.809
-0.2358 12.0251 -0.0994 0.00 0.00 1.00 0 214 247 112 1 0 0 0 0 090519 145606.010
-0.2425 12.1421 -0.0983 0.00 0.00 1.00 0 179 247 112 1 0 0 0 0 090519 145606.210
-0.2481 12.2320 -0.0999 0.00 0.00 1.00 0 154 247 112 1 0 0 0 0 090519 145606.411
-0.2509 12.3032 -0.1003 0.00 0.00 1.00 0 123 247 112 1 0 0 0 0 090519 145606.611
-0.2560 12.3947 -0.1030 0.00 0.00 1.00 0 89 247 112 1 0 0 0 0 090519 145606.811
-0.2630 12.4823 -0.1047 0.00 0.00 1.00 0 67 247 112 1 0 0 0 0 090519 145607.011
-0.2708 12.5966 -0.1049 0.00 0.00 1.00 0 32 247 112 1 0 0 0 0 090519 145607.212
-0.2751 12.6889 -0.1065 0.00 0.00 1.00 0 250 246 112 1 0 0 0 0 090519 145607.412
-0.2808 12.7556 -0.1090 0.00 0.00 1.00 0 236 246 112 1 0 0 0 0 090519 145607.613
-0.2873 12.8713 -0.1110 0.00 0.00 1.00 0 193 246 112 1 0 0 0 0 090519 145607.813
-0.2944 12.9639 -0.1131 0.00 0.00 1.00 0 168 246 112 1 0 0 0 0 090519 145608.013
-0.3019 13.0772 -0.1146 0.00 0.00 1.00 0 133 246 112 1 0 0 0 0 090519 145608.214
-0.3053 13.1465 -0.1149 0.00 0.00 1.00 0 105 246 112 1 0 0 0 0 090519 145608.414
-0.3128 13.2597 -0.1167 0.00 0.00 1.00 0 69 246 112 1 0 0 0 0 090519 145608.614
-0.3170 13.3271 -0.1177 0.00 0.00 1.00 0 44 246 112 1 0 0 0 0 090519 145608.815
-0.3226 13.3956 -0.1179 0.00 0.00 1.00 0 25 246 112 1 0 0 0 0 090519 145609.015
-0.3312 13.5089 -0.1198 0.00 0.00 1.00 0 245 245 112 1 0 0 0 0 090519 145609.215
-0.3381 13.5958 -0.1243 0.00 0.00 1.00 0 219 245 112 1 0 0 0 0 090519 145609.416
-0.3483 13.7102 -0.1257 0.00 0.00 1.00 0 190 245 112 1 0 0 0 0 090519 145609.616
-0.3568 13.8247 -0.1271 0.00 0.00 1.00 0 153 245 112 1 0 0 0 0 090519 145609.816
-0.3612 13.8916 -0.1294 0.00 0.00 1.00 0 129 245 112 1 0 0 0 0 090519 145610.017
-0.3688 13.9868 -0.1298 0.00 0.00 1.00 0 100 245 112 1 0 0 0 0 090519 145610.217
-0.3718 14.0577 -0.1301 0.00 0.00 1.00 0 66 245 112 1 0 0 0 0 090519 145610.418
-0.3810 14.1693 -0.1313 0.00 0.00 1.00 0 34 245 112 1 0 0 0 0 090519 145610.618
-0.3872 14.2396 -0.1317 0.00 0.00 1.00 0 16 245 112 1 0 0 0 0 090519 145610.819
-0.3967 14.3551 -0.1331 0.00 0.00 1.00 0 236 244 112 1 0 0 0 0 090519 145611.019
-0.4027 14.4220 -0.1356 0.00 0.00 1.00 0 216 244 112 1 0 0 0 0 090519 145611.219
-0.4105 14.5381 -0.1367 0.00 0.00 1.00 0 167 244 112 1 0 0 0 0 090519 145611.420
-0.4179 14.6293 -0.1370 0.00 0.00 1.00 0 135 244 112 1 0 0 0 0 090519 145611.621
-0.4231 14.6988 -0.1376 0.00 0.00 1.00 0 108 244 112 1 0 0 0 0 090519 145611.821
-0.4331 14.8103 -0.1410 0.00 0.00 1.00 0 74 244 112 1 0 0 0 0 090519 145612.021
-0.4384 14.8783 -0.1421 0.00 0.00 1.00 0 49 244 112 1 0 0 0 0 090519 145612.222
-0.4437 14.9505 -0.1431 0.00 0.00 1.00 0 21 244 112 1 0 0 0 0 090519 145612.422
-0.4541 15.0639 -0.1456 0.00 0.00 1.00 0 243 243 112 1 0 0 0 0 090519 145612.622
-0.4623 15.1547 -0.1460 0.00 0.00 1.00 0 215 243 112 1 0 0 0 0 090519 145612.823
-0.4706 15.2459 -0.1468 0.00 0.00 1.00 0 187 243 112 1 0 0 0 0 090519 145613.023
-0.4799 15.3561 -0.1499 0.00 0.00 1.00 0 148 243 112 1 0 0 0 0 090519 145613.223
-0.4862 15.4224 -0.1514 0.00 0.00 1.00 0 125 243 112 1 0 0 0 0 090519 145613.424
-0.4971 15.5359 -0.1547 0.00 0.00 1.00 0 86 243 112 1 0 0 0 0 090519 145613.624
-0.5081 15.6503 -0.1565 0.00 0.00 1.00 0 47 243 112 1 0 0 0 0 090519 145613.825
-0.5162 15.7191 -0.1585 0.00 0.00 1.00 0 30 243 112 1 0 0 0 0 090519 145614.025
-0.5375 15.8003 -0.1589 0.00 0.00 1.00 0 69 243 112 1 0 0 0 0 090519 145614.226
-0.5550 15.8510 -0.1617 0.00 0.00 1.00 0 114 243 112 1 0 0 0 0 090519 145614.426
-0.5879 15.9512 -0.1615 0.00 0.00 1.00 0 194 243 112 1 0 0 0 0 090519 145614.627
-0.6131 16.0364 -0.1624 0.00 0.00 1.00 0 249 243 112 1 0 0 0 0 090519 145614.827
-0.6322 16.1035 -0.1634 0.00 0.00 1.00 0 32 244 112 1 0 0 0 0 090519 145615.027
-0.6640 16.2154 -0.1648 0.00 0.00 1.00 0 98 244 112 1 0 0 0 0 090519 145615.228
-0.6833 16.2809 -0.1649 0.00 0.00 1.00 0 139 244 112 1 0 0 0 0 090519 145615.428
-0.7089 16.3711 -0.1671 0.00 0.00 1.00 0 170 244 112 1 0 0 0 0 090519 145615.628
-0.7428 16.4742 -0.1681 0.00 0.00 1.00 0 187 244 112 1 0 0 0 0 090519 145615.829
-0.7679 16.5348 -0.1659 0.00 0.00 1.00 0 223 244 112 1 0 0 0 0 090519 145616.030
-0.8068 16.6007 -0.1686 0.00 0.00 1.00 0 61 245 112 1 0 0 0 0 090519 145616.230
-0.8436 16.6801 -0.1695 0.00 0.00 1.00 0 125 245 112 1 0 0 0 0 090519 145616.431
-0.8831 16.7620 -0.1717 0.00 0.00 1.00 0 200 245 112 1 0 0 0 0 090519 145616.631
-0.9193 16.8458 -0.1729 0.00 0.00 1.00 0 255 245 112 1 0 0 0 0 090519 145616.831
-0.9869 16.9656 -0.1733 0.00 0.00 1.00 0 155 246 112 1 0 0 0 0 090519 145617.032
-1.0241 17.0103 -0.1744 0.00 0.00 1.00 0 15 247 112 1 0 0 0 0 090519 145617.232
-1.0787 17.0704 -0.1753 0.00 0.00 1.00 0 192 247 112 1 0 0 0 0 090519 145617.432
-1.1207 17.1186 -0.1765 0.00 0.00 1.00 0 70 248 112 1 0 0 0 0 090519 145617.633
-1.1910 17.2125 -0.1766 0.00 0.00 1.00 0 19 249 112 1 0 0 0 0 090519 145617.833
-1.2440 17.2883 -0.1778 0.00 0.00 1.00 0 166 249 112 1 0 0 0 0 090519 145618.034
-1.2971 17.3617 -0.1782 0.00 0.00 1.00 0 2 250 112 1 0 0 0 0 090519 145618.234
-1.3604 17.4527 -0.1814 0.00 0.00 1.00 0 103 250 112 1 0 0 0 0 090519 145618.434
-1.4003 17.5070 -0.1815 0.00 0.00 1.00 0 173 250 112 1 0 0 0 0 090519 145618.635
-1.4390 17.5625 -0.1846 0.00 0.00 1.00 0 236 250 112 1 0 0 0 0 090519 145618.835
-1.4921 17.6367 -0.1854 0.00 0.00 1.00 0 70 251 112 1 0 0 0 0 090519 145619.035
-1.5462 17.7099 -0.1863 0.00 0.00 1.00 0 166 251 112 1 0 0 0 0 090519 145619.236
-1.6122 17.8005 -0.1881 0.00 0.00 1.00 0 25 252 112 1 0 0 0 0 090519 145619.436
-1.6530 17.8555 -0.1892 0.00 0.00 1.00 0 98 252 112 1 0 0 0 0 090519 145619.637
-1.7213 17.9477 -0.1888 0.00 0.00 1.00 0 220 252 112 1 0 0 0 0 090519 145619.837
-1.7615 18.0057 -0.1877 0.00 0.00 1.00 0 28 253 112 1 0 0 0 0 090519 145620.037
-1.8142 18.0766 -0.1895 0.00 0.00 1.00 0 123 253 112 1 0 0 0 0 090519 145620.238
-1.8667 18.1495 -0.1910 0.00 0.00 1.00 0 213 253 112 1 0 0 0 0 090519 145620.439
-1.9354 18.2398 -0.1934 0.00 0.00 1.00 0 10 254 112 1 0 0 0 0 090519 145620.639
-1.9886 18.3126 -0.1927 0.00 0.00 1.00 0 0 0 112 1 0 0 0 0 090519 145620.839
-2.0437 18.3903 -0.1943 0.00 0.00 1.00 0 0 0 112 1 0 0 0 0 090519 145621.040
-2.0977 18.4634 -0.1944 0.00 0.00 1.00 0 0 0 112 1 0 0 0 0 090519 145621.240
-2.1722 18.5321 -0.1953 0.00 0.00 1.00 0 0 0 112 1 0 0 0 0 090519 145621.440
-2.2377 18.5794 -0.1956 0.00 0.00 1.00 0 0 0 112 1 0 0 0 0 090519 145621.641
-2.2836 18.6187 -0.1978 0.00 0.00 1.00 0 0 0 112 1 0 0 0 0 090519 145621.841
-2.3680 18.6969 -0.2009 0.00 0.00 1.00 0 0 0 112 1 0 0 0 0 090519 145622.042
-2.4160 18.7397 -0.2040 0.00 0.00 1.00 0 0 0 112 1 0 0 0 0 090519 145622.242
-2.4976 18.8176 -0.2045 0.00 0.00 1.00 0 0 0 112 1 0 0 0 0 090519 145622.443
-2.5157 18.8327 -0.2048 0.00 0.00 1.00 0 0 0 112 1 0 0 0 0 090519 145622.643
-2.6072 18.8950 -0.2050 0.00 0.00 1.00 0 0 0 112 1 0 0 0 0 090519 145622.843
-2.6903 18.9447 -0.2094 0.00 0.00 1.00 0 0 0 112 1 0 0 0 0 090519 145623.044
-2.7650 18.9988 -0.2121 0.00 0.00 1.00 0 0 0 112 1 0 0 0 0 090519 145623.244
-2.8207 19.0381 -0.2129 0.00 0.00 1.00 0 0 0 112 1 0 0 0 0 090519 145623.445
-2.8922 19.0892 -0.2161 0.00 0.00 1.00 0 12 2 112 1 0 0 0 0 090519 145623.646
-2.9825 19.1528 -0.2210 0.00 0.00 1.00 0 46 2 112 1 0 0 0 0 090519 145623.846
-3.0634 19.2056 -0.2160 0.00 0.00 1.00 0 93 2 112 1 0 0 0 0 090519 145624.047
-3.1463 19.2525 -0.2132 0.00 0.00 1.00 0 169 2 112 1 0 0 0 0 090519 145624.247
-3.2193 19.2790 -0.2138 0.00 0.00 1.00 0 38 3 112 1 0 0 0 0 090519 145624.447
-3.3014 19.3117 -0.2230 0.00 0.00 1.00 0 168 3 112 1 0 0 0 0 090519 145624.648
-3.4005 19.3351 -0.2199 0.00 0.00 1.00 0 130 4 112 1 0 0 0 0 090519 145624.848
-3.4608 19.3577 -0.2232 0.00 0.00 1.00 0 230 4 112 1 0 0 0 0 090519 145625.049
-3.5689 19.3978 -0.2233 0.00 0.00 1.00 0 42 5 112 1 0 0 0 0 090519 145625.249
-3.6342 19.4220 -0.2222 0.00 0.00 1.00 0 67 5 112 1 0 0 0 0 090519 145625.450
-3.7220 19.4557 -0.2198 0.00 0.00 1.00 0 96 5 112 1 0 0 0 0 090519 145625.651
-3.8341 19.4986 -0.2166 0.00 0.00 1.00 0 134 5 112 1 0 0 0 0 090519 145625.851
-3.8997 19.5235 -0.2144 0.00 0.00 1.00 0 157 5 112 1 0 0 0 0 090519 145626.051
-4.0061 19.5637 -0.2121 0.00 0.00 1.00 0 195 5 112 1 0 0 0 0 090519 145626.252
-4.0675 19.5880 -0.2132 0.00 0.00 1.00 0 211 5 112 1 0 0 0 0 090519 145626.452
-4.1720 19.6267 -0.2142 0.00 0.00 1.00 0 252 5 112 1 0 0 0 0 090519 145626.652
-4.2351 19.6491 -0.2136 0.00 0.00 1.00 0 25 6 112 1 0 0 0 0 090519 145626.852
-4.3208 19.6800 -0.2123 0.00 0.00 1.00 0 63 6 112 1 0 0 0 0 090519 145627.053
-4.4044 19.7099 -0.2111 0.00 0.00 1.00 0 100 6 112 1 0 0 0 0 090519 145627.253
-4.4871 19.7403 -0.2121 0.00 0.00 1.00 0 133 6 112 1 0 0 0 0 090519 145627.453
-4.5524 19.7639 -0.2114 0.00 0.00 1.00 0 162 6 112 1 0 0 0 0 090519 145627.654
-4.6808 19.8101 -0.2116 0.00 0.00 1.00 0 218 6 112 1 0 0 0 0 090519 145627.854
-4.7445 19.8317 -0.2123 0.00 0.00 1.00 0 252 6 112 1 0 0 0 0 090519 145628.055
-4.8292 19.8620 -0.2119 0.00 0.00 1.00 0 34 7 112 1 0 0 0 0 090519 145628.255
-4.9386 19.9019 -0.2106 0.00 0.00 1.00 0 80 7 112 1 0 0 0 0 090519 145628.455
-5.0031 19.9247 -0.2101 0.00 0.00 1.00 0 110 7 112 1 0 0 0 0 090519 145628.655
-5.1075 19.9614 -0.2100 0.00 0.00 1.00 0 160 7 112 1 0 0 0 0 090519 145628.856
-5.1928 19.9918 -0.2116 0.00 0.00 1.00 0 199 7 112 1 0 0 0 0 090519 145629.056
-5.2575 20.0141 -0.2116 0.00 0.00 1.00 0 232 7 112 1 0 0 0 0 090519 145629.256
-5.3646 20.0509 -0.2126 0.00 0.00 1.00 0 31 8 112 1 0 0 0 0 090519 145629.457
-5.4489 20.0798 -0.2124 0.00 0.00 1.00 0 66 8 112 1 0 0 0 0 090519 145629.657
-5.5150 20.1030 -0.2125 0.00 0.00 1.00 0 92 8 112 1 0 0 0 0 090519 145629.857
-5.6228 20.1414 -0.2112 0.00 0.00 1.00 0 132 8 112 1 0 0 0 0 090519 145630.058
-5.7095 20.1706 -0.2102 0.00 0.00 1.00 0 171 8 112 1 0 0 0 0 090519 145630.258
-5.7749 20.1945 -0.2092 0.00 0.00 1.00 0 192 8 112 1 0 0 0 0 090519 145630.458
-5.8850 20.2333 -0.2074 0.00 0.00 1.00 0 234 8 112 1 0 0 0 0 090519 145630.659
-5.9277 20.2484 -0.2073 0.00 0.00 1.00 0 250 8 112 1 0 0 0 0 090519 145630.859
-6.0554 20.2944 -0.2058 0.00 0.00 1.00 0 39 9 112 1 0 0 0 0 090519 145631.059
-6.1407 20.3236 -0.2057 0.00 0.00 1.00 0 76 9 112 1 0 0 0 0 090519 145631.260
-6.2260 20.3527 -0.2049 0.00 0.00 1.00 0 112 9 112 1 0 0 0 0 090519 145631.460
-6.3105 20.3808 -0.2072 0.00 0.00 1.00 0 153 9 112 1 0 0 0 0 090519 145631.660
-6.3980 20.4126 -0.2032 0.00 0.00 1.00 0 179 9 112 1 0 0 0 0 090519 145631.861
-6.4889 20.4562 -0.2009 0.00 0.00 1.00 0 156 9 112 1 0 0 0 0 090519 145632.061
-6.5750 20.5033 -0.1982 0.00 0.00 1.00 0 108 9 112 1 0 0 0 0 090519 145632.261
-6.6561 20.5436 -0.1996 0.00 0.00 1.00 0 81 9 112 1 0 0 0 0 090519 145632.462
-6.7389 20.5844 -0.1982 0.00 0.00 1.00 0 55 9 112 1 0 0 0 0 090519 145632.662
-6.8219 20.6237 -0.1973 0.00 0.00 1.00 0 37 9 112 1 0 0 0 0 090519 145632.862
-6.9044 20.6629 -0.1971 0.00 0.00 1.00 0 18 9 112 1 0 0 0 0 090519 145633.063
-6.9841 20.7022 -0.1980 0.00 0.00 1.00 0 249 8 112 1 0 0 0 0 090519 145633.263
-7.0668 20.7441 -0.1967 0.00 0.00 1.00 0 218 8 112 1 0 0 0 0 090519 145633.464
-7.1312 20.7730 -0.1953 0.00 0.00 1.00 0 211 8 112 1 0 0 0 0 090519 145633.664
-7.2139 20.8131 -0.1924 0.00 0.00 1.00 0 188 8 112 1 0 0 0 0 090519 145633.864
-7.2979 20.8538 -0.1901 0.00 0.00 1.00 0 160 8 112 1 0 0 0 0 090519 145634.065
-7.3991 20.8995 -0.1900 0.00 0.00 1.00 0 129 8 112 1 0 0 0 0 090519 145634.265
-7.4971 20.9442 -0.1923 0.00 0.00 1.00 0 95 8 112 1 0 0 0 0 090519 145634.465
-7.5605 20.9756 -0.1937 0.00 0.00 1.00 0 62 8 112 1 0 0 0 0 090519 145634.666
-7.6496 21.0199 -0.1875 0.00 0.00 1.00 0 15 8 112 1 0 0 0 0 090519 145634.866
-7.7118 21.0496 -0.1847 0.00 0.00 1.00 0 244 7 112 1 0 0 0 0 090519 145635.066
-7.7953 21.0881 -0.1800 0.00 0.00 1.00 0 214 7 112 1 0 0 0 0 090519 145635.267
-7.8804 21.1312 -0.1759 0.00 0.00 1.00 0 165 7 112 1 0 0 0 0 090519 145635.467
-7.9981 21.1897 -0.1777 0.00 0.00 1.00 0 103 7 112 1 0 0 0 0 090519 145635.667
-8.0544 21.2145 -0.1768 0.00 0.00 1.00 0 88 7 112 1 0 0 0 0 090519 145635.868
-8.1375 21.2520 -0.1785 0.00 0.00 1.00 0 61 7 112 1 0 0 0 0 090519 145636.068
-8.2166 21.2906 -0.1818 0.00 0.00 1.00 0 6 7 112 1 0 0 0 0 090519 145636.269
-8.2944 21.3265 -0.1844 0.00 0.00 1.00 0 200 6 112 1 0 0 0 0 090519 145636.470
-8.3760 21.3646 -0.1855 0.00 0.00 1.00 0 132 6 112 1 0 0 0 0 090519 145636.670
-8.4582 21.4044 -0.1868 0.00 0.00 1.00 0 56 6 112 1 0 0 0 0 090519 145636.870
-8.5382 21.4409 -0.1885 0.00 0.00 1.00 0 250 5 112 1 0 0 0 0 090519 145637.071
-8.6442 21.4890 -0.1864 0.00 0.00 1.00 0 168 5 112 1 0 0 0 0 090519 145637.271
-8.7299 21.5264 -0.1864 0.00 0.00 1.00 0 110 5 112 1 0 0 0 0 090519 145637.472
-8.8133 21.5644 -0.1865 0.00 0.00 1.00 0 45 5 112 1 0 0 0 0 090519 145637.672
-8.8948 21.5986 -0.1883 0.00 0.00 1.00 0 251 4 112 1 0 0 0 0 090519 145637.872
-8.9749 21.6344 -0.1916 0.00 0.00 1.00 0 192 4 112 1 0 0 0 0 090519 145638.073
-9.0181 21.6538 -0.1906 0.00 0.00 1.00 0 160 4 112 1 0 0 0 0 090519 145638.273
-9.1050 21.6923 -0.1906 0.00 0.00 1.00 0 75 4 112 1 0 0 0 0 090519 145638.473
-9.2102 21.7394 -0.1867 0.00 0.00 1.00 0 168 3 112 1 0 0 0 0 090519 145638.674
-9.3070 21.7798 -0.1908 0.00 0.00 1.00 0 33 3 112 1 0 0 0 0 090519 145638.874
-9.3663 21.8055 -0.1936 0.00 0.00 1.00 0 202 2 112 1 0 0 0 0 090519 145639.074
-9.4495 21.8387 -0.1966 0.00 0.00 1.00 0 93 2 112 1 0 0 0 0 090519 145639.275
-9.5342 21.8764 -0.1975 0.00 0.00 1.00 0 0 0 112 1 0 0 0 0 090519 145639.475
-9.6189 21.9147 -0.1978 0.00 0.00 1.00 0 0 0 112 1 0 0 0 0 090519 145639.676
-9.6758 21.9395 -0.1999 0.00 0.00 1.00 0 0 0 112 1 0 0 0 0 090519 145639.876
-9.7553 21.9754 -0.2027 0.00 0.00 1.00 0 0 0 112 1 0 0 0 0 090519 145640.077
-9.8450 22.0080 -0.2057 0.00 0.00 1.00 0 0 0 112 1 0 0 0 0 090519 145640.277
-9.9635 22.0322 -0.2076 0.00 0.00 1.00 0 0 0 112 1 0 0 0 0 090519 145640.477
-10.0098 22.0448 -0.2077 0.00 0.00 1.00 0 0 0 112 1 0 0 0 0 090519 145640.678
-10.1221 22.0789 -0.2110 0.00 0.00 1.00 0 0 0 112 1 0 0 0 0 090519 145640.878
-10.2523 22.1157 -0.2119 0.00 0.00 1.00 0 0 0 112 1 0 0 0 0 090519 145641.079
-10.3178 22.1345 -0.2136 0.00 0.00 1.00 0 0 0 112 1 0 0 0 0 090519 145641.279
-10.4066 22.1604 -0.2149 0.00 0.00 1.00 0 0 0 112 1 0 0 0 0 090519 145641.479
-10.4925 22.1845 -0.2163 0.00 0.00 1.00 0 0 0 112 1 0 0 0 0 090519 145641.680
-10.5861 22.2101 -0.2170 0.00 0.00 1.00 0 11 254 112 1 0 0 0 0 090519 145641.880
-10.6518 22.2286 -0.2191 0.00 0.00 1.00 0 216 253 112 1 0 0 0 0 090519 145642.080
-10.7419 22.2433 -0.2176 0.00 0.00 1.00 0 198 253 112 1 0 0 0 0 090519 145642.281
-10.8423 22.2487 -0.2174 0.00 0.00 1.00 0 233 253 112 1 0 0 0 0 090519 145642.481
-10.9318 22.2609 -0.2187 0.00 0.00 1.00 0 228 253 112 1 0 0 0 0 090519 145642.682
-11.0018 22.2708 -0.2181 0.00 0.00 1.00 0 222 253 112 1 0 0 0 0 090519 145642.882
-11.0937 22.2829 -0.2178 0.00 0.00 1.00 0 218 253 112 1 0 0 0 0 090519 145643.083
-11.1865 22.2960 -0.2160 0.00 0.00 1.00 0 205 253 112 1 0 0 0 0 090519 145643.283
-11.2819 22.3070 -0.2131 0.00 0.00 1.00 0 206 253 112 1 0 0 0 0 090519 145643.483
-11.3802 22.3208 -0.2087 0.00 0.00 1.00 0 193 253 112 1 0 0 0 0 090519 145643.684
-11.4668 22.3337 -0.2087 0.00 0.00 1.00 0 179 253 112 1 0 0 0 0 090519 145643.884
-11.5731 22.3468 -0.2097 0.00 0.00 1.00 0 175 253 112 1 0 0 0 0 090519 145644.084
-11.6819 22.3618 -0.2129 0.00 0.00 1.00 0 162 253 112 1 0 0 0 0 090519 145644.285
-11.7513 22.3707 -0.2138 0.00 0.00 1.00 0 158 253 112 1 0 0 0 0 090519 145644.486
-11.8363 22.3828 -0.2145 0.00 0.00 1.00 0 147 253 112 1 0 0 0 0 090519 145644.686
-11.9272 22.3938 -0.2154 0.00 0.00 1.00 0 144 253 112 1 0 0 0 0 090519 145644.886
-12.0138 22.4078 -0.2199 0.00 0.00 1.00 0 124 253 112 1 0 0 0 0 090519 145645.087
-12.1222 22.4230 -0.2266 0.00 0.00 1.00 0 107 253 112 1 0 0 0 0 090519 145645.287
-12.1679 22.4294 -0.2267 0.00 0.00 1.00 0 99 253 112 1 0 0 0 0 090519 145645.487
-12.2822 22.4449 -0.2291 0.00 0.00 1.00 0 80 253 112 1 0 0 0 0 090519 145645.688
-12.3493 22.4548 -0.2313 0.00 0.00 1.00 0 65 253 112 1 0 0 0 0 090519 145645.889
-12.4408 22.4664 -0.2319 0.00 0.00 1.00 0 54 253 112 1 0 0 0 0 090519 145646.089
-12.5354 22.4769 -0.2318 0.00 0.00 1.00 0 50 253 112 1 0 0 0 0 090519 145646.290
-12.6466 22.4901 -0.2336 0.00 0.00 1.00 0 41 253 112 1 0 0 0 0 090519 145646.491
-12.7164 22.4989 -0.2341 0.00 0.00 1.00 0 33 253 112 1 0 0 0 0 090519 145646.691
-12.8275 22.5120 -0.2369 0.00 0.00 1.00 0 24 253 112 1 0 0 0 0 090519 145646.891
-12.9169 22.5226 -0.2390 0.00 0.00 1.00 0 17 253 112 1 0 0 0 0 090519 145647.092
-13.0078 22.5337 -0.2393 0.00 0.00 1.00 0 8 253 112 1 0 0 0 0 090519 145647.293
-13.1199 22.5475 -0.2419 0.00 0.00 1.00 0 248 252 112 1 0 0 0 0 090519 145647.493
-13.1874 22.5548 -0.2424 0.00 0.00 1.00 0 241 252 112 1 0 0 0 0 090519 145647.694
-13.2784 22.5651 -0.2430 0.00 0.00 1.00 0 229 252 112 1 0 0 0 0 090519 145647.894
-13.3878 22.5783 -0.2470 0.00 0.00 1.00 0 210 252 112 1 0 0 0 0 090519 145648.094
-13.4764 22.5893 -0.2496 0.00 0.00 1.00 0 194 252 112 1 0 0 0 0 090519 145648.295
-13.5669 22.5998 -0.2521 0.00 0.00 1.00 0 181 252 112 1 0 0 0 0 090519 145648.495
-13.6355 22.6069 -0.2530 0.00 0.00 1.00 0 175 252 112 1 0 0 0 0 090519 145648.696
-13.7241 22.6174 -0.2554 0.00 0.00 1.00 0 161 252 112 1 0 0 0 0 090519 145648.896
-13.8350 22.6282 -0.2587 0.00 0.00 1.00 0 155 252 112 1 0 0 0 0 090519 145649.096
-13.9035 22.6345 -0.2599 0.00 0.00 1.00 0 153 252 112 1 0 0 0 0 090519 145649.297
-13.9732 22.6425 -0.2602 0.00 0.00 1.00 0 143 252 112 1 0 0 0 0 090519 145649.497
-14.0861 22.6544 -0.2624 0.00 0.00 1.00 0 132 252 112 1 0 0 0 0 090519 145649.698
-14.1489 22.6600 -0.2645 0.00 0.00 1.00 0 128 252 112 1 0 0 0 0 090519 145649.898
-14.2398 22.6704 -0.2665 0.00 0.00 1.00 0 110 252 112 1 0 0 0 0 090519 145650.099
-14.3511 22.6836 -0.2694 0.00 0.00 1.00 0 86 252 112 1 0 0 0 0 090519 145650.299
-14.4611 22.6918 -0.2725 0.00 0.00 1.00 0 86 252 112 1 0 0 0 0 090519 145650.499
-14.5297 22.6889 -0.2747 0.00 0.00 1.00 0 126 252 112 1 0 0 0 0 090519 145650.699
-14.6121 22.6852 -0.2765 0.00 0.00 1.00 0 176 252 112 1 0 0 0 0 090519 145650.900
-14.7227 22.6860 -0.2798 0.00 0.00 1.00 0 213 252 112 1 0 0 0 0 090519 145651.100
-14.7915 22.6869 -0.2819 0.00 0.00 1.00 0 234 252 112 1 0 0 0 0 090519 145651.301
-14.8830 22.6870 -0.2832 0.00 0.00 1.00 0 12 253 112 1 0 0 0 0 090519 145651.501
-14.9959 22.6863 -0.2856 0.00 0.00 1.00 0 58 253 112 1 0 0 0 0 090519 145651.701
-15.0642 22.6865 -0.2881 0.00 0.00 1.00 0 82 253 112 1 0 0 0 0 090519 145651.902
-15.1555 22.6865 -0.2883 0.00 0.00 1.00 0 114 253 112 1 0 0 0 0 090519 145652.102
-15.2706 22.6863 -0.2907 0.00 0.00 1.00 0 150 253 112 1 0 0 0 0 090519 145652.303
-15.3369 22.6846 -0.2937 0.00 0.00 1.00 0 178 253 112 1 0 0 0 0 090519 145652.503
-15.4515 22.6857 -0.2938 0.00 0.00 1.00 0 208 253 112 1 0 0 0 0 090519 145652.703
-15.4997 22.6852 -0.2934 0.00 0.00 1.00 0 225 253 112 1 0 0 0 0 090519 145652.904
-15.5910 22.6848 -0.2936 0.00 0.00 1.00 0 254 253 112 1 0 0 0 0 090519 145653.104
-15.7071 22.6849 -0.2940 0.00 0.00 1.00 0 0 0 112 1 0 0 0 0 090519 145653.304
-15.8029 22.6840 -0.2948 0.00 0.00 1.00 0 0 0 112 1 0 0 0 0 090519 145653.505
-15.9151 22.6825 -0.2954 0.00 0.00 1.00 0 0 0 112 1 0 0 0 0 090519 145653.705
-15.9826 22.6819 -0.2944 0.00 0.00 1.00 0 0 0 112 1 0 0 0 0 090519 145653.905
-16.0731 22.6819 -0.2957 0.00 0.00 1.00 0 0 0 112 1 0 0 0 0 090519 145654.106
-16.1849 22.6826 -0.2979 0.00 0.00 1.00 0 0 0 112 1 0 0 0 0 090519 145654.306
-16.2493 22.6823 -0.3007 0.00 0.00 1.00 0 0 0 112 1 0 0 0 0 090519 145654.507
-16.3378 22.6826 -0.3058 0.00 0.00 1.00 0 0 0 112 1 0 0 0 0 090519 145654.707
-16.4502 22.6826 -0.3098 0.00 0.00 1.00 0 0 0 112 1 0 0 0 0 090519 145654.907
-16.5192 22.6827 -0.3115 0.00 0.00 1.00 0 0 0 112 1 0 0 0 0 090519 145655.108
-16.6319 22.6799 -0.3122 0.00 0.00 1.00 0 0 0 112 1 0 0 0 0 090519 145655.308
-16.7270 22.6798 -0.3130 0.00 0.00 1.00 0 0 0 112 1 0 0 0 0 090519 145655.508
-16.7946 22.6782 -0.3136 0.00 0.00 1.00 0 0 0 112 1 0 0 0 0 090519 145655.709
-16.8860 22.6758 -0.3138 0.00 0.00 1.00 0 0 0 112 1 0 0 0 0 090519 145655.909
-17.0003 22.6751 -0.3167 0.00 0.00 1.00 0 0 0 112 1 0 0 0 0 090519 145656.110
-17.0656 22.6740 -0.3191 0.00 0.00 1.00 0 0 0 112 1 0 0 0 0 090519 145656.310
-17.1564 22.6719 -0.3188 0.00 0.00 1.00 0 0 0 112 1 0 0 0 0 090519 145656.510
-17.2746 22.6713 -0.3184 0.00 0.00 1.00 0 0 0 112 1 0 0 0 0 090519 145656.711
-17.3639 22.6699 -0.3196 0.00 0.00 1.00 0 0 0 112 1 0 0 0 0 090519 145656.911
-17.4302 22.6680 -0.3190 0.00 0.00 1.00 0 0 0 112 1 0 0 0 0 090519 145657.112
-17.5258 22.6550 -0.3192 0.00 0.00 1.00 0 0 0 112 1 0 0 0 0 090519 145657.312
-17.6171 22.6302 -0.3232 0.00 0.00 1.00 0 0 0 112 1 0 0 0 0 090519 145657.512
-17.6830 22.6207 -0.3246 0.00 0.00 1.00 0 0 0 112 1 0 0 0 0 090519 145657.712
-17.7973 22.6032 -0.3277 0.00 0.00 1.00 0 0 0 112 1 0 0 0 0 090519 145657.913
-17.8851 22.5904 -0.3282 0.00 0.00 1.00 0 0 0 112 1 0 0 0 0 090519 145658.113
-17.9757 22.5750 -0.3270 0.00 0.00 1.00 0 3 2 112 1 0 0 0 0 090519 145658.313
-18.0443 22.5638 -0.3278 0.00 0.00 1.00 0 60 2 112 1 0 0 0 0 090519 145658.514
-18.1554 22.5452 -0.3300 0.00 0.00 1.00 0 157 2 112 1 0 0 0 0 090519 145658.714
-18.2209 22.5282 -0.3324 0.00 0.00 1.00 0 126 2 112 1 0 0 0 0 090519 145658.914
-18.3137 22.4882 -0.3343 0.00 0.00 1.00 0 185 2 112 1 0 0 0 0 090519 145659.115
-18.3941 22.4601 -0.3364 0.00 0.00 1.00 0 203 2 112 1 0 0 0 0 090519 145659.315
-18.4611 22.4381 -0.3373 0.00 0.00 1.00 0 212 2 112 1 0 0 0 0 090519 145659.515
-18.5671 22.4025 -0.3380 0.00 0.00 1.00 0 230 2 112 1 0 0 0 0 090519 145659.716
-18.6560 22.3721 -0.3363 0.00 0.00 1.00 0 248 2 112 1 0 0 0 0 090519 145659.916
-18.7197 22.3520 -0.3384 0.00 0.00 1.00 0 253 2 112 1 0 0 0 0 090519 145700.117
-18.8174 22.3115 -0.3418 0.00 0.00 1.00 0 50 3 112 1 0 0 0 0 090519 145700.317
-18.8143 22.2906 -0.3382 0.00 0.00 1.00 0 155 3 112 1 0 0 0 0 090519 145700.517
-18.8551 22.2627 -0.3394 0.00 0.00 1.00 0 230 3 112 1 0 0 0 0 090519 145700.718
-18.9473 22.2141 -0.3398 0.00 0.00 1.00 0 74 4 112 1 0 0 0 0 090519 145700.918
-19.0116 22.1805 -0.3397 0.00 0.00 1.00 0 143 4 112 1 0 0 0 0 090519 145701.119
-19.0792 22.1350 -0.3403 0.00 0.00 1.00 0 99 4 112 1 0 0 0 0 090519 145701.319
-19.1724 22.0870 -0.3430 0.00 0.00 1.00 0 229 3 112 1 0 0 0 0 090519 145701.519
-19.2341 22.0553 -0.3416 0.00 0.00 1.00 0 144 3 112 1 0 0 0 0 090519 145701.719
-19.3292 21.9990 -0.3433 0.00 0.00 1.00 0 42 3 112 1 0 0 0 0 090519 145701.920
-19.4020 21.9515 -0.3432 0.00 0.00 1.00 0 237 2 112 1 0 0 0 0 090519 145702.120
-19.4627 21.9097 -0.3438 0.00 0.00 1.00 0 194 2 112 1 0 0 0 0 090519 145702.320
-19.5247 21.8562 -0.3447 0.00 0.00 1.00 0 191 2 112 1 0 0 0 0 090519 145702.521
-19.5748 21.8021 -0.3464 0.00 0.00 1.00 0 229 2 112 1 0 0 0 0 090519 145702.721
-19.6490 21.7290 -0.3458 0.00 0.00 1.00 0 3 3 112 1 0 0 0 0 090519 145702.921
-19.6967 21.6808 -0.3472 0.00 0.00 1.00 0 27 3 112 1 0 0 0 0 090519 145703.121
-19.7451 21.6326 -0.3453 0.00 0.00 1.00 0 49 3 112 1 0 0 0 0 090519 145703.322
-19.8135 21.5674 -0.3431 0.00 0.00 1.00 0 178 2 112 1 0 0 0 0 090519 145703.522
-19.8953 21.4891 -0.3438 0.00 0.00 1.00 0 0 0 112 1 0 0 0 0 090519 145703.722
-19.9582 21.4258 -0.3433 0.00 0.00 1.00 0 0 0 112 1 0 0 0 0 090519 145703.923
-20.0213 21.3610 -0.3422 0.00 0.00 1.00 0 0 0 112 1 0 0 0 0 090519 145704.123
-20.1044 21.2814 -0.3423 0.00 0.00 1.00 0 0 0 112 1 0 0 0 0 090519 145704.323
-20.1813 21.2018 -0.3442 0.00 0.00 1.00 0 0 0 112 1 0 0 0 0 090519 145704.523
-20.2288 21.1538 -0.3435 0.00 0.00 1.00 0 0 0 112 1 0 0 0 0 090519 145704.724
-20.3021 21.0646 -0.3433 0.00 0.00 1.00 0 0 0 112 1 0 0 0 0 090519 145704.924
-20.3247 21.0310 -0.3432 0.00 0.00 1.00 0 0 0 112 1 0 0 0 0 090519 145705.125
-20.3643 20.9594 -0.3415 0.00 0.00 1.00 0 0 0 112 1 0 0 0 0 090519 145705.325
-20.3992 20.9066 -0.3410 0.00 0.00 1.00 0 0 0 112 1 0 0 0 0 090519 145705.526
-20.4523 20.8330 -0.3415 0.00 0.00 1.00 0 241 253 112 1 0 0 0 0 090519 145705.726
-20.5038 20.7583 -0.3419 0.00 0.00 1.00 0 24 253 112 1 0 0 0 0 090519 145705.926
-20.5536 20.6835 -0.3426 0.00 0.00 1.00 0 72 252 112 1 0 0 0 0 090519 145706.127
-20.6178 20.5895 -0.3437 0.00 0.00 1.00 0 59 251 112 1 0 0 0 0 090519 145706.327
-20.6706 20.5148 -0.3440 0.00 0.00 1.00 0 92 250 112 1 0 0 0 0 090519 145706.527
-20.7193 20.4387 -0.3445 0.00 0.00 1.00 0 146 249 112 1 0 0 0 0 090519 145706.728
-20.7719 20.3650 -0.3447 0.00 0.00 1.00 0 179 248 112 1 0 0 0 0 090519 145706.928
-20.8108 20.3080 -0.3455 0.00 0.00 1.00 0 16 248 112 1 0 0 0 0 090519 145707.128
-20.8608 20.2288 -0.3445 0.00 0.00 1.00 0 66 247 112 1 0 0 0 0 090519 145707.329
-20.9103 20.1541 -0.3453 0.00 0.00 1.00 0 115 246 112 1 0 0 0 0 090519 145707.529
-20.9622 20.0765 -0.3469 0.00 0.00 1.00 0 154 245 112 1 0 0 0 0 090519 145707.730
-21.0272 19.9816 -0.3451 0.00 0.00 1.00 0 137 244 112 1 0 0 0 0 090519 145707.930
-21.1043 19.8667 -0.3456 0.00 0.00 1.00 0 70 243 112 1 0 0 0 0 090519 145708.130
-21.1272 19.8090 -0.3475 0.00 0.00 1.00 0 236 242 112 1 0 0 0 0 090519 145708.331
-21.1601 19.7123 -0.3447 0.00 0.00 1.00 0 88 242 112 1 0 0 0 0 090519 145708.531
-21.1894 19.6517 -0.3433 0.00 0.00 1.00 0 207 241 112 1 0 0 0 0 090519 145708.731
-21.2287 19.5692 -0.3420 0.00 0.00 1.00 0 25 241 112 1 0 0 0 0 090519 145708.932
-21.2697 19.4861 -0.3406 0.00 0.00 1.00 0 90 240 112 1 0 0 0 0 090519 145709.132
-21.2984 19.4236 -0.3422 0.00 0.00 1.00 0 213 239 112 1 0 0 0 0 090519 145709.332
-21.3376 19.3438 -0.3420 0.00 0.00 1.00 0 31 239 112 1 0 0 0 0 090519 145709.533
-21.3754 19.2616 -0.3414 0.00 0.00 1.00 0 112 238 112 1 0 0 0 0 090519 145709.733
-21.3955 19.2198 -0.3414 0.00 0.00 1.00 0 18 238 112 1 0 0 0 0 090519 145709.934
-21.4157 19.1770 -0.3402 0.00 0.00 1.00 0 180 237 112 1 0 0 0 0 090519 145710.134
-21.4157 19.1770 -0.3402 0.00 0.00 1.00 0 180 237 112 1 0 0 0 0 090519 145710.334
-21.4157 19.1770 -0.3402 0.00 0.00 1.00 0 180 237 112 1 0 0 0 0 090519 145710.535
-21.4157 19.1770 -0.3402 0.00 0.00 1.00 0 180 237 112 1 0 0 0 0 090519 145710.735
-21.4157 19.1770 -0.3402 0.00 0.00 1.00 0 180 237 112 1 0 0 0 0 090519 145710.936
