-1.3677 -0.2017 0.0000 0.00 0.00 1.00 0 56 17 112 1 0 0 0 0 030519 164014.500
-1.3678 -0.2028 0.0000 0.00 0.00 1.00 0 63 18 112 1 0 0 0 0 030519 164014.702
-1.3688 -0.2004 0.0000 0.00 0.00 1.00 0 249 12 112 1 0 0 0 0 030519 164014.902
-1.3688 -0.2004 0.0000 0.00 0.00 1.00 0 249 12 112 1 0 0 0 0 030519 164015.118
-1.3685 -0.2008 0.0000 0.00 0.00 1.00 0 217 16 112 1 0 0 0 0 030519 164015.321
-1.3677 -0.2010 0.0000 0.00 0.00 1.00 0 68 16 112 1 0 0 0 0 030519 164015.524
-1.3682 -0.2011 0.0000 0.00 0.00 1.00 0 32 17 112 1 0 0 0 0 030519 164015.727
-1.3667 -0.2000 0.0000 0.00 0.00 1.00 0 251 13 112 1 0 0 0 0 030519 164015.927
-1.3675 -0.2002 0.0000 0.00 0.00 1.00 0 81 17 112 1 0 0 0 0 030519 164016.129
-1.3663 -0.2017 0.0000 0.00 0.00 1.00 0 122 17 112 1 0 0 0 0 030519 164016.330
-1.3666 -0.2013 0.0000 0.00 0.00 1.00 0 57 16 112 1 0 0 0 0 030519 164016.531
-1.3669 -0.2023 0.0000 0.00 0.00 1.00 0 19 18 112 1 0 0 0 0 030519 164016.732
-1.3678 -0.2026 0.0000 0.00 0.00 1.00 0 186 17 112 1 0 0 0 0 030519 164016.933
-1.3688 -0.2032 0.0000 0.00 0.00 1.00 0 2 18 112 1 0 0 0 0 030519 164017.134
-1.3677 -0.2023 0.0000 0.00 0.00 1.00 0 129 14 112 1 0 0 0 0 030519 164017.335
-1.3686 -0.2010 0.0000 0.00 0.00 1.00 0 248 15 112 1 0 0 0 0 030519 164017.536
-1.3686 -0.2010 0.0000 0.00 0.00 1.00 0 248 15 112 1 0 0 0 0 030519 164017.737
-1.3683 -0.2019 0.0000 0.00 0.00 1.00 0 167 17 112 1 0 0 0 0 030519 164017.937
-1.3691 -0.2002 0.0000 0.00 0.00 1.00 0 30 15 112 1 0 0 0 0 030519 164018.138
-1.3683 -0.2019 0.0000 0.00 0.00 1.00 0 98 18 112 1 0 0 0 0 030519 164018.339
-1.3686 -0.2028 0.0000 0.00 0.00 1.00 0 25 18 112 1 0 0 0 0 030519 164018.540
-1.3686 -0.1997 0.0000 0.00 0.00 1.00 0 17 12 112 1 0 0 0 0 030519 164018.752
-1.3694 -0.2002 0.0000 0.00 0.00 1.00 0 219 17 112 1 0 0 0 0 030519 164018.953
-1.3688 -0.2002 0.0000 0.00 0.00 1.00 0 27 16 112 1 0 0 0 0 030519 164019.154
-1.3691 -0.2002 0.0000 0.00 0.00 1.00 0 191 16 112 1 0 0 0 0 030519 164019.355
-1.3702 -0.1998 0.0000 0.00 0.00 1.00 0 194 16 112 1 0 0 0 0 030519 164019.564
-1.3688 -0.2008 0.0000 0.00 0.00 1.00 0 228 16 112 1 0 0 0 0 030519 164019.767
-1.3685 -0.1991 0.0000 0.00 0.00 1.00 0 240 13 112 1 0 0 0 0 030519 164019.970
-1.3683 -0.1998 0.0000 0.00 0.00 1.00 0 118 17 112 1 0 0 0 0 030519 164020.173
-1.3675 -0.2006 0.0000 0.00 0.00 1.00 0 11 17 112 1 0 0 0 0 030519 164020.376
-1.3682 -0.2004 0.0000 0.00 0.00 1.00 0 177 16 112 1 0 0 0 0 030519 164020.579
-1.3694 -0.2010 0.0000 0.00 0.00 1.00 0 48 18 112 1 0 0 0 0 030519 164020.782
-1.3696 -0.2017 0.0000 0.00 0.00 1.00 0 184 17 112 1 0 0 0 0 030519 164020.985
-1.3701 -0.2011 0.0000 0.00 0.00 1.00 0 24 16 112 1 0 0 0 0 030519 164021.188
-1.3682 -0.2008 0.0000 0.00 0.00 1.00 0 188 14 112 1 0 0 0 0 030519 164021.391
-1.3680 -0.2006 0.0000 0.00 0.00 1.00 0 42 16 112 1 0 0 0 0 030519 164021.594
-1.3675 -0.2010 0.0000 0.00 0.00 1.00 0 189 16 112 1 0 0 0 0 030519 164021.797
-1.3686 -0.2021 0.0000 0.00 0.00 1.00 0 225 18 112 1 0 0 0 0 030519 164022.001
-1.3669 -0.2013 0.0000 0.00 0.00 1.00 0 81 14 112 1 0 0 0 0 030519 164022.214
-1.3675 -0.2019 0.0000 0.00 0.00 1.00 0 195 17 112 1 0 0 0 0 030519 164022.417
-1.3675 -0.2013 0.0000 0.00 0.00 1.00 0 193 15 112 1 0 0 0 0 030519 164022.620
-1.3675 -0.2013 0.0000 0.00 0.00 1.00 0 193 15 112 1 0 0 0 0 030519 164022.823
-1.3666 -0.2006 0.0000 0.00 0.00 1.00 0 110 16 112 1 0 0 0 0 030519 164023.024
-1.3666 -0.2006 0.0000 0.00 0.00 1.00 0 110 16 112 1 0 0 0 0 030519 164023.237
-1.3659 -0.1997 0.0000 0.00 0.00 1.00 0 8 15 112 1 0 0 0 0 030519 164023.447
-1.3659 -0.1997 0.0000 0.00 0.00 1.00 0 8 15 112 1 0 0 0 0 030519 164023.650
-1.3663 -0.2017 0.0000 0.00 0.00 1.00 0 161 19 112 1 0 0 0 0 030519 164023.854
-1.3653 -0.2004 0.0000 0.00 0.00 1.00 0 8 14 112 1 0 0 0 0 030519 164024.057
-1.3653 -0.2011 0.0000 0.00 0.00 1.00 0 145 17 112 1 0 0 0 0 030519 164024.260
-1.3650 -0.2017 0.0000 0.00 0.00 1.00 0 25 17 112 1 0 0 0 0 030519 164024.463
-1.3674 -0.2015 0.0000 0.00 0.00 1.00 0 225 17 112 1 0 0 0 0 030519 164024.666
-1.3661 -0.2008 0.0000 0.00 0.00 1.00 0 158 14 112 1 0 0 0 0 030519 164024.869
-1.3669 -0.2030 0.0000 0.00 0.00 1.00 0 61 20 112 1 0 0 0 0 030519 164025.072
-1.3680 -0.2015 0.0000 0.00 0.00 1.00 0 51 15 112 1 0 0 0 0 030519 164025.275
-1.3675 -0.2013 0.0000 0.00 0.00 1.00 0 245 15 112 1 0 0 0 0 030519 164025.478
-1.3659 -0.2015 0.0000 0.00 0.00 1.00 0 186 15 112 1 0 0 0 0 030519 164025.681
-1.3658 -0.2010 0.0000 0.00 0.00 1.00 0 160 15 112 1 0 0 0 0 030519 164025.884
-1.3666 -0.2008 0.0000 0.00 0.00 1.00 0 203 16 112 1 0 0 0 0 030519 164026.087
-1.3666 -0.2008 0.0000 0.00 0.00 1.00 0 203 16 112 1 0 0 0 0 030519 164026.290
-1.3653 -0.2021 0.0000 0.00 0.00 1.00 0 29 14 112 1 0 0 0 0 030519 164026.493
-1.3653 -0.2021 0.0000 0.00 0.00 1.00 0 29 14 112 1 0 0 0 0 030519 164026.697
-1.3667 -0.2023 0.0000 0.00 0.00 1.00 0 197 17 112 1 0 0 0 0 030519 164026.900
-1.3659 -0.2032 0.0000 0.00 0.00 1.00 0 86 17 112 1 0 0 0 0 030519 164027.103
-1.3655 -0.2021 0.0000 0.00 0.00 1.00 0 165 14 112 1 0 0 0 0 030519 164027.310
-1.3666 -0.2019 0.0000 0.00 0.00 1.00 0 6 17 112 1 0 0 0 0 030519 164027.513
-1.3667 -0.2017 0.0000 0.00 0.00 1.00 0 98 16 112 1 0 0 0 0 030519 164027.713
-1.3650 -0.2021 0.0000 0.00 0.00 1.00 0 226 15 112 1 0 0 0 0 030519 164027.915
-1.3653 -0.2019 0.0000 0.00 0.00 1.00 0 25 16 112 1 0 0 0 0 030519 164028.115
-1.3651 -0.2008 0.0000 0.00 0.00 1.00 0 213 14 112 1 0 0 0 0 030519 164028.316
-1.3655 -0.2023 0.0000 0.00 0.00 1.00 0 217 18 112 1 0 0 0 0 030519 164028.516
-1.3650 -0.2028 0.0000 0.00 0.00 1.00 0 3 17 112 1 0 0 0 0 030519 164028.717
-1.3643 -0.2010 0.0000 0.00 0.00 1.00 0 118 13 112 1 0 0 0 0 030519 164028.920
-1.3637 -0.2026 0.0000 0.00 0.00 1.00 0 118 18 112 1 0 0 0 0 030519 164029.123
-1.3624 -0.2015 0.0000 0.00 0.00 1.00 0 20 14 112 1 0 0 0 0 030519 164029.332
-1.3626 -0.2011 0.0000 0.00 0.00 1.00 0 20 16 112 1 0 0 0 0 030519 164029.535
-1.3632 -0.2011 0.0000 0.00 0.00 1.00 0 237 16 112 1 0 0 0 0 030519 164029.739
-1.3626 -0.2017 0.0000 0.00 0.00 1.00 0 222 16 112 1 0 0 0 0 030519 164029.952
-1.3624 -0.2008 0.0000 0.00 0.00 1.00 0 18 15 112 1 0 0 0 0 030519 164030.155
-1.3637 -0.2019 0.0000 0.00 0.00 1.00 0 241 18 112 1 0 0 0 0 030519 164030.358
-1.3618 -0.2006 0.0000 0.00 0.00 1.00 0 94 13 112 1 0 0 0 0 030519 164030.562
-1.3615 -0.2010 0.0000 0.00 0.00 1.00 0 203 16 112 1 0 0 0 0 030519 164030.765
-1.3607 -0.2015 0.0000 0.00 0.00 1.00 0 189 16 112 1 0 0 0 0 030519 164030.968
-1.3607 -0.2015 0.0000 0.00 0.00 1.00 0 189 16 112 1 0 0 0 0 030519 164031.171
-1.3618 -0.2010 0.0000 0.00 0.00 1.00 0 114 16 112 1 0 0 0 0 030519 164031.372
-1.3623 -0.2015 0.0000 0.00 0.00 1.00 0 218 16 112 1 0 0 0 0 030519 164031.573
-1.3645 -0.2015 0.0000 0.00 0.00 1.00 0 2 18 112 1 0 0 0 0 030519 164031.777
-1.3650 -0.2024 0.0000 0.00 0.00 1.00 0 43 18 112 1 0 0 0 0 030519 164031.980
-1.3642 -0.2002 0.0000 0.00 0.00 1.00 0 209 12 112 1 0 0 0 0 030519 164032.183
-1.3642 -0.2002 0.0000 0.00 0.00 1.00 0 209 12 112 1 0 0 0 0 030519 164032.387
-1.3647 -0.2013 0.0000 0.00 0.00 1.00 0 159 17 112 1 0 0 0 0 030519 164032.590
-1.3647 -0.2013 0.0000 0.00 0.00 1.00 0 159 17 112 1 0 0 0 0 030519 164032.793
-1.3627 -0.1998 0.0000 0.00 0.00 1.00 0 26 13 112 1 0 0 0 0 030519 164032.996
-1.3635 -0.2002 0.0000 0.00 0.00 1.00 0 139 17 112 1 0 0 0 0 030519 164033.199
-1.3643 -0.2021 0.0000 0.00 0.00 1.00 0 174 19 112 1 0 0 0 0 030519 164033.402
-1.3655 -0.2000 0.0000 0.00 0.00 1.00 0 93 14 112 1 0 0 0 0 030519 164033.605
-1.3655 -0.2017 0.0000 0.00 0.00 1.00 0 227 18 112 1 0 0 0 0 030519 164033.808
-1.3651 -0.2026 0.0000 0.00 0.00 1.00 0 164 17 112 1 0 0 0 0 030519 164034.011
-1.3645 -0.2024 0.0000 0.00 0.00 1.00 0 217 15 112 1 0 0 0 0 030519 164034.221
-1.3640 -0.2017 0.0000 0.00 0.00 1.00 0 38 15 112 1 0 0 0 0 030519 164034.424
-1.3640 -0.2023 0.0000 0.00 0.00 1.00 0 80 17 112 1 0 0 0 0 030519 164034.627
-1.3643 -0.2011 0.0000 0.00 0.00 1.00 0 39 15 112 1 0 0 0 0 030519 164034.830
-1.3637 -0.2024 0.0000 0.00 0.00 1.00 0 239 17 112 1 0 0 0 0 030519 164035.033
-1.3637 -0.2024 0.0000 0.00 0.00 1.00 0 239 17 112 1 0 0 0 0 030519 164035.242
-1.3631 -0.2034 0.0000 0.00 0.00 1.00 0 79 17 112 1 0 0 0 0 030519 164035.445
-1.3664 -0.2024 0.0000 0.00 0.00 1.00 0 122 17 112 1 0 0 0 0 030519 164035.648
-1.3664 -0.2024 0.0000 0.00 0.00 1.00 0 122 17 112 1 0 0 0 0 030519 164035.851
-1.3670 -0.2026 0.0000 0.00 0.00 1.00 0 63 17 112 1 0 0 0 0 030519 164036.054
-1.3655 -0.2015 0.0000 0.00 0.00 1.00 0 228 13 112 1 0 0 0 0 030519 164036.258
-1.3656 -0.2026 0.0000 0.00 0.00 1.00 0 58 18 112 1 0 0 0 0 030519 164036.461
-1.3663 -0.2028 0.0000 0.00 0.00 1.00 0 62 17 112 1 0 0 0 0 030519 164036.664
-1.3651 -0.2023 0.0000 0.00 0.00 1.00 0 1 15 112 1 0 0 0 0 030519 164036.867
-1.3659 -0.2023 0.0000 0.00 0.00 1.00 0 19 17 112 1 0 0 0 0 030519 164037.070
-1.3651 -0.2024 0.0000 0.00 0.00 1.00 0 69 16 112 1 0 0 0 0 030519 164037.273
-1.3661 -0.2024 0.0000 0.00 0.00 1.00 0 48 17 112 1 0 0 0 0 030519 164037.476
-1.3651 -0.2035 0.0000 0.00 0.00 1.00 0 126 17 112 1 0 0 0 0 030519 164037.679
-1.3653 -0.2008 0.0000 0.00 0.00 1.00 0 177 12 112 1 0 0 0 0 030519 164037.882
-1.3653 -0.2006 0.0000 0.00 0.00 1.00 0 63 16 112 1 0 0 0 0 030519 164038.085
-1.3664 -0.2015 0.0000 0.00 0.00 1.00 0 151 18 112 1 0 0 0 0 030519 164038.288
-1.3645 -0.1995 0.0000 0.00 0.00 1.00 0 83 12 112 1 0 0 0 0 030519 164038.498
-1.3645 -0.1995 0.0000 0.00 0.00 1.00 0 83 12 112 1 0 0 0 0 030519 164038.701
-1.3651 -0.2008 0.0000 0.00 0.00 1.00 0 197 18 112 1 0 0 0 0 030519 164038.904
-1.3647 -0.1993 0.0000 0.00 0.00 1.00 0 17 14 112 1 0 0 0 0 030519 164039.107
-1.3632 -0.2000 0.0000 0.00 0.00 1.00 0 146 16 112 1 0 0 0 0 030519 164039.321
-1.3653 -0.2015 0.0000 0.00 0.00 1.00 0 1 20 112 1 0 0 0 0 030519 164039.524
-1.3647 -0.2000 0.0000 0.00 0.00 1.00 0 249 13 112 1 0 0 0 0 030519 164039.727
-1.3634 -0.2006 0.0000 0.00 0.00 1.00 0 109 16 112 1 0 0 0 0 030519 164039.930
-1.3656 -0.1998 0.0000 0.00 0.00 1.00 0 241 16 112 1 0 0 0 0 030519 164040.133
-1.3656 -0.2002 0.0000 0.00 0.00 1.00 0 7 17 112 1 0 0 0 0 030519 164040.341
-1.3658 -0.2006 0.0000 0.00 0.00 1.00 0 37 17 112 1 0 0 0 0 030519 164040.544
-1.3658 -0.1995 0.0000 0.00 0.00 1.00 0 236 14 112 1 0 0 0 0 030519 164040.747
-1.3651 -0.1997 0.0000 0.00 0.00 1.00 0 84 16 112 1 0 0 0 0 030519 164040.950
-1.3642 -0.2015 0.0000 0.00 0.00 1.00 0 127 18 112 1 0 0 0 0 030519 164041.153
-1.3643 -0.1995 0.0000 0.00 0.00 1.00 0 181 13 112 1 0 0 0 0 030519 164041.356
-1.3720 -0.1952 0.0000 0.00 0.00 1.00 0 142 15 112 1 0 0 0 0 030519 164041.559
-1.3720 -0.1952 0.0000 0.00 0.00 1.00 0 142 15 112 1 0 0 0 0 030519 164041.762
-1.4302 -0.1678 0.0000 0.00 0.00 1.00 0 91 15 112 1 0 0 0 0 030519 164041.965
-1.4302 -0.1678 0.0000 0.00 0.00 1.00 0 91 15 112 1 0 0 0 0 030519 164042.168
-1.4238 -0.1691 0.0000 0.00 0.00 1.00 0 4 14 112 1 0 0 0 0 030519 164042.371
-1.4251 -0.1589 0.0000 0.00 0.00 1.00 0 184 2 112 1 0 0 0 0 030519 164042.575
-1.4273 -0.1642 0.0000 0.00 0.00 1.00 0 120 25 112 1 0 0 0 0 030519 164042.778
-1.4318 -0.1717 0.0000 0.00 0.00 1.00 0 3 30 112 1 0 0 0 0 030519 164042.981
-1.4310 -0.1720 0.0000 0.00 0.00 1.00 0 139 16 112 1 0 0 0 0 030519 164043.184
-1.4297 -0.1680 0.0000 0.00 0.00 1.00 0 219 9 112 1 0 0 0 0 030519 164043.387
-1.4301 -0.1657 0.0000 0.00 0.00 1.00 0 129 13 112 1 0 0 0 0 030519 164043.592
-1.4281 -0.1661 0.0000 0.00 0.00 1.00 0 172 15 112 1 0 0 0 0 030519 164043.795
-1.4280 -0.1668 0.0000 0.00 0.00 1.00 0 96 17 112 1 0 0 0 0 030519 164043.998
-1.4289 -0.1659 0.0000 0.00 0.00 1.00 0 194 15 112 1 0 0 0 0 030519 164044.202
-1.4293 -0.1680 0.0000 0.00 0.00 1.00 0 143 19 112 1 0 0 0 0 030519 164044.405
-1.4288 -0.1681 0.0000 0.00 0.00 1.00 0 104 16 112 1 0 0 0 0 030519 164044.608
-1.4288 -0.1681 0.0000 0.00 0.00 1.00 0 104 16 112 1 0 0 0 0 030519 164044.811
-1.4281 -0.1681 0.0000 0.00 0.00 1.00 0 9 16 112 1 0 0 0 0 030519 164045.014
-1.4272 -0.1667 0.0000 0.00 0.00 1.00 0 177 13 112 1 0 0 0 0 030519 164045.217
-1.4286 -0.1659 0.0000 0.00 0.00 1.00 0 86 16 112 1 0 0 0 0 030519 164045.420
-1.4280 -0.1668 0.0000 0.00 0.00 1.00 0 82 17 112 1 0 0 0 0 030519 164045.623
-1.4265 -0.1687 0.0000 0.00 0.00 1.00 0 30 18 112 1 0 0 0 0 030519 164045.826
-1.4237 -0.1683 0.0000 0.00 0.00 1.00 0 252 13 112 1 0 0 0 0 030519 164046.029
-1.4242 -0.1700 0.0000 0.00 0.00 1.00 0 35 19 112 1 0 0 0 0 030519 164046.238
-1.4248 -0.1665 0.0000 0.00 0.00 1.00 0 218 11 112 1 0 0 0 0 030519 164046.441
-1.4342 -0.1641 0.0000 0.00 0.00 1.00 0 81 19 112 1 0 0 0 0 030519 164046.644
-1.4758 -0.1474 0.0000 0.00 0.00 1.00 0 181 20 112 1 0 0 0 0 030519 164046.847
-1.5113 -0.1331 0.0000 0.00 0.00 1.00 0 1 20 112 1 0 0 0 0 030519 164047.051
-1.5113 -0.1331 0.0000 0.00 0.00 1.00 0 1 20 112 1 0 0 0 0 030519 164047.254
-1.5706 -0.1073 0.0000 0.00 0.00 1.00 0 119 15 112 1 0 0 0 0 030519 164047.457
-1.5706 -0.1073 0.0000 0.00 0.00 1.00 0 119 15 112 1 0 0 0 0 030519 164047.660
-1.5980 -0.0927 0.0000 0.00 0.00 1.00 0 42 14 112 1 0 0 0 0 030519 164047.863
-1.6320 -0.0799 0.0000 0.00 0.00 1.00 0 53 21 112 1 0 0 0 0 030519 164048.066
-1.6644 -0.0645 0.0000 0.00 0.00 1.00 0 122 16 112 1 0 0 0 0 030519 164048.269
-1.6987 -0.0539 0.0000 0.00 0.00 1.00 0 169 24 112 1 0 0 0 0 030519 164048.479
-1.7327 -0.0365 0.0000 0.00 0.00 1.00 0 188 14 112 1 0 0 0 0 030519 164048.682
-1.7622 -0.0254 0.0000 0.00 0.00 1.00 0 181 20 112 1 0 0 0 0 030519 164048.885
-1.7982 -0.0139 0.0000 0.00 0.00 1.00 0 165 24 112 1 0 0 0 0 030519 164049.088
-1.8308 0.0063 0.0000 0.00 0.00 1.00 0 233 9 112 1 0 0 0 0 030519 164049.291
-1.8639 0.0211 0.0000 0.00 0.00 1.00 0 242 17 112 1 0 0 0 0 030519 164049.494
-1.8914 0.0352 0.0000 0.00 0.00 1.00 0 36 15 112 1 0 0 0 0 030519 164049.697
-1.9241 0.0480 0.0000 0.00 0.00 1.00 0 137 20 112 1 0 0 0 0 030519 164049.900
-1.9582 0.0591 0.0000 0.00 0.00 1.00 0 240 23 112 1 0 0 0 0 030519 164050.103
-1.9582 0.0591 0.0000 0.00 0.00 1.00 0 240 23 112 1 0 0 0 0 030519 164050.306
-2.0357 0.0860 0.0000 0.00 0.00 1.00 0 219 24 112 1 0 0 0 0 030519 164050.510
-2.0357 0.0860 0.0000 0.00 0.00 1.00 0 219 24 112 1 0 0 0 0 030519 164050.713
-2.0675 0.1027 0.0000 0.00 0.00 1.00 0 160 14 112 1 0 0 0 0 030519 164050.916
-2.1015 0.1098 0.0000 0.00 0.00 1.00 0 229 29 112 1 0 0 0 0 030519 164051.119
-2.1224 0.1175 0.0000 0.00 0.00 1.00 0 39 20 112 1 0 0 0 0 030519 164051.322
-2.1525 0.1303 0.0000 0.00 0.00 1.00 0 72 19 112 1 0 0 0 0 030519 164051.525
-2.1887 0.1526 0.0000 0.00 0.00 1.00 0 225 9 112 1 0 0 0 0 030519 164051.728
-2.2166 0.1726 0.0000 0.00 0.00 1.00 0 94 7 112 1 0 0 0 0 030519 164051.931
-2.2514 0.1848 0.0000 0.00 0.00 1.00 0 5 23 112 1 0 0 0 0 030519 164052.134
-2.2865 0.1935 0.0000 0.00 0.00 1.00 0 15 28 112 1 0 0 0 0 030519 164052.344
-2.3170 0.2039 0.0000 0.00 0.00 1.00 0 111 25 112 1 0 0 0 0 030519 164052.547
-2.3506 0.2117 0.0000 0.00 0.00 1.00 0 136 31 112 1 0 0 0 0 030519 164052.750
-2.3817 0.2295 0.0000 0.00 0.00 1.00 0 213 15 112 1 0 0 0 0 030519 164052.953
-2.4248 0.2486 0.0000 0.00 0.00 1.00 0 233 22 112 1 0 0 0 0 030519 164053.156
-2.4248 0.2486 0.0000 0.00 0.00 1.00 0 233 22 112 1 0 0 0 0 030519 164053.359
-2.4776 0.2768 0.0000 0.00 0.00 1.00 0 165 17 112 1 0 0 0 0 030519 164053.562
-2.4776 0.2768 0.0000 0.00 0.00 1.00 0 165 17 112 1 0 0 0 0 030519 164053.766
-2.5084 0.2859 0.0000 0.00 0.00 1.00 0 206 27 112 1 0 0 0 0 030519 164053.969
-2.5419 0.2975 0.0000 0.00 0.00 1.00 0 84 26 112 1 0 0 0 0 030519 164054.172
-2.5706 0.3090 0.0000 0.00 0.00 1.00 0 33 23 112 1 0 0 0 0 030519 164054.375
-2.5929 0.3255 0.0000 0.00 0.00 1.00 0 117 11 112 1 0 0 0 0 030519 164054.578
-2.6234 0.3409 0.0000 0.00 0.00 1.00 0 253 18 112 1 0 0 0 0 030519 164054.781
-2.6547 0.3530 0.0000 0.00 0.00 1.00 0 65 24 112 1 0 0 0 0 030519 164054.984
-2.6880 0.3669 0.0000 0.00 0.00 1.00 0 75 23 112 1 0 0 0 0 030519 164055.187
-2.7223 0.3802 0.0000 0.00 0.00 1.00 0 217 24 112 1 0 0 0 0 030519 164055.390
-2.7513 0.3969 0.0000 0.00 0.00 1.00 0 91 16 112 1 0 0 0 0 030519 164055.593
-2.7513 0.3969 0.0000 0.00 0.00 1.00 0 91 16 112 1 0 0 0 0 030519 164055.796
-2.7776 0.4180 0.0000 0.00 0.00 1.00 0 27 8 112 1 0 0 0 0 030519 164055.999
-2.8086 0.4336 0.0000 0.00 0.00 1.00 0 49 19 112 1 0 0 0 0 030519 164056.202
-2.8357 0.4507 0.0000 0.00 0.00 1.00 0 73 14 112 1 0 0 0 0 030519 164056.406
-2.8641 0.4666 0.0000 0.00 0.00 1.00 0 190 16 112 1 0 0 0 0 030519 164056.609
-2.8952 0.4818 0.0000 0.00 0.00 1.00 0 201 19 112 1 0 0 0 0 030519 164056.812
-2.9230 0.4983 0.0000 0.00 0.00 1.00 0 129 15 112 1 0 0 0 0 030519 164057.015
-2.9520 0.5206 0.0000 0.00 0.00 1.00 0 103 8 112 1 0 0 0 0 030519 164057.228
-2.9782 0.5371 0.0000 0.00 0.00 1.00 0 43 14 112 1 0 0 0 0 030519 164057.432
-3.0080 0.5500 0.0000 0.00 0.00 1.00 0 198 21 112 1 0 0 0 0 030519 164057.635
-3.0393 0.5638 0.0000 0.00 0.00 1.00 0 220 21 112 1 0 0 0 0 030519 164057.838
-3.0699 0.5812 0.0000 0.00 0.00 1.00 0 67 16 112 1 0 0 0 0 030519 164058.041
-3.0972 0.6008 0.0000 0.00 0.00 1.00 0 164 10 112 1 0 0 0 0 030519 164058.244
-3.1232 0.6227 0.0000 0.00 0.00 1.00 0 128 6 112 1 0 0 0 0 030519 164058.447
-3.1524 0.6398 0.0000 0.00 0.00 1.00 0 119 15 112 1 0 0 0 0 030519 164058.650
-3.1524 0.6398 0.0000 0.00 0.00 1.00 0 119 15 112 1 0 0 0 0 030519 164058.853
-3.2034 0.6752 0.0000 0.00 0.00 1.00 0 132 12 112 1 0 0 0 0 030519 164059.056
-3.2034 0.6752 0.0000 0.00 0.00 1.00 0 6 11 112 1 0 0 0 0 030519 164059.259
-3.2302 0.6987 0.0000 0.00 0.00 1.00 0 118 4 112 1 0 0 0 0 030519 164059.462
-3.2533 0.7189 0.0000 0.00 0.00 1.00 0 58 6 112 1 0 0 0 0 030519 164059.665
-3.2824 0.7423 0.0000 0.00 0.00 1.00 0 22 6 112 1 0 0 0 0 030519 164059.868
-3.3138 0.7631 0.0000 0.00 0.00 1.00 0 129 240 112 1 0 0 0 0 030519 164100.072
-3.3422 0.7814 0.0000 0.00 0.00 1.00 0 109 2 112 1 0 0 0 0 030519 164100.278
-3.3709 0.8053 0.0000 0.00 0.00 1.00 0 6 250 112 1 0 0 0 0 030519 164100.481
-3.4010 0.8261 0.0000 0.00 0.00 1.00 0 47 255 112 1 0 0 0 0 030519 164100.684
-3.4264 0.8480 0.0000 0.00 0.00 1.00 0 3 251 112 1 0 0 0 0 030519 164100.887
-3.4479 0.8758 0.0000 0.00 0.00 1.00 0 250 239 112 1 0 0 0 0 030519 164101.090
-3.4733 0.9039 0.0000 0.00 0.00 1.00 0 219 240 112 1 0 0 0 0 030519 164101.293
-3.4733 0.9039 0.0000 0.00 0.00 1.00 0 219 240 112 1 0 0 0 0 030519 164101.496
-3.5229 0.9458 0.0000 0.00 0.00 1.00 0 84 254 112 1 0 0 0 0 030519 164101.699
-3.5229 0.9458 0.0000 0.00 0.00 1.00 0 84 254 112 1 0 0 0 0 030519 164101.902
-3.5500 0.9670 0.0000 0.00 0.00 1.00 0 117 251 112 1 0 0 0 0 030519 164102.105
-3.5779 0.9846 0.0000 0.00 0.00 1.00 0 234 0 112 1 0 0 0 0 030519 164102.308
-3.6049 1.0107 0.0000 0.00 0.00 1.00 0 112 243 112 1 0 0 0 0 030519 164102.512
-3.6320 1.0289 0.0000 0.00 0.00 1.00 0 53 255 112 1 0 0 0 0 030519 164102.715
-3.6614 1.0485 0.0000 0.00 0.00 1.00 0 220 253 112 1 0 0 0 0 030519 164102.918
-3.6845 1.0732 0.0000 0.00 0.00 1.00 0 37 243 112 1 0 0 0 0 030519 164103.121
-3.7103 1.0953 0.0000 0.00 0.00 1.00 0 8 248 112 1 0 0 0 0 030519 164103.324
-3.7384 1.1186 0.0000 0.00 0.00 1.00 0 226 246 112 1 0 0 0 0 030519 164103.530
-3.7627 1.1449 0.0000 0.00 0.00 1.00 0 80 240 112 1 0 0 0 0 030519 164103.733
-3.7939 1.1676 0.0000 0.00 0.00 1.00 0 233 248 112 1 0 0 0 0 030519 164103.937
-3.8247 1.1937 0.0000 0.00 0.00 1.00 0 34 243 112 1 0 0 0 0 030519 164104.140
-3.8502 1.2132 0.0000 0.00 0.00 1.00 0 97 250 112 1 0 0 0 0 030519 164104.348
-3.8767 1.2350 0.0000 0.00 0.00 1.00 0 253 246 112 1 0 0 0 0 030519 164104.552
-3.8767 1.2350 0.0000 0.00 0.00 1.00 0 253 246 112 1 0 0 0 0 030519 164104.755
-3.9046 1.2554 0.0000 0.00 0.00 1.00 0 169 249 112 1 0 0 0 0 030519 164104.958
-3.9308 1.2749 0.0000 0.00 0.00 1.00 0 1 250 112 1 0 0 0 0 030519 164105.161
-3.9597 1.2931 0.0000 0.00 0.00 1.00 0 13 253 112 1 0 0 0 0 030519 164105.364
-3.9900 1.3133 0.0000 0.00 0.00 1.00 0 126 250 112 1 0 0 0 0 030519 164105.567
-4.0172 1.3353 0.0000 0.00 0.00 1.00 0 13 246 112 1 0 0 0 0 030519 164105.770
-4.0466 1.3568 0.0000 0.00 0.00 1.00 0 92 238 112 1 0 0 0 0 030519 164105.973
-4.0702 1.3772 0.0000 0.00 0.00 1.00 0 198 239 112 1 0 0 0 0 030519 164106.176
-4.1011 1.4026 0.0000 0.00 0.00 1.00 0 123 233 112 1 0 0 0 0 030519 164106.379
-4.1267 1.4275 0.0000 0.00 0.00 1.00 0 152 232 112 1 0 0 0 0 030519 164106.582
-4.1460 1.4529 0.0000 0.00 0.00 1.00 0 195 229 112 1 0 0 0 0 030519 164106.785
-4.1718 1.4768 0.0000 0.00 0.00 1.00 0 75 233 112 1 0 0 0 0 030519 164106.988
-4.2004 1.4981 0.0000 0.00 0.00 1.00 0 166 237 112 1 0 0 0 0 030519 164107.192
-4.2262 1.5226 0.0000 0.00 0.00 1.00 0 184 231 112 1 0 0 0 0 030519 164107.395
-4.2262 1.5226 0.0000 0.00 0.00 1.00 0 184 231 112 1 0 0 0 0 030519 164107.598
-4.2779 1.5663 0.0000 0.00 0.00 1.00 0 216 234 112 1 0 0 0 0 030519 164107.801
-4.2779 1.5663 0.0000 0.00 0.00 1.00 0 216 234 112 1 0 0 0 0 030519 164108.004
-4.3072 1.5889 0.0000 0.00 0.00 1.00 0 108 234 112 1 0 0 0 0 030519 164108.207
-4.3339 1.6079 0.0000 0.00 0.00 1.00 0 48 239 112 1 0 0 0 0 030519 164108.408
-4.3613 1.6347 0.0000 0.00 0.00 1.00 0 168 226 112 1 0 0 0 0 030519 164108.621
-4.3937 1.6607 0.0000 0.00 0.00 1.00 0 234 228 112 1 0 0 0 0 030519 164108.824
-4.4232 1.6803 0.0000 0.00 0.00 1.00 0 163 237 112 1 0 0 0 0 030519 164109.027
-4.4554 1.6985 0.0000 0.00 0.00 1.00 0 89 240 112 1 0 0 0 0 030519 164109.230
-4.4845 1.7187 0.0000 0.00 0.00 1.00 0 28 236 112 1 0 0 0 0 030519 164109.433
-4.5106 1.7391 0.0000 0.00 0.00 1.00 0 204 234 112 1 0 0 0 0 030519 164109.636
-4.5302 1.7625 0.0000 0.00 0.00 1.00 0 53 228 112 1 0 0 0 0 030519 164109.839
-4.5591 1.7860 0.0000 0.00 0.00 1.00 0 219 229 112 1 0 0 0 0 030519 164110.043
-4.5826 1.8058 0.0000 0.00 0.00 1.00 0 235 233 112 1 0 0 0 0 030519 164110.251
-4.6124 1.8275 0.0000 0.00 0.00 1.00 0 82 232 112 1 0 0 0 0 030519 164110.454
-4.6395 1.8503 0.0000 0.00 0.00 1.00 0 147 229 112 1 0 0 0 0 030519 164110.658
-4.6395 1.8503 0.0000 0.00 0.00 1.00 0 147 229 112 1 0 0 0 0 030519 164110.861
-4.6657 1.8767 0.0000 0.00 0.00 1.00 0 0 0 112 1 0 0 0 0 030519 164111.064
-4.6931 1.9006 0.0000 0.00 0.00 1.00 0 0 0 112 1 0 0 0 0 030519 164111.267
-4.7217 1.9232 0.0000 0.00 0.00 1.00 0 0 0 112 1 0 0 0 0 030519 164111.470
-4.7507 1.9438 0.0000 0.00 0.00 1.00 0 0 0 112 1 0 0 0 0 030519 164111.673
-4.7765 1.9656 0.0000 0.00 0.00 1.00 0 0 0 112 1 0 0 0 0 030519 164111.876
-4.8041 1.9881 0.0000 0.00 0.00 1.00 0 0 0 112 1 0 0 0 0 030519 164112.079
-4.8289 2.0092 0.0000 0.00 0.00 1.00 0 0 0 112 1 0 0 0 0 030519 164112.282
-4.8565 2.0302 0.0000 0.00 0.00 1.00 0 0 0 112 1 0 0 0 0 030519 164112.485
-4.8836 2.0520 0.0000 0.00 0.00 1.00 0 0 0 112 1 0 0 0 0 030519 164112.688
-4.9131 2.0743 0.0000 0.00 0.00 1.00 0 0 0 112 1 0 0 0 0 030519 164112.891
-4.9448 2.0908 0.0000 0.00 0.00 1.00 0 0 0 112 1 0 0 0 0 030519 164113.094
-4.9790 2.1064 0.0000 0.00 0.00 1.00 0 0 0 112 1 0 0 0 0 030519 164113.298
-4.9790 2.1064 0.0000 0.00 0.00 1.00 0 0 0 112 1 0 0 0 0 030519 164113.501
-5.0388 2.1436 0.0000 0.00 0.00 1.00 0 84 235 112 1 0 0 0 0 030519 164113.704
-5.0388 2.1436 0.0000 0.00 0.00 1.00 0 84 235 112 1 0 0 0 0 030519 164113.907
-5.0635 2.1683 0.0000 0.00 0.00 1.00 0 2 222 112 1 0 0 0 0 030519 164114.110
-5.0893 2.1933 0.0000 0.00 0.00 1.00 0 88 221 112 1 0 0 0 0 030519 164114.313
-5.1173 2.2143 0.0000 0.00 0.00 1.00 0 224 227 112 1 0 0 0 0 030519 164114.516
-5.1450 2.2380 0.0000 0.00 0.00 1.00 0 48 223 112 1 0 0 0 0 030519 164114.719
-5.1747 2.2580 0.0000 0.00 0.00 1.00 0 33 229 112 1 0 0 0 0 030519 164114.922
-5.1970 2.2751 0.0000 0.00 0.00 1.00 0 116 231 112 1 0 0 0 0 030519 164115.125
-5.2251 2.2930 0.0000 0.00 0.00 1.00 0 85 231 112 1 0 0 0 0 030519 164115.328
-5.2516 2.3184 0.0000 0.00 0.00 1.00 0 23 219 112 1 0 0 0 0 030519 164115.531
-5.2806 2.3412 0.0000 0.00 0.00 1.00 0 111 223 112 1 0 0 0 0 030519 164115.734
-5.3071 2.3666 0.0000 0.00 0.00 1.00 0 89 218 112 1 0 0 0 0 030519 164115.938
-5.3409 2.3894 0.0000 0.00 0.00 1.00 0 1 224 112 1 0 0 0 0 030519 164116.141
-5.3650 2.4104 0.0000 0.00 0.00 1.00 0 231 223 112 1 0 0 0 0 030519 164116.352
-5.3650 2.4104 0.0000 0.00 0.00 1.00 0 231 223 112 1 0 0 0 0 030519 164116.555
-5.4186 2.4545 0.0000 0.00 0.00 1.00 0 250 220 112 1 0 0 0 0 030519 164116.758
-5.4186 2.4545 0.0000 0.00 0.00 1.00 0 250 220 112 1 0 0 0 0 030519 164116.961
-5.4481 2.4771 0.0000 0.00 0.00 1.00 0 205 221 112 1 0 0 0 0 030519 164117.164
-5.4751 2.4983 0.0000 0.00 0.00 1.00 0 20 223 112 1 0 0 0 0 030519 164117.367
-5.5027 2.5188 0.0000 0.00 0.00 1.00 0 205 223 112 1 0 0 0 0 030519 164117.570
-5.5339 2.5402 0.0000 0.00 0.00 1.00 0 90 223 112 1 0 0 0 0 030519 164117.773
-5.5622 2.5593 0.0000 0.00 0.00 1.00 0 174 225 112 1 0 0 0 0 030519 164117.976
-5.5862 2.5800 0.0000 0.00 0.00 1.00 0 172 221 112 1 0 0 0 0 030519 164118.180
-5.6142 2.6047 0.0000 0.00 0.00 1.00 0 87 216 112 1 0 0 0 0 030519 164118.380
-5.6440 2.6278 0.0000 0.00 0.00 1.00 0 203 218 112 1 0 0 0 0 030519 164118.592
-5.6682 2.6469 0.0000 0.00 0.00 1.00 0 70 223 112 1 0 0 0 0 030519 164118.795
-5.6968 2.6705 0.0000 0.00 0.00 1.00 0 61 217 112 1 0 0 0 0 030519 164118.999
-5.7268 2.6927 0.0000 0.00 0.00 1.00 0 76 219 112 1 0 0 0 0 030519 164119.214
-5.7550 2.7129 0.0000 0.00 0.00 1.00 0 170 221 112 1 0 0 0 0 030519 164119.417
-5.7831 2.7313 0.0000 0.00 0.00 1.00 0 46 226 112 1 0 0 0 0 030519 164119.620
-5.7831 2.7313 0.0000 0.00 0.00 1.00 0 46 226 112 1 0 0 0 0 030519 164119.820
-5.8344 2.7728 0.0000 0.00 0.00 1.00 0 11 227 112 1 0 0 0 0 030519 164120.028
-5.8344 2.7728 0.0000 0.00 0.00 1.00 0 11 227 112 1 0 0 0 0 030519 164120.231
-5.8643 2.7949 0.0000 0.00 0.00 1.00 0 139 221 112 1 0 0 0 0 030519 164120.435
-5.8931 2.8145 0.0000 0.00 0.00 1.00 0 157 224 112 1 0 0 0 0 030519 164120.638
-5.9231 2.8357 0.0000 0.00 0.00 1.00 0 130 222 112 1 0 0 0 0 030519 164120.841
-5.9493 2.8535 0.0000 0.00 0.00 1.00 0 243 225 112 1 0 0 0 0 030519 164121.044
-5.9771 2.8739 0.0000 0.00 0.00 1.00 0 86 222 112 1 0 0 0 0 030519 164121.247
-6.0051 2.8985 0.0000 0.00 0.00 1.00 0 164 215 112 1 0 0 0 0 030519 164121.450
-6.0337 2.9202 0.0000 0.00 0.00 1.00 0 10 220 112 1 0 0 0 0 030519 164121.653
-6.0590 2.9406 0.0000 0.00 0.00 1.00 0 144 220 112 1 0 0 0 0 030519 164121.856
-6.0841 2.9654 0.0000 0.00 0.00 1.00 0 86 213 112 1 0 0 0 0 030519 164122.059
-6.1102 2.9888 0.0000 0.00 0.00 1.00 0 173 215 112 1 0 0 0 0 030519 164122.268
-6.1378 3.0081 0.0000 0.00 0.00 1.00 0 40 222 112 1 0 0 0 0 030519 164122.471
-6.1378 3.0081 0.0000 0.00 0.00 1.00 0 40 222 112 1 0 0 0 0 030519 164122.674
-6.1637 3.0299 0.0000 0.00 0.00 1.00 0 70 217 112 1 0 0 0 0 030519 164122.878
-6.2205 3.0748 0.0000 0.00 0.00 1.00 0 17 215 112 1 0 0 0 0 030519 164123.081
-6.2205 3.0748 0.0000 0.00 0.00 1.00 0 17 215 112 1 0 0 0 0 030519 164123.284
-6.2478 3.0958 0.0000 0.00 0.00 1.00 0 89 218 112 1 0 0 0 0 030519 164123.487
-6.2760 3.1167 0.0000 0.00 0.00 1.00 0 111 218 112 1 0 0 0 0 030519 164123.690
-6.3042 3.1373 0.0000 0.00 0.00 1.00 0 188 218 112 1 0 0 0 0 030519 164123.893
-6.3331 3.1556 0.0000 0.00 0.00 1.00 0 34 222 112 1 0 0 0 0 030519 164124.096
-6.3623 3.1781 0.0000 0.00 0.00 1.00 0 196 215 112 1 0 0 0 0 030519 164124.299
-6.3974 3.1957 0.0000 0.00 0.00 1.00 0 22 225 112 1 0 0 0 0 030519 164124.502
-6.4262 3.2159 0.0000 0.00 0.00 1.00 0 155 218 112 1 0 0 0 0 030519 164124.705
-6.4500 3.2376 0.0000 0.00 0.00 1.00 0 43 214 112 1 0 0 0 0 030519 164124.908
-6.4806 3.2600 0.0000 0.00 0.00 1.00 0 73 215 112 1 0 0 0 0 030519 164125.111
-6.5071 3.2786 0.0000 0.00 0.00 1.00 0 112 219 112 1 0 0 0 0 030519 164125.314
-6.5365 3.3008 0.0000 0.00 0.00 1.00 0 148 214 112 1 0 0 0 0 030519 164125.518
-6.5606 3.3192 0.0000 0.00 0.00 1.00 0 81 218 112 1 0 0 0 0 030519 164125.721
-6.5606 3.3192 0.0000 0.00 0.00 1.00 0 81 218 112 1 0 0 0 0 030519 164125.924
-6.5827 3.3392 0.0000 0.00 0.00 1.00 0 204 214 112 1 0 0 0 0 030519 164126.127
-6.6068 3.3612 0.0000 0.00 0.00 1.00 0 25 212 112 1 0 0 0 0 030519 164126.330
-6.6284 3.3811 0.0000 0.00 0.00 1.00 0 66 214 112 1 0 0 0 0 030519 164126.533
-6.6513 3.4005 0.0000 0.00 0.00 1.00 0 22 215 112 1 0 0 0 0 030519 164126.736
-6.6826 3.4169 0.0000 0.00 0.00 1.00 0 195 222 112 1 0 0 0 0 030519 164126.939
-6.7119 3.4237 0.0000 0.00 0.00 1.00 0 107 236 112 1 0 0 0 0 030519 164127.142
-6.7386 3.4441 0.0000 0.00 0.00 1.00 0 150 231 112 1 0 0 0 0 030519 164127.349
-6.7611 3.4621 0.0000 0.00 0.00 1.00 0 191 221 112 1 0 0 0 0 030519 164127.552
-6.7874 3.4777 0.0000 0.00 0.00 1.00 0 66 227 112 1 0 0 0 0 030519 164127.755
-6.8096 3.4936 0.0000 0.00 0.00 1.00 0 80 224 112 1 0 0 0 0 030519 164127.958
-6.8096 3.4936 0.0000 0.00 0.00 1.00 0 80 224 112 1 0 0 0 0 030519 164128.161
-6.8376 3.5118 0.0000 0.00 0.00 1.00 0 35 224 112 1 0 0 0 0 030519 164128.364
-6.8622 3.5266 0.0000 0.00 0.00 1.00 0 0 227 112 1 0 0 0 0 030519 164128.575
-6.8892 3.5425 0.0000 0.00 0.00 1.00 0 146 226 112 1 0 0 0 0 030519 164128.779
-6.9164 3.5518 0.0000 0.00 0.00 1.00 0 136 236 112 1 0 0 0 0 030519 164128.982
-6.9487 3.5624 0.0000 0.00 0.00 1.00 0 92 237 112 1 0 0 0 0 030519 164129.185
-6.9830 3.5752 0.0000 0.00 0.00 1.00 0 60 235 112 1 0 0 0 0 030519 164129.388
-7.0088 3.5937 0.0000 0.00 0.00 1.00 0 11 222 112 1 0 0 0 0 030519 164129.591
-7.0364 3.6122 0.0000 0.00 0.00 1.00 0 217 222 112 1 0 0 0 0 030519 164129.794
-7.0622 3.6260 0.0000 0.00 0.00 1.00 0 224 228 112 1 0 0 0 0 030519 164129.997
-7.0884 3.6401 0.0000 0.00 0.00 1.00 0 109 228 112 1 0 0 0 0 030519 164130.204
-7.1141 3.6538 0.0000 0.00 0.00 1.00 0 162 228 112 1 0 0 0 0 030519 164130.407
-7.1439 3.6608 0.0000 0.00 0.00 1.00 0 190 240 112 1 0 0 0 0 030519 164130.610
-7.1675 3.6747 0.0000 0.00 0.00 1.00 0 53 227 112 1 0 0 0 0 030519 164130.813
-7.1675 3.6747 0.0000 0.00 0.00 1.00 0 53 227 112 1 0 0 0 0 030519 164131.016
-7.1930 3.6818 0.0000 0.00 0.00 1.00 0 87 238 112 1 0 0 0 0 030519 164131.219
-7.2195 3.6921 0.0000 0.00 0.00 1.00 0 248 233 112 1 0 0 0 0 030519 164131.422
-7.2509 3.7025 0.0000 0.00 0.00 1.00 0 178 236 112 1 0 0 0 0 030519 164131.625
-7.2844 3.7081 0.0000 0.00 0.00 1.00 0 2 245 112 1 0 0 0 0 030519 164131.828
-7.3149 3.7144 0.0000 0.00 0.00 1.00 0 92 242 112 1 0 0 0 0 030519 164132.031
-7.3422 3.7238 0.0000 0.00 0.00 1.00 0 5 236 112 1 0 0 0 0 030519 164132.234
-7.3704 3.7300 0.0000 0.00 0.00 1.00 0 130 241 112 1 0 0 0 0 030519 164132.438
-7.3995 3.7431 0.0000 0.00 0.00 1.00 0 150 231 112 1 0 0 0 0 030519 164132.641
-7.4298 3.7580 0.0000 0.00 0.00 1.00 0 199 229 112 1 0 0 0 0 030519 164132.844
-7.4553 3.7693 0.0000 0.00 0.00 1.00 0 74 232 112 1 0 0 0 0 030519 164133.047
-7.4853 3.7758 0.0000 0.00 0.00 1.00 0 222 241 112 1 0 0 0 0 030519 164133.250
-7.5164 3.7841 0.0000 0.00 0.00 1.00 0 211 239 112 1 0 0 0 0 030519 164133.453
-7.5164 3.7841 0.0000 0.00 0.00 1.00 0 211 239 112 1 0 0 0 0 030519 164133.656
-7.5746 3.8008 0.0000 0.00 0.00 1.00 0 22 231 112 1 0 0 0 0 030519 164133.859
-7.5746 3.8008 0.0000 0.00 0.00 1.00 0 22 231 112 1 0 0 0 0 030519 164134.062
-7.6032 3.8171 0.0000 0.00 0.00 1.00 0 191 226 112 1 0 0 0 0 030519 164134.272
-7.6276 3.8217 0.0000 0.00 0.00 1.00 0 43 244 112 1 0 0 0 0 030519 164134.475
-7.6536 3.8355 0.0000 0.00 0.00 1.00 0 146 231 112 1 0 0 0 0 030519 164134.678
-7.6847 3.8386 0.0000 0.00 0.00 1.00 0 19 250 112 1 0 0 0 0 030519 164134.881
-7.7183 3.8455 0.0000 0.00 0.00 1.00 0 123 246 112 1 0 0 0 0 030519 164135.084
-7.7456 3.8469 0.0000 0.00 0.00 1.00 0 106 250 112 1 0 0 0 0 030519 164135.291
-7.7804 3.8375 0.0000 0.00 0.00 1.00 0 48 15 112 1 0 0 0 0 030519 164135.494
-7.8164 3.8380 0.0000 0.00 0.00 1.00 0 229 1 112 1 0 0 0 0 030519 164135.697
-7.8459 3.8403 0.0000 0.00 0.00 1.00 0 163 251 112 1 0 0 0 0 030519 164135.900
-7.8753 3.8460 0.0000 0.00 0.00 1.00 0 156 246 112 1 0 0 0 0 030519 164136.103
-7.8989 3.8627 0.0000 0.00 0.00 1.00 0 63 227 112 1 0 0 0 0 030519 164136.309
-7.9200 3.8748 0.0000 0.00 0.00 1.00 0 66 232 112 1 0 0 0 0 030519 164136.512
-7.9200 3.8748 0.0000 0.00 0.00 1.00 0 66 232 112 1 0 0 0 0 030519 164136.715
-7.9833 3.8783 0.0000 0.00 0.00 1.00 0 129 254 112 1 0 0 0 0 030519 164136.918
-8.0150 3.8779 0.0000 0.00 0.00 1.00 0 96 1 112 1 0 0 0 0 030519 164137.121
-8.0150 3.8779 0.0000 0.00 0.00 1.00 0 96 1 112 1 0 0 0 0 030519 164137.324
-8.0466 3.8779 0.0000 0.00 0.00 1.00 0 254 0 112 1 0 0 0 0 030519 164137.527
-8.0750 3.8796 0.0000 0.00 0.00 1.00 0 208 252 112 1 0 0 0 0 030519 164137.730
-8.1103 3.8725 0.0000 0.00 0.00 1.00 0 246 13 112 1 0 0 0 0 030519 164137.933
-8.1471 3.8703 0.0000 0.00 0.00 1.00 0 93 8 112 1 0 0 0 0 030519 164138.136
-8.1785 3.8659 0.0000 0.00 0.00 1.00 0 131 8 112 1 0 0 0 0 030519 164138.339
-8.2104 3.8609 0.0000 0.00 0.00 1.00 0 241 9 112 1 0 0 0 0 030519 164138.542
-8.2457 3.8570 0.0000 0.00 0.00 1.00 0 197 10 112 1 0 0 0 0 030519 164138.746
-8.2798 3.8532 0.0000 0.00 0.00 1.00 0 36 10 112 1 0 0 0 0 030519 164138.949
-8.3103 3.8505 0.0000 0.00 0.00 1.00 0 211 6 112 1 0 0 0 0 030519 164139.152
-8.3400 3.8495 0.0000 0.00 0.00 1.00 0 234 3 112 1 0 0 0 0 030519 164139.355
-8.3696 3.8525 0.0000 0.00 0.00 1.00 0 132 254 112 1 0 0 0 0 030519 164139.558
-8.3696 3.8525 0.0000 0.00 0.00 1.00 0 132 254 112 1 0 0 0 0 030519 164139.761
-8.4062 3.8447 0.0000 0.00 0.00 1.00 0 156 18 112 1 0 0 0 0 030519 164139.964
