6.1172 -0.6745 0.0000 0.00 0.00 1.00 0 0 0 112 1 0 0 0 0 231119 155553.392
6.1169 -0.6750 0.0000 0.00 0.00 1.00 0 0 0 112 1 0 0 0 0 231119 155553.592
6.1175 -0.6765 0.0000 0.00 0.00 1.00 0 0 0 112 1 0 0 0 0 231119 155553.792
6.1588 -0.6945 0.0000 0.00 0.00 1.00 0 0 0 112 1 0 0 0 0 231119 155553.992
6.1758 -0.7044 0.0000 0.00 0.00 1.00 0 0 0 112 1 0 0 0 0 231119 155554.192
6.2209 -0.7251 0.0000 0.00 0.00 1.00 0 0 0 112 1 0 0 0 0 231119 155554.393
6.2513 -0.7398 0.0000 0.00 0.00 1.00 0 0 0 112 1 0 0 0 0 231119 155554.593
6.2736 -0.7513 0.0000 0.00 0.00 1.00 0 0 0 112 1 0 0 0 0 231119 155554.793
6.2946 -0.7640 0.0000 0.00 0.00 1.00 0 0 0 112 1 0 0 0 0 231119 155554.993
6.3317 -0.7802 0.0000 0.00 0.00 1.00 0 0 0 112 1 0 0 0 0 231119 155555.193
6.3708 -0.7995 0.0000 0.00 0.00 1.00 0 0 0 112 1 0 0 0 0 231119 155555.394
6.3922 -0.8104 0.0000 0.00 0.00 1.00 0 0 0 112 1 0 0 0 0 231119 155555.594
6.4154 -0.8227 0.0000 0.00 0.00 1.00 0 0 0 112 1 0 0 0 0 231119 155555.794
6.4644 -0.8418 0.0000 0.00 0.00 1.00 0 0 0 112 1 0 0 0 0 231119 155555.994
6.4790 -0.8506 0.0000 0.00 0.00 1.00 0 0 0 112 1 0 0 0 0 231119 155556.195
6.5238 -0.8735 0.0000 0.00 0.00 1.00 0 0 0 112 1 0 0 0 0 231119 155556.395
6.5474 -0.8838 0.0000 0.00 0.00 1.00 0 0 0 112 1 0 0 0 0 231119 155556.595
6.5783 -0.9000 0.0000 0.00 0.00 1.00 0 0 0 112 1 0 0 0 0 231119 155556.795
6.6092 -0.9131 0.0000 0.00 0.00 1.00 0 0 0 112 1 0 0 0 0 231119 155556.995
6.6466 -0.9335 0.0000 0.00 0.00 1.00 0 0 0 112 1 0 0 0 0 231119 155557.195
6.6710 -0.9453 0.0000 0.00 0.00 1.00 0 0 0 112 1 0 0 0 0 231119 155557.395
6.7020 -0.9592 0.0000 0.00 0.00 1.00 0 0 0 112 1 0 0 0 0 231119 155557.596
6.7307 -0.9725 0.0000 0.00 0.00 1.00 0 0 0 112 1 0 0 0 0 231119 155557.796
6.7677 -0.9908 0.0000 0.00 0.00 1.00 0 0 0 112 1 0 0 0 0 231119 155557.996
6.7914 -0.9997 0.0000 0.00 0.00 1.00 0 0 0 112 1 0 0 0 0 231119 155558.196
6.8217 -1.0146 0.0000 0.00 0.00 1.00 0 0 0 112 1 0 0 0 0 231119 155558.396
6.8608 -1.0330 0.0000 0.00 0.00 1.00 0 0 0 112 1 0 0 0 0 231119 155558.596
6.8809 -1.0429 0.0000 0.00 0.00 1.00 0 0 0 112 1 0 0 0 0 231119 155558.797
6.9164 -1.0565 0.0000 0.00 0.00 1.00 0 0 0 112 1 0 0 0 0 231119 155558.997
6.9428 -1.0712 0.0000 0.00 0.00 1.00 0 0 0 112 1 0 0 0 0 231119 155559.197
6.9815 -1.0916 0.0000 0.00 0.00 1.00 0 0 0 112 1 0 0 0 0 231119 155559.397
7.0168 -1.1041 0.0000 0.00 0.00 1.00 0 0 0 112 1 0 0 0 0 231119 155559.598
7.0378 -1.1158 0.0000 0.00 0.00 1.00 0 0 0 112 1 0 0 0 0 231119 155559.798
7.0658 -1.1325 0.0000 0.00 0.00 1.00 0 0 0 112 1 0 0 0 0 231119 155559.998
7.1028 -1.1521 0.0000 0.00 0.00 1.00 0 0 0 112 1 0 0 0 0 231119 155600.198
7.1336 -1.1677 0.0000 0.00 0.00 1.00 0 0 0 112 1 0 0 0 0 231119 155600.398
7.1593 -1.1783 0.0000 0.00 0.00 1.00 0 0 0 112 1 0 0 0 0 231119 155600.599
7.1997 -1.1972 0.0000 0.00 0.00 1.00 0 0 0 112 1 0 0 0 0 231119 155600.799
7.2299 -1.2098 0.0000 0.00 0.00 1.00 0 0 0 112 1 0 0 0 0 231119 155600.999
7.2606 -1.2260 0.0000 0.00 0.00 1.00 0 0 0 112 1 0 0 0 0 231119 155601.199
7.2931 -1.2441 0.0000 0.00 0.00 1.00 0 0 0 112 1 0 0 0 0 231119 155601.399
7.3176 -1.2540 0.0000 0.00 0.00 1.00 0 0 0 112 1 0 0 0 0 231119 155601.599
7.3487 -1.2674 0.0000 0.00 0.00 1.00 0 0 0 112 1 0 0 0 0 231119 155601.800
7.3869 -1.2847 0.0000 0.00 0.00 1.00 0 0 0 112 1 0 0 0 0 231119 155602.000
7.4008 -1.2925 0.0000 0.00 0.00 1.00 0 0 0 112 1 0 0 0 0 231119 155602.200
7.4392 -1.3087 0.0000 0.00 0.00 1.00 0 0 0 112 1 0 0 0 0 231119 155602.400
7.4690 -1.3223 0.0000 0.00 0.00 1.00 0 0 0 112 1 0 0 0 0 231119 155602.600
7.5111 -1.3357 0.0000 0.00 0.00 1.00 0 0 0 112 1 0 0 0 0 231119 155602.801
7.5314 -1.3484 0.0000 0.00 0.00 1.00 0 0 0 112 1 0 0 0 0 231119 155603.001
7.5540 -1.3620 0.0000 0.00 0.00 1.00 0 0 0 112 1 0 0 0 0 231119 155603.201
7.5907 -1.3808 0.0000 0.00 0.00 1.00 0 0 0 112 1 0 0 0 0 231119 155603.401
7.6207 -1.3935 0.0000 0.00 0.00 1.00 0 0 0 112 1 0 0 0 0 231119 155603.601
7.6451 -1.4042 0.0000 0.00 0.00 1.00 0 0 0 112 1 0 0 0 0 231119 155603.802
7.6760 -1.4189 0.0000 0.00 0.00 1.00 0 0 0 112 1 0 0 0 0 231119 155604.002
7.7157 -1.4368 0.0000 0.00 0.00 1.00 0 0 0 112 1 0 0 0 0 231119 155604.202
7.7479 -1.4505 0.0000 0.00 0.00 1.00 0 0 0 112 1 0 0 0 0 231119 155604.402
7.7771 -1.4626 0.0000 0.00 0.00 1.00 0 0 0 112 1 0 0 0 0 231119 155604.602
7.8073 -1.4793 0.0000 0.00 0.00 1.00 0 0 0 112 1 0 0 0 0 231119 155604.802
7.8390 -1.4932 0.0000 0.00 0.00 1.00 0 0 0 112 1 0 0 0 0 231119 155605.003
7.8682 -1.5051 0.0000 0.00 0.00 1.00 0 0 0 112 1 0 0 0 0 231119 155605.203
7.8911 -1.5179 0.0000 0.00 0.00 1.00 0 0 0 112 1 0 0 0 0 231119 155605.403
7.9191 -1.5339 0.0000 0.00 0.00 1.00 0 0 0 112 1 0 0 0 0 231119 155605.603
7.9587 -1.5498 0.0000 0.00 0.00 1.00 0 0 0 112 1 0 0 0 0 231119 155605.803
7.9900 -1.5674 0.0000 0.00 0.00 1.00 0 0 0 112 1 0 0 0 0 231119 155606.004
8.0188 -1.5782 0.0000 0.00 0.00 1.00 0 0 0 112 1 0 0 0 0 231119 155606.204
8.0521 -1.5912 0.0000 0.00 0.00 1.00 0 0 0 112 1 0 0 0 0 231119 155606.404
8.0828 -1.6031 0.0000 0.00 0.00 1.00 0 0 0 112 1 0 0 0 0 231119 155606.604
8.1145 -1.6204 0.0000 0.00 0.00 1.00 0 0 0 112 1 0 0 0 0 231119 155606.804
8.1383 -1.6296 0.0000 0.00 0.00 1.00 0 0 0 112 1 0 0 0 0 231119 155607.004
8.1814 -1.6530 0.0000 0.00 0.00 1.00 0 0 0 112 1 0 0 0 0 231119 155607.205
8.2029 -1.6642 0.0000 0.00 0.00 1.00 0 0 0 112 1 0 0 0 0 231119 155607.405
8.2334 -1.6797 0.0000 0.00 0.00 1.00 0 0 0 112 1 0 0 0 0 231119 155607.605
8.2663 -1.6900 0.0000 0.00 0.00 1.00 0 0 0 112 1 0 0 0 0 231119 155607.805
8.2964 -1.7047 0.0000 0.00 0.00 1.00 0 0 0 112 1 0 0 0 0 231119 155608.005
8.3283 -1.7199 0.0000 0.00 0.00 1.00 0 0 0 112 1 0 0 0 0 231119 155608.206
8.3562 -1.7321 0.0000 0.00 0.00 1.00 0 0 0 112 1 0 0 0 0 231119 155608.406
8.3884 -1.7454 0.0000 0.00 0.00 1.00 0 0 0 112 1 0 0 0 0 231119 155608.606
8.4182 -1.7584 0.0000 0.00 0.00 1.00 0 0 0 112 1 0 0 0 0 231119 155608.806
8.4410 -1.7668 0.0000 0.00 0.00 1.00 0 0 0 112 1 0 0 0 0 231119 155609.006
8.4799 -1.7835 0.0000 0.00 0.00 1.00 0 0 0 112 1 0 0 0 0 231119 155609.207
8.5165 -1.8023 0.0000 0.00 0.00 1.00 0 0 0 112 1 0 0 0 0 231119 155609.407
8.5462 -1.8157 0.0000 0.00 0.00 1.00 0 0 0 112 1 0 0 0 0 231119 155609.607
8.5699 -1.8251 0.0000 0.00 0.00 1.00 0 0 0 112 1 0 0 0 0 231119 155609.807
8.6123 -1.8402 0.0000 0.00 0.00 1.00 0 0 0 112 1 0 0 0 0 231119 155610.007
8.6356 -1.8487 0.0000 0.00 0.00 1.00 0 0 0 112 1 0 0 0 0 231119 155610.208
8.6675 -1.8630 0.0000 0.00 0.00 1.00 0 0 0 112 1 0 0 0 0 231119 155610.408
8.6959 -1.8777 0.0000 0.00 0.00 1.00 0 0 0 112 1 0 0 0 0 231119 155610.608
8.7328 -1.8958 0.0000 0.00 0.00 1.00 0 0 0 112 1 0 0 0 0 231119 155610.808
8.7646 -1.9099 0.0000 0.00 0.00 1.00 0 0 0 112 1 0 0 0 0 231119 155611.008
8.7953 -1.9236 0.0000 0.00 0.00 1.00 0 0 0 112 1 0 0 0 0 231119 155611.208
8.8186 -1.9341 0.0000 0.00 0.00 1.00 0 0 0 112 1 0 0 0 0 231119 155611.409
8.8402 -1.9442 0.0000 0.00 0.00 1.00 0 0 0 112 1 0 0 0 0 231119 155611.609
8.8779 -1.9596 0.0000 0.00 0.00 1.00 0 0 0 112 1 0 0 0 0 231119 155611.809
8.9165 -1.9757 0.0000 0.00 0.00 1.00 0 0 0 112 1 0 0 0 0 231119 155612.009
8.9368 -1.9854 0.0000 0.00 0.00 1.00 0 123 237 112 1 0 0 0 0 231119 155612.209
8.9677 -1.9981 0.0000 0.00 0.00 1.00 0 210 244 112 1 0 0 0 0 231119 155612.409
9.0031 -2.0132 0.0000 0.00 0.00 1.00 0 164 243 112 1 0 0 0 0 231119 155612.610
9.0301 -2.0274 0.0000 0.00 0.00 1.00 0 244 232 112 1 0 0 0 0 231119 155612.810
9.0542 -2.0373 0.0000 0.00 0.00 1.00 0 126 240 112 1 0 0 0 0 231119 155613.010
9.0840 -2.0496 0.0000 0.00 0.00 1.00 0 74 240 112 1 0 0 0 0 231119 155613.210
9.1193 -2.0644 0.0000 0.00 0.00 1.00 0 140 238 112 1 0 0 0 0 231119 155613.410
9.1469 -2.0777 0.0000 0.00 0.00 1.00 0 42 235 112 1 0 0 0 0 231119 155613.610
9.1743 -2.0850 0.0000 0.00 0.00 1.00 0 68 235 112 1 0 0 0 0 231119 155613.811
9.2030 -2.0951 0.0000 0.00 0.00 1.00 0 188 228 112 1 0 0 0 0 231119 155614.011
9.2237 -2.1056 0.0000 0.00 0.00 1.00 0 216 227 112 1 0 0 0 0 231119 155614.211
9.2520 -2.1152 0.0000 0.00 0.00 1.00 0 150 235 112 1 0 0 0 0 231119 155614.411
9.2853 -2.1265 0.0000 0.00 0.00 1.00 0 60 232 112 1 0 0 0 0 231119 155614.611
9.3106 -2.1334 0.0000 0.00 0.00 1.00 0 11 237 112 1 0 0 0 0 231119 155614.811
9.3371 -2.1413 0.0000 0.00 0.00 1.00 0 20 224 112 1 0 0 0 0 231119 155615.012
9.3592 -2.1453 0.0000 0.00 0.00 1.00 0 197 228 112 1 0 0 0 0 231119 155615.212
9.3876 -2.1542 0.0000 0.00 0.00 1.00 0 107 229 112 1 0 0 0 0 231119 155615.412
9.4176 -2.1658 0.0000 0.00 0.00 1.00 0 237 228 112 1 0 0 0 0 231119 155615.612
9.4552 -2.1761 0.0000 0.00 0.00 1.00 0 42 227 112 1 0 0 0 0 231119 155615.813
9.4854 -2.1823 0.0000 0.00 0.00 1.00 0 67 229 112 1 0 0 0 0 231119 155616.013
9.5128 -2.1908 0.0000 0.00 0.00 1.00 0 145 221 112 1 0 0 0 0 231119 155616.213
9.5328 -2.1967 0.0000 0.00 0.00 1.00 0 231 221 112 1 0 0 0 0 231119 155616.413
9.5600 -2.2023 0.0000 0.00 0.00 1.00 0 74 227 112 1 0 0 0 0 231119 155616.613
9.5945 -2.2097 0.0000 0.00 0.00 1.00 0 227 220 112 1 0 0 0 0 231119 155616.813
9.6250 -2.2159 0.0000 0.00 0.00 1.00 0 113 222 112 1 0 0 0 0 231119 155617.014
9.6528 -2.2229 0.0000 0.00 0.00 1.00 0 35 219 112 1 0 0 0 0 231119 155617.214
9.6779 -2.2272 0.0000 0.00 0.00 1.00 0 60 227 112 1 0 0 0 0 231119 155617.414
9.6982 -2.2310 0.0000 0.00 0.00 1.00 0 24 225 112 1 0 0 0 0 231119 155617.614
9.7323 -2.2372 0.0000 0.00 0.00 1.00 0 88 225 112 1 0 0 0 0 231119 155617.814
9.7621 -2.2443 0.0000 0.00 0.00 1.00 0 166 221 112 1 0 0 0 0 231119 155618.014
9.7853 -2.2444 0.0000 0.00 0.00 1.00 0 26 223 112 1 0 0 0 0 231119 155618.214
9.8120 -2.2519 0.0000 0.00 0.00 1.00 0 23 210 112 1 0 0 0 0 231119 155618.415
9.8424 -2.2542 0.0000 0.00 0.00 1.00 0 57 225 112 1 0 0 0 0 231119 155618.615
9.8680 -2.2599 0.0000 0.00 0.00 1.00 0 24 224 112 1 0 0 0 0 231119 155618.815
9.8916 -2.2632 0.0000 0.00 0.00 1.00 0 39 224 112 1 0 0 0 0 231119 155619.015
9.9189 -2.2618 0.0000 0.00 0.00 1.00 0 133 220 112 1 0 0 0 0 231119 155619.215
9.9556 -2.2655 0.0000 0.00 0.00 1.00 0 12 218 112 1 0 0 0 0 231119 155619.416
9.9825 -2.2644 0.0000 0.00 0.00 1.00 0 247 216 112 1 0 0 0 0 231119 155619.616
10.0153 -2.2680 0.0000 0.00 0.00 1.00 0 164 216 112 1 0 0 0 0 231119 155619.816
10.0357 -2.2671 0.0000 0.00 0.00 1.00 0 164 218 112 1 0 0 0 0 231119 155620.016
10.0564 -2.2680 0.0000 0.00 0.00 1.00 0 206 222 112 1 0 0 0 0 231119 155620.217
10.0897 -2.2658 0.0000 0.00 0.00 1.00 0 43 221 112 1 0 0 0 0 231119 155620.417
10.1124 -2.2623 0.0000 0.00 0.00 1.00 0 130 219 112 1 0 0 0 0 231119 155620.617
10.1288 -2.2642 0.0000 0.00 0.00 1.00 0 71 215 112 1 0 0 0 0 231119 155620.817
10.1384 -2.2628 0.0000 0.00 0.00 1.00 0 14 222 112 1 0 0 0 0 231119 155621.017
10.1736 -2.2586 0.0000 0.00 0.00 1.00 0 18 213 112 1 0 0 0 0 231119 155621.218
10.1899 -2.2637 0.0000 0.00 0.00 1.00 0 67 214 112 1 0 0 0 0 231119 155621.418
10.2080 -2.2625 0.0000 0.00 0.00 1.00 0 46 216 112 1 0 0 0 0 231119 155621.618
10.2223 -2.2608 0.0000 0.00 0.00 1.00 0 232 215 112 1 0 0 0 0 231119 155621.818
10.2595 -2.2546 0.0000 0.00 0.00 1.00 0 133 217 112 1 0 0 0 0 231119 155622.019
10.2814 -2.2512 0.0000 0.00 0.00 1.00 0 233 214 112 1 0 0 0 0 231119 155622.219
10.3012 -2.2504 0.0000 0.00 0.00 1.00 0 211 213 112 1 0 0 0 0 231119 155622.419
10.3213 -2.2451 0.0000 0.00 0.00 1.00 0 90 215 112 1 0 0 0 0 231119 155622.619
10.3400 -2.2445 0.0000 0.00 0.00 1.00 0 97 211 112 1 0 0 0 0 231119 155622.820
10.3690 -2.2357 0.0000 0.00 0.00 1.00 0 136 213 112 1 0 0 0 0 231119 155623.020
10.3859 -2.2330 0.0000 0.00 0.00 1.00 0 76 219 112 1 0 0 0 0 231119 155623.220
10.4053 -2.2278 0.0000 0.00 0.00 1.00 0 241 213 112 1 0 0 0 0 231119 155623.420
10.4202 -2.2261 0.0000 0.00 0.00 1.00 0 82 216 112 1 0 0 0 0 231119 155623.620
10.4423 -2.2091 0.0000 0.00 0.00 1.00 0 188 220 112 1 0 0 0 0 231119 155623.821
10.4634 -2.2039 0.0000 0.00 0.00 1.00 0 140 209 112 1 0 0 0 0 231119 155624.021
10.4805 -2.1992 0.0000 0.00 0.00 1.00 0 136 210 112 1 0 0 0 0 231119 155624.221
10.5013 -2.1908 0.0000 0.00 0.00 1.00 0 97 215 112 1 0 0 0 0 231119 155624.421
10.5338 -2.1792 0.0000 0.00 0.00 1.00 0 234 212 112 1 0 0 0 0 231119 155624.621
10.5609 -2.1668 0.0000 0.00 0.00 1.00 0 209 215 112 1 0 0 0 0 231119 155624.821
10.5879 -2.1511 0.0000 0.00 0.00 1.00 0 103 215 112 1 0 0 0 0 231119 155625.022
10.6043 -2.1387 0.0000 0.00 0.00 1.00 0 252 214 112 1 0 0 0 0 231119 155625.222
10.6348 -2.1275 0.0000 0.00 0.00 1.00 0 145 214 112 1 0 0 0 0 231119 155625.422
10.6534 -2.1170 0.0000 0.00 0.00 1.00 0 167 215 112 1 0 0 0 0 231119 155625.622
10.6718 -2.1025 0.0000 0.00 0.00 1.00 0 82 216 112 1 0 0 0 0 231119 155625.822
10.6871 -2.0937 0.0000 0.00 0.00 1.00 0 169 214 112 1 0 0 0 0 231119 155626.023
10.7168 -2.0779 0.0000 0.00 0.00 1.00 0 139 213 112 1 0 0 0 0 231119 155626.223
10.7250 -2.0717 0.0000 0.00 0.00 1.00 0 250 216 112 1 0 0 0 0 231119 155626.423
10.7416 -2.0648 0.0000 0.00 0.00 1.00 0 162 212 112 1 0 0 0 0 231119 155626.623
10.7653 -2.0486 0.0000 0.00 0.00 1.00 0 235 211 112 1 0 0 0 0 231119 155626.823
10.7764 -2.0410 0.0000 0.00 0.00 1.00 0 241 216 112 1 0 0 0 0 231119 155627.023
10.7932 -2.0313 0.0000 0.00 0.00 1.00 0 2 211 112 1 0 0 0 0 231119 155627.223
10.8108 -2.0146 0.0000 0.00 0.00 1.00 0 42 220 112 1 0 0 0 0 231119 155627.424
10.8275 -2.0024 0.0000 0.00 0.00 1.00 0 212 216 112 1 0 0 0 0 231119 155627.624
10.8302 -1.9955 0.0000 0.00 0.00 1.00 0 184 216 112 1 0 0 0 0 231119 155627.824
10.8474 -1.9801 0.0000 0.00 0.00 1.00 0 158 214 112 1 0 0 0 0 231119 155628.024
10.8686 -1.9629 0.0000 0.00 0.00 1.00 0 91 210 112 1 0 0 0 0 231119 155628.225
10.8875 -1.9437 0.0000 0.00 0.00 1.00 0 124 215 112 1 0 0 0 0 231119 155628.425
10.9044 -1.9279 0.0000 0.00 0.00 1.00 0 5 211 112 1 0 0 0 0 231119 155628.625
10.9189 -1.9075 0.0000 0.00 0.00 1.00 0 1 218 112 1 0 0 0 0 231119 155628.825
10.9411 -1.8818 0.0000 0.00 0.00 1.00 0 219 215 112 1 0 0 0 0 231119 155629.025
10.9536 -1.8674 0.0000 0.00 0.00 1.00 0 240 216 112 1 0 0 0 0 231119 155629.226
10.9687 -1.8455 0.0000 0.00 0.00 1.00 0 72 215 112 1 0 0 0 0 231119 155629.426
10.9766 -1.8323 0.0000 0.00 0.00 1.00 0 87 219 112 1 0 0 0 0 231119 155629.626
10.9940 -1.8100 0.0000 0.00 0.00 1.00 0 166 218 112 1 0 0 0 0 231119 155629.826
11.0172 -1.7799 0.0000 0.00 0.00 1.00 0 217 217 112 1 0 0 0 0 231119 155630.026
11.0299 -1.7601 0.0000 0.00 0.00 1.00 0 13 218 112 1 0 0 0 0 231119 155630.226
11.0585 -1.7251 0.0000 0.00 0.00 1.00 0 205 217 112 1 0 0 0 0 231119 155630.426
11.0751 -1.6995 0.0000 0.00 0.00 1.00 0 98 217 112 1 0 0 0 0 231119 155630.627
11.0894 -1.6754 0.0000 0.00 0.00 1.00 0 14 220 112 1 0 0 0 0 231119 155630.827
11.1017 -1.6517 0.0000 0.00 0.00 1.00 0 9 218 112 1 0 0 0 0 231119 155631.027
11.1172 -1.6260 0.0000 0.00 0.00 1.00 0 236 219 112 1 0 0 0 0 231119 155631.227
11.1335 -1.6017 0.0000 0.00 0.00 1.00 0 177 218 112 1 0 0 0 0 231119 155631.427
11.1450 -1.5795 0.0000 0.00 0.00 1.00 0 33 220 112 1 0 0 0 0 231119 155631.628
11.1518 -1.5615 0.0000 0.00 0.00 1.00 0 8 224 112 1 0 0 0 0 231119 155631.828
11.1688 -1.5325 0.0000 0.00 0.00 1.00 0 67 217 112 1 0 0 0 0 231119 155632.028
11.1801 -1.5137 0.0000 0.00 0.00 1.00 0 197 217 112 1 0 0 0 0 231119 155632.228
11.1948 -1.4793 0.0000 0.00 0.00 1.00 0 172 221 112 1 0 0 0 0 231119 155632.428
11.2034 -1.4597 0.0000 0.00 0.00 1.00 0 58 235 112 1 0 0 0 0 231119 155632.629
11.2134 -1.4324 0.0000 0.00 0.00 1.00 0 238 223 112 1 0 0 0 0 231119 155632.829
11.2263 -1.3976 0.0000 0.00 0.00 1.00 0 255 221 112 1 0 0 0 0 231119 155633.029
11.2360 -1.3689 0.0000 0.00 0.00 1.00 0 227 223 112 1 0 0 0 0 231119 155633.229
11.2432 -1.3433 0.0000 0.00 0.00 1.00 0 122 225 112 1 0 0 0 0 231119 155633.429
11.2522 -1.3149 0.0000 0.00 0.00 1.00 0 202 225 112 1 0 0 0 0 231119 155633.629
11.2609 -1.2809 0.0000 0.00 0.00 1.00 0 40 225 112 1 0 0 0 0 231119 155633.830
11.2676 -1.2538 0.0000 0.00 0.00 1.00 0 117 225 112 1 0 0 0 0 231119 155634.030
11.2714 -1.2330 0.0000 0.00 0.00 1.00 0 214 229 112 1 0 0 0 0 231119 155634.230
11.2783 -1.1999 0.0000 0.00 0.00 1.00 0 236 232 112 1 0 0 0 0 231119 155634.430
11.2815 -1.1801 0.0000 0.00 0.00 1.00 0 2 230 112 1 0 0 0 0 231119 155634.630
11.2862 -1.1573 0.0000 0.00 0.00 1.00 0 245 230 112 1 0 0 0 0 231119 155634.830
11.2936 -1.1200 0.0000 0.00 0.00 1.00 0 66 232 112 1 0 0 0 0 231119 155635.031
11.3018 -1.0894 0.0000 0.00 0.00 1.00 0 180 233 112 1 0 0 0 0 231119 155635.231
11.3090 -1.0624 0.0000 0.00 0.00 1.00 0 173 230 112 1 0 0 0 0 231119 155635.431
11.3133 -1.0286 0.0000 0.00 0.00 1.00 0 77 230 112 1 0 0 0 0 231119 155635.631
11.3163 -0.9989 0.0000 0.00 0.00 1.00 0 46 236 112 1 0 0 0 0 231119 155635.831
11.3222 -0.9685 0.0000 0.00 0.00 1.00 0 73 232 112 1 0 0 0 0 231119 155636.032
11.3247 -0.9414 0.0000 0.00 0.00 1.00 0 209 235 112 1 0 0 0 0 231119 155636.232
11.3298 -0.9169 0.0000 0.00 0.00 1.00 0 254 232 112 1 0 0 0 0 231119 155636.432
11.3335 -0.8806 0.0000 0.00 0.00 1.00 0 99 243 112 1 0 0 0 0 231119 155636.633
11.3343 -0.8560 0.0000 0.00 0.00 1.00 0 219 243 112 1 0 0 0 0 231119 155636.833
11.3396 -0.8170 0.0000 0.00 0.00 1.00 0 241 253 112 1 0 0 0 0 231119 155637.033
11.3389 -0.7950 0.0000 0.00 0.00 1.00 0 141 240 112 1 0 0 0 0 231119 155637.233
11.3439 -0.7545 0.0000 0.00 0.00 1.00 0 151 245 112 1 0 0 0 0 231119 155637.434
11.3452 -0.7230 0.0000 0.00 0.00 1.00 0 197 250 112 1 0 0 0 0 231119 155637.634
11.3491 -0.6910 0.0000 0.00 0.00 1.00 0 184 236 112 1 0 0 0 0 231119 155637.834
11.3463 -0.6631 0.0000 0.00 0.00 1.00 0 118 251 112 1 0 0 0 0 231119 155638.034
11.3519 -0.6258 0.0000 0.00 0.00 1.00 0 158 240 112 1 0 0 0 0 231119 155638.235
11.3512 -0.6049 0.0000 0.00 0.00 1.00 0 118 245 112 1 0 0 0 0 231119 155638.435
11.3509 -0.5771 0.0000 0.00 0.00 1.00 0 207 243 112 1 0 0 0 0 231119 155638.635
11.3542 -0.5435 0.0000 0.00 0.00 1.00 0 173 243 112 1 0 0 0 0 231119 155638.835
11.3572 -0.5078 0.0000 0.00 0.00 1.00 0 113 255 112 1 0 0 0 0 231119 155639.036
11.3569 -0.4759 0.0000 0.00 0.00 1.00 0 77 245 112 1 0 0 0 0 231119 155639.236
11.3564 -0.4553 0.0000 0.00 0.00 1.00 0 156 245 112 1 0 0 0 0 231119 155639.436
11.3586 -0.4323 0.0000 0.00 0.00 1.00 0 203 245 112 1 0 0 0 0 231119 155639.636
11.3589 -0.3833 0.0000 0.00 0.00 1.00 0 182 255 112 1 0 0 0 0 231119 155639.836
11.3592 -0.3780 0.0000 0.00 0.00 1.00 0 179 246 112 1 0 0 0 0 231119 155640.037
11.3583 -0.3261 0.0000 0.00 0.00 1.00 0 96 2 112 1 0 0 0 0 231119 155640.237
11.3591 -0.3036 0.0000 0.00 0.00 1.00 0 103 247 112 1 0 0 0 0 231119 155640.437
11.3585 -0.2699 0.0000 0.00 0.00 1.00 0 71 3 112 1 0 0 0 0 231119 155640.637
11.3529 -0.2402 0.0000 0.00 0.00 1.00 0 174 6 112 1 0 0 0 0 231119 155640.838
11.3543 -0.2018 0.0000 0.00 0.00 1.00 0 3 9 112 1 0 0 0 0 231119 155641.038
11.3558 -0.1709 0.0000 0.00 0.00 1.00 0 1 10 112 1 0 0 0 0 231119 155641.238
11.3567 -0.1420 0.0000 0.00 0.00 1.00 0 92 4 112 1 0 0 0 0 231119 155641.439
11.3557 -0.1271 0.0000 0.00 0.00 1.00 0 111 6 112 1 0 0 0 0 231119 155641.639
11.3558 -0.0798 0.0000 0.00 0.00 1.00 0 39 8 112 1 0 0 0 0 231119 155641.839
11.3571 -0.0590 0.0000 0.00 0.00 1.00 0 0 0 112 1 0 0 0 0 231119 155642.039
11.3557 -0.0348 0.0000 0.00 0.00 1.00 0 0 0 112 1 0 0 0 0 231119 155642.240
11.3534 0.0024 0.0000 0.00 0.00 1.00 0 0 0 112 1 0 0 0 0 231119 155642.440
11.3530 0.0314 0.0000 0.00 0.00 1.00 0 0 0 112 1 0 0 0 0 231119 155642.640
11.3532 0.0811 0.0000 0.00 0.00 1.00 0 0 0 112 1 0 0 0 0 231119 155642.840
11.3538 0.1073 0.0000 0.00 0.00 1.00 0 0 0 112 1 0 0 0 0 231119 155643.040
11.3526 0.1316 0.0000 0.00 0.00 1.00 0 0 0 112 1 0 0 0 0 231119 155643.241
11.3501 0.1647 0.0000 0.00 0.00 1.00 0 0 0 112 1 0 0 0 0 231119 155643.441
11.3475 0.2063 0.0000 0.00 0.00 1.00 0 0 0 112 1 0 0 0 0 231119 155643.641
11.3427 0.2350 0.0000 0.00 0.00 1.00 0 0 0 112 1 0 0 0 0 231119 155643.841
11.3394 0.2739 0.0000 0.00 0.00 1.00 0 0 0 112 1 0 0 0 0 231119 155644.041
11.3419 0.2960 0.0000 0.00 0.00 1.00 0 0 0 112 1 0 0 0 0 231119 155644.241
11.3364 0.3162 0.0000 0.00 0.00 1.00 0 209 13 112 1 0 0 0 0 231119 155644.442
11.3337 0.3535 0.0000 0.00 0.00 1.00 0 105 16 112 1 0 0 0 0 231119 155644.642
11.3325 0.3802 0.0000 0.00 0.00 1.00 0 67 14 112 1 0 0 0 0 231119 155644.842
11.3308 0.4127 0.0000 0.00 0.00 1.00 0 153 29 112 1 0 0 0 0 231119 155645.042
11.3287 0.4565 0.0000 0.00 0.00 1.00 0 101 14 112 1 0 0 0 0 231119 155645.243
11.3306 0.4894 0.0000 0.00 0.00 1.00 0 59 31 112 1 0 0 0 0 231119 155645.443
11.3292 0.5272 0.0000 0.00 0.00 1.00 0 242 30 112 1 0 0 0 0 231119 155645.643
11.3299 0.5353 0.0000 0.00 0.00 1.00 0 196 16 112 1 0 0 0 0 231119 155645.843
11.3326 0.5693 0.0000 0.00 0.00 1.00 0 180 19 112 1 0 0 0 0 231119 155646.044
11.3321 0.6064 0.0000 0.00 0.00 1.00 0 54 30 112 1 0 0 0 0 231119 155646.244
11.3335 0.6364 0.0000 0.00 0.00 1.00 0 100 29 112 1 0 0 0 0 231119 155646.444
11.3321 0.6754 0.0000 0.00 0.00 1.00 0 218 17 112 1 0 0 0 0 231119 155646.644
11.3365 0.6934 0.0000 0.00 0.00 1.00 0 179 23 112 1 0 0 0 0 231119 155646.845
11.3370 0.7241 0.0000 0.00 0.00 1.00 0 75 30 112 1 0 0 0 0 231119 155647.045
11.3392 0.7681 0.0000 0.00 0.00 1.00 0 137 20 112 1 0 0 0 0 231119 155647.245
11.3428 0.8062 0.0000 0.00 0.00 1.00 0 54 33 112 1 0 0 0 0 231119 155647.446
11.3438 0.8270 0.0000 0.00 0.00 1.00 0 203 25 112 1 0 0 0 0 231119 155647.646
11.3473 0.8646 0.0000 0.00 0.00 1.00 0 19 24 112 1 0 0 0 0 231119 155647.846
11.3473 0.8646 0.0000 0.00 0.00 1.00 0 0 0 127 0 0 0 0 0 231119 155648.046
11.3473 0.8646 0.0000 0.00 0.00 1.00 0 0 0 127 0 0 0 0 0 231119 155648.246
11.3473 0.8646 0.0000 0.00 0.00 1.00 0 0 0 127 0 0 0 0 0 231119 155648.447
11.3473 0.8646 0.0000 0.00 0.00 1.00 0 0 0 127 0 0 0 0 0 231119 155648.647
11.3473 0.8646 0.0000 0.00 0.00 1.00 0 0 0 127 0 0 0 0 0 231119 155648.847
11.3473 0.8646 0.0000 0.00 0.00 1.00 0 0 0 127 0 0 0 0 0 231119 155649.047
11.3473 0.8646 0.0000 0.00 0.00 1.00 0 0 0 127 0 0 0 0 0 231119 155649.247
11.3473 0.8646 0.0000 0.00 0.00 1.00 0 0 0 127 0 0 0 0 0 231119 155649.448
11.3473 0.8646 0.0000 0.00 0.00 1.00 0 0 0 127 0 0 0 0 0 231119 155649.648
11.3473 0.8646 0.0000 0.00 0.00 1.00 0 0 0 127 0 0 0 0 0 231119 155649.848
11.3473 0.8646 0.0000 0.00 0.00 1.00 0 0 0 127 0 0 0 0 0 231119 155650.048
11.3473 0.8646 0.0000 0.00 0.00 1.00 0 0 0 127 0 0 0 0 0 231119 155650.249
11.3473 0.8646 0.0000 0.00 0.00 1.00 0 0 0 127 0 0 0 0 0 231119 155650.449
11.3473 0.8646 0.0000 0.00 0.00 1.00 0 0 0 127 0 0 0 0 0 231119 155650.649
11.3473 0.8646 0.0000 0.00 0.00 1.00 0 0 0 127 0 0 0 0 0 231119 155650.850
11.3473 0.8646 0.0000 0.00 0.00 1.00 0 0 0 127 0 0 0 0 0 231119 155651.050
11.3473 0.8646 0.0000 0.00 0.00 1.00 0 0 0 127 0 0 0 0 0 231119 155651.250
11.3473 0.8646 0.0000 0.00 0.00 1.00 0 0 0 127 0 0 0 0 0 231119 155651.450
11.3473 0.8646 0.0000 0.00 0.00 1.00 0 0 0 127 0 0 0 0 0 231119 155651.651
11.3473 0.8646 0.0000 0.00 0.00 1.00 0 0 0 127 0 0 0 0 0 231119 155651.851
11.3473 0.8646 0.0000 0.00 0.00 1.00 0 0 0 127 0 0 0 0 0 231119 155652.051
11.3473 0.8646 0.0000 0.00 0.00 1.00 0 0 0 127 0 0 0 0 0 231119 155652.252
11.3473 0.8646 0.0000 0.00 0.00 1.00 0 0 0 127 0 0 0 0 0 231119 155652.452
11.3473 0.8646 0.0000 0.00 0.00 1.00 0 0 0 127 0 0 0 0 0 231119 155652.652
11.3473 0.8646 0.0000 0.00 0.00 1.00 0 0 0 127 0 0 0 0 0 231119 155652.853
11.3473 0.8646 0.0000 0.00 0.00 1.00 0 0 0 127 0 0 0 0 0 231119 155653.053
11.3473 0.8646 0.0000 0.00 0.00 1.00 0 0 0 127 0 0 0 0 0 231119 155653.253
11.3473 0.8646 0.0000 0.00 0.00 1.00 0 0 0 127 0 0 0 0 0 231119 155653.453
11.3473 0.8646 0.0000 0.00 0.00 1.00 0 0 0 127 0 0 0 0 0 231119 155653.653
11.3473 0.8646 0.0000 0.00 0.00 1.00 0 0 0 127 0 0 0 0 0 231119 155653.854
11.3473 0.8646 0.0000 0.00 0.00 1.00 0 0 0 127 0 0 0 0 0 231119 155654.054
11.3473 0.8646 0.0000 0.00 0.00 1.00 0 0 0 127 0 0 0 0 0 231119 155654.254
11.3473 0.8646 0.0000 0.00 0.00 1.00 0 0 0 127 0 0 0 0 0 231119 155654.455
11.3473 0.8646 0.0000 0.00 0.00 1.00 0 0 0 127 0 0 0 0 0 231119 155654.655
11.3473 0.8646 0.0000 0.00 0.00 1.00 0 0 0 127 0 0 0 0 0 231119 155654.855
11.3473 0.8646 0.0000 0.00 0.00 1.00 0 0 0 127 0 0 0 0 0 231119 155655.056
11.3473 0.8646 0.0000 0.00 0.00 1.00 0 0 0 127 0 0 0 0 0 231119 155655.256
11.3473 0.8646 0.0000 0.00 0.00 1.00 0 0 0 127 0 0 0 0 0 231119 155655.456
11.3473 0.8646 0.0000 0.00 0.00 1.00 0 0 0 127 0 0 0 0 0 231119 155655.657
11.3473 0.8646 0.0000 0.00 0.00 1.00 0 0 0 127 0 0 0 0 0 231119 155655.857
11.3473 0.8646 0.0000 0.00 0.00 1.00 0 0 0 127 0 0 0 0 0 231119 155656.057
11.3473 0.8646 0.0000 0.00 0.00 1.00 0 0 0 127 0 0 0 0 0 231119 155656.257
11.3473 0.8646 0.0000 0.00 0.00 1.00 0 0 0 127 0 0 0 0 0 231119 155656.458
11.3473 0.8646 0.0000 0.00 0.00 1.00 0 0 0 127 0 0 0 0 0 231119 155656.658
11.3473 0.8646 0.0000 0.00 0.00 1.00 0 0 0 127 0 0 0 0 0 231119 155656.858
11.3473 0.8646 0.0000 0.00 0.00 1.00 0 0 0 127 0 0 0 0 0 231119 155657.058
11.3473 0.8646 0.0000 0.00 0.00 1.00 0 0 0 127 0 0 0 0 0 231119 155657.259
11.3473 0.8646 0.0000 0.00 0.00 1.00 0 0 0 127 0 0 0 0 0 231119 155657.459
11.3473 0.8646 0.0000 0.00 0.00 1.00 0 0 0 127 0 0 0 0 0 231119 155657.659
11.3473 0.8646 0.0000 0.00 0.00 1.00 0 0 0 127 0 0 0 0 0 231119 155657.859
11.3473 0.8646 0.0000 0.00 0.00 1.00 0 0 0 127 0 0 0 0 0 231119 155658.060
11.3473 0.8646 0.0000 0.00 0.00 1.00 0 0 0 127 0 0 0 0 0 231119 155658.260
11.3473 0.8646 0.0000 0.00 0.00 1.00 0 0 0 127 0 0 0 0 0 231119 155658.460
11.3473 0.8646 0.0000 0.00 0.00 1.00 0 0 0 127 0 0 0 0 0 231119 155658.660
11.3473 0.8646 0.0000 0.00 0.00 1.00 0 0 0 127 0 0 0 0 0 231119 155658.861
11.3473 0.8646 0.0000 0.00 0.00 1.00 0 0 0 127 0 0 0 0 0 231119 155659.061
11.3473 0.8646 0.0000 0.00 0.00 1.00 0 0 0 127 0 0 0 0 0 231119 155659.262
11.3473 0.8646 0.0000 0.00 0.00 1.00 0 0 0 127 0 0 0 0 0 231119 155659.462
11.3473 0.8646 0.0000 0.00 0.00 1.00 0 0 0 127 0 0 0 0 0 231119 155659.662
11.3473 0.8646 0.0000 0.00 0.00 1.00 0 0 0 127 0 0 0 0 0 231119 155659.863
11.3473 0.8646 0.0000 0.00 0.00 1.00 0 0 0 127 0 0 0 0 0 231119 155700.063
11.3473 0.8646 0.0000 0.00 0.00 1.00 0 0 0 127 0 0 0 0 0 231119 155700.263
11.3473 0.8646 0.0000 0.00 0.00 1.00 0 0 0 127 0 0 0 0 0 231119 155700.463
11.3473 0.8646 0.0000 0.00 0.00 1.00 0 0 0 127 0 0 0 0 0 231119 155700.664
11.3473 0.8646 0.0000 0.00 0.00 1.00 0 0 0 127 0 0 0 0 0 231119 155700.864
11.3473 0.8646 0.0000 0.00 0.00 1.00 0 0 0 127 0 0 0 0 0 231119 155701.064
11.3473 0.8646 0.0000 0.00 0.00 1.00 0 0 0 127 0 0 0 0 0 231119 155701.265
11.3473 0.8646 0.0000 0.00 0.00 1.00 0 0 0 127 0 0 0 0 0 231119 155701.465
11.3473 0.8646 0.0000 0.00 0.00 1.00 0 0 0 127 0 0 0 0 0 231119 155701.665
11.3473 0.8646 0.0000 0.00 0.00 1.00 0 0 0 127 0 0 0 0 0 231119 155701.865
11.3473 0.8646 0.0000 0.00 0.00 1.00 0 0 0 127 0 0 0 0 0 231119 155702.066
11.3473 0.8646 0.0000 0.00 0.00 1.00 0 0 0 127 0 0 0 0 0 231119 155702.266
11.3473 0.8646 0.0000 0.00 0.00 1.00 0 0 0 127 0 0 0 0 0 231119 155702.467
11.3473 0.8646 0.0000 0.00 0.00 1.00 0 0 0 127 0 0 0 0 0 231119 155702.667
11.3473 0.8646 0.0000 0.00 0.00 1.00 0 0 0 127 0 0 0 0 0 231119 155702.867
11.3473 0.8646 0.0000 0.00 0.00 1.00 0 0 0 127 0 0 0 0 0 231119 155703.067
11.3473 0.8646 0.0000 0.00 0.00 1.00 0 0 0 127 0 0 0 0 0 231119 155703.268
11.3473 0.8646 0.0000 0.00 0.00 1.00 0 0 0 127 0 0 0 0 0 231119 155703.468
11.3473 0.8646 0.0000 0.00 0.00 1.00 0 0 0 127 0 0 0 0 0 231119 155703.668
11.3473 0.8646 0.0000 0.00 0.00 1.00 0 0 0 127 0 0 0 0 0 231119 155703.868
11.3473 0.8646 0.0000 0.00 0.00 1.00 0 0 0 127 0 0 0 0 0 231119 155704.068
11.3473 0.8646 0.0000 0.00 0.00 1.00 0 0 0 127 0 0 0 0 0 231119 155704.269
11.3473 0.8646 0.0000 0.00 0.00 1.00 0 0 0 127 0 0 0 0 0 231119 155704.469
11.3473 0.8646 0.0000 0.00 0.00 1.00 0 0 0 127 0 0 0 0 0 231119 155704.669
11.3473 0.8646 0.0000 0.00 0.00 1.00 0 0 0 127 0 0 0 0 0 231119 155704.869
11.3473 0.8646 0.0000 0.00 0.00 1.00 0 0 0 127 0 0 0 0 0 231119 155705.070
11.3473 0.8646 0.0000 0.00 0.00 1.00 0 0 0 127 0 0 0 0 0 231119 155705.270
11.3473 0.8646 0.0000 0.00 0.00 1.00 0 0 0 127 0 0 0 0 0 231119 155705.470
11.3473 0.8646 0.0000 0.00 0.00 1.00 0 0 0 127 0 0 0 0 0 231119 155705.671
11.3473 0.8646 0.0000 0.00 0.00 1.00 0 0 0 127 0 0 0 0 0 231119 155705.871
11.3473 0.8646 0.0000 0.00 0.00 1.00 0 0 0 127 0 0 0 0 0 231119 155706.072
11.3473 0.8646 0.0000 0.00 0.00 1.00 0 0 0 127 0 0 0 0 0 231119 155706.272
11.3473 0.8646 0.0000 0.00 0.00 1.00 0 0 0 127 0 0 0 0 0 231119 155706.472
11.3473 0.8646 0.0000 0.00 0.00 1.00 0 0 0 127 0 0 0 0 0 231119 155706.673
11.3473 0.8646 0.0000 0.00 0.00 1.00 0 0 0 127 0 0 0 0 0 231119 155706.873
11.3473 0.8646 0.0000 0.00 0.00 1.00 0 0 0 127 0 0 0 0 0 231119 155707.073
11.3473 0.8646 0.0000 0.00 0.00 1.00 0 0 0 127 0 0 0 0 0 231119 155707.273
11.3473 0.8646 0.0000 0.00 0.00 1.00 0 0 0 127 0 0 0 0 0 231119 155707.474
11.3473 0.8646 0.0000 0.00 0.00 1.00 0 0 0 127 0 0 0 0 0 231119 155707.674
11.3473 0.8646 0.0000 0.00 0.00 1.00 0 0 0 127 0 0 0 0 0 231119 155707.874
11.3473 0.8646 0.0000 0.00 0.00 1.00 0 0 0 127 0 0 0 0 0 231119 155708.075
11.3473 0.8646 0.0000 0.00 0.00 1.00 0 0 0 127 0 0 0 0 0 231119 155708.275
11.3473 0.8646 0.0000 0.00 0.00 1.00 0 0 0 127 0 0 0 0 0 231119 155708.475
11.3473 0.8646 0.0000 0.00 0.00 1.00 0 0 0 127 0 0 0 0 0 231119 155708.675
11.3473 0.8646 0.0000 0.00 0.00 1.00 0 0 0 127 0 0 0 0 0 231119 155708.876
11.3473 0.8646 0.0000 0.00 0.00 1.00 0 0 0 127 0 0 0 0 0 231119 155709.076
11.3473 0.8646 0.0000 0.00 0.00 1.00 0 0 0 127 0 0 0 0 0 231119 155709.276
11.3473 0.8646 0.0000 0.00 0.00 1.00 0 0 0 127 0 0 0 0 0 231119 155709.477
11.3473 0.8646 0.0000 0.00 0.00 1.00 0 0 0 127 0 0 0 0 0 231119 155709.677
11.3473 0.8646 0.0000 0.00 0.00 1.00 0 0 0 127 0 0 0 0 0 231119 155709.877
11.3473 0.8646 0.0000 0.00 0.00 1.00 0 0 0 127 0 0 0 0 0 231119 155710.077
11.3473 0.8646 0.0000 0.00 0.00 1.00 0 0 0 127 0 0 0 0 0 231119 155710.278
11.3473 0.8646 0.0000 0.00 0.00 1.00 0 0 0 127 0 0 0 0 0 231119 155710.478
11.3473 0.8646 0.0000 0.00 0.00 1.00 0 0 0 127 0 0 0 0 0 231119 155710.678
11.3473 0.8646 0.0000 0.00 0.00 1.00 0 0 0 127 0 0 0 0 0 231119 155710.878
11.3473 0.8646 0.0000 0.00 0.00 1.00 0 0 0 127 0 0 0 0 0 231119 155711.079
11.3473 0.8646 0.0000 0.00 0.00 1.00 0 0 0 127 0 0 0 0 0 231119 155711.279
11.3473 0.8646 0.0000 0.00 0.00 1.00 0 0 0 127 0 0 0 0 0 231119 155711.479
11.3473 0.8646 0.0000 0.00 0.00 1.00 0 0 0 127 0 0 0 0 0 231119 155711.679
11.3473 0.8646 0.0000 0.00 0.00 1.00 0 0 0 127 0 0 0 0 0 231119 155711.880
11.3473 0.8646 0.0000 0.00 0.00 1.00 0 0 0 127 0 0 0 0 0 231119 155712.080
11.3473 0.8646 0.0000 0.00 0.00 1.00 0 0 0 127 0 0 0 0 0 231119 155712.280
11.3473 0.8646 0.0000 0.00 0.00 1.00 0 0 0 127 0 0 0 0 0 231119 155712.481
11.3473 0.8646 0.0000 0.00 0.00 1.00 0 0 0 127 0 0 0 0 0 231119 155712.681
11.3473 0.8646 0.0000 0.00 0.00 1.00 0 0 0 127 0 0 0 0 0 231119 155712.881
11.3473 0.8646 0.0000 0.00 0.00 1.00 0 0 0 127 0 0 0 0 0 231119 155713.081
11.3473 0.8646 0.0000 0.00 0.00 1.00 0 0 0 127 0 0 0 0 0 231119 155713.282
11.3473 0.8646 0.0000 0.00 0.00 1.00 0 0 0 127 0 0 0 0 0 231119 155713.482
11.3473 0.8646 0.0000 0.00 0.00 1.00 0 0 0 127 0 0 0 0 0 231119 155713.683
11.3473 0.8646 0.0000 0.00 0.00 1.00 0 0 0 127 0 0 0 0 0 231119 155713.883
11.3473 0.8646 0.0000 0.00 0.00 1.00 0 0 0 127 0 0 0 0 0 231119 155714.083
11.3473 0.8646 0.0000 0.00 0.00 1.00 0 0 0 127 0 0 0 0 0 231119 155714.283
11.3473 0.8646 0.0000 0.00 0.00 1.00 0 0 0 127 0 0 0 0 0 231119 155714.484
11.3473 0.8646 0.0000 0.00 0.00 1.00 0 0 0 127 0 0 0 0 0 231119 155714.684
11.3473 0.8646 0.0000 0.00 0.00 1.00 0 0 0 127 0 0 0 0 0 231119 155714.885
11.3473 0.8646 0.0000 0.00 0.00 1.00 0 0 0 127 0 0 0 0 0 231119 155715.085
11.3473 0.8646 0.0000 0.00 0.00 1.00 0 0 0 127 0 0 0 0 0 231119 155715.285
11.3473 0.8646 0.0000 0.00 0.00 1.00 0 0 0 127 0 0 0 0 0 231119 155715.486
11.3473 0.8646 0.0000 0.00 0.00 1.00 0 0 0 127 0 0 0 0 0 231119 155715.686
11.3473 0.8646 0.0000 0.00 0.00 1.00 0 0 0 127 0 0 0 0 0 231119 155715.886
11.3473 0.8646 0.0000 0.00 0.00 1.00 0 0 0 127 0 0 0 0 0 231119 155716.087
11.3473 0.8646 0.0000 0.00 0.00 1.00 0 0 0 127 0 0 0 0 0 231119 155716.287
11.3473 0.8646 0.0000 0.00 0.00 1.00 0 0 0 127 0 0 0 0 0 231119 155716.487
11.3473 0.8646 0.0000 0.00 0.00 1.00 0 0 0 127 0 0 0 0 0 231119 155716.688
11.3473 0.8646 0.0000 0.00 0.00 1.00 0 0 0 127 0 0 0 0 0 231119 155716.888
11.3473 0.8646 0.0000 0.00 0.00 1.00 0 0 0 127 0 0 0 0 0 231119 155717.088
11.3473 0.8646 0.0000 0.00 0.00 1.00 0 0 0 127 0 0 0 0 0 231119 155717.288
11.3473 0.8646 0.0000 0.00 0.00 1.00 0 0 0 127 0 0 0 0 0 231119 155717.489
11.3473 0.8646 0.0000 0.00 0.00 1.00 0 0 0 127 0 0 0 0 0 231119 155717.689
11.3473 0.8646 0.0000 0.00 0.00 1.00 0 0 0 127 0 0 0 0 0 231119 155717.889
11.3473 0.8646 0.0000 0.00 0.00 1.00 0 0 0 127 0 0 0 0 0 231119 155718.090
11.3473 0.8646 0.0000 0.00 0.00 1.00 0 0 0 127 0 0 0 0 0 231119 155718.290
11.3473 0.8646 0.0000 0.00 0.00 1.00 0 0 0 127 0 0 0 0 0 231119 155718.490
11.3473 0.8646 0.0000 0.00 0.00 1.00 0 0 0 127 0 0 0 0 0 231119 155718.691
11.3473 0.8646 0.0000 0.00 0.00 1.00 0 0 0 127 0 0 0 0 0 231119 155718.891
11.3473 0.8646 0.0000 0.00 0.00 1.00 0 0 0 127 0 0 0 0 0 231119 155719.092
11.3473 0.8646 0.0000 0.00 0.00 1.00 0 0 0 127 0 0 0 0 0 231119 155719.292
11.3473 0.8646 0.0000 0.00 0.00 1.00 0 0 0 127 0 0 0 0 0 231119 155719.492
11.3473 0.8646 0.0000 0.00 0.00 1.00 0 0 0 127 0 0 0 0 0 231119 155719.692
11.3473 0.8646 0.0000 0.00 0.00 1.00 0 0 0 127 0 0 0 0 0 231119 155719.893
11.3473 0.8646 0.0000 0.00 0.00 1.00 0 0 0 127 0 0 0 0 0 231119 155720.093
11.3473 0.8646 0.0000 0.00 0.00 1.00 0 0 0 127 0 0 0 0 0 231119 155720.293
11.3473 0.8646 0.0000 0.00 0.00 1.00 0 0 0 127 0 0 0 0 0 231119 155720.494
11.3473 0.8646 0.0000 0.00 0.00 1.00 0 0 0 127 0 0 0 0 0 231119 155720.694
11.3473 0.8646 0.0000 0.00 0.00 1.00 0 0 0 127 0 0 0 0 0 231119 155720.894
11.3473 0.8646 0.0000 0.00 0.00 1.00 0 0 0 127 0 0 0 0 0 231119 155721.095
11.3473 0.8646 0.0000 0.00 0.00 1.00 0 0 0 127 0 0 0 0 0 231119 155721.295
11.3473 0.8646 0.0000 0.00 0.00 1.00 0 0 0 127 0 0 0 0 0 231119 155721.495
11.3473 0.8646 0.0000 0.00 0.00 1.00 0 0 0 127 0 0 0 0 0 231119 155721.696
11.3473 0.8646 0.0000 0.00 0.00 1.00 0 0 0 127 0 0 0 0 0 231119 155721.896
11.3473 0.8646 0.0000 0.00 0.00 1.00 0 0 0 127 0 0 0 0 0 231119 155722.096
11.3473 0.8646 0.0000 0.00 0.00 1.00 0 0 0 127 0 0 0 0 0 231119 155722.297
11.3473 0.8646 0.0000 0.00 0.00 1.00 0 0 0 127 0 0 0 0 0 231119 155722.497
11.3473 0.8646 0.0000 0.00 0.00 1.00 0 0 0 127 0 0 0 0 0 231119 155722.697
11.3473 0.8646 0.0000 0.00 0.00 1.00 0 0 0 127 0 0 0 0 0 231119 155722.898
11.3473 0.8646 0.0000 0.00 0.00 1.00 0 0 0 127 0 0 0 0 0 231119 155723.098
11.3473 0.8646 0.0000 0.00 0.00 1.00 0 0 0 127 0 0 0 0 0 231119 155723.299
11.3473 0.8646 0.0000 0.00 0.00 1.00 0 0 0 127 0 0 0 0 0 231119 155723.499
11.3473 0.8646 0.0000 0.00 0.00 1.00 0 0 0 127 0 0 0 0 0 231119 155723.699
11.3473 0.8646 0.0000 0.00 0.00 1.00 0 0 0 127 0 0 0 0 0 231119 155723.900
11.3473 0.8646 0.0000 0.00 0.00 1.00 0 0 0 127 0 0 0 0 0 231119 155724.100
11.3473 0.8646 0.0000 0.00 0.00 1.00 0 0 0 127 0 0 0 0 0 231119 155724.300
11.3473 0.8646 0.0000 0.00 0.00 1.00 0 0 0 127 0 0 0 0 0 231119 155724.501
11.3473 0.8646 0.0000 0.00 0.00 1.00 0 0 0 127 0 0 0 0 0 231119 155724.701
11.3473 0.8646 0.0000 0.00 0.00 1.00 0 0 0 127 0 0 0 0 0 231119 155724.901
11.3473 0.8646 0.0000 0.00 0.00 1.00 0 0 0 127 0 0 0 0 0 231119 155725.101
11.3473 0.8646 0.0000 0.00 0.00 1.00 0 0 0 127 0 0 0 0 0 231119 155725.302
11.3473 0.8646 0.0000 0.00 0.00 1.00 0 0 0 127 0 0 0 0 0 231119 155725.502
11.3473 0.8646 0.0000 0.00 0.00 1.00 0 0 0 127 0 0 0 0 0 231119 155725.702
11.3473 0.8646 0.0000 0.00 0.00 1.00 0 0 0 127 0 0 0 0 0 231119 155725.903
11.3473 0.8646 0.0000 0.00 0.00 1.00 0 0 0 127 0 0 0 0 0 231119 155726.103
11.3473 0.8646 0.0000 0.00 0.00 1.00 0 0 0 127 0 0 0 0 0 231119 155726.303
11.3473 0.8646 0.0000 0.00 0.00 1.00 0 0 0 127 0 0 0 0 0 231119 155726.503
11.3473 0.8646 0.0000 0.00 0.00 1.00 0 0 0 127 0 0 0 0 0 231119 155726.704
11.3473 0.8646 0.0000 0.00 0.00 1.00 0 0 0 127 0 0 0 0 0 231119 155726.904
11.3473 0.8646 0.0000 0.00 0.00 1.00 0 0 0 127 0 0 0 0 0 231119 155727.104
11.3473 0.8646 0.0000 0.00 0.00 1.00 0 0 0 127 0 0 0 0 0 231119 155727.304
11.3473 0.8646 0.0000 0.00 0.00 1.00 0 0 0 127 0 0 0 0 0 231119 155727.504
11.3473 0.8646 0.0000 0.00 0.00 1.00 0 0 0 127 0 0 0 0 0 231119 155727.705
11.3473 0.8646 0.0000 0.00 0.00 1.00 0 0 0 127 0 0 0 0 0 231119 155727.905
11.3473 0.8646 0.0000 0.00 0.00 1.00 0 0 0 127 0 0 0 0 0 231119 155728.105
11.3473 0.8646 0.0000 0.00 0.00 1.00 0 0 0 127 0 0 0 0 0 231119 155728.305
11.3473 0.8646 0.0000 0.00 0.00 1.00 0 0 0 127 0 0 0 0 0 231119 155728.505
11.3473 0.8646 0.0000 0.00 0.00 1.00 0 0 0 127 0 0 0 0 0 231119 155728.706
11.3473 0.8646 0.0000 0.00 0.00 1.00 0 0 0 127 0 0 0 0 0 231119 155728.906
11.3473 0.8646 0.0000 0.00 0.00 1.00 0 0 0 127 0 0 0 0 0 231119 155729.106
11.3473 0.8646 0.0000 0.00 0.00 1.00 0 0 0 127 0 0 0 0 0 231119 155729.307
11.3473 0.8646 0.0000 0.00 0.00 1.00 0 0 0 127 0 0 0 0 0 231119 155729.507
11.3473 0.8646 0.0000 0.00 0.00 1.00 0 0 0 127 0 0 0 0 0 231119 155729.707
11.3473 0.8646 0.0000 0.00 0.00 1.00 0 0 0 127 0 0 0 0 0 231119 155729.908
11.3473 0.8646 0.0000 0.00 0.00 1.00 0 0 0 127 0 0 0 0 0 231119 155730.108
11.3473 0.8646 0.0000 0.00 0.00 1.00 0 0 0 127 0 0 0 0 0 231119 155730.308
11.3473 0.8646 0.0000 0.00 0.00 1.00 0 0 0 127 0 0 0 0 0 231119 155730.509
11.3473 0.8646 0.0000 0.00 0.00 1.00 0 0 0 127 0 0 0 0 0 231119 155730.709
11.3473 0.8646 0.0000 0.00 0.00 1.00 0 0 0 127 0 0 0 0 0 231119 155730.909
11.3473 0.8646 0.0000 0.00 0.00 1.00 0 0 0 127 0 0 0 0 0 231119 155731.110
11.3473 0.8646 0.0000 0.00 0.00 1.00 0 0 0 127 0 0 0 0 0 231119 155731.310
11.3473 0.8646 0.0000 0.00 0.00 1.00 0 0 0 127 0 0 0 0 0 231119 155731.510
11.3473 0.8646 0.0000 0.00 0.00 1.00 0 0 0 127 0 0 0 0 0 231119 155731.711
11.3473 0.8646 0.0000 0.00 0.00 1.00 0 0 0 127 0 0 0 0 0 231119 155731.911
11.3473 0.8646 0.0000 0.00 0.00 1.00 0 0 0 127 0 0 0 0 0 231119 155732.111
11.3473 0.8646 0.0000 0.00 0.00 1.00 0 0 0 127 0 0 0 0 0 231119 155732.311
11.3473 0.8646 0.0000 0.00 0.00 1.00 0 0 0 127 0 0 0 0 0 231119 155732.512
11.3473 0.8646 0.0000 0.00 0.00 1.00 0 0 0 127 0 0 0 0 0 231119 155732.712
11.3473 0.8646 0.0000 0.00 0.00 1.00 0 0 0 127 0 0 0 0 0 231119 155732.912
11.3473 0.8646 0.0000 0.00 0.00 1.00 0 0 0 127 0 0 0 0 0 231119 155733.113
11.3473 0.8646 0.0000 0.00 0.00 1.00 0 0 0 127 0 0 0 0 0 231119 155733.313
11.3473 0.8646 0.0000 0.00 0.00 1.00 0 0 0 127 0 0 0 0 0 231119 155733.513
11.3473 0.8646 0.0000 0.00 0.00 1.00 0 0 0 127 0 0 0 0 0 231119 155733.713
11.3473 0.8646 0.0000 0.00 0.00 1.00 0 0 0 127 0 0 0 0 0 231119 155733.914
11.3473 0.8646 0.0000 0.00 0.00 1.00 0 0 0 127 0 0 0 0 0 231119 155734.114
11.3473 0.8646 0.0000 0.00 0.00 1.00 0 0 0 127 0 0 0 0 0 231119 155734.314
11.3473 0.8646 0.0000 0.00 0.00 1.00 0 0 0 127 0 0 0 0 0 231119 155734.515
11.3473 0.8646 0.0000 0.00 0.00 1.00 0 0 0 127 0 0 0 0 0 231119 155734.715
11.3473 0.8646 0.0000 0.00 0.00 1.00 0 0 0 127 0 0 0 0 0 231119 155734.915
11.3473 0.8646 0.0000 0.00 0.00 1.00 0 0 0 127 0 0 0 0 0 231119 155735.116
11.3473 0.8646 0.0000 0.00 0.00 1.00 0 0 0 127 0 0 0 0 0 231119 155735.316
11.3473 0.8646 0.0000 0.00 0.00 1.00 0 0 0 127 0 0 0 0 0 231119 155735.516
11.3473 0.8646 0.0000 0.00 0.00 1.00 0 0 0 127 0 0 0 0 0 231119 155735.717
11.3473 0.8646 0.0000 0.00 0.00 1.00 0 0 0 127 0 0 0 0 0 231119 155735.917
11.3473 0.8646 0.0000 0.00 0.00 1.00 0 0 0 127 0 0 0 0 0 231119 155736.118
11.3473 0.8646 0.0000 0.00 0.00 1.00 0 0 0 127 0 0 0 0 0 231119 155736.318
11.3473 0.8646 0.0000 0.00 0.00 1.00 0 0 0 127 0 0 0 0 0 231119 155736.518
11.3473 0.8646 0.0000 0.00 0.00 1.00 0 0 0 127 0 0 0 0 0 231119 155736.719
11.3473 0.8646 0.0000 0.00 0.00 1.00 0 0 0 127 0 0 0 0 0 231119 155736.919
11.3473 0.8646 0.0000 0.00 0.00 1.00 0 0 0 127 0 0 0 0 0 231119 155737.119
11.3473 0.8646 0.0000 0.00 0.00 1.00 0 0 0 127 0 0 0 0 0 231119 155737.320
11.3473 0.8646 0.0000 0.00 0.00 1.00 0 0 0 127 0 0 0 0 0 231119 155737.520
11.3473 0.8646 0.0000 0.00 0.00 1.00 0 0 0 127 0 0 0 0 0 231119 155737.720
11.3473 0.8646 0.0000 0.00 0.00 1.00 0 0 0 127 0 0 0 0 0 231119 155737.921
11.3473 0.8646 0.0000 0.00 0.00 1.00 0 0 0 127 0 0 0 0 0 231119 155738.121
11.3473 0.8646 0.0000 0.00 0.00 1.00 0 0 0 127 0 0 0 0 0 231119 155738.321
11.3473 0.8646 0.0000 0.00 0.00 1.00 0 0 0 127 0 0 0 0 0 231119 155738.522
11.3473 0.8646 0.0000 0.00 0.00 1.00 0 0 0 127 0 0 0 0 0 231119 155738.722
11.3473 0.8646 0.0000 0.00 0.00 1.00 0 0 0 127 0 0 0 0 0 231119 155738.922
11.3473 0.8646 0.0000 0.00 0.00 1.00 0 0 0 127 0 0 0 0 0 231119 155739.123
11.3473 0.8646 0.0000 0.00 0.00 1.00 0 0 0 127 0 0 0 0 0 231119 155739.323
11.3473 0.8646 0.0000 0.00 0.00 1.00 0 0 0 127 0 0 0 0 0 231119 155739.523
11.3473 0.8646 0.0000 0.00 0.00 1.00 0 0 0 127 0 0 0 0 0 231119 155739.723
11.3473 0.8646 0.0000 0.00 0.00 1.00 0 0 0 127 0 0 0 0 0 231119 155739.924
11.3473 0.8646 0.0000 0.00 0.00 1.00 0 0 0 127 0 0 0 0 0 231119 155740.124
11.3473 0.8646 0.0000 0.00 0.00 1.00 0 0 0 127 0 0 0 0 0 231119 155740.324
11.3473 0.8646 0.0000 0.00 0.00 1.00 0 0 0 127 0 0 0 0 0 231119 155740.525
11.3473 0.8646 0.0000 0.00 0.00 1.00 0 0 0 127 0 0 0 0 0 231119 155740.725
11.3473 0.8646 0.0000 0.00 0.00 1.00 0 0 0 127 0 0 0 0 0 231119 155740.925
11.3473 0.8646 0.0000 0.00 0.00 1.00 0 0 0 127 0 0 0 0 0 231119 155741.126
11.3473 0.8646 0.0000 0.00 0.00 1.00 0 0 0 127 0 0 0 0 0 231119 155741.326
11.3473 0.8646 0.0000 0.00 0.00 1.00 0 0 0 127 0 0 0 0 0 231119 155741.526
11.3473 0.8646 0.0000 0.00 0.00 1.00 0 0 0 127 0 0 0 0 0 231119 155741.727
11.3473 0.8646 0.0000 0.00 0.00 1.00 0 0 0 127 0 0 0 0 0 231119 155741.927
11.3473 0.8646 0.0000 0.00 0.00 1.00 0 0 0 127 0 0 0 0 0 231119 155742.127
11.3473 0.8646 0.0000 0.00 0.00 1.00 0 0 0 127 0 0 0 0 0 231119 155742.327
11.3473 0.8646 0.0000 0.00 0.00 1.00 0 0 0 127 0 0 0 0 0 231119 155742.528
11.3473 0.8646 0.0000 0.00 0.00 1.00 0 0 0 127 0 0 0 0 0 231119 155742.728
11.3473 0.8646 0.0000 0.00 0.00 1.00 0 0 0 127 0 0 0 0 0 231119 155742.928
11.3473 0.8646 0.0000 0.00 0.00 1.00 0 0 0 127 0 0 0 0 0 231119 155743.128
11.3473 0.8646 0.0000 0.00 0.00 1.00 0 0 0 127 0 0 0 0 0 231119 155743.328
11.3473 0.8646 0.0000 0.00 0.00 1.00 0 0 0 127 0 0 0 0 0 231119 155743.529
11.3473 0.8646 0.0000 0.00 0.00 1.00 0 0 0 127 0 0 0 0 0 231119 155743.729
11.3473 0.8646 0.0000 0.00 0.00 1.00 0 0 0 127 0 0 0 0 0 231119 155743.930
11.3473 0.8646 0.0000 0.00 0.00 1.00 0 0 0 127 0 0 0 0 0 231119 155744.130
11.3473 0.8646 0.0000 0.00 0.00 1.00 0 0 0 127 0 0 0 0 0 231119 155744.330
11.3473 0.8646 0.0000 0.00 0.00 1.00 0 0 0 127 0 0 0 0 0 231119 155744.530
11.3473 0.8646 0.0000 0.00 0.00 1.00 0 0 0 127 0 0 0 0 0 231119 155744.731
11.3473 0.8646 0.0000 0.00 0.00 1.00 0 0 0 127 0 0 0 0 0 231119 155744.931
11.3473 0.8646 0.0000 0.00 0.00 1.00 0 0 0 127 0 0 0 0 0 231119 155745.131
11.3473 0.8646 0.0000 0.00 0.00 1.00 0 0 0 127 0 0 0 0 0 231119 155745.331
11.3473 0.8646 0.0000 0.00 0.00 1.00 0 0 0 127 0 0 0 0 0 231119 155745.532
11.3473 0.8646 0.0000 0.00 0.00 1.00 0 0 0 127 0 0 0 0 0 231119 155745.732
11.3473 0.8646 0.0000 0.00 0.00 1.00 0 0 0 127 0 0 0 0 0 231119 155745.932
11.3473 0.8646 0.0000 0.00 0.00 1.00 0 0 0 127 0 0 0 0 0 231119 155746.133
11.3473 0.8646 0.0000 0.00 0.00 1.00 0 0 0 127 0 0 0 0 0 231119 155746.333
11.3473 0.8646 0.0000 0.00 0.00 1.00 0 0 0 127 0 0 0 0 0 231119 155746.533
11.3473 0.8646 0.0000 0.00 0.00 1.00 0 0 0 127 0 0 0 0 0 231119 155746.733
11.3473 0.8646 0.0000 0.00 0.00 1.00 0 0 0 127 0 0 0 0 0 231119 155746.934
11.3473 0.8646 0.0000 0.00 0.00 1.00 0 0 0 127 0 0 0 0 0 231119 155747.134
11.3473 0.8646 0.0000 0.00 0.00 1.00 0 0 0 127 0 0 0 0 0 231119 155747.334
11.3473 0.8646 0.0000 0.00 0.00 1.00 0 0 0 127 0 0 0 0 0 231119 155747.535
11.3473 0.8646 0.0000 0.00 0.00 1.00 0 0 0 127 0 0 0 0 0 231119 155747.735
11.3473 0.8646 0.0000 0.00 0.00 1.00 0 0 0 127 0 0 0 0 0 231119 155747.936
11.3473 0.8646 0.0000 0.00 0.00 1.00 0 0 0 127 0 0 0 0 0 231119 155748.136
11.3473 0.8646 0.0000 0.00 0.00 1.00 0 0 0 127 0 0 0 0 0 231119 155748.336
11.3473 0.8646 0.0000 0.00 0.00 1.00 0 0 0 127 0 0 0 0 0 231119 155748.536
11.3473 0.8646 0.0000 0.00 0.00 1.00 0 0 0 127 0 0 0 0 0 231119 155748.737
11.3473 0.8646 0.0000 0.00 0.00 1.00 0 0 0 127 0 0 0 0 0 231119 155748.937
11.3473 0.8646 0.0000 0.00 0.00 1.00 0 0 0 127 0 0 0 0 0 231119 155749.137
11.3473 0.8646 0.0000 0.00 0.00 1.00 0 0 0 127 0 0 0 0 0 231119 155749.337
11.3473 0.8646 0.0000 0.00 0.00 1.00 0 0 0 127 0 0 0 0 0 231119 155749.537
11.3473 0.8646 0.0000 0.00 0.00 1.00 0 0 0 127 0 0 0 0 0 231119 155749.738
11.3473 0.8646 0.0000 0.00 0.00 1.00 0 0 0 127 0 0 0 0 0 231119 155749.938
11.3473 0.8646 0.0000 0.00 0.00 1.00 0 0 0 127 0 0 0 0 0 231119 155750.138
11.3473 0.8646 0.0000 0.00 0.00 1.00 0 0 0 127 0 0 0 0 0 231119 155750.338
11.3473 0.8646 0.0000 0.00 0.00 1.00 0 0 0 127 0 0 0 0 0 231119 155750.538
11.3473 0.8646 0.0000 0.00 0.00 1.00 0 0 0 127 0 0 0 0 0 231119 155750.739
11.3473 0.8646 0.0000 0.00 0.00 1.00 0 0 0 127 0 0 0 0 0 231119 155750.939
11.3473 0.8646 0.0000 0.00 0.00 1.00 0 0 0 127 0 0 0 0 0 231119 155751.139
11.3473 0.8646 0.0000 0.00 0.00 1.00 0 0 0 127 0 0 0 0 0 231119 155751.340
11.3473 0.8646 0.0000 0.00 0.00 1.00 0 0 0 127 0 0 0 0 0 231119 155751.540
11.3473 0.8646 0.0000 0.00 0.00 1.00 0 0 0 127 0 0 0 0 0 231119 155751.740
11.3473 0.8646 0.0000 0.00 0.00 1.00 0 0 0 127 0 0 0 0 0 231119 155751.941
11.3473 0.8646 0.0000 0.00 0.00 1.00 0 0 0 127 0 0 0 0 0 231119 155752.141
11.3473 0.8646 0.0000 0.00 0.00 1.00 0 0 0 127 0 0 0 0 0 231119 155752.341
11.3473 0.8646 0.0000 0.00 0.00 1.00 0 0 0 127 0 0 0 0 0 231119 155752.542
11.3473 0.8646 0.0000 0.00 0.00 1.00 0 0 0 127 0 0 0 0 0 231119 155752.742
11.3473 0.8646 0.0000 0.00 0.00 1.00 0 0 0 127 0 0 0 0 0 231119 155752.943
11.3473 0.8646 0.0000 0.00 0.00 1.00 0 0 0 127 0 0 0 0 0 231119 155753.143
11.3473 0.8646 0.0000 0.00 0.00 1.00 0 0 0 127 0 0 0 0 0 231119 155753.343
11.3473 0.8646 0.0000 0.00 0.00 1.00 0 0 0 127 0 0 0 0 0 231119 155753.544
11.3473 0.8646 0.0000 0.00 0.00 1.00 0 0 0 127 0 0 0 0 0 231119 155753.744
11.3473 0.8646 0.0000 0.00 0.00 1.00 0 0 0 127 0 0 0 0 0 231119 155753.944
11.3473 0.8646 0.0000 0.00 0.00 1.00 0 0 0 127 0 0 0 0 0 231119 155754.144
11.3473 0.8646 0.0000 0.00 0.00 1.00 0 0 0 127 0 0 0 0 0 231119 155754.345
11.3473 0.8646 0.0000 0.00 0.00 1.00 0 0 0 127 0 0 0 0 0 231119 155754.545
11.3473 0.8646 0.0000 0.00 0.00 1.00 0 0 0 127 0 0 0 0 0 231119 155754.745
11.3473 0.8646 0.0000 0.00 0.00 1.00 0 0 0 127 0 0 0 0 0 231119 155754.946
11.3473 0.8646 0.0000 0.00 0.00 1.00 0 0 0 127 0 0 0 0 0 231119 155755.146
11.3473 0.8646 0.0000 0.00 0.00 1.00 0 0 0 127 0 0 0 0 0 231119 155755.346
11.3473 0.8646 0.0000 0.00 0.00 1.00 0 0 0 127 0 0 0 0 0 231119 155755.547
11.3473 0.8646 0.0000 0.00 0.00 1.00 0 0 0 127 0 0 0 0 0 231119 155755.747
11.3473 0.8646 0.0000 0.00 0.00 1.00 0 0 0 127 0 0 0 0 0 231119 155755.947
11.3473 0.8646 0.0000 0.00 0.00 1.00 0 0 0 127 0 0 0 0 0 231119 155756.148
11.3473 0.8646 0.0000 0.00 0.00 1.00 0 0 0 127 0 0 0 0 0 231119 155756.348
11.3473 0.8646 0.0000 0.00 0.00 1.00 0 0 0 127 0 0 0 0 0 231119 155756.548
11.3473 0.8646 0.0000 0.00 0.00 1.00 0 0 0 127 0 0 0 0 0 231119 155756.749
11.3473 0.8646 0.0000 0.00 0.00 1.00 0 0 0 127 0 0 0 0 0 231119 155756.949
11.3473 0.8646 0.0000 0.00 0.00 1.00 0 0 0 127 0 0 0 0 0 231119 155757.149
11.3473 0.8646 0.0000 0.00 0.00 1.00 0 0 0 127 0 0 0 0 0 231119 155757.349
11.3473 0.8646 0.0000 0.00 0.00 1.00 0 0 0 127 0 0 0 0 0 231119 155757.550
11.3473 0.8646 0.0000 0.00 0.00 1.00 0 0 0 127 0 0 0 0 0 231119 155757.750
11.3473 0.8646 0.0000 0.00 0.00 1.00 0 0 0 127 0 0 0 0 0 231119 155757.950
11.3473 0.8646 0.0000 0.00 0.00 1.00 0 0 0 127 0 0 0 0 0 231119 155758.150
11.3473 0.8646 0.0000 0.00 0.00 1.00 0 0 0 127 0 0 0 0 0 231119 155758.351
11.3473 0.8646 0.0000 0.00 0.00 1.00 0 0 0 127 0 0 0 0 0 231119 155758.551
11.3473 0.8646 0.0000 0.00 0.00 1.00 0 0 0 127 0 0 0 0 0 231119 155758.752
11.3473 0.8646 0.0000 0.00 0.00 1.00 0 0 0 127 0 0 0 0 0 231119 155758.952
11.3473 0.8646 0.0000 0.00 0.00 1.00 0 0 0 127 0 0 0 0 0 231119 155759.152
11.3473 0.8646 0.0000 0.00 0.00 1.00 0 0 0 127 0 0 0 0 0 231119 155759.352
11.3473 0.8646 0.0000 0.00 0.00 1.00 0 0 0 127 0 0 0 0 0 231119 155759.552
11.3473 0.8646 0.0000 0.00 0.00 1.00 0 0 0 127 0 0 0 0 0 231119 155759.753
11.3473 0.8646 0.0000 0.00 0.00 1.00 0 0 0 127 0 0 0 0 0 231119 155759.953
11.3473 0.8646 0.0000 0.00 0.00 1.00 0 0 0 127 0 0 0 0 0 231119 155800.154
11.3473 0.8646 0.0000 0.00 0.00 1.00 0 0 0 127 0 0 0 0 0 231119 155800.354
11.3473 0.8646 0.0000 0.00 0.00 1.00 0 0 0 127 0 0 0 0 0 231119 155800.554
11.3473 0.8646 0.0000 0.00 0.00 1.00 0 0 0 127 0 0 0 0 0 231119 155800.755
11.3473 0.8646 0.0000 0.00 0.00 1.00 0 0 0 127 0 0 0 0 0 231119 155800.955
11.3473 0.8646 0.0000 0.00 0.00 1.00 0 0 0 127 0 0 0 0 0 231119 155801.155
11.3473 0.8646 0.0000 0.00 0.00 1.00 0 0 0 127 0 0 0 0 0 231119 155801.355
11.3473 0.8646 0.0000 0.00 0.00 1.00 0 0 0 127 0 0 0 0 0 231119 155801.555
11.3473 0.8646 0.0000 0.00 0.00 1.00 0 0 0 127 0 0 0 0 0 231119 155801.756
11.3473 0.8646 0.0000 0.00 0.00 1.00 0 0 0 127 0 0 0 0 0 231119 155801.956
11.3473 0.8646 0.0000 0.00 0.00 1.00 0 0 0 127 0 0 0 0 0 231119 155802.156
11.3473 0.8646 0.0000 0.00 0.00 1.00 0 0 0 127 0 0 0 0 0 231119 155802.357
11.3473 0.8646 0.0000 0.00 0.00 1.00 0 0 0 127 0 0 0 0 0 231119 155802.557
11.3473 0.8646 0.0000 0.00 0.00 1.00 0 0 0 127 0 0 0 0 0 231119 155802.757
11.3473 0.8646 0.0000 0.00 0.00 1.00 0 0 0 127 0 0 0 0 0 231119 155802.958
11.3473 0.8646 0.0000 0.00 0.00 1.00 0 0 0 127 0 0 0 0 0 231119 155803.158
11.3473 0.8646 0.0000 0.00 0.00 1.00 0 0 0 127 0 0 0 0 0 231119 155803.358
11.3473 0.8646 0.0000 0.00 0.00 1.00 0 0 0 127 0 0 0 0 0 231119 155803.559
11.3473 0.8646 0.0000 0.00 0.00 1.00 0 0 0 127 0 0 0 0 0 231119 155803.759
11.3473 0.8646 0.0000 0.00 0.00 1.00 0 0 0 127 0 0 0 0 0 231119 155803.959
11.3473 0.8646 0.0000 0.00 0.00 1.00 0 0 0 127 0 0 0 0 0 231119 155804.160
11.3473 0.8646 0.0000 0.00 0.00 1.00 0 0 0 127 0 0 0 0 0 231119 155804.360
11.3473 0.8646 0.0000 0.00 0.00 1.00 0 0 0 127 0 0 0 0 0 231119 155804.560
11.3473 0.8646 0.0000 0.00 0.00 1.00 0 0 0 127 0 0 0 0 0 231119 155804.760
11.3473 0.8646 0.0000 0.00 0.00 1.00 0 0 0 127 0 0 0 0 0 231119 155804.961
11.3473 0.8646 0.0000 0.00 0.00 1.00 0 0 0 127 0 0 0 0 0 231119 155805.161
11.3473 0.8646 0.0000 0.00 0.00 1.00 0 0 0 127 0 0 0 0 0 231119 155805.361
11.3473 0.8646 0.0000 0.00 0.00 1.00 0 0 0 127 0 0 0 0 0 231119 155805.561
11.3473 0.8646 0.0000 0.00 0.00 1.00 0 0 0 127 0 0 0 0 0 231119 155805.762
11.3473 0.8646 0.0000 0.00 0.00 1.00 0 0 0 127 0 0 0 0 0 231119 155805.962
11.3473 0.8646 0.0000 0.00 0.00 1.00 0 0 0 127 0 0 0 0 0 231119 155806.163
11.3473 0.8646 0.0000 0.00 0.00 1.00 0 0 0 127 0 0 0 0 0 231119 155806.363
