-0.1019 9.2149 -0.0678 0.00 0.00 1.00 0 0 251 112 1 0 0 0 0 080519 152752.861
-0.1040 9.2842 -0.0673 0.00 0.00 1.00 0 233 250 112 1 0 0 0 0 080519 152753.061
-0.1068 9.3763 -0.0672 0.00 0.00 1.00 0 203 250 112 1 0 0 0 0 080519 152753.262
-0.1102 9.4671 -0.0683 0.00 0.00 1.00 0 176 250 112 1 0 0 0 0 080519 152753.462
-0.1159 9.5820 -0.0698 0.00 0.00 1.00 0 149 250 112 1 0 0 0 0 080519 152753.663
-0.1190 9.6732 -0.0710 0.00 0.00 1.00 0 121 250 112 1 0 0 0 0 080519 152753.863
-0.1224 9.7643 -0.0716 0.00 0.00 1.00 0 94 250 112 1 0 0 0 0 080519 152754.064
-0.1253 9.8320 -0.0727 0.00 0.00 1.00 0 76 250 112 1 0 0 0 0 080519 152754.264
-0.1288 9.9230 -0.0734 0.00 0.00 1.00 0 49 250 112 1 0 0 0 0 080519 152754.464
-0.1329 10.0168 -0.0728 0.00 0.00 1.00 0 25 250 112 1 0 0 0 0 080519 152754.665
-0.1367 10.1283 -0.0755 0.00 0.00 1.00 0 246 249 112 1 0 0 0 0 080519 152754.865
-0.1416 10.2209 -0.0759 0.00 0.00 1.00 0 226 249 112 1 0 0 0 0 080519 152755.065
-0.1440 10.2900 -0.0763 0.00 0.00 1.00 0 202 249 112 1 0 0 0 0 080519 152755.266
-0.1464 10.3842 -0.0771 0.00 0.00 1.00 0 165 249 112 1 0 0 0 0 080519 152755.466
-0.1523 10.4720 -0.0781 0.00 0.00 1.00 0 148 249 112 1 0 0 0 0 080519 152755.666
-0.1580 10.5876 -0.0802 0.00 0.00 1.00 0 117 249 112 1 0 0 0 0 080519 152755.867
-0.1619 10.6782 -0.0808 0.00 0.00 1.00 0 89 249 112 1 0 0 0 0 080519 152756.067
-0.1658 10.7716 -0.0810 0.00 0.00 1.00 0 59 249 112 1 0 0 0 0 080519 152756.268
-0.1682 10.8396 -0.0827 0.00 0.00 1.00 0 36 249 112 1 0 0 0 0 080519 152756.468
-0.1750 10.9549 -0.0821 0.00 0.00 1.00 0 10 249 112 1 0 0 0 0 080519 152756.668
-0.1806 11.0439 -0.0832 0.00 0.00 1.00 0 247 248 112 1 0 0 0 0 080519 152756.869
-0.1875 11.1576 -0.0861 0.00 0.00 1.00 0 222 248 112 1 0 0 0 0 080519 152757.069
-0.1907 11.2500 -0.0874 0.00 0.00 1.00 0 188 248 112 1 0 0 0 0 080519 152757.270
-0.1957 11.3176 -0.0887 0.00 0.00 1.00 0 174 248 112 1 0 0 0 0 080519 152757.470
-0.1997 11.4098 -0.0901 0.00 0.00 1.00 0 139 248 112 1 0 0 0 0 080519 152757.671
-0.2059 11.5234 -0.0923 0.00 0.00 1.00 0 104 248 112 1 0 0 0 0 080519 152757.871
-0.2129 11.6127 -0.0939 0.00 0.00 1.00 0 86 248 112 1 0 0 0 0 080519 152758.071
-0.2173 11.7072 -0.0939 0.00 0.00 1.00 0 53 248 112 1 0 0 0 0 080519 152758.272
-0.2213 11.7747 -0.0951 0.00 0.00 1.00 0 33 248 112 1 0 0 0 0 080519 152758.473
-0.2266 11.8655 -0.0984 0.00 0.00 1.00 0 6 248 112 1 0 0 0 0 080519 152758.673
-0.2314 11.9573 -0.0986 0.00 0.00 1.00 0 232 247 112 1 0 0 0 0 080519 152758.873
-0.2358 12.0251 -0.0994 0.00 0.00 1.00 0 214 247 112 1 0 0 0 0 080519 152759.074
-0.2425 12.1421 -0.0983 0.00 0.00 1.00 0 179 247 112 1 0 0 0 0 080519 152759.274
-0.2481 12.2320 -0.0999 0.00 0.00 1.00 0 154 247 112 1 0 0 0 0 080519 152759.474
-0.2509 12.3032 -0.1003 0.00 0.00 1.00 0 123 247 112 1 0 0 0 0 080519 152759.675
-0.2560 12.3947 -0.1030 0.00 0.00 1.00 0 89 247 112 1 0 0 0 0 080519 152759.875
-0.2630 12.4823 -0.1047 0.00 0.00 1.00 0 67 247 112 1 0 0 0 0 080519 152800.075
-0.2708 12.5966 -0.1049 0.00 0.00 1.00 0 32 247 112 1 0 0 0 0 080519 152800.276
-0.2751 12.6889 -0.1065 0.00 0.00 1.00 0 250 246 112 1 0 0 0 0 080519 152800.476
-0.2808 12.7556 -0.1090 0.00 0.00 1.00 0 236 246 112 1 0 0 0 0 080519 152800.676
-0.2873 12.8713 -0.1110 0.00 0.00 1.00 0 193 246 112 1 0 0 0 0 080519 152800.877
-0.2963 12.9883 -0.1124 0.00 0.00 1.00 0 162 246 112 1 0 0 0 0 080519 152801.078
-0.3019 13.0772 -0.1146 0.00 0.00 1.00 0 133 246 112 1 0 0 0 0 080519 152801.278
-0.3071 13.1692 -0.1151 0.00 0.00 1.00 0 99 246 112 1 0 0 0 0 080519 152801.478
-0.3128 13.2597 -0.1167 0.00 0.00 1.00 0 69 246 112 1 0 0 0 0 080519 152801.679
-0.3170 13.3271 -0.1177 0.00 0.00 1.00 0 44 246 112 1 0 0 0 0 080519 152801.879
-0.3252 13.4411 -0.1189 0.00 0.00 1.00 0 6 246 112 1 0 0 0 0 080519 152802.080
-0.3312 13.5089 -0.1198 0.00 0.00 1.00 0 245 245 112 1 0 0 0 0 080519 152802.280
-0.3423 13.6418 -0.1249 0.00 0.00 1.00 0 208 245 112 1 0 0 0 0 080519 152802.480
-0.3483 13.7102 -0.1257 0.00 0.00 1.00 0 190 245 112 1 0 0 0 0 080519 152802.681
-0.3532 13.7789 -0.1264 0.00 0.00 1.00 0 167 245 112 1 0 0 0 0 080519 152802.881
-0.3612 13.8916 -0.1294 0.00 0.00 1.00 0 129 245 112 1 0 0 0 0 080519 152803.081
-0.3688 13.9868 -0.1298 0.00 0.00 1.00 0 100 245 112 1 0 0 0 0 080519 152803.282
-0.3718 14.0577 -0.1301 0.00 0.00 1.00 0 66 245 112 1 0 0 0 0 080519 152803.482
-0.3770 14.1253 -0.1304 0.00 0.00 1.00 0 45 245 112 1 0 0 0 0 080519 152803.682
-0.3872 14.2396 -0.1317 0.00 0.00 1.00 0 16 245 112 1 0 0 0 0 080519 152803.882
-0.3927 14.3087 -0.1333 0.00 0.00 1.00 0 252 244 112 1 0 0 0 0 080519 152804.083
-0.4027 14.4220 -0.1356 0.00 0.00 1.00 0 216 244 112 1 0 0 0 0 080519 152804.283
-0.4105 14.5381 -0.1367 0.00 0.00 1.00 0 167 244 112 1 0 0 0 0 080519 152804.483
-0.4153 14.5828 -0.1371 0.00 0.00 1.00 0 157 244 112 1 0 0 0 0 080519 152804.684
-0.4231 14.6988 -0.1376 0.00 0.00 1.00 0 108 244 112 1 0 0 0 0 080519 152804.884
-0.4331 14.8103 -0.1410 0.00 0.00 1.00 0 74 244 112 1 0 0 0 0 080519 152805.084
-0.4421 14.9259 -0.1422 0.00 0.00 1.00 0 31 244 112 1 0 0 0 0 080519 152805.285
-0.4482 14.9978 -0.1428 0.00 0.00 1.00 0 8 244 112 1 0 0 0 0 080519 152805.485
-0.4541 15.0639 -0.1456 0.00 0.00 1.00 0 243 243 112 1 0 0 0 0 080519 152805.686
-0.4644 15.1774 -0.1457 0.00 0.00 1.00 0 208 243 112 1 0 0 0 0 080519 152805.886
-0.4706 15.2459 -0.1468 0.00 0.00 1.00 0 187 243 112 1 0 0 0 0 080519 152806.086
-0.4799 15.3561 -0.1499 0.00 0.00 1.00 0 148 243 112 1 0 0 0 0 080519 152806.286
-0.4862 15.4224 -0.1514 0.00 0.00 1.00 0 125 243 112 1 0 0 0 0 080519 152806.487
-0.4971 15.5359 -0.1547 0.00 0.00 1.00 0 86 243 112 1 0 0 0 0 080519 152806.687
-0.5081 15.6503 -0.1565 0.00 0.00 1.00 0 47 243 112 1 0 0 0 0 080519 152806.887
-0.5162 15.7191 -0.1585 0.00 0.00 1.00 0 30 243 112 1 0 0 0 0 080519 152807.087
-0.5375 15.8003 -0.1589 0.00 0.00 1.00 0 69 243 112 1 0 0 0 0 080519 152807.288
-0.5697 15.8900 -0.1615 0.00 0.00 1.00 0 155 243 112 1 0 0 0 0 080519 152807.488
-0.5879 15.9512 -0.1615 0.00 0.00 1.00 0 194 243 112 1 0 0 0 0 080519 152807.688
-0.6131 16.0364 -0.1624 0.00 0.00 1.00 0 249 243 112 1 0 0 0 0 080519 152807.889
-0.6456 16.1487 -0.1634 0.00 0.00 1.00 0 61 244 112 1 0 0 0 0 080519 152808.089
-0.6640 16.2154 -0.1648 0.00 0.00 1.00 0 98 244 112 1 0 0 0 0 080519 152808.289
-0.6833 16.2809 -0.1649 0.00 0.00 1.00 0 139 244 112 1 0 0 0 0 080519 152808.490
-0.7089 16.3711 -0.1671 0.00 0.00 1.00 0 170 244 112 1 0 0 0 0 080519 152808.690
-0.7428 16.4742 -0.1681 0.00 0.00 1.00 0 187 244 112 1 0 0 0 0 080519 152808.890
-0.7679 16.5348 -0.1659 0.00 0.00 1.00 0 223 244 112 1 0 0 0 0 080519 152809.090
-0.8068 16.6007 -0.1686 0.00 0.00 1.00 0 61 245 112 1 0 0 0 0 080519 152809.291
-0.8532 16.6992 -0.1708 0.00 0.00 1.00 0 145 245 112 1 0 0 0 0 080519 152809.491
-0.8831 16.7620 -0.1717 0.00 0.00 1.00 0 200 245 112 1 0 0 0 0 080519 152809.691
-0.9284 16.8676 -0.1726 0.00 0.00 1.00 0 13 246 112 1 0 0 0 0 080519 152809.892
-0.9605 16.9307 -0.1723 0.00 0.00 1.00 0 78 246 112 1 0 0 0 0 080519 152810.092
-1.0241 17.0103 -0.1744 0.00 0.00 1.00 0 15 247 112 1 0 0 0 0 080519 152810.292
-1.0787 17.0704 -0.1753 0.00 0.00 1.00 0 192 247 112 1 0 0 0 0 080519 152810.492
-1.1207 17.1186 -0.1765 0.00 0.00 1.00 0 70 248 112 1 0 0 0 0 080519 152810.693
-1.1910 17.2125 -0.1766 0.00 0.00 1.00 0 19 249 112 1 0 0 0 0 080519 152810.893
-1.2440 17.2883 -0.1778 0.00 0.00 1.00 0 166 249 112 1 0 0 0 0 080519 152811.094
-1.2971 17.3617 -0.1782 0.00 0.00 1.00 0 2 250 112 1 0 0 0 0 080519 152811.294
-1.3342 17.4157 -0.1803 0.00 0.00 1.00 0 60 250 112 1 0 0 0 0 080519 152811.495
-1.4003 17.5070 -0.1815 0.00 0.00 1.00 0 173 250 112 1 0 0 0 0 080519 152811.695
-1.4390 17.5625 -0.1846 0.00 0.00 1.00 0 236 250 112 1 0 0 0 0 080519 152811.895
-1.5055 17.6551 -0.1857 0.00 0.00 1.00 0 93 251 112 1 0 0 0 0 080519 152812.096
-1.5731 17.7464 -0.1872 0.00 0.00 1.00 0 214 251 112 1 0 0 0 0 080519 152812.296
-1.6122 17.8005 -0.1881 0.00 0.00 1.00 0 25 252 112 1 0 0 0 0 080519 152812.496
-1.6798 17.8912 -0.1883 0.00 0.00 1.00 0 147 252 112 1 0 0 0 0 080519 152812.697
-1.7213 17.9477 -0.1888 0.00 0.00 1.00 0 220 252 112 1 0 0 0 0 080519 152812.897
-1.7615 18.0057 -0.1877 0.00 0.00 1.00 0 28 253 112 1 0 0 0 0 080519 152813.097
-1.8142 18.0766 -0.1895 0.00 0.00 1.00 0 123 253 112 1 0 0 0 0 080519 152813.298
-1.8667 18.1495 -0.1910 0.00 0.00 1.00 0 213 253 112 1 0 0 0 0 080519 152813.498
-1.9354 18.2398 -0.1934 0.00 0.00 1.00 0 10 254 112 1 0 0 0 0 080519 152813.698
-1.9886 18.3126 -0.1927 0.00 0.00 1.00 0 0 0 112 1 0 0 0 0 080519 152813.898
-2.0437 18.3903 -0.1943 0.00 0.00 1.00 0 0 0 112 1 0 0 0 0 080519 152814.099
-2.0977 18.4634 -0.1944 0.00 0.00 1.00 0 0 0 112 1 0 0 0 0 080519 152814.299
-2.1722 18.5321 -0.1953 0.00 0.00 1.00 0 0 0 112 1 0 0 0 0 080519 152814.500
-2.2210 18.5675 -0.1947 0.00 0.00 1.00 0 0 0 112 1 0 0 0 0 080519 152814.700
-2.2836 18.6187 -0.1978 0.00 0.00 1.00 0 0 0 112 1 0 0 0 0 080519 152814.900
-2.3509 18.6810 -0.1987 0.00 0.00 1.00 0 0 0 112 1 0 0 0 0 080519 152815.100
-2.4160 18.7397 -0.2040 0.00 0.00 1.00 0 0 0 112 1 0 0 0 0 080519 152815.301
-2.4976 18.8176 -0.2045 0.00 0.00 1.00 0 0 0 112 1 0 0 0 0 080519 152815.501
-2.5510 18.8621 -0.2056 0.00 0.00 1.00 0 0 0 112 1 0 0 0 0 080519 152815.701
-2.6419 18.9131 -0.2055 0.00 0.00 1.00 0 0 0 112 1 0 0 0 0 080519 152815.901
-2.6903 18.9447 -0.2094 0.00 0.00 1.00 0 0 0 112 1 0 0 0 0 080519 152816.102
-2.7650 18.9988 -0.2121 0.00 0.00 1.00 0 0 0 112 1 0 0 0 0 080519 152816.302
-2.8398 19.0515 -0.2137 0.00 0.00 1.00 0 251 1 112 1 0 0 0 0 080519 152816.502
-2.9292 19.1140 -0.2173 0.00 0.00 1.00 0 31 2 112 1 0 0 0 0 080519 152816.703
-2.9825 19.1528 -0.2210 0.00 0.00 1.00 0 46 2 112 1 0 0 0 0 080519 152816.903
-3.0634 19.2056 -0.2160 0.00 0.00 1.00 0 93 2 112 1 0 0 0 0 080519 152817.103
-3.1463 19.2525 -0.2132 0.00 0.00 1.00 0 169 2 112 1 0 0 0 0 080519 152817.303
-3.2193 19.2790 -0.2138 0.00 0.00 1.00 0 38 3 112 1 0 0 0 0 080519 152817.504
-3.3014 19.3117 -0.2230 0.00 0.00 1.00 0 168 3 112 1 0 0 0 0 080519 152817.704
-3.4005 19.3351 -0.2199 0.00 0.00 1.00 0 130 4 112 1 0 0 0 0 080519 152817.904
-3.5056 19.3738 -0.2236 0.00 0.00 1.00 0 52 5 112 1 0 0 0 0 080519 152818.105
-3.5689 19.3978 -0.2233 0.00 0.00 1.00 0 42 5 112 1 0 0 0 0 080519 152818.305
-3.6342 19.4220 -0.2222 0.00 0.00 1.00 0 67 5 112 1 0 0 0 0 080519 152818.505
-3.7220 19.4557 -0.2198 0.00 0.00 1.00 0 96 5 112 1 0 0 0 0 080519 152818.706
-3.7901 19.4818 -0.2182 0.00 0.00 1.00 0 119 5 112 1 0 0 0 0 080519 152818.906
-3.8997 19.5235 -0.2144 0.00 0.00 1.00 0 157 5 112 1 0 0 0 0 080519 152819.106
-4.0061 19.5637 -0.2121 0.00 0.00 1.00 0 195 5 112 1 0 0 0 0 080519 152819.306
-4.0675 19.5880 -0.2132 0.00 0.00 1.00 0 211 5 112 1 0 0 0 0 080519 152819.507
-4.1720 19.6267 -0.2142 0.00 0.00 1.00 0 252 5 112 1 0 0 0 0 080519 152819.707
-4.2351 19.6491 -0.2136 0.00 0.00 1.00 0 25 6 112 1 0 0 0 0 080519 152819.907
-4.3208 19.6800 -0.2123 0.00 0.00 1.00 0 63 6 112 1 0 0 0 0 080519 152820.108
-4.4250 19.7170 -0.2120 0.00 0.00 1.00 0 111 6 112 1 0 0 0 0 080519 152820.308
-4.4871 19.7403 -0.2121 0.00 0.00 1.00 0 133 6 112 1 0 0 0 0 080519 152820.508
-4.5970 19.7800 -0.2107 0.00 0.00 1.00 0 181 6 112 1 0 0 0 0 080519 152820.709
-4.6603 19.8025 -0.2109 0.00 0.00 1.00 0 210 6 112 1 0 0 0 0 080519 152820.909
-4.7445 19.8317 -0.2123 0.00 0.00 1.00 0 252 6 112 1 0 0 0 0 080519 152821.109
-4.8292 19.8620 -0.2119 0.00 0.00 1.00 0 34 7 112 1 0 0 0 0 080519 152821.309
-4.9152 19.8934 -0.2107 0.00 0.00 1.00 0 70 7 112 1 0 0 0 0 080519 152821.510
-5.0031 19.9247 -0.2101 0.00 0.00 1.00 0 110 7 112 1 0 0 0 0 080519 152821.710
-5.1075 19.9614 -0.2100 0.00 0.00 1.00 0 160 7 112 1 0 0 0 0 080519 152821.910
-5.1928 19.9918 -0.2116 0.00 0.00 1.00 0 199 7 112 1 0 0 0 0 080519 152822.111
-5.2996 20.0289 -0.2120 0.00 0.00 1.00 0 252 7 112 1 0 0 0 0 080519 152822.311
-5.3646 20.0509 -0.2126 0.00 0.00 1.00 0 31 8 112 1 0 0 0 0 080519 152822.511
-5.4489 20.0798 -0.2124 0.00 0.00 1.00 0 66 8 112 1 0 0 0 0 080519 152822.711
-5.5581 20.1182 -0.2118 0.00 0.00 1.00 0 109 8 112 1 0 0 0 0 080519 152822.912
-5.6228 20.1414 -0.2112 0.00 0.00 1.00 0 132 8 112 1 0 0 0 0 080519 152823.112
-5.7095 20.1706 -0.2102 0.00 0.00 1.00 0 171 8 112 1 0 0 0 0 080519 152823.313
-5.7749 20.1945 -0.2092 0.00 0.00 1.00 0 192 8 112 1 0 0 0 0 080519 152823.513
-5.8850 20.2333 -0.2074 0.00 0.00 1.00 0 234 8 112 1 0 0 0 0 080519 152823.713
-5.9705 20.2631 -0.2074 0.00 0.00 1.00 0 12 9 112 1 0 0 0 0 080519 152823.913
-6.0554 20.2944 -0.2058 0.00 0.00 1.00 0 39 9 112 1 0 0 0 0 080519 152824.114
-6.1407 20.3236 -0.2057 0.00 0.00 1.00 0 76 9 112 1 0 0 0 0 080519 152824.314
-6.2260 20.3527 -0.2049 0.00 0.00 1.00 0 112 9 112 1 0 0 0 0 080519 152824.514
-6.3105 20.3808 -0.2072 0.00 0.00 1.00 0 153 9 112 1 0 0 0 0 080519 152824.715
-6.3980 20.4126 -0.2032 0.00 0.00 1.00 0 179 9 112 1 0 0 0 0 080519 152824.915
-6.4889 20.4562 -0.2009 0.00 0.00 1.00 0 156 9 112 1 0 0 0 0 080519 152825.115
-6.5750 20.5033 -0.1982 0.00 0.00 1.00 0 108 9 112 1 0 0 0 0 080519 152825.316
-6.6561 20.5436 -0.1996 0.00 0.00 1.00 0 81 9 112 1 0 0 0 0 080519 152825.516
-6.7389 20.5844 -0.1982 0.00 0.00 1.00 0 55 9 112 1 0 0 0 0 080519 152825.716
-6.8219 20.6237 -0.1973 0.00 0.00 1.00 0 37 9 112 1 0 0 0 0 080519 152825.917
-6.9044 20.6629 -0.1971 0.00 0.00 1.00 0 18 9 112 1 0 0 0 0 080519 152826.117
-6.9841 20.7022 -0.1980 0.00 0.00 1.00 0 249 8 112 1 0 0 0 0 080519 152826.317
-7.0466 20.7329 -0.1963 0.00 0.00 1.00 0 230 8 112 1 0 0 0 0 080519 152826.518
-7.1528 20.7838 -0.1930 0.00 0.00 1.00 0 203 8 112 1 0 0 0 0 080519 152826.718
-7.2559 20.8332 -0.1912 0.00 0.00 1.00 0 178 8 112 1 0 0 0 0 080519 152826.918
-7.3384 20.8724 -0.1907 0.00 0.00 1.00 0 146 8 112 1 0 0 0 0 080519 152827.119
-7.4183 20.9092 -0.1905 0.00 0.00 1.00 0 118 8 112 1 0 0 0 0 080519 152827.319
-7.4971 20.9442 -0.1923 0.00 0.00 1.00 0 95 8 112 1 0 0 0 0 080519 152827.519
-7.5838 20.9873 -0.1928 0.00 0.00 1.00 0 50 8 112 1 0 0 0 0 080519 152827.720
-7.6709 21.0312 -0.1863 0.00 0.00 1.00 0 0 8 112 1 0 0 0 0 080519 152827.920
-7.7528 21.0688 -0.1812 0.00 0.00 1.00 0 228 7 112 1 0 0 0 0 080519 152828.120
-7.7953 21.0881 -0.1800 0.00 0.00 1.00 0 214 7 112 1 0 0 0 0 080519 152828.320
-7.8804 21.1312 -0.1759 0.00 0.00 1.00 0 165 7 112 1 0 0 0 0 080519 152828.521
-7.9628 21.1715 -0.1767 0.00 0.00 1.00 0 125 7 112 1 0 0 0 0 080519 152828.721
-8.0345 21.2055 -0.1772 0.00 0.00 1.00 0 94 7 112 1 0 0 0 0 080519 152828.921
-8.1166 21.2421 -0.1769 0.00 0.00 1.00 0 71 7 112 1 0 0 0 0 080519 152829.122
-8.1959 21.2816 -0.1813 0.00 0.00 1.00 0 20 7 112 1 0 0 0 0 080519 152829.322
-8.2750 21.3177 -0.1824 0.00 0.00 1.00 0 214 6 112 1 0 0 0 0 080519 152829.522
-8.3555 21.3543 -0.1852 0.00 0.00 1.00 0 152 6 112 1 0 0 0 0 080519 152829.723
-8.4393 21.3948 -0.1862 0.00 0.00 1.00 0 76 6 112 1 0 0 0 0 080519 152829.923
-8.5184 21.4312 -0.1874 0.00 0.00 1.00 0 13 6 112 1 0 0 0 0 080519 152830.123
-8.6019 21.4696 -0.1882 0.00 0.00 1.00 0 202 5 112 1 0 0 0 0 080519 152830.324
-8.6870 21.5081 -0.1864 0.00 0.00 1.00 0 137 5 112 1 0 0 0 0 080519 152830.524
-8.7719 21.5469 -0.1862 0.00 0.00 1.00 0 70 5 112 1 0 0 0 0 080519 152830.724
-8.8948 21.5986 -0.1883 0.00 0.00 1.00 0 251 4 112 1 0 0 0 0 080519 152830.924
-8.9749 21.6344 -0.1916 0.00 0.00 1.00 0 192 4 112 1 0 0 0 0 080519 152831.125
-9.0629 21.6731 -0.1895 0.00 0.00 1.00 0 131 4 112 1 0 0 0 0 080519 152831.325
-9.1458 21.7108 -0.1903 0.00 0.00 1.00 0 10 4 112 1 0 0 0 0 080519 152831.526
-9.2315 21.7470 -0.1880 0.00 0.00 1.00 0 145 3 112 1 0 0 0 0 080519 152831.726
-9.3070 21.7798 -0.1908 0.00 0.00 1.00 0 33 3 112 1 0 0 0 0 080519 152831.926
-9.4065 21.8224 -0.1954 0.00 0.00 1.00 0 145 2 112 1 0 0 0 0 080519 152832.126
-9.4695 21.8476 -0.1969 0.00 0.00 1.00 0 62 2 112 1 0 0 0 0 080519 152832.327
-9.5551 21.8863 -0.1980 0.00 0.00 1.00 0 0 0 112 1 0 0 0 0 080519 152832.527
-9.6382 21.9241 -0.1983 0.00 0.00 1.00 0 0 0 112 1 0 0 0 0 080519 152832.727
-9.7137 21.9556 -0.2019 0.00 0.00 1.00 0 0 0 112 1 0 0 0 0 080519 152832.927
-9.8002 21.9934 -0.2041 0.00 0.00 1.00 0 0 0 112 1 0 0 0 0 080519 152833.127
-9.8450 22.0080 -0.2057 0.00 0.00 1.00 0 0 0 112 1 0 0 0 0 080519 152833.328
-9.9228 22.0213 -0.2074 0.00 0.00 1.00 0 0 0 112 1 0 0 0 0 080519 152833.528
-10.0098 22.0448 -0.2077 0.00 0.00 1.00 0 0 0 112 1 0 0 0 0 080519 152833.728
-10.1008 22.0726 -0.2097 0.00 0.00 1.00 0 0 0 112 1 0 0 0 0 080519 152833.929
-10.2074 22.1016 -0.2111 0.00 0.00 1.00 0 0 0 112 1 0 0 0 0 080519 152834.129
-10.2963 22.1281 -0.2127 0.00 0.00 1.00 0 0 0 112 1 0 0 0 0 080519 152834.329
-10.3852 22.1542 -0.2138 0.00 0.00 1.00 0 0 0 112 1 0 0 0 0 080519 152834.529
-10.4690 22.1789 -0.2164 0.00 0.00 1.00 0 0 0 112 1 0 0 0 0 080519 152834.730
-10.5622 22.2045 -0.2163 0.00 0.00 1.00 0 0 0 112 1 0 0 0 0 080519 152834.930
-10.6518 22.2286 -0.2191 0.00 0.00 1.00 0 216 253 112 1 0 0 0 0 080519 152835.130
-10.7618 22.2452 -0.2182 0.00 0.00 1.00 0 201 253 112 1 0 0 0 0 080519 152835.330
-10.8423 22.2487 -0.2174 0.00 0.00 1.00 0 233 253 112 1 0 0 0 0 080519 152835.530
-10.9318 22.2609 -0.2187 0.00 0.00 1.00 0 228 253 112 1 0 0 0 0 080519 152835.731
-11.0018 22.2708 -0.2181 0.00 0.00 1.00 0 222 253 112 1 0 0 0 0 080519 152835.931
-11.0937 22.2829 -0.2178 0.00 0.00 1.00 0 218 253 112 1 0 0 0 0 080519 152836.131
-11.1865 22.2960 -0.2160 0.00 0.00 1.00 0 205 253 112 1 0 0 0 0 080519 152836.332
-11.3066 22.3110 -0.2118 0.00 0.00 1.00 0 200 253 112 1 0 0 0 0 080519 152836.532
-11.4037 22.3247 -0.2065 0.00 0.00 1.00 0 187 253 112 1 0 0 0 0 080519 152836.732
-11.4890 22.3355 -0.2066 0.00 0.00 1.00 0 183 253 112 1 0 0 0 0 080519 152836.932
-11.5731 22.3468 -0.2097 0.00 0.00 1.00 0 175 253 112 1 0 0 0 0 080519 152837.133
-11.6596 22.3600 -0.2141 0.00 0.00 1.00 0 158 253 112 1 0 0 0 0 080519 152837.333
-11.7293 22.3679 -0.2127 0.00 0.00 1.00 0 159 253 112 1 0 0 0 0 080519 152837.533
-11.8363 22.3828 -0.2145 0.00 0.00 1.00 0 147 253 112 1 0 0 0 0 080519 152837.734
-11.9272 22.3938 -0.2154 0.00 0.00 1.00 0 144 253 112 1 0 0 0 0 080519 152837.934
-12.0138 22.4078 -0.2199 0.00 0.00 1.00 0 124 253 112 1 0 0 0 0 080519 152838.134
-12.0818 22.4170 -0.2234 0.00 0.00 1.00 0 117 253 112 1 0 0 0 0 080519 152838.334
-12.1679 22.4294 -0.2267 0.00 0.00 1.00 0 99 253 112 1 0 0 0 0 080519 152838.535
-12.2586 22.4413 -0.2305 0.00 0.00 1.00 0 86 253 112 1 0 0 0 0 080519 152838.735
-12.3493 22.4548 -0.2313 0.00 0.00 1.00 0 65 253 112 1 0 0 0 0 080519 152838.935
-12.4408 22.4664 -0.2319 0.00 0.00 1.00 0 54 253 112 1 0 0 0 0 080519 152839.135
-12.5354 22.4769 -0.2318 0.00 0.00 1.00 0 50 253 112 1 0 0 0 0 080519 152839.335
-12.6466 22.4901 -0.2336 0.00 0.00 1.00 0 41 253 112 1 0 0 0 0 080519 152839.536
-12.7164 22.4989 -0.2341 0.00 0.00 1.00 0 33 253 112 1 0 0 0 0 080519 152839.736
-12.8275 22.5120 -0.2369 0.00 0.00 1.00 0 24 253 112 1 0 0 0 0 080519 152839.936
-12.9169 22.5226 -0.2390 0.00 0.00 1.00 0 17 253 112 1 0 0 0 0 080519 152840.137
-13.0078 22.5337 -0.2393 0.00 0.00 1.00 0 8 253 112 1 0 0 0 0 080519 152840.337
-13.0743 22.5417 -0.2412 0.00 0.00 1.00 0 1 253 112 1 0 0 0 0 080519 152840.538
-13.1874 22.5548 -0.2424 0.00 0.00 1.00 0 241 252 112 1 0 0 0 0 080519 152840.738
-13.2784 22.5651 -0.2430 0.00 0.00 1.00 0 229 252 112 1 0 0 0 0 080519 152840.938
-13.3657 22.5757 -0.2468 0.00 0.00 1.00 0 214 252 112 1 0 0 0 0 080519 152841.139
-13.4310 22.5833 -0.2488 0.00 0.00 1.00 0 204 252 112 1 0 0 0 0 080519 152841.339
-13.5669 22.5998 -0.2521 0.00 0.00 1.00 0 181 252 112 1 0 0 0 0 080519 152841.539
-13.6355 22.6069 -0.2530 0.00 0.00 1.00 0 175 252 112 1 0 0 0 0 080519 152841.740
-13.7241 22.6174 -0.2554 0.00 0.00 1.00 0 161 252 112 1 0 0 0 0 080519 152841.940
-13.8350 22.6282 -0.2587 0.00 0.00 1.00 0 155 252 112 1 0 0 0 0 080519 152842.140
-13.9035 22.6345 -0.2599 0.00 0.00 1.00 0 153 252 112 1 0 0 0 0 080519 152842.341
-13.9956 22.6444 -0.2603 0.00 0.00 1.00 0 144 252 112 1 0 0 0 0 080519 152842.541
-14.0643 22.6515 -0.2610 0.00 0.00 1.00 0 138 252 112 1 0 0 0 0 080519 152842.741
-14.1924 22.6649 -0.2661 0.00 0.00 1.00 0 120 252 112 1 0 0 0 0 080519 152842.941
-14.2635 22.6731 -0.2666 0.00 0.00 1.00 0 105 252 112 1 0 0 0 0 080519 152843.142
-14.3511 22.6836 -0.2694 0.00 0.00 1.00 0 86 252 112 1 0 0 0 0 080519 152843.342
-14.4175 22.6897 -0.2710 0.00 0.00 1.00 0 80 252 112 1 0 0 0 0 080519 152843.542
-14.5079 22.6898 -0.2734 0.00 0.00 1.00 0 114 252 112 1 0 0 0 0 080519 152843.742
-14.5722 22.6855 -0.2759 0.00 0.00 1.00 0 159 252 112 1 0 0 0 0 080519 152843.943
-14.6771 22.6854 -0.2787 0.00 0.00 1.00 0 199 252 112 1 0 0 0 0 080519 152844.143
-14.7915 22.6869 -0.2819 0.00 0.00 1.00 0 234 252 112 1 0 0 0 0 080519 152844.343
-14.8830 22.6870 -0.2832 0.00 0.00 1.00 0 12 253 112 1 0 0 0 0 080519 152844.543
-14.9959 22.6863 -0.2856 0.00 0.00 1.00 0 58 253 112 1 0 0 0 0 080519 152844.744
-15.0642 22.6865 -0.2881 0.00 0.00 1.00 0 82 253 112 1 0 0 0 0 080519 152844.944
-15.1555 22.6865 -0.2883 0.00 0.00 1.00 0 114 253 112 1 0 0 0 0 080519 152845.144
-15.2706 22.6863 -0.2907 0.00 0.00 1.00 0 150 253 112 1 0 0 0 0 080519 152845.345
-15.3369 22.6846 -0.2937 0.00 0.00 1.00 0 178 253 112 1 0 0 0 0 080519 152845.545
-15.4280 22.6846 -0.2941 0.00 0.00 1.00 0 206 253 112 1 0 0 0 0 080519 152845.745
-15.5468 22.6850 -0.2925 0.00 0.00 1.00 0 240 253 112 1 0 0 0 0 080519 152845.945
-15.6133 22.6848 -0.2943 0.00 0.00 1.00 0 5 254 112 1 0 0 0 0 080519 152846.146
-15.7071 22.6849 -0.2940 0.00 0.00 1.00 0 0 0 112 1 0 0 0 0 080519 152846.346
-15.8029 22.6840 -0.2948 0.00 0.00 1.00 0 0 0 112 1 0 0 0 0 080519 152846.546
-15.8703 22.6832 -0.2952 0.00 0.00 1.00 0 0 0 112 1 0 0 0 0 080519 152846.746
-15.9826 22.6819 -0.2944 0.00 0.00 1.00 0 0 0 112 1 0 0 0 0 080519 152846.947
-16.0731 22.6819 -0.2957 0.00 0.00 1.00 0 0 0 112 1 0 0 0 0 080519 152847.147
-16.1849 22.6826 -0.2979 0.00 0.00 1.00 0 0 0 112 1 0 0 0 0 080519 152847.347
-16.2493 22.6823 -0.3007 0.00 0.00 1.00 0 0 0 112 1 0 0 0 0 080519 152847.547
-16.3378 22.6826 -0.3058 0.00 0.00 1.00 0 0 0 112 1 0 0 0 0 080519 152847.747
-16.4502 22.6826 -0.3098 0.00 0.00 1.00 0 0 0 112 1 0 0 0 0 080519 152847.948
-16.5192 22.6827 -0.3115 0.00 0.00 1.00 0 0 0 112 1 0 0 0 0 080519 152848.148
-16.6084 22.6808 -0.3138 0.00 0.00 1.00 0 0 0 112 1 0 0 0 0 080519 152848.348
-16.6811 22.6799 -0.3121 0.00 0.00 1.00 0 0 0 112 1 0 0 0 0 080519 152848.549
-16.7946 22.6782 -0.3136 0.00 0.00 1.00 0 0 0 112 1 0 0 0 0 080519 152848.749
-16.8860 22.6758 -0.3138 0.00 0.00 1.00 0 0 0 112 1 0 0 0 0 080519 152848.949
-16.9767 22.6750 -0.3158 0.00 0.00 1.00 0 0 0 112 1 0 0 0 0 080519 152849.149
-17.0656 22.6740 -0.3191 0.00 0.00 1.00 0 0 0 112 1 0 0 0 0 080519 152849.350
-17.1564 22.6719 -0.3188 0.00 0.00 1.00 0 0 0 112 1 0 0 0 0 080519 152849.550
-17.2273 22.6712 -0.3183 0.00 0.00 1.00 0 0 0 112 1 0 0 0 0 080519 152849.750
-17.3639 22.6699 -0.3196 0.00 0.00 1.00 0 0 0 112 1 0 0 0 0 080519 152849.950
-17.4302 22.6680 -0.3190 0.00 0.00 1.00 0 0 0 112 1 0 0 0 0 080519 152850.150
-17.5258 22.6550 -0.3192 0.00 0.00 1.00 0 0 0 112 1 0 0 0 0 080519 152850.351
-17.6171 22.6302 -0.3232 0.00 0.00 1.00 0 0 0 112 1 0 0 0 0 080519 152850.551
-17.6830 22.6207 -0.3246 0.00 0.00 1.00 0 0 0 112 1 0 0 0 0 080519 152850.751
-17.7973 22.6032 -0.3277 0.00 0.00 1.00 0 0 0 112 1 0 0 0 0 080519 152850.951
-17.8851 22.5904 -0.3282 0.00 0.00 1.00 0 0 0 112 1 0 0 0 0 080519 152851.151
-17.9533 22.5786 -0.3271 0.00 0.00 1.00 0 0 0 112 1 0 0 0 0 080519 152851.352
-18.0443 22.5638 -0.3278 0.00 0.00 1.00 0 60 2 112 1 0 0 0 0 080519 152851.552
-18.1554 22.5452 -0.3300 0.00 0.00 1.00 0 157 2 112 1 0 0 0 0 080519 152851.752
-18.2209 22.5282 -0.3324 0.00 0.00 1.00 0 126 2 112 1 0 0 0 0 080519 152851.952
-18.2954 22.4962 -0.3338 0.00 0.00 1.00 0 173 2 112 1 0 0 0 0 080519 152852.152
-18.3941 22.4601 -0.3364 0.00 0.00 1.00 0 203 2 112 1 0 0 0 0 080519 152852.353
-18.4611 22.4381 -0.3373 0.00 0.00 1.00 0 212 2 112 1 0 0 0 0 080519 152852.553
-18.5467 22.4100 -0.3375 0.00 0.00 1.00 0 224 2 112 1 0 0 0 0 080519 152852.753
-18.6560 22.3721 -0.3363 0.00 0.00 1.00 0 248 2 112 1 0 0 0 0 080519 152852.953
-18.7612 22.3386 -0.3394 0.00 0.00 1.00 0 2 3 112 1 0 0 0 0 080519 152853.154
-18.8174 22.3115 -0.3418 0.00 0.00 1.00 0 50 3 112 1 0 0 0 0 080519 152853.354
-18.8143 22.2906 -0.3382 0.00 0.00 1.00 0 155 3 112 1 0 0 0 0 080519 152853.554
-18.8356 22.2753 -0.3399 0.00 0.00 1.00 0 198 3 112 1 0 0 0 0 080519 152853.754
-18.9473 22.2141 -0.3398 0.00 0.00 1.00 0 74 4 112 1 0 0 0 0 080519 152853.955
-19.0116 22.1805 -0.3397 0.00 0.00 1.00 0 143 4 112 1 0 0 0 0 080519 152854.155
-19.0792 22.1350 -0.3403 0.00 0.00 1.00 0 99 4 112 1 0 0 0 0 080519 152854.355
-19.1523 22.0972 -0.3421 0.00 0.00 1.00 0 0 4 112 1 0 0 0 0 080519 152854.555
-19.2341 22.0553 -0.3416 0.00 0.00 1.00 0 144 3 112 1 0 0 0 0 080519 152854.756
-19.3131 22.0094 -0.3416 0.00 0.00 1.00 0 56 3 112 1 0 0 0 0 080519 152854.956
-19.4020 21.9515 -0.3432 0.00 0.00 1.00 0 237 2 112 1 0 0 0 0 080519 152855.156
-19.4627 21.9097 -0.3438 0.00 0.00 1.00 0 194 2 112 1 0 0 0 0 080519 152855.356
-19.5247 21.8562 -0.3447 0.00 0.00 1.00 0 191 2 112 1 0 0 0 0 080519 152855.556
-19.5748 21.8021 -0.3464 0.00 0.00 1.00 0 229 2 112 1 0 0 0 0 080519 152855.757
-19.6490 21.7290 -0.3458 0.00 0.00 1.00 0 3 3 112 1 0 0 0 0 080519 152855.957
-19.6967 21.6808 -0.3472 0.00 0.00 1.00 0 27 3 112 1 0 0 0 0 080519 152856.157
-19.7451 21.6326 -0.3453 0.00 0.00 1.00 0 49 3 112 1 0 0 0 0 080519 152856.357
-19.8135 21.5674 -0.3431 0.00 0.00 1.00 0 178 2 112 1 0 0 0 0 080519 152856.558
-19.8953 21.4891 -0.3438 0.00 0.00 1.00 0 0 0 112 1 0 0 0 0 080519 152856.758
-19.9582 21.4258 -0.3433 0.00 0.00 1.00 0 0 0 112 1 0 0 0 0 080519 152856.958
-20.0213 21.3610 -0.3422 0.00 0.00 1.00 0 0 0 112 1 0 0 0 0 080519 152857.158
-20.0717 21.3137 -0.3436 0.00 0.00 1.00 0 0 0 112 1 0 0 0 0 080519 152857.359
-20.1515 21.2340 -0.3430 0.00 0.00 1.00 0 0 0 112 1 0 0 0 0 080519 152857.559
-20.1983 21.1862 -0.3434 0.00 0.00 1.00 0 0 0 112 1 0 0 0 0 080519 152857.759
-20.2804 21.1013 -0.3437 0.00 0.00 1.00 0 0 0 112 1 0 0 0 0 080519 152857.959
-20.3247 21.0310 -0.3432 0.00 0.00 1.00 0 0 0 112 1 0 0 0 0 080519 152858.160
-20.3643 20.9594 -0.3415 0.00 0.00 1.00 0 0 0 112 1 0 0 0 0 080519 152858.360
-20.3992 20.9066 -0.3410 0.00 0.00 1.00 0 0 0 112 1 0 0 0 0 080519 152858.560
-20.4784 20.7961 -0.3419 0.00 0.00 1.00 0 131 253 112 1 0 0 0 0 080519 152858.761
-20.5283 20.7208 -0.3426 0.00 0.00 1.00 0 178 252 112 1 0 0 0 0 080519 152858.961
-20.5536 20.6835 -0.3426 0.00 0.00 1.00 0 72 252 112 1 0 0 0 0 080519 152859.162
-20.5914 20.6267 -0.3441 0.00 0.00 1.00 0 170 251 112 1 0 0 0 0 080519 152859.362
-20.6706 20.5148 -0.3440 0.00 0.00 1.00 0 92 250 112 1 0 0 0 0 080519 152859.563
-20.7193 20.4387 -0.3445 0.00 0.00 1.00 0 146 249 112 1 0 0 0 0 080519 152859.763
-20.7719 20.3650 -0.3447 0.00 0.00 1.00 0 179 248 112 1 0 0 0 0 080519 152859.963
-20.8108 20.3080 -0.3455 0.00 0.00 1.00 0 16 248 112 1 0 0 0 0 080519 152900.163
-20.8608 20.2288 -0.3445 0.00 0.00 1.00 0 66 247 112 1 0 0 0 0 080519 152900.364
-20.9103 20.1541 -0.3453 0.00 0.00 1.00 0 115 246 112 1 0 0 0 0 080519 152900.564
-20.9622 20.0765 -0.3469 0.00 0.00 1.00 0 154 245 112 1 0 0 0 0 080519 152900.764
-21.0272 19.9816 -0.3451 0.00 0.00 1.00 0 137 244 112 1 0 0 0 0 080519 152900.965
-21.0806 19.9067 -0.3446 0.00 0.00 1.00 0 167 243 112 1 0 0 0 0 080519 152901.165
-21.1127 19.8442 -0.3468 0.00 0.00 1.00 0 47 243 112 1 0 0 0 0 080519 152901.365
-21.1475 19.7496 -0.3437 0.00 0.00 1.00 0 144 242 112 1 0 0 0 0 080519 152901.565
-21.1714 19.6932 -0.3442 0.00 0.00 1.00 0 34 242 112 1 0 0 0 0 080519 152901.765
-21.2091 19.6117 -0.3435 0.00 0.00 1.00 0 116 241 112 1 0 0 0 0 080519 152901.966
-21.2509 19.5267 -0.3412 0.00 0.00 1.00 0 177 240 112 1 0 0 0 0 080519 152902.166
-21.2787 19.4650 -0.3426 0.00 0.00 1.00 0 49 240 112 1 0 0 0 0 080519 152902.366
-21.3376 19.3438 -0.3420 0.00 0.00 1.00 0 31 239 112 1 0 0 0 0 080519 152902.567
-21.3754 19.2616 -0.3414 0.00 0.00 1.00 0 112 238 112 1 0 0 0 0 080519 152902.767
-21.4157 19.1770 -0.3402 0.00 0.00 1.00 0 180 237 112 1 0 0 0 0 080519 152902.967
-21.4429 19.1149 -0.3416 0.00 0.00 1.00 0 55 237 112 1 0 0 0 0 080519 152903.168
-21.4788 19.0320 -0.3410 0.00 0.00 1.00 0 146 236 112 1 0 0 0 0 080519 152903.368
-21.5345 18.9058 -0.3395 0.00 0.00 1.00 0 145 235 112 1 0 0 0 0 080519 152903.568
-21.5735 18.8226 -0.3396 0.00 0.00 1.00 0 220 234 112 1 0 0 0 0 080519 152903.768
-21.6014 18.7597 -0.3382 0.00 0.00 1.00 0 89 234 112 1 0 0 0 0 080519 152903.968
-21.6390 18.6787 -0.3398 0.00 0.00 1.00 0 166 233 112 1 0 0 0 0 080519 152904.169
-21.6774 18.5931 -0.3370 0.00 0.00 1.00 0 238 232 112 1 0 0 0 0 080519 152904.369
-21.7146 18.5098 -0.3355 0.00 0.00 1.00 0 61 232 112 1 0 0 0 0 080519 152904.569
-21.7502 18.4251 -0.3362 0.00 0.00 1.00 0 148 231 112 1 0 0 0 0 080519 152904.769
-21.7696 18.3229 -0.3355 0.00 0.00 1.00 0 61 231 112 1 0 0 0 0 080519 152904.970
-21.7847 18.2624 -0.3355 0.00 0.00 1.00 0 248 230 112 1 0 0 0 0 080519 152905.170
-21.8078 18.1774 -0.3343 0.00 0.00 1.00 0 142 230 112 1 0 0 0 0 080519 152905.370
-21.8348 18.0661 -0.3342 0.00 0.00 1.00 0 18 230 112 1 0 0 0 0 080519 152905.571
-21.8441 18.0232 -0.3345 0.00 0.00 1.00 0 232 229 112 1 0 0 0 0 080519 152905.771
-21.8668 17.9350 -0.3342 0.00 0.00 1.00 0 127 229 112 1 0 0 0 0 080519 152905.971
-21.8886 17.8475 -0.3344 0.00 0.00 1.00 0 27 229 112 1 0 0 0 0 080519 152906.171
-21.9102 17.7596 -0.3320 0.00 0.00 1.00 0 184 228 112 1 0 0 0 0 080519 152906.372
-21.9248 17.6902 -0.3334 0.00 0.00 1.00 0 115 228 112 1 0 0 0 0 080519 152906.572
-21.9243 17.5653 -0.3330 0.00 0.00 1.00 0 124 228 112 1 0 0 0 0 080519 152906.772
-21.9279 17.4853 -0.3332 0.00 0.00 1.00 0 110 228 112 1 0 0 0 0 080519 152906.972
-21.9322 17.4142 -0.3330 0.00 0.00 1.00 0 93 228 112 1 0 0 0 0 080519 152907.173
-21.9409 17.3241 -0.3314 0.00 0.00 1.00 0 55 228 112 1 0 0 0 0 080519 152907.373
-21.9484 17.2333 -0.3300 0.00 0.00 1.00 0 22 228 112 1 0 0 0 0 080519 152907.573
-21.9565 17.1416 -0.3289 0.00 0.00 1.00 0 242 227 112 1 0 0 0 0 080519 152907.774
-21.9643 17.0511 -0.3268 0.00 0.00 1.00 0 209 227 112 1 0 0 0 0 080519 152907.975
-21.9727 16.9603 -0.3277 0.00 0.00 1.00 0 172 227 112 1 0 0 0 0 080519 152908.175
-21.9839 16.8461 -0.3253 0.00 0.00 1.00 0 122 227 112 1 0 0 0 0 080519 152908.376
-21.9919 16.7544 -0.3243 0.00 0.00 1.00 0 88 227 112 1 0 0 0 0 080519 152908.576
-22.0001 16.6621 -0.3213 0.00 0.00 1.00 0 45 227 112 1 0 0 0 0 080519 152908.776
-22.0079 16.5700 -0.3189 0.00 0.00 1.00 0 4 227 112 1 0 0 0 0 080519 152908.977
-22.0170 16.4540 -0.3170 0.00 0.00 1.00 0 212 226 112 1 0 0 0 0 080519 152909.177
-22.0272 16.3611 -0.3150 0.00 0.00 1.00 0 159 226 112 1 0 0 0 0 080519 152909.377
-22.0343 16.2705 -0.3132 0.00 0.00 1.00 0 122 226 112 1 0 0 0 0 080519 152909.577
-22.0424 16.2049 -0.3122 0.00 0.00 1.00 0 80 226 112 1 0 0 0 0 080519 152909.778
-22.0503 16.1135 -0.3094 0.00 0.00 1.00 0 38 226 112 1 0 0 0 0 080519 152909.978
-22.0557 16.0229 -0.3089 0.00 0.00 1.00 0 9 226 112 1 0 0 0 0 080519 152910.178
-22.0627 15.9321 -0.3078 0.00 0.00 1.00 0 228 225 112 1 0 0 0 0 080519 152910.378
-22.0725 15.8153 -0.3041 0.00 0.00 1.00 0 177 225 112 1 0 0 0 0 080519 152910.579
-22.0763 15.7697 -0.3030 0.00 0.00 1.00 0 157 225 112 1 0 0 0 0 080519 152910.779
-22.0814 15.6767 -0.2981 0.00 0.00 1.00 0 126 225 112 1 0 0 0 0 080519 152910.979
-22.0871 15.5860 -0.2979 0.00 0.00 1.00 0 90 225 112 1 0 0 0 0 080519 152911.180
-22.0937 15.4961 -0.2965 0.00 0.00 1.00 0 49 225 112 1 0 0 0 0 080519 152911.380
-22.1037 15.3829 -0.2964 0.00 0.00 1.00 0 245 224 112 1 0 0 0 0 080519 152911.580
-22.1099 15.2960 -0.2946 0.00 0.00 1.00 0 207 224 112 1 0 0 0 0 080519 152911.780
-22.1139 15.2267 -0.2941 0.00 0.00 1.00 0 181 224 112 1 0 0 0 0 080519 152911.981
-22.1198 15.1331 -0.2937 0.00 0.00 1.00 0 143 224 112 1 0 0 0 0 080519 152912.182
-22.1263 15.0434 -0.2910 0.00 0.00 1.00 0 102 224 112 1 0 0 0 0 080519 152912.382
-22.1356 14.9295 -0.2885 0.00 0.00 1.00 0 46 224 112 1 0 0 0 0 080519 152912.583
-22.1423 14.8402 -0.2875 0.00 0.00 1.00 0 5 224 112 1 0 0 0 0 080519 152912.783
-22.1489 14.7490 -0.2854 0.00 0.00 1.00 0 219 223 112 1 0 0 0 0 080519 152912.983
-22.1538 14.6593 -0.2843 0.00 0.00 1.00 0 186 223 112 1 0 0 0 0 080519 152913.183
-22.1610 14.5449 -0.2815 0.00 0.00 1.00 0 133 223 112 1 0 0 0 0 080519 152913.384
-22.1671 14.4523 -0.2803 0.00 0.00 1.00 0 89 223 112 1 0 0 0 0 080519 152913.584
-22.1747 14.3610 -0.2783 0.00 0.00 1.00 0 38 223 112 1 0 0 0 0 080519 152913.784
-22.1786 14.2913 -0.2751 0.00 0.00 1.00 0 9 223 112 1 0 0 0 0 080519 152913.985
-22.1842 14.2011 -0.2744 0.00 0.00 1.00 0 224 222 112 1 0 0 0 0 080519 152914.186
-22.1913 14.1105 -0.2728 0.00 0.00 1.00 0 175 222 112 1 0 0 0 0 080519 152914.386
-22.1971 13.9985 -0.2707 0.00 0.00 1.00 0 129 222 112 1 0 0 0 0 080519 152914.586
-22.2009 13.9061 -0.2702 0.00 0.00 1.00 0 97 222 112 1 0 0 0 0 080519 152914.787
-22.2047 13.8142 -0.2678 0.00 0.00 1.00 0 65 222 112 1 0 0 0 0 080519 152914.987
-22.2088 13.7442 -0.2652 0.00 0.00 1.00 0 34 222 112 1 0 0 0 0 080519 152915.188
-22.2135 13.6515 -0.2631 0.00 0.00 1.00 0 253 221 112 1 0 0 0 0 080519 152915.388
-22.2177 13.5396 -0.2603 0.00 0.00 1.00 0 210 221 112 1 0 0 0 0 080519 152915.588
-22.2236 13.4481 -0.2576 0.00 0.00 1.00 0 162 221 112 1 0 0 0 0 080519 152915.788
-22.2265 13.3595 -0.2568 0.00 0.00 1.00 0 129 221 112 1 0 0 0 0 080519 152915.989
-22.2297 13.2914 -0.2582 0.00 0.00 1.00 0 99 221 112 1 0 0 0 0 080519 152916.189
-22.2373 13.1560 -0.2575 0.00 0.00 1.00 0 34 221 112 1 0 0 0 0 080519 152916.389
-22.2413 13.0876 -0.2555 0.00 0.00 1.00 0 0 221 112 1 0 0 0 0 080519 152916.589
-22.2436 13.0427 -0.2548 0.00 0.00 1.00 0 235 220 112 1 0 0 0 0 080519 152916.790
-22.2456 12.9511 -0.2540 0.00 0.00 1.00 0 207 220 112 1 0 0 0 0 080519 152916.990
-22.2525 12.8380 -0.2522 0.00 0.00 1.00 0 149 220 112 1 0 0 0 0 080519 152917.190
-22.2563 12.7500 -0.2513 0.00 0.00 1.00 0 113 220 112 1 0 0 0 0 080519 152917.391
-22.2595 12.6581 -0.2509 0.00 0.00 1.00 0 78 220 112 1 0 0 0 0 080519 152917.591
-22.2628 12.5872 -0.2490 0.00 0.00 1.00 0 45 220 112 1 0 0 0 0 080519 152917.791
-22.2662 12.4968 -0.2488 0.00 0.00 1.00 0 5 220 112 1 0 0 0 0 080519 152917.991
-22.2698 12.3578 -0.2453 0.00 0.00 1.00 0 207 219 112 1 0 0 0 0 080519 152918.192
-22.2746 12.2901 -0.2440 0.00 0.00 1.00 0 166 219 112 1 0 0 0 0 080519 152918.392
-22.2763 12.2001 -0.2419 0.00 0.00 1.00 0 134 219 112 1 0 0 0 0 080519 152918.593
-22.2832 12.0869 -0.2417 0.00 0.00 1.00 0 70 219 112 1 0 0 0 0 080519 152918.793
-22.2862 11.9990 -0.2422 0.00 0.00 1.00 0 33 219 112 1 0 0 0 0 080519 152918.993
-22.2879 11.9062 -0.2407 0.00 0.00 1.00 0 0 219 112 1 0 0 0 0 080519 152919.193
-22.2914 11.8362 -0.2387 0.00 0.00 1.00 0 221 218 112 1 0 0 0 0 080519 152919.394
-22.2958 11.7454 -0.2363 0.00 0.00 1.00 0 175 218 112 1 0 0 0 0 080519 152919.595
-22.2972 11.6552 -0.2343 0.00 0.00 1.00 0 145 218 112 1 0 0 0 0 080519 152919.795
-22.3000 11.5623 -0.2334 0.00 0.00 1.00 0 105 218 112 1 0 0 0 0 080519 152919.996
-22.3030 11.4482 -0.2329 0.00 0.00 1.00 0 53 218 112 1 0 0 0 0 080519 152920.196
-22.3086 11.3579 -0.2318 0.00 0.00 1.00 0 252 217 112 1 0 0 0 0 080519 152920.396
-22.3091 11.2892 -0.2322 0.00 0.00 1.00 0 227 217 112 1 0 0 0 0 080519 152920.597
-22.3124 11.1954 -0.2285 0.00 0.00 1.00 0 180 217 112 1 0 0 0 0 080519 152920.797
-22.3141 11.0812 -0.2277 0.00 0.00 1.00 0 134 217 112 1 0 0 0 0 080519 152920.997
-22.3168 10.9903 -0.2272 0.00 0.00 1.00 0 91 217 112 1 0 0 0 0 080519 152921.198
-22.3201 10.9223 -0.2260 0.00 0.00 1.00 0 52 217 112 1 0 0 0 0 080519 152921.398
-22.3211 10.7852 -0.2236 0.00 0.00 1.00 0 2 217 112 1 0 0 0 0 080519 152921.598
-22.3215 10.7633 -0.2242 0.00 0.00 1.00 0 250 216 112 1 0 0 0 0 080519 152921.799
-22.3241 10.6273 -0.2250 0.00 0.00 1.00 0 192 216 112 1 0 0 0 0 080519 152921.999
-22.3247 10.5583 -0.2231 0.00 0.00 1.00 0 167 216 112 1 0 0 0 0 080519 152922.200
-22.3275 10.4420 -0.2196 0.00 0.00 1.00 0 108 216 112 1 0 0 0 0 080519 152922.400
-22.3319 10.3491 -0.2184 0.00 0.00 1.00 0 50 216 112 1 0 0 0 0 080519 152922.600
-22.3327 10.2808 -0.2181 0.00 0.00 1.00 0 20 216 112 1 0 0 0 0 080519 152922.800
-22.3343 10.1884 -0.2178 0.00 0.00 1.00 0 232 215 112 1 0 0 0 0 080519 152923.001
-22.3362 10.0748 -0.2183 0.00 0.00 1.00 0 179 215 112 1 0 0 0 0 080519 152923.201
-22.3354 9.9852 -0.2181 0.00 0.00 1.00 0 148 215 112 1 0 0 0 0 080519 152923.401
-22.3365 9.9146 -0.2167 0.00 0.00 1.00 0 115 215 112 1 0 0 0 0 080519 152923.602
-22.3377 9.7955 -0.2158 0.00 0.00 1.00 0 63 215 112 1 0 0 0 0 080519 152923.802
-22.3397 9.7045 -0.2136 0.00 0.00 1.00 0 18 215 112 1 0 0 0 0 080519 152924.002
-22.3393 9.6349 -0.2114 0.00 0.00 1.00 0 249 214 112 1 0 0 0 0 080519 152924.203
-22.3413 9.5462 -0.2102 0.00 0.00 1.00 0 204 214 112 1 0 0 0 0 080519 152924.403
-22.3437 9.4348 -0.2085 0.00 0.00 1.00 0 146 214 112 1 0 0 0 0 080519 152924.603
-22.3455 9.3662 -0.2081 0.00 0.00 1.00 0 107 214 112 1 0 0 0 0 080519 152924.803
-22.3486 9.2522 -0.2078 0.00 0.00 1.00 0 42 214 112 1 0 0 0 0 080519 152925.004
-22.3489 9.1606 -0.2054 0.00 0.00 1.00 0 0 214 112 1 0 0 0 0 080519 152925.204
-22.3471 9.0904 -0.2053 0.00 0.00 1.00 0 234 213 112 1 0 0 0 0 080519 152925.404
-22.3480 8.9552 -0.2035 0.00 0.00 1.00 0 171 213 112 1 0 0 0 0 080519 152925.605
-22.3466 8.8859 -0.2035 0.00 0.00 1.00 0 148 213 112 1 0 0 0 0 080519 152925.805
-22.3498 8.7951 -0.2016 0.00 0.00 1.00 0 92 213 112 1 0 0 0 0 080519 152926.006
-22.3496 8.7295 -0.2022 0.00 0.00 1.00 0 65 213 112 1 0 0 0 0 080519 152926.206
-22.3515 8.6168 -0.2019 0.00 0.00 1.00 0 5 213 112 1 0 0 0 0 080519 152926.406
-22.3526 8.5244 -0.1997 0.00 0.00 1.00 0 216 212 112 1 0 0 0 0 080519 152926.607
-22.3515 8.4539 -0.2005 0.00 0.00 1.00 0 191 212 112 1 0 0 0 0 080519 152926.807
-22.3540 8.3159 -0.1966 0.00 0.00 1.00 0 113 212 112 1 0 0 0 0 080519 152927.007
-22.3519 8.2012 -0.1944 0.00 0.00 1.00 0 69 212 112 1 0 0 0 0 080519 152927.208
-22.3527 8.1312 -0.1927 0.00 0.00 1.00 0 31 212 112 1 0 0 0 0 080519 152927.408
-22.3507 8.0413 -0.1928 0.00 0.00 1.00 0 255 211 112 1 0 0 0 0 080519 152927.608
-22.3503 7.9743 -0.1917 0.00 0.00 1.00 0 225 211 112 1 0 0 0 0 080519 152927.808
-22.3496 7.8823 -0.1919 0.00 0.00 1.00 0 185 211 112 1 0 0 0 0 080519 152928.009
-22.3485 7.8116 -0.1919 0.00 0.00 1.00 0 157 211 112 1 0 0 0 0 080519 152928.209
-22.3494 7.6760 -0.1895 0.00 0.00 1.00 0 88 211 112 1 0 0 0 0 080519 152928.409
-22.3487 7.6115 -0.1889 0.00 0.00 1.00 0 61 211 112 1 0 0 0 0 080519 152928.610
-22.3473 7.4957 -0.1876 0.00 0.00 1.00 0 13 211 112 1 0 0 0 0 080519 152928.810
-22.3457 7.4258 -0.1861 0.00 0.00 1.00 0 244 210 112 1 0 0 0 0 080519 152929.010
-22.3442 7.3339 -0.1844 0.00 0.00 1.00 0 203 210 112 1 0 0 0 0 080519 152929.210
-22.3442 7.2637 -0.1827 0.00 0.00 1.00 0 166 210 112 1 0 0 0 0 080519 152929.411
-22.3429 7.1469 -0.1778 0.00 0.00 1.00 0 110 210 112 1 0 0 0 0 080519 152929.611
-22.3392 7.0553 -0.1774 0.00 0.00 1.00 0 80 210 112 1 0 0 0 0 080519 152929.811
-22.3364 6.9878 -0.1745 0.00 0.00 1.00 0 58 210 112 1 0 0 0 0 080519 152930.011
-22.3348 6.8544 -0.1734 0.00 0.00 1.00 0 252 209 112 1 0 0 0 0 080519 152930.212
-22.3351 6.7889 -0.1735 0.00 0.00 1.00 0 216 209 112 1 0 0 0 0 080519 152930.412
-22.3340 6.6997 -0.1732 0.00 0.00 1.00 0 174 209 112 1 0 0 0 0 080519 152930.612
-22.3318 6.6331 -0.1731 0.00 0.00 1.00 0 150 209 112 1 0 0 0 0 080519 152930.812
-22.3300 6.5190 -0.1720 0.00 0.00 1.00 0 98 209 112 1 0 0 0 0 080519 152931.013
-22.3278 6.4278 -0.1704 0.00 0.00 1.00 0 61 209 112 1 0 0 0 0 080519 152931.213
-22.3276 6.3598 -0.1695 0.00 0.00 1.00 0 26 209 112 1 0 0 0 0 080519 152931.413
-22.3231 6.2240 -0.1683 0.00 0.00 1.00 0 228 208 112 1 0 0 0 0 080519 152931.613
-22.3211 6.1533 -0.1666 0.00 0.00 1.00 0 199 208 112 1 0 0 0 0 080519 152931.813
-22.3185 6.0870 -0.1664 0.00 0.00 1.00 0 174 208 112 1 0 0 0 0 080519 152932.013
-22.3166 5.9477 -0.1621 0.00 0.00 1.00 0 105 208 112 1 0 0 0 0 080519 152932.214
-22.3152 5.8788 -0.1619 0.00 0.00 1.00 0 74 208 112 1 0 0 0 0 080519 152932.414
-22.3122 5.7881 -0.1611 0.00 0.00 1.00 0 37 208 112 1 0 0 0 0 080519 152932.614
-22.3074 5.6525 -0.1592 0.00 0.00 1.00 0 241 207 112 1 0 0 0 0 080519 152932.814
-22.3056 5.5867 -0.1588 0.00 0.00 1.00 0 213 207 112 1 0 0 0 0 080519 152933.014
-22.3022 5.4959 -0.1560 0.00 0.00 1.00 0 179 207 112 1 0 0 0 0 080519 152933.214
-22.2989 5.4057 -0.1567 0.00 0.00 1.00 0 145 207 112 1 0 0 0 0 080519 152933.415
-22.2945 5.3378 -0.1551 0.00 0.00 1.00 0 128 207 112 1 0 0 0 0 080519 152933.615
-22.2900 5.2456 -0.1531 0.00 0.00 1.00 0 95 207 112 1 0 0 0 0 080519 152933.815
-22.2854 5.1290 -0.1492 0.00 0.00 1.00 0 47 207 112 1 0 0 0 0 080519 152934.015
-22.2816 5.0399 -0.1477 0.00 0.00 1.00 0 12 207 112 1 0 0 0 0 080519 152934.216
-22.2785 4.9703 -0.1474 0.00 0.00 1.00 0 241 206 112 1 0 0 0 0 080519 152934.416
-22.2759 4.8813 -0.1473 0.00 0.00 1.00 0 200 206 112 1 0 0 0 0 080519 152934.616
-22.2707 4.7467 -0.1455 0.00 0.00 1.00 0 145 206 112 1 0 0 0 0 080519 152934.816
-22.2676 4.6768 -0.1454 0.00 0.00 1.00 0 118 206 112 1 0 0 0 0 080519 152935.016
-22.2622 4.5843 -0.1442 0.00 0.00 1.00 0 89 206 112 1 0 0 0 0 080519 152935.216
-22.2590 4.5138 -0.1422 0.00 0.00 1.00 0 62 206 112 1 0 0 0 0 080519 152935.417
-22.2542 4.3777 -0.1397 0.00 0.00 1.00 0 3 206 112 1 0 0 0 0 080519 152935.617
-22.2514 4.3093 -0.1376 0.00 0.00 1.00 0 232 205 112 1 0 0 0 0 080519 152935.817
-22.2461 4.2190 -0.1351 0.00 0.00 1.00 0 234 205 112 1 0 0 0 0 080519 152936.017
-22.2423 4.1513 -0.1341 0.00 0.00 1.00 0 226 205 112 1 0 0 0 0 080519 152936.217
-22.2402 4.0855 -0.1340 0.00 0.00 1.00 0 211 205 112 1 0 0 0 0 080519 152936.418
-22.2352 3.9941 -0.1339 0.00 0.00 1.00 0 201 205 112 1 0 0 0 0 080519 152936.618
-22.2296 3.8596 -0.1340 0.00 0.00 1.00 0 177 205 112 1 0 0 0 0 080519 152936.818
-22.2257 3.7889 -0.1301 0.00 0.00 1.00 0 169 205 112 1 0 0 0 0 080519 152937.018
-22.2209 3.6976 -0.1290 0.00 0.00 1.00 0 158 205 112 1 0 0 0 0 080519 152937.219
-22.2166 3.6070 -0.1272 0.00 0.00 1.00 0 144 205 112 1 0 0 0 0 080519 152937.419
-22.2133 3.5371 -0.1237 0.00 0.00 1.00 0 133 205 112 1 0 0 0 0 080519 152937.619
-22.2054 3.4035 -0.1264 0.00 0.00 1.00 0 122 205 112 1 0 0 0 0 080519 152937.819
-22.2019 3.3338 -0.1247 0.00 0.00 1.00 0 222 205 112 1 0 0 0 0 080519 152938.020
-22.1972 3.2425 -0.1245 0.00 0.00 1.00 0 4 206 112 1 0 0 0 0 080519 152938.220
-22.1925 3.1506 -0.1224 0.00 0.00 1.00 0 41 206 112 1 0 0 0 0 080519 152938.420
-22.1873 3.0612 -0.1215 0.00 0.00 1.00 0 81 206 112 1 0 0 0 0 080519 152938.620
-22.1815 2.9930 -0.1216 0.00 0.00 1.00 0 121 206 112 1 0 0 0 0 080519 152938.821
-22.1760 2.9028 -0.1196 0.00 0.00 1.00 0 162 206 112 1 0 0 0 0 080519 152939.021
-22.1716 2.7911 -0.1196 0.00 0.00 1.00 0 202 206 112 1 0 0 0 0 080519 152939.221
-22.1651 2.7000 -0.1196 0.00 0.00 1.00 0 248 206 112 1 0 0 0 0 080519 152939.422
-22.1568 2.5641 -0.1194 0.00 0.00 1.00 0 47 207 112 1 0 0 0 0 080519 152939.622
-22.1526 2.4960 -0.1182 0.00 0.00 1.00 0 73 207 112 1 0 0 0 0 080519 152939.822
-22.1457 2.4069 -0.1185 0.00 0.00 1.00 0 113 207 112 1 0 0 0 0 080519 152940.022
-22.1416 2.3170 -0.1164 0.00 0.00 1.00 0 140 207 112 1 0 0 0 0 080519 152940.223
-22.1382 2.2509 -0.1158 0.00 0.00 1.00 0 161 207 112 1 0 0 0 0 080519 152940.423
-22.1278 2.1155 -0.1144 0.00 0.00 1.00 0 222 207 112 1 0 0 0 0 080519 152940.623
-22.1240 2.0476 -0.1144 0.00 0.00 1.00 0 245 207 112 1 0 0 0 0 080519 152940.823
-22.1155 1.9554 -0.1132 0.00 0.00 1.00 0 38 208 112 1 0 0 0 0 080519 152941.024
-22.1102 1.8631 -0.1109 0.00 0.00 1.00 0 71 208 112 1 0 0 0 0 080519 152941.224
-22.1040 1.7933 -0.1091 0.00 0.00 1.00 0 106 208 112 1 0 0 0 0 080519 152941.424
-22.0938 1.6591 -0.1071 0.00 0.00 1.00 0 166 208 112 1 0 0 0 0 080519 152941.624
-22.0908 1.6140 -0.1065 0.00 0.00 1.00 0 184 208 112 1 0 0 0 0 080519 152941.825
-22.0821 1.4800 -0.1042 0.00 0.00 1.00 0 228 208 112 1 0 0 0 0 080519 152942.025
-22.0766 1.4139 -0.1057 0.00 0.00 1.00 0 255 208 112 1 0 0 0 0 080519 152942.226
-22.0715 1.3434 -0.1036 0.00 0.00 1.00 0 25 209 112 1 0 0 0 0 080519 152942.426
-22.0642 1.2530 -0.1040 0.00 0.00 1.00 0 61 209 112 1 0 0 0 0 080519 152942.626
-22.0564 1.1392 -0.1034 0.00 0.00 1.00 0 100 209 112 1 0 0 0 0 080519 152942.826
-22.0504 1.0712 -0.1015 0.00 0.00 1.00 0 130 209 112 1 0 0 0 0 080519 152943.026
-22.0433 0.9589 -0.1024 0.00 0.00 1.00 0 165 209 112 1 0 0 0 0 080519 152943.227
-22.0394 0.8912 -0.1012 0.00 0.00 1.00 0 184 209 112 1 0 0 0 0 080519 152943.427
-22.0295 0.8031 -0.1035 0.00 0.00 1.00 0 234 209 112 1 0 0 0 0 080519 152943.627
-22.0193 0.6895 -0.1045 0.00 0.00 1.00 0 29 210 112 1 0 0 0 0 080519 152943.827
-22.0105 0.6202 -0.1032 0.00 0.00 1.00 0 73 210 112 1 0 0 0 0 080519 152944.028
-22.0020 0.5060 -0.1012 0.00 0.00 1.00 0 113 210 112 1 0 0 0 0 080519 152944.228
-21.9950 0.4364 -0.0982 0.00 0.00 1.00 0 144 210 112 1 0 0 0 0 080519 152944.428
-21.9877 0.3465 -0.0969 0.00 0.00 1.00 0 176 210 112 1 0 0 0 0 080519 152944.629
-21.9777 0.2346 -0.0973 0.00 0.00 1.00 0 220 210 112 1 0 0 0 0 080519 152944.829
-21.9715 0.1712 -0.0983 0.00 0.00 1.00 0 248 210 112 1 0 0 0 0 080519 152945.030
-21.9624 0.0589 -0.0999 0.00 0.00 1.00 0 32 211 112 1 0 0 0 0 080519 152945.230
-21.9521 -0.0549 -0.0996 0.00 0.00 1.00 0 78 211 112 1 0 0 0 0 080519 152945.430
-21.9456 -0.1234 -0.0973 0.00 0.00 1.00 0 107 211 112 1 0 0 0 0 080519 152945.630
-21.9353 -0.2367 -0.0945 0.00 0.00 1.00 0 153 211 112 1 0 0 0 0 080519 152945.831
-21.9307 -0.3054 -0.0941 0.00 0.00 1.00 0 173 211 112 1 0 0 0 0 080519 152946.031
-21.9194 -0.4162 -0.0937 0.00 0.00 1.00 0 224 211 112 1 0 0 0 0 080519 152946.231
-21.9152 -0.4794 -0.0955 0.00 0.00 1.00 0 242 211 112 1 0 0 0 0 080519 152946.431
-21.9044 -0.5685 -0.0940 0.00 0.00 1.00 0 31 212 112 1 0 0 0 0 080519 152946.632
-21.8951 -0.6815 -0.0936 0.00 0.00 1.00 0 65 212 112 1 0 0 0 0 080519 152946.832
-21.8880 -0.7535 -0.0928 0.00 0.00 1.00 0 92 212 112 1 0 0 0 0 080519 152947.032
-21.8752 -0.8649 -0.0919 0.00 0.00 1.00 0 143 212 112 1 0 0 0 0 080519 152947.233
-21.8685 -0.9344 -0.0916 0.00 0.00 1.00 0 168 212 112 1 0 0 0 0 080519 152947.433
-21.8607 -1.0240 -0.0893 0.00 0.00 1.00 0 197 212 112 1 0 0 0 0 080519 152947.633
-21.8515 -1.1364 -0.0895 0.00 0.00 1.00 0 230 212 112 1 0 0 0 0 080519 152947.834
-21.8438 -1.2265 -0.0889 0.00 0.00 1.00 0 3 213 112 1 0 0 0 0 080519 152948.034
-21.8371 -1.2947 -0.0889 0.00 0.00 1.00 0 28 213 112 1 0 0 0 0 080519 152948.234
-21.8212 -1.4108 -0.0897 0.00 0.00 1.00 0 95 213 112 1 0 0 0 0 080519 152948.434
-21.8117 -1.4810 -0.0858 0.00 0.00 1.00 0 135 213 112 1 0 0 0 0 080519 152948.634
-21.8051 -1.5510 -0.0846 0.00 0.00 1.00 0 159 213 112 1 0 0 0 0 080519 152948.835
-21.7940 -1.6641 -0.0820 0.00 0.00 1.00 0 196 213 112 1 0 0 0 0 080519 152949.035
-21.7873 -1.7315 -0.0804 0.00 0.00 1.00 0 219 213 112 1 0 0 0 0 080519 152949.235
-21.7742 -1.8191 -0.0821 0.00 0.00 1.00 0 14 214 112 1 0 0 0 0 080519 152949.436
-21.7624 -1.9101 -0.0826 0.00 0.00 1.00 0 58 214 112 1 0 0 0 0 080519 152949.636
-21.7507 -2.0251 -0.0811 0.00 0.00 1.00 0 98 214 112 1 0 0 0 0 080519 152949.836
-21.7421 -2.0948 -0.0797 0.00 0.00 1.00 0 130 214 112 1 0 0 0 0 080519 152950.036
-21.7279 -2.2100 -0.0787 0.00 0.00 1.00 0 182 214 112 1 0 0 0 0 080519 152950.237
-21.7185 -2.3227 -0.0787 0.00 0.00 1.00 0 211 214 112 1 0 0 0 0 080519 152950.437
-21.7162 -2.3931 -0.0773 0.00 0.00 1.00 0 211 214 112 1 0 0 0 0 080519 152950.637
-21.7048 -2.5085 -0.0766 0.00 0.00 1.00 0 250 214 112 1 0 0 0 0 080519 152950.838
-21.7065 -2.5792 -0.0763 0.00 0.00 1.00 0 230 214 112 1 0 0 0 0 080519 152951.038
-21.7210 -2.6699 -0.0807 0.00 0.00 1.00 0 138 214 112 1 0 0 0 0 080519 152951.238
-21.7075 -2.7517 -0.0812 0.00 0.00 1.00 0 187 214 112 1 0 0 0 0 080519 152951.439
-21.7027 -2.8145 -0.0779 0.00 0.00 1.00 0 197 214 112 1 0 0 0 0 080519 152951.639
-21.6892 -2.9315 -0.0765 0.00 0.00 1.00 0 237 214 112 1 0 0 0 0 080519 152951.840
-21.6801 -2.9992 -0.0755 0.00 0.00 1.00 0 12 215 112 1 0 0 0 0 080519 152952.040
-21.6681 -3.1126 -0.0740 0.00 0.00 1.00 0 46 215 112 1 0 0 0 0 080519 152952.240
-21.6608 -3.1792 -0.0738 0.00 0.00 1.00 0 67 215 112 1 0 0 0 0 080519 152952.440
-21.6607 -3.2947 -0.0733 0.00 0.00 1.00 0 41 215 112 1 0 0 0 0 080519 152952.640
-21.6703 -3.3941 -0.0707 0.00 0.00 1.00 0 227 214 112 1 0 0 0 0 080519 152952.841
-21.6717 -3.4637 -0.0685 0.00 0.00 1.00 0 204 214 112 1 0 0 0 0 080519 152953.041
-21.6704 -3.5793 -0.0651 0.00 0.00 1.00 0 185 214 112 1 0 0 0 0 080519 152953.241
-21.6655 -3.6715 -0.0663 0.00 0.00 1.00 0 186 214 112 1 0 0 0 0 080519 152953.441
-21.6642 -3.7397 -0.0650 0.00 0.00 1.00 0 174 214 112 1 0 0 0 0 080519 152953.642
-21.6625 -3.8519 -0.0647 0.00 0.00 1.00 0 153 214 112 1 0 0 0 0 080519 152953.842
-21.6590 -3.9220 -0.0641 0.00 0.00 1.00 0 152 214 112 1 0 0 0 0 080519 152954.042
-21.6570 -3.9903 -0.0626 0.00 0.00 1.00 0 144 214 112 1 0 0 0 0 080519 152954.242
-21.6544 -4.1077 -0.0594 0.00 0.00 1.00 0 125 214 112 1 0 0 0 0 080519 152954.442
-21.6518 -4.1763 -0.0592 0.00 0.00 1.00 0 119 214 112 1 0 0 0 0 080519 152954.643
-21.6506 -4.2666 -0.0569 0.00 0.00 1.00 0 101 214 112 1 0 0 0 0 080519 152954.843
-21.6467 -4.3763 -0.0581 0.00 0.00 1.00 0 92 214 112 1 0 0 0 0 080519 152955.043
-21.6445 -4.4676 -0.0570 0.00 0.00 1.00 0 78 214 112 1 0 0 0 0 080519 152955.244
-21.6415 -4.5791 -0.0562 0.00 0.00 1.00 0 63 214 112 1 0 0 0 0 080519 152955.444
-21.6389 -4.6497 -0.0573 0.00 0.00 1.00 0 82 214 112 1 0 0 0 0 080519 152955.644
-21.6346 -4.7406 -0.0549 0.00 0.00 1.00 0 107 214 112 1 0 0 0 0 080519 152955.844
-21.6305 -4.8523 -0.0531 0.00 0.00 1.00 0 132 214 112 1 0 0 0 0 080519 152956.044
-21.6284 -4.9209 -0.0514 0.00 0.00 1.00 0 145 214 112 1 0 0 0 0 080519 152956.245
-21.6272 -5.0354 -0.0502 0.00 0.00 1.00 0 156 214 112 1 0 0 0 0 080519 152956.445
-21.6240 -5.1270 -0.0501 0.00 0.00 1.00 0 175 214 112 1 0 0 0 0 080519 152956.645
-21.6194 -5.2176 -0.0515 0.00 0.00 1.00 0 202 214 112 1 0 0 0 0 080519 152956.845
-21.6185 -5.3091 -0.0522 0.00 0.00 1.00 0 210 214 112 1 0 0 0 0 080519 152957.046
-21.6151 -5.3788 -0.0508 0.00 0.00 1.00 0 230 214 112 1 0 0 0 0 080519 152957.246
-21.6131 -5.4695 -0.0505 0.00 0.00 1.00 0 244 214 112 1 0 0 0 0 080519 152957.446
-21.6077 -5.5826 -0.0486 0.00 0.00 1.00 0 48 215 112 1 0 0 0 0 080519 152957.646
-21.6052 -5.6515 -0.0473 0.00 0.00 1.00 0 80 215 112 1 0 0 0 0 080519 152957.847
-21.6018 -5.7444 -0.0452 0.00 0.00 1.00 0 124 215 112 1 0 0 0 0 080519 152958.047
-21.5963 -5.8578 -0.0455 0.00 0.00 1.00 0 184 215 112 1 0 0 0 0 080519 152958.247
-21.5944 -5.9282 -0.0460 0.00 0.00 1.00 0 213 215 112 1 0 0 0 0 080519 152958.447
-21.5901 -6.0421 -0.0443 0.00 0.00 1.00 0 11 216 112 1 0 0 0 0 080519 152958.648
-21.5871 -6.1350 -0.0446 0.00 0.00 1.00 0 53 216 112 1 0 0 0 0 080519 152958.848
-21.5831 -6.2038 -0.0419 0.00 0.00 1.00 0 93 216 112 1 0 0 0 0 080519 152959.048
-21.5794 -6.3175 -0.0412 0.00 0.00 1.00 0 143 216 112 1 0 0 0 0 080519 152959.248
-21.5731 -6.4086 -0.0378 0.00 0.00 1.00 0 201 216 112 1 0 0 0 0 080519 152959.448
-21.5682 -6.4993 -0.0384 0.00 0.00 1.00 0 248 216 112 1 0 0 0 0 080519 152959.649
-21.5665 -6.5664 -0.0378 0.00 0.00 1.00 0 16 217 112 1 0 0 0 0 080519 152959.849
-21.5620 -6.6780 -0.0367 0.00 0.00 1.00 0 63 217 112 1 0 0 0 0 080519 153000.049
-21.5589 -6.7704 -0.0358 0.00 0.00 1.00 0 100 217 112 1 0 0 0 0 080519 153000.249
-21.5573 -6.8403 -0.0342 0.00 0.00 1.00 0 124 217 112 1 0 0 0 0 080519 153000.449
-21.5527 -6.9541 -0.0307 0.00 0.00 1.00 0 173 217 112 1 0 0 0 0 080519 153000.650
-21.5500 -7.0446 -0.0314 0.00 0.00 1.00 0 207 217 112 1 0 0 0 0 080519 153000.850
-21.5439 -7.1337 -0.0313 0.00 0.00 1.00 0 2 218 112 1 0 0 0 0 080519 153001.050
-21.5403 -7.2239 -0.0312 0.00 0.00 1.00 0 41 218 112 1 0 0 0 0 080519 153001.251
-21.5368 -7.2917 -0.0305 0.00 0.00 1.00 0 73 218 112 1 0 0 0 0 080519 153001.451
-21.5315 -7.4051 -0.0293 0.00 0.00 1.00 0 126 218 112 1 0 0 0 0 080519 153001.651
-21.5266 -7.4948 -0.0284 0.00 0.00 1.00 0 169 218 112 1 0 0 0 0 080519 153001.852
-21.5240 -7.5629 -0.0269 0.00 0.00 1.00 0 195 218 112 1 0 0 0 0 080519 153002.052
-21.5177 -7.6763 -0.0254 0.00 0.00 1.00 0 249 218 112 1 0 0 0 0 080519 153002.252
-21.5128 -7.7671 -0.0250 0.00 0.00 1.00 0 35 219 112 1 0 0 0 0 080519 153002.453
-21.5090 -7.8334 -0.0250 0.00 0.00 1.00 0 67 219 112 1 0 0 0 0 080519 153002.653
-21.5035 -7.9480 -0.0243 0.00 0.00 1.00 0 117 219 112 1 0 0 0 0 080519 153002.854
-21.5012 -8.0157 -0.0225 0.00 0.00 1.00 0 141 219 112 1 0 0 0 0 080519 153003.054
-21.4940 -8.1292 -0.0211 0.00 0.00 1.00 0 199 219 112 1 0 0 0 0 080519 153003.254
-21.4898 -8.2181 -0.0216 0.00 0.00 1.00 0 237 219 112 1 0 0 0 0 080519 153003.455
-21.4863 -8.2870 -0.0197 0.00 0.00 1.00 0 12 220 112 1 0 0 0 0 080519 153003.655
-21.4809 -8.3976 -0.0187 0.00 0.00 1.00 0 60 220 112 1 0 0 0 0 080519 153003.855
-21.4762 -8.4652 -0.0179 0.00 0.00 1.00 0 97 220 112 1 0 0 0 0 080519 153004.056
-21.4694 -8.6012 -0.0173 0.00 0.00 1.00 0 149 220 112 1 0 0 0 0 080519 153004.256
-21.4644 -8.6703 -0.0165 0.00 0.00 1.00 0 182 220 112 1 0 0 0 0 080519 153004.456
-21.4582 -8.7640 -0.0150 0.00 0.00 1.00 0 224 220 112 1 0 0 0 0 080519 153004.656
-21.4515 -8.8536 -0.0139 0.00 0.00 1.00 0 12 221 112 1 0 0 0 0 080519 153004.856
-21.4427 -8.9659 -0.0129 0.00 0.00 1.00 0 70 221 112 1 0 0 0 0 080519 153005.057
-21.4369 -9.0570 -0.0122 0.00 0.00 1.00 0 110 221 112 1 0 0 0 0 080519 153005.257
-21.4326 -9.1466 -0.0130 0.00 0.00 1.00 0 142 221 112 1 0 0 0 0 080519 153005.457
-21.4271 -9.2400 -0.0117 0.00 0.00 1.00 0 180 221 112 1 0 0 0 0 080519 153005.657
-21.4208 -9.3283 -0.0113 0.00 0.00 1.00 0 223 221 112 1 0 0 0 0 080519 153005.858
-21.4133 -9.4431 -0.0093 0.00 0.00 1.00 0 18 222 112 1 0 0 0 0 080519 153006.058
-21.4101 -9.4878 -0.0081 0.00 0.00 1.00 0 39 222 112 1 0 0 0 0 080519 153006.258
-21.4023 -9.5783 -0.0065 0.00 0.00 1.00 0 86 222 112 1 0 0 0 0 080519 153006.458
-21.3810 -9.6871 -0.0066 0.00 0.00 1.00 0 201 222 112 1 0 0 0 0 080519 153006.659
-21.3748 -9.7278 -0.0071 0.00 0.00 1.00 0 235 222 112 1 0 0 0 0 080519 153006.859
-21.3567 -9.8315 -0.0081 0.00 0.00 1.00 0 78 223 112 1 0 0 0 0 080519 153007.059
-21.3365 -9.9486 -0.0061 0.00 0.00 1.00 0 188 223 112 1 0 0 0 0 080519 153007.260
-21.3254 -10.0156 -0.0044 0.00 0.00 1.00 0 249 223 112 1 0 0 0 0 080519 153007.460
-21.3096 -10.1056 -0.0026 0.00 0.00 1.00 0 78 224 112 1 0 0 0 0 080519 153007.660
-21.2980 -10.1743 -0.0007 0.00 0.00 1.00 0 141 224 112 1 0 0 0 0 080519 153007.860
-21.2785 -10.2890 0.0015 0.00 0.00 1.00 0 248 224 112 1 0 0 0 0 080519 153008.060
-21.2585 -10.3788 0.0020 0.00 0.00 1.00 0 99 225 112 1 0 0 0 0 080519 153008.261
-21.2183 -10.4742 0.0025 0.00 0.00 1.00 0 51 226 112 1 0 0 0 0 080519 153008.461
-21.2023 -10.5124 0.0029 0.00 0.00 1.00 0 134 226 112 1 0 0 0 0 080519 153008.661
-21.1703 -10.6221 0.0044 0.00 0.00 1.00 0 42 227 112 1 0 0 0 0 080519 153008.861
-21.1402 -10.7115 0.0063 0.00 0.00 1.00 0 194 227 112 1 0 0 0 0 080519 153009.062
-21.1194 -10.7759 0.0069 0.00 0.00 1.00 0 44 228 112 1 0 0 0 0 080519 153009.262
-21.0860 -10.8850 0.0090 0.00 0.00 1.00 0 213 228 112 1 0 0 0 0 080519 153009.462
-21.0516 -10.9900 0.0097 0.00 0.00 1.00 0 131 229 112 1 0 0 0 0 080519 153009.662
-21.0216 -11.0772 0.0111 0.00 0.00 1.00 0 27 230 112 1 0 0 0 0 080519 153009.863
-21.0061 -11.1206 0.0122 0.00 0.00 1.00 0 106 230 112 1 0 0 0 0 080519 153010.063
-20.9632 -11.2526 0.0141 0.00 0.00 1.00 0 67 231 112 1 0 0 0 0 080519 153010.263
-20.9281 -11.3616 0.0173 0.00 0.00 1.00 0 245 231 112 1 0 0 0 0 080519 153010.463
-20.9096 -11.4288 0.0196 0.00 0.00 1.00 0 83 232 112 1 0 0 0 0 080519 153010.664
-20.8818 -11.5158 0.0216 0.00 0.00 1.00 0 224 232 112 1 0 0 0 0 080519 153010.864
-20.8464 -11.6211 0.0235 0.00 0.00 1.00 0 143 233 112 1 0 0 0 0 080519 153011.064
-20.8233 -11.6861 0.0241 0.00 0.00 1.00 0 0 234 112 1 0 0 0 0 080519 153011.264
-20.7854 -11.7722 0.0263 0.00 0.00 1.00 0 187 234 112 1 0 0 0 0 080519 153011.465
-20.7384 -11.8365 0.0238 0.00 0.00 1.00 0 163 235 112 1 0 0 0 0 080519 153011.665
-20.7103 -11.8894 0.0251 0.00 0.00 1.00 0 46 236 112 1 0 0 0 0 080519 153011.865
-20.6590 -11.9932 0.0281 0.00 0.00 1.00 0 42 237 112 1 0 0 0 0 080519 153012.065
-20.6265 -12.0552 0.0288 0.00 0.00 1.00 0 202 237 112 1 0 0 0 0 080519 153012.265
-20.5852 -12.1337 0.0311 0.00 0.00 1.00 0 150 238 112 1 0 0 0 0 080519 153012.466
-20.5443 -12.2141 0.0323 0.00 0.00 1.00 0 95 239 112 1 0 0 0 0 080519 153012.666
-20.5015 -12.2954 0.0325 0.00 0.00 1.00 0 50 240 112 1 0 0 0 0 080519 153012.866
-20.4599 -12.3753 0.0344 0.00 0.00 1.00 0 255 240 112 1 0 0 0 0 080519 153013.066
-20.4178 -12.4531 0.0323 0.00 0.00 1.00 0 207 241 112 1 0 0 0 0 080519 153013.267
-20.3599 -12.5483 0.0281 0.00 0.00 1.00 0 237 242 112 1 0 0 0 0 080519 153013.467
-20.3062 -12.6049 0.0273 0.00 0.00 1.00 0 59 244 112 1 0 0 0 0 080519 153013.667
-20.2821 -12.6366 0.0293 0.00 0.00 1.00 0 129 244 112 1 0 0 0 0 080519 153013.867
-20.2190 -12.7257 0.0280 0.00 0.00 1.00 0 49 245 112 1 0 0 0 0 080519 153014.067
-20.1647 -12.8027 0.0253 0.00 0.00 1.00 0 200 245 112 1 0 0 0 0 080519 153014.268
-20.1242 -12.8602 0.0261 0.00 0.00 1.00 0 56 246 112 1 0 0 0 0 080519 153014.468
-20.0598 -12.9498 0.0257 0.00 0.00 1.00 0 238 246 112 1 0 0 0 0 080519 153014.668
-20.0076 -13.0278 0.0261 0.00 0.00 1.00 0 121 247 112 1 0 0 0 0 080519 153014.868
-19.9421 -13.1243 0.0278 0.00 0.00 1.00 0 42 248 112 1 0 0 0 0 080519 153015.069
-19.9040 -13.1797 0.0283 0.00 0.00 1.00 0 146 248 112 1 0 0 0 0 080519 153015.269
-19.8516 -13.2543 0.0289 0.00 0.00 1.00 0 35 249 112 1 0 0 0 0 080519 153015.469
-19.7867 -13.3470 0.0292 0.00 0.00 1.00 0 214 249 112 1 0 0 0 0 080519 153015.669
-19.7327 -13.4226 0.0308 0.00 0.00 1.00 0 109 250 112 1 0 0 0 0 080519 153015.870
-19.6788 -13.4977 0.0312 0.00 0.00 1.00 0 5 251 112 1 0 0 0 0 080519 153016.070
-19.6265 -13.5720 0.0323 0.00 0.00 1.00 0 150 251 112 1 0 0 0 0 080519 153016.270
-19.5729 -13.6460 0.0340 0.00 0.00 1.00 0 7 252 112 1 0 0 0 0 080519 153016.470
-19.5206 -13.7192 0.0334 0.00 0.00 1.00 0 18 252 112 1 0 0 0 0 080519 153016.671
-19.4539 -13.8132 0.0340 0.00 0.00 1.00 0 31 252 112 1 0 0 0 0 080519 153016.871
-19.4002 -13.8856 0.0331 0.00 0.00 1.00 0 50 252 112 1 0 0 0 0 080519 153017.071
-19.3470 -13.9616 0.0340 0.00 0.00 1.00 0 57 252 112 1 0 0 0 0 080519 153017.271
-19.2923 -14.0339 0.0362 0.00 0.00 1.00 0 81 252 112 1 0 0 0 0 080519 153017.471
-19.2388 -14.1086 0.0364 0.00 0.00 1.00 0 92 252 112 1 0 0 0 0 080519 153017.672
-19.2113 -14.1465 0.0368 0.00 0.00 1.00 0 100 252 112 1 0 0 0 0 080519 153017.872
-19.1594 -14.2212 0.0379 0.00 0.00 1.00 0 105 252 112 1 0 0 0 0 080519 153018.072
-19.1062 -14.2897 0.0374 0.00 0.00 1.00 0 134 252 112 1 0 0 0 0 080519 153018.272
-19.0526 -14.3635 0.0365 0.00 0.00 1.00 0 148 252 112 1 0 0 0 0 080519 153018.473
-18.9835 -14.4560 0.0368 0.00 0.00 1.00 0 175 252 112 1 0 0 0 0 080519 153018.673
-18.9307 -14.5309 0.0388 0.00 0.00 1.00 0 144 252 112 1 0 0 0 0 080519 153018.873
-18.8796 -14.6045 0.0402 0.00 0.00 1.00 0 17 252 112 1 0 0 0 0 080519 153019.073
-18.8392 -14.6604 0.0411 0.00 0.00 1.00 0 180 251 112 1 0 0 0 0 080519 153019.273
-18.7841 -14.7347 0.0423 0.00 0.00 1.00 0 63 251 112 1 0 0 0 0 080519 153019.474
-18.7322 -14.8076 0.0410 0.00 0.00 1.00 0 196 250 112 1 0 0 0 0 080519 153019.674
-18.6644 -14.8991 0.0414 0.00 0.00 1.00 0 51 250 112 1 0 0 0 0 080519 153019.874
-18.6361 -14.9343 0.0412 0.00 0.00 1.00 0 2 250 112 1 0 0 0 0 080519 153020.075
-18.5691 -15.0246 0.0421 0.00 0.00 1.00 0 114 249 112 1 0 0 0 0 080519 153020.275
-18.5119 -15.0983 0.0421 0.00 0.00 1.00 0 5 249 112 1 0 0 0 0 080519 153020.475
-18.4579 -15.1701 0.0415 0.00 0.00 1.00 0 150 248 112 1 0 0 0 0 080519 153020.675
-18.4036 -15.2427 0.0422 0.00 0.00 1.00 0 36 248 112 1 0 0 0 0 080519 153020.876
-18.3371 -15.3320 0.0414 0.00 0.00 1.00 0 151 247 112 1 0 0 0 0 080519 153021.076
-18.2642 -15.4214 0.0412 0.00 0.00 1.00 0 7 247 112 1 0 0 0 0 080519 153021.276
-18.2059 -15.4762 0.0397 0.00 0.00 1.00 0 142 246 112 1 0 0 0 0 080519 153021.477
-18.1610 -15.5252 0.0382 0.00 0.00 1.00 0 19 246 112 1 0 0 0 0 080519 153021.677
-18.0818 -15.6086 0.0392 0.00 0.00 1.00 0 71 245 112 1 0 0 0 0 080519 153021.877
-18.0188 -15.6755 0.0385 0.00 0.00 1.00 0 162 244 112 1 0 0 0 0 080519 153022.078
-17.9727 -15.7267 0.0396 0.00 0.00 1.00 0 31 244 112 1 0 0 0 0 080519 153022.278
-17.9110 -15.7932 0.0398 0.00 0.00 1.00 0 121 243 112 1 0 0 0 0 080519 153022.478
-17.8335 -15.8776 0.0396 0.00 0.00 1.00 0 165 242 112 1 0 0 0 0 080519 153022.679
-17.7719 -15.9429 0.0397 0.00 0.00 1.00 0 4 242 112 1 0 0 0 0 080519 153022.879
-17.7173 -15.9873 0.0392 0.00 0.00 1.00 0 179 241 112 1 0 0 0 0 080519 153023.079
-17.6311 -16.0354 0.0390 0.00 0.00 1.00 0 149 241 112 1 0 0 0 0 080519 153023.279
-17.5740 -16.0682 0.0403 0.00 0.00 1.00 0 125 241 112 1 0 0 0 0 080519 153023.480
-17.4987 -16.1154 0.0407 0.00 0.00 1.00 0 76 241 112 1 0 0 0 0 080519 153023.680
-17.4070 -16.1744 0.0398 0.00 0.00 1.00 0 7 241 112 1 0 0 0 0 080519 153023.880
-17.3698 -16.1992 0.0400 0.00 0.00 1.00 0 205 240 112 1 0 0 0 0 080519 153024.080
-17.2739 -16.2618 0.0397 0.00 0.00 1.00 0 61 240 112 1 0 0 0 0 080519 153024.281
-17.1969 -16.3131 0.0420 0.00 0.00 1.00 0 196 239 112 1 0 0 0 0 080519 153024.481
-17.1400 -16.3505 0.0413 0.00 0.00 1.00 0 109 239 112 1 0 0 0 0 080519 153024.681
-17.0385 -16.4085 0.0419 0.00 0.00 1.00 0 251 238 112 1 0 0 0 0 080519 153024.882
-16.9669 -16.4341 0.0398 0.00 0.00 1.00 0 244 238 112 1 0 0 0 0 080519 153025.082
-16.8864 -16.4566 0.0412 0.00 0.00 1.00 0 9 239 112 1 0 0 0 0 080519 153025.282
-16.7818 -16.4965 0.0408 0.00 0.00 1.00 0 242 238 112 1 0 0 0 0 080519 153025.483
-16.6976 -16.5271 0.0417 0.00 0.00 1.00 0 231 238 112 1 0 0 0 0 080519 153025.683
-16.6153 -16.5549 0.0429 0.00 0.00 1.00 0 230 238 112 1 0 0 0 0 080519 153025.883
-16.5293 -16.5853 0.0445 0.00 0.00 1.00 0 223 238 112 1 0 0 0 0 080519 153026.083
-16.4667 -16.6085 0.0441 0.00 0.00 1.00 0 212 238 112 1 0 0 0 0 080519 153026.283
-16.3836 -16.6404 0.0436 0.00 0.00 1.00 0 188 238 112 1 0 0 0 0 080519 153026.484
-16.2744 -16.6760 0.0404 0.00 0.00 1.00 0 182 238 112 1 0 0 0 0 080519 153026.684
-16.1971 -16.6861 0.0404 0.00 0.00 1.00 0 250 238 112 1 0 0 0 0 080519 153026.884
-16.1163 -16.6929 0.0372 0.00 0.00 1.00 0 82 239 112 1 0 0 0 0 080519 153027.084
-16.0576 -16.6956 0.0360 0.00 0.00 1.00 0 157 239 112 1 0 0 0 0 080519 153027.284
-15.9510 -16.7129 0.0318 0.00 0.00 1.00 0 234 239 112 1 0 0 0 0 080519 153027.485
-15.8822 -16.7241 0.0311 0.00 0.00 1.00 0 28 240 112 1 0 0 0 0 080519 153027.685
-15.7709 -16.7357 0.0290 0.00 0.00 1.00 0 139 240 112 1 0 0 0 0 080519 153027.885
-15.6770 -16.7435 0.0279 0.00 0.00 1.00 0 242 240 112 1 0 0 0 0 080519 153028.086
-15.5873 -16.7377 0.0274 0.00 0.00 1.00 0 148 241 112 1 0 0 0 0 080519 153028.286
-15.5080 -16.7224 0.0286 0.00 0.00 1.00 0 84 242 112 1 0 0 0 0 080519 153028.486
-15.4451 -16.7103 0.0286 0.00 0.00 1.00 0 236 242 112 1 0 0 0 0 080519 153028.686
-15.3602 -16.6988 0.0284 0.00 0.00 1.00 0 176 243 112 1 0 0 0 0 080519 153028.887
-15.2942 -16.6919 0.0284 0.00 0.00 1.00 0 10 244 112 1 0 0 0 0 080519 153029.087
-15.1812 -16.6777 0.0271 0.00 0.00 1.00 0 175 244 112 1 0 0 0 0 080519 153029.287
-15.1134 -16.6702 0.0263 0.00 0.00 1.00 0 13 245 112 1 0 0 0 0 080519 153029.487
-14.9764 -16.6536 0.0253 0.00 0.00 1.00 0 211 245 112 1 0 0 0 0 080519 153029.688
-14.9094 -16.6453 0.0249 0.00 0.00 1.00 0 53 246 112 1 0 0 0 0 080519 153029.888
-14.7975 -16.6317 0.0246 0.00 0.00 1.00 0 214 246 112 1 0 0 0 0 080519 153030.088
-14.7075 -16.6203 0.0241 0.00 0.00 1.00 0 90 247 112 1 0 0 0 0 080519 153030.288
-14.6172 -16.6098 0.0252 0.00 0.00 1.00 0 218 247 112 1 0 0 0 0 080519 153030.489
-14.5277 -16.5985 0.0230 0.00 0.00 1.00 0 93 248 112 1 0 0 0 0 080519 153030.689
-14.4384 -16.5862 0.0211 0.00 0.00 1.00 0 229 248 112 1 0 0 0 0 080519 153030.889
-14.3456 -16.5761 0.0217 0.00 0.00 1.00 0 101 249 112 1 0 0 0 0 080519 153031.089
-14.2564 -16.5642 0.0207 0.00 0.00 1.00 0 235 249 112 1 0 0 0 0 080519 153031.290
-14.1664 -16.5533 0.0211 0.00 0.00 1.00 0 94 250 112 1 0 0 0 0 080519 153031.490
-14.0947 -16.5510 0.0210 0.00 0.00 1.00 0 141 250 112 1 0 0 0 0 080519 153031.690
-13.9816 -16.5425 0.0200 0.00 0.00 1.00 0 239 250 112 1 0 0 0 0 080519 153031.890
-13.8906 -16.5343 0.0214 0.00 0.00 1.00 0 69 251 112 1 0 0 0 0 080519 153032.091
-13.8232 -16.5280 0.0198 0.00 0.00 1.00 0 134 251 112 1 0 0 0 0 080519 153032.291
-13.7013 -16.5282 0.0195 0.00 0.00 1.00 0 194 251 112 1 0 0 0 0 080519 153032.491
-13.6524 -16.5305 0.0197 0.00 0.00 1.00 0 206 251 112 1 0 0 0 0 080519 153032.691
-13.5391 -16.5291 0.0198 0.00 0.00 1.00 0 13 252 112 1 0 0 0 0 080519 153032.892
-13.4485 -16.5289 0.0189 0.00 0.00 1.00 0 59 252 112 1 0 0 0 0 080519 153033.092
-13.3582 -16.5290 0.0190 0.00 0.00 1.00 0 104 252 112 1 0 0 0 0 080519 153033.292
-13.2459 -16.5257 0.0199 0.00 0.00 1.00 0 175 252 112 1 0 0 0 0 080519 153033.493
-13.1552 -16.5249 0.0172 0.00 0.00 1.00 0 225 252 112 1 0 0 0 0 080519 153033.693
-13.0834 -16.5283 0.0166 0.00 0.00 1.00 0 239 252 112 1 0 0 0 0 080519 153033.893
-12.9678 -16.5331 0.0166 0.00 0.00 1.00 0 8 253 112 1 0 0 0 0 080519 153034.093
-12.9006 -16.5343 0.0160 0.00 0.00 1.00 0 31 253 112 1 0 0 0 0 080519 153034.294
-12.7894 -16.5372 0.0156 0.00 0.00 1.00 0 64 253 112 1 0 0 0 0 080519 153034.494
-12.7027 -16.5388 0.0128 0.00 0.00 1.00 0 93 253 112 1 0 0 0 0 080519 153034.694
-12.6362 -16.5401 0.0122 0.00 0.00 1.00 0 114 253 112 1 0 0 0 0 080519 153034.894
-12.5468 -16.5426 0.0092 0.00 0.00 1.00 0 140 253 112 1 0 0 0 0 080519 153035.095
-12.4348 -16.5440 0.0080 0.00 0.00 1.00 0 181 253 112 1 0 0 0 0 080519 153035.295
-12.3435 -16.5463 0.0077 0.00 0.00 1.00 0 208 253 112 1 0 0 0 0 080519 153035.495
-12.2745 -16.5485 0.0081 0.00 0.00 1.00 0 226 253 112 1 0 0 0 0 080519 153035.695
-12.1629 -16.5509 0.0066 0.00 0.00 1.00 0 6 254 112 1 0 0 0 0 080519 153035.896
-12.0735 -16.5522 0.0057 0.00 0.00 1.00 0 0 0 112 1 0 0 0 0 080519 153036.096
-12.0052 -16.5539 0.0052 0.00 0.00 1.00 0 0 0 112 1 0 0 0 0 080519 153036.296
-11.8939 -16.5551 0.0020 0.00 0.00 1.00 0 0 0 112 1 0 0 0 0 080519 153036.496
-11.8035 -16.5582 0.0002 0.00 0.00 1.00 0 0 0 112 1 0 0 0 0 080519 153036.697
-11.7352 -16.5589 -0.0011 0.00 0.00 1.00 0 0 0 112 1 0 0 0 0 080519 153036.897
-11.6218 -16.5599 -0.0024 0.00 0.00 1.00 0 0 0 112 1 0 0 0 0 080519 153037.097
-11.5318 -16.5603 -0.0046 0.00 0.00 1.00 0 0 0 112 1 0 0 0 0 080519 153037.297
-11.4422 -16.5618 -0.0052 0.00 0.00 1.00 0 0 0 112 1 0 0 0 0 080519 153037.498
-11.3525 -16.5627 -0.0057 0.00 0.00 1.00 0 0 0 112 1 0 0 0 0 080519 153037.698
-11.2638 -16.5649 -0.0084 0.00 0.00 1.00 0 0 0 112 1 0 0 0 0 080519 153037.898
-11.1974 -16.5656 -0.0104 0.00 0.00 1.00 0 0 0 112 1 0 0 0 0 080519 153038.099
-11.1052 -16.5667 -0.0116 0.00 0.00 1.00 0 0 0 112 1 0 0 0 0 080519 153038.299
-10.9905 -16.5678 -0.0120 0.00 0.00 1.00 0 0 0 112 1 0 0 0 0 080519 153038.500
-10.9007 -16.5673 -0.0130 0.00 0.00 1.00 0 0 0 112 1 0 0 0 0 080519 153038.700
-10.8105 -16.5662 -0.0141 0.00 0.00 1.00 0 0 0 112 1 0 0 0 0 080519 153038.900
-10.7195 -16.5678 -0.0153 0.00 0.00 1.00 0 0 0 112 1 0 0 0 0 080519 153039.101
-10.6523 -16.5679 -0.0165 0.00 0.00 1.00 0 0 0 112 1 0 0 0 0 080519 153039.301
-10.5408 -16.5685 -0.0197 0.00 0.00 1.00 0 0 0 112 1 0 0 0 0 080519 153039.501
-10.4717 -16.5695 -0.0205 0.00 0.00 1.00 0 0 0 112 1 0 0 0 0 080519 153039.702
-10.3566 -16.5705 -0.0221 0.00 0.00 1.00 0 0 0 112 1 0 0 0 0 080519 153039.902
-10.2881 -16.5705 -0.0224 0.00 0.00 1.00 0 0 0 112 1 0 0 0 0 080519 153040.102
-10.1764 -16.5711 -0.0236 0.00 0.00 1.00 0 0 0 112 1 0 0 0 0 080519 153040.303
-10.0861 -16.5713 -0.0246 0.00 0.00 1.00 0 0 0 112 1 0 0 0 0 080519 153040.503
-9.9748 -16.5712 -0.0252 0.00 0.00 1.00 0 0 0 112 1 0 0 0 0 080519 153040.703
-9.9086 -16.5702 -0.0274 0.00 0.00 1.00 0 0 0 112 1 0 0 0 0 080519 153040.903
-9.8414 -16.5702 -0.0303 0.00 0.00 1.00 0 0 0 112 1 0 0 0 0 080519 153041.103
-9.7266 -16.5707 -0.0310 0.00 0.00 1.00 0 0 0 112 1 0 0 0 0 080519 153041.304
-9.6353 -16.5707 -0.0300 0.00 0.00 1.00 0 0 0 112 1 0 0 0 0 080519 153041.504
-9.5685 -16.5708 -0.0310 0.00 0.00 1.00 0 0 0 112 1 0 0 0 0 080519 153041.704
-9.4556 -16.5700 -0.0323 0.00 0.00 1.00 0 0 0 112 1 0 0 0 0 080519 153041.904
-9.3661 -16.5705 -0.0336 0.00 0.00 1.00 0 0 0 112 1 0 0 0 0 080519 153042.105
-9.2779 -16.5702 -0.0361 0.00 0.00 1.00 0 0 0 112 1 0 0 0 0 080519 153042.305
-9.1660 -16.5681 -0.0398 0.00 0.00 1.00 0 0 0 112 1 0 0 0 0 080519 153042.505
-9.0743 -16.5683 -0.0404 0.00 0.00 1.00 0 0 0 112 1 0 0 0 0 080519 153042.705
-8.9839 -16.5672 -0.0410 0.00 0.00 1.00 0 0 0 112 1 0 0 0 0 080519 153042.906
-8.9159 -16.5669 -0.0411 0.00 0.00 1.00 0 0 0 112 1 0 0 0 0 080519 153043.106
-8.8033 -16.5659 -0.0417 0.00 0.00 1.00 0 0 0 112 1 0 0 0 0 080519 153043.306
-8.7344 -16.5655 -0.0418 0.00 0.00 1.00 0 0 0 112 1 0 0 0 0 080519 153043.506
-8.6677 -16.5646 -0.0430 0.00 0.00 1.00 0 0 0 112 1 0 0 0 0 080519 153043.707
-8.5547 -16.5632 -0.0452 0.00 0.00 1.00 0 0 0 112 1 0 0 0 0 080519 153043.907
-8.4853 -16.5619 -0.0458 0.00 0.00 1.00 0 0 0 112 1 0 0 0 0 080519 153044.107
-8.3707 -16.5612 -0.0450 0.00 0.00 1.00 0 0 0 112 1 0 0 0 0 080519 153044.307
-8.2789 -16.5599 -0.0451 0.00 0.00 1.00 0 0 0 112 1 0 0 0 0 080519 153044.508
-8.1878 -16.5586 -0.0443 0.00 0.00 1.00 0 0 0 112 1 0 0 0 0 080519 153044.708
-8.0977 -16.5573 -0.0444 0.00 0.00 1.00 0 5 254 112 1 0 0 0 0 080519 153044.908
-8.0066 -16.5557 -0.0443 0.00 0.00 1.00 0 244 253 112 1 0 0 0 0 080519 153045.108
-7.9194 -16.5540 -0.0459 0.00 0.00 1.00 0 229 253 112 1 0 0 0 0 080519 153045.309
-7.8280 -16.5522 -0.0480 0.00 0.00 1.00 0 214 253 112 1 0 0 0 0 080519 153045.509
-7.7371 -16.5510 -0.0483 0.00 0.00 1.00 0 195 253 112 1 0 0 0 0 080519 153045.709
-7.6442 -16.5499 -0.0484 0.00 0.00 1.00 0 176 253 112 1 0 0 0 0 080519 153045.909
-7.5558 -16.5489 -0.0502 0.00 0.00 1.00 0 157 253 112 1 0 0 0 0 080519 153046.110
-7.4429 -16.5471 -0.0501 0.00 0.00 1.00 0 136 253 112 1 0 0 0 0 080519 153046.310
-7.3537 -16.5447 -0.0502 0.00 0.00 1.00 0 124 253 112 1 0 0 0 0 080519 153046.510
-7.2644 -16.5433 -0.0517 0.00 0.00 1.00 0 107 253 112 1 0 0 0 0 080519 153046.710
-7.1736 -16.5407 -0.0532 0.00 0.00 1.00 0 96 253 112 1 0 0 0 0 080519 153046.911
-7.1041 -16.5407 -0.0531 0.00 0.00 1.00 0 77 253 112 1 0 0 0 0 080519 153047.111
-7.0105 -16.5390 -0.0541 0.00 0.00 1.00 0 61 253 112 1 0 0 0 0 080519 153047.311
-6.8998 -16.5362 -0.0545 0.00 0.00 1.00 0 18 253 112 1 0 0 0 0 080519 153047.512
-6.8323 -16.5343 -0.0549 0.00 0.00 1.00 0 239 252 112 1 0 0 0 0 080519 153047.712
-6.7439 -16.5314 -0.0558 0.00 0.00 1.00 0 195 252 112 1 0 0 0 0 080519 153047.912
-6.6540 -16.5288 -0.0574 0.00 0.00 1.00 0 149 252 112 1 0 0 0 0 080519 153048.112
-6.5854 -16.5259 -0.0576 0.00 0.00 1.00 0 119 252 112 1 0 0 0 0 080519 153048.313
-6.4700 -16.5219 -0.0579 0.00 0.00 1.00 0 62 252 112 1 0 0 0 0 080519 153048.513
-6.3788 -16.5190 -0.0587 0.00 0.00 1.00 0 17 252 112 1 0 0 0 0 080519 153048.713
-6.2643 -16.5173 -0.0591 0.00 0.00 1.00 0 206 251 112 1 0 0 0 0 080519 153048.913
-6.1722 -16.5155 -0.0580 0.00 0.00 1.00 0 154 251 112 1 0 0 0 0 080519 153049.113
-6.0810 -16.5149 -0.0580 0.00 0.00 1.00 0 97 251 112 1 0 0 0 0 080519 153049.314
-5.9932 -16.5118 -0.0603 0.00 0.00 1.00 0 55 251 112 1 0 0 0 0 080519 153049.514
-5.9247 -16.5086 -0.0605 0.00 0.00 1.00 0 19 251 112 1 0 0 0 0 080519 153049.714
-5.8316 -16.5046 -0.0633 0.00 0.00 1.00 0 197 250 112 1 0 0 0 0 080519 153049.914
-5.7397 -16.4999 -0.0633 0.00 0.00 1.00 0 124 250 112 1 0 0 0 0 080519 153050.115
-5.6275 -16.4951 -0.0648 0.00 0.00 1.00 0 31 250 112 1 0 0 0 0 080519 153050.315
-5.5370 -16.4914 -0.0664 0.00 0.00 1.00 0 211 249 112 1 0 0 0 0 080519 153050.515
-5.4459 -16.4862 -0.0667 0.00 0.00 1.00 0 141 249 112 1 0 0 0 0 080519 153050.715
-5.3560 -16.4816 -0.0672 0.00 0.00 1.00 0 70 249 112 1 0 0 0 0 080519 153050.916
-5.2422 -16.4761 -0.0684 0.00 0.00 1.00 0 235 248 112 1 0 0 0 0 080519 153051.116
-5.1732 -16.4721 -0.0688 0.00 0.00 1.00 0 182 248 112 1 0 0 0 0 080519 153051.316
-5.1032 -16.4690 -0.0689 0.00 0.00 1.00 0 125 248 112 1 0 0 0 0 080519 153051.516
-5.0114 -16.4632 -0.0709 0.00 0.00 1.00 0 57 248 112 1 0 0 0 0 080519 153051.717
-4.9235 -16.4581 -0.0709 0.00 0.00 1.00 0 247 247 112 1 0 0 0 0 080519 153051.917
-4.8301 -16.4526 -0.0716 0.00 0.00 1.00 0 172 247 112 1 0 0 0 0 080519 153052.117
-4.7398 -16.4464 -0.0704 0.00 0.00 1.00 0 102 247 112 1 0 0 0 0 080519 153052.317
-4.6272 -16.4384 -0.0713 0.00 0.00 1.00 0 15 247 112 1 0 0 0 0 080519 153052.518
-4.5335 -16.4348 -0.0729 0.00 0.00 1.00 0 184 246 112 1 0 0 0 0 080519 153052.718
-4.4669 -16.4299 -0.0728 0.00 0.00 1.00 0 134 246 112 1 0 0 0 0 080519 153052.918
-4.3753 -16.4266 -0.0732 0.00 0.00 1.00 0 48 246 112 1 0 0 0 0 080519 153053.118
-4.2838 -16.4219 -0.0732 0.00 0.00 1.00 0 225 245 112 1 0 0 0 0 080519 153053.318
-4.1703 -16.4148 -0.0745 0.00 0.00 1.00 0 133 245 112 1 0 0 0 0 080519 153053.519
-4.0566 -16.4067 -0.0750 0.00 0.00 1.00 0 46 245 112 1 0 0 0 0 080519 153053.719
-3.9893 -16.4024 -0.0757 0.00 0.00 1.00 0 248 244 112 1 0 0 0 0 080519 153053.919
-3.8976 -16.3967 -0.0773 0.00 0.00 1.00 0 173 244 112 1 0 0 0 0 080519 153054.119
-3.7817 -16.3900 -0.0781 0.00 0.00 1.00 0 73 244 112 1 0 0 0 0 080519 153054.320
-3.6916 -16.3826 -0.0787 0.00 0.00 1.00 0 4 244 112 1 0 0 0 0 080519 153054.520
-3.6009 -16.3765 -0.0784 0.00 0.00 1.00 0 183 243 112 1 0 0 0 0 080519 153054.720
-3.5092 -16.3697 -0.0784 0.00 0.00 1.00 0 109 243 112 1 0 0 0 0 080519 153054.920
-3.4399 -16.3653 -0.0773 0.00 0.00 1.00 0 50 243 112 1 0 0 0 0 080519 153055.121
-3.3512 -16.3599 -0.0793 0.00 0.00 1.00 0 228 242 112 1 0 0 0 0 080519 153055.321
-3.2603 -16.3437 -0.0818 0.00 0.00 1.00 0 201 242 112 1 0 0 0 0 080519 153055.521
-3.2145 -16.3307 -0.0788 0.00 0.00 1.00 0 210 242 112 1 0 0 0 0 080519 153055.722
-3.1500 -16.3122 -0.0791 0.00 0.00 1.00 0 225 242 112 1 0 0 0 0 080519 153055.922
-3.0450 -16.2908 -0.0810 0.00 0.00 1.00 0 207 242 112 1 0 0 0 0 080519 153056.122
-2.9606 -16.2750 -0.0821 0.00 0.00 1.00 0 185 242 112 1 0 0 0 0 080519 153056.323
-2.8760 -16.2568 -0.0827 0.00 0.00 1.00 0 174 242 112 1 0 0 0 0 080519 153056.523
-2.7846 -16.2378 -0.0848 0.00 0.00 1.00 0 148 242 112 1 0 0 0 0 080519 153056.723
-2.7032 -16.2070 -0.0854 0.00 0.00 1.00 0 180 242 112 1 0 0 0 0 080519 153056.924
-2.6335 -16.1694 -0.0873 0.00 0.00 1.00 0 5 243 112 1 0 0 0 0 080519 153057.124
-2.5573 -16.1301 -0.0904 0.00 0.00 1.00 0 85 243 112 1 0 0 0 0 080519 153057.325
-2.4790 -16.0937 -0.0936 0.00 0.00 1.00 0 148 243 112 1 0 0 0 0 080519 153057.525
-2.3974 -16.0563 -0.0951 0.00 0.00 1.00 0 212 243 112 1 0 0 0 0 080519 153057.725
-2.3143 -16.0137 -0.0960 0.00 0.00 1.00 0 42 244 112 1 0 0 0 0 080519 153057.925
-2.2331 -15.9488 -0.0955 0.00 0.00 1.00 0 238 244 112 1 0 0 0 0 080519 153058.126
-2.1871 -15.9048 -0.0955 0.00 0.00 1.00 0 127 245 112 1 0 0 0 0 080519 153058.326
-2.1457 -15.8595 -0.0959 0.00 0.00 1.00 0 29 246 112 1 0 0 0 0 080519 153058.526
-2.0677 -15.7868 -0.0958 0.00 0.00 1.00 0 11 247 112 1 0 0 0 0 080519 153058.726
-1.9964 -15.7293 -0.0987 0.00 0.00 1.00 0 186 247 112 1 0 0 0 0 080519 153058.927
-1.9434 -15.6855 -0.1018 0.00 0.00 1.00 0 64 248 112 1 0 0 0 0 080519 153059.127
-1.8582 -15.6124 -0.1016 0.00 0.00 1.00 0 2 249 112 1 0 0 0 0 080519 153059.327
-1.8063 -15.5676 -0.1031 0.00 0.00 1.00 0 0 249 112 1 0 0 0 0 080519 153059.528
-1.6994 -15.4775 -0.1050 0.00 0.00 1.00 0 243 248 112 1 0 0 0 0 080519 153059.728
-1.6579 -15.4261 -0.1063 0.00 0.00 1.00 0 44 249 112 1 0 0 0 0 080519 153059.928
-1.6255 -15.3781 -0.1076 0.00 0.00 1.00 0 118 249 112 1 0 0 0 0 080519 153100.128
-1.5826 -15.3087 -0.1088 0.00 0.00 1.00 0 239 249 112 1 0 0 0 0 080519 153100.329
-1.5371 -15.2392 -0.1101 0.00 0.00 1.00 0 95 250 112 1 0 0 0 0 080519 153100.529
-1.4843 -15.1654 -0.1147 0.00 0.00 1.00 0 199 250 112 1 0 0 0 0 080519 153100.729
-1.4309 -15.0922 -0.1148 0.00 0.00 1.00 0 42 251 112 1 0 0 0 0 080519 153100.929
-1.3762 -15.0185 -0.1147 0.00 0.00 1.00 0 140 251 112 1 0 0 0 0 080519 153101.130
-1.3215 -14.9449 -0.1137 0.00 0.00 1.00 0 237 251 112 1 0 0 0 0 080519 153101.330
-1.2708 -14.8507 -0.1180 0.00 0.00 1.00 0 169 252 112 1 0 0 0 0 080519 153101.530
-1.2445 -14.7744 -0.1187 0.00 0.00 1.00 0 114 253 112 1 0 0 0 0 080519 153101.730
-1.2278 -14.7155 -0.1195 0.00 0.00 1.00 0 0 0 112 1 0 0 0 0 080519 153101.931
-1.1886 -14.6181 -0.1231 0.00 0.00 1.00 0 0 0 112 1 0 0 0 0 080519 153102.131
-1.1529 -14.5314 -0.1245 0.00 0.00 1.00 0 0 0 112 1 0 0 0 0 080519 153102.331
-1.1205 -14.4471 -0.1262 0.00 0.00 1.00 0 0 0 112 1 0 0 0 0 080519 153102.531
-1.0843 -14.3625 -0.1273 0.00 0.00 1.00 0 0 0 112 1 0 0 0 0 080519 153102.732
-1.0493 -14.2793 -0.1308 0.00 0.00 1.00 0 0 0 112 1 0 0 0 0 080519 153102.932
-1.0104 -14.1719 -0.1358 0.00 0.00 1.00 0 0 0 112 1 0 0 0 0 080519 153103.132
-1.0001 -14.1125 -0.1369 0.00 0.00 1.00 0 0 0 112 1 0 0 0 0 080519 153103.332
-0.9956 -14.0351 -0.1453 0.00 0.00 1.00 0 0 0 112 1 0 0 0 0 080519 153103.533
-1.0027 -13.9535 -0.1488 0.00 0.00 1.00 0 0 0 112 1 0 0 0 0 080519 153103.733
-1.0142 -13.8746 -0.1485 0.00 0.00 1.00 0 162 2 112 1 0 0 0 0 080519 153103.933
-1.0195 -13.7904 -0.1490 0.00 0.00 1.00 0 136 3 112 1 0 0 0 0 080519 153104.133
-1.0205 -13.6999 -0.1482 0.00 0.00 1.00 0 107 4 112 1 0 0 0 0 080519 153104.334
-1.0212 -13.6300 -0.1475 0.00 0.00 1.00 0 25 5 112 1 0 0 0 0 080519 153104.534
-1.0257 -13.5167 -0.1466 0.00 0.00 1.00 0 58 5 112 1 0 0 0 0 080519 153104.734
-1.0275 -13.4491 -0.1452 0.00 0.00 1.00 0 121 5 112 1 0 0 0 0 080519 153104.934
-1.0306 -13.3523 -0.1409 0.00 0.00 1.00 0 213 5 112 1 0 0 0 0 080519 153105.135
-1.0312 -13.2826 -0.1381 0.00 0.00 1.00 0 16 6 112 1 0 0 0 0 080519 153105.335
-1.0341 -13.1728 -0.1369 0.00 0.00 1.00 0 118 6 112 1 0 0 0 0 080519 153105.535
-1.0354 -13.1030 -0.1348 0.00 0.00 1.00 0 180 6 112 1 0 0 0 0 080519 153105.735
-1.0368 -12.9882 -0.1334 0.00 0.00 1.00 0 23 7 112 1 0 0 0 0 080519 153105.936
-1.0380 -12.9229 -0.1341 0.00 0.00 1.00 0 81 7 112 1 0 0 0 0 080519 153106.136
-1.0416 -12.8121 -0.1330 0.00 0.00 1.00 0 187 7 112 1 0 0 0 0 080519 153106.336
-1.0450 -12.6934 -0.1308 0.00 0.00 1.00 0 43 8 112 1 0 0 0 0 080519 153106.536
-1.0432 -12.6277 -0.1302 0.00 0.00 1.00 0 192 7 112 1 0 0 0 0 080519 153106.737
-1.0208 -12.5002 -0.1256 0.00 0.00 1.00 0 3 7 112 1 0 0 0 0 080519 153106.937
-1.0058 -12.4317 -0.1267 0.00 0.00 1.00 0 143 6 112 1 0 0 0 0 080519 153107.137
-0.9906 -12.3211 -0.1262 0.00 0.00 1.00 0 0 6 112 1 0 0 0 0 080519 153107.337
-0.9786 -12.2327 -0.1256 0.00 0.00 1.00 0 143 5 112 1 0 0 0 0 080519 153107.538
-0.9696 -12.1662 -0.1253 0.00 0.00 1.00 0 57 5 112 1 0 0 0 0 080519 153107.738
-0.9532 -12.0525 -0.1247 0.00 0.00 1.00 0 163 4 112 1 0 0 0 0 080519 153107.938
-0.9421 -11.9615 -0.1240 0.00 0.00 1.00 0 52 4 112 1 0 0 0 0 080519 153108.139
-0.9317 -11.8925 -0.1228 0.00 0.00 1.00 0 214 3 112 1 0 0 0 0 080519 153108.339
-0.9159 -11.7802 -0.1216 0.00 0.00 1.00 0 68 3 112 1 0 0 0 0 080519 153108.539
-0.9066 -11.7127 -0.1205 0.00 0.00 1.00 0 241 2 112 1 0 0 0 0 080519 153108.739
-0.8941 -11.6199 -0.1183 0.00 0.00 1.00 0 147 2 112 1 0 0 0 0 080519 153108.940
-0.8795 -11.5090 -0.1190 0.00 0.00 1.00 0 37 2 112 1 0 0 0 0 080519 153109.140
-0.8670 -11.4183 -0.1189 0.00 0.00 1.00 0 0 0 112 1 0 0 0 0 080519 153109.340
-0.8581 -11.3510 -0.1194 0.00 0.00 1.00 0 0 0 112 1 0 0 0 0 080519 153109.540
-0.8438 -11.2397 -0.1197 0.00 0.00 1.00 0 0 0 112 1 0 0 0 0 080519 153109.741
-0.8343 -11.1682 -0.1177 0.00 0.00 1.00 0 0 0 112 1 0 0 0 0 080519 153109.941
-0.8225 -11.0775 -0.1169 0.00 0.00 1.00 0 0 0 112 1 0 0 0 0 080519 153110.141
-0.8083 -10.9622 -0.1140 0.00 0.00 1.00 0 0 0 112 1 0 0 0 0 080519 153110.341
-0.7994 -10.8963 -0.1149 0.00 0.00 1.00 0 0 0 112 1 0 0 0 0 080519 153110.542
-0.7880 -10.8049 -0.1136 0.00 0.00 1.00 0 0 0 112 1 0 0 0 0 080519 153110.742
-0.7746 -10.6908 -0.1138 0.00 0.00 1.00 0 0 0 112 1 0 0 0 0 080519 153110.942
-0.7637 -10.6011 -0.1135 0.00 0.00 1.00 0 0 0 112 1 0 0 0 0 080519 153111.142
-0.7552 -10.5342 -0.1136 0.00 0.00 1.00 0 0 0 112 1 0 0 0 0 080519 153111.343
-0.7464 -10.4686 -0.1139 0.00 0.00 1.00 0 0 0 112 1 0 0 0 0 080519 153111.543
-0.7325 -10.3573 -0.1134 0.00 0.00 1.00 0 228 253 112 1 0 0 0 0 080519 153111.743
-0.7236 -10.2892 -0.1131 0.00 0.00 1.00 0 166 253 112 1 0 0 0 0 080519 153111.944
-0.7112 -10.1786 -0.1139 0.00 0.00 1.00 0 77 253 112 1 0 0 0 0 080519 153112.144
-0.7007 -10.0867 -0.1133 0.00 0.00 1.00 0 2 253 112 1 0 0 0 0 080519 153112.344
-0.6891 -9.9752 -0.1135 0.00 0.00 1.00 0 172 252 112 1 0 0 0 0 080519 153112.544
-0.6784 -9.8853 -0.1144 0.00 0.00 1.00 0 96 252 112 1 0 0 0 0 080519 153112.745
-0.6690 -9.8163 -0.1143 0.00 0.00 1.00 0 32 252 112 1 0 0 0 0 080519 153112.945
-0.6558 -9.7046 -0.1129 0.00 0.00 1.00 0 195 251 112 1 0 0 0 0 080519 153113.145
-0.6451 -9.6141 -0.1122 0.00 0.00 1.00 0 127 251 112 1 0 0 0 0 080519 153113.345
-0.6369 -9.5474 -0.1126 0.00 0.00 1.00 0 80 251 112 1 0 0 0 0 080519 153113.546
-0.6240 -9.4332 -0.1146 0.00 0.00 1.00 0 5 251 112 1 0 0 0 0 080519 153113.746
-0.6171 -9.3662 -0.1148 0.00 0.00 1.00 0 221 250 112 1 0 0 0 0 080519 153113.947
-0.6056 -9.2756 -0.1152 0.00 0.00 1.00 0 155 250 112 1 0 0 0 0 080519 153114.147
-0.5932 -9.1624 -0.1148 0.00 0.00 1.00 0 83 250 112 1 0 0 0 0 080519 153114.347
-0.5918 -9.0902 -0.1140 0.00 0.00 1.00 0 69 250 112 1 0 0 0 0 080519 153114.548
-0.5938 -9.0054 -0.1137 0.00 0.00 1.00 0 72 250 112 1 0 0 0 0 080519 153114.748
-0.5915 -8.9000 -0.1143 0.00 0.00 1.00 0 51 250 112 1 0 0 0 0 080519 153114.948
-0.5898 -8.8304 -0.1144 0.00 0.00 1.00 0 36 250 112 1 0 0 0 0 080519 153115.149
-0.5877 -8.7383 -0.1145 0.00 0.00 1.00 0 17 250 112 1 0 0 0 0 080519 153115.349
-0.5874 -8.6699 -0.1141 0.00 0.00 1.00 0 9 250 112 1 0 0 0 0 080519 153115.549
-0.5837 -8.5339 -0.1141 0.00 0.00 1.00 0 228 249 112 1 0 0 0 0 080519 153115.750
-0.5814 -8.4431 -0.1136 0.00 0.00 1.00 0 202 249 112 1 0 0 0 0 080519 153115.950
-0.5809 -8.3747 -0.1124 0.00 0.00 1.00 0 189 249 112 1 0 0 0 0 080519 153116.150
-0.5792 -8.2626 -0.1137 0.00 0.00 1.00 0 162 249 112 1 0 0 0 0 080519 153116.351
-0.5777 -8.1722 -0.1138 0.00 0.00 1.00 0 140 249 112 1 0 0 0 0 080519 153116.551
-0.5757 -8.1031 -0.1135 0.00 0.00 1.00 0 119 249 112 1 0 0 0 0 080519 153116.751
-0.5754 -8.0356 -0.1134 0.00 0.00 1.00 0 107 249 112 1 0 0 0 0 080519 153116.951
-0.5725 -7.8984 -0.1134 0.00 0.00 1.00 0 71 249 112 1 0 0 0 0 080519 153117.152
-0.5702 -7.8097 -0.1152 0.00 0.00 1.00 0 45 249 112 1 0 0 0 0 080519 153117.352
-0.5687 -7.7193 -0.1163 0.00 0.00 1.00 0 23 249 112 1 0 0 0 0 080519 153117.552
-0.5689 -7.6495 -0.1158 0.00 0.00 1.00 0 13 249 112 1 0 0 0 0 080519 153117.752
-0.5684 -7.5607 -0.1176 0.00 0.00 1.00 0 251 248 112 1 0 0 0 0 080519 153117.953
-0.5668 -7.4656 -0.1171 0.00 0.00 1.00 0 221 248 112 1 0 0 0 0 080519 153118.153
-0.5663 -7.3744 -0.1170 0.00 0.00 1.00 0 197 248 112 1 0 0 0 0 080519 153118.353
-0.5654 -7.2588 -0.1170 0.00 0.00 1.00 0 166 248 112 1 0 0 0 0 080519 153118.554
-0.5647 -7.1661 -0.1178 0.00 0.00 1.00 0 141 248 112 1 0 0 0 0 080519 153118.754
-0.5627 -7.0755 -0.1172 0.00 0.00 1.00 0 110 248 112 1 0 0 0 0 080519 153118.954
-0.5633 -7.0057 -0.1174 0.00 0.00 1.00 0 97 248 112 1 0 0 0 0 080519 153119.155
-0.5639 -6.9155 -0.1181 0.00 0.00 1.00 0 78 248 112 1 0 0 0 0 080519 153119.355
-0.5638 -6.8041 -0.1197 0.00 0.00 1.00 0 52 248 112 1 0 0 0 0 080519 153119.555
-0.5632 -6.7115 -0.1203 0.00 0.00 1.00 0 27 248 112 1 0 0 0 0 080519 153119.755
-0.5622 -6.6422 -0.1206 0.00 0.00 1.00 0 6 248 112 1 0 0 0 0 080519 153119.956
-0.5569 -6.5256 -0.1192 0.00 0.00 1.00 0 208 247 112 1 0 0 0 0 080519 153120.156
-0.5462 -6.4524 -0.1200 0.00 0.00 1.00 0 137 247 112 1 0 0 0 0 080519 153120.356
-0.5324 -6.3317 -0.1144 0.00 0.00 1.00 0 38 247 112 1 0 0 0 0 080519 153120.557
-0.5241 -6.2387 -0.1126 0.00 0.00 1.00 0 230 246 112 1 0 0 0 0 080519 153120.757
-0.5116 -6.1233 -0.1108 0.00 0.00 1.00 0 139 246 112 1 0 0 0 0 080519 153120.957
-0.5025 -6.0077 -0.1062 0.00 0.00 1.00 0 65 246 112 1 0 0 0 0 080519 153121.158
-0.4962 -5.9404 -0.1046 0.00 0.00 1.00 0 17 246 112 1 0 0 0 0 080519 153121.358
-0.4864 -5.8264 -0.1020 0.00 0.00 1.00 0 196 245 112 1 0 0 0 0 080519 153121.558
-0.4847 -5.8032 -0.1021 0.00 0.00 1.00 0 182 245 112 1 0 0 0 0 080519 153121.758
-0.4730 -5.6905 -0.0985 0.00 0.00 1.00 0 96 245 112 1 0 0 0 0 080519 153121.959
-0.4664 -5.6221 -0.0987 0.00 0.00 1.00 0 46 245 112 1 0 0 0 0 080519 153122.159
-0.4577 -5.5100 -0.0967 0.00 0.00 1.00 0 234 244 112 1 0 0 0 0 080519 153122.359
-0.4496 -5.4194 -0.0969 0.00 0.00 1.00 0 186 244 112 1 0 0 0 0 080519 153122.560
-0.4420 -5.3277 -0.0976 0.00 0.00 1.00 0 140 244 112 1 0 0 0 0 080519 153122.760
-0.4373 -5.2603 -0.0954 0.00 0.00 1.00 0 111 244 112 1 0 0 0 0 080519 153122.960
-0.4280 -5.1483 -0.0959 0.00 0.00 1.00 0 55 244 112 1 0 0 0 0 080519 153123.161
-0.4212 -5.0801 -0.0970 0.00 0.00 1.00 0 15 244 112 1 0 0 0 0 080519 153123.361
-0.4119 -4.9670 -0.0962 0.00 0.00 1.00 0 215 243 112 1 0 0 0 0 080519 153123.562
-0.4053 -4.8768 -0.0951 0.00 0.00 1.00 0 174 243 112 1 0 0 0 0 080519 153123.762
-0.3999 -4.8069 -0.0947 0.00 0.00 1.00 0 141 243 112 1 0 0 0 0 080519 153123.962
-0.3923 -4.6954 -0.0941 0.00 0.00 1.00 0 93 243 112 1 0 0 0 0 080519 153124.163
-0.3840 -4.5801 -0.0920 0.00 0.00 1.00 0 42 243 112 1 0 0 0 0 080519 153124.363
-0.3809 -4.5353 -0.0917 0.00 0.00 1.00 0 23 243 112 1 0 0 0 0 080519 153124.563
-0.3689 -4.3738 -0.0871 0.00 0.00 1.00 0 186 243 112 1 0 0 0 0 080519 153124.763
-0.3658 -4.3064 -0.0872 0.00 0.00 1.00 0 235 243 112 1 0 0 0 0 080519 153124.964
-0.3619 -4.2618 -0.0869 0.00 0.00 1.00 0 2 244 112 1 0 0 0 0 080519 153125.164
-0.3531 -4.1476 -0.0862 0.00 0.00 1.00 0 67 244 112 1 0 0 0 0 080519 153125.364
-0.3465 -4.0561 -0.0856 0.00 0.00 1.00 0 122 244 112 1 0 0 0 0 080519 153125.565
-0.3419 -3.9871 -0.0857 0.00 0.00 1.00 0 164 244 112 1 0 0 0 0 080519 153125.765
-0.3343 -3.8707 -0.0849 0.00 0.00 1.00 0 238 244 112 1 0 0 0 0 080519 153125.966
-0.3279 -3.7807 -0.0850 0.00 0.00 1.00 0 35 245 112 1 0 0 0 0 080519 153126.166
-0.3204 -3.6679 -0.0853 0.00 0.00 1.00 0 106 245 112 1 0 0 0 0 080519 153126.366
-0.3167 -3.5999 -0.0850 0.00 0.00 1.00 0 178 245 112 1 0 0 0 0 080519 153126.567
-0.3127 -3.5314 -0.0861 0.00 0.00 1.00 0 252 245 112 1 0 0 0 0 080519 153126.767
-0.3037 -3.4176 -0.0873 0.00 0.00 1.00 0 109 246 112 1 0 0 0 0 080519 153126.967
-0.2991 -3.3468 -0.0880 0.00 0.00 1.00 0 183 246 112 1 0 0 0 0 080519 153127.168
-0.2924 -3.2328 -0.0862 0.00 0.00 1.00 0 51 247 112 1 0 0 0 0 080519 153127.368
-0.2696 -3.1134 -0.0857 0.00 0.00 1.00 0 105 247 112 1 0 0 0 0 080519 153127.568
-0.2537 -3.0208 -0.0841 0.00 0.00 1.00 0 155 247 112 1 0 0 0 0 080519 153127.769
-0.2442 -2.9532 -0.0839 0.00 0.00 1.00 0 201 247 112 1 0 0 0 0 080519 153127.970
-0.2280 -2.8417 -0.0858 0.00 0.00 1.00 0 20 248 112 1 0 0 0 0 080519 153128.170
-0.2167 -2.7486 -0.0860 0.00 0.00 1.00 0 93 248 112 1 0 0 0 0 080519 153128.371
-0.2062 -2.6797 -0.0862 0.00 0.00 1.00 0 136 248 112 1 0 0 0 0 080519 153128.571
-0.1898 -2.5613 -0.0840 0.00 0.00 1.00 0 215 248 112 1 0 0 0 0 080519 153128.771
-0.1762 -2.4717 -0.0856 0.00 0.00 1.00 0 11 249 112 1 0 0 0 0 080519 153128.972
-0.1682 -2.4062 -0.0859 0.00 0.00 1.00 0 58 249 112 1 0 0 0 0 080519 153129.172
-0.1542 -2.2978 -0.0869 0.00 0.00 1.00 0 133 249 112 1 0 0 0 0 080519 153129.373
-0.1448 -2.2319 -0.0889 0.00 0.00 1.00 0 175 249 112 1 0 0 0 0 080519 153129.573
-0.1360 -2.1655 -0.0895 0.00 0.00 1.00 0 220 249 112 1 0 0 0 0 080519 153129.774
-0.1199 -2.0538 -0.0929 0.00 0.00 1.00 0 33 250 112 1 0 0 0 0 080519 153129.974
-0.1115 -1.9829 -0.0889 0.00 0.00 1.00 0 85 250 112 1 0 0 0 0 080519 153130.175
-0.0949 -1.8641 -0.0875 0.00 0.00 1.00 0 162 250 112 1 0 0 0 0 080519 153130.375
-0.0855 -1.7997 -0.0886 0.00 0.00 1.00 0 201 250 112 1 0 0 0 0 080519 153130.575
-0.0701 -1.6812 -0.0837 0.00 0.00 1.00 0 27 251 112 1 0 0 0 0 080519 153130.776
-0.0589 -1.6151 -0.0857 0.00 0.00 1.00 0 61 251 112 1 0 0 0 0 080519 153130.976
-0.0464 -1.5068 -0.0866 0.00 0.00 1.00 0 105 251 112 1 0 0 0 0 080519 153131.176
-0.0516 -1.3917 -0.0866 0.00 0.00 1.00 0 241 251 112 1 0 0 0 0 080519 153131.377
-0.0580 -1.3387 -0.0886 0.00 0.00 1.00 0 68 252 112 1 0 0 0 0 080519 153131.577
-0.0596 -1.2230 -0.0877 0.00 0.00 1.00 0 187 252 112 1 0 0 0 0 080519 153131.777
-0.0601 -1.1049 -0.0859 0.00 0.00 1.00 0 48 253 112 1 0 0 0 0 080519 153131.978
-0.0613 -1.0161 -0.0853 0.00 0.00 1.00 0 139 253 112 1 0 0 0 0 080519 153132.178
-0.0609 -0.9494 -0.0856 0.00 0.00 1.00 0 202 253 112 1 0 0 0 0 080519 153132.378
-0.0630 -0.8591 -0.0869 0.00 0.00 1.00 0 0 0 112 1 0 0 0 0 080519 153132.578
-0.0633 -0.7698 -0.0870 0.00 0.00 1.00 0 0 0 112 1 0 0 0 0 080519 153132.779
-0.0639 -0.6578 -0.0884 0.00 0.00 1.00 0 0 0 112 1 0 0 0 0 080519 153132.979
-0.0632 -0.5885 -0.0873 0.00 0.00 1.00 0 0 0 112 1 0 0 0 0 080519 153133.179
-0.0645 -0.4954 -0.0867 0.00 0.00 1.00 0 0 0 112 1 0 0 0 0 080519 153133.380
-0.0655 -0.4287 -0.0857 0.00 0.00 1.00 0 0 0 112 1 0 0 0 0 080519 153133.580
-0.0654 -0.3375 -0.0869 0.00 0.00 1.00 0 0 0 112 1 0 0 0 0 080519 153133.780
-0.0669 -0.2233 -0.0846 0.00 0.00 1.00 0 0 0 112 1 0 0 0 0 080519 153133.980
-0.0675 -0.1545 -0.0856 0.00 0.00 1.00 0 0 0 112 1 0 0 0 0 080519 153134.181
-0.0688 -0.0610 -0.0844 0.00 0.00 1.00 0 0 0 112 1 0 0 0 0 080519 153134.381
-0.0705 0.0540 -0.0843 0.00 0.00 1.00 0 0 0 112 1 0 0 0 0 080519 153134.581
-0.0708 0.1227 -0.0845 0.00 0.00 1.00 0 0 0 112 1 0 0 0 0 080519 153134.782
-0.0741 0.2370 -0.0840 0.00 0.00 1.00 0 0 0 112 1 0 0 0 0 080519 153134.982
-0.0735 0.3025 -0.0859 0.00 0.00 1.00 0 0 0 112 1 0 0 0 0 080519 153135.182
-0.0752 0.4144 -0.0851 0.00 0.00 1.00 0 61 2 112 1 0 0 0 0 080519 153135.383
-0.0769 0.4846 -0.0857 0.00 0.00 1.00 0 119 2 112 1 0 0 0 0 080519 153135.583
-0.0813 0.5957 -0.0868 0.00 0.00 1.00 0 164 2 112 1 0 0 0 0 080519 153135.783
-0.0810 0.6871 -0.0868 0.00 0.00 1.00 0 183 2 112 1 0 0 0 0 080519 153135.983
-0.0815 0.7539 -0.0876 0.00 0.00 1.00 0 200 2 112 1 0 0 0 0 080519 153136.184
-0.0868 0.8700 -0.0835 0.00 0.00 1.00 0 252 2 112 1 0 0 0 0 080519 153136.384
-0.0893 0.9599 -0.0835 0.00 0.00 1.00 0 28 3 112 1 0 0 0 0 080519 153136.584
-0.0923 1.0258 -0.0832 0.00 0.00 1.00 0 58 3 112 1 0 0 0 0 080519 153136.785
-0.1064 1.1640 -0.0851 0.00 0.00 1.00 0 158 3 112 1 0 0 0 0 080519 153136.985
-0.1197 1.2156 -0.0861 0.00 0.00 1.00 0 236 3 112 1 0 0 0 0 080519 153137.186
-0.1389 1.2679 -0.0875 0.00 0.00 1.00 0 87 4 112 1 0 0 0 0 080519 153137.386
-0.1625 1.3750 -0.0883 0.00 0.00 1.00 0 229 4 112 1 0 0 0 0 080519 153137.586
-0.1841 1.4659 -0.0872 0.00 0.00 1.00 0 100 5 112 1 0 0 0 0 080519 153137.787
-0.2099 1.5739 -0.0873 0.00 0.00 1.00 0 227 5 112 1 0 0 0 0 080519 153137.987
-0.2274 1.6410 -0.0864 0.00 0.00 1.00 0 47 6 112 1 0 0 0 0 080519 153138.188
-0.2495 1.7280 -0.0872 0.00 0.00 1.00 0 143 6 112 1 0 0 0 0 080519 153138.388
-0.2659 1.7936 -0.0871 0.00 0.00 1.00 0 214 6 112 1 0 0 0 0 080519 153138.588
-0.2826 1.8595 -0.0872 0.00 0.00 1.00 0 31 7 112 1 0 0 0 0 080519 153138.789
-0.3156 1.9688 -0.0886 0.00 0.00 1.00 0 177 7 112 1 0 0 0 0 080519 153138.989
-0.3491 2.0364 -0.0906 0.00 0.00 1.00 0 77 8 112 1 0 0 0 0 080519 153139.189
-0.3969 2.1070 -0.0915 0.00 0.00 1.00 0 48 9 112 1 0 0 0 0 080519 153139.390
-0.4452 2.2008 -0.0940 0.00 0.00 1.00 0 18 10 112 1 0 0 0 0 080519 153139.590
-0.4744 2.2913 -0.0939 0.00 0.00 1.00 0 148 10 112 1 0 0 0 0 080519 153139.791
-0.4991 2.4082 -0.1006 0.00 0.00 1.00 0 252 10 112 1 0 0 0 0 080519 153139.991
-0.5215 2.4714 -0.1006 0.00 0.00 1.00 0 98 11 112 1 0 0 0 0 080519 153140.191
-0.5680 2.5688 -0.1023 0.00 0.00 1.00 0 251 10 112 1 0 0 0 0 080519 153140.392
