-19.7393 45.9931 -0.7002 0.00 0.00 1.00 0 0 0 127 0 0 0 0 0 040619 122033.193
-19.7393 45.9931 -0.7002 0.00 0.00 1.00 0 0 0 127 0 0 0 0 0 040619 122033.394
-19.7393 45.9931 -0.7002 0.00 0.00 1.00 0 0 0 127 0 0 0 0 0 040619 122033.594
-19.7393 45.9931 -0.7002 0.00 0.00 1.00 0 0 0 127 0 0 0 0 0 040619 122033.794
-19.7393 45.9931 -0.7002 0.00 0.00 1.00 0 0 0 127 0 0 0 0 0 040619 122033.994
-19.7393 45.9931 -0.7002 0.00 0.00 1.00 0 0 0 127 0 0 0 0 0 040619 122034.195
-19.7393 45.9931 -0.7002 0.00 0.00 1.00 0 0 0 127 0 0 0 0 0 040619 122034.395
-19.7393 45.9931 -0.7002 0.00 0.00 1.00 0 0 0 127 0 0 0 0 0 040619 122034.595
-19.7393 45.9931 -0.7002 0.00 0.00 1.00 0 0 0 127 0 0 0 0 0 040619 122034.795
-19.7393 45.9931 -0.7002 0.00 0.00 1.00 0 0 0 127 0 0 0 0 0 040619 122034.996
-19.7393 45.9931 -0.7002 0.00 0.00 1.00 0 0 0 127 0 0 0 0 0 040619 122035.196
-19.7393 45.9931 -0.7002 0.00 0.00 1.00 0 0 0 127 0 0 0 0 0 040619 122035.396
-19.7393 45.9931 -0.7002 0.00 0.00 1.00 0 0 0 127 0 0 0 0 0 040619 122035.596
-19.7393 45.9931 -0.7002 0.00 0.00 1.00 0 0 0 127 0 0 0 0 0 040619 122035.797
-19.7393 45.9931 -0.7002 0.00 0.00 1.00 0 0 0 127 0 0 0 0 0 040619 122035.997
-19.7393 45.9931 -0.7002 0.00 0.00 1.00 0 0 0 127 0 0 0 0 0 040619 122036.197
-19.7393 45.9931 -0.7002 0.00 0.00 1.00 0 0 0 127 0 0 0 0 0 040619 122036.397
-19.7393 45.9931 -0.7002 0.00 0.00 1.00 0 0 0 127 0 0 0 0 0 040619 122036.598
-19.7393 45.9931 -0.7002 0.00 0.00 1.00 0 0 0 127 0 0 0 0 0 040619 122036.798
-19.7393 45.9931 -0.7002 0.00 0.00 1.00 0 0 0 127 0 0 0 0 0 040619 122036.998
-19.7393 45.9931 -0.7002 0.00 0.00 1.00 0 0 0 127 0 0 0 0 0 040619 122037.198
-19.7393 45.9931 -0.7002 0.00 0.00 1.00 0 0 0 127 0 0 0 0 0 040619 122037.399
-19.7393 45.9931 -0.7002 0.00 0.00 1.00 0 0 0 127 0 0 0 0 0 040619 122037.599
-19.7393 45.9931 -0.7002 0.00 0.00 1.00 0 0 0 127 0 0 0 0 0 040619 122037.799
-19.7393 45.9931 -0.7002 0.00 0.00 1.00 0 0 0 127 0 0 0 0 0 040619 122037.999
-19.7393 45.9931 -0.7002 0.00 0.00 1.00 0 0 0 127 0 0 0 0 0 040619 122038.200
-19.7393 45.9931 -0.7002 0.00 0.00 1.00 0 0 0 127 0 0 0 0 0 040619 122038.400
-19.7393 45.9931 -0.7002 0.00 0.00 1.00 0 0 0 127 0 0 0 0 0 040619 122038.600
-19.7393 45.9931 -0.7002 0.00 0.00 1.00 0 0 0 127 0 0 0 0 0 040619 122038.800
-19.7393 45.9931 -0.7002 0.00 0.00 1.00 0 0 0 127 0 0 0 0 0 040619 122039.001
-19.7393 45.9931 -0.7002 0.00 0.00 1.00 0 0 0 127 0 0 0 0 0 040619 122039.201
-19.7393 45.9931 -0.7002 0.00 0.00 1.00 0 0 0 127 0 0 0 0 0 040619 122039.401
-19.7393 45.9931 -0.7002 0.00 0.00 1.00 0 0 0 127 0 0 0 0 0 040619 122039.601
-19.7393 45.9931 -0.7002 0.00 0.00 1.00 0 0 0 127 0 0 0 0 0 040619 122039.802
-19.7393 45.9931 -0.7002 0.00 0.00 1.00 0 0 0 127 0 0 0 0 0 040619 122040.002
-19.7393 45.9931 -0.7002 0.00 0.00 1.00 0 0 0 127 0 0 0 0 0 040619 122040.202
-19.7393 45.9931 -0.7002 0.00 0.00 1.00 0 0 0 127 0 0 0 0 0 040619 122040.402
-19.7393 45.9931 -0.7002 0.00 0.00 1.00 0 0 0 127 0 0 0 0 0 040619 122040.603
-19.7393 45.9931 -0.7002 0.00 0.00 1.00 0 0 0 127 0 0 0 0 0 040619 122040.803
-19.7393 45.9931 -0.7002 0.00 0.00 1.00 0 0 0 127 0 0 0 0 0 040619 122041.003
-19.7393 45.9931 -0.7002 0.00 0.00 1.00 0 0 0 127 0 0 0 0 0 040619 122041.203
-19.7393 45.9931 -0.7002 0.00 0.00 1.00 0 0 0 127 0 0 0 0 0 040619 122041.404
-19.7393 45.9931 -0.7002 0.00 0.00 1.00 0 0 0 127 0 0 0 0 0 040619 122041.604
-19.7393 45.9931 -0.7002 0.00 0.00 1.00 0 0 0 127 0 0 0 0 0 040619 122041.804
-19.7393 45.9931 -0.7002 0.00 0.00 1.00 0 0 0 127 0 0 0 0 0 040619 122042.004
-19.7393 45.9931 -0.7002 0.00 0.00 1.00 0 0 0 127 0 0 0 0 0 040619 122042.205
-19.7393 45.9931 -0.7002 0.00 0.00 1.00 0 0 0 127 0 0 0 0 0 040619 122042.405
-19.7393 45.9931 -0.7002 0.00 0.00 1.00 0 0 0 127 0 0 0 0 0 040619 122042.605
-19.7393 45.9931 -0.7002 0.00 0.00 1.00 0 0 0 127 0 0 0 0 0 040619 122042.805
-19.7393 45.9931 -0.7002 0.00 0.00 1.00 0 0 0 127 0 0 0 0 0 040619 122043.005
-19.7393 45.9931 -0.7002 0.00 0.00 1.00 0 0 0 127 0 0 0 0 0 040619 122043.206
-19.5785 47.4638 -0.8200 0.00 0.00 1.00 0 68 46 112 1 0 0 0 0 040619 122043.406
-19.5774 47.4636 -0.8201 0.00 0.00 1.00 0 190 46 112 1 0 0 0 0 040619 122043.606
-19.5783 47.4648 -0.8206 0.00 0.00 1.00 0 150 46 112 1 0 0 0 0 040619 122043.806
-19.5764 47.4639 -0.8220 0.00 0.00 1.00 0 238 47 112 1 0 0 0 0 040619 122044.007
-19.5781 47.4658 -0.8225 0.00 0.00 1.00 0 183 45 112 1 0 0 0 0 040619 122044.207
-19.5767 47.4637 -0.8217 0.00 0.00 1.00 0 166 47 112 1 0 0 0 0 040619 122044.407
-19.5720 47.4562 -0.8212 0.00 0.00 1.00 0 68 50 112 1 0 0 0 0 040619 122044.607
-19.5699 47.4355 -0.8171 0.00 0.00 1.00 0 126 45 112 1 0 0 0 0 040619 122044.807
-19.5699 47.4355 -0.8171 0.00 0.00 1.00 0 126 45 112 1 0 0 0 0 040619 122045.008
