-0.1253 9.8320 -0.0727 0.00 0.00 1.00 0 182 250 112 1 0 0 0 0 030619 151011.385
-0.1288 9.9230 -0.0734 0.00 0.00 1.00 0 146 250 112 1 0 0 0 0 030619 151011.585
-0.1329 10.0168 -0.0728 0.00 0.00 1.00 0 111 250 112 1 0 0 0 0 030619 151011.785
-0.1349 10.0842 -0.0741 0.00 0.00 1.00 0 82 250 112 1 0 0 0 0 030619 151011.986
-0.1392 10.1736 -0.0771 0.00 0.00 1.00 0 51 250 112 1 0 0 0 0 030619 151012.186
-0.1440 10.2900 -0.0763 0.00 0.00 1.00 0 7 250 112 1 0 0 0 0 030619 151012.386
-0.1464 10.3842 -0.0771 0.00 0.00 1.00 0 219 249 112 1 0 0 0 0 030619 151012.586
-0.1523 10.4720 -0.0781 0.00 0.00 1.00 0 197 249 112 1 0 0 0 0 030619 151012.786
-0.1557 10.5429 -0.0792 0.00 0.00 1.00 0 172 249 112 1 0 0 0 0 030619 151012.987
-0.1598 10.6326 -0.0807 0.00 0.00 1.00 0 140 249 112 1 0 0 0 0 030619 151013.187
-0.1658 10.7716 -0.0810 0.00 0.00 1.00 0 88 249 112 1 0 0 0 0 030619 151013.388
-0.1682 10.8396 -0.0827 0.00 0.00 1.00 0 61 249 112 1 0 0 0 0 030619 151013.588
-0.1743 10.9324 -0.0820 0.00 0.00 1.00 0 37 249 112 1 0 0 0 0 030619 151013.788
-0.1781 10.9993 -0.0831 0.00 0.00 1.00 0 17 249 112 1 0 0 0 0 030619 151013.988
-0.1842 11.1110 -0.0858 0.00 0.00 1.00 0 238 248 112 1 0 0 0 0 030619 151014.188
-0.1891 11.2036 -0.0871 0.00 0.00 1.00 0 207 248 112 1 0 0 0 0 030619 151014.389
-0.1937 11.2954 -0.0890 0.00 0.00 1.00 0 176 248 112 1 0 0 0 0 030619 151014.589
-0.1975 11.3631 -0.0891 0.00 0.00 1.00 0 156 248 112 1 0 0 0 0 030619 151014.789
-0.2020 11.4553 -0.0911 0.00 0.00 1.00 0 124 248 112 1 0 0 0 0 030619 151014.989
-0.2059 11.5234 -0.0923 0.00 0.00 1.00 0 104 248 112 1 0 0 0 0 030619 151015.190
-0.2129 11.6127 -0.0939 0.00 0.00 1.00 0 86 248 112 1 0 0 0 0 030619 151015.390
-0.2198 11.7524 -0.0952 0.00 0.00 1.00 0 38 248 112 1 0 0 0 0 030619 151015.591
-0.2237 11.8202 -0.0965 0.00 0.00 1.00 0 18 248 112 1 0 0 0 0 030619 151015.791
-0.2314 11.9573 -0.0986 0.00 0.00 1.00 0 232 247 112 1 0 0 0 0 030619 151015.992
-0.2358 12.0251 -0.0994 0.00 0.00 1.00 0 214 247 112 1 0 0 0 0 030619 151016.192
-0.2411 12.1178 -0.0979 0.00 0.00 1.00 0 187 247 112 1 0 0 0 0 030619 151016.393
-0.2462 12.1872 -0.0985 0.00 0.00 1.00 0 171 247 112 1 0 0 0 0 030619 151016.593
-0.2509 12.3032 -0.1003 0.00 0.00 1.00 0 123 247 112 1 0 0 0 0 030619 151016.793
-0.2560 12.3947 -0.1030 0.00 0.00 1.00 0 89 247 112 1 0 0 0 0 030619 151016.993
-0.2630 12.4823 -0.1047 0.00 0.00 1.00 0 67 247 112 1 0 0 0 0 030619 151017.193
-0.2698 12.5733 -0.1047 0.00 0.00 1.00 0 43 247 112 1 0 0 0 0 030619 151017.394
-0.2734 12.6433 -0.1062 0.00 0.00 1.00 0 15 247 112 1 0 0 0 0 030619 151017.594
-0.2808 12.7556 -0.1090 0.00 0.00 1.00 0 236 246 112 1 0 0 0 0 030619 151017.794
-0.2864 12.8471 -0.1109 0.00 0.00 1.00 0 204 246 112 1 0 0 0 0 030619 151017.995
-0.2944 12.9639 -0.1131 0.00 0.00 1.00 0 168 246 112 1 0 0 0 0 030619 151018.195
-0.2994 13.0323 -0.1127 0.00 0.00 1.00 0 149 246 112 1 0 0 0 0 030619 151018.395
-0.3053 13.1465 -0.1149 0.00 0.00 1.00 0 105 246 112 1 0 0 0 0 030619 151018.596
-0.3096 13.2145 -0.1163 0.00 0.00 1.00 0 82 246 112 1 0 0 0 0 030619 151018.796
-0.3144 13.2825 -0.1172 0.00 0.00 1.00 0 62 246 112 1 0 0 0 0 030619 151018.996
-0.3226 13.3956 -0.1179 0.00 0.00 1.00 0 25 246 112 1 0 0 0 0 030619 151019.196
-0.3290 13.4855 -0.1197 0.00 0.00 1.00 0 250 245 112 1 0 0 0 0 030619 151019.397
-0.3381 13.5958 -0.1243 0.00 0.00 1.00 0 219 245 112 1 0 0 0 0 030619 151019.597
-0.3454 13.6653 -0.1251 0.00 0.00 1.00 0 207 245 112 1 0 0 0 0 030619 151019.797
-0.3500 13.7320 -0.1265 0.00 0.00 1.00 0 183 245 112 1 0 0 0 0 030619 151019.997
-0.3579 13.8470 -0.1290 0.00 0.00 1.00 0 143 245 112 1 0 0 0 0 030619 151020.198
-0.3649 13.9388 -0.1290 0.00 0.00 1.00 0 114 245 112 1 0 0 0 0 030619 151020.398
-0.3718 14.0577 -0.1301 0.00 0.00 1.00 0 66 245 112 1 0 0 0 0 030619 151020.598
-0.3770 14.1253 -0.1304 0.00 0.00 1.00 0 45 245 112 1 0 0 0 0 030619 151020.798
-0.3853 14.2155 -0.1317 0.00 0.00 1.00 0 23 245 112 1 0 0 0 0 030619 151020.999
-0.3927 14.3087 -0.1333 0.00 0.00 1.00 0 252 244 112 1 0 0 0 0 030619 151021.199
-0.4027 14.4220 -0.1356 0.00 0.00 1.00 0 216 244 112 1 0 0 0 0 030619 151021.399
-0.4070 14.4926 -0.1355 0.00 0.00 1.00 0 184 244 112 1 0 0 0 0 030619 151021.599
-0.4153 14.5828 -0.1371 0.00 0.00 1.00 0 157 244 112 1 0 0 0 0 030619 151021.799
-0.4222 14.6755 -0.1368 0.00 0.00 1.00 0 121 244 112 1 0 0 0 0 030619 151022.000
-0.4284 14.7674 -0.1394 0.00 0.00 1.00 0 83 244 112 1 0 0 0 0 030619 151022.200
-0.4384 14.8783 -0.1421 0.00 0.00 1.00 0 49 244 112 1 0 0 0 0 030619 151022.400
-0.4437 14.9505 -0.1431 0.00 0.00 1.00 0 21 244 112 1 0 0 0 0 030619 151022.600
-0.4519 15.0426 -0.1440 0.00 0.00 1.00 0 248 243 112 1 0 0 0 0 030619 151022.800
-0.4623 15.1547 -0.1460 0.00 0.00 1.00 0 215 243 112 1 0 0 0 0 030619 151023.001
-0.4686 15.2232 -0.1460 0.00 0.00 1.00 0 195 243 112 1 0 0 0 0 030619 151023.201
-0.4780 15.3324 -0.1497 0.00 0.00 1.00 0 158 243 112 1 0 0 0 0 030619 151023.401
-0.4837 15.4004 -0.1502 0.00 0.00 1.00 0 131 243 112 1 0 0 0 0 030619 151023.601
-0.4951 15.5131 -0.1537 0.00 0.00 1.00 0 94 243 112 1 0 0 0 0 030619 151023.802
-0.5003 15.5811 -0.1560 0.00 0.00 1.00 0 65 243 112 1 0 0 0 0 030619 151024.002
-0.5104 15.6743 -0.1565 0.00 0.00 1.00 0 38 243 112 1 0 0 0 0 030619 151024.202
-0.5314 15.7807 -0.1587 0.00 0.00 1.00 0 55 243 112 1 0 0 0 0 030619 151024.402
-0.5550 15.8510 -0.1617 0.00 0.00 1.00 0 114 243 112 1 0 0 0 0 030619 151024.603
-0.5879 15.9512 -0.1615 0.00 0.00 1.00 0 194 243 112 1 0 0 0 0 030619 151024.803
-0.6007 15.9941 -0.1619 0.00 0.00 1.00 0 222 243 112 1 0 0 0 0 030619 151025.003
-0.6190 16.0588 -0.1636 0.00 0.00 1.00 0 4 244 112 1 0 0 0 0 030619 151025.203
-0.6517 16.1715 -0.1635 0.00 0.00 1.00 0 73 244 112 1 0 0 0 0 030619 151025.404
-0.6833 16.2809 -0.1649 0.00 0.00 1.00 0 139 244 112 1 0 0 0 0 030619 151025.604
-0.7031 16.3493 -0.1662 0.00 0.00 1.00 0 173 244 112 1 0 0 0 0 030619 151025.804
-0.7277 16.4330 -0.1683 0.00 0.00 1.00 0 173 244 112 1 0 0 0 0 030619 151026.005
-0.7679 16.5348 -0.1659 0.00 0.00 1.00 0 223 244 112 1 0 0 0 0 030619 151026.205
-0.7959 16.5839 -0.1683 0.00 0.00 1.00 0 32 245 112 1 0 0 0 0 030619 151026.405
-0.8436 16.6801 -0.1695 0.00 0.00 1.00 0 125 245 112 1 0 0 0 0 030619 151026.605
-0.8728 16.7411 -0.1713 0.00 0.00 1.00 0 180 245 112 1 0 0 0 0 030619 151026.806
-0.9193 16.8458 -0.1729 0.00 0.00 1.00 0 255 245 112 1 0 0 0 0 030619 151027.006
-0.9486 16.9087 -0.1739 0.00 0.00 1.00 0 51 246 112 1 0 0 0 0 030619 151027.206
-0.9992 16.9818 -0.1738 0.00 0.00 1.00 0 191 246 112 1 0 0 0 0 030619 151027.407
-1.0653 17.0548 -0.1744 0.00 0.00 1.00 0 150 247 112 1 0 0 0 0 030619 151027.607
-1.1062 17.1005 -0.1772 0.00 0.00 1.00 0 25 248 112 1 0 0 0 0 030619 151027.807
0.0000 0.0000 0.0000 0.00 0.00 1.00 0 0 0 127 0 0 0 0 0 030619 151028.008
0.0000 0.0000 0.0000 0.00 0.00 1.00 0 0 0 127 0 0 0 0 0 030619 151028.208
0.0000 0.0000 0.0000 0.00 0.00 1.00 0 0 0 127 0 0 0 0 0 030619 151028.409
0.0000 0.0000 0.0000 0.00 0.00 1.00 0 0 0 127 0 0 0 0 0 030619 151028.609
0.0000 0.0000 0.0000 0.00 0.00 1.00 0 0 0 127 0 0 0 0 0 030619 151028.809
0.0000 0.0000 0.0000 0.00 0.00 1.00 0 0 0 127 0 0 0 0 0 030619 151029.010
0.0000 0.0000 0.0000 0.00 0.00 1.00 0 0 0 127 0 0 0 0 0 030619 151029.210
0.0000 0.0000 0.0000 0.00 0.00 1.00 0 0 0 127 0 0 0 0 0 030619 151029.410
0.0000 0.0000 0.0000 0.00 0.00 1.00 0 0 0 127 0 0 0 0 0 030619 151029.611
0.0000 0.0000 0.0000 0.00 0.00 1.00 0 0 0 127 0 0 0 0 0 030619 151029.811
0.0000 0.0000 0.0000 0.00 0.00 1.00 0 0 0 127 0 0 0 0 0 030619 151030.012
0.0000 0.0000 0.0000 0.00 0.00 1.00 0 0 0 127 0 0 0 0 0 030619 151030.212
0.0000 0.0000 0.0000 0.00 0.00 1.00 0 0 0 127 0 0 0 0 0 030619 151030.412
0.0000 0.0000 0.0000 0.00 0.00 1.00 0 0 0 127 0 0 0 0 0 030619 151030.613
0.0000 0.0000 0.0000 0.00 0.00 1.00 0 0 0 127 0 0 0 0 0 030619 151030.813
0.0000 0.0000 0.0000 0.00 0.00 1.00 0 0 0 127 0 0 0 0 0 030619 151031.014
0.0000 0.0000 0.0000 0.00 0.00 1.00 0 0 0 127 0 0 0 0 0 030619 151031.214
0.0000 0.0000 0.0000 0.00 0.00 1.00 0 0 0 127 0 0 0 0 0 030619 151031.415
-2.1406 18.5070 -0.1955 0.00 0.00 1.00 0 0 0 112 1 0 0 0 0 030619 151031.615
-2.2210 18.5675 -0.1947 0.00 0.00 1.00 0 0 0 112 1 0 0 0 0 030619 151031.815
-2.2672 18.6042 -0.1970 0.00 0.00 1.00 0 0 0 112 1 0 0 0 0 030619 151032.015
-2.3509 18.6810 -0.1987 0.00 0.00 1.00 0 0 0 112 1 0 0 0 0 030619 151032.215
-2.4160 18.7397 -0.2040 0.00 0.00 1.00 0 0 0 112 1 0 0 0 0 030619 151032.416
-2.4653 18.7869 -0.2034 0.00 0.00 1.00 0 0 0 112 1 0 0 0 0 030619 151032.616
-2.5157 18.8327 -0.2048 0.00 0.00 1.00 0 0 0 112 1 0 0 0 0 030619 151032.816
-2.6072 18.8950 -0.2050 0.00 0.00 1.00 0 0 0 112 1 0 0 0 0 030619 151033.016
-2.6903 18.9447 -0.2094 0.00 0.00 1.00 0 0 0 112 1 0 0 0 0 030619 151033.216
-2.7263 18.9715 -0.2106 0.00 0.00 1.00 0 0 0 112 1 0 0 0 0 030619 151033.417
-2.8207 19.0381 -0.2129 0.00 0.00 1.00 0 0 0 112 1 0 0 0 0 030619 151033.617
-2.8922 19.0892 -0.2161 0.00 0.00 1.00 0 12 2 112 1 0 0 0 0 030619 151033.817
-2.9473 19.1275 -0.2175 0.00 0.00 1.00 0 35 2 112 1 0 0 0 0 030619 151034.018
-3.0409 19.1918 -0.2183 0.00 0.00 1.00 0 77 2 112 1 0 0 0 0 030619 151034.218
-3.1259 19.2433 -0.2162 0.00 0.00 1.00 0 141 2 112 1 0 0 0 0 030619 151034.418
-3.1839 19.2684 -0.2121 0.00 0.00 1.00 0 225 2 112 1 0 0 0 0 030619 151034.619
-3.2605 19.3005 -0.2202 0.00 0.00 1.00 0 83 3 112 1 0 0 0 0 030619 151034.819
-3.3373 19.3124 -0.2203 0.00 0.00 1.00 0 21 4 112 1 0 0 0 0 030619 151035.020
-3.4397 19.3495 -0.2237 0.00 0.00 1.00 0 197 4 112 1 0 0 0 0 030619 151035.220
-3.5261 19.3818 -0.2242 0.00 0.00 1.00 0 26 5 112 1 0 0 0 0 030619 151035.420
-3.5909 19.4057 -0.2225 0.00 0.00 1.00 0 52 5 112 1 0 0 0 0 030619 151035.620
-3.7220 19.4557 -0.2198 0.00 0.00 1.00 0 96 5 112 1 0 0 0 0 030619 151035.821
-3.7901 19.4818 -0.2182 0.00 0.00 1.00 0 119 5 112 1 0 0 0 0 030619 151036.021
-3.8997 19.5235 -0.2144 0.00 0.00 1.00 0 157 5 112 1 0 0 0 0 030619 151036.221
-3.9637 19.5479 -0.2134 0.00 0.00 1.00 0 178 5 112 1 0 0 0 0 030619 151036.422
-4.0675 19.5880 -0.2132 0.00 0.00 1.00 0 211 5 112 1 0 0 0 0 030619 151036.622
-4.1307 19.6105 -0.2136 0.00 0.00 1.00 0 240 5 112 1 0 0 0 0 030619 151036.822
-4.2351 19.6491 -0.2136 0.00 0.00 1.00 0 25 6 112 1 0 0 0 0 030619 151037.023
-4.2991 19.6716 -0.2126 0.00 0.00 1.00 0 56 6 112 1 0 0 0 0 030619 151037.223
-4.3615 19.6952 -0.2122 0.00 0.00 1.00 0 78 6 112 1 0 0 0 0 030619 151037.423
-4.4464 19.7247 -0.2112 0.00 0.00 1.00 0 120 6 112 1 0 0 0 0 030619 151037.623
-4.5524 19.7639 -0.2114 0.00 0.00 1.00 0 162 6 112 1 0 0 0 0 030619 151037.824
-4.6186 19.7877 -0.2109 0.00 0.00 1.00 0 191 6 112 1 0 0 0 0 030619 151038.024
-4.7229 19.8239 -0.2119 0.00 0.00 1.00 0 243 6 112 1 0 0 0 0 030619 151038.225
-4.8074 19.8547 -0.2122 0.00 0.00 1.00 0 22 7 112 1 0 0 0 0 030619 151038.425
-4.8722 19.8777 -0.2112 0.00 0.00 1.00 0 52 7 112 1 0 0 0 0 030619 151038.625
-4.9815 19.9173 -0.2113 0.00 0.00 1.00 0 99 7 112 1 0 0 0 0 030619 151038.826
-5.0664 19.9466 -0.2096 0.00 0.00 1.00 0 142 7 112 1 0 0 0 0 030619 151039.026
-5.1495 19.9772 -0.2115 0.00 0.00 1.00 0 175 7 112 1 0 0 0 0 030619 151039.226
-5.2575 20.0141 -0.2116 0.00 0.00 1.00 0 232 7 112 1 0 0 0 0 030619 151039.426
-5.3207 20.0361 -0.2124 0.00 0.00 1.00 0 7 8 112 1 0 0 0 0 030619 151039.627
-5.4272 20.0730 -0.2134 0.00 0.00 1.00 0 54 8 112 1 0 0 0 0 030619 151039.827
-5.5150 20.1030 -0.2125 0.00 0.00 1.00 0 92 8 112 1 0 0 0 0 030619 151040.028
-5.5803 20.1257 -0.2116 0.00 0.00 1.00 0 119 8 112 1 0 0 0 0 030619 151040.228
-5.6876 20.1630 -0.2110 0.00 0.00 1.00 0 162 8 112 1 0 0 0 0 030619 151040.428
-5.7749 20.1945 -0.2092 0.00 0.00 1.00 0 192 8 112 1 0 0 0 0 030619 151040.628
-5.8850 20.2333 -0.2074 0.00 0.00 1.00 0 234 8 112 1 0 0 0 0 030619 151040.829
-5.9277 20.2484 -0.2073 0.00 0.00 1.00 0 250 8 112 1 0 0 0 0 030619 151041.029
-6.0339 20.2870 -0.2055 0.00 0.00 1.00 0 30 9 112 1 0 0 0 0 030619 151041.229
-6.1196 20.3162 -0.2057 0.00 0.00 1.00 0 67 9 112 1 0 0 0 0 030619 151041.429
-6.2045 20.3457 -0.2053 0.00 0.00 1.00 0 102 9 112 1 0 0 0 0 030619 151041.630
-6.2470 20.3606 -0.2048 0.00 0.00 1.00 0 118 9 112 1 0 0 0 0 030619 151041.830
-6.3312 20.3883 -0.2060 0.00 0.00 1.00 0 160 9 112 1 0 0 0 0 030619 151042.030
-6.4215 20.4226 -0.2032 0.00 0.00 1.00 0 179 9 112 1 0 0 0 0 030619 151042.231
-6.5530 20.4925 -0.1997 0.00 0.00 1.00 0 114 9 112 1 0 0 0 0 030619 151042.431
-6.6359 20.5338 -0.1990 0.00 0.00 1.00 0 86 9 112 1 0 0 0 0 030619 151042.631
-6.6968 20.5641 -0.1995 0.00 0.00 1.00 0 66 9 112 1 0 0 0 0 030619 151042.831
-6.7812 20.6042 -0.1979 0.00 0.00 1.00 0 47 9 112 1 0 0 0 0 030619 151043.032
-6.8843 20.6536 -0.1970 0.00 0.00 1.00 0 21 9 112 1 0 0 0 0 030619 151043.232
-6.9639 20.6927 -0.1980 0.00 0.00 1.00 0 253 8 112 1 0 0 0 0 030619 151043.432
-7.0466 20.7329 -0.1963 0.00 0.00 1.00 0 230 8 112 1 0 0 0 0 030619 151043.633
-7.1312 20.7730 -0.1953 0.00 0.00 1.00 0 211 8 112 1 0 0 0 0 030619 151043.833
0.0000 0.0000 0.0000 0.00 0.00 1.00 0 0 0 127 0 0 0 0 0 030619 151044.033
0.0000 0.0000 0.0000 0.00 0.00 1.00 0 0 0 127 0 0 0 0 0 030619 151044.234
0.0000 0.0000 0.0000 0.00 0.00 1.00 0 0 0 127 0 0 0 0 0 030619 151044.434
0.0000 0.0000 0.0000 0.00 0.00 1.00 0 0 0 127 0 0 0 0 0 030619 151044.634
0.0000 0.0000 0.0000 0.00 0.00 1.00 0 0 0 127 0 0 0 0 0 030619 151044.835
0.0000 0.0000 0.0000 0.00 0.00 1.00 0 0 0 127 0 0 0 0 0 030619 151045.035
0.0000 0.0000 0.0000 0.00 0.00 1.00 0 0 0 127 0 0 0 0 0 030619 151045.235
0.0000 0.0000 0.0000 0.00 0.00 1.00 0 0 0 127 0 0 0 0 0 030619 151045.436
0.0000 0.0000 0.0000 0.00 0.00 1.00 0 0 0 127 0 0 0 0 0 030619 151045.636
0.0000 0.0000 0.0000 0.00 0.00 1.00 0 0 0 127 0 0 0 0 0 030619 151045.836
0.0000 0.0000 0.0000 0.00 0.00 1.00 0 0 0 127 0 0 0 0 0 030619 151046.037
0.0000 0.0000 0.0000 0.00 0.00 1.00 0 0 0 127 0 0 0 0 0 030619 151046.237
0.0000 0.0000 0.0000 0.00 0.00 1.00 0 0 0 127 0 0 0 0 0 030619 151046.437
0.0000 0.0000 0.0000 0.00 0.00 1.00 0 0 0 127 0 0 0 0 0 030619 151046.637
