-19.5648 47.2591 -0.8074 0.00 0.00 1.00 0 49 41 112 1 0 0 0 0 040619 122045.509
-19.5726 47.1758 -0.8026 0.00 0.00 1.00 0 233 42 112 1 0 0 0 0 040619 122045.709
-19.5755 47.0983 -0.7982 0.00 0.00 1.00 0 132 42 112 1 0 0 0 0 040619 122045.909
-19.5985 46.9636 -0.7912 0.00 0.00 1.00 0 70 33 112 1 0 0 0 0 040619 122046.110
-19.6194 46.8472 -0.7848 0.00 0.00 1.00 0 31 35 112 1 0 0 0 0 040619 122046.310
-19.6411 46.7582 -0.7798 0.00 0.00 1.00 0 69 26 112 1 0 0 0 0 040619 122046.510
-19.6868 46.6327 -0.7732 0.00 0.00 1.00 0 147 27 112 1 0 0 0 0 040619 122046.710
-19.7214 46.4537 -0.7475 0.00 0.00 1.00 0 160 23 112 1 0 0 0 0 040619 122046.910
-19.7493 46.3445 -0.7430 0.00 0.00 1.00 0 210 20 112 1 0 0 0 0 040619 122047.110
-19.7952 46.1528 -0.7305 0.00 0.00 1.00 0 184 17 112 1 0 0 0 0 040619 122047.310
-19.8229 46.0019 -0.7370 0.00 0.00 1.00 0 9 26 112 1 0 0 0 0 040619 122047.511
-19.8462 45.8795 -0.7306 0.00 0.00 1.00 0 176 19 112 1 0 0 0 0 040619 122047.711
-19.8727 45.7563 -0.7258 0.00 0.00 1.00 0 246 17 112 1 0 0 0 0 040619 122047.911
-19.9491 45.5624 -0.7225 0.00 0.00 1.00 0 146 12 112 1 0 0 0 0 040619 122048.111
-20.0161 45.3578 -0.7159 0.00 0.00 1.00 0 33 22 112 1 0 0 0 0 040619 122048.311
-20.0683 45.2056 -0.7119 0.00 0.00 1.00 0 115 5 112 1 0 0 0 0 040619 122048.511
-20.1090 45.0573 -0.7156 0.00 0.00 1.00 0 15 12 112 1 0 0 0 0 040619 122048.711
-20.1655 44.9120 -0.7185 0.00 0.00 1.00 0 84 253 112 1 0 0 0 0 040619 122048.911
-20.1866 44.8052 -0.6931 0.00 0.00 1.00 0 27 13 112 1 0 0 0 0 040619 122049.112
-20.2385 44.6671 -0.7014 0.00 0.00 1.00 0 180 7 112 1 0 0 0 0 040619 122049.312
-20.3146 44.4830 -0.6970 0.00 0.00 1.00 0 58 248 112 1 0 0 0 0 040619 122049.512
-20.3613 44.3830 -0.7031 0.00 0.00 1.00 0 197 255 112 1 0 0 0 0 040619 122049.712
-20.4362 44.2085 -0.6972 0.00 0.00 1.00 0 5 248 112 1 0 0 0 0 040619 122049.912
-20.4945 44.1120 -0.6965 0.00 0.00 1.00 0 98 4 112 1 0 0 0 0 040619 122050.112
-20.5766 43.9464 -0.6948 0.00 0.00 1.00 0 124 253 112 1 0 0 0 0 040619 122050.312
-20.6497 43.8068 -0.6904 0.00 0.00 1.00 0 134 236 112 1 0 0 0 0 040619 122050.513
-20.7257 43.6674 -0.6924 0.00 0.00 1.00 0 243 244 112 1 0 0 0 0 040619 122050.713
-20.7694 43.5740 -0.6856 0.00 0.00 1.00 0 80 1 112 1 0 0 0 0 040619 122050.913
-20.8657 43.4186 -0.6891 0.00 0.00 1.00 0 111 238 112 1 0 0 0 0 040619 122051.113
-20.9178 43.3206 -0.6858 0.00 0.00 1.00 0 0 0 112 1 0 0 0 0 040619 122051.313
-21.0293 43.1576 -0.6816 0.00 0.00 1.00 0 0 0 112 1 0 0 0 0 040619 122051.513
-21.1016 43.0561 -0.6724 0.00 0.00 1.00 0 0 0 112 1 0 0 0 0 040619 122051.713
-21.2024 42.8805 -0.6609 0.00 0.00 1.00 0 204 232 112 1 0 0 0 0 040619 122051.914
-21.2690 42.7849 -0.6658 0.00 0.00 1.00 0 130 230 112 1 0 0 0 0 040619 122052.114
-21.3696 42.6378 -0.6623 0.00 0.00 1.00 0 194 216 112 1 0 0 0 0 040619 122052.314
-21.4562 42.5437 -0.6668 0.00 0.00 1.00 0 212 215 112 1 0 0 0 0 040619 122052.514
-21.5576 42.3741 -0.6531 0.00 0.00 1.00 0 139 223 112 1 0 0 0 0 040619 122052.714
-21.6438 42.2787 -0.6540 0.00 0.00 1.00 0 237 217 112 1 0 0 0 0 040619 122052.914
-21.7506 42.1289 -0.6432 0.00 0.00 1.00 0 228 220 112 1 0 0 0 0 040619 122053.114
-21.8264 42.0351 -0.6438 0.00 0.00 1.00 0 49 211 112 1 0 0 0 0 040619 122053.314
-21.9615 41.8804 -0.6410 0.00 0.00 1.00 0 44 185 112 1 0 0 0 0 040619 122053.515
-22.0476 41.7787 -0.6332 0.00 0.00 1.00 0 42 201 112 1 0 0 0 0 040619 122053.715
-22.1175 41.7005 -0.6278 0.00 0.00 1.00 0 187 189 112 1 0 0 0 0 040619 122053.915
-22.2245 41.5689 -0.6138 0.00 0.00 1.00 0 180 189 112 1 0 0 0 0 040619 122054.115
-22.2887 41.4993 -0.6110 0.00 0.00 1.00 0 189 198 112 1 0 0 0 0 040619 122054.315
-22.3658 41.4041 -0.6047 0.00 0.00 1.00 0 14 200 112 1 0 0 0 0 040619 122054.515
-22.4143 41.3541 -0.5988 0.00 0.00 1.00 0 80 194 112 1 0 0 0 0 040619 122054.715
-22.4862 41.2848 -0.5919 0.00 0.00 1.00 0 40 189 112 1 0 0 0 0 040619 122054.915
-22.5187 41.2511 -0.5919 0.00 0.00 1.00 0 203 207 112 1 0 0 0 0 040619 122055.116
-22.5648 41.1888 -0.5843 0.00 0.00 1.00 0 170 201 112 1 0 0 0 0 040619 122055.316
-22.5951 41.1636 -0.5878 0.00 0.00 1.00 0 59 204 112 1 0 0 0 0 040619 122055.516
-22.6187 41.1130 -0.5747 0.00 0.00 1.00 0 248 212 112 1 0 0 0 0 040619 122055.716
-22.6591 41.0975 -0.5785 0.00 0.00 1.00 0 214 202 112 1 0 0 0 0 040619 122055.916
-22.6808 41.0862 -0.5702 0.00 0.00 1.00 0 202 201 112 1 0 0 0 0 040619 122056.116
-22.6905 41.0687 -0.5727 0.00 0.00 1.00 0 116 204 112 1 0 0 0 0 040619 122056.316
-22.6915 41.0487 -0.5651 0.00 0.00 1.00 0 225 205 112 1 0 0 0 0 040619 122056.517
-22.7038 41.0461 -0.5677 0.00 0.00 1.00 0 36 207 112 1 0 0 0 0 040619 122056.717
-22.7071 41.0463 -0.5675 0.00 0.00 1.00 0 75 206 112 1 0 0 0 0 040619 122056.917
-22.7100 41.0478 -0.5658 0.00 0.00 1.00 0 37 204 112 1 0 0 0 0 040619 122057.117
-22.7098 41.0430 -0.5661 0.00 0.00 1.00 0 200 206 112 1 0 0 0 0 040619 122057.317
-22.7067 41.0423 -0.5641 0.00 0.00 1.00 0 32 207 112 1 0 0 0 0 040619 122057.517
-22.7059 41.0428 -0.5648 0.00 0.00 1.00 0 10 208 112 1 0 0 0 0 040619 122057.717
-22.7064 41.0423 -0.5645 0.00 0.00 1.00 0 75 207 112 1 0 0 0 0 040619 122057.918
-22.7104 41.0426 -0.5628 0.00 0.00 1.00 0 103 205 112 1 0 0 0 0 040619 122058.118
-22.7134 41.0428 -0.5597 0.00 0.00 1.00 0 246 205 112 1 0 0 0 0 040619 122058.318
-22.7129 41.0428 -0.5594 0.00 0.00 1.00 0 37 208 112 1 0 0 0 0 040619 122058.518
-22.7129 41.0425 -0.5593 0.00 0.00 1.00 0 118 207 112 1 0 0 0 0 040619 122058.718
-22.7119 41.0428 -0.5593 0.00 0.00 1.00 0 130 207 112 1 0 0 0 0 040619 122058.918
-22.7168 41.0394 -0.5561 0.00 0.00 1.00 0 131 204 112 1 0 0 0 0 040619 122059.118
-22.7130 41.0431 -0.5587 0.00 0.00 1.00 0 232 204 112 1 0 0 0 0 040619 122059.318
-22.7139 41.0409 -0.5572 0.00 0.00 1.00 0 171 205 112 1 0 0 0 0 040619 122059.519
-22.7193 41.0434 -0.5581 0.00 0.00 1.00 0 37 203 112 1 0 0 0 0 040619 122059.719
-22.7183 41.0397 -0.5531 0.00 0.00 1.00 0 48 205 112 1 0 0 0 0 040619 122059.919
-22.7160 41.0405 -0.5537 0.00 0.00 1.00 0 141 206 112 1 0 0 0 0 040619 122100.119
-22.7146 41.0445 -0.5574 0.00 0.00 1.00 0 176 211 112 1 0 0 0 0 040619 122100.319
-22.7124 41.0416 -0.5562 0.00 0.00 1.00 0 89 207 112 1 0 0 0 0 040619 122100.519
-22.7136 41.0397 -0.5592 0.00 0.00 1.00 0 237 209 112 1 0 0 0 0 040619 122100.719
