-0.0417 4.8747 -0.0172 0.00 0.00 1.00 0 0 0 112 1 0 0 0 0 161219 201446.308
-0.0414 4.9204 -0.0181 0.00 0.00 1.00 0 0 0 112 1 0 0 0 0 161219 201446.508
-0.0414 4.9204 -0.0181 0.00 0.00 1.00 0 0 0 112 1 0 0 0 0 161219 201446.708
-0.0407 4.9650 -0.0187 0.00 0.00 1.00 0 0 0 112 1 0 0 0 0 161219 201446.909
-0.0407 4.9650 -0.0187 0.00 0.00 1.00 0 0 0 112 1 0 0 0 0 161219 201447.109
-0.0407 4.9650 -0.0187 0.00 0.00 1.00 0 0 0 112 1 0 0 0 0 161219 201447.310
-0.0405 5.0099 -0.0195 0.00 0.00 1.00 0 0 0 112 1 0 0 0 0 161219 201447.510
-0.0405 5.0099 -0.0195 0.00 0.00 1.00 0 0 0 112 1 0 0 0 0 161219 201447.710
-0.0403 5.0326 -0.0194 0.00 0.00 1.00 0 0 0 112 1 0 0 0 0 161219 201447.911
-0.0403 5.0326 -0.0194 0.00 0.00 1.00 0 0 0 112 1 0 0 0 0 161219 201448.111
-0.0400 5.0768 -0.0203 0.00 0.00 1.00 0 0 0 112 1 0 0 0 0 161219 201448.311
-0.0400 5.0768 -0.0203 0.00 0.00 1.00 0 0 0 112 1 0 0 0 0 161219 201448.512
-0.0400 5.0768 -0.0203 0.00 0.00 1.00 0 0 0 112 1 0 0 0 0 161219 201448.712
-0.0391 5.1209 -0.0210 0.00 0.00 1.00 0 0 0 112 1 0 0 0 0 161219 201448.912
-0.0391 5.1209 -0.0210 0.00 0.00 1.00 0 0 0 112 1 0 0 0 0 161219 201449.112
-0.0392 5.1659 -0.0209 0.00 0.00 1.00 0 0 0 112 1 0 0 0 0 161219 201449.313
-0.0392 5.1659 -0.0209 0.00 0.00 1.00 0 0 0 112 1 0 0 0 0 161219 201449.513
-0.0386 5.2119 -0.0210 0.00 0.00 1.00 0 0 0 112 1 0 0 0 0 161219 201449.713
-0.0386 5.2119 -0.0210 0.00 0.00 1.00 0 0 0 112 1 0 0 0 0 161219 201449.913
-0.0386 5.2119 -0.0210 0.00 0.00 1.00 0 0 0 112 1 0 0 0 0 161219 201450.114
-0.0386 5.2347 -0.0212 0.00 0.00 1.00 0 0 0 112 1 0 0 0 0 161219 201450.314
-0.0386 5.2347 -0.0212 0.00 0.00 1.00 0 0 0 112 1 0 0 0 0 161219 201450.515
-0.0388 5.2798 -0.0214 0.00 0.00 1.00 0 0 0 112 1 0 0 0 0 161219 201450.715
-0.0388 5.2798 -0.0214 0.00 0.00 1.00 0 0 0 112 1 0 0 0 0 161219 201450.915
-0.0384 5.3251 -0.0221 0.00 0.00 1.00 0 0 0 112 1 0 0 0 0 161219 201451.116
-0.0384 5.3251 -0.0221 0.00 0.00 1.00 0 0 0 112 1 0 0 0 0 161219 201451.316
-0.0384 5.3251 -0.0221 0.00 0.00 1.00 0 0 0 112 1 0 0 0 0 161219 201451.517
-0.0379 5.3707 -0.0217 0.00 0.00 1.00 0 0 0 112 1 0 0 0 0 161219 201451.717
-0.0379 5.3707 -0.0217 0.00 0.00 1.00 0 0 0 112 1 0 0 0 0 161219 201451.918
-0.0375 5.4151 -0.0223 0.00 0.00 1.00 0 0 0 112 1 0 0 0 0 161219 201452.119
-0.0375 5.4151 -0.0223 0.00 0.00 1.00 0 0 0 112 1 0 0 0 0 161219 201452.319
-0.0378 5.4603 -0.0234 0.00 0.00 1.00 0 0 0 112 1 0 0 0 0 161219 201452.519
-0.0378 5.4603 -0.0234 0.00 0.00 1.00 0 0 0 112 1 0 0 0 0 161219 201452.720
-0.0374 5.5052 -0.0245 0.00 0.00 1.00 0 0 0 112 1 0 0 0 0 161219 201452.921
-0.0374 5.5052 -0.0245 0.00 0.00 1.00 0 0 0 112 1 0 0 0 0 161219 201453.121
-0.0383 5.5273 -0.0254 0.00 0.00 1.00 0 0 0 112 1 0 0 0 0 161219 201453.321
-0.0383 5.5273 -0.0254 0.00 0.00 1.00 0 0 0 112 1 0 0 0 0 161219 201453.522
-0.0383 5.5273 -0.0254 0.00 0.00 1.00 0 0 0 112 1 0 0 0 0 161219 201453.722
-0.0388 5.5715 -0.0258 0.00 0.00 1.00 0 0 0 112 1 0 0 0 0 161219 201453.922
-0.0388 5.5715 -0.0258 0.00 0.00 1.00 0 0 0 112 1 0 0 0 0 161219 201454.123
-0.0391 5.6170 -0.0265 0.00 0.00 1.00 0 0 0 112 1 0 0 0 0 161219 201454.323
-0.0391 5.6170 -0.0265 0.00 0.00 1.00 0 0 0 112 1 0 0 0 0 161219 201454.523
-0.0388 5.6616 -0.0262 0.00 0.00 1.00 0 0 0 112 1 0 0 0 0 161219 201454.724
-0.0388 5.6616 -0.0262 0.00 0.00 1.00 0 0 0 112 1 0 0 0 0 161219 201454.924
-0.0388 5.6616 -0.0262 0.00 0.00 1.00 0 0 0 112 1 0 0 0 0 161219 201455.124
-0.0389 5.7077 -0.0267 0.00 0.00 1.00 0 0 0 112 1 0 0 0 0 161219 201455.325
-0.0389 5.7077 -0.0267 0.00 0.00 1.00 0 0 0 112 1 0 0 0 0 161219 201455.525
-0.0384 5.7538 -0.0271 0.00 0.00 1.00 0 0 0 112 1 0 0 0 0 161219 201455.725
-0.0384 5.7538 -0.0271 0.00 0.00 1.00 0 0 0 112 1 0 0 0 0 161219 201455.926
-0.0385 5.7769 -0.0272 0.00 0.00 1.00 0 0 0 112 1 0 0 0 0 161219 201456.126
-0.0385 5.7769 -0.0272 0.00 0.00 1.00 0 0 0 112 1 0 0 0 0 161219 201456.327
-0.0389 5.8218 -0.0272 0.00 0.00 1.00 0 0 0 112 1 0 0 0 0 161219 201456.527
-0.0389 5.8218 -0.0272 0.00 0.00 1.00 0 0 0 112 1 0 0 0 0 161219 201456.727
-0.0389 5.8683 -0.0267 0.00 0.00 1.00 0 0 0 112 1 0 0 0 0 161219 201456.927
-0.0389 5.8683 -0.0267 0.00 0.00 1.00 0 0 0 112 1 0 0 0 0 161219 201457.128
-0.0389 5.8683 -0.0267 0.00 0.00 1.00 0 0 0 112 1 0 0 0 0 161219 201457.328
-0.0392 5.9134 -0.0282 0.00 0.00 1.00 0 0 0 112 1 0 0 0 0 161219 201457.528
-0.0392 5.9134 -0.0282 0.00 0.00 1.00 0 0 0 112 1 0 0 0 0 161219 201457.729
-0.0399 5.9583 -0.0287 0.00 0.00 1.00 0 0 0 127 0 0 0 0 0 161219 201457.929
-0.0399 5.9583 -0.0287 0.00 0.00 1.00 0 0 0 127 0 0 0 0 0 161219 201458.130
-0.0400 6.0044 -0.0292 0.00 0.00 1.00 0 0 0 112 1 0 0 0 0 161219 201458.330
-0.0400 6.0044 -0.0292 0.00 0.00 1.00 0 0 0 112 1 0 0 0 0 161219 201458.530
-0.0400 6.0044 -0.0292 0.00 0.00 1.00 0 0 0 112 1 0 0 0 0 161219 201458.730
-0.0400 6.0275 -0.0289 0.00 0.00 1.00 0 0 0 112 1 0 0 0 0 161219 201458.931
-0.0400 6.0275 -0.0289 0.00 0.00 1.00 0 0 0 112 1 0 0 0 0 161219 201459.131
-0.0394 6.0735 -0.0292 0.00 0.00 1.00 0 0 0 112 1 0 0 0 0 161219 201459.331
-0.0394 6.0735 -0.0292 0.00 0.00 1.00 0 0 0 112 1 0 0 0 0 161219 201459.532
-0.0398 6.1180 -0.0307 0.00 0.00 1.00 0 0 0 112 1 0 0 0 0 161219 201459.732
-0.0398 6.1180 -0.0307 0.00 0.00 1.00 0 0 0 112 1 0 0 0 0 161219 201459.932
-0.0398 6.1180 -0.0307 0.00 0.00 1.00 0 0 0 112 1 0 0 0 0 161219 201500.133
-0.0396 6.1623 -0.0313 0.00 0.00 1.00 0 0 0 112 1 0 0 0 0 161219 201500.333
-0.0396 6.1623 -0.0313 0.00 0.00 1.00 0 0 0 127 0 0 0 0 0 161219 201500.533
-0.0399 6.2079 -0.0319 0.00 0.00 1.00 0 0 0 112 1 0 0 0 0 161219 201500.734
-0.0399 6.2079 -0.0319 0.00 0.00 1.00 0 0 0 127 0 0 0 0 0 161219 201500.934
-0.0407 6.2540 -0.0326 0.00 0.00 1.00 0 0 0 112 1 0 0 0 0 161219 201501.134
-0.0407 6.2540 -0.0326 0.00 0.00 1.00 0 0 0 112 1 0 0 0 0 161219 201501.335
-0.0403 6.2777 -0.0332 0.00 0.00 1.00 0 87 241 112 1 0 0 0 0 161219 201501.535
-0.0403 6.2777 -0.0332 0.00 0.00 1.00 0 87 241 112 1 0 0 0 0 161219 201501.735
-0.0403 6.2777 -0.0332 0.00 0.00 1.00 0 87 241 112 1 0 0 0 0 161219 201501.936
-0.0406 6.3231 -0.0340 0.00 0.00 1.00 0 57 239 112 1 0 0 0 0 161219 201502.136
-0.0406 6.3231 -0.0340 0.00 0.00 1.00 0 57 239 112 1 0 0 0 0 161219 201502.336
-0.0407 6.3694 -0.0347 0.00 0.00 1.00 0 86 238 112 1 0 0 0 0 161219 201502.537
-0.0407 6.3694 -0.0347 0.00 0.00 1.00 0 86 238 112 1 0 0 0 0 161219 201502.737
-0.0407 6.3694 -0.0347 0.00 0.00 1.00 0 0 0 127 0 0 0 0 0 161219 201502.937
-0.0412 6.4139 -0.0357 0.00 0.00 1.00 0 140 239 112 1 0 0 0 0 161219 201503.138
-0.0412 6.4139 -0.0357 0.00 0.00 1.00 0 140 239 112 1 0 0 0 0 161219 201503.338
-0.0420 6.4583 -0.0359 0.00 0.00 1.00 0 113 240 112 1 0 0 0 0 161219 201503.538
-0.0420 6.4583 -0.0359 0.00 0.00 1.00 0 113 240 112 1 0 0 0 0 161219 201503.739
-0.0420 6.4583 -0.0359 0.00 0.00 1.00 0 113 240 112 1 0 0 0 0 161219 201503.939
-0.0428 6.5061 -0.0356 0.00 0.00 1.00 0 128 239 112 1 0 0 0 0 161219 201504.139
-0.0428 6.5061 -0.0356 0.00 0.00 1.00 0 128 239 112 1 0 0 0 0 161219 201504.340
-0.0431 6.5527 -0.0362 0.00 0.00 1.00 0 15 238 112 1 0 0 0 0 161219 201504.540
-0.0431 6.5527 -0.0362 0.00 0.00 1.00 0 15 238 112 1 0 0 0 0 161219 201504.741
-0.0442 6.5995 -0.0363 0.00 0.00 1.00 0 29 240 112 1 0 0 0 0 161219 201504.941
-0.0442 6.5995 -0.0363 0.00 0.00 1.00 0 29 240 112 1 0 0 0 0 161219 201505.141
-0.0442 6.5995 -0.0363 0.00 0.00 1.00 0 29 240 112 1 0 0 0 0 161219 201505.342
-0.0435 6.6452 -0.0366 0.00 0.00 1.00 0 196 234 112 1 0 0 0 0 161219 201505.542
-0.0435 6.6452 -0.0366 0.00 0.00 1.00 0 196 234 112 1 0 0 0 0 161219 201505.742
-0.0435 6.6924 -0.0368 0.00 0.00 1.00 0 38 236 112 1 0 0 0 0 161219 201505.943
-0.0435 6.6924 -0.0368 0.00 0.00 1.00 0 38 236 112 1 0 0 0 0 161219 201506.143
-0.0435 6.6924 -0.0368 0.00 0.00 1.00 0 38 236 112 1 0 0 0 0 161219 201506.343
-0.0440 6.7371 -0.0380 0.00 0.00 1.00 0 62 238 112 1 0 0 0 0 161219 201506.544
-0.0440 6.7371 -0.0380 0.00 0.00 1.00 0 62 238 112 1 0 0 0 0 161219 201506.745
-0.0446 6.7823 -0.0392 0.00 0.00 1.00 0 240 237 112 1 0 0 0 0 161219 201506.945
-0.0446 6.7823 -0.0392 0.00 0.00 1.00 0 240 237 112 1 0 0 0 0 161219 201507.145
-0.0447 6.8067 -0.0392 0.00 0.00 1.00 0 140 240 112 1 0 0 0 0 161219 201507.345
-0.0447 6.8067 -0.0392 0.00 0.00 1.00 0 140 240 112 1 0 0 0 0 161219 201507.546
-0.0447 6.8067 -0.0392 0.00 0.00 1.00 0 140 240 112 1 0 0 0 0 161219 201507.747
-0.0455 6.8529 -0.0399 0.00 0.00 1.00 0 73 238 112 1 0 0 0 0 161219 201507.947
-0.0455 6.8529 -0.0399 0.00 0.00 1.00 0 73 238 112 1 0 0 0 0 161219 201508.148
-0.0460 6.8995 -0.0409 0.00 0.00 1.00 0 230 236 112 1 0 0 0 0 161219 201508.348
-0.0460 6.8995 -0.0409 0.00 0.00 1.00 0 230 236 112 1 0 0 0 0 161219 201508.548
-0.0460 6.8995 -0.0409 0.00 0.00 1.00 0 230 236 112 1 0 0 0 0 161219 201508.749
-0.0470 6.9464 -0.0411 0.00 0.00 1.00 0 152 238 112 1 0 0 0 0 161219 201508.949
-0.0470 6.9464 -0.0411 0.00 0.00 1.00 0 152 238 112 1 0 0 0 0 161219 201509.150
-0.0474 6.9920 -0.0423 0.00 0.00 1.00 0 108 236 112 1 0 0 0 0 161219 201509.350
-0.0474 6.9920 -0.0423 0.00 0.00 1.00 0 108 236 112 1 0 0 0 0 161219 201509.551
-0.0474 6.9920 -0.0423 0.00 0.00 1.00 0 108 236 112 1 0 0 0 0 161219 201509.751
-0.0483 7.0395 -0.0421 0.00 0.00 1.00 0 119 237 112 1 0 0 0 0 161219 201509.951
-0.0483 7.0395 -0.0421 0.00 0.00 1.00 0 119 237 112 1 0 0 0 0 161219 201510.152
-0.0500 7.0856 -0.0420 0.00 0.00 1.00 0 50 240 112 1 0 0 0 0 161219 201510.352
-0.0500 7.0856 -0.0420 0.00 0.00 1.00 0 50 240 112 1 0 0 0 0 161219 201510.552
-0.0493 7.1307 -0.0422 0.00 0.00 1.00 0 92 232 112 1 0 0 0 0 161219 201510.753
-0.0493 7.1307 -0.0422 0.00 0.00 1.00 0 92 232 112 1 0 0 0 0 161219 201510.953
-0.0502 7.1768 -0.0431 0.00 0.00 1.00 0 136 235 112 1 0 0 0 0 161219 201511.153
-0.0502 7.1768 -0.0431 0.00 0.00 1.00 0 136 235 112 1 0 0 0 0 161219 201511.354
-0.0502 7.1768 -0.0431 0.00 0.00 1.00 0 136 235 112 1 0 0 0 0 161219 201511.555
-0.0520 7.2225 -0.0438 0.00 0.00 1.00 0 11 238 112 1 0 0 0 0 161219 201511.755
-0.0520 7.2225 -0.0438 0.00 0.00 1.00 0 11 238 112 1 0 0 0 0 161219 201511.955
-0.0531 7.2682 -0.0447 0.00 0.00 1.00 0 225 235 112 1 0 0 0 0 161219 201512.156
-0.0531 7.2682 -0.0447 0.00 0.00 1.00 0 225 235 112 1 0 0 0 0 161219 201512.356
-0.0540 7.2918 -0.0446 0.00 0.00 1.00 0 85 240 112 1 0 0 0 0 161219 201512.556
-0.0540 7.2918 -0.0446 0.00 0.00 1.00 0 85 240 112 1 0 0 0 0 161219 201512.757
-0.0540 7.2918 -0.0446 0.00 0.00 1.00 0 85 240 112 1 0 0 0 0 161219 201512.957
-0.0543 7.3371 -0.0446 0.00 0.00 1.00 0 44 233 112 1 0 0 0 0 161219 201513.158
-0.0543 7.3371 -0.0446 0.00 0.00 1.00 0 44 233 112 1 0 0 0 0 161219 201513.358
-0.0540 7.3816 -0.0467 0.00 0.00 1.00 0 43 231 112 1 0 0 0 0 161219 201513.559
-0.0540 7.3816 -0.0467 0.00 0.00 1.00 0 43 231 112 1 0 0 0 0 161219 201513.759
-0.0558 7.4267 -0.0473 0.00 0.00 1.00 0 101 237 112 1 0 0 0 0 161219 201513.959
-0.0558 7.4267 -0.0473 0.00 0.00 1.00 0 101 237 112 1 0 0 0 0 161219 201514.160
-0.0552 7.4706 -0.0479 0.00 0.00 1.00 0 185 229 112 1 0 0 0 0 161219 201514.360
-0.0552 7.4706 -0.0479 0.00 0.00 1.00 0 185 229 112 1 0 0 0 0 161219 201514.560
-0.0561 7.4935 -0.0485 0.00 0.00 1.00 0 64 239 112 1 0 0 0 0 161219 201514.760
-0.0561 7.4935 -0.0485 0.00 0.00 1.00 0 64 239 112 1 0 0 0 0 161219 201514.961
-0.0561 7.4935 -0.0485 0.00 0.00 1.00 0 64 239 112 1 0 0 0 0 161219 201515.161
-0.0577 7.5407 -0.0480 0.00 0.00 1.00 0 200 235 112 1 0 0 0 0 161219 201515.362
-0.0577 7.5407 -0.0480 0.00 0.00 1.00 0 200 235 112 1 0 0 0 0 161219 201515.562
-0.0586 7.5867 -0.0485 0.00 0.00 1.00 0 179 233 112 1 0 0 0 0 161219 201515.763
-0.0586 7.5867 -0.0485 0.00 0.00 1.00 0 179 233 112 1 0 0 0 0 161219 201515.963
-0.0599 7.6323 -0.0492 0.00 0.00 1.00 0 191 234 112 1 0 0 0 0 161219 201516.164
-0.0599 7.6323 -0.0492 0.00 0.00 1.00 0 191 234 112 1 0 0 0 0 161219 201516.364
-0.0599 7.6323 -0.0492 0.00 0.00 1.00 0 191 234 112 1 0 0 0 0 161219 201516.564
-0.0599 7.6782 -0.0496 0.00 0.00 1.00 0 119 230 112 1 0 0 0 0 161219 201516.765
-0.0599 7.6782 -0.0496 0.00 0.00 1.00 0 119 230 112 1 0 0 0 0 161219 201516.966
-0.0615 7.7248 -0.0495 0.00 0.00 1.00 0 11 235 112 1 0 0 0 0 161219 201517.166
-0.0615 7.7248 -0.0495 0.00 0.00 1.00 0 11 235 112 1 0 0 0 0 161219 201517.367
-0.0622 7.7478 -0.0496 0.00 0.00 1.00 0 136 237 112 1 0 0 0 0 161219 201517.567
-0.0622 7.7478 -0.0496 0.00 0.00 1.00 0 136 237 112 1 0 0 0 0 161219 201517.768
-0.0630 7.7941 -0.0496 0.00 0.00 1.00 0 28 232 112 1 0 0 0 0 161219 201517.968
-0.0630 7.7941 -0.0496 0.00 0.00 1.00 0 28 232 112 1 0 0 0 0 161219 201518.168
-0.0630 7.7941 -0.0496 0.00 0.00 1.00 0 28 232 112 1 0 0 0 0 161219 201518.369
-0.0642 7.8396 -0.0507 0.00 0.00 1.00 0 183 233 112 1 0 0 0 0 161219 201518.569
-0.0642 7.8396 -0.0507 0.00 0.00 1.00 0 183 233 112 1 0 0 0 0 161219 201518.770
-0.0648 7.8848 -0.0520 0.00 0.00 1.00 0 95 231 112 1 0 0 0 0 161219 201518.970
-0.0648 7.8848 -0.0520 0.00 0.00 1.00 0 95 231 112 1 0 0 0 0 161219 201519.171
-0.0667 7.9301 -0.0526 0.00 0.00 1.00 0 107 235 112 1 0 0 0 0 161219 201519.371
-0.0667 7.9301 -0.0526 0.00 0.00 1.00 0 107 235 112 1 0 0 0 0 161219 201519.571
-0.0667 7.9301 -0.0526 0.00 0.00 1.00 0 107 235 112 1 0 0 0 0 161219 201519.772
-0.0672 7.9745 -0.0535 0.00 0.00 1.00 0 50 231 112 1 0 0 0 0 161219 201519.972
-0.0672 7.9745 -0.0535 0.00 0.00 1.00 0 50 231 112 1 0 0 0 0 161219 201520.172
-0.0679 7.9981 -0.0535 0.00 0.00 1.00 0 98 236 112 1 0 0 0 0 161219 201520.373
-0.0679 7.9981 -0.0535 0.00 0.00 1.00 0 98 236 112 1 0 0 0 0 161219 201520.573
-0.0693 8.0436 -0.0549 0.00 0.00 1.00 0 6 233 112 1 0 0 0 0 161219 201520.773
-0.0693 8.0436 -0.0549 0.00 0.00 1.00 0 6 233 112 1 0 0 0 0 161219 201520.974
-0.0704 8.0902 -0.0550 0.00 0.00 1.00 0 3 232 112 1 0 0 0 0 161219 201521.174
-0.0704 8.0902 -0.0550 0.00 0.00 1.00 0 3 232 112 1 0 0 0 0 161219 201521.374
-0.0704 8.0902 -0.0550 0.00 0.00 1.00 0 3 232 112 1 0 0 0 0 161219 201521.574
-0.0713 8.1361 -0.0555 0.00 0.00 1.00 0 95 231 112 1 0 0 0 0 161219 201521.775
-0.0713 8.1361 -0.0555 0.00 0.00 1.00 0 0 0 127 0 0 0 0 0 161219 201521.975
-0.0718 8.1825 -0.0557 0.00 0.00 1.00 0 190 228 112 1 0 0 0 0 161219 201522.176
-0.0718 8.1825 -0.0557 0.00 0.00 1.00 0 190 228 112 1 0 0 0 0 161219 201522.376
-0.0718 8.1825 -0.0557 0.00 0.00 1.00 0 190 228 112 1 0 0 0 0 161219 201522.576
-0.0734 8.2272 -0.0568 0.00 0.00 1.00 0 46 232 112 1 0 0 0 0 161219 201522.777
-0.0734 8.2272 -0.0568 0.00 0.00 1.00 0 46 232 112 1 0 0 0 0 161219 201522.977
-0.0741 8.2729 -0.0574 0.00 0.00 1.00 0 170 228 112 1 0 0 0 0 161219 201523.177
-0.0741 8.2729 -0.0574 0.00 0.00 1.00 0 170 228 112 1 0 0 0 0 161219 201523.378
-0.0756 8.3194 -0.0577 0.00 0.00 1.00 0 218 230 112 1 0 0 0 0 161219 201523.578
-0.0756 8.3194 -0.0577 0.00 0.00 1.00 0 218 230 112 1 0 0 0 0 161219 201523.779
-0.0756 8.3194 -0.0577 0.00 0.00 1.00 0 218 230 112 1 0 0 0 0 161219 201523.979
-0.0758 8.3427 -0.0584 0.00 0.00 1.00 0 135 232 112 1 0 0 0 0 161219 201524.180
-0.0758 8.3427 -0.0584 0.00 0.00 1.00 0 135 232 112 1 0 0 0 0 161219 201524.380
-0.0779 8.3883 -0.0581 0.00 0.00 1.00 0 155 232 112 1 0 0 0 0 161219 201524.581
-0.0779 8.3883 -0.0581 0.00 0.00 1.00 0 155 232 112 1 0 0 0 0 161219 201524.781
-0.0793 8.4342 -0.0587 0.00 0.00 1.00 0 30 230 112 1 0 0 0 0 161219 201524.981
-0.0793 8.4342 -0.0587 0.00 0.00 1.00 0 30 230 112 1 0 0 0 0 161219 201525.182
-0.0793 8.4342 -0.0587 0.00 0.00 1.00 0 30 230 112 1 0 0 0 0 161219 201525.382
-0.0801 8.4811 -0.0587 0.00 0.00 1.00 0 193 227 112 1 0 0 0 0 161219 201525.583
-0.0801 8.4811 -0.0587 0.00 0.00 1.00 0 193 227 112 1 0 0 0 0 161219 201525.783
-0.0818 8.5273 -0.0591 0.00 0.00 1.00 0 169 230 112 1 0 0 0 0 161219 201525.983
-0.0818 8.5273 -0.0591 0.00 0.00 1.00 0 169 230 112 1 0 0 0 0 161219 201526.184
-0.0821 8.5728 -0.0604 0.00 0.00 1.00 0 17 226 112 1 0 0 0 0 161219 201526.384
-0.0821 8.5728 -0.0604 0.00 0.00 1.00 0 17 226 112 1 0 0 0 0 161219 201526.585
-0.0829 8.5950 -0.0616 0.00 0.00 1.00 0 165 233 112 1 0 0 0 0 161219 201526.785
-0.0829 8.5950 -0.0616 0.00 0.00 1.00 0 165 233 112 1 0 0 0 0 161219 201526.986
-0.0829 8.5950 -0.0616 0.00 0.00 1.00 0 165 233 112 1 0 0 0 0 161219 201527.186
-0.0846 8.6390 -0.0615 0.00 0.00 1.00 0 134 230 112 1 0 0 0 0 161219 201527.386
-0.0846 8.6390 -0.0615 0.00 0.00 1.00 0 134 230 112 1 0 0 0 0 161219 201527.587
-0.0846 8.6390 -0.0615 0.00 0.00 1.00 0 134 230 112 1 0 0 0 0 161219 201527.787
-0.0857 8.6864 -0.0616 0.00 0.00 1.00 0 227 227 112 1 0 0 0 0 161219 201527.988
-0.0857 8.6864 -0.0616 0.00 0.00 1.00 0 227 227 112 1 0 0 0 0 161219 201528.188
-0.0858 8.7327 -0.0625 0.00 0.00 1.00 0 98 224 112 1 0 0 0 0 161219 201528.389
-0.0858 8.7327 -0.0625 0.00 0.00 1.00 0 98 224 112 1 0 0 0 0 161219 201528.589
-0.0867 8.7770 -0.0641 0.00 0.00 1.00 0 40 227 112 1 0 0 0 0 161219 201528.790
-0.0867 8.7770 -0.0641 0.00 0.00 1.00 0 40 227 112 1 0 0 0 0 161219 201528.990
-0.0867 8.7770 -0.0641 0.00 0.00 1.00 0 40 227 112 1 0 0 0 0 161219 201529.190
-0.0880 8.8208 -0.0654 0.00 0.00 1.00 0 122 228 112 1 0 0 0 0 161219 201529.391
-0.0880 8.8208 -0.0654 0.00 0.00 1.00 0 122 228 112 1 0 0 0 0 161219 201529.591
-0.0900 8.8682 -0.0651 0.00 0.00 1.00 0 89 229 112 1 0 0 0 0 161219 201529.791
-0.0900 8.8682 -0.0651 0.00 0.00 1.00 0 89 229 112 1 0 0 0 0 161219 201529.992
-0.0918 8.9147 -0.0653 0.00 0.00 1.00 0 47 229 112 1 0 0 0 0 161219 201530.192
-0.0918 8.9147 -0.0653 0.00 0.00 1.00 0 47 229 112 1 0 0 0 0 161219 201530.392
-0.0933 8.9612 -0.0653 0.00 0.00 1.00 0 174 227 112 1 0 0 0 0 161219 201530.593
-0.0933 8.9612 -0.0653 0.00 0.00 1.00 0 174 227 112 1 0 0 0 0 161219 201530.793
-0.0933 8.9612 -0.0653 0.00 0.00 1.00 0 174 227 112 1 0 0 0 0 161219 201530.993
-0.0945 8.9849 -0.0644 0.00 0.00 1.00 0 163 232 112 1 0 0 0 0 161219 201531.194
-0.0945 8.9849 -0.0644 0.00 0.00 1.00 0 163 232 112 1 0 0 0 0 161219 201531.394
-0.0959 9.0309 -0.0651 0.00 0.00 1.00 0 134 227 112 1 0 0 0 0 161219 201531.594
-0.0959 9.0309 -0.0651 0.00 0.00 1.00 0 134 227 112 1 0 0 0 0 161219 201531.795
-0.0959 9.0309 -0.0651 0.00 0.00 1.00 0 134 227 112 1 0 0 0 0 161219 201531.995
-0.0964 9.0767 -0.0664 0.00 0.00 1.00 0 89 224 112 1 0 0 0 0 161219 201532.195
-0.0964 9.0767 -0.0664 0.00 0.00 1.00 0 89 224 112 1 0 0 0 0 161219 201532.396
-0.0983 9.1211 -0.0669 0.00 0.00 1.00 0 206 228 112 1 0 0 0 0 161219 201532.596
-0.0983 9.1211 -0.0669 0.00 0.00 1.00 0 206 228 112 1 0 0 0 0 161219 201532.797
-0.1002 9.1680 -0.0671 0.00 0.00 1.00 0 43 228 112 1 0 0 0 0 161219 201532.997
-0.1002 9.1680 -0.0671 0.00 0.00 1.00 0 43 228 112 1 0 0 0 0 161219 201533.197
-0.1019 9.2149 -0.0678 0.00 0.00 1.00 0 8 226 112 1 0 0 0 0 161219 201533.398
-0.1019 9.2149 -0.0678 0.00 0.00 1.00 0 8 226 112 1 0 0 0 0 161219 201533.598
-0.1036 9.2610 -0.0678 0.00 0.00 1.00 0 16 225 112 1 0 0 0 0 161219 201533.799
-0.1036 9.2610 -0.0678 0.00 0.00 1.00 0 16 225 112 1 0 0 0 0 161219 201534.000
-0.1036 9.2610 -0.0678 0.00 0.00 1.00 0 16 225 112 1 0 0 0 0 161219 201534.200
-0.1040 9.2842 -0.0673 0.00 0.00 1.00 0 196 227 112 1 0 0 0 0 161219 201534.401
-0.1040 9.2842 -0.0673 0.00 0.00 1.00 0 196 227 112 1 0 0 0 0 161219 201534.601
-0.1052 9.3301 -0.0680 0.00 0.00 1.00 0 56 223 112 1 0 0 0 0 161219 201534.802
-0.1052 9.3301 -0.0680 0.00 0.00 1.00 0 56 223 112 1 0 0 0 0 161219 201535.002
-0.1068 9.3763 -0.0672 0.00 0.00 1.00 0 82 224 112 1 0 0 0 0 161219 201535.203
-0.1068 9.3763 -0.0672 0.00 0.00 1.00 0 82 224 112 1 0 0 0 0 161219 201535.403
-0.1068 9.3763 -0.0672 0.00 0.00 1.00 0 82 224 112 1 0 0 0 0 161219 201535.604
-0.1094 9.4219 -0.0676 0.00 0.00 1.00 0 104 227 112 1 0 0 0 0 161219 201535.804
-0.1094 9.4219 -0.0676 0.00 0.00 1.00 0 104 227 112 1 0 0 0 0 161219 201536.005
-0.1102 9.4671 -0.0683 0.00 0.00 1.00 0 101 221 112 1 0 0 0 0 161219 201536.205
-0.1102 9.4671 -0.0683 0.00 0.00 1.00 0 101 221 112 1 0 0 0 0 161219 201536.405
-0.1113 9.4907 -0.0690 0.00 0.00 1.00 0 232 228 112 1 0 0 0 0 161219 201536.606
-0.1113 9.4907 -0.0690 0.00 0.00 1.00 0 232 228 112 1 0 0 0 0 161219 201536.806
-0.1133 9.5350 -0.0695 0.00 0.00 1.00 0 66 225 112 1 0 0 0 0 161219 201537.007
-0.1133 9.5350 -0.0695 0.00 0.00 1.00 0 66 225 112 1 0 0 0 0 161219 201537.207
-0.1159 9.5820 -0.0698 0.00 0.00 1.00 0 17 226 112 1 0 0 0 0 161219 201537.408
-0.1159 9.5820 -0.0698 0.00 0.00 1.00 0 17 226 112 1 0 0 0 0 161219 201537.608
-0.1159 9.5820 -0.0698 0.00 0.00 1.00 0 17 226 112 1 0 0 0 0 161219 201537.808
-0.1170 9.6275 -0.0704 0.00 0.00 1.00 0 220 221 112 1 0 0 0 0 161219 201538.009
-0.1170 9.6275 -0.0704 0.00 0.00 1.00 0 220 221 112 1 0 0 0 0 161219 201538.210
-0.1190 9.6732 -0.0710 0.00 0.00 1.00 0 253 223 112 1 0 0 0 0 161219 201538.410
-0.1190 9.6732 -0.0710 0.00 0.00 1.00 0 253 223 112 1 0 0 0 0 161219 201538.610
-0.1190 9.6732 -0.0710 0.00 0.00 1.00 0 253 223 112 1 0 0 0 0 161219 201538.811
-0.1214 9.7191 -0.0708 0.00 0.00 1.00 0 28 225 112 1 0 0 0 0 161219 201539.011
-0.1214 9.7191 -0.0708 0.00 0.00 1.00 0 28 225 112 1 0 0 0 0 161219 201539.212
-0.1224 9.7643 -0.0716 0.00 0.00 1.00 0 179 220 112 1 0 0 0 0 161219 201539.413
-0.1224 9.7643 -0.0716 0.00 0.00 1.00 0 179 220 112 1 0 0 0 0 161219 201539.614
-0.1233 9.7879 -0.0718 0.00 0.00 1.00 0 254 226 112 1 0 0 0 0 161219 201539.814
-0.1233 9.7879 -0.0718 0.00 0.00 1.00 0 254 226 112 1 0 0 0 0 161219 201540.015
-0.1233 9.7879 -0.0718 0.00 0.00 1.00 0 254 226 112 1 0 0 0 0 161219 201540.215
-0.1253 9.8320 -0.0727 0.00 0.00 1.00 0 246 223 112 1 0 0 0 0 161219 201540.416
-0.1253 9.8320 -0.0727 0.00 0.00 1.00 0 246 223 112 1 0 0 0 0 161219 201540.616
-0.1270 9.8783 -0.0728 0.00 0.00 1.00 0 0 0 127 0 0 0 0 0 161219 201540.816
-0.1270 9.8783 -0.0728 0.00 0.00 1.00 0 0 0 127 0 0 0 0 0 161219 201541.017
-0.1288 9.9230 -0.0734 0.00 0.00 1.00 0 0 0 127 0 0 0 0 0 161219 201541.217
-0.1288 9.9230 -0.0734 0.00 0.00 1.00 0 0 0 127 0 0 0 0 0 161219 201541.418
-0.1311 9.9696 -0.0729 0.00 0.00 1.00 0 0 0 127 0 0 0 0 0 161219 201541.618
-0.1311 9.9696 -0.0729 0.00 0.00 1.00 0 0 0 127 0 0 0 0 0 161219 201541.818
-0.1311 9.9696 -0.0729 0.00 0.00 1.00 0 0 0 127 0 0 0 0 0 161219 201542.019
-0.1329 10.0168 -0.0728 0.00 0.00 1.00 0 0 0 127 0 0 0 0 0 161219 201542.219
-0.1329 10.0168 -0.0728 0.00 0.00 1.00 0 0 0 127 0 0 0 0 0 161219 201542.420
-0.1336 10.0617 -0.0733 0.00 0.00 1.00 0 56 218 112 1 0 0 0 0 161219 201542.620
-0.1336 10.0617 -0.0733 0.00 0.00 1.00 0 56 218 112 1 0 0 0 0 161219 201542.820
-0.1349 10.0842 -0.0741 0.00 0.00 1.00 0 239 226 112 1 0 0 0 0 161219 201543.021
-0.1349 10.0842 -0.0741 0.00 0.00 1.00 0 239 226 112 1 0 0 0 0 161219 201543.221
-0.1349 10.0842 -0.0741 0.00 0.00 1.00 0 239 226 112 1 0 0 0 0 161219 201543.422
-0.1367 10.1283 -0.0755 0.00 0.00 1.00 0 208 221 112 1 0 0 0 0 161219 201543.622
-0.1367 10.1283 -0.0755 0.00 0.00 1.00 0 208 221 112 1 0 0 0 0 161219 201543.823
-0.1392 10.1736 -0.0771 0.00 0.00 1.00 0 125 223 112 1 0 0 0 0 161219 201544.023
-0.1392 10.1736 -0.0771 0.00 0.00 1.00 0 125 223 112 1 0 0 0 0 161219 201544.224
-0.1416 10.2209 -0.0759 0.00 0.00 1.00 0 56 222 112 1 0 0 0 0 161219 201544.424
-0.1416 10.2209 -0.0759 0.00 0.00 1.00 0 56 222 112 1 0 0 0 0 161219 201544.624
-0.1423 10.2672 -0.0769 0.00 0.00 1.00 0 208 215 112 1 0 0 0 0 161219 201544.824
-0.1423 10.2672 -0.0769 0.00 0.00 1.00 0 208 215 112 1 0 0 0 0 161219 201545.025
-0.1423 10.2672 -0.0769 0.00 0.00 1.00 0 208 215 112 1 0 0 0 0 161219 201545.225
-0.1440 10.2900 -0.0763 0.00 0.00 1.00 0 180 226 112 1 0 0 0 0 161219 201545.425
-0.1440 10.2900 -0.0763 0.00 0.00 1.00 0 180 226 112 1 0 0 0 0 161219 201545.626
-0.1456 10.3375 -0.0767 0.00 0.00 1.00 0 163 217 112 1 0 0 0 0 161219 201545.827
-0.1456 10.3375 -0.0767 0.00 0.00 1.00 0 163 217 112 1 0 0 0 0 161219 201546.027
-0.1456 10.3375 -0.0767 0.00 0.00 1.00 0 163 217 112 1 0 0 0 0 161219 201546.228
-0.1464 10.3842 -0.0771 0.00 0.00 1.00 0 127 215 112 1 0 0 0 0 161219 201546.428
-0.1464 10.3842 -0.0771 0.00 0.00 1.00 0 127 215 112 1 0 0 0 0 161219 201546.629
-0.1491 10.4269 -0.0779 0.00 0.00 1.00 0 39 222 112 1 0 0 0 0 161219 201546.829
-0.1491 10.4269 -0.0779 0.00 0.00 1.00 0 39 222 112 1 0 0 0 0 161219 201547.030
-0.1523 10.4720 -0.0781 0.00 0.00 1.00 0 245 222 112 1 0 0 0 0 161219 201547.230
-0.1523 10.4720 -0.0781 0.00 0.00 1.00 0 245 222 112 1 0 0 0 0 161219 201547.430
-0.1544 10.5193 -0.0781 0.00 0.00 1.00 0 205 218 112 1 0 0 0 0 161219 201547.631
-0.1544 10.5193 -0.0781 0.00 0.00 1.00 0 205 218 112 1 0 0 0 0 161219 201547.831
-0.1557 10.5429 -0.0792 0.00 0.00 1.00 0 176 223 112 1 0 0 0 0 161219 201548.031
-0.1557 10.5429 -0.0792 0.00 0.00 1.00 0 176 223 112 1 0 0 0 0 161219 201548.232
-0.1580 10.5876 -0.0802 0.00 0.00 1.00 0 213 219 112 1 0 0 0 0 161219 201548.432
-0.1580 10.5876 -0.0802 0.00 0.00 1.00 0 213 219 112 1 0 0 0 0 161219 201548.632
-0.1580 10.5876 -0.0802 0.00 0.00 1.00 0 213 219 112 1 0 0 0 0 161219 201548.833
-0.1598 10.6326 -0.0807 0.00 0.00 1.00 0 200 217 112 1 0 0 0 0 161219 201549.033
-0.1598 10.6326 -0.0807 0.00 0.00 1.00 0 200 217 112 1 0 0 0 0 161219 201549.233
-0.1619 10.6782 -0.0808 0.00 0.00 1.00 0 119 218 112 1 0 0 0 0 161219 201549.434
-0.1619 10.6782 -0.0808 0.00 0.00 1.00 0 119 218 112 1 0 0 0 0 161219 201549.634
-0.1639 10.7250 -0.0802 0.00 0.00 1.00 0 87 217 112 1 0 0 0 0 161219 201549.834
-0.1639 10.7250 -0.0802 0.00 0.00 1.00 0 87 217 112 1 0 0 0 0 161219 201550.035
-0.1639 10.7250 -0.0802 0.00 0.00 1.00 0 87 217 112 1 0 0 0 0 161219 201550.235
-0.1658 10.7716 -0.0810 0.00 0.00 1.00 0 208 216 112 1 0 0 0 0 161219 201550.435
-0.1658 10.7716 -0.0810 0.00 0.00 1.00 0 208 216 112 1 0 0 0 0 161219 201550.636
-0.1660 10.7949 -0.0818 0.00 0.00 1.00 0 6 219 112 1 0 0 0 0 161219 201550.836
-0.1660 10.7949 -0.0818 0.00 0.00 1.00 0 6 219 112 1 0 0 0 0 161219 201551.036
-0.1682 10.8396 -0.0827 0.00 0.00 1.00 0 80 218 112 1 0 0 0 0 161219 201551.236
-0.1682 10.8396 -0.0827 0.00 0.00 1.00 0 80 218 112 1 0 0 0 0 161219 201551.437
-0.1708 10.8869 -0.0823 0.00 0.00 1.00 0 27 218 112 1 0 0 0 0 161219 201551.637
-0.1708 10.8869 -0.0823 0.00 0.00 1.00 0 27 218 112 1 0 0 0 0 161219 201551.837
-0.1743 10.9324 -0.0820 0.00 0.00 1.00 0 117 221 112 1 0 0 0 0 161219 201552.038
-0.1743 10.9324 -0.0820 0.00 0.00 1.00 0 117 221 112 1 0 0 0 0 161219 201552.238
-0.1743 10.9324 -0.0820 0.00 0.00 1.00 0 117 221 112 1 0 0 0 0 161219 201552.438
-0.1750 10.9549 -0.0821 0.00 0.00 1.00 0 121 220 112 1 0 0 0 0 161219 201552.638
-0.1750 10.9549 -0.0821 0.00 0.00 1.00 0 121 220 112 1 0 0 0 0 161219 201552.839
-0.1781 10.9993 -0.0831 0.00 0.00 1.00 0 88 220 112 1 0 0 0 0 161219 201553.039
-0.1781 10.9993 -0.0831 0.00 0.00 1.00 0 88 220 112 1 0 0 0 0 161219 201553.239
-0.1806 11.0439 -0.0832 0.00 0.00 1.00 0 64 218 112 1 0 0 0 0 161219 201553.439
-0.1806 11.0439 -0.0832 0.00 0.00 1.00 0 64 218 112 1 0 0 0 0 161219 201553.640
-0.1836 11.0886 -0.0850 0.00 0.00 1.00 0 102 219 112 1 0 0 0 0 161219 201553.840
-0.1836 11.0886 -0.0850 0.00 0.00 1.00 0 102 219 112 1 0 0 0 0 161219 201554.040
-0.1836 11.0886 -0.0850 0.00 0.00 1.00 0 102 219 112 1 0 0 0 0 161219 201554.240
-0.1842 11.1110 -0.0858 0.00 0.00 1.00 0 152 219 112 1 0 0 0 0 161219 201554.441
-0.1842 11.1110 -0.0858 0.00 0.00 1.00 0 152 219 112 1 0 0 0 0 161219 201554.641
-0.1875 11.1576 -0.0861 0.00 0.00 1.00 0 108 219 112 1 0 0 0 0 161219 201554.841
-0.1875 11.1576 -0.0861 0.00 0.00 1.00 0 108 219 112 1 0 0 0 0 161219 201555.042
-0.1891 11.2036 -0.0871 0.00 0.00 1.00 0 80 214 112 1 0 0 0 0 161219 201555.242
-0.1891 11.2036 -0.0871 0.00 0.00 1.00 0 80 214 112 1 0 0 0 0 161219 201555.442
-0.1907 11.2500 -0.0874 0.00 0.00 1.00 0 60 213 112 1 0 0 0 0 161219 201555.643
-0.1907 11.2500 -0.0874 0.00 0.00 1.00 0 60 213 112 1 0 0 0 0 161219 201555.843
-0.1907 11.2500 -0.0874 0.00 0.00 1.00 0 60 213 112 1 0 0 0 0 161219 201556.044
-0.1937 11.2954 -0.0890 0.00 0.00 1.00 0 104 216 112 1 0 0 0 0 161219 201556.244
-0.1937 11.2954 -0.0890 0.00 0.00 1.00 0 104 216 112 1 0 0 0 0 161219 201556.445
-0.1957 11.3176 -0.0887 0.00 0.00 1.00 0 20 222 112 1 0 0 0 0 161219 201556.645
-0.1957 11.3176 -0.0887 0.00 0.00 1.00 0 20 222 112 1 0 0 0 0 161219 201556.845
-0.1975 11.3631 -0.0891 0.00 0.00 1.00 0 46 212 112 1 0 0 0 0 161219 201557.046
-0.1975 11.3631 -0.0891 0.00 0.00 1.00 0 46 212 112 1 0 0 0 0 161219 201557.246
-0.1997 11.4098 -0.0901 0.00 0.00 1.00 0 25 213 112 1 0 0 0 0 161219 201557.446
-0.1997 11.4098 -0.0901 0.00 0.00 1.00 0 25 213 112 1 0 0 0 0 161219 201557.647
-0.2020 11.4553 -0.0911 0.00 0.00 1.00 0 64 213 112 1 0 0 0 0 161219 201557.847
-0.2020 11.4553 -0.0911 0.00 0.00 1.00 0 64 213 112 1 0 0 0 0 161219 201558.047
-0.2020 11.4553 -0.0911 0.00 0.00 1.00 0 64 213 112 1 0 0 0 0 161219 201558.248
-0.2041 11.4788 -0.0905 0.00 0.00 1.00 0 232 220 112 1 0 0 0 0 161219 201558.448
-0.2041 11.4788 -0.0905 0.00 0.00 1.00 0 232 220 112 1 0 0 0 0 161219 201558.649
-0.2059 11.5234 -0.0923 0.00 0.00 1.00 0 209 211 112 1 0 0 0 0 161219 201558.849
-0.2059 11.5234 -0.0923 0.00 0.00 1.00 0 209 211 112 1 0 0 0 0 161219 201559.049
-0.2090 11.5683 -0.0925 0.00 0.00 1.00 0 125 215 112 1 0 0 0 0 161219 201559.250
-0.2090 11.5683 -0.0925 0.00 0.00 1.00 0 125 215 112 1 0 0 0 0 161219 201559.451
-0.2090 11.5683 -0.0925 0.00 0.00 1.00 0 125 215 112 1 0 0 0 0 161219 201559.651
-0.2090 11.5683 -0.0925 0.00 0.00 1.00 0 125 215 112 1 0 0 0 0 161219 201559.852
-0.2090 11.5683 -0.0925 0.00 0.00 1.00 0 125 215 112 1 0 0 0 0 161219 201600.052
-0.2090 11.5683 -0.0925 0.00 0.00 1.00 0 125 215 112 1 0 0 0 0 161219 201600.252
-0.2090 11.5683 -0.0925 0.00 0.00 1.00 0 125 215 112 1 0 0 0 0 161219 201600.453
-0.2090 11.5683 -0.0925 0.00 0.00 1.00 0 125 215 112 1 0 0 0 0 161219 201600.653
-0.2090 11.5683 -0.0925 0.00 0.00 1.00 0 125 215 112 1 0 0 0 0 161219 201600.854
-0.2090 11.5683 -0.0925 0.00 0.00 1.00 0 125 215 112 1 0 0 0 0 161219 201601.054
-0.2090 11.5683 -0.0925 0.00 0.00 1.00 0 125 215 112 1 0 0 0 0 161219 201601.254
-0.2090 11.5683 -0.0925 0.00 0.00 1.00 0 125 215 112 1 0 0 0 0 161219 201601.455
-0.2090 11.5683 -0.0925 0.00 0.00 1.00 0 125 215 112 1 0 0 0 0 161219 201601.655
-0.2090 11.5683 -0.0925 0.00 0.00 1.00 0 125 215 112 1 0 0 0 0 161219 201601.855
-0.2090 11.5683 -0.0925 0.00 0.00 1.00 0 125 215 112 1 0 0 0 0 161219 201602.056
-0.2090 11.5683 -0.0925 0.00 0.00 1.00 0 125 215 112 1 0 0 0 0 161219 201602.256
-0.2090 11.5683 -0.0925 0.00 0.00 1.00 0 125 215 112 1 0 0 0 0 161219 201602.457
-0.2090 11.5683 -0.0925 0.00 0.00 1.00 0 125 215 112 1 0 0 0 0 161219 201602.658
-0.2090 11.5683 -0.0925 0.00 0.00 1.00 0 125 215 112 1 0 0 0 0 161219 201602.858
-0.2090 11.5683 -0.0925 0.00 0.00 1.00 0 125 215 112 1 0 0 0 0 161219 201603.059
-0.2090 11.5683 -0.0925 0.00 0.00 1.00 0 125 215 112 1 0 0 0 0 161219 201603.259
-0.2090 11.5683 -0.0925 0.00 0.00 1.00 0 125 215 112 1 0 0 0 0 161219 201603.459
-0.2090 11.5683 -0.0925 0.00 0.00 1.00 0 125 215 112 1 0 0 0 0 161219 201603.660
-0.2090 11.5683 -0.0925 0.00 0.00 1.00 0 125 215 112 1 0 0 0 0 161219 201603.860
-0.2090 11.5683 -0.0925 0.00 0.00 1.00 0 125 215 112 1 0 0 0 0 161219 201604.060
-0.2090 11.5683 -0.0925 0.00 0.00 1.00 0 125 215 112 1 0 0 0 0 161219 201604.261
-0.2090 11.5683 -0.0925 0.00 0.00 1.00 0 125 215 112 1 0 0 0 0 161219 201604.461
-0.2090 11.5683 -0.0925 0.00 0.00 1.00 0 125 215 112 1 0 0 0 0 161219 201604.661
-0.2090 11.5683 -0.0925 0.00 0.00 1.00 0 125 215 112 1 0 0 0 0 161219 201604.862
-0.2090 11.5683 -0.0925 0.00 0.00 1.00 0 125 215 112 1 0 0 0 0 161219 201605.062
-0.2090 11.5683 -0.0925 0.00 0.00 1.00 0 125 215 112 1 0 0 0 0 161219 201605.262
-0.2090 11.5683 -0.0925 0.00 0.00 1.00 0 125 215 112 1 0 0 0 0 161219 201605.463
-0.2090 11.5683 -0.0925 0.00 0.00 1.00 0 125 215 112 1 0 0 0 0 161219 201605.663
-0.2090 11.5683 -0.0925 0.00 0.00 1.00 0 125 215 112 1 0 0 0 0 161219 201605.864
-0.2090 11.5683 -0.0925 0.00 0.00 1.00 0 125 215 112 1 0 0 0 0 161219 201606.064
-0.2090 11.5683 -0.0925 0.00 0.00 1.00 0 125 215 112 1 0 0 0 0 161219 201606.265
-0.2090 11.5683 -0.0925 0.00 0.00 1.00 0 125 215 112 1 0 0 0 0 161219 201606.465
-0.2090 11.5683 -0.0925 0.00 0.00 1.00 0 125 215 112 1 0 0 0 0 161219 201606.665
-0.2090 11.5683 -0.0925 0.00 0.00 1.00 0 125 215 112 1 0 0 0 0 161219 201606.866
-0.2090 11.5683 -0.0925 0.00 0.00 1.00 0 125 215 112 1 0 0 0 0 161219 201607.066
-0.2090 11.5683 -0.0925 0.00 0.00 1.00 0 125 215 112 1 0 0 0 0 161219 201607.267
-0.2090 11.5683 -0.0925 0.00 0.00 1.00 0 125 215 112 1 0 0 0 0 161219 201607.467
-0.2090 11.5683 -0.0925 0.00 0.00 1.00 0 125 215 112 1 0 0 0 0 161219 201607.668
-0.2090 11.5683 -0.0925 0.00 0.00 1.00 0 125 215 112 1 0 0 0 0 161219 201607.868
-0.2090 11.5683 -0.0925 0.00 0.00 1.00 0 125 215 112 1 0 0 0 0 161219 201608.068
-0.2090 11.5683 -0.0925 0.00 0.00 1.00 0 125 215 112 1 0 0 0 0 161219 201608.269
-0.2090 11.5683 -0.0925 0.00 0.00 1.00 0 125 215 112 1 0 0 0 0 161219 201608.469
-0.2090 11.5683 -0.0925 0.00 0.00 1.00 0 125 215 112 1 0 0 0 0 161219 201608.670
-0.2090 11.5683 -0.0925 0.00 0.00 1.00 0 0 0 127 0 0 0 0 0 161219 201608.870
-0.2090 11.5683 -0.0925 0.00 0.00 1.00 0 0 0 127 0 0 0 0 0 161219 201609.071
-0.2090 11.5683 -0.0925 0.00 0.00 1.00 0 0 0 127 0 0 0 0 0 161219 201609.271
-0.2090 11.5683 -0.0925 0.00 0.00 1.00 0 0 0 127 0 0 0 0 0 161219 201609.472
-0.2090 11.5683 -0.0925 0.00 0.00 1.00 0 0 0 127 0 0 0 0 0 161219 201609.672
-0.2090 11.5683 -0.0925 0.00 0.00 1.00 0 0 0 127 0 0 0 0 0 161219 201609.872
-0.2090 11.5683 -0.0925 0.00 0.00 1.00 0 0 0 127 0 0 0 0 0 161219 201610.073
-0.2090 11.5683 -0.0925 0.00 0.00 1.00 0 0 0 127 0 0 0 0 0 161219 201610.273
