-8.4393 21.3948 -0.1862 0.00 0.00 1.00 0 255 6 112 1 0 0 0 0 030619 155218.142
-8.5184 21.4312 -0.1874 0.00 0.00 1.00 0 185 6 112 1 0 0 0 0 030619 155218.342
-8.6019 21.4696 -0.1882 0.00 0.00 1.00 0 110 6 112 1 0 0 0 0 030619 155218.542
-8.6870 21.5081 -0.1864 0.00 0.00 1.00 0 38 6 112 1 0 0 0 0 030619 155218.743
-8.7719 21.5469 -0.1862 0.00 0.00 1.00 0 220 5 112 1 0 0 0 0 030619 155218.943
-8.8337 21.5731 -0.1872 0.00 0.00 1.00 0 177 5 112 1 0 0 0 0 030619 155219.143
-8.9164 21.6086 -0.1874 0.00 0.00 1.00 0 117 5 112 1 0 0 0 0 030619 155219.344
-8.9970 21.6432 -0.1907 0.00 0.00 1.00 0 59 5 112 1 0 0 0 0 030619 155219.544
-9.0836 21.6820 -0.1906 0.00 0.00 1.00 0 244 4 112 1 0 0 0 0 030619 155219.745
-9.1675 21.7198 -0.1875 0.00 0.00 1.00 0 92 4 112 1 0 0 0 0 030619 155219.945
-9.2705 21.7643 -0.1877 0.00 0.00 1.00 0 180 3 112 1 0 0 0 0 030619 155220.145
-9.3461 21.7972 -0.1937 0.00 0.00 1.00 0 55 3 112 1 0 0 0 0 030619 155220.346
-9.4281 21.8304 -0.1957 0.00 0.00 1.00 0 0 0 127 0 0 0 0 0 030619 155220.546
-9.5133 21.8669 -0.1976 0.00 0.00 1.00 0 0 0 127 0 0 0 0 0 030619 155220.746
-9.5769 21.8961 -0.1979 0.00 0.00 1.00 0 0 0 127 0 0 0 0 0 030619 155220.947
-9.6758 21.9395 -0.1999 0.00 0.00 1.00 0 0 0 127 0 0 0 0 0 030619 155221.147
-9.7553 21.9754 -0.2027 0.00 0.00 1.00 0 0 0 127 0 0 0 0 0 030619 155221.347
-9.8450 22.0080 -0.2057 0.00 0.00 1.00 0 0 0 127 0 0 0 0 0 030619 155221.548
-9.9228 22.0213 -0.2074 0.00 0.00 1.00 0 0 0 127 0 0 0 0 0 030619 155221.748
-10.0098 22.0448 -0.2077 0.00 0.00 1.00 0 0 0 127 0 0 0 0 0 030619 155221.948
-10.1008 22.0726 -0.2097 0.00 0.00 1.00 0 0 0 127 0 0 0 0 0 030619 155222.148
-10.1850 22.0958 -0.2114 0.00 0.00 1.00 0 0 0 127 0 0 0 0 0 030619 155222.349
-10.2740 22.1219 -0.2131 0.00 0.00 1.00 0 0 0 127 0 0 0 0 0 030619 155222.549
-10.3852 22.1542 -0.2138 0.00 0.00 1.00 0 0 0 112 1 0 0 0 0 030619 155222.749
-10.4690 22.1789 -0.2164 0.00 0.00 1.00 0 0 0 112 1 0 0 0 0 030619 155222.949
-10.5622 22.2045 -0.2163 0.00 0.00 1.00 0 0 0 112 1 0 0 0 0 030619 155223.150
-10.6518 22.2286 -0.2191 0.00 0.00 1.00 0 154 253 112 1 0 0 0 0 030619 155223.350
-10.7419 22.2433 -0.2176 0.00 0.00 1.00 0 135 253 112 1 0 0 0 0 030619 155223.550
-10.8017 22.2455 -0.2179 0.00 0.00 1.00 0 164 253 112 1 0 0 0 0 030619 155223.750
-10.8864 22.2551 -0.2182 0.00 0.00 1.00 0 169 253 112 1 0 0 0 0 030619 155223.951
-11.0018 22.2708 -0.2181 0.00 0.00 1.00 0 162 253 112 1 0 0 0 0 030619 155224.151
-11.0709 22.2804 -0.2182 0.00 0.00 1.00 0 155 253 112 1 0 0 0 0 030619 155224.351
-11.1865 22.2960 -0.2160 0.00 0.00 1.00 0 143 253 112 1 0 0 0 0 030619 155224.552
-11.2819 22.3070 -0.2131 0.00 0.00 1.00 0 143 253 112 1 0 0 0 0 030619 155224.752
-11.3802 22.3208 -0.2087 0.00 0.00 1.00 0 129 253 112 1 0 0 0 0 030619 155224.952
