4.7028 -0.3921 0.0000 0.00 0.00 1.00 0 226 9 112 1 0 0 0 0 221219 163931.823
4.7024 -0.3913 0.0000 0.00 0.00 1.00 0 137 11 112 1 0 0 0 0 221219 163932.023
4.7056 -0.3923 0.0000 0.00 0.00 1.00 0 17 12 112 1 0 0 0 0 221219 163932.223
4.7333 -0.3999 0.0000 0.00 0.00 1.00 0 151 5 112 1 0 0 0 0 221219 163932.424
4.7734 -0.4139 0.0000 0.00 0.00 1.00 0 79 6 112 1 0 0 0 0 221219 163932.624
4.8040 -0.4217 0.0000 0.00 0.00 1.00 0 11 10 112 1 0 0 0 0 221219 163932.824
4.8358 -0.4313 0.0000 0.00 0.00 1.00 0 39 9 112 1 0 0 0 0 221219 163933.024
4.8691 -0.4398 0.0000 0.00 0.00 1.00 0 199 9 112 1 0 0 0 0 221219 163933.224
4.8935 -0.4473 0.0000 0.00 0.00 1.00 0 248 4 112 1 0 0 0 0 221219 163933.424
4.9240 -0.4549 0.0000 0.00 0.00 1.00 0 81 9 112 1 0 0 0 0 221219 163933.624
4.9545 -0.4646 0.0000 0.00 0.00 1.00 0 249 4 112 1 0 0 0 0 221219 163933.825
4.9860 -0.4750 0.0000 0.00 0.00 1.00 0 104 7 112 1 0 0 0 0 221219 163934.025
5.0172 -0.4864 0.0000 0.00 0.00 1.00 0 0 0 112 1 0 0 0 0 221219 163934.225
5.0579 -0.4988 0.0000 0.00 0.00 1.00 0 0 0 112 1 0 0 0 0 221219 163934.425
5.0903 -0.5102 0.0000 0.00 0.00 1.00 0 0 0 112 1 0 0 0 0 221219 163934.625
5.1243 -0.5232 0.0000 0.00 0.00 1.00 0 0 0 112 1 0 0 0 0 221219 163934.825
5.1503 -0.5307 0.0000 0.00 0.00 1.00 0 0 0 112 1 0 0 0 0 221219 163935.026
5.1858 -0.5411 0.0000 0.00 0.00 1.00 0 0 0 112 1 0 0 0 0 221219 163935.226
5.2205 -0.5497 0.0000 0.00 0.00 1.00 0 0 0 112 1 0 0 0 0 221219 163935.426
5.2516 -0.5618 0.0000 0.00 0.00 1.00 0 0 0 112 1 0 0 0 0 221219 163935.626
5.2857 -0.5730 0.0000 0.00 0.00 1.00 0 0 0 112 1 0 0 0 0 221219 163935.826
5.3199 -0.5837 0.0000 0.00 0.00 1.00 0 0 0 112 1 0 0 0 0 221219 163936.026
5.3448 -0.5924 0.0000 0.00 0.00 1.00 0 0 0 112 1 0 0 0 0 221219 163936.226
5.3838 -0.6057 0.0000 0.00 0.00 1.00 0 0 0 112 1 0 0 0 0 221219 163936.426
5.4154 -0.6189 0.0000 0.00 0.00 1.00 0 0 0 112 1 0 0 0 0 221219 163936.627
5.4467 -0.6318 0.0000 0.00 0.00 1.00 0 0 0 112 1 0 0 0 0 221219 163936.827
5.4794 -0.6435 0.0000 0.00 0.00 1.00 0 0 0 112 1 0 0 0 0 221219 163937.027
5.5120 -0.6535 0.0000 0.00 0.00 1.00 0 0 0 112 1 0 0 0 0 221219 163937.227
5.5426 -0.6681 0.0000 0.00 0.00 1.00 0 0 0 112 1 0 0 0 0 221219 163937.427
5.5749 -0.6797 0.0000 0.00 0.00 1.00 0 0 0 112 1 0 0 0 0 221219 163937.627
5.6086 -0.6905 0.0000 0.00 0.00 1.00 0 0 0 112 1 0 0 0 0 221219 163937.827
5.6423 -0.7009 0.0000 0.00 0.00 1.00 0 0 0 112 1 0 0 0 0 221219 163938.028
5.6752 -0.7124 0.0000 0.00 0.00 1.00 0 0 0 112 1 0 0 0 0 221219 163938.228
5.7052 -0.7241 0.0000 0.00 0.00 1.00 0 0 0 112 1 0 0 0 0 221219 163938.428
5.7466 -0.7370 0.0000 0.00 0.00 1.00 0 0 0 112 1 0 0 0 0 221219 163938.628
5.7713 -0.7457 0.0000 0.00 0.00 1.00 0 0 0 112 1 0 0 0 0 221219 163938.828
5.8050 -0.7562 0.0000 0.00 0.00 1.00 0 0 0 112 1 0 0 0 0 221219 163939.028
5.8454 -0.7713 0.0000 0.00 0.00 1.00 0 0 0 112 1 0 0 0 0 221219 163939.228
5.8682 -0.7790 0.0000 0.00 0.00 1.00 0 0 0 112 1 0 0 0 0 221219 163939.429
5.9026 -0.7913 0.0000 0.00 0.00 1.00 0 0 0 112 1 0 0 0 0 221219 163939.629
5.9369 -0.8045 0.0000 0.00 0.00 1.00 0 0 0 112 1 0 0 0 0 221219 163939.829
5.9698 -0.8153 0.0000 0.00 0.00 1.00 0 0 0 112 1 0 0 0 0 221219 163940.029
6.0006 -0.8271 0.0000 0.00 0.00 1.00 0 0 0 112 1 0 0 0 0 221219 163940.229
6.0346 -0.8387 0.0000 0.00 0.00 1.00 0 0 0 112 1 0 0 0 0 221219 163940.430
6.0597 -0.8477 0.0000 0.00 0.00 1.00 0 0 0 112 1 0 0 0 0 221219 163940.630
6.1004 -0.8612 0.0000 0.00 0.00 1.00 0 0 0 112 1 0 0 0 0 221219 163940.830
6.1326 -0.8727 0.0000 0.00 0.00 1.00 0 0 0 112 1 0 0 0 0 221219 163941.030
6.1616 -0.8858 0.0000 0.00 0.00 1.00 0 0 0 112 1 0 0 0 0 221219 163941.230
6.1914 -0.8984 0.0000 0.00 0.00 1.00 0 0 0 112 1 0 0 0 0 221219 163941.430
6.2153 -0.9061 0.0000 0.00 0.00 1.00 0 0 0 112 1 0 0 0 0 221219 163941.631
6.2535 -0.9223 0.0000 0.00 0.00 1.00 0 0 0 112 1 0 0 0 0 221219 163941.831
6.2846 -0.9345 0.0000 0.00 0.00 1.00 0 0 0 112 1 0 0 0 0 221219 163942.031
6.3174 -0.9443 0.0000 0.00 0.00 1.00 0 0 0 112 1 0 0 0 0 221219 163942.231
6.3479 -0.9549 0.0000 0.00 0.00 1.00 0 0 0 112 1 0 0 0 0 221219 163942.431
6.3784 -0.9676 0.0000 0.00 0.00 1.00 0 0 0 112 1 0 0 0 0 221219 163942.631
6.4200 -0.9795 0.0000 0.00 0.00 1.00 0 0 0 112 1 0 0 0 0 221219 163942.831
6.4428 -0.9867 0.0000 0.00 0.00 1.00 0 0 0 112 1 0 0 0 0 221219 163943.032
6.4739 -0.9986 0.0000 0.00 0.00 1.00 0 0 0 112 1 0 0 0 0 221219 163943.232
6.5074 -1.0100 0.0000 0.00 0.00 1.00 0 0 0 112 1 0 0 0 0 221219 163943.432
6.5375 -1.0195 0.0000 0.00 0.00 1.00 0 0 0 112 1 0 0 0 0 221219 163943.632
6.5662 -1.0298 0.0000 0.00 0.00 1.00 0 0 0 112 1 0 0 0 0 221219 163943.832
6.5894 -1.0358 0.0000 0.00 0.00 1.00 0 0 0 112 1 0 0 0 0 221219 163944.032
6.6273 -1.0487 0.0000 0.00 0.00 1.00 0 0 0 112 1 0 0 0 0 221219 163944.232
6.6593 -1.0563 0.0000 0.00 0.00 1.00 0 0 0 112 1 0 0 0 0 221219 163944.433
6.6893 -1.0691 0.0000 0.00 0.00 1.00 0 0 0 112 1 0 0 0 0 221219 163944.633
6.7232 -1.0790 0.0000 0.00 0.00 1.00 0 0 0 112 1 0 0 0 0 221219 163944.833
6.7588 -1.0933 0.0000 0.00 0.00 1.00 0 0 0 112 1 0 0 0 0 221219 163945.033
6.7837 -1.1012 0.0000 0.00 0.00 1.00 0 0 0 112 1 0 0 0 0 221219 163945.233
6.8165 -1.1115 0.0000 0.00 0.00 1.00 0 0 0 112 1 0 0 0 0 221219 163945.433
6.8494 -1.1219 0.0000 0.00 0.00 1.00 0 0 0 112 1 0 0 0 0 221219 163945.633
6.8884 -1.1333 0.0000 0.00 0.00 1.00 0 0 0 112 1 0 0 0 0 221219 163945.834
6.9134 -1.1403 0.0000 0.00 0.00 1.00 0 0 0 112 1 0 0 0 0 221219 163946.034
6.9460 -1.1529 0.0000 0.00 0.00 1.00 0 0 0 112 1 0 0 0 0 221219 163946.234
6.9792 -1.1636 0.0000 0.00 0.00 1.00 0 0 0 112 1 0 0 0 0 221219 163946.434
7.0096 -1.1723 0.0000 0.00 0.00 1.00 0 0 0 112 1 0 0 0 0 221219 163946.634
7.0393 -1.1820 0.0000 0.00 0.00 1.00 0 0 0 112 1 0 0 0 0 221219 163946.834
7.0699 -1.1913 0.0000 0.00 0.00 1.00 0 0 0 112 1 0 0 0 0 221219 163947.034
7.1039 -1.2019 0.0000 0.00 0.00 1.00 0 0 0 112 1 0 0 0 0 221219 163947.235
7.1355 -1.2113 0.0000 0.00 0.00 1.00 0 0 0 112 1 0 0 0 0 221219 163947.435
7.1670 -1.2219 0.0000 0.00 0.00 1.00 0 0 0 112 1 0 0 0 0 221219 163947.635
7.2072 -1.2342 0.0000 0.00 0.00 1.00 0 0 0 112 1 0 0 0 0 221219 163947.835
7.2311 -1.2421 0.0000 0.00 0.00 1.00 0 0 0 112 1 0 0 0 0 221219 163948.035
7.2626 -1.2532 0.0000 0.00 0.00 1.00 0 0 0 112 1 0 0 0 0 221219 163948.235
7.2869 -1.2596 0.0000 0.00 0.00 1.00 0 0 0 112 1 0 0 0 0 221219 163948.435
7.3206 -1.2714 0.0000 0.00 0.00 1.00 0 0 0 112 1 0 0 0 0 221219 163948.636
7.3602 -1.2846 0.0000 0.00 0.00 1.00 0 0 0 112 1 0 0 0 0 221219 163948.836
7.3931 -1.2952 0.0000 0.00 0.00 1.00 0 0 0 112 1 0 0 0 0 221219 163949.036
7.4267 -1.3065 0.0000 0.00 0.00 1.00 0 0 0 112 1 0 0 0 0 221219 163949.236
7.4579 -1.3149 0.0000 0.00 0.00 1.00 0 0 0 112 1 0 0 0 0 221219 163949.436
7.4996 -1.3298 0.0000 0.00 0.00 1.00 0 0 0 112 1 0 0 0 0 221219 163949.636
7.5312 -1.3397 0.0000 0.00 0.00 1.00 0 0 0 112 1 0 0 0 0 221219 163949.836
7.5566 -1.3493 0.0000 0.00 0.00 1.00 0 0 0 112 1 0 0 0 0 221219 163950.037
7.5903 -1.3612 0.0000 0.00 0.00 1.00 0 0 0 112 1 0 0 0 0 221219 163950.237
7.6307 -1.3731 0.0000 0.00 0.00 1.00 0 0 0 112 1 0 0 0 0 221219 163950.437
7.6630 -1.3830 0.0000 0.00 0.00 1.00 0 0 0 112 1 0 0 0 0 221219 163950.637
7.6974 -1.3946 0.0000 0.00 0.00 1.00 0 0 0 112 1 0 0 0 0 221219 163950.837
7.7287 -1.4052 0.0000 0.00 0.00 1.00 0 0 0 112 1 0 0 0 0 221219 163951.037
7.7599 -1.4156 0.0000 0.00 0.00 1.00 0 0 0 112 1 0 0 0 0 221219 163951.237
7.7932 -1.4254 0.0000 0.00 0.00 1.00 0 0 0 112 1 0 0 0 0 221219 163951.437
7.8262 -1.4355 0.0000 0.00 0.00 1.00 0 0 0 112 1 0 0 0 0 221219 163951.638
7.8602 -1.4466 0.0000 0.00 0.00 1.00 0 0 0 112 1 0 0 0 0 221219 163951.838
7.8821 -1.4533 0.0000 0.00 0.00 1.00 0 0 0 112 1 0 0 0 0 221219 163952.038
7.9210 -1.4660 0.0000 0.00 0.00 1.00 0 0 0 112 1 0 0 0 0 221219 163952.238
7.9566 -1.4756 0.0000 0.00 0.00 1.00 0 0 0 112 1 0 0 0 0 221219 163952.438
7.9934 -1.4878 0.0000 0.00 0.00 1.00 0 0 0 112 1 0 0 0 0 221219 163952.638
8.0239 -1.4974 0.0000 0.00 0.00 1.00 0 0 0 112 1 0 0 0 0 221219 163952.838
8.0540 -1.5065 0.0000 0.00 0.00 1.00 0 0 0 112 1 0 0 0 0 221219 163953.039
8.0796 -1.5142 0.0000 0.00 0.00 1.00 0 0 0 112 1 0 0 0 0 221219 163953.239
8.1117 -1.5251 0.0000 0.00 0.00 1.00 0 0 0 112 1 0 0 0 0 221219 163953.439
8.1534 -1.5383 0.0000 0.00 0.00 1.00 0 0 0 112 1 0 0 0 0 221219 163953.639
8.1777 -1.5458 0.0000 0.00 0.00 1.00 0 0 0 112 1 0 0 0 0 221219 163953.839
8.2090 -1.5557 0.0000 0.00 0.00 1.00 0 0 0 112 1 0 0 0 0 221219 163954.039
8.2390 -1.5663 0.0000 0.00 0.00 1.00 0 0 0 112 1 0 0 0 0 221219 163954.239
8.2748 -1.5767 0.0000 0.00 0.00 1.00 0 0 0 112 1 0 0 0 0 221219 163954.440
8.3093 -1.5890 0.0000 0.00 0.00 1.00 0 0 0 112 1 0 0 0 0 221219 163954.640
8.3434 -1.5993 0.0000 0.00 0.00 1.00 0 0 0 112 1 0 0 0 0 221219 163954.840
8.3627 -1.6059 0.0000 0.00 0.00 1.00 0 0 0 112 1 0 0 0 0 221219 163955.040
8.4065 -1.6200 0.0000 0.00 0.00 1.00 0 188 246 112 1 0 0 0 0 221219 163955.240
8.4391 -1.6304 0.0000 0.00 0.00 1.00 0 156 248 112 1 0 0 0 0 221219 163955.440
8.4699 -1.6403 0.0000 0.00 0.00 1.00 0 61 242 112 1 0 0 0 0 221219 163955.641
8.4913 -1.6468 0.0000 0.00 0.00 1.00 0 162 244 112 1 0 0 0 0 221219 163955.841
8.5301 -1.6597 0.0000 0.00 0.00 1.00 0 37 241 112 1 0 0 0 0 221219 163956.041
8.5594 -1.6684 0.0000 0.00 0.00 1.00 0 209 243 112 1 0 0 0 0 221219 163956.241
8.5896 -1.6782 0.0000 0.00 0.00 1.00 0 1 243 112 1 0 0 0 0 221219 163956.441
8.6200 -1.6889 0.0000 0.00 0.00 1.00 0 49 242 112 1 0 0 0 0 221219 163956.641
8.6552 -1.6989 0.0000 0.00 0.00 1.00 0 32 238 112 1 0 0 0 0 221219 163956.841
8.6823 -1.7062 0.0000 0.00 0.00 1.00 0 180 243 112 1 0 0 0 0 221219 163957.042
8.7102 -1.7127 0.0000 0.00 0.00 1.00 0 35 242 112 1 0 0 0 0 221219 163957.242
8.7497 -1.7230 0.0000 0.00 0.00 1.00 0 147 239 112 1 0 0 0 0 221219 163957.442
8.7737 -1.7302 0.0000 0.00 0.00 1.00 0 93 237 112 1 0 0 0 0 221219 163957.642
8.8106 -1.7388 0.0000 0.00 0.00 1.00 0 225 236 112 1 0 0 0 0 221219 163957.842
8.8388 -1.7463 0.0000 0.00 0.00 1.00 0 164 242 112 1 0 0 0 0 221219 163958.042
8.8668 -1.7530 0.0000 0.00 0.00 1.00 0 247 241 112 1 0 0 0 0 221219 163958.243
8.8942 -1.7626 0.0000 0.00 0.00 1.00 0 60 236 112 1 0 0 0 0 221219 163958.443
8.9235 -1.7687 0.0000 0.00 0.00 1.00 0 223 235 112 1 0 0 0 0 221219 163958.643
8.9525 -1.7766 0.0000 0.00 0.00 1.00 0 129 234 112 1 0 0 0 0 221219 163958.843
8.9795 -1.7816 0.0000 0.00 0.00 1.00 0 224 239 112 1 0 0 0 0 221219 163959.043
9.0095 -1.7878 0.0000 0.00 0.00 1.00 0 252 238 112 1 0 0 0 0 221219 163959.243
9.0418 -1.7959 0.0000 0.00 0.00 1.00 0 174 233 112 1 0 0 0 0 221219 163959.443
9.0712 -1.7970 0.0000 0.00 0.00 1.00 0 146 228 112 1 0 0 0 0 221219 163959.644
9.0906 -1.8008 0.0000 0.00 0.00 1.00 0 15 239 112 1 0 0 0 0 221219 163959.844
9.1179 -1.8062 0.0000 0.00 0.00 1.00 0 12 239 112 1 0 0 0 0 221219 164000.044
9.1446 -1.8074 0.0000 0.00 0.00 1.00 0 64 237 112 1 0 0 0 0 221219 164000.244
9.1774 -1.8151 0.0000 0.00 0.00 1.00 0 22 227 112 1 0 0 0 0 221219 164000.444
9.2095 -1.8227 0.0000 0.00 0.00 1.00 0 207 230 112 1 0 0 0 0 221219 164000.644
9.2378 -1.8275 0.0000 0.00 0.00 1.00 0 12 227 112 1 0 0 0 0 221219 164000.844
9.2630 -1.8315 0.0000 0.00 0.00 1.00 0 217 231 112 1 0 0 0 0 221219 164001.045
9.2862 -1.8366 0.0000 0.00 0.00 1.00 0 130 232 112 1 0 0 0 0 221219 164001.245
9.3232 -1.8440 0.0000 0.00 0.00 1.00 0 55 219 112 1 0 0 0 0 221219 164001.445
9.3519 -1.8487 0.0000 0.00 0.00 1.00 0 224 229 112 1 0 0 0 0 221219 164001.645
9.3747 -1.8503 0.0000 0.00 0.00 1.00 0 172 226 112 1 0 0 0 0 221219 164001.845
9.4079 -1.8527 0.0000 0.00 0.00 1.00 0 195 231 112 1 0 0 0 0 221219 164002.045
9.4290 -1.8550 0.0000 0.00 0.00 1.00 0 216 225 112 1 0 0 0 0 221219 164002.245
9.4569 -1.8552 0.0000 0.00 0.00 1.00 0 196 229 112 1 0 0 0 0 221219 164002.446
9.4843 -1.8558 0.0000 0.00 0.00 1.00 0 46 229 112 1 0 0 0 0 221219 164002.646
9.5122 -1.8575 0.0000 0.00 0.00 1.00 0 57 230 112 1 0 0 0 0 221219 164002.846
9.5457 -1.8583 0.0000 0.00 0.00 1.00 0 146 221 112 1 0 0 0 0 221219 164003.046
9.5655 -1.8581 0.0000 0.00 0.00 1.00 0 197 228 112 1 0 0 0 0 221219 164003.246
9.5903 -1.8557 0.0000 0.00 0.00 1.00 0 224 233 112 1 0 0 0 0 221219 164003.446
9.6245 -1.8590 0.0000 0.00 0.00 1.00 0 23 223 112 1 0 0 0 0 221219 164003.647
9.6426 -1.8601 0.0000 0.00 0.00 1.00 0 163 219 112 1 0 0 0 0 221219 164003.847
9.6712 -1.8624 0.0000 0.00 0.00 1.00 0 243 221 112 1 0 0 0 0 221219 164004.047
9.6982 -1.8576 0.0000 0.00 0.00 1.00 0 9 227 112 1 0 0 0 0 221219 164004.247
9.7173 -1.8566 0.0000 0.00 0.00 1.00 0 49 223 112 1 0 0 0 0 221219 164004.447
9.7400 -1.8540 0.0000 0.00 0.00 1.00 0 105 222 112 1 0 0 0 0 221219 164004.647
9.7693 -1.8513 0.0000 0.00 0.00 1.00 0 78 225 112 1 0 0 0 0 221219 164004.847
9.8042 -1.8482 0.0000 0.00 0.00 1.00 0 47 230 112 1 0 0 0 0 221219 164005.048
9.8212 -1.8457 0.0000 0.00 0.00 1.00 0 9 226 112 1 0 0 0 0 221219 164005.248
9.8507 -1.8430 0.0000 0.00 0.00 1.00 0 191 224 112 1 0 0 0 0 221219 164005.448
9.8851 -1.8362 0.0000 0.00 0.00 1.00 0 197 224 112 1 0 0 0 0 221219 164005.648
9.9022 -1.8344 0.0000 0.00 0.00 1.00 0 84 222 112 1 0 0 0 0 221219 164005.848
9.9259 -1.8312 0.0000 0.00 0.00 1.00 0 236 225 112 1 0 0 0 0 221219 164006.048
9.9545 -1.8257 0.0000 0.00 0.00 1.00 0 47 226 112 1 0 0 0 0 221219 164006.248
9.9708 -1.8242 0.0000 0.00 0.00 1.00 0 237 222 112 1 0 0 0 0 221219 164006.449
9.9965 -1.8195 0.0000 0.00 0.00 1.00 0 103 220 112 1 0 0 0 0 221219 164006.649
10.0136 -1.8162 0.0000 0.00 0.00 1.00 0 142 226 112 1 0 0 0 0 221219 164006.849
10.0428 -1.8103 0.0000 0.00 0.00 1.00 0 232 224 112 1 0 0 0 0 221219 164007.049
10.0636 -1.8027 0.0000 0.00 0.00 1.00 0 189 226 112 1 0 0 0 0 221219 164007.249
10.0936 -1.7957 0.0000 0.00 0.00 1.00 0 31 225 112 1 0 0 0 0 221219 164007.449
10.1121 -1.7905 0.0000 0.00 0.00 1.00 0 6 220 112 1 0 0 0 0 221219 164007.650
10.1446 -1.7834 0.0000 0.00 0.00 1.00 0 233 224 112 1 0 0 0 0 221219 164007.850
10.1630 -1.7760 0.0000 0.00 0.00 1.00 0 102 220 112 1 0 0 0 0 221219 164008.050
10.1864 -1.7697 0.0000 0.00 0.00 1.00 0 78 227 112 1 0 0 0 0 221219 164008.250
10.2117 -1.7609 0.0000 0.00 0.00 1.00 0 23 233 112 1 0 0 0 0 221219 164008.450
10.2449 -1.7523 0.0000 0.00 0.00 1.00 0 234 220 112 1 0 0 0 0 221219 164008.650
10.2638 -1.7452 0.0000 0.00 0.00 1.00 0 12 223 112 1 0 0 0 0 221219 164008.850
10.2933 -1.7366 0.0000 0.00 0.00 1.00 0 8 216 112 1 0 0 0 0 221219 164009.051
10.3262 -1.7217 0.0000 0.00 0.00 1.00 0 104 222 112 1 0 0 0 0 221219 164009.251
10.3497 -1.7135 0.0000 0.00 0.00 1.00 0 244 224 112 1 0 0 0 0 221219 164009.451
10.3736 -1.7051 0.0000 0.00 0.00 1.00 0 90 213 112 1 0 0 0 0 221219 164009.651
10.3999 -1.6941 0.0000 0.00 0.00 1.00 0 85 222 112 1 0 0 0 0 221219 164009.851
10.4232 -1.6855 0.0000 0.00 0.00 1.00 0 220 222 112 1 0 0 0 0 221219 164010.051
10.4468 -1.6726 0.0000 0.00 0.00 1.00 0 152 224 112 1 0 0 0 0 221219 164010.251
10.4724 -1.6618 0.0000 0.00 0.00 1.00 0 170 218 112 1 0 0 0 0 221219 164010.452
10.4955 -1.6499 0.0000 0.00 0.00 1.00 0 238 219 112 1 0 0 0 0 221219 164010.652
10.5205 -1.6351 0.0000 0.00 0.00 1.00 0 221 223 112 1 0 0 0 0 221219 164010.852
10.5468 -1.6245 0.0000 0.00 0.00 1.00 0 124 220 112 1 0 0 0 0 221219 164011.052
10.5695 -1.6117 0.0000 0.00 0.00 1.00 0 249 225 112 1 0 0 0 0 221219 164011.252
10.5942 -1.5989 0.0000 0.00 0.00 1.00 0 65 215 112 1 0 0 0 0 221219 164011.452
10.6182 -1.5827 0.0000 0.00 0.00 1.00 0 167 220 112 1 0 0 0 0 221219 164011.653
10.6414 -1.5690 0.0000 0.00 0.00 1.00 0 196 221 112 1 0 0 0 0 221219 164011.853
10.6670 -1.5515 0.0000 0.00 0.00 1.00 0 198 223 112 1 0 0 0 0 221219 164012.053
10.6914 -1.5370 0.0000 0.00 0.00 1.00 0 255 214 112 1 0 0 0 0 221219 164012.253
10.7150 -1.5215 0.0000 0.00 0.00 1.00 0 204 218 112 1 0 0 0 0 221219 164012.453
10.7401 -1.5057 0.0000 0.00 0.00 1.00 0 118 213 112 1 0 0 0 0 221219 164012.653
10.7604 -1.4887 0.0000 0.00 0.00 1.00 0 81 216 112 1 0 0 0 0 221219 164012.854
10.7822 -1.4745 0.0000 0.00 0.00 1.00 0 190 217 112 1 0 0 0 0 221219 164013.054
10.8044 -1.4587 0.0000 0.00 0.00 1.00 0 71 220 112 1 0 0 0 0 221219 164013.254
10.8253 -1.4406 0.0000 0.00 0.00 1.00 0 54 217 112 1 0 0 0 0 221219 164013.454
10.8449 -1.4241 0.0000 0.00 0.00 1.00 0 22 224 112 1 0 0 0 0 221219 164013.654
10.8644 -1.4058 0.0000 0.00 0.00 1.00 0 140 222 112 1 0 0 0 0 221219 164013.854
10.8823 -1.3880 0.0000 0.00 0.00 1.00 0 44 218 112 1 0 0 0 0 221219 164014.055
10.9012 -1.3691 0.0000 0.00 0.00 1.00 0 141 223 112 1 0 0 0 0 221219 164014.255
10.9195 -1.3516 0.0000 0.00 0.00 1.00 0 244 224 112 1 0 0 0 0 221219 164014.455
10.9429 -1.3327 0.0000 0.00 0.00 1.00 0 172 218 112 1 0 0 0 0 221219 164014.655
10.9640 -1.3113 0.0000 0.00 0.00 1.00 0 141 220 112 1 0 0 0 0 221219 164014.855
10.9822 -1.2917 0.0000 0.00 0.00 1.00 0 35 222 112 1 0 0 0 0 221219 164015.055
11.0035 -1.2714 0.0000 0.00 0.00 1.00 0 171 215 112 1 0 0 0 0 221219 164015.256
11.0191 -1.2510 0.0000 0.00 0.00 1.00 0 71 225 112 1 0 0 0 0 221219 164015.456
11.0340 -1.2317 0.0000 0.00 0.00 1.00 0 205 227 112 1 0 0 0 0 221219 164015.656
11.0502 -1.2109 0.0000 0.00 0.00 1.00 0 193 232 112 1 0 0 0 0 221219 164015.856
11.0674 -1.1888 0.0000 0.00 0.00 1.00 0 238 223 112 1 0 0 0 0 221219 164016.056
11.0878 -1.1655 0.0000 0.00 0.00 1.00 0 91 223 112 1 0 0 0 0 221219 164016.256
11.1093 -1.1430 0.0000 0.00 0.00 1.00 0 62 222 112 1 0 0 0 0 221219 164016.456
11.1275 -1.1231 0.0000 0.00 0.00 1.00 0 114 222 112 1 0 0 0 0 221219 164016.657
11.1377 -1.1034 0.0000 0.00 0.00 1.00 0 220 224 112 1 0 0 0 0 221219 164016.857
11.1532 -1.0830 0.0000 0.00 0.00 1.00 0 186 220 112 1 0 0 0 0 221219 164017.057
11.1736 -1.0617 0.0000 0.00 0.00 1.00 0 197 221 112 1 0 0 0 0 221219 164017.257
11.1853 -1.0413 0.0000 0.00 0.00 1.00 0 197 222 112 1 0 0 0 0 221219 164017.457
11.2027 -1.0202 0.0000 0.00 0.00 1.00 0 10 224 112 1 0 0 0 0 221219 164017.657
11.2139 -1.0010 0.0000 0.00 0.00 1.00 0 160 224 112 1 0 0 0 0 221219 164017.858
11.2249 -0.9805 0.0000 0.00 0.00 1.00 0 102 227 112 1 0 0 0 0 221219 164018.058
11.2364 -0.9608 0.0000 0.00 0.00 1.00 0 68 225 112 1 0 0 0 0 221219 164018.258
11.2471 -0.9413 0.0000 0.00 0.00 1.00 0 13 224 112 1 0 0 0 0 221219 164018.458
11.2610 -0.9214 0.0000 0.00 0.00 1.00 0 95 225 112 1 0 0 0 0 221219 164018.658
11.2747 -0.9041 0.0000 0.00 0.00 1.00 0 216 226 112 1 0 0 0 0 221219 164018.858
11.2868 -0.8794 0.0000 0.00 0.00 1.00 0 169 228 112 1 0 0 0 0 221219 164019.059
11.3071 -0.8519 0.0000 0.00 0.00 1.00 0 3 226 112 1 0 0 0 0 221219 164019.259
11.3249 -0.8191 0.0000 0.00 0.00 1.00 0 105 226 112 1 0 0 0 0 221219 164019.459
11.3314 -0.8049 0.0000 0.00 0.00 1.00 0 52 224 112 1 0 0 0 0 221219 164019.659
11.3472 -0.7806 0.0000 0.00 0.00 1.00 0 123 226 112 1 0 0 0 0 221219 164019.859
11.3603 -0.7569 0.0000 0.00 0.00 1.00 0 13 224 112 1 0 0 0 0 221219 164020.059
11.3703 -0.7317 0.0000 0.00 0.00 1.00 0 88 225 112 1 0 0 0 0 221219 164020.259
11.3861 -0.7053 0.0000 0.00 0.00 1.00 0 94 223 112 1 0 0 0 0 221219 164020.460
11.3978 -0.6800 0.0000 0.00 0.00 1.00 0 240 230 112 1 0 0 0 0 221219 164020.660
11.4164 -0.6516 0.0000 0.00 0.00 1.00 0 71 223 112 1 0 0 0 0 221219 164020.860
11.4342 -0.6267 0.0000 0.00 0.00 1.00 0 119 208 112 1 0 0 0 0 221219 164021.060
11.4449 -0.6051 0.0000 0.00 0.00 1.00 0 139 217 112 1 0 0 0 0 221219 164021.260
11.4506 -0.5803 0.0000 0.00 0.00 1.00 0 107 225 112 1 0 0 0 0 221219 164021.460
11.4590 -0.5592 0.0000 0.00 0.00 1.00 0 253 223 112 1 0 0 0 0 221219 164021.660
11.4678 -0.5420 0.0000 0.00 0.00 1.00 0 209 224 112 1 0 0 0 0 221219 164021.861
11.4827 -0.5164 0.0000 0.00 0.00 1.00 0 116 220 112 1 0 0 0 0 221219 164022.061
11.4995 -0.4928 0.0000 0.00 0.00 1.00 0 250 216 112 1 0 0 0 0 221219 164022.261
11.5073 -0.4706 0.0000 0.00 0.00 1.00 0 163 222 112 1 0 0 0 0 221219 164022.461
11.5167 -0.4467 0.0000 0.00 0.00 1.00 0 205 229 112 1 0 0 0 0 221219 164022.661
11.5259 -0.4274 0.0000 0.00 0.00 1.00 0 24 225 112 1 0 0 0 0 221219 164022.861
11.5301 -0.4013 0.0000 0.00 0.00 1.00 0 52 230 112 1 0 0 0 0 221219 164023.061
11.5391 -0.3750 0.0000 0.00 0.00 1.00 0 32 233 112 1 0 0 0 0 221219 164023.262
11.5534 -0.3501 0.0000 0.00 0.00 1.00 0 192 221 112 1 0 0 0 0 221219 164023.462
11.5580 -0.3219 0.0000 0.00 0.00 1.00 0 166 238 112 1 0 0 0 0 221219 164023.662
11.5636 -0.2977 0.0000 0.00 0.00 1.00 0 210 223 112 1 0 0 0 0 221219 164023.862
11.5657 -0.2729 0.0000 0.00 0.00 1.00 0 219 224 112 1 0 0 0 0 221219 164024.062
11.5684 -0.2459 0.0000 0.00 0.00 1.00 0 160 234 112 1 0 0 0 0 221219 164024.262
11.5834 -0.2195 0.0000 0.00 0.00 1.00 0 20 219 112 1 0 0 0 0 221219 164024.463
11.5912 -0.1919 0.0000 0.00 0.00 1.00 0 208 221 112 1 0 0 0 0 221219 164024.663
11.6040 -0.1645 0.0000 0.00 0.00 1.00 0 186 218 112 1 0 0 0 0 221219 164024.863
11.6152 -0.1392 0.0000 0.00 0.00 1.00 0 206 220 112 1 0 0 0 0 221219 164025.063
11.6315 -0.1137 0.0000 0.00 0.00 1.00 0 105 210 112 1 0 0 0 0 221219 164025.263
11.6395 -0.0914 0.0000 0.00 0.00 1.00 0 120 216 112 1 0 0 0 0 221219 164025.463
11.6487 -0.0649 0.0000 0.00 0.00 1.00 0 253 218 112 1 0 0 0 0 221219 164025.663
11.6540 -0.0437 0.0000 0.00 0.00 1.00 0 68 224 112 1 0 0 0 0 221219 164025.864
11.6614 -0.0173 0.0000 0.00 0.00 1.00 0 66 219 112 1 0 0 0 0 221219 164026.064
11.6711 0.0153 0.0000 0.00 0.00 1.00 0 149 210 112 1 0 0 0 0 221219 164026.264
11.6727 0.0441 0.0000 0.00 0.00 1.00 0 198 216 112 1 0 0 0 0 221219 164026.464
11.6762 0.0701 0.0000 0.00 0.00 1.00 0 10 214 112 1 0 0 0 0 221219 164026.664
11.6789 0.0947 0.0000 0.00 0.00 1.00 0 89 216 112 1 0 0 0 0 221219 164026.864
11.6851 0.1162 0.0000 0.00 0.00 1.00 0 164 219 112 1 0 0 0 0 221219 164027.064
11.6862 0.1396 0.0000 0.00 0.00 1.00 0 236 213 112 1 0 0 0 0 221219 164027.265
11.6857 0.1600 0.0000 0.00 0.00 1.00 0 47 220 112 1 0 0 0 0 221219 164027.465
11.6880 0.1886 0.0000 0.00 0.00 1.00 0 180 216 112 1 0 0 0 0 221219 164027.665
11.6919 0.2173 0.0000 0.00 0.00 1.00 0 35 216 112 1 0 0 0 0 221219 164027.865
11.6933 0.2338 0.0000 0.00 0.00 1.00 0 46 213 112 1 0 0 0 0 221219 164028.065
11.6919 0.2549 0.0000 0.00 0.00 1.00 0 125 217 112 1 0 0 0 0 221219 164028.265
11.6902 0.2668 0.0000 0.00 0.00 1.00 0 153 218 112 1 0 0 0 0 221219 164028.466
11.6895 0.2869 0.0000 0.00 0.00 1.00 0 214 212 112 1 0 0 0 0 221219 164028.666
11.6879 0.3140 0.0000 0.00 0.00 1.00 0 121 210 112 1 0 0 0 0 221219 164028.866
11.6821 0.3433 0.0000 0.00 0.00 1.00 0 78 217 112 1 0 0 0 0 221219 164029.066
11.6784 0.3657 0.0000 0.00 0.00 1.00 0 75 221 112 1 0 0 0 0 221219 164029.266
11.6759 0.3871 0.0000 0.00 0.00 1.00 0 152 213 112 1 0 0 0 0 221219 164029.466
11.6738 0.4028 0.0000 0.00 0.00 1.00 0 220 217 112 1 0 0 0 0 221219 164029.666
11.6645 0.4332 0.0000 0.00 0.00 1.00 0 3 218 112 1 0 0 0 0 221219 164029.867
11.6600 0.4606 0.0000 0.00 0.00 1.00 0 200 209 112 1 0 0 0 0 221219 164030.067
11.6555 0.4855 0.0000 0.00 0.00 1.00 0 142 214 112 1 0 0 0 0 221219 164030.267
11.6481 0.5110 0.0000 0.00 0.00 1.00 0 101 216 112 1 0 0 0 0 221219 164030.467
11.6429 0.5361 0.0000 0.00 0.00 1.00 0 162 216 112 1 0 0 0 0 221219 164030.667
11.6303 0.5649 0.0000 0.00 0.00 1.00 0 217 228 112 1 0 0 0 0 221219 164030.867
11.6234 0.5886 0.0000 0.00 0.00 1.00 0 128 216 112 1 0 0 0 0 221219 164031.067
11.6158 0.6113 0.0000 0.00 0.00 1.00 0 95 215 112 1 0 0 0 0 221219 164031.268
11.6061 0.6368 0.0000 0.00 0.00 1.00 0 230 223 112 1 0 0 0 0 221219 164031.468
11.5963 0.6634 0.0000 0.00 0.00 1.00 0 128 222 112 1 0 0 0 0 221219 164031.668
11.5850 0.6917 0.0000 0.00 0.00 1.00 0 7 216 112 1 0 0 0 0 221219 164031.868
11.5762 0.7181 0.0000 0.00 0.00 1.00 0 183 221 112 1 0 0 0 0 221219 164032.068
11.5668 0.7456 0.0000 0.00 0.00 1.00 0 209 215 112 1 0 0 0 0 221219 164032.268
11.5553 0.7714 0.0000 0.00 0.00 1.00 0 138 216 112 1 0 0 0 0 221219 164032.468
11.5418 0.7977 0.0000 0.00 0.00 1.00 0 164 223 112 1 0 0 0 0 221219 164032.669
11.5309 0.8229 0.0000 0.00 0.00 1.00 0 181 218 112 1 0 0 0 0 221219 164032.869
11.5229 0.8408 0.0000 0.00 0.00 1.00 0 163 219 112 1 0 0 0 0 221219 164033.069
11.5044 0.8726 0.0000 0.00 0.00 1.00 0 136 227 112 1 0 0 0 0 221219 164033.269
11.4893 0.8976 0.0000 0.00 0.00 1.00 0 237 223 112 1 0 0 0 0 221219 164033.469
11.4743 0.9262 0.0000 0.00 0.00 1.00 0 156 225 112 1 0 0 0 0 221219 164033.669
11.4628 0.9545 0.0000 0.00 0.00 1.00 0 120 222 112 1 0 0 0 0 221219 164033.869
11.4452 0.9771 0.0000 0.00 0.00 1.00 0 60 234 112 1 0 0 0 0 221219 164034.070
11.4301 1.0004 0.0000 0.00 0.00 1.00 0 12 231 112 1 0 0 0 0 221219 164034.270
11.4161 1.0260 0.0000 0.00 0.00 1.00 0 0 0 127 0 0 0 0 0 221219 164034.470
11.3988 1.0552 0.0000 0.00 0.00 1.00 0 0 0 127 0 0 0 0 0 221219 164034.670
11.3887 1.0747 0.0000 0.00 0.00 1.00 0 0 0 127 0 0 0 0 0 221219 164034.870
11.3889 1.0739 0.0000 0.00 0.00 1.00 0 0 0 127 0 0 0 0 0 221219 164035.070
11.3885 1.0748 0.0000 0.00 0.00 1.00 0 0 0 127 0 0 0 0 0 221219 164035.271
11.3872 1.0761 0.0000 0.00 0.00 1.00 0 0 0 127 0 0 0 0 0 221219 164035.471
11.3865 1.0789 0.0000 0.00 0.00 1.00 0 0 0 127 0 0 0 0 0 221219 164035.671
11.3860 1.0818 0.0000 0.00 0.00 1.00 0 0 0 127 0 0 0 0 0 221219 164035.871
11.3846 1.0829 0.0000 0.00 0.00 1.00 0 0 0 127 0 0 0 0 0 221219 164036.071
11.3839 1.0848 0.0000 0.00 0.00 1.00 0 0 222 112 1 0 0 0 0 221219 164036.271
11.3830 1.0862 0.0000 0.00 0.00 1.00 0 30 224 112 1 0 0 0 0 221219 164036.471
11.3795 1.0907 0.0000 0.00 0.00 1.00 0 193 224 112 1 0 0 0 0 221219 164036.672
11.3700 1.1077 0.0000 0.00 0.00 1.00 0 228 226 112 1 0 0 0 0 221219 164036.872
11.3494 1.1388 0.0000 0.00 0.00 1.00 0 121 228 112 1 0 0 0 0 221219 164037.072
11.3259 1.1709 0.0000 0.00 0.00 1.00 0 117 230 112 1 0 0 0 0 221219 164037.272
11.3096 1.1948 0.0000 0.00 0.00 1.00 0 69 229 112 1 0 0 0 0 221219 164037.472
11.2919 1.2182 0.0000 0.00 0.00 1.00 0 123 228 112 1 0 0 0 0 221219 164037.672
11.2745 1.2454 0.0000 0.00 0.00 1.00 0 106 229 112 1 0 0 0 0 221219 164037.873
11.2569 1.2700 0.0000 0.00 0.00 1.00 0 247 226 112 1 0 0 0 0 221219 164038.073
11.2396 1.2936 0.0000 0.00 0.00 1.00 0 158 227 112 1 0 0 0 0 221219 164038.273
11.2157 1.3205 0.0000 0.00 0.00 1.00 0 255 223 112 1 0 0 0 0 221219 164038.473
11.2012 1.3367 0.0000 0.00 0.00 1.00 0 162 231 112 1 0 0 0 0 221219 164038.673
11.1845 1.3585 0.0000 0.00 0.00 1.00 0 242 236 112 1 0 0 0 0 221219 164038.873
11.1659 1.3778 0.0000 0.00 0.00 1.00 0 243 232 112 1 0 0 0 0 221219 164039.073
11.1464 1.3978 0.0000 0.00 0.00 1.00 0 162 236 112 1 0 0 0 0 221219 164039.273
11.1255 1.4252 0.0000 0.00 0.00 1.00 0 193 228 112 1 0 0 0 0 221219 164039.474
11.1030 1.4482 0.0000 0.00 0.00 1.00 0 242 236 112 1 0 0 0 0 221219 164039.674
11.0814 1.4720 0.0000 0.00 0.00 1.00 0 154 232 112 1 0 0 0 0 221219 164039.874
11.0615 1.4938 0.0000 0.00 0.00 1.00 0 31 229 112 1 0 0 0 0 221219 164040.074
11.0408 1.5156 0.0000 0.00 0.00 1.00 0 107 233 112 1 0 0 0 0 221219 164040.274
11.0198 1.5363 0.0000 0.00 0.00 1.00 0 136 232 112 1 0 0 0 0 221219 164040.474
10.9992 1.5582 0.0000 0.00 0.00 1.00 0 133 236 112 1 0 0 0 0 221219 164040.674
10.9769 1.5773 0.0000 0.00 0.00 1.00 0 216 234 112 1 0 0 0 0 221219 164040.874
10.9601 1.5927 0.0000 0.00 0.00 1.00 0 75 236 112 1 0 0 0 0 221219 164041.075
10.9326 1.6183 0.0000 0.00 0.00 1.00 0 232 232 112 1 0 0 0 0 221219 164041.275
10.9134 1.6384 0.0000 0.00 0.00 1.00 0 207 234 112 1 0 0 0 0 221219 164041.475
10.8900 1.6588 0.0000 0.00 0.00 1.00 0 132 238 112 1 0 0 0 0 221219 164041.675
10.8682 1.6785 0.0000 0.00 0.00 1.00 0 221 236 112 1 0 0 0 0 221219 164041.875
10.8489 1.6950 0.0000 0.00 0.00 1.00 0 182 237 112 1 0 0 0 0 221219 164042.075
10.8266 1.7155 0.0000 0.00 0.00 1.00 0 201 242 112 1 0 0 0 0 221219 164042.275
10.8039 1.7336 0.0000 0.00 0.00 1.00 0 132 236 112 1 0 0 0 0 221219 164042.476
10.7874 1.7473 0.0000 0.00 0.00 1.00 0 73 237 112 1 0 0 0 0 221219 164042.676
10.7592 1.7727 0.0000 0.00 0.00 1.00 0 151 236 112 1 0 0 0 0 221219 164042.876
10.7356 1.7895 0.0000 0.00 0.00 1.00 0 55 245 112 1 0 0 0 0 221219 164043.076
10.7134 1.8094 0.0000 0.00 0.00 1.00 0 207 240 112 1 0 0 0 0 221219 164043.276
10.6934 1.8268 0.0000 0.00 0.00 1.00 0 164 238 112 1 0 0 0 0 221219 164043.476
10.6702 1.8467 0.0000 0.00 0.00 1.00 0 106 242 112 1 0 0 0 0 221219 164043.676
10.6409 1.8708 0.0000 0.00 0.00 1.00 0 42 244 112 1 0 0 0 0 221219 164043.877
10.6304 1.8824 0.0000 0.00 0.00 1.00 0 70 236 112 1 0 0 0 0 221219 164044.077
10.6096 1.9005 0.0000 0.00 0.00 1.00 0 153 240 112 1 0 0 0 0 221219 164044.277
10.5865 1.9164 0.0000 0.00 0.00 1.00 0 50 241 112 1 0 0 0 0 221219 164044.477
10.5602 1.9348 0.0000 0.00 0.00 1.00 0 82 235 112 1 0 0 0 0 221219 164044.677
10.5362 1.9514 0.0000 0.00 0.00 1.00 0 145 240 112 1 0 0 0 0 221219 164044.877
10.5133 1.9666 0.0000 0.00 0.00 1.00 0 234 241 112 1 0 0 0 0 221219 164045.078
10.4861 1.9886 0.0000 0.00 0.00 1.00 0 5 236 112 1 0 0 0 0 221219 164045.278
10.4681 1.9998 0.0000 0.00 0.00 1.00 0 189 241 112 1 0 0 0 0 221219 164045.478
10.4429 2.0150 0.0000 0.00 0.00 1.00 0 49 240 112 1 0 0 0 0 221219 164045.678
10.4168 2.0316 0.0000 0.00 0.00 1.00 0 74 246 112 1 0 0 0 0 221219 164045.878
10.3919 2.0470 0.0000 0.00 0.00 1.00 0 81 242 112 1 0 0 0 0 221219 164046.078
10.3683 2.0642 0.0000 0.00 0.00 1.00 0 247 240 112 1 0 0 0 0 221219 164046.278
10.3406 2.0785 0.0000 0.00 0.00 1.00 0 4 240 112 1 0 0 0 0 221219 164046.479
10.3133 2.0963 0.0000 0.00 0.00 1.00 0 140 240 112 1 0 0 0 0 221219 164046.679
10.2944 2.1089 0.0000 0.00 0.00 1.00 0 250 235 112 1 0 0 0 0 221219 164046.879
10.2678 2.1240 0.0000 0.00 0.00 1.00 0 249 242 112 1 0 0 0 0 221219 164047.079
10.2421 2.1382 0.0000 0.00 0.00 1.00 0 252 242 112 1 0 0 0 0 221219 164047.279
10.2086 2.1574 0.0000 0.00 0.00 1.00 0 112 235 112 1 0 0 0 0 221219 164047.479
10.1896 2.1681 0.0000 0.00 0.00 1.00 0 100 245 112 1 0 0 0 0 221219 164047.679
10.1561 2.1866 0.0000 0.00 0.00 1.00 0 148 240 112 1 0 0 0 0 221219 164047.880
10.1313 2.2007 0.0000 0.00 0.00 1.00 0 104 240 112 1 0 0 0 0 221219 164048.080
10.1036 2.2144 0.0000 0.00 0.00 1.00 0 216 242 112 1 0 0 0 0 221219 164048.280
10.0750 2.2282 0.0000 0.00 0.00 1.00 0 169 242 112 1 0 0 0 0 221219 164048.480
10.0475 2.2419 0.0000 0.00 0.00 1.00 0 31 243 112 1 0 0 0 0 221219 164048.680
10.0222 2.2540 0.0000 0.00 0.00 1.00 0 222 237 112 1 0 0 0 0 221219 164048.881
9.9960 2.2685 0.0000 0.00 0.00 1.00 0 15 238 112 1 0 0 0 0 221219 164049.081
9.9700 2.2834 0.0000 0.00 0.00 1.00 0 143 234 112 1 0 0 0 0 221219 164049.281
9.9503 2.2928 0.0000 0.00 0.00 1.00 0 122 238 112 1 0 0 0 0 221219 164049.481
9.9230 2.3060 0.0000 0.00 0.00 1.00 0 32 237 112 1 0 0 0 0 221219 164049.681
9.8899 2.3201 0.0000 0.00 0.00 1.00 0 225 238 112 1 0 0 0 0 221219 164049.881
9.8659 2.3307 0.0000 0.00 0.00 1.00 0 69 244 112 1 0 0 0 0 221219 164050.081
9.8389 2.3419 0.0000 0.00 0.00 1.00 0 149 235 112 1 0 0 0 0 221219 164050.282
9.8205 2.3475 0.0000 0.00 0.00 1.00 0 163 238 112 1 0 0 0 0 221219 164050.482
9.7848 2.3643 0.0000 0.00 0.00 1.00 0 71 239 112 1 0 0 0 0 221219 164050.682
9.7576 2.3770 0.0000 0.00 0.00 1.00 0 11 241 112 1 0 0 0 0 221219 164050.882
9.7271 2.3878 0.0000 0.00 0.00 1.00 0 230 237 112 1 0 0 0 0 221219 164051.082
9.6982 2.3993 0.0000 0.00 0.00 1.00 0 40 241 112 1 0 0 0 0 221219 164051.282
9.6767 2.4077 0.0000 0.00 0.00 1.00 0 56 242 112 1 0 0 0 0 221219 164051.482
9.6429 2.4195 0.0000 0.00 0.00 1.00 0 83 240 112 1 0 0 0 0 221219 164051.683
9.6153 2.4313 0.0000 0.00 0.00 1.00 0 33 247 112 1 0 0 0 0 221219 164051.883
9.5862 2.4419 0.0000 0.00 0.00 1.00 0 175 240 112 1 0 0 0 0 221219 164052.083
9.5571 2.4505 0.0000 0.00 0.00 1.00 0 250 242 112 1 0 0 0 0 221219 164052.283
9.5361 2.4595 0.0000 0.00 0.00 1.00 0 130 236 112 1 0 0 0 0 221219 164052.483
9.5023 2.4713 0.0000 0.00 0.00 1.00 0 212 234 112 1 0 0 0 0 221219 164052.683
9.4784 2.4782 0.0000 0.00 0.00 1.00 0 117 245 112 1 0 0 0 0 221219 164052.883
9.4427 2.4919 0.0000 0.00 0.00 1.00 0 10 243 112 1 0 0 0 0 221219 164053.084
9.4169 2.5015 0.0000 0.00 0.00 1.00 0 3 237 112 1 0 0 0 0 221219 164053.284
9.3964 2.5085 0.0000 0.00 0.00 1.00 0 98 241 112 1 0 0 0 0 221219 164053.484
9.3613 2.5178 0.0000 0.00 0.00 1.00 0 94 241 112 1 0 0 0 0 221219 164053.684
9.3334 2.5270 0.0000 0.00 0.00 1.00 0 159 243 112 1 0 0 0 0 221219 164053.884
9.3045 2.5333 0.0000 0.00 0.00 1.00 0 226 243 112 1 0 0 0 0 221219 164054.084
9.2757 2.5438 0.0000 0.00 0.00 1.00 0 149 242 112 1 0 0 0 0 221219 164054.284
9.2558 2.5490 0.0000 0.00 0.00 1.00 0 105 244 112 1 0 0 0 0 221219 164054.485
9.2171 2.5592 0.0000 0.00 0.00 1.00 0 233 243 112 1 0 0 0 0 221219 164054.685
9.1895 2.5663 0.0000 0.00 0.00 1.00 0 16 245 112 1 0 0 0 0 221219 164054.885
9.1523 2.5759 0.0000 0.00 0.00 1.00 0 164 246 112 1 0 0 0 0 221219 164055.085
9.1312 2.5796 0.0000 0.00 0.00 1.00 0 115 244 112 1 0 0 0 0 221219 164055.285
9.1021 2.5865 0.0000 0.00 0.00 1.00 0 14 246 112 1 0 0 0 0 221219 164055.485
9.0704 2.5953 0.0000 0.00 0.00 1.00 0 144 240 112 1 0 0 0 0 221219 164055.685
9.0362 2.6029 0.0000 0.00 0.00 1.00 0 137 245 112 1 0 0 0 0 221219 164055.885
9.0050 2.6102 0.0000 0.00 0.00 1.00 0 12 248 112 1 0 0 0 0 221219 164056.086
8.9761 2.6177 0.0000 0.00 0.00 1.00 0 100 246 112 1 0 0 0 0 221219 164056.286
8.9460 2.6232 0.0000 0.00 0.00 1.00 0 173 246 112 1 0 0 0 0 221219 164056.486
8.9169 2.6288 0.0000 0.00 0.00 1.00 0 23 250 112 1 0 0 0 0 221219 164056.686
8.8751 2.6385 0.0000 0.00 0.00 1.00 0 164 251 112 1 0 0 0 0 221219 164056.886
8.8512 2.6444 0.0000 0.00 0.00 1.00 0 75 245 112 1 0 0 0 0 221219 164057.086
8.8123 2.6531 0.0000 0.00 0.00 1.00 0 69 248 112 1 0 0 0 0 221219 164057.286
8.7909 2.6566 0.0000 0.00 0.00 1.00 0 4 250 112 1 0 0 0 0 221219 164057.487
8.7715 2.6613 0.0000 0.00 0.00 1.00 0 106 246 112 1 0 0 0 0 221219 164057.687
8.7315 2.6680 0.0000 0.00 0.00 1.00 0 132 248 112 1 0 0 0 0 221219 164057.887
8.6965 2.6758 0.0000 0.00 0.00 1.00 0 92 248 112 1 0 0 0 0 221219 164058.087
8.6645 2.6802 0.0000 0.00 0.00 1.00 0 3 252 112 1 0 0 0 0 221219 164058.287
8.6338 2.6850 0.0000 0.00 0.00 1.00 0 234 247 112 1 0 0 0 0 221219 164058.487
8.6022 2.6915 0.0000 0.00 0.00 1.00 0 0 0 112 1 0 0 0 0 221219 164058.688
8.5694 2.6954 0.0000 0.00 0.00 1.00 0 0 0 112 1 0 0 0 0 221219 164058.888
8.5380 2.7013 0.0000 0.00 0.00 1.00 0 0 0 112 1 0 0 0 0 221219 164059.088
8.5058 2.7066 0.0000 0.00 0.00 1.00 0 0 0 112 1 0 0 0 0 221219 164059.288
8.4757 2.7098 0.0000 0.00 0.00 1.00 0 0 0 112 1 0 0 0 0 221219 164059.488
8.4412 2.7154 0.0000 0.00 0.00 1.00 0 0 0 112 1 0 0 0 0 221219 164059.688
8.4091 2.7193 0.0000 0.00 0.00 1.00 0 0 0 112 1 0 0 0 0 221219 164059.888
8.3706 2.7255 0.0000 0.00 0.00 1.00 0 0 0 112 1 0 0 0 0 221219 164100.088
8.3503 2.7277 0.0000 0.00 0.00 1.00 0 0 0 112 1 0 0 0 0 221219 164100.289
8.3101 2.7361 0.0000 0.00 0.00 1.00 0 0 0 112 1 0 0 0 0 221219 164100.489
8.2889 2.7380 0.0000 0.00 0.00 1.00 0 0 0 112 1 0 0 0 0 221219 164100.689
8.2486 2.7436 0.0000 0.00 0.00 1.00 0 0 0 112 1 0 0 0 0 221219 164100.889
8.2275 2.7479 0.0000 0.00 0.00 1.00 0 0 0 112 1 0 0 0 0 221219 164101.089
8.1990 2.7512 0.0000 0.00 0.00 1.00 0 0 0 112 1 0 0 0 0 221219 164101.290
8.1590 2.7553 0.0000 0.00 0.00 1.00 0 0 0 112 1 0 0 0 0 221219 164101.490
8.1368 2.7591 0.0000 0.00 0.00 1.00 0 0 0 112 1 0 0 0 0 221219 164101.690
8.0969 2.7648 0.0000 0.00 0.00 1.00 0 0 0 112 1 0 0 0 0 221219 164101.890
8.0731 2.7698 0.0000 0.00 0.00 1.00 0 0 0 112 1 0 0 0 0 221219 164102.090
8.0334 2.7774 0.0000 0.00 0.00 1.00 0 0 0 112 1 0 0 0 0 221219 164102.290
8.0086 2.7769 0.0000 0.00 0.00 1.00 0 0 0 112 1 0 0 0 0 221219 164102.490
7.9707 2.7843 0.0000 0.00 0.00 1.00 0 0 0 112 1 0 0 0 0 221219 164102.691
7.9481 2.7876 0.0000 0.00 0.00 1.00 0 0 0 112 1 0 0 0 0 221219 164102.891
7.9175 2.7914 0.0000 0.00 0.00 1.00 0 0 0 112 1 0 0 0 0 221219 164103.091
7.8840 2.7973 0.0000 0.00 0.00 1.00 0 8 242 112 1 0 0 0 0 221219 164103.291
7.8431 2.8015 0.0000 0.00 0.00 1.00 0 186 230 112 1 0 0 0 0 221219 164103.491
7.8203 2.8057 0.0000 0.00 0.00 1.00 0 40 241 112 1 0 0 0 0 221219 164103.691
7.7829 2.8141 0.0000 0.00 0.00 1.00 0 154 237 112 1 0 0 0 0 221219 164103.892
7.7613 2.8187 0.0000 0.00 0.00 1.00 0 181 238 112 1 0 0 0 0 221219 164104.092
7.7245 2.8249 0.0000 0.00 0.00 1.00 0 39 241 112 1 0 0 0 0 221219 164104.292
7.7052 2.8297 0.0000 0.00 0.00 1.00 0 146 237 112 1 0 0 0 0 221219 164104.492
7.6818 2.8320 0.0000 0.00 0.00 1.00 0 32 242 112 1 0 0 0 0 221219 164104.692
7.6562 2.8338 0.0000 0.00 0.00 1.00 0 2 244 112 1 0 0 0 0 221219 164104.892
7.6302 2.8403 0.0000 0.00 0.00 1.00 0 151 233 112 1 0 0 0 0 221219 164105.092
7.5930 2.8468 0.0000 0.00 0.00 1.00 0 210 228 112 1 0 0 0 0 221219 164105.292
7.5710 2.8526 0.0000 0.00 0.00 1.00 0 25 231 112 1 0 0 0 0 221219 164105.493
7.5459 2.8547 0.0000 0.00 0.00 1.00 0 249 232 112 1 0 0 0 0 221219 164105.693
7.5203 2.8542 0.0000 0.00 0.00 1.00 0 136 238 112 1 0 0 0 0 221219 164105.893
7.4954 2.8600 0.0000 0.00 0.00 1.00 0 148 214 112 1 0 0 0 0 221219 164106.093
7.4683 2.8600 0.0000 0.00 0.00 1.00 0 123 236 112 1 0 0 0 0 221219 164106.293
7.4322 2.8638 0.0000 0.00 0.00 1.00 0 220 232 112 1 0 0 0 0 221219 164106.493
7.4147 2.8640 0.0000 0.00 0.00 1.00 0 175 229 112 1 0 0 0 0 221219 164106.693
7.3798 2.8661 0.0000 0.00 0.00 1.00 0 0 229 112 1 0 0 0 0 221219 164106.894
7.3579 2.8653 0.0000 0.00 0.00 1.00 0 248 220 112 1 0 0 0 0 221219 164107.094
7.3251 2.8673 0.0000 0.00 0.00 1.00 0 60 219 112 1 0 0 0 0 221219 164107.294
7.3002 2.8657 0.0000 0.00 0.00 1.00 0 37 234 112 1 0 0 0 0 221219 164107.494
7.2808 2.8665 0.0000 0.00 0.00 1.00 0 60 230 112 1 0 0 0 0 221219 164107.694
7.2474 2.8661 0.0000 0.00 0.00 1.00 0 131 215 112 1 0 0 0 0 221219 164107.894
7.2192 2.8629 0.0000 0.00 0.00 1.00 0 134 224 112 1 0 0 0 0 221219 164108.094
7.2027 2.8676 0.0000 0.00 0.00 1.00 0 167 216 112 1 0 0 0 0 221219 164108.295
7.1720 2.8632 0.0000 0.00 0.00 1.00 0 207 225 112 1 0 0 0 0 221219 164108.495
7.1466 2.8585 0.0000 0.00 0.00 1.00 0 55 222 112 1 0 0 0 0 221219 164108.695
7.1273 2.8567 0.0000 0.00 0.00 1.00 0 111 217 112 1 0 0 0 0 221219 164108.895
7.1044 2.8598 0.0000 0.00 0.00 1.00 0 7 203 112 1 0 0 0 0 221219 164109.095
7.0891 2.8546 0.0000 0.00 0.00 1.00 0 195 232 112 1 0 0 0 0 221219 164109.295
7.0551 2.8469 0.0000 0.00 0.00 1.00 0 205 226 112 1 0 0 0 0 221219 164109.495
7.0298 2.8426 0.0000 0.00 0.00 1.00 0 165 222 112 1 0 0 0 0 221219 164109.696
7.0016 2.8398 0.0000 0.00 0.00 1.00 0 247 209 112 1 0 0 0 0 221219 164109.896
6.9684 2.8329 0.0000 0.00 0.00 1.00 0 110 221 112 1 0 0 0 0 221219 164110.096
6.9474 2.8278 0.0000 0.00 0.00 1.00 0 138 216 112 1 0 0 0 0 221219 164110.296
6.9239 2.8224 0.0000 0.00 0.00 1.00 0 233 210 112 1 0 0 0 0 221219 164110.496
6.8931 2.8163 0.0000 0.00 0.00 1.00 0 253 216 112 1 0 0 0 0 221219 164110.696
6.8752 2.8106 0.0000 0.00 0.00 1.00 0 142 215 112 1 0 0 0 0 221219 164110.896
6.8486 2.8049 0.0000 0.00 0.00 1.00 0 215 215 112 1 0 0 0 0 221219 164111.097
6.8206 2.7970 0.0000 0.00 0.00 1.00 0 24 214 112 1 0 0 0 0 221219 164111.297
6.7953 2.7884 0.0000 0.00 0.00 1.00 0 222 217 112 1 0 0 0 0 221219 164111.497
6.7716 2.7859 0.0000 0.00 0.00 1.00 0 75 201 112 1 0 0 0 0 221219 164111.697
6.7411 2.7772 0.0000 0.00 0.00 1.00 0 15 210 112 1 0 0 0 0 221219 164111.897
6.7248 2.7723 0.0000 0.00 0.00 1.00 0 136 213 112 1 0 0 0 0 221219 164112.097
6.7043 2.7627 0.0000 0.00 0.00 1.00 0 25 213 112 1 0 0 0 0 221219 164112.297
6.6778 2.7511 0.0000 0.00 0.00 1.00 0 125 213 112 1 0 0 0 0 221219 164112.498
6.6607 2.7428 0.0000 0.00 0.00 1.00 0 140 213 112 1 0 0 0 0 221219 164112.698
6.6359 2.7333 0.0000 0.00 0.00 1.00 0 159 209 112 1 0 0 0 0 221219 164112.898
6.6090 2.7215 0.0000 0.00 0.00 1.00 0 4 212 112 1 0 0 0 0 221219 164113.098
6.5900 2.7144 0.0000 0.00 0.00 1.00 0 188 207 112 1 0 0 0 0 221219 164113.298
6.5625 2.7017 0.0000 0.00 0.00 1.00 0 59 206 112 1 0 0 0 0 221219 164113.498
6.5385 2.6890 0.0000 0.00 0.00 1.00 0 99 213 112 1 0 0 0 0 221219 164113.698
6.5213 2.6800 0.0000 0.00 0.00 1.00 0 194 211 112 1 0 0 0 0 221219 164113.899
6.4927 2.6654 0.0000 0.00 0.00 1.00 0 241 210 112 1 0 0 0 0 221219 164114.099
6.4712 2.6506 0.0000 0.00 0.00 1.00 0 13 214 112 1 0 0 0 0 221219 164114.299
6.4527 2.6353 0.0000 0.00 0.00 1.00 0 228 215 112 1 0 0 0 0 221219 164114.499
6.4308 2.6228 0.0000 0.00 0.00 1.00 0 224 211 112 1 0 0 0 0 221219 164114.699
6.4108 2.6102 0.0000 0.00 0.00 1.00 0 74 209 112 1 0 0 0 0 221219 164114.899
6.3906 2.5967 0.0000 0.00 0.00 1.00 0 54 210 112 1 0 0 0 0 221219 164115.100
6.3663 2.5797 0.0000 0.00 0.00 1.00 0 55 210 112 1 0 0 0 0 221219 164115.300
6.3489 2.5667 0.0000 0.00 0.00 1.00 0 37 206 112 1 0 0 0 0 221219 164115.500
6.3334 2.5584 0.0000 0.00 0.00 1.00 0 113 208 112 1 0 0 0 0 221219 164115.700
6.3178 2.5447 0.0000 0.00 0.00 1.00 0 186 213 112 1 0 0 0 0 221219 164115.900
6.3042 2.5319 0.0000 0.00 0.00 1.00 0 202 209 112 1 0 0 0 0 221219 164116.100
6.2792 2.5119 0.0000 0.00 0.00 1.00 0 49 210 112 1 0 0 0 0 221219 164116.300
6.2637 2.4999 0.0000 0.00 0.00 1.00 0 43 205 112 1 0 0 0 0 221219 164116.501
6.2435 2.4816 0.0000 0.00 0.00 1.00 0 242 212 112 1 0 0 0 0 221219 164116.701
6.2275 2.4628 0.0000 0.00 0.00 1.00 0 199 214 112 1 0 0 0 0 221219 164116.901
6.2091 2.4435 0.0000 0.00 0.00 1.00 0 17 210 112 1 0 0 0 0 221219 164117.101
6.1966 2.4329 0.0000 0.00 0.00 1.00 0 108 212 112 1 0 0 0 0 221219 164117.301
6.1781 2.4077 0.0000 0.00 0.00 1.00 0 37 215 112 1 0 0 0 0 221219 164117.501
6.1619 2.3901 0.0000 0.00 0.00 1.00 0 141 213 112 1 0 0 0 0 221219 164117.701
6.1482 2.3751 0.0000 0.00 0.00 1.00 0 23 214 112 1 0 0 0 0 221219 164117.902
6.1287 2.3549 0.0000 0.00 0.00 1.00 0 182 212 112 1 0 0 0 0 221219 164118.102
6.1071 2.3324 0.0000 0.00 0.00 1.00 0 231 209 112 1 0 0 0 0 221219 164118.302
6.0954 2.3178 0.0000 0.00 0.00 1.00 0 185 215 112 1 0 0 0 0 221219 164118.502
6.0830 2.2974 0.0000 0.00 0.00 1.00 0 130 214 112 1 0 0 0 0 221219 164118.702
6.0624 2.2740 0.0000 0.00 0.00 1.00 0 196 213 112 1 0 0 0 0 221219 164118.902
6.0546 2.2586 0.0000 0.00 0.00 1.00 0 21 215 112 1 0 0 0 0 221219 164119.102
6.0386 2.2395 0.0000 0.00 0.00 1.00 0 79 214 112 1 0 0 0 0 221219 164119.303
6.0212 2.2131 0.0000 0.00 0.00 1.00 0 161 212 112 1 0 0 0 0 221219 164119.503
6.0069 2.1911 0.0000 0.00 0.00 1.00 0 222 215 112 1 0 0 0 0 221219 164119.703
6.0008 2.1763 0.0000 0.00 0.00 1.00 0 234 218 112 1 0 0 0 0 221219 164119.903
5.9886 2.1585 0.0000 0.00 0.00 1.00 0 252 214 112 1 0 0 0 0 221219 164120.103
5.9763 2.1367 0.0000 0.00 0.00 1.00 0 108 217 112 1 0 0 0 0 221219 164120.303
5.9576 2.1092 0.0000 0.00 0.00 1.00 0 204 212 112 1 0 0 0 0 221219 164120.503
5.9446 2.0862 0.0000 0.00 0.00 1.00 0 179 220 112 1 0 0 0 0 221219 164120.704
5.9342 2.0651 0.0000 0.00 0.00 1.00 0 209 216 112 1 0 0 0 0 221219 164120.904
5.9215 2.0441 0.0000 0.00 0.00 1.00 0 205 212 112 1 0 0 0 0 221219 164121.104
5.9130 2.0276 0.0000 0.00 0.00 1.00 0 154 217 112 1 0 0 0 0 221219 164121.304
5.9043 2.0050 0.0000 0.00 0.00 1.00 0 98 215 112 1 0 0 0 0 221219 164121.504
5.8930 1.9811 0.0000 0.00 0.00 1.00 0 246 216 112 1 0 0 0 0 221219 164121.704
5.8849 1.9584 0.0000 0.00 0.00 1.00 0 240 218 112 1 0 0 0 0 221219 164121.904
5.8767 1.9352 0.0000 0.00 0.00 1.00 0 60 219 112 1 0 0 0 0 221219 164122.105
5.8632 1.9117 0.0000 0.00 0.00 1.00 0 152 211 112 1 0 0 0 0 221219 164122.305
5.8535 1.8880 0.0000 0.00 0.00 1.00 0 162 221 112 1 0 0 0 0 221219 164122.505
5.8435 1.8668 0.0000 0.00 0.00 1.00 0 235 230 112 1 0 0 0 0 221219 164122.705
5.8335 1.8447 0.0000 0.00 0.00 1.00 0 23 217 112 1 0 0 0 0 221219 164122.905
5.8269 1.8212 0.0000 0.00 0.00 1.00 0 17 215 112 1 0 0 0 0 221219 164123.106
5.8190 1.7955 0.0000 0.00 0.00 1.00 0 132 217 112 1 0 0 0 0 221219 164123.306
5.8133 1.7734 0.0000 0.00 0.00 1.00 0 34 217 112 1 0 0 0 0 221219 164123.506
5.8070 1.7500 0.0000 0.00 0.00 1.00 0 148 217 112 1 0 0 0 0 221219 164123.706
5.8008 1.7256 0.0000 0.00 0.00 1.00 0 234 219 112 1 0 0 0 0 221219 164123.906
5.7959 1.6992 0.0000 0.00 0.00 1.00 0 153 219 112 1 0 0 0 0 221219 164124.106
5.7874 1.6731 0.0000 0.00 0.00 1.00 0 121 217 112 1 0 0 0 0 221219 164124.306
5.7792 1.6484 0.0000 0.00 0.00 1.00 0 134 213 112 1 0 0 0 0 221219 164124.506
5.7772 1.6204 0.0000 0.00 0.00 1.00 0 110 231 112 1 0 0 0 0 221219 164124.707
5.7702 1.5930 0.0000 0.00 0.00 1.00 0 165 218 112 1 0 0 0 0 221219 164124.907
5.7615 1.5697 0.0000 0.00 0.00 1.00 0 93 224 112 1 0 0 0 0 221219 164125.107
5.7533 1.5457 0.0000 0.00 0.00 1.00 0 71 225 112 1 0 0 0 0 221219 164125.307
5.7484 1.5224 0.0000 0.00 0.00 1.00 0 203 224 112 1 0 0 0 0 221219 164125.507
5.7439 1.4982 0.0000 0.00 0.00 1.00 0 164 220 112 1 0 0 0 0 221219 164125.707
5.7384 1.4718 0.0000 0.00 0.00 1.00 0 127 225 112 1 0 0 0 0 221219 164125.907
5.7360 1.4453 0.0000 0.00 0.00 1.00 0 130 225 112 1 0 0 0 0 221219 164126.108
5.7309 1.4248 0.0000 0.00 0.00 1.00 0 132 223 112 1 0 0 0 0 221219 164126.308
5.7274 1.3999 0.0000 0.00 0.00 1.00 0 15 225 112 1 0 0 0 0 221219 164126.508
5.7239 1.3746 0.0000 0.00 0.00 1.00 0 101 223 112 1 0 0 0 0 221219 164126.708
5.7220 1.3499 0.0000 0.00 0.00 1.00 0 18 228 112 1 0 0 0 0 221219 164126.908
5.7143 1.3265 0.0000 0.00 0.00 1.00 0 20 223 112 1 0 0 0 0 221219 164127.108
5.7093 1.3050 0.0000 0.00 0.00 1.00 0 141 226 112 1 0 0 0 0 221219 164127.308
5.7027 1.2793 0.0000 0.00 0.00 1.00 0 184 228 112 1 0 0 0 0 221219 164127.509
5.6992 1.2554 0.0000 0.00 0.00 1.00 0 153 231 112 1 0 0 0 0 221219 164127.709
5.6987 1.2307 0.0000 0.00 0.00 1.00 0 228 226 112 1 0 0 0 0 221219 164127.909
5.6922 1.2026 0.0000 0.00 0.00 1.00 0 197 229 112 1 0 0 0 0 221219 164128.109
5.6935 1.1742 0.0000 0.00 0.00 1.00 0 15 230 112 1 0 0 0 0 221219 164128.309
5.6894 1.1479 0.0000 0.00 0.00 1.00 0 52 235 112 1 0 0 0 0 221219 164128.509
5.6898 1.1226 0.0000 0.00 0.00 1.00 0 47 234 112 1 0 0 0 0 221219 164128.709
5.6908 1.0951 0.0000 0.00 0.00 1.00 0 228 238 112 1 0 0 0 0 221219 164128.909
5.6946 1.0656 0.0000 0.00 0.00 1.00 0 163 249 112 1 0 0 0 0 221219 164129.110
5.6940 1.0402 0.0000 0.00 0.00 1.00 0 68 233 112 1 0 0 0 0 221219 164129.310
5.6953 1.0114 0.0000 0.00 0.00 1.00 0 50 247 112 1 0 0 0 0 221219 164129.510
5.6941 0.9758 0.0000 0.00 0.00 1.00 0 97 246 112 1 0 0 0 0 221219 164129.710
5.6957 0.9478 0.0000 0.00 0.00 1.00 0 170 240 112 1 0 0 0 0 221219 164129.910
5.6932 0.9189 0.0000 0.00 0.00 1.00 0 1 246 112 1 0 0 0 0 221219 164130.110
5.6946 0.8893 0.0000 0.00 0.00 1.00 0 240 245 112 1 0 0 0 0 221219 164130.311
5.6940 0.8673 0.0000 0.00 0.00 1.00 0 99 247 112 1 0 0 0 0 221219 164130.511
5.6968 0.8357 0.0000 0.00 0.00 1.00 0 34 250 112 1 0 0 0 0 221219 164130.711
5.6995 0.8127 0.0000 0.00 0.00 1.00 0 102 252 112 1 0 0 0 0 221219 164130.911
5.7001 0.7849 0.0000 0.00 0.00 1.00 0 53 246 112 1 0 0 0 0 221219 164131.111
5.7020 0.7536 0.0000 0.00 0.00 1.00 0 36 0 112 1 0 0 0 0 221219 164131.311
5.7076 0.7204 0.0000 0.00 0.00 1.00 0 212 2 112 1 0 0 0 0 221219 164131.511
5.7111 0.6939 0.0000 0.00 0.00 1.00 0 168 251 112 1 0 0 0 0 221219 164131.712
5.7137 0.6526 0.0000 0.00 0.00 1.00 0 20 255 112 1 0 0 0 0 221219 164131.912
5.7129 0.6217 0.0000 0.00 0.00 1.00 0 133 251 112 1 0 0 0 0 221219 164132.112
5.7148 0.5979 0.0000 0.00 0.00 1.00 0 0 0 112 1 0 0 0 0 221219 164132.312
5.7160 0.5705 0.0000 0.00 0.00 1.00 0 0 0 112 1 0 0 0 0 221219 164132.512
5.7192 0.5432 0.0000 0.00 0.00 1.00 0 0 0 112 1 0 0 0 0 221219 164132.712
5.7198 0.5131 0.0000 0.00 0.00 1.00 0 0 0 112 1 0 0 0 0 221219 164132.913
5.7164 0.4845 0.0000 0.00 0.00 1.00 0 0 0 112 1 0 0 0 0 221219 164133.113
5.7181 0.4577 0.0000 0.00 0.00 1.00 0 0 0 112 1 0 0 0 0 221219 164133.313
5.7231 0.4227 0.0000 0.00 0.00 1.00 0 0 0 112 1 0 0 0 0 221219 164133.513
5.7261 0.3952 0.0000 0.00 0.00 1.00 0 0 0 112 1 0 0 0 0 221219 164133.713
5.7296 0.3713 0.0000 0.00 0.00 1.00 0 0 0 112 1 0 0 0 0 221219 164133.913
5.7346 0.3406 0.0000 0.00 0.00 1.00 0 114 71 112 1 0 0 0 0 221219 164134.113
