-21.9950 0.4364 -0.0982 0.00 0.00 1.00 0 133 205 112 1 0 0 0 0 030619 155332.684
-21.9877 0.3465 -0.0969 0.00 0.00 1.00 0 169 205 112 1 0 0 0 0 030619 155332.884
-21.9777 0.2346 -0.0973 0.00 0.00 1.00 0 218 205 112 1 0 0 0 0 030619 155333.084
-21.9715 0.1712 -0.0983 0.00 0.00 1.00 0 249 205 112 1 0 0 0 0 030619 155333.285
-21.9624 0.0589 -0.0999 0.00 0.00 1.00 0 37 206 112 1 0 0 0 0 030619 155333.485
-21.9573 -0.0097 -0.0991 0.00 0.00 1.00 0 62 206 112 1 0 0 0 0 030619 155333.685
-21.9456 -0.1234 -0.0973 0.00 0.00 1.00 0 120 206 112 1 0 0 0 0 030619 155333.886
-21.9410 -0.1905 -0.0959 0.00 0.00 1.00 0 142 206 112 1 0 0 0 0 030619 155334.086
-21.9346 -0.2593 -0.0941 0.00 0.00 1.00 0 174 206 112 1 0 0 0 0 030619 155334.286
-21.9233 -0.3714 -0.0939 0.00 0.00 1.00 0 231 206 112 1 0 0 0 0 030619 155334.487
