0.0000 0.0023 0.0000 0.00 0.00 1.00 0 0 0 112 1 0 0 0 0 231219 193528.695
-0.0002 0.0024 0.0000 0.00 0.00 1.00 0 0 0 112 1 0 0 0 0 231219 193528.896
0.0010 0.0028 0.0000 0.00 0.00 1.00 0 0 0 112 1 0 0 0 0 231219 193529.096
-0.0262 -0.0017 0.0000 0.00 0.00 1.00 0 0 0 112 1 0 0 0 0 231219 193529.296
-0.0984 -0.0031 0.0000 0.00 0.00 1.00 0 0 0 112 1 0 0 0 0 231219 193529.496
-0.1546 -0.0150 0.0000 0.00 0.00 1.00 0 0 0 112 1 0 0 0 0 231219 193529.697
-0.1849 -0.0180 0.0000 0.00 0.00 1.00 0 0 0 112 1 0 0 0 0 231219 193529.897
-0.2153 -0.0145 0.0000 0.00 0.00 1.00 0 0 0 112 1 0 0 0 0 231219 193530.097
-0.2478 -0.0173 0.0000 0.00 0.00 1.00 0 0 0 112 1 0 0 0 0 231219 193530.297
-0.2823 -0.0153 0.0000 0.00 0.00 1.00 0 0 0 112 1 0 0 0 0 231219 193530.497
-0.3160 -0.0159 0.0000 0.00 0.00 1.00 0 0 0 112 1 0 0 0 0 231219 193530.698
-0.3491 -0.0247 0.0000 0.00 0.00 1.00 0 0 0 112 1 0 0 0 0 231219 193530.898
-0.3832 -0.0311 0.0000 0.00 0.00 1.00 0 0 0 112 1 0 0 0 0 231219 193531.098
-0.4123 -0.0359 0.0000 0.00 0.00 1.00 0 0 0 112 1 0 0 0 0 231219 193531.298
-0.4505 -0.0373 0.0000 0.00 0.00 1.00 0 0 0 112 1 0 0 0 0 231219 193531.499
-0.4791 -0.0400 0.0000 0.00 0.00 1.00 0 0 0 112 1 0 0 0 0 231219 193531.699
-0.5252 -0.0424 0.0000 0.00 0.00 1.00 0 0 0 112 1 0 0 0 0 231219 193531.899
-0.5657 -0.0434 0.0000 0.00 0.00 1.00 0 0 0 112 1 0 0 0 0 231219 193532.099
-0.5960 -0.0479 0.0000 0.00 0.00 1.00 0 0 0 112 1 0 0 0 0 231219 193532.300
-0.6257 -0.0519 0.0000 0.00 0.00 1.00 0 0 0 112 1 0 0 0 0 231219 193532.500
-0.6575 -0.0540 0.0000 0.00 0.00 1.00 0 0 0 112 1 0 0 0 0 231219 193532.700
-0.6858 -0.0597 0.0000 0.00 0.00 1.00 0 0 0 112 1 0 0 0 0 231219 193532.900
-0.7154 -0.0628 0.0000 0.00 0.00 1.00 0 0 0 112 1 0 0 0 0 231219 193533.100
-0.7485 -0.0595 0.0000 0.00 0.00 1.00 0 0 0 112 1 0 0 0 0 231219 193533.300
-0.7845 -0.0626 0.0000 0.00 0.00 1.00 0 0 0 112 1 0 0 0 0 231219 193533.501
-0.8177 -0.0702 0.0000 0.00 0.00 1.00 0 0 0 112 1 0 0 0 0 231219 193533.701
-0.8629 -0.0757 0.0000 0.00 0.00 1.00 0 0 0 112 1 0 0 0 0 231219 193533.901
-0.9009 -0.0796 0.0000 0.00 0.00 1.00 0 0 0 112 1 0 0 0 0 231219 193534.101
-0.9369 -0.0848 0.0000 0.00 0.00 1.00 0 0 0 112 1 0 0 0 0 231219 193534.301
-0.9696 -0.0848 0.0000 0.00 0.00 1.00 0 0 0 112 1 0 0 0 0 231219 193534.502
-1.0028 -0.0858 0.0000 0.00 0.00 1.00 0 0 0 112 1 0 0 0 0 231219 193534.702
-1.0336 -0.0897 0.0000 0.00 0.00 1.00 0 0 0 112 1 0 0 0 0 231219 193534.902
-1.0675 -0.0954 0.0000 0.00 0.00 1.00 0 0 0 112 1 0 0 0 0 231219 193535.103
-1.1017 -0.1049 0.0000 0.00 0.00 1.00 0 0 0 112 1 0 0 0 0 231219 193535.303
-1.1347 -0.1043 0.0000 0.00 0.00 1.00 0 0 0 112 1 0 0 0 0 231219 193535.503
-1.1686 -0.1082 0.0000 0.00 0.00 1.00 0 0 0 112 1 0 0 0 0 231219 193535.703
-1.2071 -0.1084 0.0000 0.00 0.00 1.00 0 0 0 112 1 0 0 0 0 231219 193535.903
-1.2434 -0.1113 0.0000 0.00 0.00 1.00 0 0 0 112 1 0 0 0 0 231219 193536.104
-1.2724 -0.1112 0.0000 0.00 0.00 1.00 0 0 0 112 1 0 0 0 0 231219 193536.304
-1.3030 -0.1186 0.0000 0.00 0.00 1.00 0 0 0 112 1 0 0 0 0 231219 193536.504
-1.3335 -0.1253 0.0000 0.00 0.00 1.00 0 0 0 112 1 0 0 0 0 231219 193536.704
-1.3673 -0.1259 0.0000 0.00 0.00 1.00 0 0 0 112 1 0 0 0 0 231219 193536.905
-1.4036 -0.1301 0.0000 0.00 0.00 1.00 0 0 0 112 1 0 0 0 0 231219 193537.105
-1.4360 -0.1333 0.0000 0.00 0.00 1.00 0 0 0 112 1 0 0 0 0 231219 193537.305
-1.4658 -0.1374 0.0000 0.00 0.00 1.00 0 0 0 112 1 0 0 0 0 231219 193537.505
-1.4990 -0.1432 0.0000 0.00 0.00 1.00 0 0 0 112 1 0 0 0 0 231219 193537.705
-1.5330 -0.1464 0.0000 0.00 0.00 1.00 0 0 0 112 1 0 0 0 0 231219 193537.906
-1.5729 -0.1495 0.0000 0.00 0.00 1.00 0 0 0 112 1 0 0 0 0 231219 193538.106
-1.6094 -0.1503 0.0000 0.00 0.00 1.00 0 0 0 112 1 0 0 0 0 231219 193538.306
-1.6422 -0.1566 0.0000 0.00 0.00 1.00 0 0 0 112 1 0 0 0 0 231219 193538.506
-1.6778 -0.1642 0.0000 0.00 0.00 1.00 0 0 0 112 1 0 0 0 0 231219 193538.707
-1.7075 -0.1638 0.0000 0.00 0.00 1.00 0 0 0 112 1 0 0 0 0 231219 193538.907
-1.7388 -0.1690 0.0000 0.00 0.00 1.00 0 0 0 112 1 0 0 0 0 231219 193539.107
-1.7694 -0.1745 0.0000 0.00 0.00 1.00 0 0 0 112 1 0 0 0 0 231219 193539.307
-1.8056 -0.1777 0.0000 0.00 0.00 1.00 0 0 0 112 1 0 0 0 0 231219 193539.508
-1.8387 -0.1804 0.0000 0.00 0.00 1.00 0 0 0 112 1 0 0 0 0 231219 193539.708
-1.8742 -0.1852 0.0000 0.00 0.00 1.00 0 0 0 112 1 0 0 0 0 231219 193539.908
-1.9078 -0.1940 0.0000 0.00 0.00 1.00 0 0 0 112 1 0 0 0 0 231219 193540.108
-1.9470 -0.1878 0.0000 0.00 0.00 1.00 0 0 0 112 1 0 0 0 0 231219 193540.308
-1.9746 -0.2004 0.0000 0.00 0.00 1.00 0 0 0 112 1 0 0 0 0 231219 193540.509
-2.0083 -0.2032 0.0000 0.00 0.00 1.00 0 0 0 112 1 0 0 0 0 231219 193540.709
-2.0425 -0.2027 0.0000 0.00 0.00 1.00 0 0 0 112 1 0 0 0 0 231219 193540.909
-2.0752 -0.2057 0.0000 0.00 0.00 1.00 0 0 0 112 1 0 0 0 0 231219 193541.109
-2.1134 -0.2126 0.0000 0.00 0.00 1.00 0 0 0 112 1 0 0 0 0 231219 193541.310
-2.1488 -0.2180 0.0000 0.00 0.00 1.00 0 0 0 112 1 0 0 0 0 231219 193541.510
-2.1841 -0.2237 0.0000 0.00 0.00 1.00 0 0 0 112 1 0 0 0 0 231219 193541.710
-2.2151 -0.2208 0.0000 0.00 0.00 1.00 0 0 0 112 1 0 0 0 0 231219 193541.910
-2.2465 -0.2273 0.0000 0.00 0.00 1.00 0 0 0 112 1 0 0 0 0 231219 193542.110
-2.2866 -0.2353 0.0000 0.00 0.00 1.00 0 0 0 112 1 0 0 0 0 231219 193542.311
-2.3222 -0.2397 0.0000 0.00 0.00 1.00 0 0 0 112 1 0 0 0 0 231219 193542.511
-2.3525 -0.2395 0.0000 0.00 0.00 1.00 0 0 0 112 1 0 0 0 0 231219 193542.711
-2.3874 -0.2445 0.0000 0.00 0.00 1.00 0 0 0 112 1 0 0 0 0 231219 193542.911
-2.4240 -0.2482 0.0000 0.00 0.00 1.00 0 0 0 112 1 0 0 0 0 231219 193543.112
-2.4569 -0.2498 0.0000 0.00 0.00 1.00 0 0 0 112 1 0 0 0 0 231219 193543.312
-2.4864 -0.2542 0.0000 0.00 0.00 1.00 0 0 0 112 1 0 0 0 0 231219 193543.512
-2.5196 -0.2551 0.0000 0.00 0.00 1.00 0 0 0 112 1 0 0 0 0 231219 193543.712
-2.5561 -0.2590 0.0000 0.00 0.00 1.00 0 0 0 112 1 0 0 0 0 231219 193543.912
-2.5904 -0.2661 0.0000 0.00 0.00 1.00 0 0 0 112 1 0 0 0 0 231219 193544.113
-2.6220 -0.2740 0.0000 0.00 0.00 1.00 0 0 0 112 1 0 0 0 0 231219 193544.313
-2.6555 -0.2741 0.0000 0.00 0.00 1.00 0 0 0 112 1 0 0 0 0 231219 193544.513
-2.6921 -0.2752 0.0000 0.00 0.00 1.00 0 0 0 112 1 0 0 0 0 231219 193544.714
-2.7184 -0.2816 0.0000 0.00 0.00 1.00 0 0 0 112 1 0 0 0 0 231219 193544.914
-2.7461 -0.2830 0.0000 0.00 0.00 1.00 0 0 0 112 1 0 0 0 0 231219 193545.114
-2.7903 -0.2878 0.0000 0.00 0.00 1.00 0 0 0 112 1 0 0 0 0 231219 193545.314
-2.8258 -0.2930 0.0000 0.00 0.00 1.00 0 0 0 112 1 0 0 0 0 231219 193545.514
-2.8602 -0.2936 0.0000 0.00 0.00 1.00 0 0 0 112 1 0 0 0 0 231219 193545.714
-2.8913 -0.3001 0.0000 0.00 0.00 1.00 0 0 0 112 1 0 0 0 0 231219 193545.915
-2.9228 -0.3049 0.0000 0.00 0.00 1.00 0 0 0 112 1 0 0 0 0 231219 193546.115
-2.9491 -0.3070 0.0000 0.00 0.00 1.00 0 0 0 112 1 0 0 0 0 231219 193546.315
-2.9882 -0.3125 0.0000 0.00 0.00 1.00 0 0 0 112 1 0 0 0 0 231219 193546.515
-3.0287 -0.3211 0.0000 0.00 0.00 1.00 0 0 0 112 1 0 0 0 0 231219 193546.715
-3.0636 -0.3277 0.0000 0.00 0.00 1.00 0 0 0 112 1 0 0 0 0 231219 193546.916
-3.0935 -0.3300 0.0000 0.00 0.00 1.00 0 0 0 112 1 0 0 0 0 231219 193547.116
-3.1279 -0.3298 0.0000 0.00 0.00 1.00 0 0 0 112 1 0 0 0 0 231219 193547.316
-3.1575 -0.3308 0.0000 0.00 0.00 1.00 0 0 0 112 1 0 0 0 0 231219 193547.516
-3.1907 -0.3396 0.0000 0.00 0.00 1.00 0 0 0 112 1 0 0 0 0 231219 193547.716
-3.2144 -0.3441 0.0000 0.00 0.00 1.00 0 0 0 112 1 0 0 0 0 231219 193547.917
-3.2621 -0.3511 0.0000 0.00 0.00 1.00 0 0 0 112 1 0 0 0 0 231219 193548.117
-3.2924 -0.3532 0.0000 0.00 0.00 1.00 0 0 0 112 1 0 0 0 0 231219 193548.317
-3.3357 -0.3564 0.0000 0.00 0.00 1.00 0 0 0 112 1 0 0 0 0 231219 193548.517
-3.3715 -0.3610 0.0000 0.00 0.00 1.00 0 0 0 112 1 0 0 0 0 231219 193548.717
-3.3927 -0.3614 0.0000 0.00 0.00 1.00 0 0 0 112 1 0 0 0 0 231219 193548.918
-3.4226 -0.3636 0.0000 0.00 0.00 1.00 0 0 0 112 1 0 0 0 0 231219 193549.118
-3.4560 -0.3673 0.0000 0.00 0.00 1.00 0 0 0 112 1 0 0 0 0 231219 193549.318
-3.4917 -0.3736 0.0000 0.00 0.00 1.00 0 0 0 112 1 0 0 0 0 231219 193549.518
-3.5288 -0.3826 0.0000 0.00 0.00 1.00 0 0 0 112 1 0 0 0 0 231219 193549.719
-3.5607 -0.3856 0.0000 0.00 0.00 1.00 0 0 0 112 1 0 0 0 0 231219 193549.919
-3.5932 -0.3891 0.0000 0.00 0.00 1.00 0 0 0 112 1 0 0 0 0 231219 193550.119
-3.6280 -0.3962 0.0000 0.00 0.00 1.00 0 0 0 112 1 0 0 0 0 231219 193550.319
-3.6606 -0.3958 0.0000 0.00 0.00 1.00 0 0 0 112 1 0 0 0 0 231219 193550.520
-3.6940 -0.4047 0.0000 0.00 0.00 1.00 0 0 0 112 1 0 0 0 0 231219 193550.720
-3.7296 -0.4134 0.0000 0.00 0.00 1.00 0 0 0 112 1 0 0 0 0 231219 193550.920
-3.7684 -0.4138 0.0000 0.00 0.00 1.00 0 0 0 112 1 0 0 0 0 231219 193551.120
-3.8002 -0.4132 0.0000 0.00 0.00 1.00 0 0 0 112 1 0 0 0 0 231219 193551.321
-3.8294 -0.4203 0.0000 0.00 0.00 1.00 0 0 0 112 1 0 0 0 0 231219 193551.521
-3.8623 -0.4257 0.0000 0.00 0.00 1.00 0 0 0 112 1 0 0 0 0 231219 193551.721
-3.8939 -0.4304 0.0000 0.00 0.00 1.00 0 0 0 112 1 0 0 0 0 231219 193551.921
-3.9289 -0.4320 0.0000 0.00 0.00 1.00 0 0 0 112 1 0 0 0 0 231219 193552.121
-3.9649 -0.4370 0.0000 0.00 0.00 1.00 0 0 0 112 1 0 0 0 0 231219 193552.322
-4.0023 -0.4388 0.0000 0.00 0.00 1.00 0 0 0 112 1 0 0 0 0 231219 193552.522
-4.0345 -0.4470 0.0000 0.00 0.00 1.00 0 0 0 112 1 0 0 0 0 231219 193552.722
-4.0667 -0.4502 0.0000 0.00 0.00 1.00 0 0 0 112 1 0 0 0 0 231219 193552.922
-4.0996 -0.4574 0.0000 0.00 0.00 1.00 0 0 0 112 1 0 0 0 0 231219 193553.122
-4.1322 -0.4605 0.0000 0.00 0.00 1.00 0 0 0 112 1 0 0 0 0 231219 193553.323
-4.1686 -0.4624 0.0000 0.00 0.00 1.00 0 0 0 112 1 0 0 0 0 231219 193553.523
-4.2049 -0.4702 0.0000 0.00 0.00 1.00 0 0 0 112 1 0 0 0 0 231219 193553.723
-4.2372 -0.4727 0.0000 0.00 0.00 1.00 0 0 0 112 1 0 0 0 0 231219 193553.924
-4.2709 -0.4788 0.0000 0.00 0.00 1.00 0 0 0 112 1 0 0 0 0 231219 193554.124
-4.3050 -0.4846 0.0000 0.00 0.00 1.00 0 0 0 112 1 0 0 0 0 231219 193554.324
-4.3380 -0.4902 0.0000 0.00 0.00 1.00 0 0 0 112 1 0 0 0 0 231219 193554.524
-4.3757 -0.4919 0.0000 0.00 0.00 1.00 0 0 0 112 1 0 0 0 0 231219 193554.725
-4.4136 -0.4959 0.0000 0.00 0.00 1.00 0 0 0 112 1 0 0 0 0 231219 193554.925
-4.4466 -0.4979 0.0000 0.00 0.00 1.00 0 0 0 112 1 0 0 0 0 231219 193555.125
-4.4724 -0.5028 0.0000 0.00 0.00 1.00 0 0 0 112 1 0 0 0 0 231219 193555.325
-4.5067 -0.5080 0.0000 0.00 0.00 1.00 0 0 0 112 1 0 0 0 0 231219 193555.525
-4.5424 -0.5156 0.0000 0.00 0.00 1.00 0 0 0 112 1 0 0 0 0 231219 193555.726
-4.5838 -0.5218 0.0000 0.00 0.00 1.00 0 0 0 112 1 0 0 0 0 231219 193555.926
-4.6146 -0.5254 0.0000 0.00 0.00 1.00 0 0 0 112 1 0 0 0 0 231219 193556.126
-4.6481 -0.5270 0.0000 0.00 0.00 1.00 0 1 232 112 1 0 0 0 0 231219 193556.326
-4.6815 -0.5323 0.0000 0.00 0.00 1.00 0 164 237 112 1 0 0 0 0 231219 193556.527
-4.7165 -0.5382 0.0000 0.00 0.00 1.00 0 239 236 112 1 0 0 0 0 231219 193556.727
-4.7602 -0.5419 0.0000 0.00 0.00 1.00 0 45 242 112 1 0 0 0 0 231219 193556.927
-4.7916 -0.5490 0.0000 0.00 0.00 1.00 0 190 241 112 1 0 0 0 0 231219 193557.127
-4.8148 -0.5493 0.0000 0.00 0.00 1.00 0 49 230 112 1 0 0 0 0 231219 193557.327
-4.8445 -0.5525 0.0000 0.00 0.00 1.00 0 224 231 112 1 0 0 0 0 231219 193557.528
-4.8776 -0.5562 0.0000 0.00 0.00 1.00 0 11 231 112 1 0 0 0 0 231219 193557.728
-4.9091 -0.5611 0.0000 0.00 0.00 1.00 0 16 230 112 1 0 0 0 0 231219 193557.928
-4.9294 -0.5662 0.0000 0.00 0.00 1.00 0 238 241 112 1 0 0 0 0 231219 193558.128
-4.9656 -0.5709 0.0000 0.00 0.00 1.00 0 72 236 112 1 0 0 0 0 231219 193558.328
-4.9998 -0.5718 0.0000 0.00 0.00 1.00 0 138 234 112 1 0 0 0 0 231219 193558.529
-5.0338 -0.5779 0.0000 0.00 0.00 1.00 0 7 233 112 1 0 0 0 0 231219 193558.729
-5.0679 -0.5838 0.0000 0.00 0.00 1.00 0 144 220 112 1 0 0 0 0 231219 193558.929
-5.0958 -0.5945 0.0000 0.00 0.00 1.00 0 87 231 112 1 0 0 0 0 231219 193559.130
-5.1220 -0.5999 0.0000 0.00 0.00 1.00 0 137 230 112 1 0 0 0 0 231219 193559.330
-5.1499 -0.6011 0.0000 0.00 0.00 1.00 0 226 218 112 1 0 0 0 0 231219 193559.530
-5.1797 -0.6123 0.0000 0.00 0.00 1.00 0 81 228 112 1 0 0 0 0 231219 193559.730
-5.2167 -0.6239 0.0000 0.00 0.00 1.00 0 29 227 112 1 0 0 0 0 231219 193559.930
-5.2475 -0.6345 0.0000 0.00 0.00 1.00 0 112 226 112 1 0 0 0 0 231219 193600.130
-5.2869 -0.6410 0.0000 0.00 0.00 1.00 0 55 224 112 1 0 0 0 0 231219 193600.331
-5.3190 -0.6553 0.0000 0.00 0.00 1.00 0 41 223 112 1 0 0 0 0 231219 193600.531
-5.3431 -0.6640 0.0000 0.00 0.00 1.00 0 3 210 112 1 0 0 0 0 231219 193600.731
-5.3712 -0.6697 0.0000 0.00 0.00 1.00 0 154 210 112 1 0 0 0 0 231219 193600.931
-5.4012 -0.6782 0.0000 0.00 0.00 1.00 0 154 209 112 1 0 0 0 0 231219 193601.131
-5.4384 -0.6863 0.0000 0.00 0.00 1.00 0 127 207 112 1 0 0 0 0 231219 193601.332
-5.4685 -0.7024 0.0000 0.00 0.00 1.00 0 102 217 112 1 0 0 0 0 231219 193601.532
-5.4912 -0.7126 0.0000 0.00 0.00 1.00 0 230 216 112 1 0 0 0 0 231219 193601.732
-5.5162 -0.7169 0.0000 0.00 0.00 1.00 0 166 215 112 1 0 0 0 0 231219 193601.932
-5.5481 -0.7332 0.0000 0.00 0.00 1.00 0 202 214 112 1 0 0 0 0 231219 193602.132
-5.5792 -0.7447 0.0000 0.00 0.00 1.00 0 141 213 112 1 0 0 0 0 231219 193602.333
-5.6046 -0.7554 0.0000 0.00 0.00 1.00 0 153 212 112 1 0 0 0 0 231219 193602.533
-5.6303 -0.7685 0.0000 0.00 0.00 1.00 0 57 205 112 1 0 0 0 0 231219 193602.733
-5.6582 -0.7787 0.0000 0.00 0.00 1.00 0 195 195 112 1 0 0 0 0 231219 193602.933
-5.6867 -0.7953 0.0000 0.00 0.00 1.00 0 84 210 112 1 0 0 0 0 231219 193603.133
-5.7125 -0.8133 0.0000 0.00 0.00 1.00 0 21 205 112 1 0 0 0 0 231219 193603.334
-5.7330 -0.8233 0.0000 0.00 0.00 1.00 0 115 209 112 1 0 0 0 0 231219 193603.534
-5.7564 -0.8280 0.0000 0.00 0.00 1.00 0 41 199 112 1 0 0 0 0 231219 193603.734
-5.7901 -0.8538 0.0000 0.00 0.00 1.00 0 107 207 112 1 0 0 0 0 231219 193603.934
-5.8189 -0.8748 0.0000 0.00 0.00 1.00 0 191 206 112 1 0 0 0 0 231219 193604.134
-5.8439 -0.8890 0.0000 0.00 0.00 1.00 0 238 205 112 1 0 0 0 0 231219 193604.335
-5.8704 -0.9056 0.0000 0.00 0.00 1.00 0 237 204 112 1 0 0 0 0 231219 193604.535
-5.8905 -0.9270 0.0000 0.00 0.00 1.00 0 47 213 112 1 0 0 0 0 231219 193604.735
-5.9113 -0.9471 0.0000 0.00 0.00 1.00 0 219 201 112 1 0 0 0 0 231219 193604.935
-5.9311 -0.9727 0.0000 0.00 0.00 1.00 0 5 204 112 1 0 0 0 0 231219 193605.136
-5.9545 -0.9937 0.0000 0.00 0.00 1.00 0 31 202 112 1 0 0 0 0 231219 193605.336
-5.9781 -1.0143 0.0000 0.00 0.00 1.00 0 171 196 112 1 0 0 0 0 231219 193605.536
-6.0022 -1.0356 0.0000 0.00 0.00 1.00 0 107 203 112 1 0 0 0 0 231219 193605.736
-6.0186 -1.0526 0.0000 0.00 0.00 1.00 0 225 196 112 1 0 0 0 0 231219 193605.936
-6.0388 -1.0706 0.0000 0.00 0.00 1.00 0 41 192 112 1 0 0 0 0 231219 193606.136
-6.0560 -1.0891 0.0000 0.00 0.00 1.00 0 136 196 112 1 0 0 0 0 231219 193606.336
-6.0737 -1.1174 0.0000 0.00 0.00 1.00 0 66 204 112 1 0 0 0 0 231219 193606.537
-6.0956 -1.1401 0.0000 0.00 0.00 1.00 0 62 195 112 1 0 0 0 0 231219 193606.737
-6.1194 -1.1694 0.0000 0.00 0.00 1.00 0 233 199 112 1 0 0 0 0 231219 193606.937
-6.1366 -1.1963 0.0000 0.00 0.00 1.00 0 201 199 112 1 0 0 0 0 231219 193607.137
-6.1529 -1.2155 0.0000 0.00 0.00 1.00 0 252 195 112 1 0 0 0 0 231219 193607.337
-6.1646 -1.2421 0.0000 0.00 0.00 1.00 0 217 198 112 1 0 0 0 0 231219 193607.538
-6.1804 -1.2687 0.0000 0.00 0.00 1.00 0 160 199 112 1 0 0 0 0 231219 193607.738
-6.1972 -1.2956 0.0000 0.00 0.00 1.00 0 251 193 112 1 0 0 0 0 231219 193607.938
-6.2103 -1.3221 0.0000 0.00 0.00 1.00 0 206 198 112 1 0 0 0 0 231219 193608.138
-6.2259 -1.3471 0.0000 0.00 0.00 1.00 0 41 198 112 1 0 0 0 0 231219 193608.338
-6.2398 -1.3754 0.0000 0.00 0.00 1.00 0 19 198 112 1 0 0 0 0 231219 193608.538
-6.2462 -1.3986 0.0000 0.00 0.00 1.00 0 25 217 112 1 0 0 0 0 231219 193608.739
-6.2567 -1.4255 0.0000 0.00 0.00 1.00 0 57 198 112 1 0 0 0 0 231219 193608.939
-6.2737 -1.4657 0.0000 0.00 0.00 1.00 0 187 195 112 1 0 0 0 0 231219 193609.139
-6.2844 -1.4926 0.0000 0.00 0.00 1.00 0 121 197 112 1 0 0 0 0 231219 193609.339
-6.2871 -1.5148 0.0000 0.00 0.00 1.00 0 63 200 112 1 0 0 0 0 231219 193609.540
-6.2948 -1.5442 0.0000 0.00 0.00 1.00 0 223 197 112 1 0 0 0 0 231219 193609.740
-6.3067 -1.5653 0.0000 0.00 0.00 1.00 0 15 195 112 1 0 0 0 0 231219 193609.940
-6.3121 -1.5948 0.0000 0.00 0.00 1.00 0 68 196 112 1 0 0 0 0 231219 193610.140
-6.3288 -1.6205 0.0000 0.00 0.00 1.00 0 95 192 112 1 0 0 0 0 231219 193610.341
-6.3288 -1.6513 0.0000 0.00 0.00 1.00 0 60 198 112 1 0 0 0 0 231219 193610.541
-6.3283 -1.6768 0.0000 0.00 0.00 1.00 0 239 198 112 1 0 0 0 0 231219 193610.741
-6.3311 -1.7083 0.0000 0.00 0.00 1.00 0 42 191 112 1 0 0 0 0 231219 193610.942
-6.3359 -1.7458 0.0000 0.00 0.00 1.00 0 133 199 112 1 0 0 0 0 231219 193611.142
-6.3425 -1.7807 0.0000 0.00 0.00 1.00 0 49 198 112 1 0 0 0 0 231219 193611.342
-6.3457 -1.8139 0.0000 0.00 0.00 1.00 0 228 201 112 1 0 0 0 0 231219 193611.542
-6.3427 -1.8420 0.0000 0.00 0.00 1.00 0 147 204 112 1 0 0 0 0 231219 193611.743
-6.3415 -1.8665 0.0000 0.00 0.00 1.00 0 205 204 112 1 0 0 0 0 231219 193611.943
-6.3437 -1.9029 0.0000 0.00 0.00 1.00 0 146 212 112 1 0 0 0 0 231219 193612.143
-6.3414 -1.9354 0.0000 0.00 0.00 1.00 0 177 207 112 1 0 0 0 0 231219 193612.343
-6.3310 -1.9683 0.0000 0.00 0.00 1.00 0 99 222 112 1 0 0 0 0 231219 193612.544
-6.3265 -2.0056 0.0000 0.00 0.00 1.00 0 152 205 112 1 0 0 0 0 231219 193612.744
-6.3169 -2.0356 0.0000 0.00 0.00 1.00 0 231 206 112 1 0 0 0 0 231219 193612.944
-6.3115 -2.0638 0.0000 0.00 0.00 1.00 0 167 207 112 1 0 0 0 0 231219 193613.144
-6.3058 -2.0935 0.0000 0.00 0.00 1.00 0 216 213 112 1 0 0 0 0 231219 193613.344
-6.3052 -2.1115 0.0000 0.00 0.00 1.00 0 74 212 112 1 0 0 0 0 231219 193613.544
-6.2994 -2.1322 0.0000 0.00 0.00 1.00 0 41 209 112 1 0 0 0 0 231219 193613.745
-6.2890 -2.1616 0.0000 0.00 0.00 1.00 0 4 217 112 1 0 0 0 0 231219 193613.945
-6.2806 -2.1997 0.0000 0.00 0.00 1.00 0 127 211 112 1 0 0 0 0 231219 193614.145
-6.2704 -2.2308 0.0000 0.00 0.00 1.00 0 197 212 112 1 0 0 0 0 231219 193614.345
-6.2567 -2.2631 0.0000 0.00 0.00 1.00 0 90 214 112 1 0 0 0 0 231219 193614.545
-6.2409 -2.2941 0.0000 0.00 0.00 1.00 0 182 227 112 1 0 0 0 0 231219 193614.746
-6.2317 -2.3163 0.0000 0.00 0.00 1.00 0 161 216 112 1 0 0 0 0 231219 193614.946
-6.2223 -2.3432 0.0000 0.00 0.00 1.00 0 118 217 112 1 0 0 0 0 231219 193615.146
-6.2087 -2.3731 0.0000 0.00 0.00 1.00 0 111 218 112 1 0 0 0 0 231219 193615.346
-6.1947 -2.3991 0.0000 0.00 0.00 1.00 0 145 230 112 1 0 0 0 0 231219 193615.546
-6.1816 -2.4311 0.0000 0.00 0.00 1.00 0 231 235 112 1 0 0 0 0 231219 193615.747
-6.1732 -2.4598 0.0000 0.00 0.00 1.00 0 101 230 112 1 0 0 0 0 231219 193615.947
-6.1580 -2.4876 0.0000 0.00 0.00 1.00 0 105 233 112 1 0 0 0 0 231219 193616.147
-6.1379 -2.5138 0.0000 0.00 0.00 1.00 0 230 225 112 1 0 0 0 0 231219 193616.347
-6.1202 -2.5426 0.0000 0.00 0.00 1.00 0 72 227 112 1 0 0 0 0 231219 193616.547
-6.1034 -2.5672 0.0000 0.00 0.00 1.00 0 223 228 112 1 0 0 0 0 231219 193616.747
-6.0911 -2.6016 0.0000 0.00 0.00 1.00 0 159 229 112 1 0 0 0 0 231219 193616.948
-6.0689 -2.6293 0.0000 0.00 0.00 1.00 0 160 231 112 1 0 0 0 0 231219 193617.148
-6.0511 -2.6512 0.0000 0.00 0.00 1.00 0 222 232 112 1 0 0 0 0 231219 193617.348
-6.0344 -2.6737 0.0000 0.00 0.00 1.00 0 70 234 112 1 0 0 0 0 231219 193617.548
-6.0182 -2.7010 0.0000 0.00 0.00 1.00 0 119 235 112 1 0 0 0 0 231219 193617.748
-5.9960 -2.7281 0.0000 0.00 0.00 1.00 0 44 237 112 1 0 0 0 0 231219 193617.949
-5.9780 -2.7532 0.0000 0.00 0.00 1.00 0 181 238 112 1 0 0 0 0 231219 193618.149
-5.9608 -2.7867 0.0000 0.00 0.00 1.00 0 157 249 112 1 0 0 0 0 231219 193618.349
-5.9336 -2.8111 0.0000 0.00 0.00 1.00 0 213 241 112 1 0 0 0 0 231219 193618.549
-5.9125 -2.8382 0.0000 0.00 0.00 1.00 0 75 243 112 1 0 0 0 0 231219 193618.750
-5.8920 -2.8628 0.0000 0.00 0.00 1.00 0 99 244 112 1 0 0 0 0 231219 193618.950
-5.8725 -2.8872 0.0000 0.00 0.00 1.00 0 134 245 112 1 0 0 0 0 231219 193619.150
-5.8485 -2.9149 0.0000 0.00 0.00 1.00 0 114 247 112 1 0 0 0 0 231219 193619.350
-5.8308 -2.9419 0.0000 0.00 0.00 1.00 0 60 2 112 1 0 0 0 0 231219 193619.551
-5.8054 -2.9634 0.0000 0.00 0.00 1.00 0 0 0 112 1 0 0 0 0 231219 193619.751
-5.7834 -2.9877 0.0000 0.00 0.00 1.00 0 0 0 112 1 0 0 0 0 231219 193619.951
-5.7602 -3.0131 0.0000 0.00 0.00 1.00 0 0 0 112 1 0 0 0 0 231219 193620.151
-5.7348 -3.0339 0.0000 0.00 0.00 1.00 0 0 0 112 1 0 0 0 0 231219 193620.351
-5.7133 -3.0578 0.0000 0.00 0.00 1.00 0 0 0 112 1 0 0 0 0 231219 193620.552
-5.6954 -3.0872 0.0000 0.00 0.00 1.00 0 0 0 112 1 0 0 0 0 231219 193620.752
-5.6742 -3.1148 0.0000 0.00 0.00 1.00 0 0 0 112 1 0 0 0 0 231219 193620.952
-5.6477 -3.1340 0.0000 0.00 0.00 1.00 0 0 0 112 1 0 0 0 0 231219 193621.152
-5.6241 -3.1565 0.0000 0.00 0.00 1.00 0 0 0 112 1 0 0 0 0 231219 193621.352
-5.5982 -3.1845 0.0000 0.00 0.00 1.00 0 0 0 112 1 0 0 0 0 231219 193621.552
-5.5756 -3.2089 0.0000 0.00 0.00 1.00 0 0 0 112 1 0 0 0 0 231219 193621.753
-5.5525 -3.2338 0.0000 0.00 0.00 1.00 0 0 0 112 1 0 0 0 0 231219 193621.953
-5.5265 -3.2573 0.0000 0.00 0.00 1.00 0 0 0 112 1 0 0 0 0 231219 193622.153
-5.5020 -3.2824 0.0000 0.00 0.00 1.00 0 0 0 112 1 0 0 0 0 231219 193622.353
-5.4822 -3.3091 0.0000 0.00 0.00 1.00 0 0 0 112 1 0 0 0 0 231219 193622.553
-5.4587 -3.3337 0.0000 0.00 0.00 1.00 0 92 15 112 1 0 0 0 0 231219 193622.753
-5.4305 -3.3544 0.0000 0.00 0.00 1.00 0 205 10 112 1 0 0 0 0 231219 193622.953
-5.4058 -3.3844 0.0000 0.00 0.00 1.00 0 96 15 112 1 0 0 0 0 231219 193623.154
-5.3922 -3.4075 0.0000 0.00 0.00 1.00 0 124 10 112 1 0 0 0 0 231219 193623.354
-5.3720 -3.4243 0.0000 0.00 0.00 1.00 0 152 14 112 1 0 0 0 0 231219 193623.554
-5.3439 -3.4409 0.0000 0.00 0.00 1.00 0 26 27 112 1 0 0 0 0 231219 193623.754
-5.3212 -3.4618 0.0000 0.00 0.00 1.00 0 152 19 112 1 0 0 0 0 231219 193623.955
-5.3042 -3.4875 0.0000 0.00 0.00 1.00 0 214 12 112 1 0 0 0 0 231219 193624.155
-5.2817 -3.5062 0.0000 0.00 0.00 1.00 0 35 14 112 1 0 0 0 0 231219 193624.355
-5.2577 -3.5242 0.0000 0.00 0.00 1.00 0 242 16 112 1 0 0 0 0 231219 193624.555
-5.2452 -3.5537 0.0000 0.00 0.00 1.00 0 10 13 112 1 0 0 0 0 231219 193624.755
-5.2238 -3.5769 0.0000 0.00 0.00 1.00 0 196 13 112 1 0 0 0 0 231219 193624.956
-5.2004 -3.5992 0.0000 0.00 0.00 1.00 0 213 13 112 1 0 0 0 0 231219 193625.156
-5.1782 -3.6169 0.0000 0.00 0.00 1.00 0 146 17 112 1 0 0 0 0 231219 193625.356
-5.1586 -3.6371 0.0000 0.00 0.00 1.00 0 54 16 112 1 0 0 0 0 231219 193625.556
-5.1375 -3.6596 0.0000 0.00 0.00 1.00 0 99 14 112 1 0 0 0 0 231219 193625.756
-5.1204 -3.6885 0.0000 0.00 0.00 1.00 0 44 3 112 1 0 0 0 0 231219 193625.956
-5.0992 -3.7137 0.0000 0.00 0.00 1.00 0 255 10 112 1 0 0 0 0 231219 193626.157
-5.0803 -3.7400 0.0000 0.00 0.00 1.00 0 23 14 112 1 0 0 0 0 231219 193626.357
-5.0593 -3.7678 0.0000 0.00 0.00 1.00 0 179 6 112 1 0 0 0 0 231219 193626.557
-5.0371 -3.7910 0.0000 0.00 0.00 1.00 0 192 11 112 1 0 0 0 0 231219 193626.757
-5.0174 -3.8142 0.0000 0.00 0.00 1.00 0 100 11 112 1 0 0 0 0 231219 193626.957
-5.0001 -3.8392 0.0000 0.00 0.00 1.00 0 134 6 112 1 0 0 0 0 231219 193627.158
-4.9777 -3.8666 0.0000 0.00 0.00 1.00 0 171 9 112 1 0 0 0 0 231219 193627.358
-4.9574 -3.8921 0.0000 0.00 0.00 1.00 0 141 9 112 1 0 0 0 0 231219 193627.558
-4.9405 -3.9167 0.0000 0.00 0.00 1.00 0 205 8 112 1 0 0 0 0 231219 193627.758
-4.9248 -3.9400 0.0000 0.00 0.00 1.00 0 0 0 112 1 0 0 0 0 231219 193627.958
-4.9048 -3.9710 0.0000 0.00 0.00 1.00 0 0 0 112 1 0 0 0 0 231219 193628.158
-4.8853 -3.9976 0.0000 0.00 0.00 1.00 0 0 0 112 1 0 0 0 0 231219 193628.359
-4.8614 -4.0259 0.0000 0.00 0.00 1.00 0 0 0 112 1 0 0 0 0 231219 193628.559
-4.8396 -4.0495 0.0000 0.00 0.00 1.00 0 0 0 112 1 0 0 0 0 231219 193628.759
-4.8150 -4.0814 0.0000 0.00 0.00 1.00 0 0 0 112 1 0 0 0 0 231219 193628.959
-4.7968 -4.1092 0.0000 0.00 0.00 1.00 0 0 0 112 1 0 0 0 0 231219 193629.159
-4.7859 -4.1428 0.0000 0.00 0.00 1.00 0 0 0 112 1 0 0 0 0 231219 193629.359
-4.7667 -4.1691 0.0000 0.00 0.00 1.00 0 0 0 112 1 0 0 0 0 231219 193629.560
-4.7423 -4.1945 0.0000 0.00 0.00 1.00 0 0 0 112 1 0 0 0 0 231219 193629.760
-4.7230 -4.2197 0.0000 0.00 0.00 1.00 0 0 0 112 1 0 0 0 0 231219 193629.960
-4.7015 -4.2499 0.0000 0.00 0.00 1.00 0 0 0 112 1 0 0 0 0 231219 193630.160
-4.6839 -4.2815 0.0000 0.00 0.00 1.00 0 0 0 112 1 0 0 0 0 231219 193630.360
-4.6636 -4.3157 0.0000 0.00 0.00 1.00 0 0 0 112 1 0 0 0 0 231219 193630.561
-4.6428 -4.3395 0.0000 0.00 0.00 1.00 0 0 0 112 1 0 0 0 0 231219 193630.761
-4.6226 -4.3661 0.0000 0.00 0.00 1.00 0 0 0 112 1 0 0 0 0 231219 193630.961
-4.6030 -4.3979 0.0000 0.00 0.00 1.00 0 4 235 112 1 0 0 0 0 231219 193631.161
-4.5821 -4.4281 0.0000 0.00 0.00 1.00 0 218 233 112 1 0 0 0 0 231219 193631.361
-4.5665 -4.4536 0.0000 0.00 0.00 1.00 0 192 242 112 1 0 0 0 0 231219 193631.561
-4.5524 -4.4799 0.0000 0.00 0.00 1.00 0 80 242 112 1 0 0 0 0 231219 193631.762
-4.5348 -4.5065 0.0000 0.00 0.00 1.00 0 239 240 112 1 0 0 0 0 231219 193631.962
-4.5161 -4.5331 0.0000 0.00 0.00 1.00 0 231 228 112 1 0 0 0 0 231219 193632.162
-4.4933 -4.5665 0.0000 0.00 0.00 1.00 0 81 224 112 1 0 0 0 0 231219 193632.362
-4.4717 -4.5934 0.0000 0.00 0.00 1.00 0 178 227 112 1 0 0 0 0 231219 193632.562
-4.4591 -4.6097 0.0000 0.00 0.00 1.00 0 2 216 112 1 0 0 0 0 231219 193632.762
-4.4478 -4.6313 0.0000 0.00 0.00 1.00 0 212 226 112 1 0 0 0 0 231219 193632.963
-4.4275 -4.6576 0.0000 0.00 0.00 1.00 0 188 228 112 1 0 0 0 0 231219 193633.163
-4.4035 -4.6854 0.0000 0.00 0.00 1.00 0 118 233 112 1 0 0 0 0 231219 193633.363
-4.3834 -4.7149 0.0000 0.00 0.00 1.00 0 154 231 112 1 0 0 0 0 231219 193633.563
-4.3672 -4.7410 0.0000 0.00 0.00 1.00 0 106 230 112 1 0 0 0 0 231219 193633.763
-4.3477 -4.7635 0.0000 0.00 0.00 1.00 0 73 229 112 1 0 0 0 0 231219 193633.964
-4.3278 -4.7872 0.0000 0.00 0.00 1.00 0 39 228 112 1 0 0 0 0 231219 193634.164
-4.3049 -4.8146 0.0000 0.00 0.00 1.00 0 138 227 112 1 0 0 0 0 231219 193634.364
-4.2836 -4.8390 0.0000 0.00 0.00 1.00 0 206 225 112 1 0 0 0 0 231219 193634.564
-4.2605 -4.8663 0.0000 0.00 0.00 1.00 0 113 224 112 1 0 0 0 0 231219 193634.764
-4.2411 -4.8834 0.0000 0.00 0.00 1.00 0 21 224 112 1 0 0 0 0 231219 193634.965
-4.2209 -4.9026 0.0000 0.00 0.00 1.00 0 189 212 112 1 0 0 0 0 231219 193635.165
-4.1979 -4.9248 0.0000 0.00 0.00 1.00 0 13 221 112 1 0 0 0 0 231219 193635.365
-4.1768 -4.9467 0.0000 0.00 0.00 1.00 0 25 209 112 1 0 0 0 0 231219 193635.565
-4.1523 -4.9730 0.0000 0.00 0.00 1.00 0 0 0 127 0 0 0 0 0 231219 193635.765
-4.1325 -4.9898 0.0000 0.00 0.00 1.00 0 0 0 127 0 0 0 0 0 231219 193635.965
-4.1172 -5.0099 0.0000 0.00 0.00 1.00 0 0 0 127 0 0 0 0 0 231219 193636.165
-4.1344 -4.9923 0.0000 0.00 0.00 1.00 0 0 0 127 0 0 0 0 0 231219 193636.366
-4.1475 -4.9809 0.0000 0.00 0.00 1.00 0 0 0 127 0 0 0 0 0 231219 193636.566
-4.1551 -4.9740 0.0000 0.00 0.00 1.00 0 0 0 127 0 0 0 0 0 231219 193636.766
-4.1525 -4.9783 0.0000 0.00 0.00 1.00 0 0 0 127 0 0 0 0 0 231219 193636.966
-4.1444 -4.9847 0.0000 0.00 0.00 1.00 0 0 0 127 0 0 0 0 0 231219 193637.167
-4.1379 -4.9869 0.0000 0.00 0.00 1.00 0 0 0 127 0 0 0 0 0 231219 193637.367
-4.1392 -4.9843 0.0000 0.00 0.00 1.00 0 0 0 127 0 0 0 0 0 231219 193637.567
-4.1399 -4.9856 0.0000 0.00 0.00 1.00 0 0 0 127 0 0 0 0 0 231219 193637.767
-4.1462 -4.9841 0.0000 0.00 0.00 1.00 0 0 0 127 0 0 0 0 0 231219 193637.967
-4.1440 -4.9843 0.0000 0.00 0.00 1.00 0 0 0 127 0 0 0 0 0 231219 193638.167
