-0.2962 0.1176 0.0000 0.00 0.00 1.00 0 0 0 112 1 0 0 0 0 231219 195104.962
-0.2932 0.1186 0.0000 0.00 0.00 1.00 0 0 0 112 1 0 0 0 0 231219 195105.162
-0.2935 0.1195 0.0000 0.00 0.00 1.00 0 0 0 112 1 0 0 0 0 231219 195105.363
-0.2964 0.1160 0.0000 0.00 0.00 1.00 0 0 0 112 1 0 0 0 0 231219 195105.563
-0.2982 0.1152 0.0000 0.00 0.00 1.00 0 0 0 112 1 0 0 0 0 231219 195105.763
-0.2977 0.1164 0.0000 0.00 0.00 1.00 0 0 0 112 1 0 0 0 0 231219 195105.963
-0.2951 0.1195 0.0000 0.00 0.00 1.00 0 0 0 112 1 0 0 0 0 231219 195106.164
-0.2934 0.1199 0.0000 0.00 0.00 1.00 0 0 0 112 1 0 0 0 0 231219 195106.364
-0.2951 0.1194 0.0000 0.00 0.00 1.00 0 0 0 112 1 0 0 0 0 231219 195106.564
-0.2972 0.1188 0.0000 0.00 0.00 1.00 0 0 0 112 1 0 0 0 0 231219 195106.764
-0.2971 0.1171 0.0000 0.00 0.00 1.00 0 0 0 112 1 0 0 0 0 231219 195106.964
-0.2973 0.1181 0.0000 0.00 0.00 1.00 0 0 0 112 1 0 0 0 0 231219 195107.165
