6.2354 -0.6230 0.0000 0.00 0.00 1.00 0 0 0 112 1 0 0 0 0 231119 162214.957
6.2341 -0.6236 0.0000 0.00 0.00 1.00 0 0 0 112 1 0 0 0 0 231119 162215.157
6.2461 -0.6294 0.0000 0.00 0.00 1.00 0 0 0 112 1 0 0 0 0 231119 162215.357
6.2826 -0.6495 0.0000 0.00 0.00 1.00 0 0 0 112 1 0 0 0 0 231119 162215.557
6.3178 -0.6659 0.0000 0.00 0.00 1.00 0 0 0 112 1 0 0 0 0 231119 162215.757
6.3441 -0.6821 0.0000 0.00 0.00 1.00 0 0 0 112 1 0 0 0 0 231119 162215.957
6.3746 -0.6971 0.0000 0.00 0.00 1.00 0 0 0 112 1 0 0 0 0 231119 162216.158
6.4049 -0.7098 0.0000 0.00 0.00 1.00 0 0 0 112 1 0 0 0 0 231119 162216.358
6.4382 -0.7295 0.0000 0.00 0.00 1.00 0 0 0 112 1 0 0 0 0 231119 162216.558
6.4667 -0.7440 0.0000 0.00 0.00 1.00 0 0 0 112 1 0 0 0 0 231119 162216.758
6.4970 -0.7583 0.0000 0.00 0.00 1.00 0 0 0 112 1 0 0 0 0 231119 162216.958
6.5257 -0.7750 0.0000 0.00 0.00 1.00 0 0 0 112 1 0 0 0 0 231119 162217.158
6.5569 -0.7907 0.0000 0.00 0.00 1.00 0 0 0 112 1 0 0 0 0 231119 162217.359
6.5806 -0.8028 0.0000 0.00 0.00 1.00 0 0 0 112 1 0 0 0 0 231119 162217.559
6.6150 -0.8204 0.0000 0.00 0.00 1.00 0 0 0 112 1 0 0 0 0 231119 162217.759
6.6441 -0.8370 0.0000 0.00 0.00 1.00 0 0 0 112 1 0 0 0 0 231119 162217.959
6.6751 -0.8509 0.0000 0.00 0.00 1.00 0 0 0 112 1 0 0 0 0 231119 162218.159
6.7047 -0.8658 0.0000 0.00 0.00 1.00 0 0 0 112 1 0 0 0 0 231119 162218.359
6.7353 -0.8812 0.0000 0.00 0.00 1.00 0 0 0 112 1 0 0 0 0 231119 162218.559
6.7655 -0.9010 0.0000 0.00 0.00 1.00 0 0 0 112 1 0 0 0 0 231119 162218.760
6.7983 -0.9144 0.0000 0.00 0.00 1.00 0 0 0 112 1 0 0 0 0 231119 162218.960
6.8263 -0.9272 0.0000 0.00 0.00 1.00 0 0 0 112 1 0 0 0 0 231119 162219.160
6.8552 -0.9444 0.0000 0.00 0.00 1.00 0 0 0 112 1 0 0 0 0 231119 162219.360
6.8872 -0.9585 0.0000 0.00 0.00 1.00 0 0 0 112 1 0 0 0 0 231119 162219.560
6.9173 -0.9742 0.0000 0.00 0.00 1.00 0 0 0 112 1 0 0 0 0 231119 162219.760
6.9482 -0.9900 0.0000 0.00 0.00 1.00 0 0 0 112 1 0 0 0 0 231119 162219.961
6.9760 -1.0064 0.0000 0.00 0.00 1.00 0 0 0 112 1 0 0 0 0 231119 162220.161
7.0040 -1.0235 0.0000 0.00 0.00 1.00 0 0 0 112 1 0 0 0 0 231119 162220.361
7.0382 -1.0372 0.0000 0.00 0.00 1.00 0 0 0 112 1 0 0 0 0 231119 162220.561
7.0668 -1.0527 0.0000 0.00 0.00 1.00 0 0 0 112 1 0 0 0 0 231119 162220.761
7.0956 -1.0687 0.0000 0.00 0.00 1.00 0 0 0 112 1 0 0 0 0 231119 162220.961
7.1276 -1.0837 0.0000 0.00 0.00 1.00 0 0 0 112 1 0 0 0 0 231119 162221.162
7.1548 -1.1001 0.0000 0.00 0.00 1.00 0 0 0 112 1 0 0 0 0 231119 162221.362
7.1861 -1.1112 0.0000 0.00 0.00 1.00 0 0 0 112 1 0 0 0 0 231119 162221.562
7.2150 -1.1292 0.0000 0.00 0.00 1.00 0 0 0 112 1 0 0 0 0 231119 162221.762
7.2448 -1.1478 0.0000 0.00 0.00 1.00 0 0 0 112 1 0 0 0 0 231119 162221.962
7.2754 -1.1633 0.0000 0.00 0.00 1.00 0 0 0 112 1 0 0 0 0 231119 162222.162
7.3068 -1.1781 0.0000 0.00 0.00 1.00 0 0 0 112 1 0 0 0 0 231119 162222.362
7.3375 -1.1910 0.0000 0.00 0.00 1.00 0 0 0 112 1 0 0 0 0 231119 162222.563
7.3665 -1.2074 0.0000 0.00 0.00 1.00 0 0 0 112 1 0 0 0 0 231119 162222.763
7.3936 -1.2260 0.0000 0.00 0.00 1.00 0 0 0 112 1 0 0 0 0 231119 162222.963
7.4267 -1.2396 0.0000 0.00 0.00 1.00 0 0 0 112 1 0 0 0 0 231119 162223.163
7.4591 -1.2535 0.0000 0.00 0.00 1.00 0 0 0 112 1 0 0 0 0 231119 162223.363
7.4860 -1.2696 0.0000 0.00 0.00 1.00 0 0 0 112 1 0 0 0 0 231119 162223.563
7.5204 -1.2809 0.0000 0.00 0.00 1.00 0 0 0 112 1 0 0 0 0 231119 162223.763
7.5499 -1.2977 0.0000 0.00 0.00 1.00 0 0 0 112 1 0 0 0 0 231119 162223.964
7.5781 -1.3127 0.0000 0.00 0.00 1.00 0 0 0 112 1 0 0 0 0 231119 162224.164
7.6092 -1.3302 0.0000 0.00 0.00 1.00 0 0 0 112 1 0 0 0 0 231119 162224.364
7.6374 -1.3450 0.0000 0.00 0.00 1.00 0 0 0 112 1 0 0 0 0 231119 162224.564
7.6677 -1.3577 0.0000 0.00 0.00 1.00 0 0 0 112 1 0 0 0 0 231119 162224.764
7.7004 -1.3717 0.0000 0.00 0.00 1.00 0 0 0 112 1 0 0 0 0 231119 162224.964
7.7269 -1.3901 0.0000 0.00 0.00 1.00 0 0 0 112 1 0 0 0 0 231119 162225.164
7.7578 -1.4037 0.0000 0.00 0.00 1.00 0 0 0 112 1 0 0 0 0 231119 162225.364
7.7877 -1.4175 0.0000 0.00 0.00 1.00 0 0 0 112 1 0 0 0 0 231119 162225.565
7.8189 -1.4353 0.0000 0.00 0.00 1.00 0 0 0 112 1 0 0 0 0 231119 162225.765
7.8471 -1.4493 0.0000 0.00 0.00 1.00 0 0 0 112 1 0 0 0 0 231119 162225.965
7.8750 -1.4638 0.0000 0.00 0.00 1.00 0 0 0 112 1 0 0 0 0 231119 162226.165
7.9105 -1.4794 0.0000 0.00 0.00 1.00 0 0 0 112 1 0 0 0 0 231119 162226.365
7.9405 -1.4900 0.0000 0.00 0.00 1.00 0 0 0 112 1 0 0 0 0 231119 162226.565
7.9692 -1.5055 0.0000 0.00 0.00 1.00 0 0 0 112 1 0 0 0 0 231119 162226.765
7.9992 -1.5232 0.0000 0.00 0.00 1.00 0 0 0 112 1 0 0 0 0 231119 162226.966
8.0328 -1.5383 0.0000 0.00 0.00 1.00 0 0 0 112 1 0 0 0 0 231119 162227.166
8.0594 -1.5552 0.0000 0.00 0.00 1.00 0 0 0 112 1 0 0 0 0 231119 162227.366
8.0889 -1.5704 0.0000 0.00 0.00 1.00 0 0 0 112 1 0 0 0 0 231119 162227.566
8.1201 -1.5851 0.0000 0.00 0.00 1.00 0 0 0 112 1 0 0 0 0 231119 162227.766
8.1534 -1.5992 0.0000 0.00 0.00 1.00 0 0 0 112 1 0 0 0 0 231119 162227.966
8.1802 -1.6158 0.0000 0.00 0.00 1.00 0 0 0 112 1 0 0 0 0 231119 162228.166
8.2110 -1.6294 0.0000 0.00 0.00 1.00 0 0 0 112 1 0 0 0 0 231119 162228.367
8.2403 -1.6446 0.0000 0.00 0.00 1.00 0 0 0 112 1 0 0 0 0 231119 162228.567
8.2728 -1.6560 0.0000 0.00 0.00 1.00 0 0 0 112 1 0 0 0 0 231119 162228.767
8.2985 -1.6755 0.0000 0.00 0.00 1.00 0 0 0 112 1 0 0 0 0 231119 162228.967
8.3272 -1.6913 0.0000 0.00 0.00 1.00 0 0 0 112 1 0 0 0 0 231119 162229.167
8.3569 -1.7046 0.0000 0.00 0.00 1.00 0 0 0 112 1 0 0 0 0 231119 162229.367
8.3868 -1.7193 0.0000 0.00 0.00 1.00 0 0 0 112 1 0 0 0 0 231119 162229.567
8.4204 -1.7333 0.0000 0.00 0.00 1.00 0 0 0 112 1 0 0 0 0 231119 162229.768
8.4495 -1.7509 0.0000 0.00 0.00 1.00 0 0 0 112 1 0 0 0 0 231119 162229.968
8.4783 -1.7651 0.0000 0.00 0.00 1.00 0 0 0 112 1 0 0 0 0 231119 162230.168
8.5090 -1.7751 0.0000 0.00 0.00 1.00 0 0 0 112 1 0 0 0 0 231119 162230.368
8.5420 -1.7890 0.0000 0.00 0.00 1.00 0 0 0 112 1 0 0 0 0 231119 162230.568
8.5715 -1.8051 0.0000 0.00 0.00 1.00 0 0 0 112 1 0 0 0 0 231119 162230.768
8.6020 -1.8217 0.0000 0.00 0.00 1.00 0 0 0 112 1 0 0 0 0 231119 162230.968
8.6312 -1.8374 0.0000 0.00 0.00 1.00 0 0 0 112 1 0 0 0 0 231119 162231.169
8.6617 -1.8518 0.0000 0.00 0.00 1.00 0 0 0 112 1 0 0 0 0 231119 162231.369
8.6926 -1.8664 0.0000 0.00 0.00 1.00 0 0 0 112 1 0 0 0 0 231119 162231.569
8.7223 -1.8817 0.0000 0.00 0.00 1.00 0 0 0 112 1 0 0 0 0 231119 162231.769
8.7500 -1.8947 0.0000 0.00 0.00 1.00 0 0 0 112 1 0 0 0 0 231119 162231.969
8.7809 -1.9101 0.0000 0.00 0.00 1.00 0 0 0 112 1 0 0 0 0 231119 162232.169
8.8195 -1.9262 0.0000 0.00 0.00 1.00 0 0 0 112 1 0 0 0 0 231119 162232.370
8.8456 -1.9419 0.0000 0.00 0.00 1.00 0 0 0 112 1 0 0 0 0 231119 162232.570
8.8782 -1.9548 0.0000 0.00 0.00 1.00 0 0 0 112 1 0 0 0 0 231119 162232.770
8.9081 -1.9690 0.0000 0.00 0.00 1.00 0 0 0 112 1 0 0 0 0 231119 162232.970
8.9385 -1.9811 0.0000 0.00 0.00 1.00 0 217 240 112 1 0 0 0 0 231119 162233.170
8.9679 -1.9964 0.0000 0.00 0.00 1.00 0 145 237 112 1 0 0 0 0 231119 162233.370
8.9970 -2.0126 0.0000 0.00 0.00 1.00 0 113 240 112 1 0 0 0 0 231119 162233.570
9.0277 -2.0229 0.0000 0.00 0.00 1.00 0 201 241 112 1 0 0 0 0 231119 162233.771
9.0525 -2.0370 0.0000 0.00 0.00 1.00 0 155 236 112 1 0 0 0 0 231119 162233.971
9.0801 -2.0483 0.0000 0.00 0.00 1.00 0 68 238 112 1 0 0 0 0 231119 162234.171
9.1004 -2.0584 0.0000 0.00 0.00 1.00 0 116 236 112 1 0 0 0 0 231119 162234.371
9.1373 -2.0719 0.0000 0.00 0.00 1.00 0 91 235 112 1 0 0 0 0 231119 162234.571
9.1657 -2.0852 0.0000 0.00 0.00 1.00 0 205 231 112 1 0 0 0 0 231119 162234.771
9.1921 -2.0981 0.0000 0.00 0.00 1.00 0 56 235 112 1 0 0 0 0 231119 162234.971
9.2123 -2.1083 0.0000 0.00 0.00 1.00 0 98 231 112 1 0 0 0 0 231119 162235.172
9.2425 -2.1205 0.0000 0.00 0.00 1.00 0 28 233 112 1 0 0 0 0 231119 162235.372
9.2701 -2.1301 0.0000 0.00 0.00 1.00 0 128 233 112 1 0 0 0 0 231119 162235.572
9.2969 -2.1409 0.0000 0.00 0.00 1.00 0 49 231 112 1 0 0 0 0 231119 162235.772
9.3265 -2.1447 0.0000 0.00 0.00 1.00 0 14 235 112 1 0 0 0 0 231119 162235.972
9.3524 -2.1550 0.0000 0.00 0.00 1.00 0 37 232 112 1 0 0 0 0 231119 162236.172
9.3737 -2.1701 0.0000 0.00 0.00 1.00 0 155 226 112 1 0 0 0 0 231119 162236.372
9.4030 -2.1808 0.0000 0.00 0.00 1.00 0 66 223 112 1 0 0 0 0 231119 162236.573
9.4308 -2.1856 0.0000 0.00 0.00 1.00 0 44 228 112 1 0 0 0 0 231119 162236.773
9.4599 -2.1941 0.0000 0.00 0.00 1.00 0 198 226 112 1 0 0 0 0 231119 162236.973
9.4894 -2.2041 0.0000 0.00 0.00 1.00 0 91 224 112 1 0 0 0 0 231119 162237.173
9.5164 -2.2116 0.0000 0.00 0.00 1.00 0 205 225 112 1 0 0 0 0 231119 162237.373
9.5429 -2.2177 0.0000 0.00 0.00 1.00 0 0 226 112 1 0 0 0 0 231119 162237.573
9.5679 -2.2272 0.0000 0.00 0.00 1.00 0 78 223 112 1 0 0 0 0 231119 162237.773
9.5946 -2.2319 0.0000 0.00 0.00 1.00 0 9 223 112 1 0 0 0 0 231119 162237.974
9.6213 -2.2378 0.0000 0.00 0.00 1.00 0 2 223 112 1 0 0 0 0 231119 162238.174
9.6498 -2.2440 0.0000 0.00 0.00 1.00 0 138 222 112 1 0 0 0 0 231119 162238.374
9.6761 -2.2516 0.0000 0.00 0.00 1.00 0 50 220 112 1 0 0 0 0 231119 162238.574
9.7034 -2.2553 0.0000 0.00 0.00 1.00 0 29 219 112 1 0 0 0 0 231119 162238.774
9.7311 -2.2557 0.0000 0.00 0.00 1.00 0 202 221 112 1 0 0 0 0 231119 162238.974
9.7588 -2.2621 0.0000 0.00 0.00 1.00 0 172 215 112 1 0 0 0 0 231119 162239.174
9.7800 -2.2680 0.0000 0.00 0.00 1.00 0 220 216 112 1 0 0 0 0 231119 162239.375
9.8045 -2.2697 0.0000 0.00 0.00 1.00 0 2 218 112 1 0 0 0 0 231119 162239.575
9.8256 -2.2738 0.0000 0.00 0.00 1.00 0 254 216 112 1 0 0 0 0 231119 162239.775
9.8512 -2.2811 0.0000 0.00 0.00 1.00 0 9 214 112 1 0 0 0 0 231119 162239.975
9.8771 -2.2837 0.0000 0.00 0.00 1.00 0 4 220 112 1 0 0 0 0 231119 162240.175
9.9026 -2.2909 0.0000 0.00 0.00 1.00 0 120 216 112 1 0 0 0 0 231119 162240.375
9.9270 -2.2985 0.0000 0.00 0.00 1.00 0 186 215 112 1 0 0 0 0 231119 162240.576
9.9550 -2.3023 0.0000 0.00 0.00 1.00 0 22 216 112 1 0 0 0 0 231119 162240.776
9.9789 -2.3045 0.0000 0.00 0.00 1.00 0 120 215 112 1 0 0 0 0 231119 162240.976
10.0035 -2.3061 0.0000 0.00 0.00 1.00 0 103 212 112 1 0 0 0 0 231119 162241.176
10.0326 -2.3142 0.0000 0.00 0.00 1.00 0 0 209 112 1 0 0 0 0 231119 162241.376
10.0542 -2.3203 0.0000 0.00 0.00 1.00 0 28 209 112 1 0 0 0 0 231119 162241.576
10.0789 -2.3243 0.0000 0.00 0.00 1.00 0 130 208 112 1 0 0 0 0 231119 162241.776
10.1020 -2.3248 0.0000 0.00 0.00 1.00 0 238 210 112 1 0 0 0 0 231119 162241.977
10.1264 -2.3187 0.0000 0.00 0.00 1.00 0 19 211 112 1 0 0 0 0 231119 162242.177
10.1510 -2.3192 0.0000 0.00 0.00 1.00 0 78 210 112 1 0 0 0 0 231119 162242.377
10.1738 -2.3246 0.0000 0.00 0.00 1.00 0 54 209 112 1 0 0 0 0 231119 162242.577
10.1859 -2.3218 0.0000 0.00 0.00 1.00 0 34 212 112 1 0 0 0 0 231119 162242.777
10.1973 -2.3265 0.0000 0.00 0.00 1.00 0 154 209 112 1 0 0 0 0 231119 162242.977
10.2206 -2.3312 0.0000 0.00 0.00 1.00 0 71 205 112 1 0 0 0 0 231119 162243.177
10.2445 -2.3271 0.0000 0.00 0.00 1.00 0 49 209 112 1 0 0 0 0 231119 162243.378
10.2662 -2.3236 0.0000 0.00 0.00 1.00 0 105 205 112 1 0 0 0 0 231119 162243.578
10.2780 -2.3267 0.0000 0.00 0.00 1.00 0 14 207 112 1 0 0 0 0 231119 162243.778
10.2985 -2.3205 0.0000 0.00 0.00 1.00 0 68 208 112 1 0 0 0 0 231119 162243.978
10.3168 -2.3199 0.0000 0.00 0.00 1.00 0 128 208 112 1 0 0 0 0 231119 162244.178
10.3428 -2.3133 0.0000 0.00 0.00 1.00 0 182 204 112 1 0 0 0 0 231119 162244.378
10.3688 -2.3087 0.0000 0.00 0.00 1.00 0 149 204 112 1 0 0 0 0 231119 162244.578
10.3893 -2.3114 0.0000 0.00 0.00 1.00 0 237 199 112 1 0 0 0 0 231119 162244.778
10.4112 -2.3084 0.0000 0.00 0.00 1.00 0 173 203 112 1 0 0 0 0 231119 162244.979
10.4244 -2.3054 0.0000 0.00 0.00 1.00 0 156 203 112 1 0 0 0 0 231119 162245.179
10.4416 -2.3044 0.0000 0.00 0.00 1.00 0 48 204 112 1 0 0 0 0 231119 162245.379
10.4636 -2.2938 0.0000 0.00 0.00 1.00 0 28 206 112 1 0 0 0 0 231119 162245.579
10.4762 -2.2906 0.0000 0.00 0.00 1.00 0 212 204 112 1 0 0 0 0 231119 162245.779
10.4966 -2.2804 0.0000 0.00 0.00 1.00 0 51 208 112 1 0 0 0 0 231119 162245.979
10.5081 -2.2739 0.0000 0.00 0.00 1.00 0 90 205 112 1 0 0 0 0 231119 162246.179
10.5165 -2.2719 0.0000 0.00 0.00 1.00 0 6 206 112 1 0 0 0 0 231119 162246.380
10.5343 -2.2684 0.0000 0.00 0.00 1.00 0 127 202 112 1 0 0 0 0 231119 162246.580
10.5614 -2.2555 0.0000 0.00 0.00 1.00 0 253 205 112 1 0 0 0 0 231119 162246.780
10.5828 -2.2498 0.0000 0.00 0.00 1.00 0 135 203 112 1 0 0 0 0 231119 162246.980
10.5989 -2.2397 0.0000 0.00 0.00 1.00 0 127 203 112 1 0 0 0 0 231119 162247.180
10.6182 -2.2374 0.0000 0.00 0.00 1.00 0 189 202 112 1 0 0 0 0 231119 162247.380
10.6357 -2.2249 0.0000 0.00 0.00 1.00 0 129 206 112 1 0 0 0 0 231119 162247.580
10.6568 -2.2133 0.0000 0.00 0.00 1.00 0 71 202 112 1 0 0 0 0 231119 162247.780
10.6773 -2.2001 0.0000 0.00 0.00 1.00 0 184 207 112 1 0 0 0 0 231119 162247.981
10.6903 -2.1862 0.0000 0.00 0.00 1.00 0 232 208 112 1 0 0 0 0 231119 162248.181
10.7077 -2.1728 0.0000 0.00 0.00 1.00 0 50 205 112 1 0 0 0 0 231119 162248.381
10.7295 -2.1549 0.0000 0.00 0.00 1.00 0 111 206 112 1 0 0 0 0 231119 162248.581
10.7477 -2.1410 0.0000 0.00 0.00 1.00 0 185 205 112 1 0 0 0 0 231119 162248.781
10.7527 -2.1442 0.0000 0.00 0.00 1.00 0 133 204 112 1 0 0 0 0 231119 162248.981
10.7666 -2.1372 0.0000 0.00 0.00 1.00 0 213 206 112 1 0 0 0 0 231119 162249.181
10.7814 -2.1288 0.0000 0.00 0.00 1.00 0 98 206 112 1 0 0 0 0 231119 162249.382
10.7888 -2.1176 0.0000 0.00 0.00 1.00 0 252 208 112 1 0 0 0 0 231119 162249.582
10.7959 -2.1066 0.0000 0.00 0.00 1.00 0 9 210 112 1 0 0 0 0 231119 162249.782
10.8073 -2.0933 0.0000 0.00 0.00 1.00 0 196 206 112 1 0 0 0 0 231119 162249.982
10.8204 -2.0844 0.0000 0.00 0.00 1.00 0 152 205 112 1 0 0 0 0 231119 162250.182
10.8376 -2.0684 0.0000 0.00 0.00 1.00 0 10 208 112 1 0 0 0 0 231119 162250.382
10.8526 -2.0523 0.0000 0.00 0.00 1.00 0 185 206 112 1 0 0 0 0 231119 162250.583
10.8609 -2.0448 0.0000 0.00 0.00 1.00 0 161 208 112 1 0 0 0 0 231119 162250.783
10.8755 -2.0238 0.0000 0.00 0.00 1.00 0 62 207 112 1 0 0 0 0 231119 162250.983
10.8909 -1.9987 0.0000 0.00 0.00 1.00 0 40 211 112 1 0 0 0 0 231119 162251.183
10.9010 -1.9869 0.0000 0.00 0.00 1.00 0 163 209 112 1 0 0 0 0 231119 162251.383
10.9160 -1.9668 0.0000 0.00 0.00 1.00 0 166 208 112 1 0 0 0 0 231119 162251.583
10.9285 -1.9509 0.0000 0.00 0.00 1.00 0 36 208 112 1 0 0 0 0 231119 162251.784
10.9424 -1.9328 0.0000 0.00 0.00 1.00 0 92 207 112 1 0 0 0 0 231119 162251.984
10.9593 -1.9087 0.0000 0.00 0.00 1.00 0 11 208 112 1 0 0 0 0 231119 162252.184
10.9786 -1.8821 0.0000 0.00 0.00 1.00 0 152 206 112 1 0 0 0 0 231119 162252.384
10.9916 -1.8582 0.0000 0.00 0.00 1.00 0 152 209 112 1 0 0 0 0 231119 162252.584
11.0038 -1.8336 0.0000 0.00 0.00 1.00 0 91 212 112 1 0 0 0 0 231119 162252.784
11.0148 -1.8094 0.0000 0.00 0.00 1.00 0 223 211 112 1 0 0 0 0 231119 162252.985
11.0256 -1.7855 0.0000 0.00 0.00 1.00 0 82 212 112 1 0 0 0 0 231119 162253.185
11.0334 -1.7608 0.0000 0.00 0.00 1.00 0 105 215 112 1 0 0 0 0 231119 162253.385
11.0444 -1.7350 0.0000 0.00 0.00 1.00 0 122 214 112 1 0 0 0 0 231119 162253.585
11.0544 -1.7106 0.0000 0.00 0.00 1.00 0 3 215 112 1 0 0 0 0 231119 162253.785
11.0632 -1.6857 0.0000 0.00 0.00 1.00 0 169 216 112 1 0 0 0 0 231119 162253.986
11.0735 -1.6617 0.0000 0.00 0.00 1.00 0 239 216 112 1 0 0 0 0 231119 162254.186
11.0853 -1.6348 0.0000 0.00 0.00 1.00 0 54 215 112 1 0 0 0 0 231119 162254.386
11.0956 -1.6086 0.0000 0.00 0.00 1.00 0 29 218 112 1 0 0 0 0 231119 162254.586
11.1001 -1.5807 0.0000 0.00 0.00 1.00 0 106 221 112 1 0 0 0 0 231119 162254.786
11.1093 -1.5555 0.0000 0.00 0.00 1.00 0 26 217 112 1 0 0 0 0 231119 162254.986
11.1162 -1.5303 0.0000 0.00 0.00 1.00 0 243 219 112 1 0 0 0 0 231119 162255.187
11.1206 -1.5075 0.0000 0.00 0.00 1.00 0 63 222 112 1 0 0 0 0 231119 162255.387
11.1260 -1.4796 0.0000 0.00 0.00 1.00 0 80 222 112 1 0 0 0 0 231119 162255.587
11.1344 -1.4507 0.0000 0.00 0.00 1.00 0 16 223 112 1 0 0 0 0 231119 162255.787
11.1407 -1.4187 0.0000 0.00 0.00 1.00 0 213 224 112 1 0 0 0 0 231119 162255.987
11.1474 -1.3905 0.0000 0.00 0.00 1.00 0 71 225 112 1 0 0 0 0 231119 162256.187
11.1534 -1.3624 0.0000 0.00 0.00 1.00 0 239 224 112 1 0 0 0 0 231119 162256.387
11.1577 -1.3317 0.0000 0.00 0.00 1.00 0 90 224 112 1 0 0 0 0 231119 162256.587
11.1630 -1.3029 0.0000 0.00 0.00 1.00 0 62 226 112 1 0 0 0 0 231119 162256.788
11.1643 -1.2739 0.0000 0.00 0.00 1.00 0 105 229 112 1 0 0 0 0 231119 162256.988
11.1709 -1.2478 0.0000 0.00 0.00 1.00 0 35 223 112 1 0 0 0 0 231119 162257.188
11.1695 -1.2156 0.0000 0.00 0.00 1.00 0 241 229 112 1 0 0 0 0 231119 162257.388
11.1686 -1.1861 0.0000 0.00 0.00 1.00 0 241 229 112 1 0 0 0 0 231119 162257.588
11.1730 -1.1550 0.0000 0.00 0.00 1.00 0 121 229 112 1 0 0 0 0 231119 162257.788
11.1746 -1.1229 0.0000 0.00 0.00 1.00 0 135 228 112 1 0 0 0 0 231119 162257.989
11.1763 -1.0928 0.0000 0.00 0.00 1.00 0 63 234 112 1 0 0 0 0 231119 162258.189
11.1796 -1.0659 0.0000 0.00 0.00 1.00 0 35 237 112 1 0 0 0 0 231119 162258.389
11.1812 -1.0291 0.0000 0.00 0.00 1.00 0 125 234 112 1 0 0 0 0 231119 162258.589
11.1788 -0.9958 0.0000 0.00 0.00 1.00 0 247 237 112 1 0 0 0 0 231119 162258.789
11.1791 -0.9657 0.0000 0.00 0.00 1.00 0 16 236 112 1 0 0 0 0 231119 162258.989
11.1802 -0.9385 0.0000 0.00 0.00 1.00 0 210 243 112 1 0 0 0 0 231119 162259.190
11.1794 -0.9134 0.0000 0.00 0.00 1.00 0 62 241 112 1 0 0 0 0 231119 162259.390
11.1785 -0.8783 0.0000 0.00 0.00 1.00 0 22 241 112 1 0 0 0 0 231119 162259.590
11.1788 -0.8487 0.0000 0.00 0.00 1.00 0 57 236 112 1 0 0 0 0 231119 162259.790
11.1791 -0.8184 0.0000 0.00 0.00 1.00 0 29 240 112 1 0 0 0 0 231119 162259.990
11.1770 -0.7878 0.0000 0.00 0.00 1.00 0 15 246 112 1 0 0 0 0 231119 162300.190
11.1757 -0.7599 0.0000 0.00 0.00 1.00 0 5 246 112 1 0 0 0 0 231119 162300.390
11.1754 -0.7306 0.0000 0.00 0.00 1.00 0 224 243 112 1 0 0 0 0 231119 162300.591
11.1715 -0.7011 0.0000 0.00 0.00 1.00 0 222 248 112 1 0 0 0 0 231119 162300.791
11.1671 -0.6719 0.0000 0.00 0.00 1.00 0 154 250 112 1 0 0 0 0 231119 162300.991
11.1660 -0.6428 0.0000 0.00 0.00 1.00 0 204 248 112 1 0 0 0 0 231119 162301.191
11.1607 -0.6103 0.0000 0.00 0.00 1.00 0 108 250 112 1 0 0 0 0 231119 162301.391
11.1584 -0.5757 0.0000 0.00 0.00 1.00 0 44 255 112 1 0 0 0 0 231119 162301.591
11.1597 -0.5435 0.0000 0.00 0.00 1.00 0 1 251 112 1 0 0 0 0 231119 162301.791
11.1582 -0.5134 0.0000 0.00 0.00 1.00 0 220 252 112 1 0 0 0 0 231119 162301.992
11.1586 -0.4836 0.0000 0.00 0.00 1.00 0 12 253 112 1 0 0 0 0 231119 162302.192
11.1584 -0.4550 0.0000 0.00 0.00 1.00 0 182 255 112 1 0 0 0 0 231119 162302.392
11.1538 -0.4258 0.0000 0.00 0.00 1.00 0 236 0 112 1 0 0 0 0 231119 162302.592
11.1524 -0.3868 0.0000 0.00 0.00 1.00 0 0 0 112 1 0 0 0 0 231119 162302.792
11.1551 -0.3562 0.0000 0.00 0.00 1.00 0 0 0 112 1 0 0 0 0 231119 162302.992
11.1515 -0.3234 0.0000 0.00 0.00 1.00 0 0 0 112 1 0 0 0 0 231119 162303.193
11.1538 -0.2896 0.0000 0.00 0.00 1.00 0 0 0 112 1 0 0 0 0 231119 162303.393
11.1487 -0.2543 0.0000 0.00 0.00 1.00 0 0 0 112 1 0 0 0 0 231119 162303.593
11.1452 -0.2238 0.0000 0.00 0.00 1.00 0 0 0 112 1 0 0 0 0 231119 162303.793
11.1474 -0.1917 0.0000 0.00 0.00 1.00 0 0 0 112 1 0 0 0 0 231119 162303.993
11.1437 -0.1543 0.0000 0.00 0.00 1.00 0 0 0 112 1 0 0 0 0 231119 162304.193
11.1433 -0.1285 0.0000 0.00 0.00 1.00 0 0 0 112 1 0 0 0 0 231119 162304.394
11.1400 -0.0967 0.0000 0.00 0.00 1.00 0 0 0 112 1 0 0 0 0 231119 162304.594
11.1330 -0.0653 0.0000 0.00 0.00 1.00 0 0 0 112 1 0 0 0 0 231119 162304.794
11.1281 -0.0359 0.0000 0.00 0.00 1.00 0 82 13 112 1 0 0 0 0 231119 162304.994
11.1220 -0.0063 0.0000 0.00 0.00 1.00 0 132 17 112 1 0 0 0 0 231119 162305.194
11.1163 0.0205 0.0000 0.00 0.00 1.00 0 82 16 112 1 0 0 0 0 231119 162305.394
11.1097 0.0500 0.0000 0.00 0.00 1.00 0 206 18 112 1 0 0 0 0 231119 162305.594
11.1062 0.0782 0.0000 0.00 0.00 1.00 0 89 20 112 1 0 0 0 0 231119 162305.795
11.1037 0.1073 0.0000 0.00 0.00 1.00 0 164 19 112 1 0 0 0 0 231119 162305.995
11.1037 0.1348 0.0000 0.00 0.00 1.00 0 200 18 112 1 0 0 0 0 231119 162306.195
11.0983 0.1622 0.0000 0.00 0.00 1.00 0 192 21 112 1 0 0 0 0 231119 162306.395
11.0964 0.1931 0.0000 0.00 0.00 1.00 0 253 23 112 1 0 0 0 0 231119 162306.595
11.0901 0.2232 0.0000 0.00 0.00 1.00 0 145 25 112 1 0 0 0 0 231119 162306.795
11.0861 0.2585 0.0000 0.00 0.00 1.00 0 246 25 112 1 0 0 0 0 231119 162306.995
11.0844 0.2896 0.0000 0.00 0.00 1.00 0 152 24 112 1 0 0 0 0 231119 162307.196
11.0848 0.3224 0.0000 0.00 0.00 1.00 0 159 28 112 1 0 0 0 0 231119 162307.396
11.0805 0.3533 0.0000 0.00 0.00 1.00 0 61 30 112 1 0 0 0 0 231119 162307.596
11.0789 0.3827 0.0000 0.00 0.00 1.00 0 94 28 112 1 0 0 0 0 231119 162307.796
11.0756 0.4123 0.0000 0.00 0.00 1.00 0 7 28 112 1 0 0 0 0 231119 162307.996
11.0746 0.4416 0.0000 0.00 0.00 1.00 0 128 27 112 1 0 0 0 0 231119 162308.196
11.0733 0.4714 0.0000 0.00 0.00 1.00 0 171 31 112 1 0 0 0 0 231119 162308.397
11.0721 0.5020 0.0000 0.00 0.00 1.00 0 37 31 112 1 0 0 0 0 231119 162308.597
11.0720 0.5335 0.0000 0.00 0.00 1.00 0 164 31 112 1 0 0 0 0 231119 162308.797
11.0678 0.5712 0.0000 0.00 0.00 1.00 0 217 35 112 1 0 0 0 0 231119 162308.997
11.0675 0.6023 0.0000 0.00 0.00 1.00 0 47 32 112 1 0 0 0 0 231119 162309.197
11.0622 0.6303 0.0000 0.00 0.00 1.00 0 165 36 112 1 0 0 0 0 231119 162309.397
11.0646 0.6627 0.0000 0.00 0.00 1.00 0 169 34 112 1 0 0 0 0 231119 162309.597
11.0631 0.6907 0.0000 0.00 0.00 1.00 0 28 38 112 1 0 0 0 0 231119 162309.798
11.0627 0.7172 0.0000 0.00 0.00 1.00 0 183 34 112 1 0 0 0 0 231119 162309.998
11.0608 0.7349 0.0000 0.00 0.00 1.00 0 31 37 112 1 0 0 0 0 231119 162310.198
11.0672 0.7678 0.0000 0.00 0.00 1.00 0 137 35 112 1 0 0 0 0 231119 162310.398
11.0700 0.7951 0.0000 0.00 0.00 1.00 0 198 38 112 1 0 0 0 0 231119 162310.598
11.0730 0.8211 0.0000 0.00 0.00 1.00 0 239 40 112 1 0 0 0 0 231119 162310.798
11.0769 0.8482 0.0000 0.00 0.00 1.00 0 99 41 112 1 0 0 0 0 231119 162310.998
11.0834 0.8742 0.0000 0.00 0.00 1.00 0 36 38 112 1 0 0 0 0 231119 162311.199
11.0861 0.9004 0.0000 0.00 0.00 1.00 0 80 40 112 1 0 0 0 0 231119 162311.399
11.0938 0.9313 0.0000 0.00 0.00 1.00 0 167 39 112 1 0 0 0 0 231119 162311.599
11.1016 0.9591 0.0000 0.00 0.00 1.00 0 220 40 112 1 0 0 0 0 231119 162311.799
11.1029 0.9855 0.0000 0.00 0.00 1.00 0 36 44 112 1 0 0 0 0 231119 162311.999
11.1025 1.0023 0.0000 0.00 0.00 1.00 0 0 0 127 0 0 0 0 0 231119 162312.199
11.1025 1.0023 0.0000 0.00 0.00 1.00 0 0 0 127 0 0 0 0 0 231119 162312.399
11.1025 1.0023 0.0000 0.00 0.00 1.00 0 0 0 127 0 0 0 0 0 231119 162312.600
11.1025 1.0023 0.0000 0.00 0.00 1.00 0 0 0 127 0 0 0 0 0 231119 162312.800
11.1025 1.0023 0.0000 0.00 0.00 1.00 0 0 0 127 0 0 0 0 0 231119 162313.000
11.1025 1.0023 0.0000 0.00 0.00 1.00 0 0 0 127 0 0 0 0 0 231119 162313.200
11.1025 1.0023 0.0000 0.00 0.00 1.00 0 0 0 127 0 0 0 0 0 231119 162313.400
11.1025 1.0023 0.0000 0.00 0.00 1.00 0 0 0 127 0 0 0 0 0 231119 162313.600
11.1025 1.0023 0.0000 0.00 0.00 1.00 0 0 0 127 0 0 0 0 0 231119 162313.800
11.1025 1.0023 0.0000 0.00 0.00 1.00 0 0 0 127 0 0 0 0 0 231119 162314.001
11.1025 1.0023 0.0000 0.00 0.00 1.00 0 0 0 127 0 0 0 0 0 231119 162314.201
11.1025 1.0023 0.0000 0.00 0.00 1.00 0 0 0 127 0 0 0 0 0 231119 162314.401
11.1025 1.0023 0.0000 0.00 0.00 1.00 0 0 0 127 0 0 0 0 0 231119 162314.601
11.1025 1.0023 0.0000 0.00 0.00 1.00 0 0 0 127 0 0 0 0 0 231119 162314.801
11.1025 1.0023 0.0000 0.00 0.00 1.00 0 0 0 127 0 0 0 0 0 231119 162315.001
11.1025 1.0023 0.0000 0.00 0.00 1.00 0 0 0 127 0 0 0 0 0 231119 162315.202
11.1025 1.0023 0.0000 0.00 0.00 1.00 0 0 0 127 0 0 0 0 0 231119 162315.402
11.1025 1.0023 0.0000 0.00 0.00 1.00 0 0 0 127 0 0 0 0 0 231119 162315.602
11.1025 1.0023 0.0000 0.00 0.00 1.00 0 0 0 127 0 0 0 0 0 231119 162315.802
11.1025 1.0023 0.0000 0.00 0.00 1.00 0 0 0 127 0 0 0 0 0 231119 162316.002
11.1025 1.0023 0.0000 0.00 0.00 1.00 0 0 0 127 0 0 0 0 0 231119 162316.202
11.1025 1.0023 0.0000 0.00 0.00 1.00 0 0 0 127 0 0 0 0 0 231119 162316.403
11.1025 1.0023 0.0000 0.00 0.00 1.00 0 0 0 127 0 0 0 0 0 231119 162316.603
11.1025 1.0023 0.0000 0.00 0.00 1.00 0 0 0 127 0 0 0 0 0 231119 162316.803
11.1025 1.0023 0.0000 0.00 0.00 1.00 0 0 0 127 0 0 0 0 0 231119 162317.003
11.1025 1.0023 0.0000 0.00 0.00 1.00 0 0 0 127 0 0 0 0 0 231119 162317.203
11.1025 1.0023 0.0000 0.00 0.00 1.00 0 0 0 127 0 0 0 0 0 231119 162317.403
11.1025 1.0023 0.0000 0.00 0.00 1.00 0 0 0 127 0 0 0 0 0 231119 162317.604
11.1025 1.0023 0.0000 0.00 0.00 1.00 0 0 0 127 0 0 0 0 0 231119 162317.804
11.1025 1.0023 0.0000 0.00 0.00 1.00 0 0 0 127 0 0 0 0 0 231119 162318.004
11.1025 1.0023 0.0000 0.00 0.00 1.00 0 0 0 127 0 0 0 0 0 231119 162318.204
11.1025 1.0023 0.0000 0.00 0.00 1.00 0 0 0 127 0 0 0 0 0 231119 162318.404
11.1025 1.0023 0.0000 0.00 0.00 1.00 0 0 0 127 0 0 0 0 0 231119 162318.604
11.1025 1.0023 0.0000 0.00 0.00 1.00 0 0 0 127 0 0 0 0 0 231119 162318.805
11.1025 1.0023 0.0000 0.00 0.00 1.00 0 0 0 127 0 0 0 0 0 231119 162319.005
11.1025 1.0023 0.0000 0.00 0.00 1.00 0 0 0 127 0 0 0 0 0 231119 162319.205
11.1025 1.0023 0.0000 0.00 0.00 1.00 0 0 0 127 0 0 0 0 0 231119 162319.405
11.1025 1.0023 0.0000 0.00 0.00 1.00 0 0 0 127 0 0 0 0 0 231119 162319.605
11.1025 1.0023 0.0000 0.00 0.00 1.00 0 0 0 127 0 0 0 0 0 231119 162319.806
11.1025 1.0023 0.0000 0.00 0.00 1.00 0 0 0 127 0 0 0 0 0 231119 162320.006
11.1025 1.0023 0.0000 0.00 0.00 1.00 0 0 0 127 0 0 0 0 0 231119 162320.206
11.1025 1.0023 0.0000 0.00 0.00 1.00 0 0 0 127 0 0 0 0 0 231119 162320.406
11.1025 1.0023 0.0000 0.00 0.00 1.00 0 0 0 127 0 0 0 0 0 231119 162320.606
11.1025 1.0023 0.0000 0.00 0.00 1.00 0 0 0 127 0 0 0 0 0 231119 162320.806
11.1025 1.0023 0.0000 0.00 0.00 1.00 0 0 0 127 0 0 0 0 0 231119 162321.007
11.1025 1.0023 0.0000 0.00 0.00 1.00 0 0 0 127 0 0 0 0 0 231119 162321.207
11.1025 1.0023 0.0000 0.00 0.00 1.00 0 0 0 127 0 0 0 0 0 231119 162321.407
11.1025 1.0023 0.0000 0.00 0.00 1.00 0 0 0 127 0 0 0 0 0 231119 162321.607
11.1025 1.0023 0.0000 0.00 0.00 1.00 0 0 0 127 0 0 0 0 0 231119 162321.807
11.1025 1.0023 0.0000 0.00 0.00 1.00 0 0 0 127 0 0 0 0 0 231119 162322.007
11.1025 1.0023 0.0000 0.00 0.00 1.00 0 0 0 127 0 0 0 0 0 231119 162322.208
11.1025 1.0023 0.0000 0.00 0.00 1.00 0 0 0 127 0 0 0 0 0 231119 162322.408
11.1025 1.0023 0.0000 0.00 0.00 1.00 0 0 0 127 0 0 0 0 0 231119 162322.608
11.1025 1.0023 0.0000 0.00 0.00 1.00 0 0 0 127 0 0 0 0 0 231119 162322.808
11.1025 1.0023 0.0000 0.00 0.00 1.00 0 0 0 127 0 0 0 0 0 231119 162323.009
11.1025 1.0023 0.0000 0.00 0.00 1.00 0 0 0 127 0 0 0 0 0 231119 162323.209
11.1025 1.0023 0.0000 0.00 0.00 1.00 0 0 0 127 0 0 0 0 0 231119 162323.409
11.1025 1.0023 0.0000 0.00 0.00 1.00 0 0 0 127 0 0 0 0 0 231119 162323.609
11.1025 1.0023 0.0000 0.00 0.00 1.00 0 0 0 127 0 0 0 0 0 231119 162323.809
11.1025 1.0023 0.0000 0.00 0.00 1.00 0 0 0 127 0 0 0 0 0 231119 162324.009
11.1025 1.0023 0.0000 0.00 0.00 1.00 0 0 0 127 0 0 0 0 0 231119 162324.210
11.1025 1.0023 0.0000 0.00 0.00 1.00 0 0 0 127 0 0 0 0 0 231119 162324.410
11.1025 1.0023 0.0000 0.00 0.00 1.00 0 0 0 127 0 0 0 0 0 231119 162324.610
11.1025 1.0023 0.0000 0.00 0.00 1.00 0 0 0 127 0 0 0 0 0 231119 162324.810
11.1025 1.0023 0.0000 0.00 0.00 1.00 0 0 0 127 0 0 0 0 0 231119 162325.010
11.1025 1.0023 0.0000 0.00 0.00 1.00 0 0 0 127 0 0 0 0 0 231119 162325.210
11.1025 1.0023 0.0000 0.00 0.00 1.00 0 0 0 127 0 0 0 0 0 231119 162325.411
11.1025 1.0023 0.0000 0.00 0.00 1.00 0 0 0 127 0 0 0 0 0 231119 162325.611
11.1025 1.0023 0.0000 0.00 0.00 1.00 0 0 0 127 0 0 0 0 0 231119 162325.811
11.1025 1.0023 0.0000 0.00 0.00 1.00 0 0 0 127 0 0 0 0 0 231119 162326.011
11.1025 1.0023 0.0000 0.00 0.00 1.00 0 0 0 127 0 0 0 0 0 231119 162326.211
11.1025 1.0023 0.0000 0.00 0.00 1.00 0 0 0 127 0 0 0 0 0 231119 162326.411
11.1025 1.0023 0.0000 0.00 0.00 1.00 0 0 0 127 0 0 0 0 0 231119 162326.612
11.1025 1.0023 0.0000 0.00 0.00 1.00 0 0 0 127 0 0 0 0 0 231119 162326.812
11.1025 1.0023 0.0000 0.00 0.00 1.00 0 0 0 127 0 0 0 0 0 231119 162327.012
11.1025 1.0023 0.0000 0.00 0.00 1.00 0 0 0 127 0 0 0 0 0 231119 162327.212
11.1025 1.0023 0.0000 0.00 0.00 1.00 0 0 0 127 0 0 0 0 0 231119 162327.412
11.1025 1.0023 0.0000 0.00 0.00 1.00 0 0 0 127 0 0 0 0 0 231119 162327.612
11.1025 1.0023 0.0000 0.00 0.00 1.00 0 0 0 127 0 0 0 0 0 231119 162327.813
11.1025 1.0023 0.0000 0.00 0.00 1.00 0 0 0 127 0 0 0 0 0 231119 162328.013
11.1025 1.0023 0.0000 0.00 0.00 1.00 0 0 0 127 0 0 0 0 0 231119 162328.213
11.1025 1.0023 0.0000 0.00 0.00 1.00 0 0 0 127 0 0 0 0 0 231119 162328.413
11.1025 1.0023 0.0000 0.00 0.00 1.00 0 0 0 127 0 0 0 0 0 231119 162328.613
11.1025 1.0023 0.0000 0.00 0.00 1.00 0 0 0 127 0 0 0 0 0 231119 162328.814
11.1025 1.0023 0.0000 0.00 0.00 1.00 0 0 0 127 0 0 0 0 0 231119 162329.014
11.1025 1.0023 0.0000 0.00 0.00 1.00 0 0 0 127 0 0 0 0 0 231119 162329.214
11.1025 1.0023 0.0000 0.00 0.00 1.00 0 0 0 127 0 0 0 0 0 231119 162329.414
11.1025 1.0023 0.0000 0.00 0.00 1.00 0 0 0 127 0 0 0 0 0 231119 162329.614
11.1025 1.0023 0.0000 0.00 0.00 1.00 0 0 0 127 0 0 0 0 0 231119 162329.814
11.1025 1.0023 0.0000 0.00 0.00 1.00 0 0 0 127 0 0 0 0 0 231119 162330.015
11.1025 1.0023 0.0000 0.00 0.00 1.00 0 0 0 127 0 0 0 0 0 231119 162330.215
11.1025 1.0023 0.0000 0.00 0.00 1.00 0 0 0 127 0 0 0 0 0 231119 162330.415
11.1025 1.0023 0.0000 0.00 0.00 1.00 0 0 0 127 0 0 0 0 0 231119 162330.615
11.1025 1.0023 0.0000 0.00 0.00 1.00 0 0 0 127 0 0 0 0 0 231119 162330.815
11.1025 1.0023 0.0000 0.00 0.00 1.00 0 0 0 127 0 0 0 0 0 231119 162331.015
11.1025 1.0023 0.0000 0.00 0.00 1.00 0 0 0 127 0 0 0 0 0 231119 162331.216
11.1025 1.0023 0.0000 0.00 0.00 1.00 0 0 0 127 0 0 0 0 0 231119 162331.416
11.1025 1.0023 0.0000 0.00 0.00 1.00 0 0 0 127 0 0 0 0 0 231119 162331.616
11.1025 1.0023 0.0000 0.00 0.00 1.00 0 0 0 127 0 0 0 0 0 231119 162331.816
11.1025 1.0023 0.0000 0.00 0.00 1.00 0 0 0 127 0 0 0 0 0 231119 162332.016
11.1025 1.0023 0.0000 0.00 0.00 1.00 0 0 0 127 0 0 0 0 0 231119 162332.216
11.1025 1.0023 0.0000 0.00 0.00 1.00 0 0 0 127 0 0 0 0 0 231119 162332.417
11.1025 1.0023 0.0000 0.00 0.00 1.00 0 0 0 127 0 0 0 0 0 231119 162332.617
11.1025 1.0023 0.0000 0.00 0.00 1.00 0 0 0 127 0 0 0 0 0 231119 162332.817
11.1025 1.0023 0.0000 0.00 0.00 1.00 0 0 0 127 0 0 0 0 0 231119 162333.017
11.1025 1.0023 0.0000 0.00 0.00 1.00 0 0 0 127 0 0 0 0 0 231119 162333.217
11.1025 1.0023 0.0000 0.00 0.00 1.00 0 0 0 127 0 0 0 0 0 231119 162333.417
11.1025 1.0023 0.0000 0.00 0.00 1.00 0 0 0 127 0 0 0 0 0 231119 162333.618
11.1025 1.0023 0.0000 0.00 0.00 1.00 0 0 0 127 0 0 0 0 0 231119 162333.818
11.1025 1.0023 0.0000 0.00 0.00 1.00 0 0 0 127 0 0 0 0 0 231119 162334.018
11.1025 1.0023 0.0000 0.00 0.00 1.00 0 0 0 127 0 0 0 0 0 231119 162334.218
11.1025 1.0023 0.0000 0.00 0.00 1.00 0 0 0 127 0 0 0 0 0 231119 162334.418
11.1025 1.0023 0.0000 0.00 0.00 1.00 0 0 0 127 0 0 0 0 0 231119 162334.618
11.1025 1.0023 0.0000 0.00 0.00 1.00 0 0 0 127 0 0 0 0 0 231119 162334.819
11.1025 1.0023 0.0000 0.00 0.00 1.00 0 0 0 127 0 0 0 0 0 231119 162335.019
11.1025 1.0023 0.0000 0.00 0.00 1.00 0 0 0 127 0 0 0 0 0 231119 162335.219
11.1025 1.0023 0.0000 0.00 0.00 1.00 0 0 0 127 0 0 0 0 0 231119 162335.419
11.1025 1.0023 0.0000 0.00 0.00 1.00 0 0 0 127 0 0 0 0 0 231119 162335.619
11.1025 1.0023 0.0000 0.00 0.00 1.00 0 0 0 127 0 0 0 0 0 231119 162335.819
11.1025 1.0023 0.0000 0.00 0.00 1.00 0 0 0 127 0 0 0 0 0 231119 162336.020
11.1025 1.0023 0.0000 0.00 0.00 1.00 0 0 0 127 0 0 0 0 0 231119 162336.220
11.1025 1.0023 0.0000 0.00 0.00 1.00 0 0 0 127 0 0 0 0 0 231119 162336.420
11.1025 1.0023 0.0000 0.00 0.00 1.00 0 0 0 127 0 0 0 0 0 231119 162336.620
11.1025 1.0023 0.0000 0.00 0.00 1.00 0 0 0 127 0 0 0 0 0 231119 162336.820
11.1025 1.0023 0.0000 0.00 0.00 1.00 0 0 0 127 0 0 0 0 0 231119 162337.021
11.1025 1.0023 0.0000 0.00 0.00 1.00 0 0 0 127 0 0 0 0 0 231119 162337.221
11.1025 1.0023 0.0000 0.00 0.00 1.00 0 0 0 127 0 0 0 0 0 231119 162337.421
11.1025 1.0023 0.0000 0.00 0.00 1.00 0 0 0 127 0 0 0 0 0 231119 162337.621
11.1025 1.0023 0.0000 0.00 0.00 1.00 0 0 0 127 0 0 0 0 0 231119 162337.821
11.1025 1.0023 0.0000 0.00 0.00 1.00 0 0 0 127 0 0 0 0 0 231119 162338.021
11.1025 1.0023 0.0000 0.00 0.00 1.00 0 0 0 127 0 0 0 0 0 231119 162338.221
11.1025 1.0023 0.0000 0.00 0.00 1.00 0 0 0 127 0 0 0 0 0 231119 162338.422
11.1025 1.0023 0.0000 0.00 0.00 1.00 0 0 0 127 0 0 0 0 0 231119 162338.622
11.1025 1.0023 0.0000 0.00 0.00 1.00 0 0 0 127 0 0 0 0 0 231119 162338.822
11.1025 1.0023 0.0000 0.00 0.00 1.00 0 0 0 127 0 0 0 0 0 231119 162339.022
11.1025 1.0023 0.0000 0.00 0.00 1.00 0 0 0 127 0 0 0 0 0 231119 162339.222
11.1025 1.0023 0.0000 0.00 0.00 1.00 0 0 0 127 0 0 0 0 0 231119 162339.422
11.1025 1.0023 0.0000 0.00 0.00 1.00 0 0 0 127 0 0 0 0 0 231119 162339.623
11.1025 1.0023 0.0000 0.00 0.00 1.00 0 0 0 127 0 0 0 0 0 231119 162339.823
11.1025 1.0023 0.0000 0.00 0.00 1.00 0 0 0 127 0 0 0 0 0 231119 162340.023
11.1025 1.0023 0.0000 0.00 0.00 1.00 0 0 0 127 0 0 0 0 0 231119 162340.223
11.1025 1.0023 0.0000 0.00 0.00 1.00 0 0 0 127 0 0 0 0 0 231119 162340.423
11.1025 1.0023 0.0000 0.00 0.00 1.00 0 0 0 127 0 0 0 0 0 231119 162340.623
11.1025 1.0023 0.0000 0.00 0.00 1.00 0 0 0 127 0 0 0 0 0 231119 162340.824
11.1025 1.0023 0.0000 0.00 0.00 1.00 0 0 0 127 0 0 0 0 0 231119 162341.024
11.1025 1.0023 0.0000 0.00 0.00 1.00 0 0 0 127 0 0 0 0 0 231119 162341.224
11.1025 1.0023 0.0000 0.00 0.00 1.00 0 0 0 127 0 0 0 0 0 231119 162341.424
11.1025 1.0023 0.0000 0.00 0.00 1.00 0 0 0 127 0 0 0 0 0 231119 162341.624
11.1025 1.0023 0.0000 0.00 0.00 1.00 0 0 0 127 0 0 0 0 0 231119 162341.824
11.1025 1.0023 0.0000 0.00 0.00 1.00 0 0 0 127 0 0 0 0 0 231119 162342.025
11.1025 1.0023 0.0000 0.00 0.00 1.00 0 0 0 127 0 0 0 0 0 231119 162342.225
11.1025 1.0023 0.0000 0.00 0.00 1.00 0 0 0 127 0 0 0 0 0 231119 162342.425
11.1025 1.0023 0.0000 0.00 0.00 1.00 0 0 0 127 0 0 0 0 0 231119 162342.625
11.1025 1.0023 0.0000 0.00 0.00 1.00 0 0 0 127 0 0 0 0 0 231119 162342.825
11.1025 1.0023 0.0000 0.00 0.00 1.00 0 0 0 127 0 0 0 0 0 231119 162343.025
11.1025 1.0023 0.0000 0.00 0.00 1.00 0 0 0 127 0 0 0 0 0 231119 162343.226
11.1025 1.0023 0.0000 0.00 0.00 1.00 0 0 0 127 0 0 0 0 0 231119 162343.426
11.1025 1.0023 0.0000 0.00 0.00 1.00 0 0 0 127 0 0 0 0 0 231119 162343.626
11.1025 1.0023 0.0000 0.00 0.00 1.00 0 0 0 127 0 0 0 0 0 231119 162343.826
11.1025 1.0023 0.0000 0.00 0.00 1.00 0 0 0 127 0 0 0 0 0 231119 162344.026
11.1025 1.0023 0.0000 0.00 0.00 1.00 0 0 0 127 0 0 0 0 0 231119 162344.226
11.1025 1.0023 0.0000 0.00 0.00 1.00 0 0 0 127 0 0 0 0 0 231119 162344.427
11.1025 1.0023 0.0000 0.00 0.00 1.00 0 0 0 127 0 0 0 0 0 231119 162344.627
11.1025 1.0023 0.0000 0.00 0.00 1.00 0 0 0 127 0 0 0 0 0 231119 162344.827
11.1025 1.0023 0.0000 0.00 0.00 1.00 0 0 0 127 0 0 0 0 0 231119 162345.027
11.1025 1.0023 0.0000 0.00 0.00 1.00 0 0 0 127 0 0 0 0 0 231119 162345.227
11.1025 1.0023 0.0000 0.00 0.00 1.00 0 0 0 127 0 0 0 0 0 231119 162345.427
11.1025 1.0023 0.0000 0.00 0.00 1.00 0 0 0 127 0 0 0 0 0 231119 162345.628
11.1025 1.0023 0.0000 0.00 0.00 1.00 0 0 0 127 0 0 0 0 0 231119 162345.828
11.1025 1.0023 0.0000 0.00 0.00 1.00 0 0 0 127 0 0 0 0 0 231119 162346.028
11.1025 1.0023 0.0000 0.00 0.00 1.00 0 0 0 127 0 0 0 0 0 231119 162346.228
11.1025 1.0023 0.0000 0.00 0.00 1.00 0 0 0 127 0 0 0 0 0 231119 162346.428
11.1025 1.0023 0.0000 0.00 0.00 1.00 0 0 0 127 0 0 0 0 0 231119 162346.628
11.1025 1.0023 0.0000 0.00 0.00 1.00 0 0 0 127 0 0 0 0 0 231119 162346.829
11.1025 1.0023 0.0000 0.00 0.00 1.00 0 0 0 127 0 0 0 0 0 231119 162347.029
11.1025 1.0023 0.0000 0.00 0.00 1.00 0 0 0 127 0 0 0 0 0 231119 162347.229
11.1025 1.0023 0.0000 0.00 0.00 1.00 0 0 0 127 0 0 0 0 0 231119 162347.429
11.1025 1.0023 0.0000 0.00 0.00 1.00 0 0 0 127 0 0 0 0 0 231119 162347.629
11.1025 1.0023 0.0000 0.00 0.00 1.00 0 0 0 127 0 0 0 0 0 231119 162347.829
11.1025 1.0023 0.0000 0.00 0.00 1.00 0 0 0 127 0 0 0 0 0 231119 162348.029
11.1025 1.0023 0.0000 0.00 0.00 1.00 0 0 0 127 0 0 0 0 0 231119 162348.230
11.1025 1.0023 0.0000 0.00 0.00 1.00 0 0 0 127 0 0 0 0 0 231119 162348.430
11.1025 1.0023 0.0000 0.00 0.00 1.00 0 0 0 127 0 0 0 0 0 231119 162348.630
11.1025 1.0023 0.0000 0.00 0.00 1.00 0 0 0 127 0 0 0 0 0 231119 162348.830
11.1025 1.0023 0.0000 0.00 0.00 1.00 0 0 0 127 0 0 0 0 0 231119 162349.030
11.1025 1.0023 0.0000 0.00 0.00 1.00 0 0 0 127 0 0 0 0 0 231119 162349.230
11.1025 1.0023 0.0000 0.00 0.00 1.00 0 0 0 127 0 0 0 0 0 231119 162349.431
11.1025 1.0023 0.0000 0.00 0.00 1.00 0 0 0 127 0 0 0 0 0 231119 162349.631
11.1025 1.0023 0.0000 0.00 0.00 1.00 0 0 0 127 0 0 0 0 0 231119 162349.831
11.1025 1.0023 0.0000 0.00 0.00 1.00 0 0 0 127 0 0 0 0 0 231119 162350.031
11.1025 1.0023 0.0000 0.00 0.00 1.00 0 0 0 127 0 0 0 0 0 231119 162350.231
11.1025 1.0023 0.0000 0.00 0.00 1.00 0 0 0 127 0 0 0 0 0 231119 162350.431
11.1025 1.0023 0.0000 0.00 0.00 1.00 0 0 0 127 0 0 0 0 0 231119 162350.632
11.1025 1.0023 0.0000 0.00 0.00 1.00 0 0 0 127 0 0 0 0 0 231119 162350.832
11.1025 1.0023 0.0000 0.00 0.00 1.00 0 0 0 127 0 0 0 0 0 231119 162351.032
11.1025 1.0023 0.0000 0.00 0.00 1.00 0 0 0 127 0 0 0 0 0 231119 162351.232
11.1025 1.0023 0.0000 0.00 0.00 1.00 0 0 0 127 0 0 0 0 0 231119 162351.432
11.1025 1.0023 0.0000 0.00 0.00 1.00 0 0 0 127 0 0 0 0 0 231119 162351.632
11.1025 1.0023 0.0000 0.00 0.00 1.00 0 0 0 127 0 0 0 0 0 231119 162351.833
11.1025 1.0023 0.0000 0.00 0.00 1.00 0 0 0 127 0 0 0 0 0 231119 162352.033
11.1025 1.0023 0.0000 0.00 0.00 1.00 0 0 0 127 0 0 0 0 0 231119 162352.233
11.1025 1.0023 0.0000 0.00 0.00 1.00 0 0 0 127 0 0 0 0 0 231119 162352.433
11.1025 1.0023 0.0000 0.00 0.00 1.00 0 0 0 127 0 0 0 0 0 231119 162352.633
11.1025 1.0023 0.0000 0.00 0.00 1.00 0 0 0 127 0 0 0 0 0 231119 162352.834
11.1025 1.0023 0.0000 0.00 0.00 1.00 0 0 0 127 0 0 0 0 0 231119 162353.034
11.1025 1.0023 0.0000 0.00 0.00 1.00 0 0 0 127 0 0 0 0 0 231119 162353.234
11.1025 1.0023 0.0000 0.00 0.00 1.00 0 0 0 127 0 0 0 0 0 231119 162353.434
11.1025 1.0023 0.0000 0.00 0.00 1.00 0 0 0 127 0 0 0 0 0 231119 162353.635
11.1025 1.0023 0.0000 0.00 0.00 1.00 0 0 0 127 0 0 0 0 0 231119 162353.835
11.1025 1.0023 0.0000 0.00 0.00 1.00 0 0 0 127 0 0 0 0 0 231119 162354.035
11.1025 1.0023 0.0000 0.00 0.00 1.00 0 0 0 127 0 0 0 0 0 231119 162354.235
11.1025 1.0023 0.0000 0.00 0.00 1.00 0 0 0 127 0 0 0 0 0 231119 162354.435
11.1025 1.0023 0.0000 0.00 0.00 1.00 0 0 0 127 0 0 0 0 0 231119 162354.636
11.1025 1.0023 0.0000 0.00 0.00 1.00 0 0 0 127 0 0 0 0 0 231119 162354.836
11.1025 1.0023 0.0000 0.00 0.00 1.00 0 0 0 127 0 0 0 0 0 231119 162355.036
11.1025 1.0023 0.0000 0.00 0.00 1.00 0 0 0 127 0 0 0 0 0 231119 162355.236
11.1025 1.0023 0.0000 0.00 0.00 1.00 0 0 0 127 0 0 0 0 0 231119 162355.436
11.1025 1.0023 0.0000 0.00 0.00 1.00 0 0 0 127 0 0 0 0 0 231119 162355.636
11.1025 1.0023 0.0000 0.00 0.00 1.00 0 0 0 127 0 0 0 0 0 231119 162355.837
11.1025 1.0023 0.0000 0.00 0.00 1.00 0 0 0 127 0 0 0 0 0 231119 162356.037
11.1025 1.0023 0.0000 0.00 0.00 1.00 0 0 0 127 0 0 0 0 0 231119 162356.237
11.1025 1.0023 0.0000 0.00 0.00 1.00 0 0 0 127 0 0 0 0 0 231119 162356.437
11.1025 1.0023 0.0000 0.00 0.00 1.00 0 0 0 127 0 0 0 0 0 231119 162356.637
11.1025 1.0023 0.0000 0.00 0.00 1.00 0 0 0 127 0 0 0 0 0 231119 162356.837
11.1025 1.0023 0.0000 0.00 0.00 1.00 0 0 0 127 0 0 0 0 0 231119 162357.038
11.1025 1.0023 0.0000 0.00 0.00 1.00 0 0 0 127 0 0 0 0 0 231119 162357.238
11.1025 1.0023 0.0000 0.00 0.00 1.00 0 0 0 127 0 0 0 0 0 231119 162357.438
11.1025 1.0023 0.0000 0.00 0.00 1.00 0 0 0 127 0 0 0 0 0 231119 162357.638
11.1025 1.0023 0.0000 0.00 0.00 1.00 0 0 0 127 0 0 0 0 0 231119 162357.838
11.1025 1.0023 0.0000 0.00 0.00 1.00 0 0 0 127 0 0 0 0 0 231119 162358.038
11.1025 1.0023 0.0000 0.00 0.00 1.00 0 0 0 127 0 0 0 0 0 231119 162358.239
11.1025 1.0023 0.0000 0.00 0.00 1.00 0 0 0 127 0 0 0 0 0 231119 162358.439
11.1025 1.0023 0.0000 0.00 0.00 1.00 0 0 0 127 0 0 0 0 0 231119 162358.639
11.1025 1.0023 0.0000 0.00 0.00 1.00 0 0 0 127 0 0 0 0 0 231119 162358.840
11.1025 1.0023 0.0000 0.00 0.00 1.00 0 0 0 127 0 0 0 0 0 231119 162359.040
11.1025 1.0023 0.0000 0.00 0.00 1.00 0 0 0 127 0 0 0 0 0 231119 162359.240
11.1025 1.0023 0.0000 0.00 0.00 1.00 0 0 0 127 0 0 0 0 0 231119 162359.440
11.1025 1.0023 0.0000 0.00 0.00 1.00 0 0 0 127 0 0 0 0 0 231119 162359.640
11.1025 1.0023 0.0000 0.00 0.00 1.00 0 0 0 127 0 0 0 0 0 231119 162359.840
11.1025 1.0023 0.0000 0.00 0.00 1.00 0 0 0 127 0 0 0 0 0 231119 162400.041
11.1025 1.0023 0.0000 0.00 0.00 1.00 0 0 0 127 0 0 0 0 0 231119 162400.241
11.1025 1.0023 0.0000 0.00 0.00 1.00 0 0 0 127 0 0 0 0 0 231119 162400.441
11.1025 1.0023 0.0000 0.00 0.00 1.00 0 0 0 127 0 0 0 0 0 231119 162400.641
11.1025 1.0023 0.0000 0.00 0.00 1.00 0 0 0 127 0 0 0 0 0 231119 162400.841
11.1025 1.0023 0.0000 0.00 0.00 1.00 0 0 0 127 0 0 0 0 0 231119 162401.041
11.1025 1.0023 0.0000 0.00 0.00 1.00 0 0 0 127 0 0 0 0 0 231119 162401.242
11.1025 1.0023 0.0000 0.00 0.00 1.00 0 0 0 127 0 0 0 0 0 231119 162401.442
11.1025 1.0023 0.0000 0.00 0.00 1.00 0 0 0 127 0 0 0 0 0 231119 162401.642
11.1025 1.0023 0.0000 0.00 0.00 1.00 0 0 0 127 0 0 0 0 0 231119 162401.842
11.1025 1.0023 0.0000 0.00 0.00 1.00 0 0 0 127 0 0 0 0 0 231119 162402.042
11.1025 1.0023 0.0000 0.00 0.00 1.00 0 0 0 127 0 0 0 0 0 231119 162402.242
11.1025 1.0023 0.0000 0.00 0.00 1.00 0 0 0 127 0 0 0 0 0 231119 162402.443
11.1025 1.0023 0.0000 0.00 0.00 1.00 0 0 0 127 0 0 0 0 0 231119 162402.643
11.1025 1.0023 0.0000 0.00 0.00 1.00 0 0 0 127 0 0 0 0 0 231119 162402.843
11.1025 1.0023 0.0000 0.00 0.00 1.00 0 0 0 127 0 0 0 0 0 231119 162403.043
11.1025 1.0023 0.0000 0.00 0.00 1.00 0 0 0 127 0 0 0 0 0 231119 162403.243
11.1025 1.0023 0.0000 0.00 0.00 1.00 0 0 0 127 0 0 0 0 0 231119 162403.443
11.1025 1.0023 0.0000 0.00 0.00 1.00 0 0 0 127 0 0 0 0 0 231119 162403.644
11.1025 1.0023 0.0000 0.00 0.00 1.00 0 0 0 127 0 0 0 0 0 231119 162403.844
11.1025 1.0023 0.0000 0.00 0.00 1.00 0 0 0 127 0 0 0 0 0 231119 162404.044
11.1025 1.0023 0.0000 0.00 0.00 1.00 0 0 0 127 0 0 0 0 0 231119 162404.244
11.1025 1.0023 0.0000 0.00 0.00 1.00 0 0 0 127 0 0 0 0 0 231119 162404.444
11.1025 1.0023 0.0000 0.00 0.00 1.00 0 0 0 127 0 0 0 0 0 231119 162404.644
11.1025 1.0023 0.0000 0.00 0.00 1.00 0 0 0 127 0 0 0 0 0 231119 162404.845
11.1025 1.0023 0.0000 0.00 0.00 1.00 0 0 0 127 0 0 0 0 0 231119 162405.045
11.1025 1.0023 0.0000 0.00 0.00 1.00 0 0 0 127 0 0 0 0 0 231119 162405.245
11.1025 1.0023 0.0000 0.00 0.00 1.00 0 0 0 127 0 0 0 0 0 231119 162405.445
11.1025 1.0023 0.0000 0.00 0.00 1.00 0 0 0 127 0 0 0 0 0 231119 162405.645
11.1025 1.0023 0.0000 0.00 0.00 1.00 0 0 0 127 0 0 0 0 0 231119 162405.845
11.1025 1.0023 0.0000 0.00 0.00 1.00 0 0 0 127 0 0 0 0 0 231119 162406.046
11.1025 1.0023 0.0000 0.00 0.00 1.00 0 0 0 127 0 0 0 0 0 231119 162406.246
11.1025 1.0023 0.0000 0.00 0.00 1.00 0 0 0 127 0 0 0 0 0 231119 162406.446
11.1025 1.0023 0.0000 0.00 0.00 1.00 0 0 0 127 0 0 0 0 0 231119 162406.646
11.1025 1.0023 0.0000 0.00 0.00 1.00 0 0 0 127 0 0 0 0 0 231119 162406.846
11.1025 1.0023 0.0000 0.00 0.00 1.00 0 0 0 127 0 0 0 0 0 231119 162407.046
11.1025 1.0023 0.0000 0.00 0.00 1.00 0 0 0 127 0 0 0 0 0 231119 162407.247
11.1025 1.0023 0.0000 0.00 0.00 1.00 0 0 0 127 0 0 0 0 0 231119 162407.447
11.1025 1.0023 0.0000 0.00 0.00 1.00 0 0 0 127 0 0 0 0 0 231119 162407.647
11.1025 1.0023 0.0000 0.00 0.00 1.00 0 0 0 127 0 0 0 0 0 231119 162407.847
11.1025 1.0023 0.0000 0.00 0.00 1.00 0 0 0 127 0 0 0 0 0 231119 162408.047
11.1025 1.0023 0.0000 0.00 0.00 1.00 0 0 0 127 0 0 0 0 0 231119 162408.247
11.1025 1.0023 0.0000 0.00 0.00 1.00 0 0 0 127 0 0 0 0 0 231119 162408.448
11.1025 1.0023 0.0000 0.00 0.00 1.00 0 0 0 127 0 0 0 0 0 231119 162408.648
11.1025 1.0023 0.0000 0.00 0.00 1.00 0 0 0 127 0 0 0 0 0 231119 162408.848
11.1025 1.0023 0.0000 0.00 0.00 1.00 0 0 0 127 0 0 0 0 0 231119 162409.048
11.1025 1.0023 0.0000 0.00 0.00 1.00 0 0 0 127 0 0 0 0 0 231119 162409.248
11.1025 1.0023 0.0000 0.00 0.00 1.00 0 0 0 127 0 0 0 0 0 231119 162409.449
11.1025 1.0023 0.0000 0.00 0.00 1.00 0 0 0 127 0 0 0 0 0 231119 162409.649
11.1025 1.0023 0.0000 0.00 0.00 1.00 0 0 0 127 0 0 0 0 0 231119 162409.849
11.1025 1.0023 0.0000 0.00 0.00 1.00 0 0 0 127 0 0 0 0 0 231119 162410.049
11.1025 1.0023 0.0000 0.00 0.00 1.00 0 0 0 127 0 0 0 0 0 231119 162410.249
11.1025 1.0023 0.0000 0.00 0.00 1.00 0 0 0 127 0 0 0 0 0 231119 162410.449
11.1025 1.0023 0.0000 0.00 0.00 1.00 0 0 0 127 0 0 0 0 0 231119 162410.650
11.1025 1.0023 0.0000 0.00 0.00 1.00 0 0 0 127 0 0 0 0 0 231119 162410.850
11.1025 1.0023 0.0000 0.00 0.00 1.00 0 0 0 127 0 0 0 0 0 231119 162411.050
11.1025 1.0023 0.0000 0.00 0.00 1.00 0 0 0 127 0 0 0 0 0 231119 162411.250
11.1025 1.0023 0.0000 0.00 0.00 1.00 0 0 0 127 0 0 0 0 0 231119 162411.450
11.1025 1.0023 0.0000 0.00 0.00 1.00 0 0 0 127 0 0 0 0 0 231119 162411.650
11.1025 1.0023 0.0000 0.00 0.00 1.00 0 0 0 127 0 0 0 0 0 231119 162411.851
11.1025 1.0023 0.0000 0.00 0.00 1.00 0 0 0 127 0 0 0 0 0 231119 162412.051
11.1025 1.0023 0.0000 0.00 0.00 1.00 0 0 0 127 0 0 0 0 0 231119 162412.251
11.1025 1.0023 0.0000 0.00 0.00 1.00 0 0 0 127 0 0 0 0 0 231119 162412.451
11.1025 1.0023 0.0000 0.00 0.00 1.00 0 0 0 127 0 0 0 0 0 231119 162412.651
11.1025 1.0023 0.0000 0.00 0.00 1.00 0 0 0 127 0 0 0 0 0 231119 162412.851
11.1025 1.0023 0.0000 0.00 0.00 1.00 0 0 0 127 0 0 0 0 0 231119 162413.052
11.1025 1.0023 0.0000 0.00 0.00 1.00 0 0 0 127 0 0 0 0 0 231119 162413.252
11.1025 1.0023 0.0000 0.00 0.00 1.00 0 0 0 127 0 0 0 0 0 231119 162413.452
11.1025 1.0023 0.0000 0.00 0.00 1.00 0 0 0 127 0 0 0 0 0 231119 162413.652
11.1025 1.0023 0.0000 0.00 0.00 1.00 0 0 0 127 0 0 0 0 0 231119 162413.852
11.1025 1.0023 0.0000 0.00 0.00 1.00 0 0 0 127 0 0 0 0 0 231119 162414.052
11.1025 1.0023 0.0000 0.00 0.00 1.00 0 0 0 127 0 0 0 0 0 231119 162414.253
11.1025 1.0023 0.0000 0.00 0.00 1.00 0 0 0 127 0 0 0 0 0 231119 162414.453
11.1025 1.0023 0.0000 0.00 0.00 1.00 0 0 0 127 0 0 0 0 0 231119 162414.653
11.1025 1.0023 0.0000 0.00 0.00 1.00 0 0 0 127 0 0 0 0 0 231119 162414.853
11.1025 1.0023 0.0000 0.00 0.00 1.00 0 0 0 127 0 0 0 0 0 231119 162415.053
11.1025 1.0023 0.0000 0.00 0.00 1.00 0 0 0 127 0 0 0 0 0 231119 162415.253
11.1025 1.0023 0.0000 0.00 0.00 1.00 0 0 0 127 0 0 0 0 0 231119 162415.453
11.1025 1.0023 0.0000 0.00 0.00 1.00 0 0 0 127 0 0 0 0 0 231119 162415.654
11.1025 1.0023 0.0000 0.00 0.00 1.00 0 0 0 127 0 0 0 0 0 231119 162415.854
11.1025 1.0023 0.0000 0.00 0.00 1.00 0 0 0 127 0 0 0 0 0 231119 162416.054
11.1025 1.0023 0.0000 0.00 0.00 1.00 0 0 0 127 0 0 0 0 0 231119 162416.254
11.1025 1.0023 0.0000 0.00 0.00 1.00 0 0 0 127 0 0 0 0 0 231119 162416.454
11.1025 1.0023 0.0000 0.00 0.00 1.00 0 0 0 127 0 0 0 0 0 231119 162416.654
11.1025 1.0023 0.0000 0.00 0.00 1.00 0 0 0 127 0 0 0 0 0 231119 162416.855
11.1025 1.0023 0.0000 0.00 0.00 1.00 0 0 0 127 0 0 0 0 0 231119 162417.055
11.1025 1.0023 0.0000 0.00 0.00 1.00 0 0 0 127 0 0 0 0 0 231119 162417.255
11.1025 1.0023 0.0000 0.00 0.00 1.00 0 0 0 127 0 0 0 0 0 231119 162417.455
11.1025 1.0023 0.0000 0.00 0.00 1.00 0 0 0 127 0 0 0 0 0 231119 162417.655
11.1025 1.0023 0.0000 0.00 0.00 1.00 0 0 0 127 0 0 0 0 0 231119 162417.855
11.1025 1.0023 0.0000 0.00 0.00 1.00 0 0 0 127 0 0 0 0 0 231119 162418.055
11.1025 1.0023 0.0000 0.00 0.00 1.00 0 0 0 127 0 0 0 0 0 231119 162418.256
11.1025 1.0023 0.0000 0.00 0.00 1.00 0 0 0 127 0 0 0 0 0 231119 162418.456
11.1025 1.0023 0.0000 0.00 0.00 1.00 0 0 0 127 0 0 0 0 0 231119 162418.656
11.1025 1.0023 0.0000 0.00 0.00 1.00 0 0 0 127 0 0 0 0 0 231119 162418.856
11.1025 1.0023 0.0000 0.00 0.00 1.00 0 0 0 127 0 0 0 0 0 231119 162419.056
11.1025 1.0023 0.0000 0.00 0.00 1.00 0 0 0 127 0 0 0 0 0 231119 162419.256
11.1025 1.0023 0.0000 0.00 0.00 1.00 0 0 0 127 0 0 0 0 0 231119 162419.457
11.1025 1.0023 0.0000 0.00 0.00 1.00 0 0 0 127 0 0 0 0 0 231119 162419.657
11.1025 1.0023 0.0000 0.00 0.00 1.00 0 0 0 127 0 0 0 0 0 231119 162419.857
11.1025 1.0023 0.0000 0.00 0.00 1.00 0 0 0 127 0 0 0 0 0 231119 162420.057
11.1025 1.0023 0.0000 0.00 0.00 1.00 0 0 0 127 0 0 0 0 0 231119 162420.257
