0.0000 0.0000 0.0000 0.00 0.00 1.00 0 0 0 127 0 0 0 0 0 250519 100000.585
0.0000 0.0000 0.0000 0.00 0.00 1.00 0 0 0 127 0 0 0 0 0 250519 100000.786
0.0000 0.0000 0.0000 0.00 0.00 1.00 0 0 0 127 0 0 0 0 0 250519 100000.986
0.0000 0.0000 0.0000 0.00 0.00 1.00 0 0 0 127 0 0 0 0 0 250519 100001.187
0.0000 0.0000 0.0000 0.00 0.00 1.00 0 0 0 127 0 0 0 0 0 250519 100001.388
0.0000 0.0000 0.0000 0.00 0.00 1.00 0 0 0 127 0 0 0 0 0 250519 100001.589
0.0000 0.0000 0.0000 0.00 0.00 1.00 0 0 0 127 0 0 0 0 0 250519 100001.789
0.0000 0.0000 0.0000 0.00 0.00 1.00 0 0 0 127 0 0 0 0 0 250519 100001.990
0.0000 0.0000 0.0000 0.00 0.00 1.00 0 0 0 127 0 0 0 0 0 250519 100002.191
0.0000 0.0000 0.0000 0.00 0.00 1.00 0 0 0 127 0 0 0 0 0 250519 100002.392
0.0000 0.0000 0.0000 0.00 0.00 1.00 0 0 0 127 0 0 0 0 0 250519 100002.592
0.0000 0.0000 0.0000 0.00 0.00 1.00 0 0 0 127 0 0 0 0 0 250519 100002.793
0.0000 0.0000 0.0000 0.00 0.00 1.00 0 0 0 127 0 0 0 0 0 250519 100002.993
0.0000 0.0000 0.0000 0.00 0.00 1.00 0 0 0 127 0 0 0 0 0 250519 100003.194
0.0000 0.0000 0.0000 0.00 0.00 1.00 0 0 0 127 0 0 0 0 0 250519 100003.395
0.0000 0.0000 0.0000 0.00 0.00 1.00 0 0 0 127 0 0 0 0 0 250519 100003.595
0.0000 0.0000 0.0000 0.00 0.00 1.00 0 0 0 127 0 0 0 0 0 250519 100003.796
0.0000 0.0000 0.0000 0.00 0.00 1.00 0 0 0 127 0 0 0 0 0 250519 100003.996
0.0000 0.0000 0.0000 0.00 0.00 1.00 0 0 0 127 0 0 0 0 0 250519 100004.197
0.0000 0.0000 0.0000 0.00 0.00 1.00 0 0 0 127 0 0 0 0 0 250519 100004.397
0.0000 0.0000 0.0000 0.00 0.00 1.00 0 0 0 127 0 0 0 0 0 250519 100004.598
0.0000 0.0000 0.0000 0.00 0.00 1.00 0 0 0 127 0 0 0 0 0 250519 100004.799
0.0000 0.0000 0.0000 0.00 0.00 1.00 0 0 0 127 0 0 0 0 0 250519 100004.999
0.0000 0.0000 0.0000 0.00 0.00 1.00 0 0 0 127 0 0 0 0 0 250519 100005.200
0.0000 0.0000 0.0000 0.00 0.00 1.00 0 0 0 127 0 0 0 0 0 250519 100005.400
0.0000 0.0000 0.0000 0.00 0.00 1.00 0 0 0 127 0 0 0 0 0 250519 100005.601
0.0000 0.0000 0.0000 0.00 0.00 1.00 0 0 0 127 0 0 0 0 0 250519 100005.802
0.0000 0.0000 0.0000 0.00 0.00 1.00 0 0 0 127 0 0 0 0 0 250519 100006.002
0.0000 0.0000 0.0000 0.00 0.00 1.00 0 0 0 127 0 0 0 0 0 250519 100006.203
0.0000 0.0000 0.0000 0.00 0.00 1.00 0 0 0 127 0 0 0 0 0 250519 100006.404
0.0000 0.0000 0.0000 0.00 0.00 1.00 0 0 0 127 0 0 0 0 0 250519 100006.604
0.0000 0.0000 0.0000 0.00 0.00 1.00 0 0 0 127 0 0 0 0 0 250519 100006.805
0.0000 0.0000 0.0000 0.00 0.00 1.00 0 0 0 127 0 0 0 0 0 250519 100007.005
0.0000 0.0000 0.0000 0.00 0.00 1.00 0 0 0 127 0 0 0 0 0 250519 100007.206
0.0000 0.0000 0.0000 0.00 0.00 1.00 0 0 0 127 0 0 0 0 0 250519 100007.407
0.0000 0.0000 0.0000 0.00 0.00 1.00 0 0 0 127 0 0 0 0 0 250519 100007.607
0.0000 0.0000 0.0000 0.00 0.00 1.00 0 0 0 127 0 0 0 0 0 250519 100007.808
0.0000 0.0000 0.0000 0.00 0.00 1.00 0 0 0 127 0 0 0 0 0 250519 100008.009
0.0000 0.0000 0.0000 0.00 0.00 1.00 0 0 0 127 0 0 0 0 0 250519 100008.209
0.0000 0.0000 0.0000 0.00 0.00 1.00 0 0 0 127 0 0 0 0 0 250519 100008.410
0.0000 0.0000 0.0000 0.00 0.00 1.00 0 0 0 127 0 0 0 0 0 250519 100008.610
0.0000 0.0000 0.0000 0.00 0.00 1.00 0 0 0 127 0 0 0 0 0 250519 100008.811
0.0000 0.0000 0.0000 0.00 0.00 1.00 0 0 0 127 0 0 0 0 0 250519 100009.011
0.0000 0.0000 0.0000 0.00 0.00 1.00 0 0 0 127 0 0 0 0 0 250519 100009.212
0.0000 0.0000 0.0000 0.00 0.00 1.00 0 0 0 127 0 0 0 0 0 250519 100009.412
0.0000 0.0000 0.0000 0.00 0.00 1.00 0 0 0 127 0 0 0 0 0 250519 100009.613
0.0000 0.0000 0.0000 0.00 0.00 1.00 0 0 0 127 0 0 0 0 0 250519 100009.813
0.0000 0.0000 0.0000 0.00 0.00 1.00 0 0 0 127 0 0 0 0 0 250519 100010.014
0.0000 0.0000 0.0000 0.00 0.00 1.00 0 0 0 127 0 0 0 0 0 250519 100010.214
0.0000 0.0000 0.0000 0.00 0.00 1.00 0 0 0 127 0 0 0 0 0 250519 100010.415
0.0000 0.0000 0.0000 0.00 0.00 1.00 0 0 0 127 0 0 0 0 0 250519 100010.616
0.0000 0.0000 0.0000 0.00 0.00 1.00 0 0 0 127 0 0 0 0 0 250519 100010.816
0.0000 0.0000 0.0000 0.00 0.00 1.00 0 0 0 127 0 0 0 0 0 250519 100011.017
0.0000 0.0000 0.0000 0.00 0.00 1.00 0 0 0 127 0 0 0 0 0 250519 100011.217
0.0000 0.0000 0.0000 0.00 0.00 1.00 0 0 0 127 0 0 0 0 0 250519 100011.418
0.0000 0.0000 0.0000 0.00 0.00 1.00 0 0 0 127 0 0 0 0 0 250519 100011.619
0.0000 0.0000 0.0000 0.00 0.00 1.00 0 0 0 127 0 0 0 0 0 250519 100011.820
0.0000 0.0000 0.0000 0.00 0.00 1.00 0 0 0 127 0 0 0 0 0 250519 100012.020
0.0000 0.0000 0.0000 0.00 0.00 1.00 0 0 0 127 0 0 0 0 0 250519 100012.221
0.0000 0.0000 0.0000 0.00 0.00 1.00 0 0 0 127 0 0 0 0 0 250519 100012.421
0.0000 0.0000 0.0000 0.00 0.00 1.00 0 0 0 127 0 0 0 0 0 250519 100012.622
0.0000 0.0000 0.0000 0.00 0.00 1.00 0 0 0 127 0 0 0 0 0 250519 100012.822
0.0000 0.0000 0.0000 0.00 0.00 1.00 0 0 0 127 0 0 0 0 0 250519 100013.023
0.0000 0.0000 0.0000 0.00 0.00 1.00 0 0 0 127 0 0 0 0 0 250519 100013.224
0.0000 0.0000 0.0000 0.00 0.00 1.00 0 0 0 127 0 0 0 0 0 250519 100013.424
0.0000 0.0000 0.0000 0.00 0.00 1.00 0 0 0 127 0 0 0 0 0 250519 100013.624
0.0000 0.0000 0.0000 0.00 0.00 1.00 0 0 0 127 0 0 0 0 0 250519 100013.825
0.0000 0.0000 0.0000 0.00 0.00 1.00 0 0 0 127 0 0 0 0 0 250519 100014.025
0.0000 0.0000 0.0000 0.00 0.00 1.00 0 0 0 127 0 0 0 0 0 250519 100014.226
0.0000 0.0000 0.0000 0.00 0.00 1.00 0 0 0 127 0 0 0 0 0 250519 100014.426
0.0000 0.0000 0.0000 0.00 0.00 1.00 0 0 0 127 0 0 0 0 0 250519 100014.627
0.0000 0.0000 0.0000 0.00 0.00 1.00 0 0 0 127 0 0 0 0 0 250519 100014.827
0.0000 0.0000 0.0000 0.00 0.00 1.00 0 0 0 127 0 0 0 0 0 250519 100015.028
0.0000 0.0000 0.0000 0.00 0.00 1.00 0 0 0 127 0 0 0 0 0 250519 100015.229
0.0000 0.0000 0.0000 0.00 0.00 1.00 0 0 0 127 0 0 0 0 0 250519 100015.429
0.0000 0.0000 0.0000 0.00 0.00 1.00 0 0 0 127 0 0 0 0 0 250519 100015.630
0.0000 0.0000 0.0000 0.00 0.00 1.00 0 0 0 127 0 0 0 0 0 250519 100015.831
0.0000 0.0000 0.0000 0.00 0.00 1.00 0 0 0 127 0 0 0 0 0 250519 100016.032
0.0000 0.0000 0.0000 0.00 0.00 1.00 0 0 0 127 0 0 0 0 0 250519 100016.232
0.0000 0.0000 0.0000 0.00 0.00 1.00 0 0 0 127 0 0 0 0 0 250519 100016.433
0.0000 0.0000 0.0000 0.00 0.00 1.00 0 0 0 127 0 0 0 0 0 250519 100016.633
0.0000 0.0000 0.0000 0.00 0.00 1.00 0 0 0 127 0 0 0 0 0 250519 100016.834
0.0000 0.0000 0.0000 0.00 0.00 1.00 0 0 0 127 0 0 0 0 0 250519 100017.034
0.0000 0.0000 0.0000 0.00 0.00 1.00 0 0 0 127 0 0 0 0 0 250519 100017.235
0.0000 0.0000 0.0000 0.00 0.00 1.00 0 0 0 127 0 0 0 0 0 250519 100017.436
0.0000 0.0000 0.0000 0.00 0.00 1.00 0 0 0 127 0 0 0 0 0 250519 100017.636
0.0000 0.0000 0.0000 0.00 0.00 1.00 0 0 0 127 0 0 0 0 0 250519 100017.837
0.0000 0.0000 0.0000 0.00 0.00 1.00 0 0 0 127 0 0 0 0 0 250519 100018.037
0.0000 0.0000 0.0000 0.00 0.00 1.00 0 0 0 127 0 0 0 0 0 250519 100018.238
0.0000 0.0000 0.0000 0.00 0.00 1.00 0 0 0 127 0 0 0 0 0 250519 100018.439
0.0000 0.0000 0.0000 0.00 0.00 1.00 0 0 0 127 0 0 0 0 0 250519 100018.639
0.0000 0.0000 0.0000 0.00 0.00 1.00 0 0 0 127 0 0 0 0 0 250519 100018.840
0.0000 0.0000 0.0000 0.00 0.00 1.00 0 0 0 127 0 0 0 0 0 250519 100019.040
0.0000 0.0000 0.0000 0.00 0.00 1.00 0 0 0 127 0 0 0 0 0 250519 100019.241
0.0000 0.0000 0.0000 0.00 0.00 1.00 0 0 0 127 0 0 0 0 0 250519 100019.441
0.0000 0.0000 0.0000 0.00 0.00 1.00 0 0 0 127 0 0 0 0 0 250519 100019.642
0.0000 0.0000 0.0000 0.00 0.00 1.00 0 0 0 127 0 0 0 0 0 250519 100019.842
0.0000 0.0000 0.0000 0.00 0.00 1.00 0 0 0 127 0 0 0 0 0 250519 100020.043
0.0000 0.0000 0.0000 0.00 0.00 1.00 0 0 0 127 0 0 0 0 0 250519 100020.243
0.0000 0.0000 0.0000 0.00 0.00 1.00 0 0 0 127 0 0 0 0 0 250519 100020.444
0.0000 0.0000 0.0000 0.00 0.00 1.00 0 0 0 127 0 0 0 0 0 250519 100020.644
0.0000 0.0000 0.0000 0.00 0.00 1.00 0 0 0 127 0 0 0 0 0 250519 100020.845
0.0000 0.0000 0.0000 0.00 0.00 1.00 0 0 0 127 0 0 0 0 0 250519 100021.045
0.0000 0.0000 0.0000 0.00 0.00 1.00 0 0 0 127 0 0 0 0 0 250519 100021.246
0.0000 0.0000 0.0000 0.00 0.00 1.00 0 0 0 127 0 0 0 0 0 250519 100021.447
0.0000 0.0000 0.0000 0.00 0.00 1.00 0 0 0 127 0 0 0 0 0 250519 100021.647
0.0000 0.0000 0.0000 0.00 0.00 1.00 0 0 0 127 0 0 0 0 0 250519 100021.848
0.0000 0.0000 0.0000 0.00 0.00 1.00 0 0 0 127 0 0 0 0 0 250519 100022.048
0.0000 0.0000 0.0000 0.00 0.00 1.00 0 0 0 127 0 0 0 0 0 250519 100022.249
0.0000 0.0000 0.0000 0.00 0.00 1.00 0 0 0 127 0 0 0 0 0 250519 100022.450
0.0000 0.0000 0.0000 0.00 0.00 1.00 0 0 0 127 0 0 0 0 0 250519 100022.651
0.0000 0.0000 0.0000 0.00 0.00 1.00 0 0 0 127 0 0 0 0 0 250519 100022.851
0.0000 0.0000 0.0000 0.00 0.00 1.00 0 0 0 127 0 0 0 0 0 250519 100023.052
0.0000 0.0000 0.0000 0.00 0.00 1.00 0 0 0 127 0 0 0 0 0 250519 100023.252
0.0000 0.0000 0.0000 0.00 0.00 1.00 0 0 0 127 0 0 0 0 0 250519 100023.453
0.0000 0.0000 0.0000 0.00 0.00 1.00 0 0 0 127 0 0 0 0 0 250519 100023.653
0.0000 0.0000 0.0000 0.00 0.00 1.00 0 0 0 127 0 0 0 0 0 250519 100023.854
0.0000 0.0000 0.0000 0.00 0.00 1.00 0 0 0 127 0 0 0 0 0 250519 100024.054
0.0000 0.0000 0.0000 0.00 0.00 1.00 0 0 0 127 0 0 0 0 0 250519 100024.255
0.0000 0.0000 0.0000 0.00 0.00 1.00 0 0 0 127 0 0 0 0 0 250519 100024.455
0.0000 0.0000 0.0000 0.00 0.00 1.00 0 0 0 127 0 0 0 0 0 250519 100024.656
0.0000 0.0000 0.0000 0.00 0.00 1.00 0 0 0 127 0 0 0 0 0 250519 100024.857
0.0000 0.0000 0.0000 0.00 0.00 1.00 0 0 0 127 0 0 0 0 0 250519 100025.057
0.0000 0.0000 0.0000 0.00 0.00 1.00 0 0 0 127 0 0 0 0 0 250519 100025.258
0.0000 0.0000 0.0000 0.00 0.00 1.00 0 0 0 127 0 0 0 0 0 250519 100025.458
0.0000 0.0000 0.0000 0.00 0.00 1.00 0 0 0 127 0 0 0 0 0 250519 100025.659
0.0000 0.0000 0.0000 0.00 0.00 1.00 0 0 0 127 0 0 0 0 0 250519 100025.859
0.0000 0.0000 0.0000 0.00 0.00 1.00 0 0 0 127 0 0 0 0 0 250519 100026.060
0.0000 0.0000 0.0000 0.00 0.00 1.00 0 0 0 127 0 0 0 0 0 250519 100026.260
0.0000 0.0000 0.0000 0.00 0.00 1.00 0 0 0 127 0 0 0 0 0 250519 100026.461
0.0000 0.0000 0.0000 0.00 0.00 1.00 0 0 0 127 0 0 0 0 0 250519 100026.661
0.0000 0.0000 0.0000 0.00 0.00 1.00 0 0 0 127 0 0 0 0 0 250519 100026.862
0.0000 0.0000 0.0000 0.00 0.00 1.00 0 0 0 127 0 0 0 0 0 250519 100027.062
0.0000 0.0000 0.0000 0.00 0.00 1.00 0 0 0 127 0 0 0 0 0 250519 100027.263
0.0000 0.0000 0.0000 0.00 0.00 1.00 0 0 0 127 0 0 0 0 0 250519 100027.463
0.0000 0.0000 0.0000 0.00 0.00 1.00 0 0 0 127 0 0 0 0 0 250519 100027.664
0.0000 0.0000 0.0000 0.00 0.00 1.00 0 0 0 127 0 0 0 0 0 250519 100027.864
0.0000 0.0000 0.0000 0.00 0.00 1.00 0 0 0 127 0 0 0 0 0 250519 100028.065
0.0000 0.0000 0.0000 0.00 0.00 1.00 0 0 0 127 0 0 0 0 0 250519 100028.265
0.0000 0.0000 0.0000 0.00 0.00 1.00 0 0 0 127 0 0 0 0 0 250519 100028.466
0.0000 0.0000 0.0000 0.00 0.00 1.00 0 0 0 127 0 0 0 0 0 250519 100028.666
0.0000 0.0000 0.0000 0.00 0.00 1.00 0 0 0 127 0 0 0 0 0 250519 100028.867
0.0000 0.0000 0.0000 0.00 0.00 1.00 0 0 0 127 0 0 0 0 0 250519 100029.067
0.0000 0.0000 0.0000 0.00 0.00 1.00 0 0 0 127 0 0 0 0 0 250519 100029.268
0.0000 0.0000 0.0000 0.00 0.00 1.00 0 0 0 127 0 0 0 0 0 250519 100029.468
0.0000 0.0000 0.0000 0.00 0.00 1.00 0 0 0 127 0 0 0 0 0 250519 100029.669
0.0000 0.0000 0.0000 0.00 0.00 1.00 0 0 0 127 0 0 0 0 0 250519 100029.869
0.0000 0.0000 0.0000 0.00 0.00 1.00 0 0 0 127 0 0 0 0 0 250519 100030.070
0.0000 0.0000 0.0000 0.00 0.00 1.00 0 0 0 127 0 0 0 0 0 250519 100030.270
0.0000 0.0000 0.0000 0.00 0.00 1.00 0 0 0 127 0 0 0 0 0 250519 100030.471
0.0000 0.0000 0.0000 0.00 0.00 1.00 0 0 0 127 0 0 0 0 0 250519 100030.672
0.0000 0.0000 0.0000 0.00 0.00 1.00 0 0 0 127 0 0 0 0 0 250519 100030.872
0.0000 0.0000 0.0000 0.00 0.00 1.00 0 0 0 127 0 0 0 0 0 250519 100031.073
0.0000 0.0000 0.0000 0.00 0.00 1.00 0 0 0 127 0 0 0 0 0 250519 100031.273
0.0000 0.0000 0.0000 0.00 0.00 1.00 0 0 0 127 0 0 0 0 0 250519 100031.474
0.0000 0.0000 0.0000 0.00 0.00 1.00 0 0 0 127 0 0 0 0 0 250519 100031.675
0.0000 0.0000 0.0000 0.00 0.00 1.00 0 0 0 127 0 0 0 0 0 250519 100031.876
0.0000 0.0000 0.0000 0.00 0.00 1.00 0 0 0 127 0 0 0 0 0 250519 100032.076
0.0000 0.0000 0.0000 0.00 0.00 1.00 0 0 0 127 0 0 0 0 0 250519 100032.277
0.0000 0.0000 0.0000 0.00 0.00 1.00 0 0 0 127 0 0 0 0 0 250519 100032.477
0.0000 0.0000 0.0000 0.00 0.00 1.00 0 0 0 127 0 0 0 0 0 250519 100032.678
0.0000 0.0000 0.0000 0.00 0.00 1.00 0 0 0 127 0 0 0 0 0 250519 100032.878
0.0000 0.0000 0.0000 0.00 0.00 1.00 0 0 0 127 0 0 0 0 0 250519 100033.078
0.0000 0.0000 0.0000 0.00 0.00 1.00 0 0 0 127 0 0 0 0 0 250519 100033.279
0.0000 0.0000 0.0000 0.00 0.00 1.00 0 0 0 127 0 0 0 0 0 250519 100033.480
0.0000 0.0000 0.0000 0.00 0.00 1.00 0 0 0 127 0 0 0 0 0 250519 100033.680
0.0000 0.0000 0.0000 0.00 0.00 1.00 0 0 0 127 0 0 0 0 0 250519 100033.881
0.0000 0.0000 0.0000 0.00 0.00 1.00 0 0 0 127 0 0 0 0 0 250519 100034.081
0.0000 0.0000 0.0000 0.00 0.00 1.00 0 0 0 127 0 0 0 0 0 250519 100034.282
0.0000 0.0000 0.0000 0.00 0.00 1.00 0 0 0 127 0 0 0 0 0 250519 100034.482
0.0000 0.0000 0.0000 0.00 0.00 1.00 0 0 0 127 0 0 0 0 0 250519 100034.683
0.0000 0.0000 0.0000 0.00 0.00 1.00 0 0 0 127 0 0 0 0 0 250519 100034.883
0.0000 0.0000 0.0000 0.00 0.00 1.00 0 0 0 127 0 0 0 0 0 250519 100035.084
0.0000 0.0000 0.0000 0.00 0.00 1.00 0 0 0 127 0 0 0 0 0 250519 100035.284
0.0000 0.0000 0.0000 0.00 0.00 1.00 0 0 0 127 0 0 0 0 0 250519 100035.484
0.0000 0.0000 0.0000 0.00 0.00 1.00 0 0 0 127 0 0 0 0 0 250519 100035.685
0.0000 0.0000 0.0000 0.00 0.00 1.00 0 0 0 127 0 0 0 0 0 250519 100035.885
0.0000 0.0000 0.0000 0.00 0.00 1.00 0 0 0 127 0 0 0 0 0 250519 100036.086
0.0000 0.0000 0.0000 0.00 0.00 1.00 0 0 0 127 0 0 0 0 0 250519 100036.286
0.0000 0.0000 0.0000 0.00 0.00 1.00 0 0 0 127 0 0 0 0 0 250519 100036.486
0.0000 0.0000 0.0000 0.00 0.00 1.00 0 0 0 127 0 0 0 0 0 250519 100036.687
0.0000 0.0000 0.0000 0.00 0.00 1.00 0 0 0 127 0 0 0 0 0 250519 100036.887
0.0000 0.0000 0.0000 0.00 0.00 1.00 0 0 0 127 0 0 0 0 0 250519 100037.088
0.0000 0.0000 0.0000 0.00 0.00 1.00 0 0 0 127 0 0 0 0 0 250519 100037.288
0.0000 0.0000 0.0000 0.00 0.00 1.00 0 0 0 127 0 0 0 0 0 250519 100037.489
