6.0577 -0.6516 0.0000 0.00 0.00 1.00 0 0 0 112 1 0 0 0 0 051019 191416.770
6.0577 -0.6516 0.0000 0.00 0.00 1.00 0 0 0 112 1 0 0 0 0 051019 191416.970
6.0577 -0.6516 0.0000 0.00 0.00 1.00 0 0 0 112 1 0 0 0 0 051019 191417.171
6.0577 -0.6516 0.0000 0.00 0.00 1.00 0 0 0 112 1 0 0 0 0 051019 191417.371
6.0577 -0.6516 0.0000 0.00 0.00 1.00 0 0 0 112 1 0 0 0 0 051019 191417.571
6.0577 -0.6516 0.0000 0.00 0.00 1.00 0 0 0 112 1 0 0 0 0 051019 191417.771
6.0577 -0.6516 0.0000 0.00 0.00 1.00 0 0 0 112 1 0 0 0 0 051019 191417.972
6.0577 -0.6516 0.0000 0.00 0.00 1.00 0 0 0 112 1 0 0 0 0 051019 191418.172
6.0577 -0.6516 0.0000 0.00 0.00 1.00 0 0 0 112 1 0 0 0 0 051019 191418.372
6.0577 -0.6516 0.0000 0.00 0.00 1.00 0 0 0 112 1 0 0 0 0 051019 191418.572
6.0577 -0.6516 0.0000 0.00 0.00 1.00 0 0 0 112 1 0 0 0 0 051019 191418.772
6.0577 -0.6516 0.0000 0.00 0.00 1.00 0 0 0 112 1 0 0 0 0 051019 191418.972
6.0577 -0.6516 0.0000 0.00 0.00 1.00 0 0 0 112 1 0 0 0 0 051019 191419.173
6.0577 -0.6516 0.0000 0.00 0.00 1.00 0 0 0 112 1 0 0 0 0 051019 191419.373
6.0577 -0.6516 0.0000 0.00 0.00 1.00 0 0 0 112 1 0 0 0 0 051019 191419.573
6.0577 -0.6516 0.0000 0.00 0.00 1.00 0 0 0 112 1 0 0 0 0 051019 191419.773
6.0577 -0.6516 0.0000 0.00 0.00 1.00 0 0 0 112 1 0 0 0 0 051019 191419.973
6.0577 -0.6516 0.0000 0.00 0.00 1.00 0 0 0 112 1 0 0 0 0 051019 191420.173
6.0577 -0.6516 0.0000 0.00 0.00 1.00 0 0 0 112 1 0 0 0 0 051019 191420.374
6.0577 -0.6516 0.0000 0.00 0.00 1.00 0 0 0 112 1 0 0 0 0 051019 191420.574
6.0577 -0.6516 0.0000 0.00 0.00 1.00 0 0 0 112 1 0 0 0 0 051019 191420.774
6.0577 -0.6516 0.0000 0.00 0.00 1.00 0 0 0 112 1 0 0 0 0 051019 191420.974
6.0577 -0.6516 0.0000 0.00 0.00 1.00 0 0 0 112 1 0 0 0 0 051019 191421.174
6.0577 -0.6516 0.0000 0.00 0.00 1.00 0 0 0 112 1 0 0 0 0 051019 191421.375
6.0577 -0.6516 0.0000 0.00 0.00 1.00 0 0 0 112 1 0 0 0 0 051019 191421.575
6.0577 -0.6516 0.0000 0.00 0.00 1.00 0 0 0 112 1 0 0 0 0 051019 191421.775
