-1.9025 3.8623 -0.6083 0.00 0.00 1.00 0 221 13 112 1 0 0 0 0 040619 115543.857
-1.9047 3.8659 -0.6104 0.00 0.00 1.00 0 232 13 112 1 0 0 0 0 040619 115544.057
-1.9046 3.8663 -0.6108 0.00 0.00 1.00 0 231 13 112 1 0 0 0 0 040619 115544.257
-1.9065 3.8632 -0.6104 0.00 0.00 1.00 0 250 13 112 1 0 0 0 0 040619 115544.457
-1.9036 3.8593 -0.6080 0.00 0.00 1.00 0 234 13 112 1 0 0 0 0 040619 115544.658
-1.9036 3.8706 -0.6088 0.00 0.00 1.00 0 217 13 112 1 0 0 0 0 040619 115544.858
-1.9039 3.8697 -0.6088 0.00 0.00 1.00 0 221 13 112 1 0 0 0 0 040619 115545.058
-1.8981 3.8806 -0.6104 0.00 0.00 1.00 0 159 13 112 1 0 0 0 0 040619 115545.258
-1.9032 3.8911 -0.6117 0.00 0.00 1.00 0 183 13 112 1 0 0 0 0 040619 115545.459
-1.9161 3.9248 -0.6183 0.00 0.00 1.00 0 234 13 112 1 0 0 0 0 040619 115545.659
-1.9156 3.9356 -0.6197 0.00 0.00 1.00 0 214 13 112 1 0 0 0 0 040619 115545.859
-1.8965 4.0199 -0.6295 0.00 0.00 1.00 0 195 12 112 1 0 0 0 0 040619 115546.059
-1.8675 4.1046 -0.6535 0.00 0.00 1.00 0 97 11 112 1 0 0 0 0 040619 115546.260
-1.8527 4.1849 -0.6756 0.00 0.00 1.00 0 117 10 112 1 0 0 0 0 040619 115546.460
-1.8421 4.2986 -0.6496 0.00 0.00 1.00 0 120 9 112 1 0 0 0 0 040619 115546.660
-1.8298 4.3836 -0.6679 0.00 0.00 1.00 0 153 8 112 1 0 0 0 0 040619 115546.860
-1.8395 4.4934 -0.6183 0.00 0.00 1.00 0 66 8 112 1 0 0 0 0 040619 115547.060
-1.8019 4.5850 -0.6428 0.00 0.00 1.00 0 146 6 112 1 0 0 0 0 040619 115547.261
-1.7976 4.7442 -0.6532 0.00 0.00 1.00 0 131 5 112 1 0 0 0 0 040619 115547.461
-1.8032 4.8239 -0.6330 0.00 0.00 1.00 0 57 5 112 1 0 0 0 0 040619 115547.661
-1.8255 4.9364 -0.6445 0.00 0.00 1.00 0 64 5 112 1 0 0 0 0 040619 115547.861
-1.8205 5.0865 -0.6607 0.00 0.00 1.00 0 58 4 112 1 0 0 0 0 040619 115548.062
-1.8219 5.1944 -0.6664 0.00 0.00 1.00 0 164 3 112 1 0 0 0 0 040619 115548.262
-1.7541 5.3452 -0.6846 0.00 0.00 1.00 0 0 0 112 1 0 0 0 0 040619 115548.462
-1.7180 5.5412 -0.7035 0.00 0.00 1.00 0 0 0 112 1 0 0 0 0 040619 115548.662
-1.7414 5.6317 -0.7106 0.00 0.00 1.00 0 0 0 112 1 0 0 0 0 040619 115548.862
-1.7585 5.7477 -0.7237 0.00 0.00 1.00 0 0 0 112 1 0 0 0 0 040619 115549.063
-1.7809 5.9105 -0.6879 0.00 0.00 1.00 0 0 0 112 1 0 0 0 0 040619 115549.263
-1.7909 6.0350 -0.6910 0.00 0.00 1.00 0 0 0 112 1 0 0 0 0 040619 115549.463
-1.7883 6.1819 -0.7127 0.00 0.00 1.00 0 0 0 112 1 0 0 0 0 040619 115549.663
-1.7725 6.3343 -0.7012 0.00 0.00 1.00 0 107 252 112 1 0 0 0 0 040619 115549.864
-1.7755 6.4285 -0.6830 0.00 0.00 1.00 0 74 252 112 1 0 0 0 0 040619 115550.064
-1.7788 6.5798 -0.6722 0.00 0.00 1.00 0 8 252 112 1 0 0 0 0 040619 115550.264
-1.8038 6.6940 -0.6763 0.00 0.00 1.00 0 138 252 112 1 0 0 0 0 040619 115550.464
-1.8275 6.8037 -0.6571 0.00 0.00 1.00 0 0 0 112 1 0 0 0 0 040619 115550.664
-1.8361 6.9504 -0.6534 0.00 0.00 1.00 0 0 0 112 1 0 0 0 0 040619 115550.865
-1.8284 7.1300 -0.6545 0.00 0.00 1.00 0 60 252 112 1 0 0 0 0 040619 115551.065
-1.8092 7.2551 -0.6631 0.00 0.00 1.00 0 65 251 112 1 0 0 0 0 040619 115551.265
-1.8056 7.3913 -0.6775 0.00 0.00 1.00 0 188 250 112 1 0 0 0 0 040619 115551.465
-1.8265 7.4888 -0.6832 0.00 0.00 1.00 0 22 251 112 1 0 0 0 0 040619 115551.666
-1.8397 7.6124 -0.6791 0.00 0.00 1.00 0 31 251 112 1 0 0 0 0 040619 115551.866
-1.8348 7.6876 -0.6713 0.00 0.00 1.00 0 190 250 112 1 0 0 0 0 040619 115552.066
-1.8249 7.8394 -0.6760 0.00 0.00 1.00 0 249 249 112 1 0 0 0 0 040619 115552.266
-1.8752 7.9323 -0.6988 0.00 0.00 1.00 0 65 251 112 1 0 0 0 0 040619 115552.466
-1.8780 8.0872 -0.7008 0.00 0.00 1.00 0 223 250 112 1 0 0 0 0 040619 115552.667
-1.8796 8.1681 -0.7218 0.00 0.00 1.00 0 11 251 112 1 0 0 0 0 040619 115552.867
-1.8938 8.3084 -0.7328 0.00 0.00 1.00 0 171 251 112 1 0 0 0 0 040619 115553.067
-1.9290 8.4398 -0.7497 0.00 0.00 1.00 0 0 0 112 1 0 0 0 0 040619 115553.267
-1.9068 8.5144 -0.7644 0.00 0.00 1.00 0 86 252 112 1 0 0 0 0 040619 115553.467
-1.9183 8.6804 -0.7808 0.00 0.00 1.00 0 0 0 112 1 0 0 0 0 040619 115553.668
-1.9307 8.8695 -0.7502 0.00 0.00 1.00 0 0 0 112 1 0 0 0 0 040619 115553.868
-1.9234 8.9551 -0.7673 0.00 0.00 1.00 0 0 0 112 1 0 0 0 0 040619 115554.068
-1.9595 9.0537 -0.7761 0.00 0.00 1.00 0 0 0 112 1 0 0 0 0 040619 115554.268
-1.9874 9.1590 -0.7866 0.00 0.00 1.00 0 0 0 112 1 0 0 0 0 040619 115554.468
-2.0095 9.2585 -0.7903 0.00 0.00 1.00 0 0 0 112 1 0 0 0 0 040619 115554.669
-2.0252 9.4272 -0.8178 0.00 0.00 1.00 0 0 0 112 1 0 0 0 0 040619 115554.869
-2.0695 9.5275 -0.8296 0.00 0.00 1.00 0 0 0 112 1 0 0 0 0 040619 115555.069
-2.0941 9.6732 -0.8482 0.00 0.00 1.00 0 0 0 112 1 0 0 0 0 040619 115555.269
-2.1029 9.8249 -0.8653 0.00 0.00 1.00 0 0 0 112 1 0 0 0 0 040619 115555.470
-2.0751 10.0167 -0.8745 0.00 0.00 1.00 0 0 0 112 1 0 0 0 0 040619 115555.670
-2.0382 10.2968 -0.9045 0.00 0.00 1.00 0 51 250 112 1 0 0 0 0 040619 115555.870
-2.1145 10.4492 -0.9351 0.00 0.00 1.00 0 20 251 112 1 0 0 0 0 040619 115556.070
-2.1265 10.6114 -0.8910 0.00 0.00 1.00 0 243 249 112 1 0 0 0 0 040619 115556.270
-2.1313 10.7997 -0.8939 0.00 0.00 1.00 0 94 248 112 1 0 0 0 0 040619 115556.471
-2.1383 10.9258 -0.9186 0.00 0.00 1.00 0 106 247 112 1 0 0 0 0 040619 115556.671
-2.1240 11.1921 -0.9662 0.00 0.00 1.00 0 158 244 112 1 0 0 0 0 040619 115556.871
-2.0919 11.4322 -1.0131 0.00 0.00 1.00 0 252 241 112 1 0 0 0 0 040619 115557.071
-2.0266 11.7464 -1.0551 0.00 0.00 1.00 0 212 237 112 1 0 0 0 0 040619 115557.272
-2.0738 11.9121 -1.0197 0.00 0.00 1.00 0 32 238 112 1 0 0 0 0 040619 115557.472
-2.1204 12.1020 -0.9636 0.00 0.00 1.00 0 60 238 112 1 0 0 0 0 040619 115557.672
-2.1481 12.3429 -1.0006 0.00 0.00 1.00 0 201 237 112 1 0 0 0 0 040619 115557.872
-2.1226 12.5607 -1.0211 0.00 0.00 1.00 0 234 235 112 1 0 0 0 0 040619 115558.073
-2.2050 12.7625 -0.9983 0.00 0.00 1.00 0 115 237 112 1 0 0 0 0 040619 115558.273
-2.2154 12.9763 -0.9720 0.00 0.00 1.00 0 181 236 112 1 0 0 0 0 040619 115558.473
-2.2399 13.2938 -0.9657 0.00 0.00 1.00 0 199 235 112 1 0 0 0 0 040619 115558.673
-2.2899 13.5354 -0.9748 0.00 0.00 1.00 0 231 235 112 1 0 0 0 0 040619 115558.873
-2.2708 13.7718 -0.9659 0.00 0.00 1.00 0 239 233 112 1 0 0 0 0 040619 115559.074
-2.3864 14.0819 -0.8512 0.00 0.00 1.00 0 173 235 112 1 0 0 0 0 040619 115559.274
-2.4434 14.2943 -0.7614 0.00 0.00 1.00 0 55 236 112 1 0 0 0 0 040619 115559.474
-2.4843 14.4269 -0.7739 0.00 0.00 1.00 0 189 236 112 1 0 0 0 0 040619 115559.674
-2.5461 14.7412 -0.7774 0.00 0.00 1.00 0 229 236 112 1 0 0 0 0 040619 115559.875
-2.5583 14.9777 -0.7482 0.00 0.00 1.00 0 246 235 112 1 0 0 0 0 040619 115600.075
-2.6212 15.3545 -0.7229 0.00 0.00 1.00 0 68 237 112 1 0 0 0 0 040619 115600.275
-2.7036 15.6687 -0.7262 0.00 0.00 1.00 0 8 240 112 1 0 0 0 0 040619 115600.475
-2.7551 15.9408 -0.7377 0.00 0.00 1.00 0 206 241 112 1 0 0 0 0 040619 115600.675
-2.8759 16.1524 -0.7536 0.00 0.00 1.00 0 142 245 112 1 0 0 0 0 040619 115600.876
-2.9390 16.2598 -0.7466 0.00 0.00 1.00 0 221 246 112 1 0 0 0 0 040619 115601.076
-2.9569 16.3573 -0.7455 0.00 0.00 1.00 0 217 246 112 1 0 0 0 0 040619 115601.276
-2.9642 16.4399 -0.7521 0.00 0.00 1.00 0 150 246 112 1 0 0 0 0 040619 115601.476
-2.9715 16.5406 -0.7744 0.00 0.00 1.00 0 57 246 112 1 0 0 0 0 040619 115601.677
-3.0152 16.6367 -0.8056 0.00 0.00 1.00 0 2 247 112 1 0 0 0 0 040619 115601.877
-3.0589 16.7385 -0.8151 0.00 0.00 1.00 0 193 247 112 1 0 0 0 0 040619 115602.077
-3.1011 16.8651 -0.8343 0.00 0.00 1.00 0 79 248 112 1 0 0 0 0 040619 115602.277
-3.1240 16.9754 -0.8556 0.00 0.00 1.00 0 95 248 112 1 0 0 0 0 040619 115602.477
-3.1196 17.0606 -0.8721 0.00 0.00 1.00 0 189 247 112 1 0 0 0 0 040619 115602.678
-3.1324 17.1256 -0.8897 0.00 0.00 1.00 0 193 247 112 1 0 0 0 0 040619 115602.878
-3.1532 17.2355 -0.9163 0.00 0.00 1.00 0 11 248 112 1 0 0 0 0 040619 115603.078
-3.1738 17.3436 -0.9354 0.00 0.00 1.00 0 103 248 112 1 0 0 0 0 040619 115603.278
-3.2111 17.4936 -0.9525 0.00 0.00 1.00 0 44 249 112 1 0 0 0 0 040619 115603.478
-3.2270 17.5588 -0.9570 0.00 0.00 1.00 0 127 249 112 1 0 0 0 0 040619 115603.679
-3.2550 17.6446 -0.9819 0.00 0.00 1.00 0 38 250 112 1 0 0 0 0 040619 115603.879
-3.3287 17.7888 -1.0301 0.00 0.00 1.00 0 16 252 112 1 0 0 0 0 040619 115604.079
-3.3150 17.8285 -1.0319 0.00 0.00 1.00 0 137 251 112 1 0 0 0 0 040619 115604.279
-3.3328 17.9044 -1.0414 0.00 0.00 1.00 0 228 251 112 1 0 0 0 0 040619 115604.480
-3.3402 17.9397 -1.0431 0.00 0.00 1.00 0 8 252 112 1 0 0 0 0 040619 115604.680
-3.3448 17.9918 -1.0532 0.00 0.00 1.00 0 9 252 112 1 0 0 0 0 040619 115604.880
-3.3524 18.0691 -1.0589 0.00 0.00 1.00 0 18 252 112 1 0 0 0 0 040619 115605.080
-3.3601 18.0979 -1.0702 0.00 0.00 1.00 0 61 252 112 1 0 0 0 0 040619 115605.280
-3.3578 18.0994 -1.0675 0.00 0.00 1.00 0 41 252 112 1 0 0 0 0 040619 115605.481
-3.3622 18.1099 -1.0675 0.00 0.00 1.00 0 69 252 112 1 0 0 0 0 040619 115605.681
-3.3638 18.1980 -1.0806 0.00 0.00 1.00 0 47 252 112 1 0 0 0 0 040619 115605.881
-3.3593 18.2271 -1.0875 0.00 0.00 1.00 0 2 252 112 1 0 0 0 0 040619 115606.081
-3.3614 18.3336 -1.1069 0.00 0.00 1.00 0 242 251 112 1 0 0 0 0 040619 115606.282
-3.3825 18.4428 -1.1281 0.00 0.00 1.00 0 120 252 112 1 0 0 0 0 040619 115606.482
-3.4483 18.4793 -1.1282 0.00 0.00 1.00 0 0 0 112 1 0 0 0 0 040619 115606.682
-3.5010 18.5495 -1.1466 0.00 0.00 1.00 0 0 0 112 1 0 0 0 0 040619 115606.882
-3.5329 18.6503 -1.1463 0.00 0.00 1.00 0 0 0 112 1 0 0 0 0 040619 115607.082
-3.5271 18.7092 -1.1464 0.00 0.00 1.00 0 0 0 112 1 0 0 0 0 040619 115607.283
-3.5389 18.7883 -1.1659 0.00 0.00 1.00 0 0 0 112 1 0 0 0 0 040619 115607.483
-3.5387 18.9072 -1.1858 0.00 0.00 1.00 0 0 0 112 1 0 0 0 0 040619 115607.683
-3.5491 18.9835 -1.1995 0.00 0.00 1.00 0 0 0 112 1 0 0 0 0 040619 115607.883
-3.5494 18.9977 -1.2015 0.00 0.00 1.00 0 0 0 112 1 0 0 0 0 040619 115608.083
-3.5445 19.0426 -1.2063 0.00 0.00 1.00 0 0 0 112 1 0 0 0 0 040619 115608.284
-3.5358 19.0796 -1.2254 0.00 0.00 1.00 0 0 0 112 1 0 0 0 0 040619 115608.484
-3.5640 19.1325 -1.2301 0.00 0.00 1.00 0 0 0 112 1 0 0 0 0 040619 115608.684
-3.5746 19.1723 -1.2365 0.00 0.00 1.00 0 0 0 112 1 0 0 0 0 040619 115608.884
-3.5845 19.2230 -1.2595 0.00 0.00 1.00 0 0 0 112 1 0 0 0 0 040619 115609.084
-3.5937 19.2635 -1.2639 0.00 0.00 1.00 0 0 0 112 1 0 0 0 0 040619 115609.285
-3.5878 19.2817 -1.2684 0.00 0.00 1.00 0 0 0 112 1 0 0 0 0 040619 115609.485
-3.5755 19.3183 -1.2708 0.00 0.00 1.00 0 0 0 112 1 0 0 0 0 040619 115609.685
-3.5660 19.3542 -1.2829 0.00 0.00 1.00 0 0 0 112 1 0 0 0 0 040619 115609.885
-3.5662 19.3634 -1.2851 0.00 0.00 1.00 0 0 0 112 1 0 0 0 0 040619 115610.086
-3.5601 19.3893 -1.2938 0.00 0.00 1.00 0 0 0 112 1 0 0 0 0 040619 115610.286
-3.5573 19.3938 -1.2919 0.00 0.00 1.00 0 0 0 112 1 0 0 0 0 040619 115610.486
-3.5564 19.3969 -1.2932 0.00 0.00 1.00 0 0 0 112 1 0 0 0 0 040619 115610.686
-3.5545 19.4352 -1.2987 0.00 0.00 1.00 0 0 0 112 1 0 0 0 0 040619 115610.886
-3.5804 19.5268 -1.2943 0.00 0.00 1.00 0 0 0 112 1 0 0 0 0 040619 115611.087
-3.6147 19.6105 -1.3015 0.00 0.00 1.00 0 0 0 112 1 0 0 0 0 040619 115611.287
-3.6358 19.7515 -1.3320 0.00 0.00 1.00 0 0 0 112 1 0 0 0 0 040619 115611.487
-3.6586 19.7903 -1.3401 0.00 0.00 1.00 0 126 3 112 1 0 0 0 0 040619 115611.687
-3.6888 19.8903 -1.3517 0.00 0.00 1.00 0 82 4 112 1 0 0 0 0 040619 115611.887
-3.7151 19.9730 -1.3602 0.00 0.00 1.00 0 12 5 112 1 0 0 0 0 040619 115612.088
-3.7421 20.0815 -1.3784 0.00 0.00 1.00 0 196 5 112 1 0 0 0 0 040619 115612.288
-3.7538 20.1617 -1.3922 0.00 0.00 1.00 0 9 6 112 1 0 0 0 0 040619 115612.488
-3.7497 20.2215 -1.3987 0.00 0.00 1.00 0 225 5 112 1 0 0 0 0 040619 115612.688
-3.7596 20.3515 -1.4124 0.00 0.00 1.00 0 33 6 112 1 0 0 0 0 040619 115612.888
-3.7795 20.4222 -1.4205 0.00 0.00 1.00 0 184 6 112 1 0 0 0 0 040619 115613.089
-3.7823 20.4976 -1.4267 0.00 0.00 1.00 0 198 6 112 1 0 0 0 0 040619 115613.289
-3.7830 20.5912 -1.4313 0.00 0.00 1.00 0 193 6 112 1 0 0 0 0 040619 115613.489
-3.7730 20.6570 -1.4231 0.00 0.00 1.00 0 106 6 112 1 0 0 0 0 040619 115613.689
-3.8032 20.7146 -1.4712 0.00 0.00 1.00 0 85 7 112 1 0 0 0 0 040619 115613.890
-3.8299 20.8079 -1.4922 0.00 0.00 1.00 0 32 8 112 1 0 0 0 0 040619 115614.090
-3.8495 20.8894 -1.5289 0.00 0.00 1.00 0 179 8 112 1 0 0 0 0 040619 115614.290
-3.8775 20.9176 -1.5721 0.00 0.00 1.00 0 144 9 112 1 0 0 0 0 040619 115614.490
-3.9035 20.9922 -1.5850 0.00 0.00 1.00 0 88 10 112 1 0 0 0 0 040619 115614.690
-3.9443 21.0866 -1.5892 0.00 0.00 1.00 0 147 11 112 1 0 0 0 0 040619 115614.891
-3.9578 21.1166 -1.5868 0.00 0.00 1.00 0 253 11 112 1 0 0 0 0 040619 115615.091
-3.9646 21.2104 -1.6112 0.00 0.00 1.00 0 15 12 112 1 0 0 0 0 040619 115615.291
-4.0041 21.3153 -1.6229 0.00 0.00 1.00 0 13 13 112 1 0 0 0 0 040619 115615.491
-4.0270 21.3734 -1.6282 0.00 0.00 1.00 0 162 13 112 1 0 0 0 0 040619 115615.691
-4.0585 21.4644 -1.6409 0.00 0.00 1.00 0 103 14 112 1 0 0 0 0 040619 115615.892
-4.0572 21.5713 -1.6664 0.00 0.00 1.00 0 30 14 112 1 0 0 0 0 040619 115616.092
-4.0434 21.6018 -1.6691 0.00 0.00 1.00 0 159 13 112 1 0 0 0 0 040619 115616.292
-4.0132 21.6737 -1.6729 0.00 0.00 1.00 0 131 12 112 1 0 0 0 0 040619 115616.492
-4.0140 21.6866 -1.6756 0.00 0.00 1.00 0 130 12 112 1 0 0 0 0 040619 115616.692
-4.0555 21.8430 -1.6958 0.00 0.00 1.00 0 114 13 112 1 0 0 0 0 040619 115616.893
-4.0579 21.9999 -1.7059 0.00 0.00 1.00 0 41 13 112 1 0 0 0 0 040619 115617.093
-4.0531 22.0571 -1.7071 0.00 0.00 1.00 0 225 12 112 1 0 0 0 0 040619 115617.293
-4.0826 22.1846 -1.7225 0.00 0.00 1.00 0 130 13 112 1 0 0 0 0 040619 115617.493
-4.1041 22.3324 -1.7405 0.00 0.00 1.00 0 183 13 112 1 0 0 0 0 040619 115617.694
-4.1300 22.4264 -1.7427 0.00 0.00 1.00 0 55 14 112 1 0 0 0 0 040619 115617.894
-4.1227 22.5342 -1.7586 0.00 0.00 1.00 0 163 13 112 1 0 0 0 0 040619 115618.094
-4.0990 22.6351 -1.7669 0.00 0.00 1.00 0 146 12 112 1 0 0 0 0 040619 115618.294
-4.1294 22.7604 -1.7763 0.00 0.00 1.00 0 28 13 112 1 0 0 0 0 040619 115618.494
-4.1147 22.9186 -1.7943 0.00 0.00 1.00 0 35 12 112 1 0 0 0 0 040619 115618.694
-4.1443 23.0395 -1.8106 0.00 0.00 1.00 0 170 12 112 1 0 0 0 0 040619 115618.895
-4.1583 23.1286 -1.8292 0.00 0.00 1.00 0 207 12 112 1 0 0 0 0 040619 115619.095
-4.1746 23.2525 -1.8496 0.00 0.00 1.00 0 216 12 112 1 0 0 0 0 040619 115619.295
-4.1919 23.3657 -1.8692 0.00 0.00 1.00 0 171 12 112 1 0 0 0 0 040619 115619.495
-4.1976 23.4790 -1.8899 0.00 0.00 1.00 0 34 12 112 1 0 0 0 0 040619 115619.696
-4.2027 23.5864 -1.9047 0.00 0.00 1.00 0 159 11 112 1 0 0 0 0 040619 115619.896
-4.2086 23.7109 -1.9190 0.00 0.00 1.00 0 6 11 112 1 0 0 0 0 040619 115620.096
-4.1980 23.8569 -1.9403 0.00 0.00 1.00 0 201 9 112 1 0 0 0 0 040619 115620.296
-4.2219 23.9625 -1.9613 0.00 0.00 1.00 0 220 9 112 1 0 0 0 0 040619 115620.497
-4.2147 24.0765 -1.9701 0.00 0.00 1.00 0 237 8 112 1 0 0 0 0 040619 115620.697
-4.2122 24.1537 -1.9897 0.00 0.00 1.00 0 93 8 112 1 0 0 0 0 040619 115620.897
-4.2186 24.2003 -1.9950 0.00 0.00 1.00 0 69 8 112 1 0 0 0 0 040619 115621.097
-4.2211 24.2882 -2.0066 0.00 0.00 1.00 0 204 7 112 1 0 0 0 0 040619 115621.297
-4.1903 24.3456 -2.0211 0.00 0.00 1.00 0 126 6 112 1 0 0 0 0 040619 115621.498
-4.1998 24.4443 -2.0369 0.00 0.00 1.00 0 43 6 112 1 0 0 0 0 040619 115621.698
-4.2318 24.5349 -2.0463 0.00 0.00 1.00 0 148 6 112 1 0 0 0 0 040619 115621.898
-4.2332 24.6360 -2.0593 0.00 0.00 1.00 0 253 5 112 1 0 0 0 0 040619 115622.098
-4.2290 24.7131 -2.0707 0.00 0.00 1.00 0 96 5 112 1 0 0 0 0 040619 115622.298
-4.2358 24.7420 -2.0792 0.00 0.00 1.00 0 103 5 112 1 0 0 0 0 040619 115622.499
-4.2418 24.8486 -2.0908 0.00 0.00 1.00 0 234 4 112 1 0 0 0 0 040619 115622.699
-4.2491 24.9075 -2.0949 0.00 0.00 1.00 0 197 4 112 1 0 0 0 0 040619 115622.899
-4.2405 24.9996 -2.1081 0.00 0.00 1.00 0 238 3 112 1 0 0 0 0 040619 115623.099
-4.2483 25.0197 -2.1178 0.00 0.00 1.00 0 11 4 112 1 0 0 0 0 040619 115623.299
-4.2525 25.1183 -2.1396 0.00 0.00 1.00 0 141 3 112 1 0 0 0 0 040619 115623.500
-4.2557 25.1454 -2.1428 0.00 0.00 1.00 0 123 3 112 1 0 0 0 0 040619 115623.700
-4.2448 25.1825 -2.1619 0.00 0.00 1.00 0 0 0 112 1 0 0 0 0 040619 115623.900
-4.2520 25.2532 -2.1668 0.00 0.00 1.00 0 0 0 112 1 0 0 0 0 040619 115624.100
-4.2663 25.3281 -2.1890 0.00 0.00 1.00 0 0 0 112 1 0 0 0 0 040619 115624.300
-4.2636 25.4403 -2.1973 0.00 0.00 1.00 0 0 0 112 1 0 0 0 0 040619 115624.501
-4.3401 25.5358 -2.2125 0.00 0.00 1.00 0 0 0 112 1 0 0 0 0 040619 115624.701
-4.3429 25.6832 -2.2436 0.00 0.00 1.00 0 0 0 112 1 0 0 0 0 040619 115624.901
-4.3475 25.8034 -2.2549 0.00 0.00 1.00 0 0 0 112 1 0 0 0 0 040619 115625.101
-4.3530 25.9549 -2.2751 0.00 0.00 1.00 0 0 0 112 1 0 0 0 0 040619 115625.302
-4.3077 26.1034 -2.3025 0.00 0.00 1.00 0 191 251 112 1 0 0 0 0 040619 115625.502
-4.2872 26.2056 -2.3105 0.00 0.00 1.00 0 18 250 112 1 0 0 0 0 040619 115625.702
-4.2797 26.2656 -2.3214 0.00 0.00 1.00 0 55 249 112 1 0 0 0 0 040619 115625.902
-4.2562 26.3531 -2.3292 0.00 0.00 1.00 0 155 247 112 1 0 0 0 0 040619 115626.102
-4.2855 26.4926 -2.3304 0.00 0.00 1.00 0 228 246 112 1 0 0 0 0 040619 115626.303
-4.2747 26.5995 -2.3272 0.00 0.00 1.00 0 59 245 112 1 0 0 0 0 040619 115626.503
-4.2683 26.7040 -2.3408 0.00 0.00 1.00 0 185 243 112 1 0 0 0 0 040619 115626.703
-4.2796 26.8061 -2.3600 0.00 0.00 1.00 0 193 242 112 1 0 0 0 0 040619 115626.904
-4.2789 26.8163 -2.3605 0.00 0.00 1.00 0 155 242 112 1 0 0 0 0 040619 115627.104
-4.2270 26.8967 -2.3703 0.00 0.00 1.00 0 27 240 112 1 0 0 0 0 040619 115627.304
-4.2171 26.9531 -2.3829 0.00 0.00 1.00 0 28 239 112 1 0 0 0 0 040619 115627.504
-4.2061 27.0629 -2.4042 0.00 0.00 1.00 0 104 237 112 1 0 0 0 0 040619 115627.704
-4.1972 27.1494 -2.4298 0.00 0.00 1.00 0 14 236 112 1 0 0 0 0 040619 115627.905
-4.1888 27.2201 -2.4339 0.00 0.00 1.00 0 235 234 112 1 0 0 0 0 040619 115628.105
-4.1590 27.3005 -2.4475 0.00 0.00 1.00 0 13 233 112 1 0 0 0 0 040619 115628.305
-4.2153 27.3449 -2.4739 0.00 0.00 1.00 0 25 234 112 1 0 0 0 0 040619 115628.505
-4.2792 27.4324 -2.5043 0.00 0.00 1.00 0 209 234 112 1 0 0 0 0 040619 115628.705
-4.2929 27.4987 -2.5373 0.00 0.00 1.00 0 94 234 112 1 0 0 0 0 040619 115628.906
-4.3189 27.5961 -2.5418 0.00 0.00 1.00 0 73 234 112 1 0 0 0 0 040619 115629.106
-4.3743 27.6858 -2.5480 0.00 0.00 1.00 0 16 234 112 1 0 0 0 0 040619 115629.306
-4.3853 27.8047 -2.5472 0.00 0.00 1.00 0 45 232 112 1 0 0 0 0 040619 115629.506
-4.4125 27.9695 -2.5775 0.00 0.00 1.00 0 223 229 112 1 0 0 0 0 040619 115629.707
-4.4775 28.0952 -2.5651 0.00 0.00 1.00 0 61 229 112 1 0 0 0 0 040619 115629.907
-4.4845 28.1896 -2.5691 0.00 0.00 1.00 0 180 227 112 1 0 0 0 0 040619 115630.107
-4.5384 28.3393 -2.5643 0.00 0.00 1.00 0 89 226 112 1 0 0 0 0 040619 115630.307
-4.5557 28.4657 -2.5883 0.00 0.00 1.00 0 125 224 112 1 0 0 0 0 040619 115630.507
-4.6092 28.6208 -2.6043 0.00 0.00 1.00 0 8 223 112 1 0 0 0 0 040619 115630.708
-4.6546 28.7357 -2.6310 0.00 0.00 1.00 0 24 222 112 1 0 0 0 0 040619 115630.908
-4.6702 28.8259 -2.6401 0.00 0.00 1.00 0 163 221 112 1 0 0 0 0 040619 115631.108
-4.7523 28.9622 -2.6226 0.00 0.00 1.00 0 31 222 112 1 0 0 0 0 040619 115631.308
-4.8116 29.1039 -2.5985 0.00 0.00 1.00 0 228 221 112 1 0 0 0 0 040619 115631.508
-4.8691 29.2290 -2.6158 0.00 0.00 1.00 0 213 221 112 1 0 0 0 0 040619 115631.709
-4.9742 29.4429 -2.5948 0.00 0.00 1.00 0 237 221 112 1 0 0 0 0 040619 115631.909
-5.0209 29.5935 -2.5893 0.00 0.00 1.00 0 128 222 112 1 0 0 0 0 040619 115632.109
-5.1226 29.6858 -2.5848 0.00 0.00 1.00 0 167 222 112 1 0 0 0 0 040619 115632.309
-5.2775 29.8321 -2.5607 0.00 0.00 1.00 0 192 222 112 1 0 0 0 0 040619 115632.509
-5.3475 29.9977 -2.5267 0.00 0.00 1.00 0 146 220 112 1 0 0 0 0 040619 115632.710
-5.3891 30.1288 -2.5255 0.00 0.00 1.00 0 139 218 112 1 0 0 0 0 040619 115632.910
-5.4783 30.2413 -2.5160 0.00 0.00 1.00 0 247 217 112 1 0 0 0 0 040619 115633.110
-5.4711 30.3740 -2.5217 0.00 0.00 1.00 0 214 214 112 1 0 0 0 0 040619 115633.310
-5.5297 30.5116 -2.5079 0.00 0.00 1.00 0 9 213 112 1 0 0 0 0 040619 115633.510
-5.6561 30.6328 -2.5026 0.00 0.00 1.00 0 19 213 112 1 0 0 0 0 040619 115633.711
-5.7482 30.8255 -2.5066 0.00 0.00 1.00 0 19 211 112 1 0 0 0 0 040619 115633.911
-5.8807 30.9605 -2.4663 0.00 0.00 1.00 0 112 211 112 1 0 0 0 0 040619 115634.111
-6.0021 31.1282 -2.4429 0.00 0.00 1.00 0 222 210 112 1 0 0 0 0 040619 115634.311
-5.9953 31.2340 -2.4294 0.00 0.00 1.00 0 138 208 112 1 0 0 0 0 040619 115634.511
-6.0149 31.3882 -2.3838 0.00 0.00 1.00 0 215 205 112 1 0 0 0 0 040619 115634.712
-6.1044 31.5218 -2.3713 0.00 0.00 1.00 0 55 205 112 1 0 0 0 0 040619 115634.912
-6.1841 31.6615 -2.3693 0.00 0.00 1.00 0 212 204 112 1 0 0 0 0 040619 115635.112
-6.2135 31.7467 -2.3543 0.00 0.00 1.00 0 75 203 112 1 0 0 0 0 040619 115635.312
-6.3718 31.8636 -2.3480 0.00 0.00 1.00 0 115 203 112 1 0 0 0 0 040619 115635.512
-6.4935 32.0011 -2.3518 0.00 0.00 1.00 0 102 202 112 1 0 0 0 0 040619 115635.713
-6.5763 32.0742 -2.3317 0.00 0.00 1.00 0 47 202 112 1 0 0 0 0 040619 115635.913
-6.7088 32.2149 -2.3254 0.00 0.00 1.00 0 66 201 112 1 0 0 0 0 040619 115636.113
-6.8267 32.3073 -2.3203 0.00 0.00 1.00 0 63 201 112 1 0 0 0 0 040619 115636.313
-6.9542 32.4132 -2.3275 0.00 0.00 1.00 0 21 201 112 1 0 0 0 0 040619 115636.513
-7.0888 32.5102 -2.3138 0.00 0.00 1.00 0 71 201 112 1 0 0 0 0 040619 115636.714
-7.1868 32.5850 -2.3099 0.00 0.00 1.00 0 136 201 112 1 0 0 0 0 040619 115636.914
-7.3215 32.6797 -2.3102 0.00 0.00 1.00 0 30 202 112 1 0 0 0 0 040619 115637.114
-7.4808 32.7897 -2.3038 0.00 0.00 1.00 0 220 202 112 1 0 0 0 0 040619 115637.314
-7.5807 32.8870 -2.3109 0.00 0.00 1.00 0 170 202 112 1 0 0 0 0 040619 115637.515
-7.6712 32.9444 -2.3032 0.00 0.00 1.00 0 51 203 112 1 0 0 0 0 040619 115637.715
-7.8142 33.0324 -2.3141 0.00 0.00 1.00 0 29 204 112 1 0 0 0 0 040619 115637.915
-7.9631 33.1102 -2.3254 0.00 0.00 1.00 0 192 205 112 1 0 0 0 0 040619 115638.115
-8.0654 33.1920 -2.3340 0.00 0.00 1.00 0 111 205 112 1 0 0 0 0 040619 115638.315
-8.1624 33.2487 -2.3201 0.00 0.00 1.00 0 173 205 112 1 0 0 0 0 040619 115638.516
-8.3106 33.3283 -2.3128 0.00 0.00 1.00 0 57 206 112 1 0 0 0 0 040619 115638.716
-8.4576 33.4473 -2.3187 0.00 0.00 1.00 0 186 205 112 1 0 0 0 0 040619 115638.916
-8.5904 33.5182 -2.2910 0.00 0.00 1.00 0 59 206 112 1 0 0 0 0 040619 115639.116
-8.7394 33.5910 -2.3070 0.00 0.00 1.00 0 248 206 112 1 0 0 0 0 040619 115639.317
-8.8259 33.6570 -2.3002 0.00 0.00 1.00 0 200 206 112 1 0 0 0 0 040619 115639.517
-8.9654 33.7201 -2.2955 0.00 0.00 1.00 0 154 207 112 1 0 0 0 0 040619 115639.717
-9.1391 33.7959 -2.2916 0.00 0.00 1.00 0 142 208 112 1 0 0 0 0 040619 115639.917
-9.2932 33.8527 -2.2991 0.00 0.00 1.00 0 79 209 112 1 0 0 0 0 040619 115640.118
-9.3826 33.8802 -2.3472 0.00 0.00 1.00 0 228 209 112 1 0 0 0 0 040619 115640.318
-9.4739 33.9064 -2.3895 0.00 0.00 1.00 0 139 210 112 1 0 0 0 0 040619 115640.518
-9.6105 33.9411 -2.4148 0.00 0.00 1.00 0 163 211 112 1 0 0 0 0 040619 115640.718
-9.7588 33.9251 -2.4426 0.00 0.00 1.00 0 76 214 112 1 0 0 0 0 040619 115640.918
-9.9022 33.9706 -2.4607 0.00 0.00 1.00 0 51 215 112 1 0 0 0 0 040619 115641.119
-9.9925 33.9906 -2.4972 0.00 0.00 1.00 0 1 216 112 1 0 0 0 0 040619 115641.319
-10.1029 34.0253 -2.5283 0.00 0.00 1.00 0 181 216 112 1 0 0 0 0 040619 115641.519
-10.2846 34.0921 -2.5242 0.00 0.00 1.00 0 255 127 112 1 0 0 0 0 040619 115641.719
