6.1010 -0.6131 0.0000 0.00 0.00 1.00 0 0 0 112 1 0 0 0 0 231119 165432.789
6.1007 -0.6106 0.0000 0.00 0.00 1.00 0 0 0 112 1 0 0 0 0 231119 165432.989
6.1071 -0.6017 0.0000 0.00 0.00 1.00 0 0 0 112 1 0 0 0 0 231119 165433.189
6.1391 -0.6013 0.0000 0.00 0.00 1.00 0 0 0 112 1 0 0 0 0 231119 165433.389
6.1739 -0.6203 0.0000 0.00 0.00 1.00 0 0 0 112 1 0 0 0 0 231119 165433.589
6.2012 -0.6349 0.0000 0.00 0.00 1.00 0 0 0 112 1 0 0 0 0 231119 165433.789
6.2293 -0.6482 0.0000 0.00 0.00 1.00 0 0 0 112 1 0 0 0 0 231119 165433.989
6.2615 -0.6625 0.0000 0.00 0.00 1.00 0 0 0 112 1 0 0 0 0 231119 165434.190
6.2915 -0.6795 0.0000 0.00 0.00 1.00 0 0 0 112 1 0 0 0 0 231119 165434.390
6.3233 -0.6934 0.0000 0.00 0.00 1.00 0 0 0 112 1 0 0 0 0 231119 165434.590
6.3506 -0.7086 0.0000 0.00 0.00 1.00 0 0 0 112 1 0 0 0 0 231119 165434.790
6.3779 -0.7229 0.0000 0.00 0.00 1.00 0 0 0 112 1 0 0 0 0 231119 165434.990
6.4090 -0.7374 0.0000 0.00 0.00 1.00 0 0 0 112 1 0 0 0 0 231119 165435.190
6.4420 -0.7531 0.0000 0.00 0.00 1.00 0 0 0 112 1 0 0 0 0 231119 165435.391
6.4706 -0.7668 0.0000 0.00 0.00 1.00 0 0 0 112 1 0 0 0 0 231119 165435.591
6.5022 -0.7820 0.0000 0.00 0.00 1.00 0 0 0 112 1 0 0 0 0 231119 165435.791
6.5330 -0.7983 0.0000 0.00 0.00 1.00 0 0 0 112 1 0 0 0 0 231119 165435.991
6.5632 -0.8142 0.0000 0.00 0.00 1.00 0 0 0 112 1 0 0 0 0 231119 165436.191
6.5943 -0.8306 0.0000 0.00 0.00 1.00 0 0 0 112 1 0 0 0 0 231119 165436.391
6.6229 -0.8443 0.0000 0.00 0.00 1.00 0 0 0 112 1 0 0 0 0 231119 165436.591
6.6559 -0.8591 0.0000 0.00 0.00 1.00 0 0 0 112 1 0 0 0 0 231119 165436.792
6.6832 -0.8759 0.0000 0.00 0.00 1.00 0 0 0 112 1 0 0 0 0 231119 165436.992
6.7159 -0.8873 0.0000 0.00 0.00 1.00 0 0 0 112 1 0 0 0 0 231119 165437.192
6.7439 -0.9031 0.0000 0.00 0.00 1.00 0 0 0 112 1 0 0 0 0 231119 165437.392
6.7755 -0.9190 0.0000 0.00 0.00 1.00 0 0 0 112 1 0 0 0 0 231119 165437.592
6.8059 -0.9330 0.0000 0.00 0.00 1.00 0 0 0 112 1 0 0 0 0 231119 165437.792
6.8349 -0.9491 0.0000 0.00 0.00 1.00 0 0 0 112 1 0 0 0 0 231119 165437.993
6.8714 -0.9588 0.0000 0.00 0.00 1.00 0 0 0 112 1 0 0 0 0 231119 165438.193
6.8990 -0.9776 0.0000 0.00 0.00 1.00 0 0 0 112 1 0 0 0 0 231119 165438.393
6.9255 -0.9906 0.0000 0.00 0.00 1.00 0 0 0 112 1 0 0 0 0 231119 165438.593
6.9540 -1.0071 0.0000 0.00 0.00 1.00 0 0 0 112 1 0 0 0 0 231119 165438.793
6.9852 -1.0222 0.0000 0.00 0.00 1.00 0 0 0 112 1 0 0 0 0 231119 165438.993
7.0193 -1.0351 0.0000 0.00 0.00 1.00 0 0 0 112 1 0 0 0 0 231119 165439.193
7.0461 -1.0503 0.0000 0.00 0.00 1.00 0 0 0 112 1 0 0 0 0 231119 165439.394
7.0762 -1.0696 0.0000 0.00 0.00 1.00 0 0 0 112 1 0 0 0 0 231119 165439.594
7.1072 -1.0827 0.0000 0.00 0.00 1.00 0 0 0 112 1 0 0 0 0 231119 165439.794
7.1381 -1.0991 0.0000 0.00 0.00 1.00 0 0 0 112 1 0 0 0 0 231119 165439.994
7.1668 -1.1152 0.0000 0.00 0.00 1.00 0 0 0 112 1 0 0 0 0 231119 165440.194
7.1966 -1.1287 0.0000 0.00 0.00 1.00 0 0 0 112 1 0 0 0 0 231119 165440.394
7.2272 -1.1448 0.0000 0.00 0.00 1.00 0 0 0 112 1 0 0 0 0 231119 165440.595
7.2602 -1.1575 0.0000 0.00 0.00 1.00 0 0 0 112 1 0 0 0 0 231119 165440.795
7.2898 -1.1746 0.0000 0.00 0.00 1.00 0 0 0 112 1 0 0 0 0 231119 165440.995
7.3189 -1.1880 0.0000 0.00 0.00 1.00 0 0 0 112 1 0 0 0 0 231119 165441.195
7.3500 -1.2037 0.0000 0.00 0.00 1.00 0 0 0 112 1 0 0 0 0 231119 165441.395
7.3825 -1.2175 0.0000 0.00 0.00 1.00 0 0 0 112 1 0 0 0 0 231119 165441.595
7.4160 -1.2294 0.0000 0.00 0.00 1.00 0 0 0 112 1 0 0 0 0 231119 165441.795
7.4442 -1.2466 0.0000 0.00 0.00 1.00 0 0 0 112 1 0 0 0 0 231119 165441.995
7.4706 -1.2597 0.0000 0.00 0.00 1.00 0 0 0 112 1 0 0 0 0 231119 165442.196
7.5012 -1.2738 0.0000 0.00 0.00 1.00 0 0 0 112 1 0 0 0 0 231119 165442.396
7.5289 -1.2915 0.0000 0.00 0.00 1.00 0 0 0 112 1 0 0 0 0 231119 165442.596
7.5613 -1.3038 0.0000 0.00 0.00 1.00 0 0 0 112 1 0 0 0 0 231119 165442.796
7.5926 -1.3160 0.0000 0.00 0.00 1.00 0 0 0 112 1 0 0 0 0 231119 165442.996
7.6235 -1.3310 0.0000 0.00 0.00 1.00 0 0 0 112 1 0 0 0 0 231119 165443.196
7.6529 -1.3482 0.0000 0.00 0.00 1.00 0 0 0 112 1 0 0 0 0 231119 165443.397
7.6857 -1.3626 0.0000 0.00 0.00 1.00 0 0 0 112 1 0 0 0 0 231119 165443.597
7.7163 -1.3776 0.0000 0.00 0.00 1.00 0 0 0 112 1 0 0 0 0 231119 165443.797
7.7443 -1.3929 0.0000 0.00 0.00 1.00 0 0 0 112 1 0 0 0 0 231119 165443.997
7.7763 -1.4047 0.0000 0.00 0.00 1.00 0 0 0 112 1 0 0 0 0 231119 165444.197
7.8051 -1.4216 0.0000 0.00 0.00 1.00 0 0 0 112 1 0 0 0 0 231119 165444.397
7.8365 -1.4337 0.0000 0.00 0.00 1.00 0 0 0 112 1 0 0 0 0 231119 165444.598
7.8612 -1.4516 0.0000 0.00 0.00 1.00 0 0 0 112 1 0 0 0 0 231119 165444.798
7.8928 -1.4654 0.0000 0.00 0.00 1.00 0 0 0 112 1 0 0 0 0 231119 165444.998
7.9251 -1.4801 0.0000 0.00 0.00 1.00 0 0 0 112 1 0 0 0 0 231119 165445.198
7.9584 -1.4929 0.0000 0.00 0.00 1.00 0 0 0 112 1 0 0 0 0 231119 165445.398
7.9872 -1.5069 0.0000 0.00 0.00 1.00 0 0 0 112 1 0 0 0 0 231119 165445.598
8.0181 -1.5242 0.0000 0.00 0.00 1.00 0 0 0 112 1 0 0 0 0 231119 165445.799
8.0481 -1.5357 0.0000 0.00 0.00 1.00 0 0 0 112 1 0 0 0 0 231119 165445.999
8.0769 -1.5536 0.0000 0.00 0.00 1.00 0 0 0 112 1 0 0 0 0 231119 165446.199
8.1072 -1.5662 0.0000 0.00 0.00 1.00 0 0 0 112 1 0 0 0 0 231119 165446.399
8.1381 -1.5808 0.0000 0.00 0.00 1.00 0 0 0 112 1 0 0 0 0 231119 165446.599
8.1670 -1.5965 0.0000 0.00 0.00 1.00 0 0 0 112 1 0 0 0 0 231119 165446.799
8.1989 -1.6117 0.0000 0.00 0.00 1.00 0 0 0 112 1 0 0 0 0 231119 165447.000
8.2266 -1.6267 0.0000 0.00 0.00 1.00 0 0 0 112 1 0 0 0 0 231119 165447.200
8.2584 -1.6397 0.0000 0.00 0.00 1.00 0 0 0 112 1 0 0 0 0 231119 165447.400
8.2919 -1.6520 0.0000 0.00 0.00 1.00 0 0 0 112 1 0 0 0 0 231119 165447.600
8.3222 -1.6661 0.0000 0.00 0.00 1.00 0 0 0 112 1 0 0 0 0 231119 165447.800
8.3552 -1.6794 0.0000 0.00 0.00 1.00 0 0 0 112 1 0 0 0 0 231119 165448.000
8.3820 -1.6962 0.0000 0.00 0.00 1.00 0 0 0 112 1 0 0 0 0 231119 165448.201
8.4038 -1.7056 0.0000 0.00 0.00 1.00 0 0 0 112 1 0 0 0 0 231119 165448.401
8.4334 -1.7199 0.0000 0.00 0.00 1.00 0 0 0 112 1 0 0 0 0 231119 165448.601
8.4640 -1.7335 0.0000 0.00 0.00 1.00 0 0 0 112 1 0 0 0 0 231119 165448.801
8.4973 -1.7474 0.0000 0.00 0.00 1.00 0 0 0 112 1 0 0 0 0 231119 165449.001
8.5269 -1.7610 0.0000 0.00 0.00 1.00 0 0 0 112 1 0 0 0 0 231119 165449.201
8.5561 -1.7736 0.0000 0.00 0.00 1.00 0 0 0 112 1 0 0 0 0 231119 165449.401
8.5883 -1.7863 0.0000 0.00 0.00 1.00 0 0 0 112 1 0 0 0 0 231119 165449.602
8.6169 -1.8036 0.0000 0.00 0.00 1.00 0 0 0 112 1 0 0 0 0 231119 165449.802
8.6473 -1.8168 0.0000 0.00 0.00 1.00 0 0 0 112 1 0 0 0 0 231119 165450.002
8.6776 -1.8303 0.0000 0.00 0.00 1.00 0 0 0 112 1 0 0 0 0 231119 165450.202
8.7061 -1.8443 0.0000 0.00 0.00 1.00 0 0 0 112 1 0 0 0 0 231119 165450.402
8.7378 -1.8581 0.0000 0.00 0.00 1.00 0 0 0 112 1 0 0 0 0 231119 165450.602
8.7681 -1.8747 0.0000 0.00 0.00 1.00 0 0 0 112 1 0 0 0 0 231119 165450.803
8.7996 -1.8883 0.0000 0.00 0.00 1.00 0 0 0 112 1 0 0 0 0 231119 165451.003
8.8300 -1.9037 0.0000 0.00 0.00 1.00 0 0 0 112 1 0 0 0 0 231119 165451.203
8.8641 -1.9153 0.0000 0.00 0.00 1.00 0 0 0 112 1 0 0 0 0 231119 165451.403
8.8958 -1.9289 0.0000 0.00 0.00 1.00 0 0 0 112 1 0 0 0 0 231119 165451.603
8.9232 -1.9440 0.0000 0.00 0.00 1.00 0 0 0 112 1 0 0 0 0 231119 165451.803
8.9530 -1.9571 0.0000 0.00 0.00 1.00 0 0 0 112 1 0 0 0 0 231119 165452.003
8.9777 -1.9738 0.0000 0.00 0.00 1.00 0 123 228 112 1 0 0 0 0 231119 165452.204
9.0071 -1.9873 0.0000 0.00 0.00 1.00 0 106 226 112 1 0 0 0 0 231119 165452.404
9.0379 -2.0019 0.0000 0.00 0.00 1.00 0 223 222 112 1 0 0 0 0 231119 165452.604
9.0674 -2.0142 0.0000 0.00 0.00 1.00 0 182 224 112 1 0 0 0 0 231119 165452.804
9.0936 -2.0260 0.0000 0.00 0.00 1.00 0 70 228 112 1 0 0 0 0 231119 165453.004
9.1211 -2.0362 0.0000 0.00 0.00 1.00 0 222 224 112 1 0 0 0 0 231119 165453.204
9.1469 -2.0426 0.0000 0.00 0.00 1.00 0 227 226 112 1 0 0 0 0 231119 165453.405
9.1767 -2.0549 0.0000 0.00 0.00 1.00 0 168 222 112 1 0 0 0 0 231119 165453.605
9.2042 -2.0633 0.0000 0.00 0.00 1.00 0 70 226 112 1 0 0 0 0 231119 165453.805
9.2277 -2.0714 0.0000 0.00 0.00 1.00 0 188 216 112 1 0 0 0 0 231119 165454.005
9.2575 -2.0816 0.0000 0.00 0.00 1.00 0 21 217 112 1 0 0 0 0 231119 165454.205
9.2817 -2.0896 0.0000 0.00 0.00 1.00 0 6 220 112 1 0 0 0 0 231119 165454.405
9.3052 -2.1003 0.0000 0.00 0.00 1.00 0 95 213 112 1 0 0 0 0 231119 165454.606
9.3285 -2.1081 0.0000 0.00 0.00 1.00 0 64 223 112 1 0 0 0 0 231119 165454.806
9.3547 -2.1151 0.0000 0.00 0.00 1.00 0 39 217 112 1 0 0 0 0 231119 165455.006
9.3822 -2.1192 0.0000 0.00 0.00 1.00 0 124 221 112 1 0 0 0 0 231119 165455.206
9.4064 -2.1266 0.0000 0.00 0.00 1.00 0 143 222 112 1 0 0 0 0 231119 165455.406
9.4316 -2.1346 0.0000 0.00 0.00 1.00 0 27 220 112 1 0 0 0 0 231119 165455.606
9.4546 -2.1386 0.0000 0.00 0.00 1.00 0 48 212 112 1 0 0 0 0 231119 165455.807
9.4817 -2.1467 0.0000 0.00 0.00 1.00 0 78 222 112 1 0 0 0 0 231119 165456.007
9.5060 -2.1531 0.0000 0.00 0.00 1.00 0 199 200 112 1 0 0 0 0 231119 165456.207
9.5322 -2.1567 0.0000 0.00 0.00 1.00 0 131 216 112 1 0 0 0 0 231119 165456.407
9.5549 -2.1581 0.0000 0.00 0.00 1.00 0 158 218 112 1 0 0 0 0 231119 165456.607
9.5759 -2.1652 0.0000 0.00 0.00 1.00 0 103 214 112 1 0 0 0 0 231119 165456.807
9.6025 -2.1707 0.0000 0.00 0.00 1.00 0 251 210 112 1 0 0 0 0 231119 165457.007
9.6276 -2.1781 0.0000 0.00 0.00 1.00 0 252 207 112 1 0 0 0 0 231119 165457.207
9.6497 -2.1791 0.0000 0.00 0.00 1.00 0 243 215 112 1 0 0 0 0 231119 165457.408
9.6765 -2.1802 0.0000 0.00 0.00 1.00 0 80 210 112 1 0 0 0 0 231119 165457.608
9.7026 -2.1868 0.0000 0.00 0.00 1.00 0 245 198 112 1 0 0 0 0 231119 165457.808
9.7282 -2.1940 0.0000 0.00 0.00 1.00 0 209 196 112 1 0 0 0 0 231119 165458.008
9.7554 -2.1955 0.0000 0.00 0.00 1.00 0 164 205 112 1 0 0 0 0 231119 165458.208
9.7794 -2.1969 0.0000 0.00 0.00 1.00 0 36 201 112 1 0 0 0 0 231119 165458.408
9.8024 -2.2008 0.0000 0.00 0.00 1.00 0 76 200 112 1 0 0 0 0 231119 165458.608
9.8238 -2.2002 0.0000 0.00 0.00 1.00 0 40 214 112 1 0 0 0 0 231119 165458.808
9.8444 -2.1996 0.0000 0.00 0.00 1.00 0 169 202 112 1 0 0 0 0 231119 165459.009
9.8648 -2.2005 0.0000 0.00 0.00 1.00 0 249 211 112 1 0 0 0 0 231119 165459.209
9.8868 -2.1994 0.0000 0.00 0.00 1.00 0 50 204 112 1 0 0 0 0 231119 165459.409
9.9065 -2.2001 0.0000 0.00 0.00 1.00 0 198 200 112 1 0 0 0 0 231119 165459.609
9.9279 -2.1991 0.0000 0.00 0.00 1.00 0 155 202 112 1 0 0 0 0 231119 165459.809
9.9532 -2.1991 0.0000 0.00 0.00 1.00 0 197 205 112 1 0 0 0 0 231119 165500.009
9.9707 -2.2013 0.0000 0.00 0.00 1.00 0 122 211 112 1 0 0 0 0 231119 165500.209
9.9855 -2.1991 0.0000 0.00 0.00 1.00 0 34 207 112 1 0 0 0 0 231119 165500.410
9.9934 -2.2040 0.0000 0.00 0.00 1.00 0 89 204 112 1 0 0 0 0 231119 165500.610
10.0078 -2.2020 0.0000 0.00 0.00 1.00 0 73 200 112 1 0 0 0 0 231119 165500.810
10.0263 -2.1971 0.0000 0.00 0.00 1.00 0 236 202 112 1 0 0 0 0 231119 165501.010
10.0400 -2.1986 0.0000 0.00 0.00 1.00 0 230 200 112 1 0 0 0 0 231119 165501.210
10.0650 -2.1951 0.0000 0.00 0.00 1.00 0 150 200 112 1 0 0 0 0 231119 165501.410
10.0838 -2.1911 0.0000 0.00 0.00 1.00 0 120 198 112 1 0 0 0 0 231119 165501.610
10.1030 -2.1934 0.0000 0.00 0.00 1.00 0 197 193 112 1 0 0 0 0 231119 165501.811
10.1322 -2.1919 0.0000 0.00 0.00 1.00 0 192 199 112 1 0 0 0 0 231119 165502.011
10.1550 -2.1840 0.0000 0.00 0.00 1.00 0 130 195 112 1 0 0 0 0 231119 165502.211
10.1732 -2.1824 0.0000 0.00 0.00 1.00 0 36 197 112 1 0 0 0 0 231119 165502.411
10.1938 -2.1752 0.0000 0.00 0.00 1.00 0 110 197 112 1 0 0 0 0 231119 165502.611
10.2033 -2.1704 0.0000 0.00 0.00 1.00 0 184 207 112 1 0 0 0 0 231119 165502.811
10.2210 -2.1712 0.0000 0.00 0.00 1.00 0 202 194 112 1 0 0 0 0 231119 165503.011
10.2336 -2.1671 0.0000 0.00 0.00 1.00 0 136 197 112 1 0 0 0 0 231119 165503.212
10.2554 -2.1607 0.0000 0.00 0.00 1.00 0 109 206 112 1 0 0 0 0 231119 165503.412
10.2763 -2.1509 0.0000 0.00 0.00 1.00 0 128 200 112 1 0 0 0 0 231119 165503.612
10.3014 -2.1445 0.0000 0.00 0.00 1.00 0 220 196 112 1 0 0 0 0 231119 165503.812
10.3260 -2.1329 0.0000 0.00 0.00 1.00 0 83 193 112 1 0 0 0 0 231119 165504.012
10.3491 -2.1241 0.0000 0.00 0.00 1.00 0 94 193 112 1 0 0 0 0 231119 165504.212
10.3647 -2.1139 0.0000 0.00 0.00 1.00 0 126 200 112 1 0 0 0 0 231119 165504.412
10.3822 -2.1008 0.0000 0.00 0.00 1.00 0 161 205 112 1 0 0 0 0 231119 165504.613
10.4016 -2.0889 0.0000 0.00 0.00 1.00 0 188 198 112 1 0 0 0 0 231119 165504.813
10.4175 -2.0735 0.0000 0.00 0.00 1.00 0 185 210 112 1 0 0 0 0 231119 165505.013
10.4406 -2.0602 0.0000 0.00 0.00 1.00 0 118 208 112 1 0 0 0 0 231119 165505.213
10.4632 -2.0424 0.0000 0.00 0.00 1.00 0 234 206 112 1 0 0 0 0 231119 165505.413
10.4848 -2.0275 0.0000 0.00 0.00 1.00 0 220 210 112 1 0 0 0 0 231119 165505.613
10.4991 -2.0170 0.0000 0.00 0.00 1.00 0 108 205 112 1 0 0 0 0 231119 165505.813
10.5093 -2.0062 0.0000 0.00 0.00 1.00 0 105 200 112 1 0 0 0 0 231119 165506.014
10.5188 -1.9921 0.0000 0.00 0.00 1.00 0 215 207 112 1 0 0 0 0 231119 165506.214
10.5252 -1.9797 0.0000 0.00 0.00 1.00 0 211 206 112 1 0 0 0 0 231119 165506.414
10.5405 -1.9682 0.0000 0.00 0.00 1.00 0 98 209 112 1 0 0 0 0 231119 165506.614
10.5591 -1.9469 0.0000 0.00 0.00 1.00 0 40 207 112 1 0 0 0 0 231119 165506.814
10.5796 -1.9272 0.0000 0.00 0.00 1.00 0 31 212 112 1 0 0 0 0 231119 165507.014
10.5924 -1.9092 0.0000 0.00 0.00 1.00 0 134 214 112 1 0 0 0 0 231119 165507.214
10.6168 -1.8871 0.0000 0.00 0.00 1.00 0 2 207 112 1 0 0 0 0 231119 165507.415
10.6376 -1.8647 0.0000 0.00 0.00 1.00 0 32 209 112 1 0 0 0 0 231119 165507.615
10.6627 -1.8403 0.0000 0.00 0.00 1.00 0 25 203 112 1 0 0 0 0 231119 165507.815
10.6778 -1.8237 0.0000 0.00 0.00 1.00 0 246 209 112 1 0 0 0 0 231119 165508.015
10.6912 -1.8043 0.0000 0.00 0.00 1.00 0 86 212 112 1 0 0 0 0 231119 165508.215
10.7207 -1.7774 0.0000 0.00 0.00 1.00 0 20 201 112 1 0 0 0 0 231119 165508.415
10.7449 -1.7535 0.0000 0.00 0.00 1.00 0 96 210 112 1 0 0 0 0 231119 165508.615
10.7680 -1.7272 0.0000 0.00 0.00 1.00 0 254 208 112 1 0 0 0 0 231119 165508.816
10.7866 -1.7047 0.0000 0.00 0.00 1.00 0 249 202 112 1 0 0 0 0 231119 165509.016
10.7966 -1.6850 0.0000 0.00 0.00 1.00 0 71 211 112 1 0 0 0 0 231119 165509.216
10.8172 -1.6594 0.0000 0.00 0.00 1.00 0 68 210 112 1 0 0 0 0 231119 165509.416
10.8276 -1.6381 0.0000 0.00 0.00 1.00 0 251 214 112 1 0 0 0 0 231119 165509.616
10.8352 -1.6176 0.0000 0.00 0.00 1.00 0 89 212 112 1 0 0 0 0 231119 165509.816
10.8519 -1.5934 0.0000 0.00 0.00 1.00 0 35 211 112 1 0 0 0 0 231119 165510.016
10.8606 -1.5745 0.0000 0.00 0.00 1.00 0 126 216 112 1 0 0 0 0 231119 165510.216
10.8707 -1.5544 0.0000 0.00 0.00 1.00 0 213 215 112 1 0 0 0 0 231119 165510.417
10.8820 -1.5309 0.0000 0.00 0.00 1.00 0 11 217 112 1 0 0 0 0 231119 165510.617
10.8904 -1.5066 0.0000 0.00 0.00 1.00 0 178 219 112 1 0 0 0 0 231119 165510.817
10.9017 -1.4833 0.0000 0.00 0.00 1.00 0 168 213 112 1 0 0 0 0 231119 165511.017
10.9113 -1.4628 0.0000 0.00 0.00 1.00 0 26 218 112 1 0 0 0 0 231119 165511.217
10.9224 -1.4374 0.0000 0.00 0.00 1.00 0 23 221 112 1 0 0 0 0 231119 165511.417
10.9292 -1.4153 0.0000 0.00 0.00 1.00 0 158 225 112 1 0 0 0 0 231119 165511.618
10.9330 -1.3926 0.0000 0.00 0.00 1.00 0 28 227 112 1 0 0 0 0 231119 165511.818
10.9402 -1.3696 0.0000 0.00 0.00 1.00 0 10 224 112 1 0 0 0 0 231119 165512.018
10.9513 -1.3414 0.0000 0.00 0.00 1.00 0 100 227 112 1 0 0 0 0 231119 165512.218
10.9570 -1.3162 0.0000 0.00 0.00 1.00 0 200 229 112 1 0 0 0 0 231119 165512.418
10.9667 -1.2872 0.0000 0.00 0.00 1.00 0 249 234 112 1 0 0 0 0 231119 165512.618
10.9735 -1.2605 0.0000 0.00 0.00 1.00 0 151 224 112 1 0 0 0 0 231119 165512.818
10.9784 -1.2316 0.0000 0.00 0.00 1.00 0 255 232 112 1 0 0 0 0 231119 165513.019
10.9875 -1.2029 0.0000 0.00 0.00 1.00 0 123 230 112 1 0 0 0 0 231119 165513.219
10.9936 -1.1757 0.0000 0.00 0.00 1.00 0 215 234 112 1 0 0 0 0 231119 165513.419
10.9992 -1.1493 0.0000 0.00 0.00 1.00 0 48 234 112 1 0 0 0 0 231119 165513.619
11.0026 -1.1187 0.0000 0.00 0.00 1.00 0 88 241 112 1 0 0 0 0 231119 165513.819
11.0110 -1.0906 0.0000 0.00 0.00 1.00 0 103 239 112 1 0 0 0 0 231119 165514.019
11.0131 -1.0578 0.0000 0.00 0.00 1.00 0 196 241 112 1 0 0 0 0 231119 165514.219
11.0181 -1.0288 0.0000 0.00 0.00 1.00 0 19 245 112 1 0 0 0 0 231119 165514.420
11.0233 -0.9984 0.0000 0.00 0.00 1.00 0 251 245 112 1 0 0 0 0 231119 165514.620
11.0261 -0.9704 0.0000 0.00 0.00 1.00 0 190 241 112 1 0 0 0 0 231119 165514.820
11.0324 -0.9431 0.0000 0.00 0.00 1.00 0 39 237 112 1 0 0 0 0 231119 165515.020
11.0361 -0.9108 0.0000 0.00 0.00 1.00 0 45 242 112 1 0 0 0 0 231119 165515.220
11.0354 -0.8799 0.0000 0.00 0.00 1.00 0 85 246 112 1 0 0 0 0 231119 165515.420
11.0397 -0.8501 0.0000 0.00 0.00 1.00 0 2 247 112 1 0 0 0 0 231119 165515.621
11.0406 -0.8164 0.0000 0.00 0.00 1.00 0 28 252 112 1 0 0 0 0 231119 165515.821
11.0432 -0.7826 0.0000 0.00 0.00 1.00 0 10 255 112 1 0 0 0 0 231119 165516.021
11.0457 -0.7504 0.0000 0.00 0.00 1.00 0 57 253 112 1 0 0 0 0 231119 165516.221
11.0512 -0.7189 0.0000 0.00 0.00 1.00 0 174 249 112 1 0 0 0 0 231119 165516.421
11.0582 -0.6859 0.0000 0.00 0.00 1.00 0 43 1 112 1 0 0 0 0 231119 165516.621
11.0641 -0.6550 0.0000 0.00 0.00 1.00 0 72 252 112 1 0 0 0 0 231119 165516.821
11.0652 -0.6228 0.0000 0.00 0.00 1.00 0 15 3 112 1 0 0 0 0 231119 165517.022
11.0650 -0.5899 0.0000 0.00 0.00 1.00 0 71 2 112 1 0 0 0 0 231119 165517.222
11.0699 -0.5555 0.0000 0.00 0.00 1.00 0 27 0 112 1 0 0 0 0 231119 165517.422
11.0716 -0.5251 0.0000 0.00 0.00 1.00 0 0 0 112 1 0 0 0 0 231119 165517.622
11.0723 -0.4921 0.0000 0.00 0.00 1.00 0 0 0 112 1 0 0 0 0 231119 165517.822
11.0762 -0.4609 0.0000 0.00 0.00 1.00 0 0 0 112 1 0 0 0 0 231119 165518.022
11.0755 -0.4282 0.0000 0.00 0.00 1.00 0 0 0 112 1 0 0 0 0 231119 165518.222
11.0748 -0.3957 0.0000 0.00 0.00 1.00 0 0 0 112 1 0 0 0 0 231119 165518.423
11.0781 -0.3638 0.0000 0.00 0.00 1.00 0 0 0 112 1 0 0 0 0 231119 165518.623
11.0804 -0.3355 0.0000 0.00 0.00 1.00 0 0 0 112 1 0 0 0 0 231119 165518.823
11.0824 -0.3045 0.0000 0.00 0.00 1.00 0 0 0 112 1 0 0 0 0 231119 165519.023
11.0883 -0.2690 0.0000 0.00 0.00 1.00 0 0 0 112 1 0 0 0 0 231119 165519.223
11.0864 -0.2423 0.0000 0.00 0.00 1.00 0 0 0 112 1 0 0 0 0 231119 165519.423
11.0914 -0.1990 0.0000 0.00 0.00 1.00 0 0 0 112 1 0 0 0 0 231119 165519.624
11.0921 -0.1664 0.0000 0.00 0.00 1.00 0 0 0 112 1 0 0 0 0 231119 165519.824
11.0918 -0.1387 0.0000 0.00 0.00 1.00 0 0 0 112 1 0 0 0 0 231119 165520.024
11.0935 -0.1042 0.0000 0.00 0.00 1.00 0 22 42 112 1 0 0 0 0 231119 165520.224
11.0980 -0.0722 0.0000 0.00 0.00 1.00 0 218 20 112 1 0 0 0 0 231119 165520.424
11.1007 -0.0441 0.0000 0.00 0.00 1.00 0 139 17 112 1 0 0 0 0 231119 165520.624
11.1026 -0.0205 0.0000 0.00 0.00 1.00 0 246 35 112 1 0 0 0 0 231119 165520.825
11.1058 0.0074 0.0000 0.00 0.00 1.00 0 130 24 112 1 0 0 0 0 231119 165521.025
11.1056 0.0371 0.0000 0.00 0.00 1.00 0 74 26 112 1 0 0 0 0 231119 165521.225
11.1050 0.0633 0.0000 0.00 0.00 1.00 0 123 25 112 1 0 0 0 0 231119 165521.425
11.1043 0.0925 0.0000 0.00 0.00 1.00 0 11 25 112 1 0 0 0 0 231119 165521.625
11.1079 0.1259 0.0000 0.00 0.00 1.00 0 127 22 112 1 0 0 0 0 231119 165521.825
11.1127 0.1621 0.0000 0.00 0.00 1.00 0 127 35 112 1 0 0 0 0 231119 165522.025
11.1155 0.1875 0.0000 0.00 0.00 1.00 0 60 27 112 1 0 0 0 0 231119 165522.225
11.1226 0.2126 0.0000 0.00 0.00 1.00 0 228 29 112 1 0 0 0 0 231119 165522.426
11.1245 0.2457 0.0000 0.00 0.00 1.00 0 208 46 112 1 0 0 0 0 231119 165522.626
11.1293 0.2744 0.0000 0.00 0.00 1.00 0 194 42 112 1 0 0 0 0 231119 165522.826
11.1342 0.3048 0.0000 0.00 0.00 1.00 0 227 46 112 1 0 0 0 0 231119 165523.026
11.1410 0.3320 0.0000 0.00 0.00 1.00 0 48 37 112 1 0 0 0 0 231119 165523.226
11.1402 0.3465 0.0000 0.00 0.00 1.00 0 68 37 112 1 0 0 0 0 231119 165523.426
11.1515 0.3774 0.0000 0.00 0.00 1.00 0 129 29 112 1 0 0 0 0 231119 165523.626
11.1609 0.4032 0.0000 0.00 0.00 1.00 0 171 25 112 1 0 0 0 0 231119 165523.827
11.1649 0.4339 0.0000 0.00 0.00 1.00 0 53 41 112 1 0 0 0 0 231119 165524.027
11.1683 0.4546 0.0000 0.00 0.00 1.00 0 170 32 112 1 0 0 0 0 231119 165524.227
11.1744 0.4778 0.0000 0.00 0.00 1.00 0 245 26 112 1 0 0 0 0 231119 165524.427
11.1799 0.5090 0.0000 0.00 0.00 1.00 0 33 37 112 1 0 0 0 0 231119 165524.627
11.1861 0.5354 0.0000 0.00 0.00 1.00 0 202 33 112 1 0 0 0 0 231119 165524.827
11.1976 0.5645 0.0000 0.00 0.00 1.00 0 239 35 112 1 0 0 0 0 231119 165525.027
11.2049 0.5855 0.0000 0.00 0.00 1.00 0 108 40 112 1 0 0 0 0 231119 165525.228
11.2189 0.6148 0.0000 0.00 0.00 1.00 0 29 32 112 1 0 0 0 0 231119 165525.428
11.2397 0.6533 0.0000 0.00 0.00 1.00 0 37 31 112 1 0 0 0 0 231119 165525.628
11.2468 0.6705 0.0000 0.00 0.00 1.00 0 26 33 112 1 0 0 0 0 231119 165525.828
11.2625 0.7072 0.0000 0.00 0.00 1.00 0 138 32 112 1 0 0 0 0 231119 165526.028
11.2737 0.7343 0.0000 0.00 0.00 1.00 0 230 36 112 1 0 0 0 0 231119 165526.228
11.2878 0.7641 0.0000 0.00 0.00 1.00 0 124 30 112 1 0 0 0 0 231119 165526.428
11.2987 0.7894 0.0000 0.00 0.00 1.00 0 239 29 112 1 0 0 0 0 231119 165526.629
11.3099 0.8171 0.0000 0.00 0.00 1.00 0 194 35 112 1 0 0 0 0 231119 165526.829
11.3209 0.8440 0.0000 0.00 0.00 1.00 0 60 33 112 1 0 0 0 0 231119 165527.029
11.3281 0.8674 0.0000 0.00 0.00 1.00 0 19 30 112 1 0 0 0 0 231119 165527.229
11.3391 0.8876 0.0000 0.00 0.00 1.00 0 66 41 112 1 0 0 0 0 231119 165527.429
11.3473 0.9109 0.0000 0.00 0.00 1.00 0 210 30 112 1 0 0 0 0 231119 165527.629
11.3598 0.9350 0.0000 0.00 0.00 1.00 0 5 38 112 1 0 0 0 0 231119 165527.830
11.3625 0.9533 0.0000 0.00 0.00 1.00 0 105 41 112 1 0 0 0 0 231119 165528.030
11.3643 0.9680 0.0000 0.00 0.00 1.00 0 255 127 112 1 0 0 0 0 231119 165528.230
