4.6220 -0.2770 0.0000 0.00 0.00 1.00 0 249 11 112 1 0 0 0 0 221219 163514.268
4.6219 -0.2779 0.0000 0.00 0.00 1.00 0 1 12 112 1 0 0 0 0 221219 163514.468
4.6322 -0.2811 0.0000 0.00 0.00 1.00 0 64 11 112 1 0 0 0 0 221219 163514.669
4.6675 -0.2919 0.0000 0.00 0.00 1.00 0 119 15 112 1 0 0 0 0 221219 163514.869
4.7047 -0.3023 0.0000 0.00 0.00 1.00 0 121 13 112 1 0 0 0 0 221219 163515.069
4.7268 -0.3083 0.0000 0.00 0.00 1.00 0 188 12 112 1 0 0 0 0 221219 163515.269
4.7595 -0.3176 0.0000 0.00 0.00 1.00 0 31 17 112 1 0 0 0 0 221219 163515.469
4.7830 -0.3242 0.0000 0.00 0.00 1.00 0 100 13 112 1 0 0 0 0 221219 163515.669
4.8218 -0.3366 0.0000 0.00 0.00 1.00 0 35 12 112 1 0 0 0 0 221219 163515.869
4.8495 -0.3461 0.0000 0.00 0.00 1.00 0 35 13 112 1 0 0 0 0 221219 163516.070
4.8726 -0.3552 0.0000 0.00 0.00 1.00 0 152 7 112 1 0 0 0 0 221219 163516.270
4.9024 -0.3665 0.0000 0.00 0.00 1.00 0 206 9 112 1 0 0 0 0 221219 163516.470
4.9234 -0.3744 0.0000 0.00 0.00 1.00 0 232 9 112 1 0 0 0 0 221219 163516.670
4.9629 -0.3856 0.0000 0.00 0.00 1.00 0 184 13 112 1 0 0 0 0 221219 163516.870
4.9942 -0.3966 0.0000 0.00 0.00 1.00 0 204 7 112 1 0 0 0 0 221219 163517.070
5.0244 -0.4064 0.0000 0.00 0.00 1.00 0 69 11 112 1 0 0 0 0 221219 163517.270
5.0535 -0.4174 0.0000 0.00 0.00 1.00 0 76 11 112 1 0 0 0 0 221219 163517.471
5.0826 -0.4277 0.0000 0.00 0.00 1.00 0 194 6 112 1 0 0 0 0 221219 163517.671
5.1122 -0.4397 0.0000 0.00 0.00 1.00 0 72 8 112 1 0 0 0 0 221219 163517.871
5.1347 -0.4467 0.0000 0.00 0.00 1.00 0 68 10 112 1 0 0 0 0 221219 163518.071
5.1730 -0.4626 0.0000 0.00 0.00 1.00 0 110 7 112 1 0 0 0 0 221219 163518.271
5.2023 -0.4750 0.0000 0.00 0.00 1.00 0 14 7 112 1 0 0 0 0 221219 163518.471
5.2228 -0.4860 0.0000 0.00 0.00 1.00 0 20 7 112 1 0 0 0 0 221219 163518.672
5.2571 -0.5008 0.0000 0.00 0.00 1.00 0 195 4 112 1 0 0 0 0 221219 163518.872
5.2872 -0.5132 0.0000 0.00 0.00 1.00 0 204 3 112 1 0 0 0 0 221219 163519.072
5.3088 -0.5213 0.0000 0.00 0.00 1.00 0 23 5 112 1 0 0 0 0 221219 163519.272
5.3480 -0.5392 0.0000 0.00 0.00 1.00 0 133 7 112 1 0 0 0 0 221219 163519.472
5.3778 -0.5527 0.0000 0.00 0.00 1.00 0 0 0 112 1 0 0 0 0 221219 163519.672
5.3981 -0.5644 0.0000 0.00 0.00 1.00 0 0 0 112 1 0 0 0 0 221219 163519.872
5.4337 -0.5817 0.0000 0.00 0.00 1.00 0 0 0 112 1 0 0 0 0 221219 163520.073
5.4564 -0.5929 0.0000 0.00 0.00 1.00 0 0 0 112 1 0 0 0 0 221219 163520.273
5.4937 -0.6108 0.0000 0.00 0.00 1.00 0 0 0 112 1 0 0 0 0 221219 163520.473
5.5211 -0.6262 0.0000 0.00 0.00 1.00 0 0 0 112 1 0 0 0 0 221219 163520.673
5.5511 -0.6409 0.0000 0.00 0.00 1.00 0 0 0 112 1 0 0 0 0 221219 163520.873
5.5830 -0.6548 0.0000 0.00 0.00 1.00 0 0 0 112 1 0 0 0 0 221219 163521.073
5.6130 -0.6678 0.0000 0.00 0.00 1.00 0 0 0 112 1 0 0 0 0 221219 163521.273
5.6404 -0.6802 0.0000 0.00 0.00 1.00 0 0 0 112 1 0 0 0 0 221219 163521.474
5.6702 -0.6935 0.0000 0.00 0.00 1.00 0 0 0 112 1 0 0 0 0 221219 163521.674
5.6920 -0.7049 0.0000 0.00 0.00 1.00 0 0 0 112 1 0 0 0 0 221219 163521.874
5.7294 -0.7223 0.0000 0.00 0.00 1.00 0 0 0 112 1 0 0 0 0 221219 163522.074
5.7599 -0.7350 0.0000 0.00 0.00 1.00 0 0 0 112 1 0 0 0 0 221219 163522.274
5.7830 -0.7451 0.0000 0.00 0.00 1.00 0 0 0 112 1 0 0 0 0 221219 163522.474
5.8176 -0.7611 0.0000 0.00 0.00 1.00 0 0 0 112 1 0 0 0 0 221219 163522.675
5.8396 -0.7731 0.0000 0.00 0.00 1.00 0 0 0 112 1 0 0 0 0 221219 163522.875
5.8789 -0.7907 0.0000 0.00 0.00 1.00 0 0 0 112 1 0 0 0 0 221219 163523.075
5.9089 -0.8051 0.0000 0.00 0.00 1.00 0 0 0 112 1 0 0 0 0 221219 163523.275
5.9317 -0.8165 0.0000 0.00 0.00 1.00 0 0 0 112 1 0 0 0 0 221219 163523.475
5.9723 -0.8350 0.0000 0.00 0.00 1.00 0 0 0 112 1 0 0 0 0 221219 163523.675
6.0037 -0.8502 0.0000 0.00 0.00 1.00 0 0 0 112 1 0 0 0 0 221219 163523.875
6.0347 -0.8630 0.0000 0.00 0.00 1.00 0 0 0 112 1 0 0 0 0 221219 163524.076
6.0650 -0.8762 0.0000 0.00 0.00 1.00 0 0 0 112 1 0 0 0 0 221219 163524.276
6.0894 -0.8842 0.0000 0.00 0.00 1.00 0 0 0 112 1 0 0 0 0 221219 163524.476
6.1313 -0.9036 0.0000 0.00 0.00 1.00 0 0 0 112 1 0 0 0 0 221219 163524.676
6.1651 -0.9149 0.0000 0.00 0.00 1.00 0 0 0 112 1 0 0 0 0 221219 163524.876
6.1892 -0.9245 0.0000 0.00 0.00 1.00 0 0 0 112 1 0 0 0 0 221219 163525.076
6.2199 -0.9362 0.0000 0.00 0.00 1.00 0 0 0 112 1 0 0 0 0 221219 163525.276
6.2614 -0.9530 0.0000 0.00 0.00 1.00 0 0 0 112 1 0 0 0 0 221219 163525.477
6.2943 -0.9660 0.0000 0.00 0.00 1.00 0 0 0 112 1 0 0 0 0 221219 163525.677
6.3150 -0.9793 0.0000 0.00 0.00 1.00 0 0 0 112 1 0 0 0 0 221219 163525.877
6.3590 -0.9934 0.0000 0.00 0.00 1.00 0 0 0 112 1 0 0 0 0 221219 163526.077
6.3916 -1.0050 0.0000 0.00 0.00 1.00 0 0 0 112 1 0 0 0 0 221219 163526.277
6.4207 -1.0181 0.0000 0.00 0.00 1.00 0 0 0 112 1 0 0 0 0 221219 163526.477
6.4540 -1.0310 0.0000 0.00 0.00 1.00 0 0 0 112 1 0 0 0 0 221219 163526.677
6.4869 -1.0444 0.0000 0.00 0.00 1.00 0 0 0 112 1 0 0 0 0 221219 163526.878
6.5185 -1.0583 0.0000 0.00 0.00 1.00 0 0 0 112 1 0 0 0 0 221219 163527.078
6.5432 -1.0678 0.0000 0.00 0.00 1.00 0 0 0 112 1 0 0 0 0 221219 163527.278
6.5866 -1.0894 0.0000 0.00 0.00 1.00 0 0 0 112 1 0 0 0 0 221219 163527.478
6.6212 -1.1022 0.0000 0.00 0.00 1.00 0 0 0 112 1 0 0 0 0 221219 163527.678
6.6435 -1.1138 0.0000 0.00 0.00 1.00 0 0 0 112 1 0 0 0 0 221219 163527.878
6.6851 -1.1337 0.0000 0.00 0.00 1.00 0 0 0 112 1 0 0 0 0 221219 163528.078
6.7214 -1.1548 0.0000 0.00 0.00 1.00 0 84 238 112 1 0 0 0 0 221219 163528.279
6.7566 -1.1698 0.0000 0.00 0.00 1.00 0 57 250 112 1 0 0 0 0 221219 163528.479
6.7896 -1.1865 0.0000 0.00 0.00 1.00 0 77 247 112 1 0 0 0 0 221219 163528.679
6.8165 -1.1978 0.0000 0.00 0.00 1.00 0 236 238 112 1 0 0 0 0 221219 163528.879
6.8461 -1.2090 0.0000 0.00 0.00 1.00 0 78 244 112 1 0 0 0 0 221219 163529.079
6.8731 -1.2194 0.0000 0.00 0.00 1.00 0 150 241 112 1 0 0 0 0 221219 163529.279
6.9016 -1.2309 0.0000 0.00 0.00 1.00 0 204 240 112 1 0 0 0 0 221219 163529.480
6.9339 -1.2422 0.0000 0.00 0.00 1.00 0 138 245 112 1 0 0 0 0 221219 163529.680
6.9647 -1.2563 0.0000 0.00 0.00 1.00 0 65 241 112 1 0 0 0 0 221219 163529.880
6.9943 -1.2653 0.0000 0.00 0.00 1.00 0 134 239 112 1 0 0 0 0 221219 163530.080
7.0227 -1.2734 0.0000 0.00 0.00 1.00 0 128 241 112 1 0 0 0 0 221219 163530.280
7.0498 -1.2841 0.0000 0.00 0.00 1.00 0 34 239 112 1 0 0 0 0 221219 163530.480
7.0865 -1.2980 0.0000 0.00 0.00 1.00 0 92 239 112 1 0 0 0 0 221219 163530.680
7.1105 -1.3067 0.0000 0.00 0.00 1.00 0 66 241 112 1 0 0 0 0 221219 163530.881
7.1386 -1.3152 0.0000 0.00 0.00 1.00 0 126 242 112 1 0 0 0 0 221219 163531.081
7.1769 -1.3256 0.0000 0.00 0.00 1.00 0 234 243 112 1 0 0 0 0 221219 163531.281
7.2059 -1.3344 0.0000 0.00 0.00 1.00 0 221 240 112 1 0 0 0 0 221219 163531.481
7.2358 -1.3458 0.0000 0.00 0.00 1.00 0 150 239 112 1 0 0 0 0 221219 163531.681
7.2664 -1.3561 0.0000 0.00 0.00 1.00 0 5 242 112 1 0 0 0 0 221219 163531.881
7.2886 -1.3629 0.0000 0.00 0.00 1.00 0 127 238 112 1 0 0 0 0 221219 163532.081
7.3301 -1.3766 0.0000 0.00 0.00 1.00 0 157 239 112 1 0 0 0 0 221219 163532.282
7.3536 -1.3829 0.0000 0.00 0.00 1.00 0 98 248 112 1 0 0 0 0 221219 163532.482
7.3910 -1.3925 0.0000 0.00 0.00 1.00 0 218 241 112 1 0 0 0 0 221219 163532.682
7.4224 -1.3988 0.0000 0.00 0.00 1.00 0 50 242 112 1 0 0 0 0 221219 163532.882
7.4537 -1.4078 0.0000 0.00 0.00 1.00 0 167 241 112 1 0 0 0 0 221219 163533.082
7.4819 -1.4141 0.0000 0.00 0.00 1.00 0 67 249 112 1 0 0 0 0 221219 163533.282
7.5029 -1.4205 0.0000 0.00 0.00 1.00 0 144 241 112 1 0 0 0 0 221219 163533.482
7.5322 -1.4266 0.0000 0.00 0.00 1.00 0 142 244 112 1 0 0 0 0 221219 163533.683
7.5717 -1.4381 0.0000 0.00 0.00 1.00 0 71 242 112 1 0 0 0 0 221219 163533.883
7.6017 -1.4455 0.0000 0.00 0.00 1.00 0 232 240 112 1 0 0 0 0 221219 163534.083
7.6334 -1.4534 0.0000 0.00 0.00 1.00 0 188 241 112 1 0 0 0 0 221219 163534.283
7.6638 -1.4581 0.0000 0.00 0.00 1.00 0 130 245 112 1 0 0 0 0 221219 163534.483
7.6943 -1.4654 0.0000 0.00 0.00 1.00 0 91 245 112 1 0 0 0 0 221219 163534.683
7.7274 -1.4708 0.0000 0.00 0.00 1.00 0 146 246 112 1 0 0 0 0 221219 163534.884
7.7607 -1.4803 0.0000 0.00 0.00 1.00 0 174 245 112 1 0 0 0 0 221219 163535.084
7.7934 -1.4862 0.0000 0.00 0.00 1.00 0 143 246 112 1 0 0 0 0 221219 163535.284
7.8249 -1.4909 0.0000 0.00 0.00 1.00 0 66 248 112 1 0 0 0 0 221219 163535.484
7.8545 -1.4977 0.0000 0.00 0.00 1.00 0 49 249 112 1 0 0 0 0 221219 163535.684
7.8833 -1.5020 0.0000 0.00 0.00 1.00 0 80 248 112 1 0 0 0 0 221219 163535.884
7.9154 -1.5082 0.0000 0.00 0.00 1.00 0 1 246 112 1 0 0 0 0 221219 163536.084
7.9507 -1.5123 0.0000 0.00 0.00 1.00 0 245 250 112 1 0 0 0 0 221219 163536.285
7.9776 -1.5145 0.0000 0.00 0.00 1.00 0 66 2 112 1 0 0 0 0 221219 163536.485
8.0146 -1.5231 0.0000 0.00 0.00 1.00 0 31 246 112 1 0 0 0 0 221219 163536.685
8.0506 -1.5282 0.0000 0.00 0.00 1.00 0 64 251 112 1 0 0 0 0 221219 163536.885
8.0736 -1.5325 0.0000 0.00 0.00 1.00 0 184 251 112 1 0 0 0 0 221219 163537.085
8.1052 -1.5367 0.0000 0.00 0.00 1.00 0 0 0 112 1 0 0 0 0 221219 163537.285
8.1425 -1.5403 0.0000 0.00 0.00 1.00 0 0 0 112 1 0 0 0 0 221219 163537.485
8.1714 -1.5442 0.0000 0.00 0.00 1.00 0 0 0 112 1 0 0 0 0 221219 163537.685
8.1926 -1.5439 0.0000 0.00 0.00 1.00 0 0 0 112 1 0 0 0 0 221219 163537.886
8.2354 -1.5519 0.0000 0.00 0.00 1.00 0 0 0 112 1 0 0 0 0 221219 163538.086
8.2660 -1.5555 0.0000 0.00 0.00 1.00 0 0 0 112 1 0 0 0 0 221219 163538.286
8.2904 -1.5611 0.0000 0.00 0.00 1.00 0 0 0 112 1 0 0 0 0 221219 163538.486
8.3262 -1.5659 0.0000 0.00 0.00 1.00 0 0 0 112 1 0 0 0 0 221219 163538.686
8.3648 -1.5699 0.0000 0.00 0.00 1.00 0 0 0 112 1 0 0 0 0 221219 163538.886
8.3975 -1.5765 0.0000 0.00 0.00 1.00 0 0 0 112 1 0 0 0 0 221219 163539.086
8.4288 -1.5821 0.0000 0.00 0.00 1.00 0 0 0 112 1 0 0 0 0 221219 163539.287
8.4641 -1.5908 0.0000 0.00 0.00 1.00 0 0 0 112 1 0 0 0 0 221219 163539.487
8.4966 -1.5956 0.0000 0.00 0.00 1.00 0 0 0 112 1 0 0 0 0 221219 163539.687
8.5288 -1.6010 0.0000 0.00 0.00 1.00 0 0 0 112 1 0 0 0 0 221219 163539.887
8.5646 -1.6058 0.0000 0.00 0.00 1.00 0 0 0 112 1 0 0 0 0 221219 163540.087
8.5978 -1.6102 0.0000 0.00 0.00 1.00 0 0 0 112 1 0 0 0 0 221219 163540.287
8.6300 -1.6138 0.0000 0.00 0.00 1.00 0 0 0 112 1 0 0 0 0 221219 163540.487
8.6621 -1.6181 0.0000 0.00 0.00 1.00 0 0 0 112 1 0 0 0 0 221219 163540.688
8.6961 -1.6223 0.0000 0.00 0.00 1.00 0 0 0 112 1 0 0 0 0 221219 163540.888
8.7287 -1.6277 0.0000 0.00 0.00 1.00 0 0 0 112 1 0 0 0 0 221219 163541.088
8.7686 -1.6329 0.0000 0.00 0.00 1.00 0 0 0 112 1 0 0 0 0 221219 163541.288
8.7936 -1.6368 0.0000 0.00 0.00 1.00 0 0 0 112 1 0 0 0 0 221219 163541.488
8.8263 -1.6408 0.0000 0.00 0.00 1.00 0 0 0 112 1 0 0 0 0 221219 163541.688
8.8664 -1.6474 0.0000 0.00 0.00 1.00 0 0 0 112 1 0 0 0 0 221219 163541.888
8.8896 -1.6489 0.0000 0.00 0.00 1.00 0 0 0 112 1 0 0 0 0 221219 163542.088
8.9232 -1.6540 0.0000 0.00 0.00 1.00 0 0 0 112 1 0 0 0 0 221219 163542.289
8.9554 -1.6590 0.0000 0.00 0.00 1.00 0 0 0 112 1 0 0 0 0 221219 163542.489
8.9878 -1.6635 0.0000 0.00 0.00 1.00 0 0 0 112 1 0 0 0 0 221219 163542.689
9.0192 -1.6663 0.0000 0.00 0.00 1.00 0 0 0 112 1 0 0 0 0 221219 163542.889
9.0509 -1.6725 0.0000 0.00 0.00 1.00 0 0 0 112 1 0 0 0 0 221219 163543.089
9.0845 -1.6767 0.0000 0.00 0.00 1.00 0 0 0 112 1 0 0 0 0 221219 163543.289
9.1176 -1.6833 0.0000 0.00 0.00 1.00 0 0 0 112 1 0 0 0 0 221219 163543.489
9.1598 -1.6894 0.0000 0.00 0.00 1.00 0 0 0 112 1 0 0 0 0 221219 163543.690
9.1846 -1.6927 0.0000 0.00 0.00 1.00 0 0 0 112 1 0 0 0 0 221219 163543.890
9.2243 -1.6984 0.0000 0.00 0.00 1.00 0 0 0 112 1 0 0 0 0 221219 163544.090
9.2612 -1.7019 0.0000 0.00 0.00 1.00 0 209 242 112 1 0 0 0 0 221219 163544.290
9.2927 -1.7057 0.0000 0.00 0.00 1.00 0 137 240 112 1 0 0 0 0 221219 163544.490
9.3150 -1.7097 0.0000 0.00 0.00 1.00 0 168 238 112 1 0 0 0 0 221219 163544.690
9.3432 -1.7143 0.0000 0.00 0.00 1.00 0 235 232 112 1 0 0 0 0 221219 163544.890
9.3808 -1.7198 0.0000 0.00 0.00 1.00 0 235 236 112 1 0 0 0 0 221219 163545.091
9.4055 -1.7218 0.0000 0.00 0.00 1.00 0 168 237 112 1 0 0 0 0 221219 163545.291
9.4383 -1.7265 0.0000 0.00 0.00 1.00 0 237 235 112 1 0 0 0 0 221219 163545.491
9.4687 -1.7310 0.0000 0.00 0.00 1.00 0 249 229 112 1 0 0 0 0 221219 163545.691
9.5025 -1.7340 0.0000 0.00 0.00 1.00 0 236 233 112 1 0 0 0 0 221219 163545.891
9.5235 -1.7365 0.0000 0.00 0.00 1.00 0 128 235 112 1 0 0 0 0 221219 163546.091
9.5527 -1.7386 0.0000 0.00 0.00 1.00 0 62 236 112 1 0 0 0 0 221219 163546.291
9.5888 -1.7428 0.0000 0.00 0.00 1.00 0 197 230 112 1 0 0 0 0 221219 163546.492
9.6117 -1.7445 0.0000 0.00 0.00 1.00 0 89 235 112 1 0 0 0 0 221219 163546.692
9.6387 -1.7468 0.0000 0.00 0.00 1.00 0 164 234 112 1 0 0 0 0 221219 163546.892
9.6692 -1.7490 0.0000 0.00 0.00 1.00 0 204 231 112 1 0 0 0 0 221219 163547.092
9.7059 -1.7497 0.0000 0.00 0.00 1.00 0 249 226 112 1 0 0 0 0 221219 163547.292
9.7269 -1.7505 0.0000 0.00 0.00 1.00 0 134 233 112 1 0 0 0 0 221219 163547.492
9.7536 -1.7527 0.0000 0.00 0.00 1.00 0 77 233 112 1 0 0 0 0 221219 163547.692
9.7793 -1.7526 0.0000 0.00 0.00 1.00 0 68 235 112 1 0 0 0 0 221219 163547.893
9.8065 -1.7535 0.0000 0.00 0.00 1.00 0 13 224 112 1 0 0 0 0 221219 163548.093
9.8381 -1.7530 0.0000 0.00 0.00 1.00 0 85 230 112 1 0 0 0 0 221219 163548.293
9.8664 -1.7513 0.0000 0.00 0.00 1.00 0 210 227 112 1 0 0 0 0 221219 163548.493
9.8914 -1.7508 0.0000 0.00 0.00 1.00 0 123 224 112 1 0 0 0 0 221219 163548.693
9.9192 -1.7483 0.0000 0.00 0.00 1.00 0 74 228 112 1 0 0 0 0 221219 163548.893
9.9463 -1.7477 0.0000 0.00 0.00 1.00 0 216 224 112 1 0 0 0 0 221219 163549.093
9.9708 -1.7451 0.0000 0.00 0.00 1.00 0 48 228 112 1 0 0 0 0 221219 163549.294
9.9894 -1.7449 0.0000 0.00 0.00 1.00 0 11 224 112 1 0 0 0 0 221219 163549.494
10.0189 -1.7448 0.0000 0.00 0.00 1.00 0 217 224 112 1 0 0 0 0 221219 163549.694
10.0393 -1.7437 0.0000 0.00 0.00 1.00 0 152 223 112 1 0 0 0 0 221219 163549.894
10.0647 -1.7411 0.0000 0.00 0.00 1.00 0 23 224 112 1 0 0 0 0 221219 163550.094
10.0925 -1.7379 0.0000 0.00 0.00 1.00 0 133 219 112 1 0 0 0 0 221219 163550.294
10.1111 -1.7357 0.0000 0.00 0.00 1.00 0 64 227 112 1 0 0 0 0 221219 163550.495
10.1351 -1.7314 0.0000 0.00 0.00 1.00 0 56 230 112 1 0 0 0 0 221219 163550.695
10.1615 -1.7274 0.0000 0.00 0.00 1.00 0 56 219 112 1 0 0 0 0 221219 163550.895
10.1861 -1.7249 0.0000 0.00 0.00 1.00 0 148 222 112 1 0 0 0 0 221219 163551.095
10.2157 -1.7187 0.0000 0.00 0.00 1.00 0 174 220 112 1 0 0 0 0 221219 163551.295
10.2475 -1.7109 0.0000 0.00 0.00 1.00 0 131 224 112 1 0 0 0 0 221219 163551.495
10.2653 -1.7113 0.0000 0.00 0.00 1.00 0 206 216 112 1 0 0 0 0 221219 163551.695
10.2876 -1.7067 0.0000 0.00 0.00 1.00 0 245 218 112 1 0 0 0 0 221219 163551.895
10.3136 -1.7032 0.0000 0.00 0.00 1.00 0 55 218 112 1 0 0 0 0 221219 163552.096
10.3481 -1.6948 0.0000 0.00 0.00 1.00 0 228 216 112 1 0 0 0 0 221219 163552.296
10.3727 -1.6889 0.0000 0.00 0.00 1.00 0 213 211 112 1 0 0 0 0 221219 163552.496
10.3988 -1.6808 0.0000 0.00 0.00 1.00 0 242 221 112 1 0 0 0 0 221219 163552.696
10.4241 -1.6739 0.0000 0.00 0.00 1.00 0 208 218 112 1 0 0 0 0 221219 163552.896
10.4457 -1.6681 0.0000 0.00 0.00 1.00 0 247 218 112 1 0 0 0 0 221219 163553.096
10.4703 -1.6619 0.0000 0.00 0.00 1.00 0 116 216 112 1 0 0 0 0 221219 163553.296
10.4975 -1.6526 0.0000 0.00 0.00 1.00 0 52 217 112 1 0 0 0 0 221219 163553.497
10.5238 -1.6451 0.0000 0.00 0.00 1.00 0 98 214 112 1 0 0 0 0 221219 163553.697
10.5469 -1.6333 0.0000 0.00 0.00 1.00 0 249 225 112 1 0 0 0 0 221219 163553.897
10.5714 -1.6241 0.0000 0.00 0.00 1.00 0 36 214 112 1 0 0 0 0 221219 163554.097
10.5972 -1.6130 0.0000 0.00 0.00 1.00 0 139 214 112 1 0 0 0 0 221219 163554.297
10.6229 -1.6009 0.0000 0.00 0.00 1.00 0 50 218 112 1 0 0 0 0 221219 163554.497
10.6440 -1.5904 0.0000 0.00 0.00 1.00 0 76 219 112 1 0 0 0 0 221219 163554.697
10.6659 -1.5798 0.0000 0.00 0.00 1.00 0 9 217 112 1 0 0 0 0 221219 163554.898
10.6881 -1.5676 0.0000 0.00 0.00 1.00 0 76 217 112 1 0 0 0 0 221219 163555.098
10.7158 -1.5543 0.0000 0.00 0.00 1.00 0 52 212 112 1 0 0 0 0 221219 163555.298
10.7450 -1.5405 0.0000 0.00 0.00 1.00 0 219 215 112 1 0 0 0 0 221219 163555.498
10.7662 -1.5289 0.0000 0.00 0.00 1.00 0 35 218 112 1 0 0 0 0 221219 163555.698
10.7889 -1.5182 0.0000 0.00 0.00 1.00 0 209 212 112 1 0 0 0 0 221219 163555.898
10.8129 -1.5037 0.0000 0.00 0.00 1.00 0 94 209 112 1 0 0 0 0 221219 163556.098
10.8331 -1.4902 0.0000 0.00 0.00 1.00 0 203 212 112 1 0 0 0 0 221219 163556.299
10.8544 -1.4752 0.0000 0.00 0.00 1.00 0 105 214 112 1 0 0 0 0 221219 163556.499
10.8810 -1.4601 0.0000 0.00 0.00 1.00 0 208 211 112 1 0 0 0 0 221219 163556.699
10.9027 -1.4454 0.0000 0.00 0.00 1.00 0 194 210 112 1 0 0 0 0 221219 163556.899
10.9304 -1.4275 0.0000 0.00 0.00 1.00 0 109 211 112 1 0 0 0 0 221219 163557.099
10.9480 -1.4122 0.0000 0.00 0.00 1.00 0 54 213 112 1 0 0 0 0 221219 163557.299
10.9683 -1.3957 0.0000 0.00 0.00 1.00 0 54 213 112 1 0 0 0 0 221219 163557.500
10.9870 -1.3791 0.0000 0.00 0.00 1.00 0 173 215 112 1 0 0 0 0 221219 163557.700
11.0046 -1.3626 0.0000 0.00 0.00 1.00 0 172 211 112 1 0 0 0 0 221219 163557.900
11.0255 -1.3448 0.0000 0.00 0.00 1.00 0 238 214 112 1 0 0 0 0 221219 163558.100
11.0439 -1.3269 0.0000 0.00 0.00 1.00 0 134 221 112 1 0 0 0 0 221219 163558.300
11.0640 -1.3080 0.0000 0.00 0.00 1.00 0 175 215 112 1 0 0 0 0 221219 163558.500
11.0838 -1.2899 0.0000 0.00 0.00 1.00 0 39 236 112 1 0 0 0 0 221219 163558.700
11.1023 -1.2697 0.0000 0.00 0.00 1.00 0 105 213 112 1 0 0 0 0 221219 163558.901
11.1217 -1.2497 0.0000 0.00 0.00 1.00 0 175 213 112 1 0 0 0 0 221219 163559.101
11.1407 -1.2303 0.0000 0.00 0.00 1.00 0 213 213 112 1 0 0 0 0 221219 163559.301
11.1597 -1.2118 0.0000 0.00 0.00 1.00 0 184 214 112 1 0 0 0 0 221219 163559.501
11.1729 -1.1933 0.0000 0.00 0.00 1.00 0 49 212 112 1 0 0 0 0 221219 163559.701
11.1861 -1.1733 0.0000 0.00 0.00 1.00 0 240 217 112 1 0 0 0 0 221219 163559.901
11.1997 -1.1545 0.0000 0.00 0.00 1.00 0 70 211 112 1 0 0 0 0 221219 163600.101
11.2162 -1.1347 0.0000 0.00 0.00 1.00 0 206 217 112 1 0 0 0 0 221219 163600.302
11.2295 -1.1148 0.0000 0.00 0.00 1.00 0 28 214 112 1 0 0 0 0 221219 163600.502
11.2473 -1.0934 0.0000 0.00 0.00 1.00 0 157 212 112 1 0 0 0 0 221219 163600.702
11.2614 -1.0711 0.0000 0.00 0.00 1.00 0 17 218 112 1 0 0 0 0 221219 163600.902
11.2722 -1.0520 0.0000 0.00 0.00 1.00 0 0 218 112 1 0 0 0 0 221219 163601.102
11.2824 -1.0332 0.0000 0.00 0.00 1.00 0 202 219 112 1 0 0 0 0 221219 163601.302
11.2960 -1.0123 0.0000 0.00 0.00 1.00 0 231 218 112 1 0 0 0 0 221219 163601.502
11.3096 -0.9896 0.0000 0.00 0.00 1.00 0 138 218 112 1 0 0 0 0 221219 163601.702
11.3217 -0.9673 0.0000 0.00 0.00 1.00 0 131 216 112 1 0 0 0 0 221219 163601.903
11.3377 -0.9457 0.0000 0.00 0.00 1.00 0 197 213 112 1 0 0 0 0 221219 163602.103
11.3523 -0.9235 0.0000 0.00 0.00 1.00 0 47 217 112 1 0 0 0 0 221219 163602.303
11.3671 -0.9020 0.0000 0.00 0.00 1.00 0 21 219 112 1 0 0 0 0 221219 163602.503
11.3750 -0.8847 0.0000 0.00 0.00 1.00 0 110 220 112 1 0 0 0 0 221219 163602.703
11.3902 -0.8606 0.0000 0.00 0.00 1.00 0 11 218 112 1 0 0 0 0 221219 163602.903
11.4015 -0.8360 0.0000 0.00 0.00 1.00 0 1 222 112 1 0 0 0 0 221219 163603.104
11.4158 -0.8145 0.0000 0.00 0.00 1.00 0 70 221 112 1 0 0 0 0 221219 163603.304
11.4301 -0.7928 0.0000 0.00 0.00 1.00 0 39 216 112 1 0 0 0 0 221219 163603.504
11.4380 -0.7696 0.0000 0.00 0.00 1.00 0 118 221 112 1 0 0 0 0 221219 163603.704
11.4464 -0.7431 0.0000 0.00 0.00 1.00 0 64 222 112 1 0 0 0 0 221219 163603.904
11.4586 -0.7196 0.0000 0.00 0.00 1.00 0 236 220 112 1 0 0 0 0 221219 163604.104
11.4726 -0.6929 0.0000 0.00 0.00 1.00 0 178 217 112 1 0 0 0 0 221219 163604.304
11.4799 -0.6696 0.0000 0.00 0.00 1.00 0 81 225 112 1 0 0 0 0 221219 163604.505
11.4909 -0.6431 0.0000 0.00 0.00 1.00 0 112 221 112 1 0 0 0 0 221219 163604.705
11.5013 -0.6195 0.0000 0.00 0.00 1.00 0 170 217 112 1 0 0 0 0 221219 163604.905
11.5086 -0.5972 0.0000 0.00 0.00 1.00 0 21 222 112 1 0 0 0 0 221219 163605.105
11.5131 -0.5794 0.0000 0.00 0.00 1.00 0 107 223 112 1 0 0 0 0 221219 163605.305
11.5154 -0.5637 0.0000 0.00 0.00 1.00 0 224 219 112 1 0 0 0 0 221219 163605.505
11.5217 -0.5452 0.0000 0.00 0.00 1.00 0 79 224 112 1 0 0 0 0 221219 163605.706
11.5296 -0.5320 0.0000 0.00 0.00 1.00 0 148 219 112 1 0 0 0 0 221219 163605.906
11.5397 -0.5117 0.0000 0.00 0.00 1.00 0 167 220 112 1 0 0 0 0 221219 163606.106
11.5487 -0.4904 0.0000 0.00 0.00 1.00 0 12 220 112 1 0 0 0 0 221219 163606.306
11.5623 -0.4599 0.0000 0.00 0.00 1.00 0 166 216 112 1 0 0 0 0 221219 163606.506
11.5693 -0.4340 0.0000 0.00 0.00 1.00 0 107 225 112 1 0 0 0 0 221219 163606.706
11.5709 -0.4097 0.0000 0.00 0.00 1.00 0 99 223 112 1 0 0 0 0 221219 163606.907
11.5757 -0.3834 0.0000 0.00 0.00 1.00 0 184 224 112 1 0 0 0 0 221219 163607.107
11.5869 -0.3579 0.0000 0.00 0.00 1.00 0 29 220 112 1 0 0 0 0 221219 163607.307
11.5938 -0.3287 0.0000 0.00 0.00 1.00 0 139 224 112 1 0 0 0 0 221219 163607.507
11.6074 -0.3026 0.0000 0.00 0.00 1.00 0 211 214 112 1 0 0 0 0 221219 163607.707
11.6146 -0.2822 0.0000 0.00 0.00 1.00 0 46 219 112 1 0 0 0 0 221219 163607.907
11.6239 -0.2506 0.0000 0.00 0.00 1.00 0 177 222 112 1 0 0 0 0 221219 163608.107
11.6323 -0.2236 0.0000 0.00 0.00 1.00 0 89 219 112 1 0 0 0 0 221219 163608.308
11.6370 -0.1949 0.0000 0.00 0.00 1.00 0 95 223 112 1 0 0 0 0 221219 163608.508
11.6389 -0.1729 0.0000 0.00 0.00 1.00 0 54 219 112 1 0 0 0 0 221219 163608.708
11.6445 -0.1459 0.0000 0.00 0.00 1.00 0 37 220 112 1 0 0 0 0 221219 163608.908
11.6484 -0.1156 0.0000 0.00 0.00 1.00 0 93 216 112 1 0 0 0 0 221219 163609.108
11.6543 -0.0872 0.0000 0.00 0.00 1.00 0 91 218 112 1 0 0 0 0 221219 163609.308
11.6607 -0.0598 0.0000 0.00 0.00 1.00 0 97 221 112 1 0 0 0 0 221219 163609.508
11.6643 -0.0361 0.0000 0.00 0.00 1.00 0 9 221 112 1 0 0 0 0 221219 163609.709
11.6687 -0.0116 0.0000 0.00 0.00 1.00 0 97 209 112 1 0 0 0 0 221219 163609.909
11.6764 0.0149 0.0000 0.00 0.00 1.00 0 89 213 112 1 0 0 0 0 221219 163610.109
11.6831 0.0378 0.0000 0.00 0.00 1.00 0 18 212 112 1 0 0 0 0 221219 163610.309
11.6890 0.0567 0.0000 0.00 0.00 1.00 0 238 218 112 1 0 0 0 0 221219 163610.509
11.6888 0.0824 0.0000 0.00 0.00 1.00 0 86 221 112 1 0 0 0 0 221219 163610.709
11.6866 0.1063 0.0000 0.00 0.00 1.00 0 250 220 112 1 0 0 0 0 221219 163610.909
11.6935 0.1311 0.0000 0.00 0.00 1.00 0 34 208 112 1 0 0 0 0 221219 163611.110
11.6938 0.1515 0.0000 0.00 0.00 1.00 0 247 215 112 1 0 0 0 0 221219 163611.310
11.6958 0.1736 0.0000 0.00 0.00 1.00 0 174 217 112 1 0 0 0 0 221219 163611.510
11.6966 0.1890 0.0000 0.00 0.00 1.00 0 195 215 112 1 0 0 0 0 221219 163611.710
11.6965 0.2126 0.0000 0.00 0.00 1.00 0 143 214 112 1 0 0 0 0 221219 163611.910
11.6929 0.2420 0.0000 0.00 0.00 1.00 0 95 217 112 1 0 0 0 0 221219 163612.110
11.6875 0.2678 0.0000 0.00 0.00 1.00 0 9 223 112 1 0 0 0 0 221219 163612.310
11.6854 0.2896 0.0000 0.00 0.00 1.00 0 200 214 112 1 0 0 0 0 221219 163612.511
11.6833 0.3139 0.0000 0.00 0.00 1.00 0 114 221 112 1 0 0 0 0 221219 163612.711
11.6813 0.3426 0.0000 0.00 0.00 1.00 0 220 214 112 1 0 0 0 0 221219 163612.911
11.6737 0.3691 0.0000 0.00 0.00 1.00 0 54 220 112 1 0 0 0 0 221219 163613.111
11.6702 0.3967 0.0000 0.00 0.00 1.00 0 86 215 112 1 0 0 0 0 221219 163613.311
11.6635 0.4209 0.0000 0.00 0.00 1.00 0 213 215 112 1 0 0 0 0 221219 163613.511
11.6567 0.4496 0.0000 0.00 0.00 1.00 0 56 219 112 1 0 0 0 0 221219 163613.711
11.6481 0.4716 0.0000 0.00 0.00 1.00 0 89 223 112 1 0 0 0 0 221219 163613.911
11.6418 0.4942 0.0000 0.00 0.00 1.00 0 102 222 112 1 0 0 0 0 221219 163614.112
11.6355 0.5227 0.0000 0.00 0.00 1.00 0 27 216 112 1 0 0 0 0 221219 163614.312
11.6308 0.5453 0.0000 0.00 0.00 1.00 0 206 216 112 1 0 0 0 0 221219 163614.512
11.6254 0.5644 0.0000 0.00 0.00 1.00 0 238 219 112 1 0 0 0 0 221219 163614.712
11.6188 0.5849 0.0000 0.00 0.00 1.00 0 152 220 112 1 0 0 0 0 221219 163614.912
11.6054 0.6174 0.0000 0.00 0.00 1.00 0 75 221 112 1 0 0 0 0 221219 163615.112
11.5926 0.6465 0.0000 0.00 0.00 1.00 0 236 221 112 1 0 0 0 0 221219 163615.312
11.5780 0.6712 0.0000 0.00 0.00 1.00 0 110 224 112 1 0 0 0 0 221219 163615.513
11.5659 0.6955 0.0000 0.00 0.00 1.00 0 235 226 112 1 0 0 0 0 221219 163615.713
11.5522 0.7206 0.0000 0.00 0.00 1.00 0 89 221 112 1 0 0 0 0 221219 163615.913
11.5393 0.7477 0.0000 0.00 0.00 1.00 0 62 225 112 1 0 0 0 0 221219 163616.113
11.5271 0.7653 0.0000 0.00 0.00 1.00 0 29 229 112 1 0 0 0 0 221219 163616.313
11.5152 0.7914 0.0000 0.00 0.00 1.00 0 135 220 112 1 0 0 0 0 221219 163616.513
11.4944 0.8221 0.0000 0.00 0.00 1.00 0 206 227 112 1 0 0 0 0 221219 163616.713
11.4786 0.8481 0.0000 0.00 0.00 1.00 0 153 232 112 1 0 0 0 0 221219 163616.914
11.4660 0.8748 0.0000 0.00 0.00 1.00 0 232 221 112 1 0 0 0 0 221219 163617.114
11.4516 0.8997 0.0000 0.00 0.00 1.00 0 127 222 112 1 0 0 0 0 221219 163617.314
11.4350 0.9245 0.0000 0.00 0.00 1.00 0 168 227 112 1 0 0 0 0 221219 163617.514
11.4195 0.9484 0.0000 0.00 0.00 1.00 0 51 229 112 1 0 0 0 0 221219 163617.714
11.4074 0.9655 0.0000 0.00 0.00 1.00 0 236 226 112 1 0 0 0 0 221219 163617.914
11.3853 0.9974 0.0000 0.00 0.00 1.00 0 168 235 112 1 0 0 0 0 221219 163618.114
11.3681 1.0205 0.0000 0.00 0.00 1.00 0 181 244 112 1 0 0 0 0 221219 163618.315
11.3488 1.0460 0.0000 0.00 0.00 1.00 0 232 230 112 1 0 0 0 0 221219 163618.515
11.3291 1.0743 0.0000 0.00 0.00 1.00 0 162 232 112 1 0 0 0 0 221219 163618.715
11.3084 1.0994 0.0000 0.00 0.00 1.00 0 242 226 112 1 0 0 0 0 221219 163618.915
11.2904 1.1262 0.0000 0.00 0.00 1.00 0 119 229 112 1 0 0 0 0 221219 163619.115
11.2762 1.1444 0.0000 0.00 0.00 1.00 0 176 238 112 1 0 0 0 0 221219 163619.315
11.2492 1.1760 0.0000 0.00 0.00 1.00 0 103 240 112 1 0 0 0 0 221219 163619.515
11.2300 1.2032 0.0000 0.00 0.00 1.00 0 88 241 112 1 0 0 0 0 221219 163619.716
11.2085 1.2294 0.0000 0.00 0.00 1.00 0 141 244 112 1 0 0 0 0 221219 163619.916
11.1889 1.2568 0.0000 0.00 0.00 1.00 0 230 232 112 1 0 0 0 0 221219 163620.116
11.1688 1.2830 0.0000 0.00 0.00 1.00 0 78 231 112 1 0 0 0 0 221219 163620.316
11.1490 1.3099 0.0000 0.00 0.00 1.00 0 101 229 112 1 0 0 0 0 221219 163620.516
11.1269 1.3318 0.0000 0.00 0.00 1.00 0 114 239 112 1 0 0 0 0 221219 163620.716
11.1099 1.3473 0.0000 0.00 0.00 1.00 0 129 241 112 1 0 0 0 0 221219 163620.916
11.0850 1.3762 0.0000 0.00 0.00 1.00 0 102 237 112 1 0 0 0 0 221219 163621.117
11.0617 1.3977 0.0000 0.00 0.00 1.00 0 245 240 112 1 0 0 0 0 221219 163621.317
11.0410 1.4207 0.0000 0.00 0.00 1.00 0 40 241 112 1 0 0 0 0 221219 163621.517
11.0265 1.4383 0.0000 0.00 0.00 1.00 0 153 235 112 1 0 0 0 0 221219 163621.717
11.0029 1.4600 0.0000 0.00 0.00 1.00 0 51 236 112 1 0 0 0 0 221219 163621.917
10.9766 1.4869 0.0000 0.00 0.00 1.00 0 226 240 112 1 0 0 0 0 221219 163622.117
10.9543 1.5100 0.0000 0.00 0.00 1.00 0 99 234 112 1 0 0 0 0 221219 163622.317
10.9324 1.5337 0.0000 0.00 0.00 1.00 0 128 242 112 1 0 0 0 0 221219 163622.518
10.9104 1.5541 0.0000 0.00 0.00 1.00 0 135 238 112 1 0 0 0 0 221219 163622.718
10.8883 1.5740 0.0000 0.00 0.00 1.00 0 45 242 112 1 0 0 0 0 221219 163622.918
10.8675 1.5957 0.0000 0.00 0.00 1.00 0 240 235 112 1 0 0 0 0 221219 163623.118
10.8448 1.6147 0.0000 0.00 0.00 1.00 0 192 243 112 1 0 0 0 0 221219 163623.318
10.8202 1.6336 0.0000 0.00 0.00 1.00 0 64 246 112 1 0 0 0 0 221219 163623.518
10.7978 1.6531 0.0000 0.00 0.00 1.00 0 207 243 112 1 0 0 0 0 221219 163623.718
10.7742 1.6757 0.0000 0.00 0.00 1.00 0 109 242 112 1 0 0 0 0 221219 163623.919
10.7501 1.6964 0.0000 0.00 0.00 1.00 0 209 244 112 1 0 0 0 0 221219 163624.119
10.7235 1.7183 0.0000 0.00 0.00 1.00 0 169 247 112 1 0 0 0 0 221219 163624.319
10.7062 1.7335 0.0000 0.00 0.00 1.00 0 40 242 112 1 0 0 0 0 221219 163624.519
10.6785 1.7573 0.0000 0.00 0.00 1.00 0 226 245 112 1 0 0 0 0 221219 163624.719
10.6614 1.7705 0.0000 0.00 0.00 1.00 0 134 244 112 1 0 0 0 0 221219 163624.919
10.6413 1.7901 0.0000 0.00 0.00 1.00 0 44 244 112 1 0 0 0 0 221219 163625.119
10.6163 1.8144 0.0000 0.00 0.00 1.00 0 87 240 112 1 0 0 0 0 221219 163625.320
10.5954 1.8325 0.0000 0.00 0.00 1.00 0 69 244 112 1 0 0 0 0 221219 163625.520
10.5784 1.8456 0.0000 0.00 0.00 1.00 0 75 250 112 1 0 0 0 0 221219 163625.720
10.5594 1.8639 0.0000 0.00 0.00 1.00 0 252 238 112 1 0 0 0 0 221219 163625.920
10.5316 1.8863 0.0000 0.00 0.00 1.00 0 101 242 112 1 0 0 0 0 221219 163626.120
10.5054 1.9023 0.0000 0.00 0.00 1.00 0 109 243 112 1 0 0 0 0 221219 163626.320
10.4893 1.9161 0.0000 0.00 0.00 1.00 0 186 242 112 1 0 0 0 0 221219 163626.520
10.4572 1.9383 0.0000 0.00 0.00 1.00 0 190 243 112 1 0 0 0 0 221219 163626.721
10.4330 1.9544 0.0000 0.00 0.00 1.00 0 10 245 112 1 0 0 0 0 221219 163626.921
10.4153 1.9682 0.0000 0.00 0.00 1.00 0 121 241 112 1 0 0 0 0 221219 163627.121
10.3893 1.9869 0.0000 0.00 0.00 1.00 0 138 242 112 1 0 0 0 0 221219 163627.321
10.3607 2.0100 0.0000 0.00 0.00 1.00 0 217 239 112 1 0 0 0 0 221219 163627.521
10.3412 2.0222 0.0000 0.00 0.00 1.00 0 246 238 112 1 0 0 0 0 221219 163627.721
10.3048 2.0411 0.0000 0.00 0.00 1.00 0 62 242 112 1 0 0 0 0 221219 163627.921
10.2880 2.0549 0.0000 0.00 0.00 1.00 0 33 237 112 1 0 0 0 0 221219 163628.122
10.2553 2.0737 0.0000 0.00 0.00 1.00 0 22 242 112 1 0 0 0 0 221219 163628.322
10.2282 2.0891 0.0000 0.00 0.00 1.00 0 248 245 112 1 0 0 0 0 221219 163628.522
10.2061 2.1012 0.0000 0.00 0.00 1.00 0 90 251 112 1 0 0 0 0 221219 163628.722
10.1814 2.1171 0.0000 0.00 0.00 1.00 0 82 241 112 1 0 0 0 0 221219 163628.922
10.1503 2.1362 0.0000 0.00 0.00 1.00 0 172 245 112 1 0 0 0 0 221219 163629.122
10.1274 2.1526 0.0000 0.00 0.00 1.00 0 231 238 112 1 0 0 0 0 221219 163629.322
10.1074 2.1629 0.0000 0.00 0.00 1.00 0 1 241 112 1 0 0 0 0 221219 163629.523
10.0740 2.1826 0.0000 0.00 0.00 1.00 0 56 241 112 1 0 0 0 0 221219 163629.723
10.0531 2.1919 0.0000 0.00 0.00 1.00 0 0 246 112 1 0 0 0 0 221219 163629.923
10.0192 2.2109 0.0000 0.00 0.00 1.00 0 100 249 112 1 0 0 0 0 221219 163630.123
10.0011 2.2230 0.0000 0.00 0.00 1.00 0 95 239 112 1 0 0 0 0 221219 163630.323
9.9653 2.2416 0.0000 0.00 0.00 1.00 0 139 243 112 1 0 0 0 0 221219 163630.523
9.9439 2.2544 0.0000 0.00 0.00 1.00 0 142 236 112 1 0 0 0 0 221219 163630.723
9.9109 2.2683 0.0000 0.00 0.00 1.00 0 55 248 112 1 0 0 0 0 221219 163630.924
9.8925 2.2784 0.0000 0.00 0.00 1.00 0 255 244 112 1 0 0 0 0 221219 163631.124
9.8640 2.2903 0.0000 0.00 0.00 1.00 0 89 241 112 1 0 0 0 0 221219 163631.324
9.8299 2.3066 0.0000 0.00 0.00 1.00 0 115 242 112 1 0 0 0 0 221219 163631.524
9.8113 2.3135 0.0000 0.00 0.00 1.00 0 114 244 112 1 0 0 0 0 221219 163631.724
9.7827 2.3313 0.0000 0.00 0.00 1.00 0 168 230 112 1 0 0 0 0 221219 163631.924
9.7568 2.3410 0.0000 0.00 0.00 1.00 0 87 244 112 1 0 0 0 0 221219 163632.125
9.7220 2.3616 0.0000 0.00 0.00 1.00 0 66 236 112 1 0 0 0 0 221219 163632.325
9.7014 2.3695 0.0000 0.00 0.00 1.00 0 201 249 112 1 0 0 0 0 221219 163632.525
9.6676 2.3884 0.0000 0.00 0.00 1.00 0 139 242 112 1 0 0 0 0 221219 163632.725
9.6451 2.3989 0.0000 0.00 0.00 1.00 0 55 240 112 1 0 0 0 0 221219 163632.925
9.6181 2.4092 0.0000 0.00 0.00 1.00 0 46 241 112 1 0 0 0 0 221219 163633.125
9.5991 2.4153 0.0000 0.00 0.00 1.00 0 132 243 112 1 0 0 0 0 221219 163633.325
9.5667 2.4285 0.0000 0.00 0.00 1.00 0 61 240 112 1 0 0 0 0 221219 163633.525
9.5357 2.4433 0.0000 0.00 0.00 1.00 0 117 239 112 1 0 0 0 0 221219 163633.726
9.5076 2.4550 0.0000 0.00 0.00 1.00 0 155 237 112 1 0 0 0 0 221219 163633.926
9.4796 2.4676 0.0000 0.00 0.00 1.00 0 17 242 112 1 0 0 0 0 221219 163634.126
9.4504 2.4765 0.0000 0.00 0.00 1.00 0 223 245 112 1 0 0 0 0 221219 163634.326
9.4228 2.4879 0.0000 0.00 0.00 1.00 0 254 242 112 1 0 0 0 0 221219 163634.526
9.3955 2.5003 0.0000 0.00 0.00 1.00 0 62 245 112 1 0 0 0 0 221219 163634.726
9.3753 2.5086 0.0000 0.00 0.00 1.00 0 47 242 112 1 0 0 0 0 221219 163634.926
9.3405 2.5195 0.0000 0.00 0.00 1.00 0 158 243 112 1 0 0 0 0 221219 163635.127
9.3108 2.5318 0.0000 0.00 0.00 1.00 0 59 241 112 1 0 0 0 0 221219 163635.327
9.2857 2.5393 0.0000 0.00 0.00 1.00 0 34 242 112 1 0 0 0 0 221219 163635.527
9.2569 2.5503 0.0000 0.00 0.00 1.00 0 32 243 112 1 0 0 0 0 221219 163635.727
9.2344 2.5598 0.0000 0.00 0.00 1.00 0 2 239 112 1 0 0 0 0 221219 163635.927
9.2028 2.5708 0.0000 0.00 0.00 1.00 0 31 243 112 1 0 0 0 0 221219 163636.127
9.1745 2.5780 0.0000 0.00 0.00 1.00 0 107 246 112 1 0 0 0 0 221219 163636.328
9.1464 2.5888 0.0000 0.00 0.00 1.00 0 26 239 112 1 0 0 0 0 221219 163636.528
9.1164 2.5986 0.0000 0.00 0.00 1.00 0 0 244 112 1 0 0 0 0 221219 163636.728
9.0895 2.6069 0.0000 0.00 0.00 1.00 0 10 241 112 1 0 0 0 0 221219 163636.928
9.0565 2.6160 0.0000 0.00 0.00 1.00 0 22 246 112 1 0 0 0 0 221219 163637.128
9.0260 2.6251 0.0000 0.00 0.00 1.00 0 191 245 112 1 0 0 0 0 221219 163637.328
8.9993 2.6311 0.0000 0.00 0.00 1.00 0 246 244 112 1 0 0 0 0 221219 163637.528
8.9692 2.6389 0.0000 0.00 0.00 1.00 0 216 246 112 1 0 0 0 0 221219 163637.729
8.9411 2.6476 0.0000 0.00 0.00 1.00 0 245 239 112 1 0 0 0 0 221219 163637.929
8.9065 2.6563 0.0000 0.00 0.00 1.00 0 120 249 112 1 0 0 0 0 221219 163638.129
8.8731 2.6669 0.0000 0.00 0.00 1.00 0 23 243 112 1 0 0 0 0 221219 163638.329
8.8439 2.6719 0.0000 0.00 0.00 1.00 0 67 246 112 1 0 0 0 0 221219 163638.529
8.8161 2.6799 0.0000 0.00 0.00 1.00 0 187 246 112 1 0 0 0 0 221219 163638.729
8.7857 2.6878 0.0000 0.00 0.00 1.00 0 96 244 112 1 0 0 0 0 221219 163638.929
8.7537 2.6953 0.0000 0.00 0.00 1.00 0 203 242 112 1 0 0 0 0 221219 163639.130
8.7214 2.7033 0.0000 0.00 0.00 1.00 0 160 245 112 1 0 0 0 0 221219 163639.330
8.6897 2.7120 0.0000 0.00 0.00 1.00 0 13 240 112 1 0 0 0 0 221219 163639.530
8.6615 2.7158 0.0000 0.00 0.00 1.00 0 224 250 112 1 0 0 0 0 221219 163639.730
8.6233 2.7251 0.0000 0.00 0.00 1.00 0 51 244 112 1 0 0 0 0 221219 163639.930
8.5998 2.7291 0.0000 0.00 0.00 1.00 0 45 247 112 1 0 0 0 0 221219 163640.130
8.5607 2.7377 0.0000 0.00 0.00 1.00 0 128 246 112 1 0 0 0 0 221219 163640.331
8.5412 2.7405 0.0000 0.00 0.00 1.00 0 198 246 112 1 0 0 0 0 221219 163640.531
8.5113 2.7448 0.0000 0.00 0.00 1.00 0 232 248 112 1 0 0 0 0 221219 163640.731
8.4801 2.7502 0.0000 0.00 0.00 1.00 0 163 249 112 1 0 0 0 0 221219 163640.931
8.4411 2.7553 0.0000 0.00 0.00 1.00 0 15 254 112 1 0 0 0 0 221219 163641.131
8.4172 2.7593 0.0000 0.00 0.00 1.00 0 200 249 112 1 0 0 0 0 221219 163641.331
8.3927 2.7634 0.0000 0.00 0.00 1.00 0 93 246 112 1 0 0 0 0 221219 163641.532
8.3564 2.7704 0.0000 0.00 0.00 1.00 0 122 243 112 1 0 0 0 0 221219 163641.732
8.3254 2.7749 0.0000 0.00 0.00 1.00 0 168 250 112 1 0 0 0 0 221219 163641.932
8.2963 2.7798 0.0000 0.00 0.00 1.00 0 128 244 112 1 0 0 0 0 221219 163642.132
8.2683 2.7835 0.0000 0.00 0.00 1.00 0 177 249 112 1 0 0 0 0 221219 163642.332
8.2376 2.7875 0.0000 0.00 0.00 1.00 0 56 245 112 1 0 0 0 0 221219 163642.532
8.2003 2.7923 0.0000 0.00 0.00 1.00 0 245 244 112 1 0 0 0 0 221219 163642.732
8.1831 2.7947 0.0000 0.00 0.00 1.00 0 111 245 112 1 0 0 0 0 221219 163642.933
8.1515 2.7995 0.0000 0.00 0.00 1.00 0 172 240 112 1 0 0 0 0 221219 163643.133
8.1218 2.8033 0.0000 0.00 0.00 1.00 0 148 242 112 1 0 0 0 0 221219 163643.333
8.0940 2.8078 0.0000 0.00 0.00 1.00 0 119 238 112 1 0 0 0 0 221219 163643.533
8.0719 2.8101 0.0000 0.00 0.00 1.00 0 10 241 112 1 0 0 0 0 221219 163643.733
8.0363 2.8125 0.0000 0.00 0.00 1.00 0 114 248 112 1 0 0 0 0 221219 163643.933
8.0063 2.8171 0.0000 0.00 0.00 1.00 0 82 244 112 1 0 0 0 0 221219 163644.134
7.9839 2.8182 0.0000 0.00 0.00 1.00 0 124 244 112 1 0 0 0 0 221219 163644.334
7.9485 2.8222 0.0000 0.00 0.00 1.00 0 32 245 112 1 0 0 0 0 221219 163644.534
7.9219 2.8257 0.0000 0.00 0.00 1.00 0 231 239 112 1 0 0 0 0 221219 163644.734
7.8911 2.8291 0.0000 0.00 0.00 1.00 0 142 242 112 1 0 0 0 0 221219 163644.934
7.8613 2.8322 0.0000 0.00 0.00 1.00 0 125 241 112 1 0 0 0 0 221219 163645.134
7.8296 2.8361 0.0000 0.00 0.00 1.00 0 49 242 112 1 0 0 0 0 221219 163645.335
7.8017 2.8378 0.0000 0.00 0.00 1.00 0 201 243 112 1 0 0 0 0 221219 163645.535
7.7730 2.8425 0.0000 0.00 0.00 1.00 0 221 237 112 1 0 0 0 0 221219 163645.735
7.7442 2.8436 0.0000 0.00 0.00 1.00 0 70 235 112 1 0 0 0 0 221219 163645.935
7.7177 2.8506 0.0000 0.00 0.00 1.00 0 158 238 112 1 0 0 0 0 221219 163646.135
7.6867 2.8509 0.0000 0.00 0.00 1.00 0 68 236 112 1 0 0 0 0 221219 163646.335
7.6678 2.8519 0.0000 0.00 0.00 1.00 0 85 238 112 1 0 0 0 0 221219 163646.535
7.6407 2.8553 0.0000 0.00 0.00 1.00 0 211 231 112 1 0 0 0 0 221219 163646.736
7.6139 2.8562 0.0000 0.00 0.00 1.00 0 79 241 112 1 0 0 0 0 221219 163646.936
7.5894 2.8591 0.0000 0.00 0.00 1.00 0 110 233 112 1 0 0 0 0 221219 163647.136
7.5622 2.8608 0.0000 0.00 0.00 1.00 0 61 234 112 1 0 0 0 0 221219 163647.336
7.5329 2.8620 0.0000 0.00 0.00 1.00 0 218 232 112 1 0 0 0 0 221219 163647.536
7.5016 2.8596 0.0000 0.00 0.00 1.00 0 20 235 112 1 0 0 0 0 221219 163647.736
7.4829 2.8604 0.0000 0.00 0.00 1.00 0 32 235 112 1 0 0 0 0 221219 163647.937
7.4546 2.8620 0.0000 0.00 0.00 1.00 0 91 233 112 1 0 0 0 0 221219 163648.137
7.4266 2.8581 0.0000 0.00 0.00 1.00 0 150 229 112 1 0 0 0 0 221219 163648.337
7.3997 2.8566 0.0000 0.00 0.00 1.00 0 55 233 112 1 0 0 0 0 221219 163648.537
7.3708 2.8599 0.0000 0.00 0.00 1.00 0 245 224 112 1 0 0 0 0 221219 163648.737
7.3453 2.8543 0.0000 0.00 0.00 1.00 0 71 240 112 1 0 0 0 0 221219 163648.937
7.3119 2.8511 0.0000 0.00 0.00 1.00 0 225 230 112 1 0 0 0 0 221219 163649.137
7.2945 2.8519 0.0000 0.00 0.00 1.00 0 220 220 112 1 0 0 0 0 221219 163649.338
7.2609 2.8452 0.0000 0.00 0.00 1.00 0 198 233 112 1 0 0 0 0 221219 163649.538
7.2243 2.8427 0.0000 0.00 0.00 1.00 0 11 228 112 1 0 0 0 0 221219 163649.738
7.2032 2.8413 0.0000 0.00 0.00 1.00 0 42 225 112 1 0 0 0 0 221219 163649.938
7.1737 2.8364 0.0000 0.00 0.00 1.00 0 143 226 112 1 0 0 0 0 221219 163650.138
7.1580 2.8298 0.0000 0.00 0.00 1.00 0 56 228 112 1 0 0 0 0 221219 163650.338
7.1226 2.8279 0.0000 0.00 0.00 1.00 0 49 224 112 1 0 0 0 0 221219 163650.538
7.0968 2.8217 0.0000 0.00 0.00 1.00 0 169 227 112 1 0 0 0 0 221219 163650.739
7.0673 2.8200 0.0000 0.00 0.00 1.00 0 31 229 112 1 0 0 0 0 221219 163650.939
7.0408 2.8130 0.0000 0.00 0.00 1.00 0 230 213 112 1 0 0 0 0 221219 163651.139
7.0097 2.8078 0.0000 0.00 0.00 1.00 0 221 215 112 1 0 0 0 0 221219 163651.339
6.9838 2.8018 0.0000 0.00 0.00 1.00 0 174 225 112 1 0 0 0 0 221219 163651.539
6.9645 2.7958 0.0000 0.00 0.00 1.00 0 63 229 112 1 0 0 0 0 221219 163651.739
6.9476 2.7888 0.0000 0.00 0.00 1.00 0 140 221 112 1 0 0 0 0 221219 163651.940
6.9194 2.7821 0.0000 0.00 0.00 1.00 0 5 218 112 1 0 0 0 0 221219 163652.140
6.8912 2.7739 0.0000 0.00 0.00 1.00 0 152 222 112 1 0 0 0 0 221219 163652.340
6.8629 2.7656 0.0000 0.00 0.00 1.00 0 23 221 112 1 0 0 0 0 221219 163652.540
6.8381 2.7604 0.0000 0.00 0.00 1.00 0 51 217 112 1 0 0 0 0 221219 163652.740
6.8132 2.7538 0.0000 0.00 0.00 1.00 0 26 220 112 1 0 0 0 0 221219 163652.940
6.7852 2.7466 0.0000 0.00 0.00 1.00 0 37 218 112 1 0 0 0 0 221219 163653.140
6.7587 2.7357 0.0000 0.00 0.00 1.00 0 109 216 112 1 0 0 0 0 221219 163653.341
6.7355 2.7255 0.0000 0.00 0.00 1.00 0 109 215 112 1 0 0 0 0 221219 163653.541
6.7179 2.7184 0.0000 0.00 0.00 1.00 0 135 213 112 1 0 0 0 0 221219 163653.741
6.6845 2.7094 0.0000 0.00 0.00 1.00 0 99 217 112 1 0 0 0 0 221219 163653.941
6.6668 2.7032 0.0000 0.00 0.00 1.00 0 38 217 112 1 0 0 0 0 221219 163654.141
6.6396 2.6898 0.0000 0.00 0.00 1.00 0 168 219 112 1 0 0 0 0 221219 163654.341
6.6139 2.6787 0.0000 0.00 0.00 1.00 0 10 211 112 1 0 0 0 0 221219 163654.542
6.5882 2.6672 0.0000 0.00 0.00 1.00 0 212 214 112 1 0 0 0 0 221219 163654.742
6.5678 2.6551 0.0000 0.00 0.00 1.00 0 203 211 112 1 0 0 0 0 221219 163654.942
6.5467 2.6440 0.0000 0.00 0.00 1.00 0 80 206 112 1 0 0 0 0 221219 163655.142
6.5255 2.6308 0.0000 0.00 0.00 1.00 0 61 208 112 1 0 0 0 0 221219 163655.342
6.5042 2.6202 0.0000 0.00 0.00 1.00 0 120 205 112 1 0 0 0 0 221219 163655.542
6.4847 2.6105 0.0000 0.00 0.00 1.00 0 117 212 112 1 0 0 0 0 221219 163655.742
6.4659 2.5983 0.0000 0.00 0.00 1.00 0 116 218 112 1 0 0 0 0 221219 163655.943
6.4474 2.5863 0.0000 0.00 0.00 1.00 0 164 212 112 1 0 0 0 0 221219 163656.143
6.4321 2.5758 0.0000 0.00 0.00 1.00 0 177 214 112 1 0 0 0 0 221219 163656.343
6.4051 2.5548 0.0000 0.00 0.00 1.00 0 42 217 112 1 0 0 0 0 221219 163656.543
6.3861 2.5412 0.0000 0.00 0.00 1.00 0 197 211 112 1 0 0 0 0 221219 163656.743
6.3675 2.5276 0.0000 0.00 0.00 1.00 0 130 212 112 1 0 0 0 0 221219 163656.943
6.3486 2.5132 0.0000 0.00 0.00 1.00 0 141 215 112 1 0 0 0 0 221219 163657.143
6.3311 2.4955 0.0000 0.00 0.00 1.00 0 245 214 112 1 0 0 0 0 221219 163657.344
6.3085 2.4750 0.0000 0.00 0.00 1.00 0 148 215 112 1 0 0 0 0 221219 163657.544
6.2916 2.4649 0.0000 0.00 0.00 1.00 0 132 208 112 1 0 0 0 0 221219 163657.744
6.2747 2.4518 0.0000 0.00 0.00 1.00 0 6 213 112 1 0 0 0 0 221219 163657.944
6.2561 2.4372 0.0000 0.00 0.00 1.00 0 210 213 112 1 0 0 0 0 221219 163658.144
6.2391 2.4201 0.0000 0.00 0.00 1.00 0 183 213 112 1 0 0 0 0 221219 163658.344
6.2212 2.4029 0.0000 0.00 0.00 1.00 0 232 213 112 1 0 0 0 0 221219 163658.545
6.2017 2.3838 0.0000 0.00 0.00 1.00 0 42 212 112 1 0 0 0 0 221219 163658.745
6.1831 2.3652 0.0000 0.00 0.00 1.00 0 107 213 112 1 0 0 0 0 221219 163658.945
6.1612 2.3429 0.0000 0.00 0.00 1.00 0 24 215 112 1 0 0 0 0 221219 163659.145
6.1492 2.3265 0.0000 0.00 0.00 1.00 0 40 216 112 1 0 0 0 0 221219 163659.345
6.1295 2.3062 0.0000 0.00 0.00 1.00 0 240 211 112 1 0 0 0 0 221219 163659.545
6.1083 2.2800 0.0000 0.00 0.00 1.00 0 158 216 112 1 0 0 0 0 221219 163659.745
6.0952 2.2663 0.0000 0.00 0.00 1.00 0 62 214 112 1 0 0 0 0 221219 163659.946
6.0818 2.2488 0.0000 0.00 0.00 1.00 0 57 217 112 1 0 0 0 0 221219 163700.146
6.0659 2.2300 0.0000 0.00 0.00 1.00 0 207 210 112 1 0 0 0 0 221219 163700.346
6.0483 2.2095 0.0000 0.00 0.00 1.00 0 161 212 112 1 0 0 0 0 221219 163700.546
6.0307 2.1809 0.0000 0.00 0.00 1.00 0 255 218 112 1 0 0 0 0 221219 163700.746
6.0208 2.1662 0.0000 0.00 0.00 1.00 0 181 209 112 1 0 0 0 0 221219 163700.946
6.0062 2.1460 0.0000 0.00 0.00 1.00 0 89 210 112 1 0 0 0 0 221219 163701.146
5.9982 2.1258 0.0000 0.00 0.00 1.00 0 209 215 112 1 0 0 0 0 221219 163701.347
5.9819 2.0991 0.0000 0.00 0.00 1.00 0 99 214 112 1 0 0 0 0 221219 163701.547
5.9703 2.0814 0.0000 0.00 0.00 1.00 0 232 210 112 1 0 0 0 0 221219 163701.747
5.9579 2.0610 0.0000 0.00 0.00 1.00 0 61 213 112 1 0 0 0 0 221219 163701.947
5.9487 2.0459 0.0000 0.00 0.00 1.00 0 31 214 112 1 0 0 0 0 221219 163702.147
5.9370 2.0251 0.0000 0.00 0.00 1.00 0 110 212 112 1 0 0 0 0 221219 163702.348
5.9281 2.0065 0.0000 0.00 0.00 1.00 0 154 217 112 1 0 0 0 0 221219 163702.548
5.9197 1.9858 0.0000 0.00 0.00 1.00 0 121 220 112 1 0 0 0 0 221219 163702.748
5.9080 1.9668 0.0000 0.00 0.00 1.00 0 42 218 112 1 0 0 0 0 221219 163702.948
5.8944 1.9387 0.0000 0.00 0.00 1.00 0 120 220 112 1 0 0 0 0 221219 163703.148
5.8838 1.9161 0.0000 0.00 0.00 1.00 0 28 211 112 1 0 0 0 0 221219 163703.348
5.8756 1.8909 0.0000 0.00 0.00 1.00 0 60 219 112 1 0 0 0 0 221219 163703.549
5.8669 1.8689 0.0000 0.00 0.00 1.00 0 55 220 112 1 0 0 0 0 221219 163703.749
5.8573 1.8468 0.0000 0.00 0.00 1.00 0 254 218 112 1 0 0 0 0 221219 163703.949
5.8477 1.8258 0.0000 0.00 0.00 1.00 0 171 214 112 1 0 0 0 0 221219 163704.149
5.8393 1.7999 0.0000 0.00 0.00 1.00 0 67 221 112 1 0 0 0 0 221219 163704.349
5.8266 1.7762 0.0000 0.00 0.00 1.00 0 75 214 112 1 0 0 0 0 221219 163704.549
5.8180 1.7529 0.0000 0.00 0.00 1.00 0 44 223 112 1 0 0 0 0 221219 163704.749
5.8094 1.7279 0.0000 0.00 0.00 1.00 0 36 219 112 1 0 0 0 0 221219 163704.950
5.8022 1.7013 0.0000 0.00 0.00 1.00 0 158 224 112 1 0 0 0 0 221219 163705.150
5.7937 1.6764 0.0000 0.00 0.00 1.00 0 131 219 112 1 0 0 0 0 221219 163705.350
5.7888 1.6493 0.0000 0.00 0.00 1.00 0 205 224 112 1 0 0 0 0 221219 163705.550
5.7832 1.6230 0.0000 0.00 0.00 1.00 0 112 227 112 1 0 0 0 0 221219 163705.750
5.7777 1.5958 0.0000 0.00 0.00 1.00 0 225 223 112 1 0 0 0 0 221219 163705.950
5.7741 1.5691 0.0000 0.00 0.00 1.00 0 29 226 112 1 0 0 0 0 221219 163706.150
5.7674 1.5436 0.0000 0.00 0.00 1.00 0 202 225 112 1 0 0 0 0 221219 163706.351
5.7615 1.5214 0.0000 0.00 0.00 1.00 0 223 222 112 1 0 0 0 0 221219 163706.551
5.7552 1.4942 0.0000 0.00 0.00 1.00 0 68 225 112 1 0 0 0 0 221219 163706.751
5.7480 1.4674 0.0000 0.00 0.00 1.00 0 111 232 112 1 0 0 0 0 221219 163706.951
5.7412 1.4427 0.0000 0.00 0.00 1.00 0 165 224 112 1 0 0 0 0 221219 163707.151
5.7334 1.4172 0.0000 0.00 0.00 1.00 0 241 222 112 1 0 0 0 0 221219 163707.351
5.7284 1.3893 0.0000 0.00 0.00 1.00 0 226 220 112 1 0 0 0 0 221219 163707.551
5.7257 1.3607 0.0000 0.00 0.00 1.00 0 33 234 112 1 0 0 0 0 221219 163707.752
5.7183 1.3373 0.0000 0.00 0.00 1.00 0 127 226 112 1 0 0 0 0 221219 163707.952
5.7115 1.3120 0.0000 0.00 0.00 1.00 0 41 225 112 1 0 0 0 0 221219 163708.152
5.7052 1.2866 0.0000 0.00 0.00 1.00 0 173 227 112 1 0 0 0 0 221219 163708.352
5.6986 1.2648 0.0000 0.00 0.00 1.00 0 82 224 112 1 0 0 0 0 221219 163708.552
5.6922 1.2430 0.0000 0.00 0.00 1.00 0 252 228 112 1 0 0 0 0 221219 163708.752
5.6852 1.2203 0.0000 0.00 0.00 1.00 0 173 228 112 1 0 0 0 0 221219 163708.952
5.6821 1.1961 0.0000 0.00 0.00 1.00 0 159 227 112 1 0 0 0 0 221219 163709.153
5.6779 1.1715 0.0000 0.00 0.00 1.00 0 24 232 112 1 0 0 0 0 221219 163709.353
5.6740 1.1466 0.0000 0.00 0.00 1.00 0 9 237 112 1 0 0 0 0 221219 163709.553
5.6741 1.1201 0.0000 0.00 0.00 1.00 0 233 229 112 1 0 0 0 0 221219 163709.753
5.6710 1.0942 0.0000 0.00 0.00 1.00 0 195 240 112 1 0 0 0 0 221219 163709.953
5.6731 1.0652 0.0000 0.00 0.00 1.00 0 46 241 112 1 0 0 0 0 221219 163710.153
5.6701 1.0378 0.0000 0.00 0.00 1.00 0 240 229 112 1 0 0 0 0 221219 163710.353
5.6644 1.0140 0.0000 0.00 0.00 1.00 0 253 229 112 1 0 0 0 0 221219 163710.554
5.6614 0.9876 0.0000 0.00 0.00 1.00 0 12 243 112 1 0 0 0 0 221219 163710.754
5.6619 0.9600 0.0000 0.00 0.00 1.00 0 235 243 112 1 0 0 0 0 221219 163710.954
5.6607 0.9327 0.0000 0.00 0.00 1.00 0 35 238 112 1 0 0 0 0 221219 163711.154
5.6581 0.9046 0.0000 0.00 0.00 1.00 0 31 237 112 1 0 0 0 0 221219 163711.354
5.6564 0.8745 0.0000 0.00 0.00 1.00 0 240 247 112 1 0 0 0 0 221219 163711.554
5.6556 0.8477 0.0000 0.00 0.00 1.00 0 163 244 112 1 0 0 0 0 221219 163711.754
5.6543 0.8214 0.0000 0.00 0.00 1.00 0 93 241 112 1 0 0 0 0 221219 163711.955
5.6547 0.7905 0.0000 0.00 0.00 1.00 0 157 247 112 1 0 0 0 0 221219 163712.155
5.6551 0.7624 0.0000 0.00 0.00 1.00 0 237 242 112 1 0 0 0 0 221219 163712.355
5.6597 0.7329 0.0000 0.00 0.00 1.00 0 146 250 112 1 0 0 0 0 221219 163712.555
5.6643 0.7035 0.0000 0.00 0.00 1.00 0 45 252 112 1 0 0 0 0 221219 163712.755
5.6687 0.6761 0.0000 0.00 0.00 1.00 0 231 247 112 1 0 0 0 0 221219 163712.955
5.6736 0.6443 0.0000 0.00 0.00 1.00 0 145 254 112 1 0 0 0 0 221219 163713.155
5.6745 0.6156 0.0000 0.00 0.00 1.00 0 99 253 112 1 0 0 0 0 221219 163713.356
5.6770 0.5872 0.0000 0.00 0.00 1.00 0 222 254 112 1 0 0 0 0 221219 163713.556
5.6788 0.5723 0.0000 0.00 0.00 1.00 0 0 0 127 0 0 0 0 0 221219 163713.756
5.6788 0.5723 0.0000 0.00 0.00 1.00 0 0 0 127 0 0 0 0 0 221219 163713.956
5.6788 0.5723 0.0000 0.00 0.00 1.00 0 0 0 127 0 0 0 0 0 221219 163714.156
5.6788 0.5723 0.0000 0.00 0.00 1.00 0 0 0 127 0 0 0 0 0 221219 163714.356
5.6788 0.5723 0.0000 0.00 0.00 1.00 0 0 0 127 0 0 0 0 0 221219 163714.556
5.6788 0.5723 0.0000 0.00 0.00 1.00 0 0 0 127 0 0 0 0 0 221219 163714.757
5.6788 0.5723 0.0000 0.00 0.00 1.00 0 0 0 127 0 0 0 0 0 221219 163714.957
5.6788 0.5723 0.0000 0.00 0.00 1.00 0 0 0 127 0 0 0 0 0 221219 163715.157
5.6788 0.5723 0.0000 0.00 0.00 1.00 0 0 0 127 0 0 0 0 0 221219 163715.357
5.6788 0.5723 0.0000 0.00 0.00 1.00 0 0 0 127 0 0 0 0 0 221219 163715.557
5.6788 0.5723 0.0000 0.00 0.00 1.00 0 0 0 127 0 0 0 0 0 221219 163715.757
5.6788 0.5723 0.0000 0.00 0.00 1.00 0 0 0 127 0 0 0 0 0 221219 163715.958
5.6788 0.5723 0.0000 0.00 0.00 1.00 0 0 0 127 0 0 0 0 0 221219 163716.158
5.6788 0.5723 0.0000 0.00 0.00 1.00 0 0 0 127 0 0 0 0 0 221219 163716.358
5.6788 0.5723 0.0000 0.00 0.00 1.00 0 0 0 127 0 0 0 0 0 221219 163716.558
