6.2241 -0.6256 0.0000 0.00 0.00 1.00 0 0 0 112 1 0 0 0 0 231119 165644.130
6.2243 -0.6246 0.0000 0.00 0.00 1.00 0 0 0 112 1 0 0 0 0 231119 165644.330
6.2366 -0.6314 0.0000 0.00 0.00 1.00 0 0 0 112 1 0 0 0 0 231119 165644.531
6.2721 -0.6480 0.0000 0.00 0.00 1.00 0 0 0 112 1 0 0 0 0 231119 165644.731
6.3096 -0.6667 0.0000 0.00 0.00 1.00 0 0 0 112 1 0 0 0 0 231119 165644.931
6.3376 -0.6786 0.0000 0.00 0.00 1.00 0 0 0 112 1 0 0 0 0 231119 165645.131
6.3636 -0.6936 0.0000 0.00 0.00 1.00 0 0 0 112 1 0 0 0 0 231119 165645.331
6.3983 -0.7069 0.0000 0.00 0.00 1.00 0 0 0 112 1 0 0 0 0 231119 165645.531
6.4286 -0.7231 0.0000 0.00 0.00 1.00 0 0 0 112 1 0 0 0 0 231119 165645.731
6.4582 -0.7368 0.0000 0.00 0.00 1.00 0 0 0 112 1 0 0 0 0 231119 165645.932
6.4891 -0.7516 0.0000 0.00 0.00 1.00 0 0 0 112 1 0 0 0 0 231119 165646.132
6.5188 -0.7659 0.0000 0.00 0.00 1.00 0 0 0 112 1 0 0 0 0 231119 165646.332
6.5483 -0.7796 0.0000 0.00 0.00 1.00 0 0 0 112 1 0 0 0 0 231119 165646.532
6.5785 -0.7936 0.0000 0.00 0.00 1.00 0 0 0 112 1 0 0 0 0 231119 165646.732
6.6100 -0.8073 0.0000 0.00 0.00 1.00 0 0 0 112 1 0 0 0 0 231119 165646.932
6.6409 -0.8241 0.0000 0.00 0.00 1.00 0 0 0 112 1 0 0 0 0 231119 165647.132
6.6724 -0.8367 0.0000 0.00 0.00 1.00 0 0 0 112 1 0 0 0 0 231119 165647.333
6.7050 -0.8500 0.0000 0.00 0.00 1.00 0 0 0 112 1 0 0 0 0 231119 165647.533
6.7346 -0.8648 0.0000 0.00 0.00 1.00 0 0 0 112 1 0 0 0 0 231119 165647.733
6.7617 -0.8808 0.0000 0.00 0.00 1.00 0 0 0 112 1 0 0 0 0 231119 165647.933
6.7960 -0.8960 0.0000 0.00 0.00 1.00 0 0 0 112 1 0 0 0 0 231119 165648.133
6.8248 -0.9100 0.0000 0.00 0.00 1.00 0 0 0 112 1 0 0 0 0 231119 165648.333
6.8520 -0.9253 0.0000 0.00 0.00 1.00 0 0 0 112 1 0 0 0 0 231119 165648.533
6.8811 -0.9376 0.0000 0.00 0.00 1.00 0 0 0 112 1 0 0 0 0 231119 165648.734
6.9143 -0.9500 0.0000 0.00 0.00 1.00 0 0 0 112 1 0 0 0 0 231119 165648.934
6.9457 -0.9676 0.0000 0.00 0.00 1.00 0 0 0 112 1 0 0 0 0 231119 165649.134
6.9772 -0.9815 0.0000 0.00 0.00 1.00 0 0 0 112 1 0 0 0 0 231119 165649.334
7.0077 -0.9956 0.0000 0.00 0.00 1.00 0 0 0 112 1 0 0 0 0 231119 165649.534
7.0382 -1.0086 0.0000 0.00 0.00 1.00 0 0 0 112 1 0 0 0 0 231119 165649.734
7.0695 -1.0239 0.0000 0.00 0.00 1.00 0 0 0 112 1 0 0 0 0 231119 165649.935
7.1023 -1.0375 0.0000 0.00 0.00 1.00 0 0 0 112 1 0 0 0 0 231119 165650.135
7.1304 -1.0527 0.0000 0.00 0.00 1.00 0 0 0 112 1 0 0 0 0 231119 165650.335
7.1608 -1.0671 0.0000 0.00 0.00 1.00 0 0 0 112 1 0 0 0 0 231119 165650.535
7.1888 -1.0840 0.0000 0.00 0.00 1.00 0 0 0 112 1 0 0 0 0 231119 165650.735
7.2216 -1.0951 0.0000 0.00 0.00 1.00 0 0 0 112 1 0 0 0 0 231119 165650.935
7.2514 -1.1092 0.0000 0.00 0.00 1.00 0 0 0 112 1 0 0 0 0 231119 165651.135
7.2867 -1.1245 0.0000 0.00 0.00 1.00 0 0 0 112 1 0 0 0 0 231119 165651.335
7.3139 -1.1375 0.0000 0.00 0.00 1.00 0 0 0 112 1 0 0 0 0 231119 165651.536
7.3402 -1.1576 0.0000 0.00 0.00 1.00 0 0 0 112 1 0 0 0 0 231119 165651.736
7.3747 -1.1679 0.0000 0.00 0.00 1.00 0 0 0 112 1 0 0 0 0 231119 165651.936
7.4058 -1.1796 0.0000 0.00 0.00 1.00 0 0 0 112 1 0 0 0 0 231119 165652.136
7.4375 -1.1934 0.0000 0.00 0.00 1.00 0 0 0 112 1 0 0 0 0 231119 165652.336
7.4685 -1.2065 0.0000 0.00 0.00 1.00 0 0 0 112 1 0 0 0 0 231119 165652.536
7.4963 -1.2209 0.0000 0.00 0.00 1.00 0 0 0 112 1 0 0 0 0 231119 165652.736
7.5299 -1.2355 0.0000 0.00 0.00 1.00 0 0 0 112 1 0 0 0 0 231119 165652.936
7.5645 -1.2483 0.0000 0.00 0.00 1.00 0 0 0 112 1 0 0 0 0 231119 165653.137
7.5915 -1.2598 0.0000 0.00 0.00 1.00 0 0 0 112 1 0 0 0 0 231119 165653.337
7.6204 -1.2787 0.0000 0.00 0.00 1.00 0 0 0 112 1 0 0 0 0 231119 165653.537
7.6517 -1.2911 0.0000 0.00 0.00 1.00 0 0 0 112 1 0 0 0 0 231119 165653.737
7.6840 -1.3030 0.0000 0.00 0.00 1.00 0 0 0 112 1 0 0 0 0 231119 165653.937
7.7142 -1.3165 0.0000 0.00 0.00 1.00 0 0 0 112 1 0 0 0 0 231119 165654.137
7.7430 -1.3330 0.0000 0.00 0.00 1.00 0 0 0 112 1 0 0 0 0 231119 165654.338
7.7763 -1.3448 0.0000 0.00 0.00 1.00 0 0 0 112 1 0 0 0 0 231119 165654.538
7.8065 -1.3576 0.0000 0.00 0.00 1.00 0 0 0 112 1 0 0 0 0 231119 165654.738
7.8382 -1.3719 0.0000 0.00 0.00 1.00 0 0 0 112 1 0 0 0 0 231119 165654.938
7.8703 -1.3861 0.0000 0.00 0.00 1.00 0 0 0 112 1 0 0 0 0 231119 165655.138
7.8985 -1.3969 0.0000 0.00 0.00 1.00 0 0 0 112 1 0 0 0 0 231119 165655.338
7.9327 -1.4142 0.0000 0.00 0.00 1.00 0 0 0 112 1 0 0 0 0 231119 165655.538
7.9624 -1.4277 0.0000 0.00 0.00 1.00 0 0 0 112 1 0 0 0 0 231119 165655.738
7.9900 -1.4423 0.0000 0.00 0.00 1.00 0 0 0 112 1 0 0 0 0 231119 165655.939
8.0192 -1.4547 0.0000 0.00 0.00 1.00 0 0 0 112 1 0 0 0 0 231119 165656.139
8.0529 -1.4673 0.0000 0.00 0.00 1.00 0 0 0 112 1 0 0 0 0 231119 165656.339
8.0855 -1.4799 0.0000 0.00 0.00 1.00 0 0 0 112 1 0 0 0 0 231119 165656.539
8.1145 -1.4956 0.0000 0.00 0.00 1.00 0 0 0 112 1 0 0 0 0 231119 165656.739
8.1427 -1.5100 0.0000 0.00 0.00 1.00 0 0 0 112 1 0 0 0 0 231119 165656.939
8.1724 -1.5229 0.0000 0.00 0.00 1.00 0 0 0 112 1 0 0 0 0 231119 165657.140
8.1974 -1.5323 0.0000 0.00 0.00 1.00 0 0 0 112 1 0 0 0 0 231119 165657.340
8.2259 -1.5484 0.0000 0.00 0.00 1.00 0 0 0 112 1 0 0 0 0 231119 165657.540
8.2557 -1.5625 0.0000 0.00 0.00 1.00 0 0 0 112 1 0 0 0 0 231119 165657.740
8.2875 -1.5755 0.0000 0.00 0.00 1.00 0 0 0 112 1 0 0 0 0 231119 165657.940
8.3191 -1.5915 0.0000 0.00 0.00 1.00 0 0 0 112 1 0 0 0 0 231119 165658.140
8.3484 -1.6042 0.0000 0.00 0.00 1.00 0 0 0 112 1 0 0 0 0 231119 165658.340
8.3806 -1.6155 0.0000 0.00 0.00 1.00 0 0 0 112 1 0 0 0 0 231119 165658.541
8.4125 -1.6286 0.0000 0.00 0.00 1.00 0 0 0 112 1 0 0 0 0 231119 165658.741
8.4427 -1.6437 0.0000 0.00 0.00 1.00 0 0 0 112 1 0 0 0 0 231119 165658.941
8.4722 -1.6579 0.0000 0.00 0.00 1.00 0 0 0 112 1 0 0 0 0 231119 165659.141
8.4995 -1.6718 0.0000 0.00 0.00 1.00 0 0 0 112 1 0 0 0 0 231119 165659.341
8.5345 -1.6795 0.0000 0.00 0.00 1.00 0 0 0 112 1 0 0 0 0 231119 165659.541
8.5658 -1.6937 0.0000 0.00 0.00 1.00 0 0 0 112 1 0 0 0 0 231119 165659.742
8.5955 -1.7059 0.0000 0.00 0.00 1.00 0 0 0 112 1 0 0 0 0 231119 165659.942
8.6266 -1.7174 0.0000 0.00 0.00 1.00 0 0 0 112 1 0 0 0 0 231119 165700.142
8.6576 -1.7325 0.0000 0.00 0.00 1.00 0 0 0 112 1 0 0 0 0 231119 165700.342
8.6893 -1.7434 0.0000 0.00 0.00 1.00 0 0 0 112 1 0 0 0 0 231119 165700.542
8.7162 -1.7571 0.0000 0.00 0.00 1.00 0 0 0 112 1 0 0 0 0 231119 165700.742
8.7346 -1.7735 0.0000 0.00 0.00 1.00 0 0 0 112 1 0 0 0 0 231119 165700.942
8.7699 -1.7851 0.0000 0.00 0.00 1.00 0 0 0 112 1 0 0 0 0 231119 165701.143
8.8017 -1.7979 0.0000 0.00 0.00 1.00 0 0 0 112 1 0 0 0 0 231119 165701.343
8.8329 -1.8106 0.0000 0.00 0.00 1.00 0 0 0 112 1 0 0 0 0 231119 165701.543
8.8630 -1.8247 0.0000 0.00 0.00 1.00 0 0 0 112 1 0 0 0 0 231119 165701.743
8.8994 -1.8359 0.0000 0.00 0.00 1.00 0 0 0 112 1 0 0 0 0 231119 165701.943
8.9360 -1.8461 0.0000 0.00 0.00 1.00 0 0 0 112 1 0 0 0 0 231119 165702.143
8.9720 -1.8590 0.0000 0.00 0.00 1.00 0 0 0 112 1 0 0 0 0 231119 165702.344
9.0058 -1.8700 0.0000 0.00 0.00 1.00 0 0 0 112 1 0 0 0 0 231119 165702.544
9.0374 -1.8823 0.0000 0.00 0.00 1.00 0 0 0 112 1 0 0 0 0 231119 165702.744
9.0692 -1.8952 0.0000 0.00 0.00 1.00 0 0 0 112 1 0 0 0 0 231119 165702.944
9.1000 -1.9092 0.0000 0.00 0.00 1.00 0 0 0 112 1 0 0 0 0 231119 165703.144
9.1292 -1.9205 0.0000 0.00 0.00 1.00 0 0 0 112 1 0 0 0 0 231119 165703.344
9.1583 -1.9335 0.0000 0.00 0.00 1.00 0 0 0 112 1 0 0 0 0 231119 165703.545
9.1900 -1.9441 0.0000 0.00 0.00 1.00 0 94 230 112 1 0 0 0 0 231119 165703.745
9.2196 -1.9581 0.0000 0.00 0.00 1.00 0 101 232 112 1 0 0 0 0 231119 165703.945
9.2483 -1.9700 0.0000 0.00 0.00 1.00 0 73 225 112 1 0 0 0 0 231119 165704.145
9.2761 -1.9830 0.0000 0.00 0.00 1.00 0 74 227 112 1 0 0 0 0 231119 165704.345
9.2991 -1.9953 0.0000 0.00 0.00 1.00 0 228 224 112 1 0 0 0 0 231119 165704.545
9.3218 -2.0043 0.0000 0.00 0.00 1.00 0 115 230 112 1 0 0 0 0 231119 165704.745
9.3462 -2.0182 0.0000 0.00 0.00 1.00 0 236 216 112 1 0 0 0 0 231119 165704.946
9.3735 -2.0267 0.0000 0.00 0.00 1.00 0 226 228 112 1 0 0 0 0 231119 165705.146
9.3945 -2.0383 0.0000 0.00 0.00 1.00 0 69 226 112 1 0 0 0 0 231119 165705.346
9.4223 -2.0472 0.0000 0.00 0.00 1.00 0 144 216 112 1 0 0 0 0 231119 165705.546
9.4504 -2.0615 0.0000 0.00 0.00 1.00 0 143 211 112 1 0 0 0 0 231119 165705.746
9.4757 -2.0682 0.0000 0.00 0.00 1.00 0 241 221 112 1 0 0 0 0 231119 165705.946
9.5020 -2.0764 0.0000 0.00 0.00 1.00 0 239 204 112 1 0 0 0 0 231119 165706.146
9.5262 -2.0826 0.0000 0.00 0.00 1.00 0 79 214 112 1 0 0 0 0 231119 165706.347
9.5513 -2.0884 0.0000 0.00 0.00 1.00 0 16 212 112 1 0 0 0 0 231119 165706.547
9.5747 -2.0988 0.0000 0.00 0.00 1.00 0 0 212 112 1 0 0 0 0 231119 165706.747
9.5991 -2.1017 0.0000 0.00 0.00 1.00 0 191 214 112 1 0 0 0 0 231119 165706.947
9.6248 -2.1050 0.0000 0.00 0.00 1.00 0 26 207 112 1 0 0 0 0 231119 165707.147
9.6475 -2.1062 0.0000 0.00 0.00 1.00 0 138 215 112 1 0 0 0 0 231119 165707.347
9.6686 -2.1158 0.0000 0.00 0.00 1.00 0 4 209 112 1 0 0 0 0 231119 165707.548
9.6988 -2.1224 0.0000 0.00 0.00 1.00 0 7 212 112 1 0 0 0 0 231119 165707.748
9.7265 -2.1308 0.0000 0.00 0.00 1.00 0 153 203 112 1 0 0 0 0 231119 165707.948
9.7529 -2.1337 0.0000 0.00 0.00 1.00 0 239 203 112 1 0 0 0 0 231119 165708.148
9.7798 -2.1366 0.0000 0.00 0.00 1.00 0 194 208 112 1 0 0 0 0 231119 165708.348
9.8009 -2.1357 0.0000 0.00 0.00 1.00 0 12 208 112 1 0 0 0 0 231119 165708.548
9.8236 -2.1418 0.0000 0.00 0.00 1.00 0 48 200 112 1 0 0 0 0 231119 165708.748
9.8504 -2.1445 0.0000 0.00 0.00 1.00 0 88 204 112 1 0 0 0 0 231119 165708.949
9.8729 -2.1496 0.0000 0.00 0.00 1.00 0 50 208 112 1 0 0 0 0 231119 165709.149
9.8972 -2.1482 0.0000 0.00 0.00 1.00 0 215 212 112 1 0 0 0 0 231119 165709.349
9.9192 -2.1499 0.0000 0.00 0.00 1.00 0 160 207 112 1 0 0 0 0 231119 165709.549
9.9455 -2.1446 0.0000 0.00 0.00 1.00 0 52 204 112 1 0 0 0 0 231119 165709.749
9.9680 -2.1491 0.0000 0.00 0.00 1.00 0 11 199 112 1 0 0 0 0 231119 165709.949
9.9877 -2.1516 0.0000 0.00 0.00 1.00 0 241 208 112 1 0 0 0 0 231119 165710.149
10.0073 -2.1560 0.0000 0.00 0.00 1.00 0 26 199 112 1 0 0 0 0 231119 165710.350
10.0307 -2.1502 0.0000 0.00 0.00 1.00 0 147 250 112 1 0 0 0 0 231119 165710.550
10.0542 -2.1541 0.0000 0.00 0.00 1.00 0 74 187 112 1 0 0 0 0 231119 165710.750
10.0693 -2.1563 0.0000 0.00 0.00 1.00 0 80 200 112 1 0 0 0 0 231119 165710.950
10.0927 -2.1545 0.0000 0.00 0.00 1.00 0 60 202 112 1 0 0 0 0 231119 165711.150
10.1088 -2.1547 0.0000 0.00 0.00 1.00 0 132 201 112 1 0 0 0 0 231119 165711.350
10.1305 -2.1553 0.0000 0.00 0.00 1.00 0 139 195 112 1 0 0 0 0 231119 165711.550
10.1465 -2.1515 0.0000 0.00 0.00 1.00 0 32 202 112 1 0 0 0 0 231119 165711.751
10.1697 -2.1517 0.0000 0.00 0.00 1.00 0 222 195 112 1 0 0 0 0 231119 165711.951
10.1910 -2.1505 0.0000 0.00 0.00 1.00 0 208 191 112 1 0 0 0 0 231119 165712.151
10.2117 -2.1485 0.0000 0.00 0.00 1.00 0 139 196 112 1 0 0 0 0 231119 165712.351
10.2286 -2.1469 0.0000 0.00 0.00 1.00 0 227 197 112 1 0 0 0 0 231119 165712.551
10.2455 -2.1439 0.0000 0.00 0.00 1.00 0 184 203 112 1 0 0 0 0 231119 165712.751
10.2672 -2.1400 0.0000 0.00 0.00 1.00 0 59 194 112 1 0 0 0 0 231119 165712.951
10.2804 -2.1360 0.0000 0.00 0.00 1.00 0 191 202 112 1 0 0 0 0 231119 165713.151
10.2957 -2.1326 0.0000 0.00 0.00 1.00 0 205 193 112 1 0 0 0 0 231119 165713.352
10.3086 -2.1268 0.0000 0.00 0.00 1.00 0 214 198 112 1 0 0 0 0 231119 165713.552
10.3264 -2.1230 0.0000 0.00 0.00 1.00 0 142 197 112 1 0 0 0 0 231119 165713.752
10.3435 -2.1238 0.0000 0.00 0.00 1.00 0 35 193 112 1 0 0 0 0 231119 165713.952
10.3655 -2.1126 0.0000 0.00 0.00 1.00 0 132 210 112 1 0 0 0 0 231119 165714.152
10.3832 -2.1056 0.0000 0.00 0.00 1.00 0 20 198 112 1 0 0 0 0 231119 165714.352
10.4039 -2.1024 0.0000 0.00 0.00 1.00 0 93 186 112 1 0 0 0 0 231119 165714.553
10.4221 -2.0922 0.0000 0.00 0.00 1.00 0 57 203 112 1 0 0 0 0 231119 165714.753
10.4417 -2.0777 0.0000 0.00 0.00 1.00 0 165 201 112 1 0 0 0 0 231119 165714.953
10.4642 -2.0643 0.0000 0.00 0.00 1.00 0 248 195 112 1 0 0 0 0 231119 165715.153
10.4864 -2.0540 0.0000 0.00 0.00 1.00 0 249 190 112 1 0 0 0 0 231119 165715.353
10.5072 -2.0402 0.0000 0.00 0.00 1.00 0 167 202 112 1 0 0 0 0 231119 165715.553
10.5209 -2.0301 0.0000 0.00 0.00 1.00 0 111 196 112 1 0 0 0 0 231119 165715.754
10.5339 -2.0162 0.0000 0.00 0.00 1.00 0 241 200 112 1 0 0 0 0 231119 165715.954
10.5525 -1.9965 0.0000 0.00 0.00 1.00 0 209 206 112 1 0 0 0 0 231119 165716.154
10.5721 -1.9811 0.0000 0.00 0.00 1.00 0 94 206 112 1 0 0 0 0 231119 165716.354
10.5851 -1.9677 0.0000 0.00 0.00 1.00 0 215 211 112 1 0 0 0 0 231119 165716.554
10.5955 -1.9491 0.0000 0.00 0.00 1.00 0 167 213 112 1 0 0 0 0 231119 165716.754
10.6117 -1.9342 0.0000 0.00 0.00 1.00 0 111 202 112 1 0 0 0 0 231119 165716.954
10.6325 -1.9119 0.0000 0.00 0.00 1.00 0 203 196 112 1 0 0 0 0 231119 165717.155
10.6556 -1.8916 0.0000 0.00 0.00 1.00 0 20 195 112 1 0 0 0 0 231119 165717.355
10.6689 -1.8779 0.0000 0.00 0.00 1.00 0 88 207 112 1 0 0 0 0 231119 165717.555
10.6869 -1.8608 0.0000 0.00 0.00 1.00 0 232 207 112 1 0 0 0 0 231119 165717.755
10.7024 -1.8491 0.0000 0.00 0.00 1.00 0 147 194 112 1 0 0 0 0 231119 165717.955
10.7203 -1.8246 0.0000 0.00 0.00 1.00 0 68 207 112 1 0 0 0 0 231119 165718.155
10.7425 -1.8033 0.0000 0.00 0.00 1.00 0 76 202 112 1 0 0 0 0 231119 165718.355
10.7590 -1.7839 0.0000 0.00 0.00 1.00 0 59 207 112 1 0 0 0 0 231119 165718.556
10.7743 -1.7644 0.0000 0.00 0.00 1.00 0 35 208 112 1 0 0 0 0 231119 165718.756
10.7962 -1.7365 0.0000 0.00 0.00 1.00 0 208 211 112 1 0 0 0 0 231119 165718.956
10.8176 -1.7109 0.0000 0.00 0.00 1.00 0 57 204 112 1 0 0 0 0 231119 165719.156
10.8351 -1.6860 0.0000 0.00 0.00 1.00 0 131 207 112 1 0 0 0 0 231119 165719.356
10.8525 -1.6620 0.0000 0.00 0.00 1.00 0 19 210 112 1 0 0 0 0 231119 165719.556
10.8615 -1.6423 0.0000 0.00 0.00 1.00 0 50 215 112 1 0 0 0 0 231119 165719.756
10.8746 -1.6223 0.0000 0.00 0.00 1.00 0 35 208 112 1 0 0 0 0 231119 165719.957
10.8865 -1.5998 0.0000 0.00 0.00 1.00 0 24 209 112 1 0 0 0 0 231119 165720.157
10.9010 -1.5773 0.0000 0.00 0.00 1.00 0 113 208 112 1 0 0 0 0 231119 165720.357
10.9108 -1.5636 0.0000 0.00 0.00 1.00 0 140 207 112 1 0 0 0 0 231119 165720.557
10.9194 -1.5425 0.0000 0.00 0.00 1.00 0 157 211 112 1 0 0 0 0 231119 165720.757
10.9255 -1.5235 0.0000 0.00 0.00 1.00 0 68 211 112 1 0 0 0 0 231119 165720.957
10.9369 -1.4991 0.0000 0.00 0.00 1.00 0 156 213 112 1 0 0 0 0 231119 165721.157
10.9465 -1.4753 0.0000 0.00 0.00 1.00 0 163 211 112 1 0 0 0 0 231119 165721.358
10.9603 -1.4501 0.0000 0.00 0.00 1.00 0 77 212 112 1 0 0 0 0 231119 165721.558
10.9692 -1.4250 0.0000 0.00 0.00 1.00 0 171 220 112 1 0 0 0 0 231119 165721.758
10.9740 -1.4040 0.0000 0.00 0.00 1.00 0 21 221 112 1 0 0 0 0 231119 165721.958
10.9859 -1.3781 0.0000 0.00 0.00 1.00 0 147 220 112 1 0 0 0 0 231119 165722.158
10.9951 -1.3501 0.0000 0.00 0.00 1.00 0 134 222 112 1 0 0 0 0 231119 165722.358
11.0035 -1.3243 0.0000 0.00 0.00 1.00 0 12 222 112 1 0 0 0 0 231119 165722.558
11.0110 -1.2982 0.0000 0.00 0.00 1.00 0 147 231 112 1 0 0 0 0 231119 165722.759
11.0166 -1.2715 0.0000 0.00 0.00 1.00 0 124 218 112 1 0 0 0 0 231119 165722.959
11.0222 -1.2452 0.0000 0.00 0.00 1.00 0 164 221 112 1 0 0 0 0 231119 165723.159
11.0272 -1.2154 0.0000 0.00 0.00 1.00 0 86 219 112 1 0 0 0 0 231119 165723.359
11.0291 -1.1882 0.0000 0.00 0.00 1.00 0 176 225 112 1 0 0 0 0 231119 165723.559
11.0342 -1.1610 0.0000 0.00 0.00 1.00 0 161 234 112 1 0 0 0 0 231119 165723.759
11.0435 -1.1363 0.0000 0.00 0.00 1.00 0 26 215 112 1 0 0 0 0 231119 165723.959
11.0462 -1.1090 0.0000 0.00 0.00 1.00 0 4 233 112 1 0 0 0 0 231119 165724.160
11.0498 -1.0802 0.0000 0.00 0.00 1.00 0 108 235 112 1 0 0 0 0 231119 165724.360
11.0536 -1.0561 0.0000 0.00 0.00 1.00 0 195 234 112 1 0 0 0 0 231119 165724.560
11.0573 -1.0267 0.0000 0.00 0.00 1.00 0 82 245 112 1 0 0 0 0 231119 165724.760
11.0594 -0.9972 0.0000 0.00 0.00 1.00 0 159 239 112 1 0 0 0 0 231119 165724.960
11.0611 -0.9702 0.0000 0.00 0.00 1.00 0 152 238 112 1 0 0 0 0 231119 165725.160
11.0604 -0.9338 0.0000 0.00 0.00 1.00 0 194 238 112 1 0 0 0 0 231119 165725.360
11.0611 -0.9063 0.0000 0.00 0.00 1.00 0 92 244 112 1 0 0 0 0 231119 165725.561
11.0628 -0.8788 0.0000 0.00 0.00 1.00 0 207 246 112 1 0 0 0 0 231119 165725.761
11.0586 -0.8492 0.0000 0.00 0.00 1.00 0 150 245 112 1 0 0 0 0 231119 165725.961
11.0597 -0.8125 0.0000 0.00 0.00 1.00 0 152 253 112 1 0 0 0 0 231119 165726.161
11.0598 -0.7797 0.0000 0.00 0.00 1.00 0 214 245 112 1 0 0 0 0 231119 165726.361
11.0620 -0.7453 0.0000 0.00 0.00 1.00 0 240 253 112 1 0 0 0 0 231119 165726.561
11.0675 -0.7142 0.0000 0.00 0.00 1.00 0 102 246 112 1 0 0 0 0 231119 165726.761
11.0679 -0.6806 0.0000 0.00 0.00 1.00 0 230 1 112 1 0 0 0 0 231119 165726.962
11.0667 -0.6480 0.0000 0.00 0.00 1.00 0 32 2 112 1 0 0 0 0 231119 165727.162
11.0648 -0.6149 0.0000 0.00 0.00 1.00 0 147 8 112 1 0 0 0 0 231119 165727.362
11.0640 -0.5790 0.0000 0.00 0.00 1.00 0 16 8 112 1 0 0 0 0 231119 165727.562
11.0639 -0.5453 0.0000 0.00 0.00 1.00 0 0 0 112 1 0 0 0 0 231119 165727.762
11.0667 -0.5164 0.0000 0.00 0.00 1.00 0 0 0 112 1 0 0 0 0 231119 165727.962
11.0641 -0.4849 0.0000 0.00 0.00 1.00 0 0 0 112 1 0 0 0 0 231119 165728.162
11.0634 -0.4534 0.0000 0.00 0.00 1.00 0 0 0 112 1 0 0 0 0 231119 165728.363
11.0646 -0.4205 0.0000 0.00 0.00 1.00 0 0 0 112 1 0 0 0 0 231119 165728.563
11.0645 -0.3867 0.0000 0.00 0.00 1.00 0 0 0 112 1 0 0 0 0 231119 165728.763
11.0657 -0.3565 0.0000 0.00 0.00 1.00 0 0 0 112 1 0 0 0 0 231119 165728.963
11.0652 -0.3307 0.0000 0.00 0.00 1.00 0 0 0 112 1 0 0 0 0 231119 165729.163
11.0652 -0.3001 0.0000 0.00 0.00 1.00 0 0 0 112 1 0 0 0 0 231119 165729.363
11.0647 -0.2693 0.0000 0.00 0.00 1.00 0 0 0 112 1 0 0 0 0 231119 165729.563
11.0639 -0.2414 0.0000 0.00 0.00 1.00 0 0 0 112 1 0 0 0 0 231119 165729.764
11.0673 -0.2106 0.0000 0.00 0.00 1.00 0 0 0 112 1 0 0 0 0 231119 165729.964
11.0645 -0.1768 0.0000 0.00 0.00 1.00 0 0 0 112 1 0 0 0 0 231119 165730.164
11.0611 -0.1483 0.0000 0.00 0.00 1.00 0 169 28 112 1 0 0 0 0 231119 165730.364
11.0604 -0.1136 0.0000 0.00 0.00 1.00 0 55 29 112 1 0 0 0 0 231119 165730.564
11.0576 -0.0823 0.0000 0.00 0.00 1.00 0 164 28 112 1 0 0 0 0 231119 165730.764
11.0624 -0.0580 0.0000 0.00 0.00 1.00 0 43 19 112 1 0 0 0 0 231119 165730.965
11.0624 -0.0320 0.0000 0.00 0.00 1.00 0 49 25 112 1 0 0 0 0 231119 165731.165
11.0644 0.0015 0.0000 0.00 0.00 1.00 0 70 30 112 1 0 0 0 0 231119 165731.365
11.0616 0.0286 0.0000 0.00 0.00 1.00 0 36 32 112 1 0 0 0 0 231119 165731.565
11.0629 0.0550 0.0000 0.00 0.00 1.00 0 80 28 112 1 0 0 0 0 231119 165731.765
11.0662 0.0803 0.0000 0.00 0.00 1.00 0 119 36 112 1 0 0 0 0 231119 165731.965
11.0673 0.1128 0.0000 0.00 0.00 1.00 0 0 41 112 1 0 0 0 0 231119 165732.165
11.0725 0.1429 0.0000 0.00 0.00 1.00 0 98 32 112 1 0 0 0 0 231119 165732.365
11.0708 0.1744 0.0000 0.00 0.00 1.00 0 17 35 112 1 0 0 0 0 231119 165732.566
11.0750 0.2025 0.0000 0.00 0.00 1.00 0 245 39 112 1 0 0 0 0 231119 165732.766
11.0797 0.2319 0.0000 0.00 0.00 1.00 0 141 33 112 1 0 0 0 0 231119 165732.966
11.0860 0.2604 0.0000 0.00 0.00 1.00 0 27 42 112 1 0 0 0 0 231119 165733.166
11.0846 0.2882 0.0000 0.00 0.00 1.00 0 67 39 112 1 0 0 0 0 231119 165733.366
11.0888 0.3136 0.0000 0.00 0.00 1.00 0 199 36 112 1 0 0 0 0 231119 165733.566
11.0949 0.3395 0.0000 0.00 0.00 1.00 0 75 41 112 1 0 0 0 0 231119 165733.767
11.1000 0.3664 0.0000 0.00 0.00 1.00 0 68 38 112 1 0 0 0 0 231119 165733.967
11.1023 0.3948 0.0000 0.00 0.00 1.00 0 140 41 112 1 0 0 0 0 231119 165734.167
11.1064 0.4151 0.0000 0.00 0.00 1.00 0 48 32 112 1 0 0 0 0 231119 165734.367
11.1144 0.4415 0.0000 0.00 0.00 1.00 0 215 40 112 1 0 0 0 0 231119 165734.567
11.1199 0.4666 0.0000 0.00 0.00 1.00 0 255 40 112 1 0 0 0 0 231119 165734.767
11.1275 0.4922 0.0000 0.00 0.00 1.00 0 37 35 112 1 0 0 0 0 231119 165734.967
11.1291 0.5154 0.0000 0.00 0.00 1.00 0 73 43 112 1 0 0 0 0 231119 165735.168
11.1338 0.5378 0.0000 0.00 0.00 1.00 0 226 35 112 1 0 0 0 0 231119 165735.368
11.1449 0.5637 0.0000 0.00 0.00 1.00 0 129 35 112 1 0 0 0 0 231119 165735.568
11.1487 0.5882 0.0000 0.00 0.00 1.00 0 184 39 112 1 0 0 0 0 231119 165735.768
11.1598 0.6182 0.0000 0.00 0.00 1.00 0 38 43 112 1 0 0 0 0 231119 165735.968
11.1726 0.6456 0.0000 0.00 0.00 1.00 0 201 38 112 1 0 0 0 0 231119 165736.168
11.1868 0.6753 0.0000 0.00 0.00 1.00 0 134 42 112 1 0 0 0 0 231119 165736.368
11.1991 0.6994 0.0000 0.00 0.00 1.00 0 176 36 112 1 0 0 0 0 231119 165736.569
11.2077 0.7190 0.0000 0.00 0.00 1.00 0 152 37 112 1 0 0 0 0 231119 165736.769
11.2222 0.7451 0.0000 0.00 0.00 1.00 0 102 36 112 1 0 0 0 0 231119 165736.969
11.2308 0.7722 0.0000 0.00 0.00 1.00 0 145 43 112 1 0 0 0 0 231119 165737.169
11.2420 0.7976 0.0000 0.00 0.00 1.00 0 10 44 112 1 0 0 0 0 231119 165737.369
11.2547 0.8248 0.0000 0.00 0.00 1.00 0 16 45 112 1 0 0 0 0 231119 165737.570
11.2687 0.8464 0.0000 0.00 0.00 1.00 0 231 38 112 1 0 0 0 0 231119 165737.770
11.2727 0.8645 0.0000 0.00 0.00 1.00 0 33 44 112 1 0 0 0 0 231119 165737.970
11.2750 0.8807 0.0000 0.00 0.00 1.00 0 242 44 112 1 0 0 0 0 231119 165738.170
11.2805 0.9030 0.0000 0.00 0.00 1.00 0 226 52 112 1 0 0 0 0 231119 165738.370
11.2818 0.9188 0.0000 0.00 0.00 1.00 0 142 48 112 1 0 0 0 0 231119 165738.571
11.2917 0.9405 0.0000 0.00 0.00 1.00 0 45 43 112 1 0 0 0 0 231119 165738.771
11.3058 0.9652 0.0000 0.00 0.00 1.00 0 49 40 112 1 0 0 0 0 231119 165738.971
11.3185 0.9862 0.0000 0.00 0.00 1.00 0 63 36 112 1 0 0 0 0 231119 165739.171
11.3373 1.0154 0.0000 0.00 0.00 1.00 0 255 127 112 1 0 0 0 0 231119 165739.371
