-0.1493 1.3090 -0.0885 0.00 0.00 1.00 0 184 23 112 1 0 0 0 0 191119 124314.047
-0.1625 1.3750 -0.0883 0.00 0.00 1.00 0 177 14 112 1 0 0 0 0 191119 124314.248
-0.1893 1.4871 -0.0878 0.00 0.00 1.00 0 48 15 112 1 0 0 0 0 191119 124314.448
-0.2099 1.5739 -0.0873 0.00 0.00 1.00 0 71 19 112 1 0 0 0 0 191119 124314.648
-0.2274 1.6410 -0.0864 0.00 0.00 1.00 0 60 22 112 1 0 0 0 0 191119 124314.849
-0.2556 1.7496 -0.0870 0.00 0.00 1.00 0 15 15 112 1 0 0 0 0 191119 124315.049
-0.2768 1.8367 -0.0871 0.00 0.00 1.00 0 199 21 112 1 0 0 0 0 191119 124315.249
-0.2937 1.9048 -0.0876 0.00 0.00 1.00 0 63 22 112 1 0 0 0 0 191119 124315.450
-0.3314 1.9996 -0.0929 0.00 0.00 1.00 0 21 31 112 1 0 0 0 0 191119 124315.650
-0.3627 2.0535 -0.0891 0.00 0.00 1.00 0 240 28 112 1 0 0 0 0 191119 124315.850
-0.4175 2.1432 -0.0923 0.00 0.00 1.00 0 222 39 112 1 0 0 0 0 191119 124316.051
-0.4452 2.2008 -0.0940 0.00 0.00 1.00 0 127 23 112 1 0 0 0 0 191119 124316.251
-0.4786 2.3157 -0.0974 0.00 0.00 1.00 0 215 15 112 1 0 0 0 0 191119 124316.451
-0.4991 2.4082 -0.1006 0.00 0.00 1.00 0 114 23 112 1 0 0 0 0 191119 124316.652
-0.5392 2.5161 -0.1002 0.00 0.00 1.00 0 103 228 112 1 0 0 0 0 191119 124316.852
