-22.0896 15.5405 -0.2975 0.00 0.00 1.00 0 225 221 112 1 0 0 0 0 030619 155259.547
-22.0996 15.4268 -0.2953 0.00 0.00 1.00 0 158 221 112 1 0 0 0 0 030619 155259.747
-22.1058 15.3388 -0.2958 0.00 0.00 1.00 0 115 221 112 1 0 0 0 0 030619 155259.947
-22.1106 15.2723 -0.2956 0.00 0.00 1.00 0 82 221 112 1 0 0 0 0 030619 155300.148
-22.1164 15.1791 -0.2938 0.00 0.00 1.00 0 41 221 112 1 0 0 0 0 030619 155300.348
-22.1221 15.0883 -0.2917 0.00 0.00 1.00 0 0 221 112 1 0 0 0 0 030619 155300.549
-22.1304 14.9985 -0.2884 0.00 0.00 1.00 0 201 220 112 1 0 0 0 0 030619 155300.749
-22.1390 14.8850 -0.2891 0.00 0.00 1.00 0 142 220 112 1 0 0 0 0 030619 155300.949
-22.1456 14.7935 -0.2858 0.00 0.00 1.00 0 97 220 112 1 0 0 0 0 030619 155301.149
-22.1513 14.7053 -0.2845 0.00 0.00 1.00 0 56 220 112 1 0 0 0 0 030619 155301.350
-22.1550 14.6357 -0.2845 0.00 0.00 1.00 0 27 220 112 1 0 0 0 0 030619 155301.550
-22.1610 14.5449 -0.2815 0.00 0.00 1.00 0 234 219 112 1 0 0 0 0 030619 155301.750
-22.1671 14.4523 -0.2803 0.00 0.00 1.00 0 186 219 112 1 0 0 0 0 030619 155301.951
-22.1747 14.3610 -0.2783 0.00 0.00 1.00 0 129 219 112 1 0 0 0 0 030619 155302.151
-22.1805 14.2467 -0.2749 0.00 0.00 1.00 0 78 219 112 1 0 0 0 0 030619 155302.351
-22.1876 14.1561 -0.2735 0.00 0.00 1.00 0 24 219 112 1 0 0 0 0 030619 155302.552
-22.1943 14.0663 -0.2715 0.00 0.00 1.00 0 228 218 112 1 0 0 0 0 030619 155302.752
-22.1989 13.9529 -0.2702 0.00 0.00 1.00 0 184 218 112 1 0 0 0 0 030619 155302.952
-22.2033 13.8590 -0.2683 0.00 0.00 1.00 0 145 218 112 1 0 0 0 0 030619 155303.153
-22.2063 13.7904 -0.2667 0.00 0.00 1.00 0 117 218 112 1 0 0 0 0 030619 155303.353
-22.2114 13.6978 -0.2644 0.00 0.00 1.00 0 74 218 112 1 0 0 0 0 030619 155303.553
-22.2157 13.6066 -0.2617 0.00 0.00 1.00 0 32 218 112 1 0 0 0 0 030619 155303.753
-22.2198 13.4936 -0.2587 0.00 0.00 1.00 0 240 217 112 1 0 0 0 0 030619 155303.954
-22.2250 13.4034 -0.2581 0.00 0.00 1.00 0 191 217 112 1 0 0 0 0 030619 155304.154
-22.2270 13.3361 -0.2575 0.00 0.00 1.00 0 165 217 112 1 0 0 0 0 030619 155304.354
-22.2326 13.2464 -0.2574 0.00 0.00 1.00 0 113 217 112 1 0 0 0 0 030619 155304.555
-22.2382 13.1326 -0.2570 0.00 0.00 1.00 0 57 217 112 1 0 0 0 0 030619 155304.755
-22.2436 13.0427 -0.2548 0.00 0.00 1.00 0 7 217 112 1 0 0 0 0 030619 155304.955
-22.2456 12.9511 -0.2540 0.00 0.00 1.00 0 231 216 112 1 0 0 0 0 030619 155305.156
-22.2520 12.8606 -0.2526 0.00 0.00 1.00 0 175 216 112 1 0 0 0 0 030619 155305.356
-22.2550 12.7920 -0.2521 0.00 0.00 1.00 0 143 216 112 1 0 0 0 0 030619 155305.556
-22.2587 12.7043 -0.2517 0.00 0.00 1.00 0 102 216 112 1 0 0 0 0 030619 155305.757
-22.2628 12.5872 -0.2490 0.00 0.00 1.00 0 51 216 112 1 0 0 0 0 030619 155305.957
-22.2662 12.4968 -0.2488 0.00 0.00 1.00 0 7 216 112 1 0 0 0 0 030619 155306.157
-22.2689 12.4037 -0.2466 0.00 0.00 1.00 0 221 215 112 1 0 0 0 0 030619 155306.357
-22.2733 12.3345 -0.2458 0.00 0.00 1.00 0 176 215 112 1 0 0 0 0 030619 155306.558
-22.2749 12.2454 -0.2424 0.00 0.00 1.00 0 142 215 112 1 0 0 0 0 030619 155306.758
-22.2804 12.1315 -0.2417 0.00 0.00 1.00 0 79 215 112 1 0 0 0 0 030619 155306.958
-22.2840 12.0421 -0.2410 0.00 0.00 1.00 0 33 215 112 1 0 0 0 0 030619 155307.159
-22.2864 11.9531 -0.2415 0.00 0.00 1.00 0 251 214 112 1 0 0 0 0 030619 155307.359
-22.2898 11.8597 -0.2392 0.00 0.00 1.00 0 205 214 112 1 0 0 0 0 030619 155307.559
-22.2940 11.7906 -0.2381 0.00 0.00 1.00 0 162 214 112 1 0 0 0 0 030619 155307.760
-22.2970 11.6998 -0.2359 0.00 0.00 1.00 0 119 214 112 1 0 0 0 0 030619 155307.960
-22.2990 11.6090 -0.2343 0.00 0.00 1.00 0 82 214 112 1 0 0 0 0 030619 155308.160
-22.3019 11.4702 -0.2310 0.00 0.00 1.00 0 17 214 112 1 0 0 0 0 030619 155308.361
-22.3059 11.4030 -0.2324 0.00 0.00 1.00 0 226 213 112 1 0 0 0 0 030619 155308.561
-22.3073 11.3350 -0.2315 0.00 0.00 1.00 0 194 213 112 1 0 0 0 0 030619 155308.761
-22.3108 11.2427 -0.2298 0.00 0.00 1.00 0 141 213 112 1 0 0 0 0 030619 155308.961
-22.3150 11.1043 -0.2274 0.00 0.00 1.00 0 68 213 112 1 0 0 0 0 030619 155309.162
-22.3150 11.0355 -0.2273 0.00 0.00 1.00 0 43 213 112 1 0 0 0 0 030619 155309.362
-22.3196 10.9451 -0.2268 0.00 0.00 1.00 0 241 212 112 1 0 0 0 0 030619 155309.562
-22.3194 10.8773 -0.2250 0.00 0.00 1.00 0 218 212 112 1 0 0 0 0 030619 155309.762
-22.3215 10.7633 -0.2242 0.00 0.00 1.00 0 165 212 112 1 0 0 0 0 030619 155309.963
-22.3230 10.6733 -0.2256 0.00 0.00 1.00 0 124 212 112 1 0 0 0 0 030619 155310.163
-22.3247 10.6036 -0.2252 0.00 0.00 1.00 0 89 212 112 1 0 0 0 0 030619 155310.364
-22.3269 10.4641 -0.2204 0.00 0.00 1.00 0 20 212 112 1 0 0 0 0 030619 155310.564
-22.3288 10.3955 -0.2181 0.00 0.00 1.00 0 236 211 112 1 0 0 0 0 030619 155310.764
-22.3327 10.3041 -0.2177 0.00 0.00 1.00 0 175 211 112 1 0 0 0 0 030619 155310.965
-22.3330 10.2355 -0.2174 0.00 0.00 1.00 0 144 211 112 1 0 0 0 0 030619 155311.165
-22.3365 10.0972 -0.2170 0.00 0.00 1.00 0 65 211 112 1 0 0 0 0 030619 155311.365
-22.3351 10.0303 -0.2182 0.00 0.00 1.00 0 44 211 112 1 0 0 0 0 030619 155311.566
-22.3361 9.9619 -0.2180 0.00 0.00 1.00 0 9 211 112 1 0 0 0 0 030619 155311.766
-22.3384 9.8201 -0.2150 0.00 0.00 1.00 0 191 210 112 1 0 0 0 0 030619 155311.966
-22.3387 9.7513 -0.2151 0.00 0.00 1.00 0 160 210 112 1 0 0 0 0 030619 155312.166
-22.3400 9.6587 -0.2131 0.00 0.00 1.00 0 113 210 112 1 0 0 0 0 030619 155312.367
-22.3398 9.5910 -0.2107 0.00 0.00 1.00 0 85 210 112 1 0 0 0 0 030619 155312.567
-22.3422 9.4788 -0.2080 0.00 0.00 1.00 0 22 210 112 1 0 0 0 0 030619 155312.767
-22.3449 9.3902 -0.2081 0.00 0.00 1.00 0 220 209 112 1 0 0 0 0 030619 155312.968
-22.3470 9.3213 -0.2084 0.00 0.00 1.00 0 175 209 112 1 0 0 0 0 030619 155313.168
-22.3484 9.2061 -0.2077 0.00 0.00 1.00 0 112 209 112 1 0 0 0 0 030619 155313.368
-22.3479 9.1152 -0.2060 0.00 0.00 1.00 0 70 209 112 1 0 0 0 0 030619 155313.569
-22.3473 9.0467 -0.2055 0.00 0.00 1.00 0 40 209 112 1 0 0 0 0 030619 155313.769
-22.3466 8.9309 -0.2031 0.00 0.00 1.00 0 244 208 112 1 0 0 0 0 030619 155313.969
-22.3467 8.8396 -0.2015 0.00 0.00 1.00 0 199 208 112 1 0 0 0 0 030619 155314.170
-22.3493 8.7728 -0.2024 0.00 0.00 1.00 0 153 208 112 1 0 0 0 0 030619 155314.370
-22.3519 8.6870 -0.2019 0.00 0.00 1.00 0 96 208 112 1 0 0 0 0 030619 155314.570
