-0.6175 -0.0548 0.0000 0.00 0.00 1.00 0
-0.8212 -0.0596 0.0000 0.00 0.00 1.00 0
-1.0236 -0.0697 0.0000 0.00 0.00 1.00 0
-1.2294 -0.0710 0.0000 0.00 0.00 1.00 0
-1.4341 -0.0751 0.0000 0.00 0.00 1.00 0
-1.6370 -0.0900 0.0000 0.00 0.00 1.00 0
-1.8434 -0.1007 0.0000 0.00 0.00 1.00 0
-2.0451 -0.1082 0.0000 0.00 0.00 1.00 0
-2.2549 -0.1166 0.0000 0.00 0.00 1.00 0
-2.4560 -0.1237 0.0000 0.00 0.00 1.00 0
-2.6660 -0.1312 0.0000 0.00 0.00 1.00 0
-2.8701 -0.1385 0.0000 0.00 0.00 1.00 0
-3.0714 -0.1463 0.0000 0.00 0.00 1.00 0
-3.2822 -0.1570 0.0000 0.00 0.00 1.00 0
-3.4829 -0.1719 0.0000 0.00 0.00 1.00 0
-3.6874 -0.1815 0.0000 0.00 0.00 1.00 0
-3.8946 -0.2020 0.0000 0.00 0.00 1.00 0
-4.0997 -0.2132 0.0000 0.00 0.00 1.00 0
-4.3012 -0.2284 0.0000 0.00 0.00 1.00 0
-4.5090 -0.2517 0.0000 0.00 0.00 1.00 0
-4.7138 -0.2768 0.0000 0.00 0.00 1.00 0
-4.9149 -0.3231 0.0000 0.00 0.00 1.00 0
-5.1086 -0.3951 0.0000 0.00 0.00 1.00 0
-5.2924 -0.4811 0.0000 0.00 0.00 1.00 0
-5.4572 -0.5983 0.0000 0.00 0.00 1.00 0
-5.5903 -0.7663 0.0000 0.00 0.00 1.00 0
-5.6930 -0.9389 0.0000 0.00 0.00 1.00 0
-5.7672 -1.1370 0.0000 0.00 0.00 1.00 0
-5.8251 -1.3378 0.0000 0.00 0.00 1.00 0
-5.8244 -1.5442 0.0000 0.00 0.00 1.00 0
-5.8256 -1.7531 0.0000 0.00 0.00 1.00 0
-5.8161 -1.9582 0.0000 0.00 0.00 1.00 0
-5.8038 -2.1678 0.0000 0.00 0.00 1.00 0
-5.7860 -2.3811 0.0000 0.00 0.00 1.00 0
-5.7831 -2.5921 0.0000 0.00 0.00 1.00 0
-5.7429 -2.7889 0.0000 0.00 0.00 1.00 0
-5.6836 -3.0044 0.0000 0.00 0.00 1.00 0
-5.6142 -3.2039 0.0000 0.00 0.00 1.00 0
-5.5026 -3.3877 0.0000 0.00 0.00 1.00 0
-5.3812 -3.5515 0.0000 0.00 0.00 1.00 0
-5.2583 -3.7128 0.0000 0.00 0.00 1.00 0
-5.1058 -3.8480 0.0000 0.00 0.00 1.00 0
-4.9463 -3.9912 0.0000 0.00 0.00 1.00 0
-4.7800 -4.1196 0.0000 0.00 0.00 1.00 0
-4.6151 -4.2354 0.0000 0.00 0.00 1.00 0
-4.4318 -4.3310 0.0000 0.00 0.00 1.00 0
-4.2399 -4.4031 0.0000 0.00 0.00 1.00 0
-4.0385 -4.4753 0.0000 0.00 0.00 1.00 0
-3.8337 -4.5255 0.0000 0.00 0.00 1.00 0
-3.6306 -4.5455 0.0000 0.00 0.00 1.00 0
-3.4137 -4.5463 0.0000 0.00 0.00 1.00 0
-3.2062 -4.5198 0.0000 0.00 0.00 1.00 0
-3.0070 -4.4989 0.0000 0.00 0.00 1.00 0
-2.7972 -4.4689 0.0000 0.00 0.00 1.00 0
-2.5860 -4.4544 0.0000 0.00 0.00 1.00 0
-2.3775 -4.4392 0.0000 0.00 0.00 1.00 0
-2.1743 -4.4346 0.0000 0.00 0.00 1.00 0
-1.9736 -4.4091 0.0000 0.00 0.00 1.00 0
-1.7586 -4.4012 0.0000 0.00 0.00 1.00 0
-1.5470 -4.3878 0.0000 0.00 0.00 1.00 0
-1.3264 -4.3642 0.0000 0.00 0.00 1.00 0
-1.1277 -4.3216 0.0000 0.00 0.00 1.00 0
-0.9248 -4.2741 0.0000 0.00 0.00 1.00 0
-0.7278 -4.2190 0.0000 0.00 0.00 1.00 0
-0.5453 -4.1100 0.0000 0.00 0.00 1.00 0
-0.3787 -3.9885 0.0000 0.00 0.00 1.00 0
-0.2454 -3.8296 0.0000 0.00 0.00 1.00 0
-0.1166 -3.6606 0.0000 0.00 0.00 1.00 0
-0.0031 -3.4895 0.0000 0.00 0.00 1.00 0
0.0508 -3.2945 0.0000 0.00 0.00 1.00 0
0.1258 -3.1048 0.0000 0.00 0.00 1.00 0
0.1646 -2.8977 0.0000 0.00 0.00 1.00 0
0.1793 -2.6952 0.0000 0.00 0.00 1.00 0
0.2050 -2.4877 0.0000 0.00 0.00 1.00 0
0.2265 -2.2836 0.0000 0.00 0.00 1.00 0
0.2517 -2.0756 0.0000 0.00 0.00 1.00 0
0.2715 -1.8614 0.0000 0.00 0.00 1.00 0
0.2998 -1.6582 0.0000 0.00 0.00 1.00 0
0.2884 -1.4508 0.0000 0.00 0.00 1.00 0
0.2913 -1.2488 0.0000 0.00 0.00 1.00 0
0.2626 -1.0349 0.0000 0.00 0.00 1.00 0
0.2506 -0.8314 0.0000 0.00 0.00 1.00 0
0.2307 -0.6165 0.0000 0.00 0.00 1.00 0
