-0.0693 -0.0018 0.0000 0.00 0.00 1.00 0
-0.0692 -0.0018 0.0000 0.00 0.00 1.00 0
-0.0718 -0.0012 0.0000 0.00 0.00 1.00 0
-0.0722 -0.0010 0.0000 0.00 0.00 1.00 0
-0.0725 -0.0009 0.0000 0.00 0.00 1.00 0
-0.0693 -0.0001 0.0000 0.00 0.00 1.00 0
-0.0691 0.0001 0.0000 0.00 0.00 1.00 0
-0.0690 0.0003 0.0000 0.00 0.00 1.00 0
-0.0655 -0.0000 0.0000 0.00 0.00 1.00 0
-0.0648 0.0001 0.0000 0.00 0.00 1.00 0
-0.0643 0.0002 0.0000 0.00 0.00 1.00 0
-0.0650 0.0009 0.0000 0.00 0.00 1.00 0
-0.0645 0.0011 0.0000 0.00 0.00 1.00 0
-0.0654 -0.0016 0.0000 0.00 0.00 1.00 0
-0.0652 -0.0018 0.0000 0.00 0.00 1.00 0
-0.0650 -0.0021 0.0000 0.00 0.00 1.00 0
-0.0655 -0.0031 0.0000 0.00 0.00 1.00 0
-0.0654 -0.0034 0.0000 0.00 0.00 1.00 0
-0.0653 -0.0038 0.0000 0.00 0.00 1.00 0
-0.0670 -0.0052 0.0000 0.00 0.00 1.00 0
-0.0672 -0.0058 0.0000 0.00 0.00 1.00 0
-0.0673 -0.0061 0.0000 0.00 0.00 1.00 0
-0.0675 -0.0050 0.0000 0.00 0.00 1.00 0
-0.0677 -0.0052 0.0000 0.00 0.00 1.00 0
-0.0687 -0.0029 0.0000 0.00 0.00 1.00 0
-0.0691 -0.0027 0.0000 0.00 0.00 1.00 0
-0.0694 -0.0025 0.0000 0.00 0.00 1.00 0
-0.0694 0.0005 0.0000 0.00 0.00 1.00 0
-0.0697 0.0011 0.0000 0.00 0.00 1.00 0
-0.0700 0.0018 0.0000 0.00 0.00 1.00 0
-0.0681 0.0003 0.0000 0.00 0.00 1.00 0
-0.0681 0.0006 0.0000 0.00 0.00 1.00 0
-0.0681 0.0009 0.0000 0.00 0.00 1.00 0
-0.0690 0.0020 0.0000 0.00 0.00 1.00 0
-0.0691 0.0025 0.0000 0.00 0.00 1.00 0
-0.0692 0.0027 0.0000 0.00 0.00 1.00 0
-0.0805 -0.0037 0.0000 0.00 0.00 1.00 0
-0.0822 -0.0043 0.0000 0.00 0.00 1.00 0
-0.1041 -0.0078 0.0000 0.00 0.00 1.00 0
-0.1090 -0.0089 0.0000 0.00 0.00 1.00 0
-0.1140 -0.0100 0.0000 0.00 0.00 1.00 0
-0.1456 -0.0119 0.0000 0.00 0.00 1.00 0
-0.1547 -0.0131 0.0000 0.00 0.00 1.00 0
-0.1619 -0.0140 0.0000 0.00 0.00 1.00 0
-0.1944 -0.0200 0.0000 0.00 0.00 1.00 0
-0.2067 -0.0219 0.0000 0.00 0.00 1.00 0
-0.2128 -0.0228 0.0000 0.00 0.00 1.00 0
-0.2495 -0.0259 0.0000 0.00 0.00 1.00 0
-0.2642 -0.0277 0.0000 0.00 0.00 1.00 0
-0.2881 -0.0319 0.0000 0.00 0.00 1.00 0
-0.3045 -0.0341 0.0000 0.00 0.00 1.00 0
-0.3212 -0.0365 0.0000 0.00 0.00 1.00 0
-0.3365 -0.0333 0.0000 0.00 0.00 1.00 0
-0.3527 -0.0348 0.0000 0.00 0.00 1.00 0
-0.3658 -0.0359 0.0000 0.00 0.00 1.00 0
-0.3773 -0.0390 0.0000 0.00 0.00 1.00 0
-0.3933 -0.0407 0.0000 0.00 0.00 1.00 0
-0.3958 -0.0408 0.0000 0.00 0.00 1.00 0
-0.4102 -0.0423 0.0000 0.00 0.00 1.00 0
-0.4221 -0.0436 0.0000 0.00 0.00 1.00 0
-0.4324 -0.0458 0.0000 0.00 0.00 1.00 0
-0.4463 -0.0475 0.0000 0.00 0.00 1.00 0
-0.4591 -0.0491 0.0000 0.00 0.00 1.00 0
-0.4660 -0.0514 0.0000 0.00 0.00 1.00 0
-0.4778 -0.0531 0.0000 0.00 0.00 1.00 0
-0.4884 -0.0546 0.0000 0.00 0.00 1.00 0
-0.5034 -0.0571 0.0000 0.00 0.00 1.00 0
-0.5155 -0.0589 0.0000 0.00 0.00 1.00 0
-0.5255 -0.0604 0.0000 0.00 0.00 1.00 0
-0.5409 -0.0632 0.0000 0.00 0.00 1.00 0
-0.5531 -0.0651 0.0000 0.00 0.00 1.00 0
-0.5651 -0.0668 0.0000 0.00 0.00 1.00 0
-0.5773 -0.0687 0.0000 0.00 0.00 1.00 0
-0.5899 -0.0706 0.0000 0.00 0.00 1.00 0
-0.6018 -0.0708 0.0000 0.00 0.00 1.00 0
-0.6141 -0.0724 0.0000 0.00 0.00 1.00 0
-0.6249 -0.0738 0.0000 0.00 0.00 1.00 0
-0.6385 -0.0768 0.0000 0.00 0.00 1.00 0
-0.6507 -0.0786 0.0000 0.00 0.00 1.00 0
-0.6623 -0.0803 0.0000 0.00 0.00 1.00 0
-0.6773 -0.0850 0.0000 0.00 0.00 1.00 0
-0.6898 -0.0872 0.0000 0.00 0.00 1.00 0
-0.7041 -0.0902 0.0000 0.00 0.00 1.00 0
-0.7170 -0.0926 0.0000 0.00 0.00 1.00 0
-0.7296 -0.0949 0.0000 0.00 0.00 1.00 0
-0.7425 -0.0956 0.0000 0.00 0.00 1.00 0
-0.7555 -0.0977 0.0000 0.00 0.00 1.00 0
-0.7685 -0.0998 0.0000 0.00 0.00 1.00 0
-0.7802 -0.0999 0.0000 0.00 0.00 1.00 0
-0.7930 -0.1017 0.0000 0.00 0.00 1.00 0
-0.8044 -0.1033 0.0000 0.00 0.00 1.00 0
-0.8165 -0.0997 0.0000 0.00 0.00 1.00 0
-0.8277 -0.1006 0.0000 0.00 0.00 1.00 0
-0.8352 -0.1011 0.0000 0.00 0.00 1.00 0
-0.8533 -0.1028 0.0000 0.00 0.00 1.00 0
-0.8658 -0.1038 0.0000 0.00 0.00 1.00 0
-0.8622 -0.1071 0.0000 0.00 0.00 1.00 0
-0.8726 -0.1085 0.0000 0.00 0.00 1.00 0
-0.8824 -0.1099 0.0000 0.00 0.00 1.00 0
-0.8868 -0.1103 0.0000 0.00 0.00 1.00 0
-0.8958 -0.1115 0.0000 0.00 0.00 1.00 0
-0.9037 -0.1126 0.0000 0.00 0.00 1.00 0
-0.9198 -0.1202 0.0000 0.00 0.00 1.00 0
-0.9295 -0.1223 0.0000 0.00 0.00 1.00 0
-0.9354 -0.1236 0.0000 0.00 0.00 1.00 0
-0.9575 -0.1260 0.0000 0.00 0.00 1.00 0
-0.9698 -0.1283 0.0000 0.00 0.00 1.00 0
-0.9894 -0.1308 0.0000 0.00 0.00 1.00 0
-1.0021 -0.1329 0.0000 0.00 0.00 1.00 0
-1.0145 -0.1351 0.0000 0.00 0.00 1.00 0
-1.0292 -0.1308 0.0000 0.00 0.00 1.00 0
-1.0422 -0.1319 0.0000 0.00 0.00 1.00 0
-1.0539 -0.1329 0.0000 0.00 0.00 1.00 0
-1.0566 -0.1270 0.0000 0.00 0.00 1.00 0
-1.0679 -0.1271 0.0000 0.00 0.00 1.00 0
-1.0780 -0.1271 0.0000 0.00 0.00 1.00 0
-1.0899 -0.1307 0.0000 0.00 0.00 1.00 0
-1.1010 -0.1312 0.0000 0.00 0.00 1.00 0
-1.1197 -0.1350 0.0000 0.00 0.00 1.00 0
-1.1321 -0.1361 0.0000 0.00 0.00 1.00 0
-1.1446 -0.1372 0.0000 0.00 0.00 1.00 0
-1.1651 -0.1436 0.0000 0.00 0.00 1.00 0
-1.1790 -0.1456 0.0000 0.00 0.00 1.00 0
-1.1926 -0.1475 0.0000 0.00 0.00 1.00 0
-1.2091 -0.1532 0.0000 0.00 0.00 1.00 0
-1.2229 -0.1557 0.0000 0.00 0.00 1.00 0
-1.2329 -0.1574 0.0000 0.00 0.00 1.00 0
-1.2553 -0.1626 0.0000 0.00 0.00 1.00 0
-1.2702 -0.1654 0.0000 0.00 0.00 1.00 0
-1.2773 -0.1667 0.0000 0.00 0.00 1.00 0
-1.2971 -0.1747 0.0000 0.00 0.00 1.00 0
-1.3119 -0.1781 0.0000 0.00 0.00 1.00 0
-1.3230 -0.1762 0.0000 0.00 0.00 1.00 0
-1.3374 -0.1788 0.0000 0.00 0.00 1.00 0
-1.3516 -0.1813 0.0000 0.00 0.00 1.00 0
-1.3617 -0.1798 0.0000 0.00 0.00 1.00 0
-1.3750 -0.1817 0.0000 0.00 0.00 1.00 0
-1.3856 -0.1832 0.0000 0.00 0.00 1.00 0
-1.3939 -0.1816 0.0000 0.00 0.00 1.00 0
-1.4061 -0.1829 0.0000 0.00 0.00 1.00 0
-1.4132 -0.1837 0.0000 0.00 0.00 1.00 0
-1.4205 -0.1818 0.0000 0.00 0.00 1.00 0
-1.4312 -0.1826 0.0000 0.00 0.00 1.00 0
-1.4389 -0.1849 0.0000 0.00 0.00 1.00 0
-1.4491 -0.1859 0.0000 0.00 0.00 1.00 0
-1.4584 -0.1868 0.0000 0.00 0.00 1.00 0
-1.4715 -0.1925 0.0000 0.00 0.00 1.00 0
-1.4819 -0.1942 0.0000 0.00 0.00 1.00 0
-1.4914 -0.1958 0.0000 0.00 0.00 1.00 0
-1.5080 -0.2000 0.0000 0.00 0.00 1.00 0
-1.5193 -0.2021 0.0000 0.00 0.00 1.00 0
-1.5259 -0.2033 0.0000 0.00 0.00 1.00 0
-1.5486 -0.2091 0.0000 0.00 0.00 1.00 0
-1.5607 -0.2115 0.0000 0.00 0.00 1.00 0
-1.5726 -0.2133 0.0000 0.00 0.00 1.00 0
-1.5850 -0.2157 0.0000 0.00 0.00 1.00 0
-1.5973 -0.2181 0.0000 0.00 0.00 1.00 0
-1.6135 -0.2185 0.0000 0.00 0.00 1.00 0
-1.6267 -0.2206 0.0000 0.00 0.00 1.00 0
-1.6394 -0.2227 0.0000 0.00 0.00 1.00 0
-1.6520 -0.2201 0.0000 0.00 0.00 1.00 0
-1.6649 -0.2215 0.0000 0.00 0.00 1.00 0
-1.6741 -0.2225 0.0000 0.00 0.00 1.00 0
-1.6880 -0.2221 0.0000 0.00 0.00 1.00 0
-1.7003 -0.2232 0.0000 0.00 0.00 1.00 0
-1.7123 -0.2274 0.0000 0.00 0.00 1.00 0
-1.7247 -0.2288 0.0000 0.00 0.00 1.00 0
-1.7372 -0.2304 0.0000 0.00 0.00 1.00 0
-1.7505 -0.2344 0.0000 0.00 0.00 1.00 0
-1.7625 -0.2363 0.0000 0.00 0.00 1.00 0
-1.7751 -0.2383 0.0000 0.00 0.00 1.00 0
-1.7874 -0.2432 0.0000 0.00 0.00 1.00 0
-1.7999 -0.2457 0.0000 0.00 0.00 1.00 0
-1.8099 -0.2476 0.0000 0.00 0.00 1.00 0
-1.8286 -0.2493 0.0000 0.00 0.00 1.00 0
-1.8417 -0.2515 0.0000 0.00 0.00 1.00 0
-1.8540 -0.2535 0.0000 0.00 0.00 1.00 0
-1.8667 -0.2557 0.0000 0.00 0.00 1.00 0
-1.8797 -0.2579 0.0000 0.00 0.00 1.00 0
-1.8913 -0.2592 0.0000 0.00 0.00 1.00 0
-1.9042 -0.2613 0.0000 0.00 0.00 1.00 0
-1.9174 -0.2635 0.0000 0.00 0.00 1.00 0
-1.9306 -0.2663 0.0000 0.00 0.00 1.00 0
-1.9449 -0.2687 0.0000 0.00 0.00 1.00 0
-1.9541 -0.2703 0.0000 0.00 0.00 1.00 0
-1.9676 -0.2712 0.0000 0.00 0.00 1.00 0
-1.9799 -0.2731 0.0000 0.00 0.00 1.00 0
-1.9899 -0.2730 0.0000 0.00 0.00 1.00 0
-2.0024 -0.2747 0.0000 0.00 0.00 1.00 0
-2.0145 -0.2762 0.0000 0.00 0.00 1.00 0
-2.0320 -0.2745 0.0000 0.00 0.00 1.00 0
-2.0449 -0.2756 0.0000 0.00 0.00 1.00 0
-2.0540 -0.2763 0.0000 0.00 0.00 1.00 0
-2.0673 -0.2776 0.0000 0.00 0.00 1.00 0
-2.0799 -0.2787 0.0000 0.00 0.00 1.00 0
-2.0911 -0.2797 0.0000 0.00 0.00 1.00 0
-2.0985 -0.2839 0.0000 0.00 0.00 1.00 0
-2.1100 -0.2853 0.0000 0.00 0.00 1.00 0
-2.1205 -0.2878 0.0000 0.00 0.00 1.00 0
-2.1323 -0.2895 0.0000 0.00 0.00 1.00 0
-2.1427 -0.2910 0.0000 0.00 0.00 1.00 0
-2.1559 -0.2960 0.0000 0.00 0.00 1.00 0
-2.1673 -0.2982 0.0000 0.00 0.00 1.00 0
-2.1789 -0.3004 0.0000 0.00 0.00 1.00 0
-2.1955 -0.3009 0.0000 0.00 0.00 1.00 0
-2.2059 -0.3025 0.0000 0.00 0.00 1.00 0
-2.2193 -0.3046 0.0000 0.00 0.00 1.00 0
-2.2362 -0.3045 0.0000 0.00 0.00 1.00 0
-2.2477 -0.3059 0.0000 0.00 0.00 1.00 0
-2.2610 -0.3063 0.0000 0.00 0.00 1.00 0
-2.2737 -0.3076 0.0000 0.00 0.00 1.00 0
-2.2863 -0.3090 0.0000 0.00 0.00 1.00 0
-2.3021 -0.3110 0.0000 0.00 0.00 1.00 0
-2.3143 -0.3123 0.0000 0.00 0.00 1.00 0
-2.3285 -0.3139 0.0000 0.00 0.00 1.00 0
-2.3432 -0.3164 0.0000 0.00 0.00 1.00 0
-2.3568 -0.3181 0.0000 0.00 0.00 1.00 0
-2.3686 -0.3195 0.0000 0.00 0.00 1.00 0
-2.3845 -0.3212 0.0000 0.00 0.00 1.00 0
-2.3981 -0.3228 0.0000 0.00 0.00 1.00 0
-2.4062 -0.3238 0.0000 0.00 0.00 1.00 0
-2.4288 -0.3249 0.0000 0.00 0.00 1.00 0
-2.4427 -0.3263 0.0000 0.00 0.00 1.00 0
-2.4561 -0.3305 0.0000 0.00 0.00 1.00 0
-2.4700 -0.3324 0.0000 0.00 0.00 1.00 0
-2.4838 -0.3343 0.0000 0.00 0.00 1.00 0
-2.4899 -0.3331 0.0000 0.00 0.00 1.00 0
-2.5026 -0.3345 0.0000 0.00 0.00 1.00 0
-2.5140 -0.3358 0.0000 0.00 0.00 1.00 0
-2.5258 -0.3369 0.0000 0.00 0.00 1.00 0
-2.5381 -0.3382 0.0000 0.00 0.00 1.00 0
-2.5469 -0.3391 0.0000 0.00 0.00 1.00 0
-2.5658 -0.3401 0.0000 0.00 0.00 1.00 0
-2.5786 -0.3414 0.0000 0.00 0.00 1.00 0
-2.5880 -0.3462 0.0000 0.00 0.00 1.00 0
-2.5952 -0.3472 0.0000 0.00 0.00 1.00 0
-2.6115 -0.3497 0.0000 0.00 0.00 1.00 0
-2.6203 -0.3495 0.0000 0.00 0.00 1.00 0
-2.6318 -0.3510 0.0000 0.00 0.00 1.00 0
-2.6434 -0.3525 0.0000 0.00 0.00 1.00 0
-2.6527 -0.3541 0.0000 0.00 0.00 1.00 0
-2.6647 -0.3557 0.0000 0.00 0.00 1.00 0
-2.6725 -0.3567 0.0000 0.00 0.00 1.00 0
-2.6905 -0.3587 0.0000 0.00 0.00 1.00 0
-2.7024 -0.3603 0.0000 0.00 0.00 1.00 0
-2.7191 -0.3611 0.0000 0.00 0.00 1.00 0
-2.7318 -0.3625 0.0000 0.00 0.00 1.00 0
-2.7448 -0.3640 0.0000 0.00 0.00 1.00 0
-2.7587 -0.3682 0.0000 0.00 0.00 1.00 0
-2.7713 -0.3700 0.0000 0.00 0.00 1.00 0
-2.7842 -0.3719 0.0000 0.00 0.00 1.00 0
-2.7972 -0.3764 0.0000 0.00 0.00 1.00 0
-2.8101 -0.3787 0.0000 0.00 0.00 1.00 0
-2.8178 -0.3801 0.0000 0.00 0.00 1.00 0
-2.8378 -0.3849 0.0000 0.00 0.00 1.00 0
-2.8509 -0.3874 0.0000 0.00 0.00 1.00 0
-2.8608 -0.3899 0.0000 0.00 0.00 1.00 0
-2.8734 -0.3924 0.0000 0.00 0.00 1.00 0
-2.8859 -0.3949 0.0000 0.00 0.00 1.00 0
-2.8898 -0.3956 0.0000 0.00 0.00 1.00 0
-2.9163 -0.3948 0.0000 0.00 0.00 1.00 0
-2.9294 -0.3966 0.0000 0.00 0.00 1.00 0
-2.9450 -0.3977 0.0000 0.00 0.00 1.00 0
-2.9588 -0.3994 0.0000 0.00 0.00 1.00 0
-2.9706 -0.4009 0.0000 0.00 0.00 1.00 0
-2.9820 -0.4029 0.0000 0.00 0.00 1.00 0
-2.9951 -0.4046 0.0000 0.00 0.00 1.00 0
-3.0049 -0.4024 0.0000 0.00 0.00 1.00 0
-3.0174 -0.4035 0.0000 0.00 0.00 1.00 0
-3.0302 -0.4046 0.0000 0.00 0.00 1.00 0
-3.0399 -0.4105 0.0000 0.00 0.00 1.00 0
-3.0521 -0.4123 0.0000 0.00 0.00 1.00 0
-3.0643 -0.4142 0.0000 0.00 0.00 1.00 0
-3.0812 -0.4153 0.0000 0.00 0.00 1.00 0
-3.0938 -0.4170 0.0000 0.00 0.00 1.00 0
-3.1042 -0.4184 0.0000 0.00 0.00 1.00 0
-3.1226 -0.4222 0.0000 0.00 0.00 1.00 0
-3.1352 -0.4241 0.0000 0.00 0.00 1.00 0
-3.1505 -0.4273 0.0000 0.00 0.00 1.00 0
-3.1639 -0.4295 0.0000 0.00 0.00 1.00 0
-3.1773 -0.4316 0.0000 0.00 0.00 1.00 0
-3.1893 -0.4342 0.0000 0.00 0.00 1.00 0
-3.2027 -0.4365 0.0000 0.00 0.00 1.00 0
-3.2152 -0.4386 0.0000 0.00 0.00 1.00 0
-3.2293 -0.4430 0.0000 0.00 0.00 1.00 0
-3.2427 -0.4456 0.0000 0.00 0.00 1.00 0
-3.2533 -0.4476 0.0000 0.00 0.00 1.00 0
-3.2677 -0.4506 0.0000 0.00 0.00 1.00 0
-3.2806 -0.4532 0.0000 0.00 0.00 1.00 0
-3.2890 -0.4548 0.0000 0.00 0.00 1.00 0
-3.3029 -0.4472 0.0000 0.00 0.00 1.00 0
-3.3157 -0.4481 0.0000 0.00 0.00 1.00 0
-3.3251 -0.4482 0.0000 0.00 0.00 1.00 0
-3.3373 -0.4490 0.0000 0.00 0.00 1.00 0
-3.3495 -0.4498 0.0000 0.00 0.00 1.00 0
-3.3621 -0.4554 0.0000 0.00 0.00 1.00 0
-3.3740 -0.4569 0.0000 0.00 0.00 1.00 0
-3.3849 -0.4583 0.0000 0.00 0.00 1.00 0
-3.4017 -0.4623 0.0000 0.00 0.00 1.00 0
-3.4140 -0.4642 0.0000 0.00 0.00 1.00 0
-3.4210 -0.4652 0.0000 0.00 0.00 1.00 0
-3.4395 -0.4685 0.0000 0.00 0.00 1.00 0
-3.4521 -0.4704 0.0000 0.00 0.00 1.00 0
-3.4629 -0.4744 0.0000 0.00 0.00 1.00 0
-3.4753 -0.4767 0.0000 0.00 0.00 1.00 0
-3.4879 -0.4791 0.0000 0.00 0.00 1.00 0
-3.4976 -0.4801 0.0000 0.00 0.00 1.00 0
-3.5095 -0.4822 0.0000 0.00 0.00 1.00 0
-3.5203 -0.4842 0.0000 0.00 0.00 1.00 0
-3.5313 -0.4818 0.0000 0.00 0.00 1.00 0
-3.5433 -0.4833 0.0000 0.00 0.00 1.00 0
-3.5504 -0.4841 0.0000 0.00 0.00 1.00 0
-3.5719 -0.4828 0.0000 0.00 0.00 1.00 0
-3.5842 -0.4837 0.0000 0.00 0.00 1.00 0
-3.5949 -0.4863 0.0000 0.00 0.00 1.00 0
-3.6071 -0.4876 0.0000 0.00 0.00 1.00 0
-3.6193 -0.4888 0.0000 0.00 0.00 1.00 0
-3.6229 -0.4918 0.0000 0.00 0.00 1.00 0
-3.6338 -0.4934 0.0000 0.00 0.00 1.00 0
-3.6447 -0.4949 0.0000 0.00 0.00 1.00 0
-3.6459 -0.4919 0.0000 0.00 0.00 1.00 0
-3.6553 -0.4927 0.0000 0.00 0.00 1.00 0
-3.6620 -0.4932 0.0000 0.00 0.00 1.00 0
-3.6658 -0.4946 0.0000 0.00 0.00 1.00 0
-3.6739 -0.4954 0.0000 0.00 0.00 1.00 0
-3.6815 -0.4963 0.0000 0.00 0.00 1.00 0
-3.6887 -0.4971 0.0000 0.00 0.00 1.00 0
-3.6966 -0.4980 0.0000 0.00 0.00 1.00 0
-3.7077 -0.5024 0.0000 0.00 0.00 1.00 0
-3.7151 -0.5036 0.0000 0.00 0.00 1.00 0
-3.7245 -0.5052 0.0000 0.00 0.00 1.00 0
-3.7396 -0.5100 0.0000 0.00 0.00 1.00 0
-3.7491 -0.5120 0.0000 0.00 0.00 1.00 0
-3.7614 -0.5138 0.0000 0.00 0.00 1.00 0
-3.7704 -0.5155 0.0000 0.00 0.00 1.00 0
-3.7804 -0.5174 0.0000 0.00 0.00 1.00 0
-3.7875 -0.5187 0.0000 0.00 0.00 1.00 0
-3.8055 -0.5190 0.0000 0.00 0.00 1.00 0
-3.8160 -0.5206 0.0000 0.00 0.00 1.00 0
-3.8250 -0.5221 0.0000 0.00 0.00 1.00 0
-3.8353 -0.5236 0.0000 0.00 0.00 1.00 0
-3.8457 -0.5252 0.0000 0.00 0.00 1.00 0
-3.8495 -0.5257 0.0000 0.00 0.00 1.00 0
-3.8583 -0.5270 0.0000 0.00 0.00 1.00 0
-3.8659 -0.5281 0.0000 0.00 0.00 1.00 0
-3.8680 -0.5274 0.0000 0.00 0.00 1.00 0
-3.8760 -0.5284 0.0000 0.00 0.00 1.00 0
-3.8815 -0.5291 0.0000 0.00 0.00 1.00 0
-3.8887 -0.5265 0.0000 0.00 0.00 1.00 0
-3.8967 -0.5270 0.0000 0.00 0.00 1.00 0
-3.9058 -0.5296 0.0000 0.00 0.00 1.00 0
-3.9136 -0.5304 0.0000 0.00 0.00 1.00 0
-3.9214 -0.5312 0.0000 0.00 0.00 1.00 0
-3.9356 -0.5348 0.0000 0.00 0.00 1.00 0
-3.9445 -0.5360 0.0000 0.00 0.00 1.00 0
-3.9520 -0.5371 0.0000 0.00 0.00 1.00 0
-3.9703 -0.5431 0.0000 0.00 0.00 1.00 0
-3.9804 -0.5451 0.0000 0.00 0.00 1.00 0
-3.9874 -0.5464 0.0000 0.00 0.00 1.00 0
-4.0036 -0.5462 0.0000 0.00 0.00 1.00 0
-4.0140 -0.5477 0.0000 0.00 0.00 1.00 0
-4.0195 -0.5501 0.0000 0.00 0.00 1.00 0
-4.0291 -0.5518 0.0000 0.00 0.00 1.00 0
-4.0389 -0.5535 0.0000 0.00 0.00 1.00 0
-4.0383 -0.5516 0.0000 0.00 0.00 1.00 0
-4.0464 -0.5527 0.0000 0.00 0.00 1.00 0
-4.0527 -0.5536 0.0000 0.00 0.00 1.00 0
-4.0598 -0.5518 0.0000 0.00 0.00 1.00 0
-4.0675 -0.5524 0.0000 0.00 0.00 1.00 0
-4.0727 -0.5529 0.0000 0.00 0.00 1.00 0
-4.0867 -0.5555 0.0000 0.00 0.00 1.00 0
-4.0950 -0.5564 0.0000 0.00 0.00 1.00 0
-4.1101 -0.5618 0.0000 0.00 0.00 1.00 0
-4.1202 -0.5635 0.0000 0.00 0.00 1.00 0
-4.1296 -0.5651 0.0000 0.00 0.00 1.00 0
-4.1450 -0.5723 0.0000 0.00 0.00 1.00 0
-4.1554 -0.5748 0.0000 0.00 0.00 1.00 0
-4.1650 -0.5771 0.0000 0.00 0.00 1.00 0
-4.1784 -0.5847 0.0000 0.00 0.00 1.00 0
-4.1890 -0.5879 0.0000 0.00 0.00 1.00 0
-4.1966 -0.5902 0.0000 0.00 0.00 1.00 0
-4.1978 -0.5881 0.0000 0.00 0.00 1.00 0
-4.2068 -0.5904 0.0000 0.00 0.00 1.00 0
-4.2112 -0.5916 0.0000 0.00 0.00 1.00 0
-4.2109 -0.5861 0.0000 0.00 0.00 1.00 0
-4.2184 -0.5873 0.0000 0.00 0.00 1.00 0
-4.2273 -0.5860 0.0000 0.00 0.00 1.00 0
-4.2348 -0.5867 0.0000 0.00 0.00 1.00 0
-4.2414 -0.5873 0.0000 0.00 0.00 1.00 0
-4.2592 -0.5966 0.0000 0.00 0.00 1.00 0
-4.2682 -0.5987 0.0000 0.00 0.00 1.00 0
-4.2759 -0.6004 0.0000 0.00 0.00 1.00 0
-4.2994 -0.6115 0.0000 0.00 0.00 1.00 0
-4.3102 -0.6148 0.0000 0.00 0.00 1.00 0
-4.3200 -0.6253 0.0000 0.00 0.00 1.00 0
-4.3309 -0.6299 0.0000 0.00 0.00 1.00 0
-4.3417 -0.6345 0.0000 0.00 0.00 1.00 0
-4.3470 -0.6360 0.0000 0.00 0.00 1.00 0
-4.3570 -0.6401 0.0000 0.00 0.00 1.00 0
-4.3657 -0.6436 0.0000 0.00 0.00 1.00 0
-4.3687 -0.6371 0.0000 0.00 0.00 1.00 0
-4.3774 -0.6394 0.0000 0.00 0.00 1.00 0
-4.3851 -0.6415 0.0000 0.00 0.00 1.00 0
-4.3895 -0.6398 0.0000 0.00 0.00 1.00 0
-4.3975 -0.6415 0.0000 0.00 0.00 1.00 0
-4.4013 -0.6484 0.0000 0.00 0.00 1.00 0
-4.4085 -0.6509 0.0000 0.00 0.00 1.00 0
-4.4158 -0.6535 0.0000 0.00 0.00 1.00 0
-4.4301 -0.6600 0.0000 0.00 0.00 1.00 0
-4.4385 -0.6632 0.0000 0.00 0.00 1.00 0
-4.4469 -0.6664 0.0000 0.00 0.00 1.00 0
-4.4600 -0.6758 0.0000 0.00 0.00 1.00 0
-4.4673 -0.6792 0.0000 0.00 0.00 1.00 0
-4.4760 -0.6832 0.0000 0.00 0.00 1.00 0
-4.4823 -0.6818 0.0000 0.00 0.00 1.00 0
-4.4903 -0.6848 0.0000 0.00 0.00 1.00 0
-4.4955 -0.6868 0.0000 0.00 0.00 1.00 0
-4.4995 -0.6838 0.0000 0.00 0.00 1.00 0
-4.5075 -0.6861 0.0000 0.00 0.00 1.00 0
-4.5136 -0.6833 0.0000 0.00 0.00 1.00 0
-4.5207 -0.6846 0.0000 0.00 0.00 1.00 0
-4.5277 -0.6859 0.0000 0.00 0.00 1.00 0
-4.5378 -0.6907 0.0000 0.00 0.00 1.00 0
-4.5454 -0.6926 0.0000 0.00 0.00 1.00 0
-4.5516 -0.6941 0.0000 0.00 0.00 1.00 0
-4.5689 -0.7057 0.0000 0.00 0.00 1.00 0
-4.5776 -0.7089 0.0000 0.00 0.00 1.00 0
-4.5924 -0.7241 0.0000 0.00 0.00 1.00 0
-4.6022 -0.7294 0.0000 0.00 0.00 1.00 0
-4.6119 -0.7346 0.0000 0.00 0.00 1.00 0
-4.6209 -0.7388 0.0000 0.00 0.00 1.00 0
-4.6306 -0.7439 0.0000 0.00 0.00 1.00 0
-4.6403 -0.7490 0.0000 0.00 0.00 1.00 0
-4.6453 -0.7426 0.0000 0.00 0.00 1.00 0
-4.6543 -0.7459 0.0000 0.00 0.00 1.00 0
-4.6615 -0.7486 0.0000 0.00 0.00 1.00 0
-4.6699 -0.7476 0.0000 0.00 0.00 1.00 0
-4.6786 -0.7502 0.0000 0.00 0.00 1.00 0
-4.6897 -0.7586 0.0000 0.00 0.00 1.00 0
-4.6987 -0.7622 0.0000 0.00 0.00 1.00 0
-4.7079 -0.7658 0.0000 0.00 0.00 1.00 0
-4.7187 -0.7780 0.0000 0.00 0.00 1.00 0
-4.7280 -0.7830 0.0000 0.00 0.00 1.00 0
-4.7335 -0.7859 0.0000 0.00 0.00 1.00 0
-4.7480 -0.7999 0.0000 0.00 0.00 1.00 0
-4.7566 -0.8054 0.0000 0.00 0.00 1.00 0
-4.7651 -0.8107 0.0000 0.00 0.00 1.00 0
-4.7693 -0.8177 0.0000 0.00 0.00 1.00 0
-4.7752 -0.8219 0.0000 0.00 0.00 1.00 0
-4.7781 -0.8206 0.0000 0.00 0.00 1.00 0
-4.7852 -0.8251 0.0000 0.00 0.00 1.00 0
-4.7922 -0.8295 0.0000 0.00 0.00 1.00 0
-4.7960 -0.8241 0.0000 0.00 0.00 1.00 0
-4.8020 -0.8267 0.0000 0.00 0.00 1.00 0
-4.8096 -0.8300 0.0000 0.00 0.00 1.00 0
-4.8186 -0.8385 0.0000 0.00 0.00 1.00 0
-4.8255 -0.8422 0.0000 0.00 0.00 1.00 0
-4.8311 -0.8452 0.0000 0.00 0.00 1.00 0
-4.8417 -0.8612 0.0000 0.00 0.00 1.00 0
-4.8490 -0.8667 0.0000 0.00 0.00 1.00 0
-4.8601 -0.8784 0.0000 0.00 0.00 1.00 0
-4.8681 -0.8850 0.0000 0.00 0.00 1.00 0
-4.8761 -0.8917 0.0000 0.00 0.00 1.00 0
-4.8851 -0.8986 0.0000 0.00 0.00 1.00 0
-4.8925 -0.9046 0.0000 0.00 0.00 1.00 0
-4.9006 -0.9112 0.0000 0.00 0.00 1.00 0
-4.9048 -0.9060 0.0000 0.00 0.00 1.00 0
-4.9115 -0.9102 0.0000 0.00 0.00 1.00 0
-4.9188 -0.9148 0.0000 0.00 0.00 1.00 0
-4.9257 -0.9151 0.0000 0.00 0.00 1.00 0
-4.9330 -0.9191 0.0000 0.00 0.00 1.00 0
-4.9380 -0.9218 0.0000 0.00 0.00 1.00 0
-4.9526 -0.9299 0.0000 0.00 0.00 1.00 0
-4.9607 -0.9343 0.0000 0.00 0.00 1.00 0
-4.9744 -0.9458 0.0000 0.00 0.00 1.00 0
-4.9825 -0.9508 0.0000 0.00 0.00 1.00 0
-4.9923 -0.9569 0.0000 0.00 0.00 1.00 0
-5.0004 -0.9695 0.0000 0.00 0.00 1.00 0
-5.0093 -0.9762 0.0000 0.00 0.00 1.00 0
-5.0182 -0.9830 0.0000 0.00 0.00 1.00 0
-5.0206 -0.9835 0.0000 0.00 0.00 1.00 0
-5.0284 -0.9892 0.0000 0.00 0.00 1.00 0
-5.0278 -0.9879 0.0000 0.00 0.00 1.00 0
-5.0342 -0.9924 0.0000 0.00 0.00 1.00 0
-5.0405 -0.9969 0.0000 0.00 0.00 1.00 0
-5.0442 -0.9972 0.0000 0.00 0.00 1.00 0
-5.0502 -1.0011 0.0000 0.00 0.00 1.00 0
-5.0559 -1.0048 0.0000 0.00 0.00 1.00 0
-5.0654 -1.0131 0.0000 0.00 0.00 1.00 0
-5.0718 -1.0175 0.0000 0.00 0.00 1.00 0
-5.0783 -1.0220 0.0000 0.00 0.00 1.00 0
-5.0876 -1.0406 0.0000 0.00 0.00 1.00 0
-5.0946 -1.0473 0.0000 0.00 0.00 1.00 0
-5.0994 -1.0519 0.0000 0.00 0.00 1.00 0
-5.1100 -1.0662 0.0000 0.00 0.00 1.00 0
-5.1173 -1.0737 0.0000 0.00 0.00 1.00 0
-5.1202 -1.0722 0.0000 0.00 0.00 1.00 0
-5.1265 -1.0781 0.0000 0.00 0.00 1.00 0
-5.1329 -1.0841 0.0000 0.00 0.00 1.00 0
-5.1386 -1.0844 0.0000 0.00 0.00 1.00 0
-5.1449 -1.0894 0.0000 0.00 0.00 1.00 0
-5.1513 -1.0945 0.0000 0.00 0.00 1.00 0
-5.1570 -1.1021 0.0000 0.00 0.00 1.00 0
-5.1633 -1.1076 0.0000 0.00 0.00 1.00 0
-5.1697 -1.1132 0.0000 0.00 0.00 1.00 0
-5.1810 -1.1261 0.0000 0.00 0.00 1.00 0
-5.1880 -1.1327 0.0000 0.00 0.00 1.00 0
-5.1974 -1.1502 0.0000 0.00 0.00 1.00 0
-5.2049 -1.1586 0.0000 0.00 0.00 1.00 0
-5.2084 -1.1627 0.0000 0.00 0.00 1.00 0
-5.2173 -1.1721 0.0000 0.00 0.00 1.00 0
-5.2243 -1.1800 0.0000 0.00 0.00 1.00 0
-5.2306 -1.1870 0.0000 0.00 0.00 1.00 0
-5.2359 -1.1842 0.0000 0.00 0.00 1.00 0
-5.2422 -1.1899 0.0000 0.00 0.00 1.00 0
-5.2483 -1.1955 0.0000 0.00 0.00 1.00 0
-5.2523 -1.1933 0.0000 0.00 0.00 1.00 0
-5.2584 -1.1981 0.0000 0.00 0.00 1.00 0
-5.2655 -1.2082 0.0000 0.00 0.00 1.00 0
-5.2706 -1.2128 0.0000 0.00 0.00 1.00 0
-5.2781 -1.2195 0.0000 0.00 0.00 1.00 0
-5.2899 -1.2380 0.0000 0.00 0.00 1.00 0
-5.2970 -1.2457 0.0000 0.00 0.00 1.00 0
-5.3043 -1.2535 0.0000 0.00 0.00 1.00 0
-5.3080 -1.2675 0.0000 0.00 0.00 1.00 0
-5.3145 -1.2761 0.0000 0.00 0.00 1.00 0
-5.3199 -1.2831 0.0000 0.00 0.00 1.00 0
-5.3138 -1.2784 0.0000 0.00 0.00 1.00 0
-5.3183 -1.2848 0.0000 0.00 0.00 1.00 0
-5.3220 -1.2900 0.0000 0.00 0.00 1.00 0
-5.3207 -1.2818 0.0000 0.00 0.00 1.00 0
-5.3243 -1.2861 0.0000 0.00 0.00 1.00 0
-5.3324 -1.2975 0.0000 0.00 0.00 1.00 0
-5.3367 -1.3028 0.0000 0.00 0.00 1.00 0
-5.3411 -1.3083 0.0000 0.00 0.00 1.00 0
-5.3500 -1.3245 0.0000 0.00 0.00 1.00 0
-5.3551 -1.3316 0.0000 0.00 0.00 1.00 0
-5.3596 -1.3380 0.0000 0.00 0.00 1.00 0
-5.3766 -1.3574 0.0000 0.00 0.00 1.00 0
-5.3835 -1.3664 0.0000 0.00 0.00 1.00 0
-5.3875 -1.3717 0.0000 0.00 0.00 1.00 0
-5.3935 -1.3873 0.0000 0.00 0.00 1.00 0
-5.4030 -1.4015 0.0000 0.00 0.00 1.00 0
-5.4030 -1.4073 0.0000 0.00 0.00 1.00 0
-5.4085 -1.4164 0.0000 0.00 0.00 1.00 0
-5.4141 -1.4259 0.0000 0.00 0.00 1.00 0
-5.4152 -1.4185 0.0000 0.00 0.00 1.00 0
-5.4200 -1.4251 0.0000 0.00 0.00 1.00 0
-5.4240 -1.4304 0.0000 0.00 0.00 1.00 0
-5.4287 -1.4272 0.0000 0.00 0.00 1.00 0
-5.4334 -1.4321 0.0000 0.00 0.00 1.00 0
-5.4362 -1.4350 0.0000 0.00 0.00 1.00 0
-5.4399 -1.4399 0.0000 0.00 0.00 1.00 0
-5.4441 -1.4445 0.0000 0.00 0.00 1.00 0
-5.4439 -1.4562 0.0000 0.00 0.00 1.00 0
-5.4474 -1.4620 0.0000 0.00 0.00 1.00 0
-5.4510 -1.4678 0.0000 0.00 0.00 1.00 0
-5.4599 -1.4862 0.0000 0.00 0.00 1.00 0
-5.4639 -1.4932 0.0000 0.00 0.00 1.00 0
-5.4661 -1.4970 0.0000 0.00 0.00 1.00 0
-5.4788 -1.5236 0.0000 0.00 0.00 1.00 0
-5.4841 -1.5337 0.0000 0.00 0.00 1.00 0
-5.4911 -1.5441 0.0000 0.00 0.00 1.00 0
-5.4961 -1.5531 0.0000 0.00 0.00 1.00 0
-5.5016 -1.5631 0.0000 0.00 0.00 1.00 0
-5.5065 -1.5719 0.0000 0.00 0.00 1.00 0
-5.5077 -1.5793 0.0000 0.00 0.00 1.00 0
-5.5124 -1.5886 0.0000 0.00 0.00 1.00 0
-5.5205 -1.5925 0.0000 0.00 0.00 1.00 0
-5.5259 -1.6011 0.0000 0.00 0.00 1.00 0
-5.5306 -1.6086 0.0000 0.00 0.00 1.00 0
-5.5341 -1.6225 0.0000 0.00 0.00 1.00 0
-5.5396 -1.6327 0.0000 0.00 0.00 1.00 0
-5.5426 -1.6382 0.0000 0.00 0.00 1.00 0
-5.5531 -1.6532 0.0000 0.00 0.00 1.00 0
-5.5585 -1.6626 0.0000 0.00 0.00 1.00 0
-5.5593 -1.6761 0.0000 0.00 0.00 1.00 0
-5.5637 -1.6857 0.0000 0.00 0.00 1.00 0
-5.5685 -1.6960 0.0000 0.00 0.00 1.00 0
-5.5687 -1.7007 0.0000 0.00 0.00 1.00 0
-5.5723 -1.7090 0.0000 0.00 0.00 1.00 0
-5.5741 -1.7154 0.0000 0.00 0.00 1.00 0
-5.5778 -1.7243 0.0000 0.00 0.00 1.00 0
-5.5810 -1.7322 0.0000 0.00 0.00 1.00 0
-5.5847 -1.7403 0.0000 0.00 0.00 1.00 0
-5.5879 -1.7479 0.0000 0.00 0.00 1.00 0
-5.5914 -1.7563 0.0000 0.00 0.00 1.00 0
-5.6003 -1.7700 0.0000 0.00 0.00 1.00 0
-5.6046 -1.7791 0.0000 0.00 0.00 1.00 0
-5.6090 -1.7884 0.0000 0.00 0.00 1.00 0
-5.6144 -1.7989 0.0000 0.00 0.00 1.00 0
-5.6194 -1.8093 0.0000 0.00 0.00 1.00 0
-5.6236 -1.8179 0.0000 0.00 0.00 1.00 0
-5.6264 -1.8191 0.0000 0.00 0.00 1.00 0
-5.6307 -1.8273 0.0000 0.00 0.00 1.00 0
-5.6338 -1.8281 0.0000 0.00 0.00 1.00 0
-5.6379 -1.8350 0.0000 0.00 0.00 1.00 0
-5.6420 -1.8420 0.0000 0.00 0.00 1.00 0
-5.6429 -1.8487 0.0000 0.00 0.00 1.00 0
-5.6465 -1.8556 0.0000 0.00 0.00 1.00 0
-5.6504 -1.8633 0.0000 0.00 0.00 1.00 0
-5.6593 -1.8806 0.0000 0.00 0.00 1.00 0
-5.6646 -1.8883 0.0000 0.00 0.00 1.00 0
-5.6686 -1.8960 0.0000 0.00 0.00 1.00 0
-5.6691 -1.9159 0.0000 0.00 0.00 1.00 0
-5.6729 -1.9262 0.0000 0.00 0.00 1.00 0
-5.6756 -1.9333 0.0000 0.00 0.00 1.00 0
-5.6712 -1.9350 0.0000 0.00 0.00 1.00 0
-5.6736 -1.9436 0.0000 0.00 0.00 1.00 0
-5.6745 -1.9459 0.0000 0.00 0.00 1.00 0
-5.6767 -1.9534 0.0000 0.00 0.00 1.00 0
-5.6788 -1.9608 0.0000 0.00 0.00 1.00 0
-5.6838 -1.9632 0.0000 0.00 0.00 1.00 0
-5.6864 -1.9699 0.0000 0.00 0.00 1.00 0
-5.6890 -1.9766 0.0000 0.00 0.00 1.00 0
-5.6913 -1.9898 0.0000 0.00 0.00 1.00 0
-5.6939 -1.9975 0.0000 0.00 0.00 1.00 0
-5.6959 -2.0036 0.0000 0.00 0.00 1.00 0
-5.7012 -2.0222 0.0000 0.00 0.00 1.00 0
-5.7041 -2.0312 0.0000 0.00 0.00 1.00 0
-5.7016 -2.0399 0.0000 0.00 0.00 1.00 0
-5.7036 -2.0489 0.0000 0.00 0.00 1.00 0
-5.7056 -2.0580 0.0000 0.00 0.00 1.00 0
-5.7099 -2.0621 0.0000 0.00 0.00 1.00 0
-5.7122 -2.0703 0.0000 0.00 0.00 1.00 0
-5.7146 -2.0786 0.0000 0.00 0.00 1.00 0
-5.7182 -2.0836 0.0000 0.00 0.00 1.00 0
-5.7207 -2.0914 0.0000 0.00 0.00 1.00 0
-5.7225 -2.0969 0.0000 0.00 0.00 1.00 0
-5.7243 -2.1070 0.0000 0.00 0.00 1.00 0
-5.7267 -2.1148 0.0000 0.00 0.00 1.00 0
-5.7298 -2.1331 0.0000 0.00 0.00 1.00 0
-5.7323 -2.1426 0.0000 0.00 0.00 1.00 0
-5.7347 -2.1520 0.0000 0.00 0.00 1.00 0
-5.7351 -2.1682 0.0000 0.00 0.00 1.00 0
-5.7372 -2.1788 0.0000 0.00 0.00 1.00 0
-5.7394 -2.1893 0.0000 0.00 0.00 1.00 0
-5.7348 -2.2007 0.0000 0.00 0.00 1.00 0
-5.7360 -2.2116 0.0000 0.00 0.00 1.00 0
-5.7368 -2.2201 0.0000 0.00 0.00 1.00 0
-5.7297 -2.2250 0.0000 0.00 0.00 1.00 0
-5.7296 -2.2344 0.0000 0.00 0.00 1.00 0
-5.7295 -2.2391 0.0000 0.00 0.00 1.00 0
-5.7320 -2.2431 0.0000 0.00 0.00 1.00 0
-5.7323 -2.2518 0.0000 0.00 0.00 1.00 0
-5.7392 -2.2573 0.0000 0.00 0.00 1.00 0
-5.7405 -2.2650 0.0000 0.00 0.00 1.00 0
-5.7417 -2.2719 0.0000 0.00 0.00 1.00 0
-5.7499 -2.2846 0.0000 0.00 0.00 1.00 0
-5.7520 -2.2922 0.0000 0.00 0.00 1.00 0
-5.7542 -2.2997 0.0000 0.00 0.00 1.00 0
-5.7590 -2.3190 0.0000 0.00 0.00 1.00 0
-5.7617 -2.3288 0.0000 0.00 0.00 1.00 0
-5.7633 -2.3348 0.0000 0.00 0.00 1.00 0
-5.7605 -2.3528 0.0000 0.00 0.00 1.00 0
-5.7623 -2.3635 0.0000 0.00 0.00 1.00 0
-5.7555 -2.3704 0.0000 0.00 0.00 1.00 0
-5.7559 -2.3805 0.0000 0.00 0.00 1.00 0
-5.7563 -2.3903 0.0000 0.00 0.00 1.00 0
-5.7529 -2.3909 0.0000 0.00 0.00 1.00 0
-5.7526 -2.3994 0.0000 0.00 0.00 1.00 0
-5.7524 -2.4066 0.0000 0.00 0.00 1.00 0
-5.7557 -2.4121 0.0000 0.00 0.00 1.00 0
-5.7560 -2.4199 0.0000 0.00 0.00 1.00 0
-5.7562 -2.4246 0.0000 0.00 0.00 1.00 0
-5.7569 -2.4358 0.0000 0.00 0.00 1.00 0
-5.7572 -2.4438 0.0000 0.00 0.00 1.00 0
-5.7621 -2.4599 0.0000 0.00 0.00 1.00 0
-5.7634 -2.4708 0.0000 0.00 0.00 1.00 0
-5.7646 -2.4803 0.0000 0.00 0.00 1.00 0
-5.7627 -2.4828 0.0000 0.00 0.00 1.00 0
-5.7634 -2.4913 0.0000 0.00 0.00 1.00 0
-5.7640 -2.4995 0.0000 0.00 0.00 1.00 0
-5.7668 -2.4994 0.0000 0.00 0.00 1.00 0
-5.7678 -2.5064 0.0000 0.00 0.00 1.00 0
-5.7684 -2.5113 0.0000 0.00 0.00 1.00 0
-5.7783 -2.5179 0.0000 0.00 0.00 1.00 0
-5.7800 -2.5233 0.0000 0.00 0.00 1.00 0
-5.7785 -2.5343 0.0000 0.00 0.00 1.00 0
-5.7800 -2.5414 0.0000 0.00 0.00 1.00 0
-5.7815 -2.5486 0.0000 0.00 0.00 1.00 0
-5.7788 -2.5689 0.0000 0.00 0.00 1.00 0
-5.7796 -2.5773 0.0000 0.00 0.00 1.00 0
-5.7804 -2.5856 0.0000 0.00 0.00 1.00 0
-5.7716 -2.6060 0.0000 0.00 0.00 1.00 0
-5.7709 -2.6165 0.0000 0.00 0.00 1.00 0
-5.7705 -2.6241 0.0000 0.00 0.00 1.00 0
-5.7666 -2.6313 0.0000 0.00 0.00 1.00 0
-5.7655 -2.6409 0.0000 0.00 0.00 1.00 0
-5.7688 -2.6395 0.0000 0.00 0.00 1.00 0
-5.7684 -2.6475 0.0000 0.00 0.00 1.00 0
-5.7680 -2.6553 0.0000 0.00 0.00 1.00 0
-5.7711 -2.6643 0.0000 0.00 0.00 1.00 0
-5.7713 -2.6726 0.0000 0.00 0.00 1.00 0
-5.7715 -2.6791 0.0000 0.00 0.00 1.00 0
-5.7740 -2.6974 0.0000 0.00 0.00 1.00 0
-5.7745 -2.7067 0.0000 0.00 0.00 1.00 0
-5.7749 -2.7143 0.0000 0.00 0.00 1.00 0
-5.7723 -2.7240 0.0000 0.00 0.00 1.00 0
-5.7723 -2.7334 0.0000 0.00 0.00 1.00 0
-5.7688 -2.7376 0.0000 0.00 0.00 1.00 0
-5.7683 -2.7461 0.0000 0.00 0.00 1.00 0
-5.7678 -2.7546 0.0000 0.00 0.00 1.00 0
-5.7677 -2.7587 0.0000 0.00 0.00 1.00 0
-5.7672 -2.7663 0.0000 0.00 0.00 1.00 0
-5.7668 -2.7725 0.0000 0.00 0.00 1.00 0
-5.7654 -2.7904 0.0000 0.00 0.00 1.00 0
-5.7648 -2.7996 0.0000 0.00 0.00 1.00 0
-5.7596 -2.8192 0.0000 0.00 0.00 1.00 0
-5.7582 -2.8301 0.0000 0.00 0.00 1.00 0
-5.7570 -2.8398 0.0000 0.00 0.00 1.00 0
-5.7508 -2.8569 0.0000 0.00 0.00 1.00 0
-5.7487 -2.8687 0.0000 0.00 0.00 1.00 0
-5.7465 -2.8803 0.0000 0.00 0.00 1.00 0
-5.7449 -2.8864 0.0000 0.00 0.00 1.00 0
-5.7428 -2.8973 0.0000 0.00 0.00 1.00 0
-5.7410 -2.9070 0.0000 0.00 0.00 1.00 0
-5.7466 -2.9088 0.0000 0.00 0.00 1.00 0
-5.7460 -2.9153 0.0000 0.00 0.00 1.00 0
-5.7496 -2.9220 0.0000 0.00 0.00 1.00 0
-5.7496 -2.9304 0.0000 0.00 0.00 1.00 0
-5.7495 -2.9386 0.0000 0.00 0.00 1.00 0
-5.7512 -2.9452 0.0000 0.00 0.00 1.00 0
-5.7514 -2.9526 0.0000 0.00 0.00 1.00 0
-5.7517 -2.9611 0.0000 0.00 0.00 1.00 0
-5.7440 -2.9733 0.0000 0.00 0.00 1.00 0
-5.7429 -2.9822 0.0000 0.00 0.00 1.00 0
-5.7419 -2.9910 0.0000 0.00 0.00 1.00 0
-5.7284 -2.9983 0.0000 0.00 0.00 1.00 0
-5.7254 -3.0069 0.0000 0.00 0.00 1.00 0
-5.7218 -3.0178 0.0000 0.00 0.00 1.00 0
-5.7190 -3.0259 0.0000 0.00 0.00 1.00 0
-5.7159 -3.0347 0.0000 0.00 0.00 1.00 0
-5.7182 -3.0453 0.0000 0.00 0.00 1.00 0
-5.7159 -3.0551 0.0000 0.00 0.00 1.00 0
-5.7138 -3.0642 0.0000 0.00 0.00 1.00 0
-5.7112 -3.0808 0.0000 0.00 0.00 1.00 0
-5.7090 -3.0911 0.0000 0.00 0.00 1.00 0
-5.7068 -3.1013 0.0000 0.00 0.00 1.00 0
-5.6996 -3.1188 0.0000 0.00 0.00 1.00 0
-5.6967 -3.1303 0.0000 0.00 0.00 1.00 0
-5.6946 -3.1382 0.0000 0.00 0.00 1.00 0
-5.6840 -3.1489 0.0000 0.00 0.00 1.00 0
-5.6801 -3.1597 0.0000 0.00 0.00 1.00 0
-5.6841 -3.1638 0.0000 0.00 0.00 1.00 0
-5.6815 -3.1736 0.0000 0.00 0.00 1.00 0
-5.6788 -3.1833 0.0000 0.00 0.00 1.00 0
-5.6823 -3.1843 0.0000 0.00 0.00 1.00 0
-5.6806 -3.1926 0.0000 0.00 0.00 1.00 0
-5.6790 -3.2009 0.0000 0.00 0.00 1.00 0
-5.6711 -3.2053 0.0000 0.00 0.00 1.00 0
-5.6682 -3.2139 0.0000 0.00 0.00 1.00 0
-5.6664 -3.2193 0.0000 0.00 0.00 1.00 0
-5.6532 -3.2378 0.0000 0.00 0.00 1.00 0
-5.6490 -3.2471 0.0000 0.00 0.00 1.00 0
-5.6365 -3.2628 0.0000 0.00 0.00 1.00 0
-5.6311 -3.2729 0.0000 0.00 0.00 1.00 0
-5.6252 -3.2838 0.0000 0.00 0.00 1.00 0
-5.6175 -3.3004 0.0000 0.00 0.00 1.00 0
-5.6116 -3.3119 0.0000 0.00 0.00 1.00 0
-5.6064 -3.3219 0.0000 0.00 0.00 1.00 0
-5.6086 -3.3292 0.0000 0.00 0.00 1.00 0
-5.6041 -3.3396 0.0000 0.00 0.00 1.00 0
-5.5997 -3.3498 0.0000 0.00 0.00 1.00 0
-5.6115 -3.3486 0.0000 0.00 0.00 1.00 0
-5.6094 -3.3573 0.0000 0.00 0.00 1.00 0
-5.6080 -3.3604 0.0000 0.00 0.00 1.00 0
-5.6060 -3.3681 0.0000 0.00 0.00 1.00 0
-5.6041 -3.3758 0.0000 0.00 0.00 1.00 0
-5.5913 -3.3878 0.0000 0.00 0.00 1.00 0
-5.5876 -3.3963 0.0000 0.00 0.00 1.00 0
-5.5838 -3.4049 0.0000 0.00 0.00 1.00 0
-5.5678 -3.4248 0.0000 0.00 0.00 1.00 0
-5.5621 -3.4351 0.0000 0.00 0.00 1.00 0
-5.5575 -3.4435 0.0000 0.00 0.00 1.00 0
-5.5489 -3.4581 0.0000 0.00 0.00 1.00 0
-5.5429 -3.4689 0.0000 0.00 0.00 1.00 0
-5.5353 -3.4852 0.0000 0.00 0.00 1.00 0
-5.5290 -3.4969 0.0000 0.00 0.00 1.00 0
-5.5228 -3.5084 0.0000 0.00 0.00 1.00 0
-5.5213 -3.5144 0.0000 0.00 0.00 1.00 0
-5.5158 -3.5250 0.0000 0.00 0.00 1.00 0
-5.5105 -3.5354 0.0000 0.00 0.00 1.00 0
-5.5089 -3.5408 0.0000 0.00 0.00 1.00 0
-5.5056 -3.5475 0.0000 0.00 0.00 1.00 0
-5.5006 -3.5577 0.0000 0.00 0.00 1.00 0
-5.4948 -3.5632 0.0000 0.00 0.00 1.00 0
-5.4901 -3.5719 0.0000 0.00 0.00 1.00 0
-5.4899 -3.5771 0.0000 0.00 0.00 1.00 0
-5.4863 -3.5845 0.0000 0.00 0.00 1.00 0
-5.4818 -3.5938 0.0000 0.00 0.00 1.00 0
-5.4871 -3.6042 0.0000 0.00 0.00 1.00 0
-5.4846 -3.6127 0.0000 0.00 0.00 1.00 0
-5.4820 -3.6213 0.0000 0.00 0.00 1.00 0
-5.4782 -3.6334 0.0000 0.00 0.00 1.00 0
-5.4756 -3.6423 0.0000 0.00 0.00 1.00 0
-5.4630 -3.6485 0.0000 0.00 0.00 1.00 0
-5.4590 -3.6562 0.0000 0.00 0.00 1.00 0
-5.4545 -3.6648 0.0000 0.00 0.00 1.00 0
-5.4380 -3.6725 0.0000 0.00 0.00 1.00 0
-5.4317 -3.6806 0.0000 0.00 0.00 1.00 0
-5.4253 -3.6888 0.0000 0.00 0.00 1.00 0
-5.4218 -3.6923 0.0000 0.00 0.00 1.00 0
-5.4158 -3.6999 0.0000 0.00 0.00 1.00 0
-5.4098 -3.7074 0.0000 0.00 0.00 1.00 0
-5.4143 -3.7182 0.0000 0.00 0.00 1.00 0
-5.4105 -3.7253 0.0000 0.00 0.00 1.00 0
-5.4049 -3.7400 0.0000 0.00 0.00 1.00 0
-5.4010 -3.7480 0.0000 0.00 0.00 1.00 0
-5.3965 -3.7570 0.0000 0.00 0.00 1.00 0
-5.3823 -3.7690 0.0000 0.00 0.00 1.00 0
-5.3762 -3.7784 0.0000 0.00 0.00 1.00 0
-5.3703 -3.7876 0.0000 0.00 0.00 1.00 0
-5.3533 -3.8020 0.0000 0.00 0.00 1.00 0
-5.3454 -3.8122 0.0000 0.00 0.00 1.00 0
-5.3377 -3.8222 0.0000 0.00 0.00 1.00 0
-5.3198 -3.8336 0.0000 0.00 0.00 1.00 0
-5.3105 -3.8439 0.0000 0.00 0.00 1.00 0
-5.3030 -3.8522 0.0000 0.00 0.00 1.00 0
-5.3015 -3.8543 0.0000 0.00 0.00 1.00 0
-5.2936 -3.8632 0.0000 0.00 0.00 1.00 0
-5.3010 -3.8645 0.0000 0.00 0.00 1.00 0
-5.2956 -3.8721 0.0000 0.00 0.00 1.00 0
-5.2901 -3.8800 0.0000 0.00 0.00 1.00 0
-5.2860 -3.8841 0.0000 0.00 0.00 1.00 0
-5.2809 -3.8911 0.0000 0.00 0.00 1.00 0
-5.2757 -3.8982 0.0000 0.00 0.00 1.00 0
-5.2609 -3.9045 0.0000 0.00 0.00 1.00 0
-5.2542 -3.9115 0.0000 0.00 0.00 1.00 0
-5.2480 -3.9179 0.0000 0.00 0.00 1.00 0
-5.2304 -3.9334 0.0000 0.00 0.00 1.00 0
-5.2223 -3.9414 0.0000 0.00 0.00 1.00 0
-5.2188 -3.9468 0.0000 0.00 0.00 1.00 0
-5.2115 -3.9543 0.0000 0.00 0.00 1.00 0
-5.2042 -3.9620 0.0000 0.00 0.00 1.00 0
-5.2061 -3.9689 0.0000 0.00 0.00 1.00 0
-5.2002 -3.9764 0.0000 0.00 0.00 1.00 0
-5.1943 -3.9840 0.0000 0.00 0.00 1.00 0
-5.1856 -3.9921 0.0000 0.00 0.00 1.00 0
-5.1793 -3.9998 0.0000 0.00 0.00 1.00 0
-5.1736 -4.0067 0.0000 0.00 0.00 1.00 0
-5.1581 -4.0189 0.0000 0.00 0.00 1.00 0
-5.1505 -4.0271 0.0000 0.00 0.00 1.00 0
-5.1357 -4.0388 0.0000 0.00 0.00 1.00 0
-5.1269 -4.0477 0.0000 0.00 0.00 1.00 0
-5.1181 -4.0565 0.0000 0.00 0.00 1.00 0
-5.1128 -4.0596 0.0000 0.00 0.00 1.00 0
-5.1045 -4.0675 0.0000 0.00 0.00 1.00 0
-5.0960 -4.0755 0.0000 0.00 0.00 1.00 0
-5.1061 -4.0772 0.0000 0.00 0.00 1.00 0
-5.1007 -4.0841 0.0000 0.00 0.00 1.00 0
-5.0959 -4.0902 0.0000 0.00 0.00 1.00 0
-5.0989 -4.0906 0.0000 0.00 0.00 1.00 0
-5.0949 -4.0964 0.0000 0.00 0.00 1.00 0
-5.0921 -4.1005 0.0000 0.00 0.00 1.00 0
-5.0795 -4.1041 0.0000 0.00 0.00 1.00 0
-5.0745 -4.1092 0.0000 0.00 0.00 1.00 0
-5.0498 -4.1196 0.0000 0.00 0.00 1.00 0
-5.0414 -4.1257 0.0000 0.00 0.00 1.00 0
-5.0323 -4.1324 0.0000 0.00 0.00 1.00 0
-5.0107 -4.1420 0.0000 0.00 0.00 1.00 0
-5.0000 -4.1488 0.0000 0.00 0.00 1.00 0
-4.9825 -4.1613 0.0000 0.00 0.00 1.00 0
-4.9718 -4.1683 0.0000 0.00 0.00 1.00 0
-4.9602 -4.1760 0.0000 0.00 0.00 1.00 0
-4.9602 -4.1803 0.0000 0.00 0.00 1.00 0
-4.9497 -4.1881 0.0000 0.00 0.00 1.00 0
-4.9410 -4.1945 0.0000 0.00 0.00 1.00 0
-4.9472 -4.1927 0.0000 0.00 0.00 1.00 0
-4.9404 -4.1981 0.0000 0.00 0.00 1.00 0
-4.9333 -4.2038 0.0000 0.00 0.00 1.00 0
-4.9394 -4.2125 0.0000 0.00 0.00 1.00 0
-4.9349 -4.2180 0.0000 0.00 0.00 1.00 0
-4.9306 -4.2233 0.0000 0.00 0.00 1.00 0
-4.9213 -4.2278 0.0000 0.00 0.00 1.00 0
-4.9158 -4.2335 0.0000 0.00 0.00 1.00 0
-4.8982 -4.2410 0.0000 0.00 0.00 1.00 0
-4.8909 -4.2467 0.0000 0.00 0.00 1.00 0
-4.8834 -4.2526 0.0000 0.00 0.00 1.00 0
-4.8598 -4.2627 0.0000 0.00 0.00 1.00 0
-4.8495 -4.2694 0.0000 0.00 0.00 1.00 0
-4.8393 -4.2760 0.0000 0.00 0.00 1.00 0
-4.8211 -4.2806 0.0000 0.00 0.00 1.00 0
-4.8098 -4.2868 0.0000 0.00 0.00 1.00 0
-4.7994 -4.2926 0.0000 0.00 0.00 1.00 0
-4.7872 -4.2973 0.0000 0.00 0.00 1.00 0
-4.7758 -4.3032 0.0000 0.00 0.00 1.00 0
-4.7792 -4.3093 0.0000 0.00 0.00 1.00 0
-4.7703 -4.3154 0.0000 0.00 0.00 1.00 0
-4.7614 -4.3214 0.0000 0.00 0.00 1.00 0
-4.7702 -4.3210 0.0000 0.00 0.00 1.00 0
-4.7643 -4.3260 0.0000 0.00 0.00 1.00 0
-4.7584 -4.3308 0.0000 0.00 0.00 1.00 0
-4.7483 -4.3354 0.0000 0.00 0.00 1.00 0
-4.7418 -4.3402 0.0000 0.00 0.00 1.00 0
-4.7352 -4.3451 0.0000 0.00 0.00 1.00 0
-4.7124 -4.3528 0.0000 0.00 0.00 1.00 0
-4.7034 -4.3581 0.0000 0.00 0.00 1.00 0
-4.6971 -4.3618 0.0000 0.00 0.00 1.00 0
-4.6703 -4.3709 0.0000 0.00 0.00 1.00 0
-4.6591 -4.3765 0.0000 0.00 0.00 1.00 0
-4.6391 -4.3842 0.0000 0.00 0.00 1.00 0
-4.6264 -4.3901 0.0000 0.00 0.00 1.00 0
-4.6138 -4.3960 0.0000 0.00 0.00 1.00 0
-4.6043 -4.3969 0.0000 0.00 0.00 1.00 0
-4.5909 -4.4026 0.0000 0.00 0.00 1.00 0
-4.5798 -4.4072 0.0000 0.00 0.00 1.00 0
-4.5795 -4.4052 0.0000 0.00 0.00 1.00 0
-4.5690 -4.4093 0.0000 0.00 0.00 1.00 0
-4.5777 -4.4115 0.0000 0.00 0.00 1.00 0
-4.5703 -4.4154 0.0000 0.00 0.00 1.00 0
-4.5638 -4.4188 0.0000 0.00 0.00 1.00 0
-4.5658 -4.4272 0.0000 0.00 0.00 1.00 0
-4.5603 -4.4317 0.0000 0.00 0.00 1.00 0
-4.5542 -4.4367 0.0000 0.00 0.00 1.00 0
-4.5412 -4.4427 0.0000 0.00 0.00 1.00 0
-4.5352 -4.4470 0.0000 0.00 0.00 1.00 0
-4.5284 -4.4517 0.0000 0.00 0.00 1.00 0
-4.5038 -4.4629 0.0000 0.00 0.00 1.00 0
-4.4944 -4.4686 0.0000 0.00 0.00 1.00 0
-4.4878 -4.4726 0.0000 0.00 0.00 1.00 0
-4.4630 -4.4739 0.0000 0.00 0.00 1.00 0
-4.4516 -4.4787 0.0000 0.00 0.00 1.00 0
-4.4324 -4.4841 0.0000 0.00 0.00 1.00 0
-4.4197 -4.4891 0.0000 0.00 0.00 1.00 0
-4.4071 -4.4940 0.0000 0.00 0.00 1.00 0
-4.3907 -4.4944 0.0000 0.00 0.00 1.00 0
-4.3775 -4.4986 0.0000 0.00 0.00 1.00 0
-4.3654 -4.5024 0.0000 0.00 0.00 1.00 0
-4.3583 -4.5034 0.0000 0.00 0.00 1.00 0
-4.3462 -4.5070 0.0000 0.00 0.00 1.00 0
-4.3363 -4.5100 0.0000 0.00 0.00 1.00 0
-4.3396 -4.5120 0.0000 0.00 0.00 1.00 0
-4.3300 -4.5154 0.0000 0.00 0.00 1.00 0
-4.3390 -4.5252 0.0000 0.00 0.00 1.00 0
-4.3327 -4.5295 0.0000 0.00 0.00 1.00 0
-4.3262 -4.5339 0.0000 0.00 0.00 1.00 0
-4.3156 -4.5410 0.0000 0.00 0.00 1.00 0
-4.3086 -4.5457 0.0000 0.00 0.00 1.00 0
-4.3023 -4.5500 0.0000 0.00 0.00 1.00 0
-4.2861 -4.5548 0.0000 0.00 0.00 1.00 0
-4.2777 -4.5595 0.0000 0.00 0.00 1.00 0
-4.2720 -4.5627 0.0000 0.00 0.00 1.00 0
-4.2422 -4.5657 0.0000 0.00 0.00 1.00 0
-4.2311 -4.5700 0.0000 0.00 0.00 1.00 0
-4.2155 -4.5713 0.0000 0.00 0.00 1.00 0
-4.2036 -4.5750 0.0000 0.00 0.00 1.00 0
-4.1920 -4.5787 0.0000 0.00 0.00 1.00 0
-4.1773 -4.5779 0.0000 0.00 0.00 1.00 0
-4.1648 -4.5809 0.0000 0.00 0.00 1.00 0
-4.1548 -4.5834 0.0000 0.00 0.00 1.00 0
-4.1400 -4.5841 0.0000 0.00 0.00 1.00 0
-4.1275 -4.5867 0.0000 0.00 0.00 1.00 0
-4.1188 -4.5885 0.0000 0.00 0.00 1.00 0
-4.1097 -4.5897 0.0000 0.00 0.00 1.00 0
-4.0983 -4.5920 0.0000 0.00 0.00 1.00 0
-4.0904 -4.5954 0.0000 0.00 0.00 1.00 0
-4.0794 -4.5979 0.0000 0.00 0.00 1.00 0
-4.0685 -4.6004 0.0000 0.00 0.00 1.00 0
-4.0584 -4.6080 0.0000 0.00 0.00 1.00 0
-4.0476 -4.6113 0.0000 0.00 0.00 1.00 0
-4.0378 -4.6143 0.0000 0.00 0.00 1.00 0
-4.0271 -4.6206 0.0000 0.00 0.00 1.00 0
-4.0168 -4.6242 0.0000 0.00 0.00 1.00 0
-4.0125 -4.6271 0.0000 0.00 0.00 1.00 0
-4.0030 -4.6307 0.0000 0.00 0.00 1.00 0
-3.9938 -4.6342 0.0000 0.00 0.00 1.00 0
-3.9891 -4.6364 0.0000 0.00 0.00 1.00 0
-3.9804 -4.6398 0.0000 0.00 0.00 1.00 0
-3.9717 -4.6432 0.0000 0.00 0.00 1.00 0
-3.9707 -4.6459 0.0000 0.00 0.00 1.00 0
-3.9633 -4.6491 0.0000 0.00 0.00 1.00 0
-3.9566 -4.6521 0.0000 0.00 0.00 1.00 0
-3.9421 -4.6558 0.0000 0.00 0.00 1.00 0
-3.9336 -4.6592 0.0000 0.00 0.00 1.00 0
-3.9287 -4.6611 0.0000 0.00 0.00 1.00 0
-3.9046 -4.6653 0.0000 0.00 0.00 1.00 0
-3.8944 -4.6685 0.0000 0.00 0.00 1.00 0
-3.8731 -4.6734 0.0000 0.00 0.00 1.00 0
-3.8611 -4.6769 0.0000 0.00 0.00 1.00 0
-3.8490 -4.6805 0.0000 0.00 0.00 1.00 0
-3.8340 -4.6819 0.0000 0.00 0.00 1.00 0
-3.8216 -4.6850 0.0000 0.00 0.00 1.00 0
-3.8090 -4.6882 0.0000 0.00 0.00 1.00 0
-3.7959 -4.6889 0.0000 0.00 0.00 1.00 0
-3.7833 -4.6918 0.0000 0.00 0.00 1.00 0
-3.7744 -4.6937 0.0000 0.00 0.00 1.00 0
-3.7621 -4.6966 0.0000 0.00 0.00 1.00 0
-3.7500 -4.6993 0.0000 0.00 0.00 1.00 0
-3.7414 -4.6986 0.0000 0.00 0.00 1.00 0
-3.7300 -4.7007 0.0000 0.00 0.00 1.00 0
-3.7194 -4.7027 0.0000 0.00 0.00 1.00 0
-3.7170 -4.7108 0.0000 0.00 0.00 1.00 0
-3.7068 -4.7139 0.0000 0.00 0.00 1.00 0
-3.6979 -4.7166 0.0000 0.00 0.00 1.00 0
-3.6977 -4.7283 0.0000 0.00 0.00 1.00 0
-3.6894 -4.7326 0.0000 0.00 0.00 1.00 0
-3.6753 -4.7317 0.0000 0.00 0.00 1.00 0
-3.6660 -4.7351 0.0000 0.00 0.00 1.00 0
-3.6578 -4.7382 0.0000 0.00 0.00 1.00 0
-3.6433 -4.7374 0.0000 0.00 0.00 1.00 0
-3.6331 -4.7402 0.0000 0.00 0.00 1.00 0
-3.6221 -4.7431 0.0000 0.00 0.00 1.00 0
-3.6024 -4.7404 0.0000 0.00 0.00 1.00 0
-3.5896 -4.7424 0.0000 0.00 0.00 1.00 0
-3.5788 -4.7441 0.0000 0.00 0.00 1.00 0
-3.5590 -4.7438 0.0000 0.00 0.00 1.00 0
-3.5461 -4.7453 0.0000 0.00 0.00 1.00 0
-3.5383 -4.7463 0.0000 0.00 0.00 1.00 0
-3.5203 -4.7466 0.0000 0.00 0.00 1.00 0
-3.5074 -4.7478 0.0000 0.00 0.00 1.00 0
-3.4965 -4.7484 0.0000 0.00 0.00 1.00 0
-3.4826 -4.7497 0.0000 0.00 0.00 1.00 0
-3.4711 -4.7507 0.0000 0.00 0.00 1.00 0
-3.4601 -4.7525 0.0000 0.00 0.00 1.00 0
-3.4480 -4.7537 0.0000 0.00 0.00 1.00 0
-3.4369 -4.7548 0.0000 0.00 0.00 1.00 0
-3.4285 -4.7610 0.0000 0.00 0.00 1.00 0
-3.4170 -4.7630 0.0000 0.00 0.00 1.00 0
-3.4203 -4.7722 0.0000 0.00 0.00 1.00 0
-3.4114 -4.7754 0.0000 0.00 0.00 1.00 0
-3.4024 -4.7787 0.0000 0.00 0.00 1.00 0
-3.4055 -4.7837 0.0000 0.00 0.00 1.00 0
-3.3986 -4.7872 0.0000 0.00 0.00 1.00 0
-3.3917 -4.7907 0.0000 0.00 0.00 1.00 0
-3.3850 -4.7883 0.0000 0.00 0.00 1.00 0
-3.3781 -4.7909 0.0000 0.00 0.00 1.00 0
-3.3720 -4.7932 0.0000 0.00 0.00 1.00 0
-3.3495 -4.7878 0.0000 0.00 0.00 1.00 0
-3.3404 -4.7891 0.0000 0.00 0.00 1.00 0
-3.3338 -4.7901 0.0000 0.00 0.00 1.00 0
-3.3023 -4.7846 0.0000 0.00 0.00 1.00 0
-3.2903 -4.7849 0.0000 0.00 0.00 1.00 0
-3.2679 -4.7825 0.0000 0.00 0.00 1.00 0
-3.2540 -4.7823 0.0000 0.00 0.00 1.00 0
-3.2401 -4.7821 0.0000 0.00 0.00 1.00 0
-3.2246 -4.7823 0.0000 0.00 0.00 1.00 0
-3.2106 -4.7821 0.0000 0.00 0.00 1.00 0
-3.1965 -4.7820 0.0000 0.00 0.00 1.00 0
-3.1901 -4.7877 0.0000 0.00 0.00 1.00 0
-3.1773 -4.7885 0.0000 0.00 0.00 1.00 0
-3.1669 -4.7891 0.0000 0.00 0.00 1.00 0
-3.1581 -4.7896 0.0000 0.00 0.00 1.00 0
-3.1464 -4.7903 0.0000 0.00 0.00 1.00 0
-3.1455 -4.7922 0.0000 0.00 0.00 1.00 0
-3.1329 -4.7934 0.0000 0.00 0.00 1.00 0
-3.1225 -4.7943 0.0000 0.00 0.00 1.00 0
-3.1185 -4.8015 0.0000 0.00 0.00 1.00 0
-3.1092 -4.8035 0.0000 0.00 0.00 1.00 0
-3.1000 -4.8054 0.0000 0.00 0.00 1.00 0
-3.0921 -4.8111 0.0000 0.00 0.00 1.00 0
-3.0828 -4.8137 0.0000 0.00 0.00 1.00 0
-3.0755 -4.8157 0.0000 0.00 0.00 1.00 0
-3.0595 -4.8113 0.0000 0.00 0.00 1.00 0
-3.0496 -4.8127 0.0000 0.00 0.00 1.00 0
-3.0326 -4.8068 0.0000 0.00 0.00 1.00 0
-3.0214 -4.8070 0.0000 0.00 0.00 1.00 0
-3.0101 -4.8072 0.0000 0.00 0.00 1.00 0
-2.9934 -4.8028 0.0000 0.00 0.00 1.00 0
-2.9812 -4.8023 0.0000 0.00 0.00 1.00 0
-2.9704 -4.8018 0.0000 0.00 0.00 1.00 0
-2.9465 -4.8033 0.0000 0.00 0.00 1.00 0
-2.9328 -4.8030 0.0000 0.00 0.00 1.00 0
-2.9216 -4.8028 0.0000 0.00 0.00 1.00 0
-2.9083 -4.8008 0.0000 0.00 0.00 1.00 0
-2.8965 -4.8003 0.0000 0.00 0.00 1.00 0
-2.8850 -4.8036 0.0000 0.00 0.00 1.00 0
-2.8723 -4.8037 0.0000 0.00 0.00 1.00 0
-2.8596 -4.8039 0.0000 0.00 0.00 1.00 0
-2.8533 -4.8045 0.0000 0.00 0.00 1.00 0
-2.8414 -4.8047 0.0000 0.00 0.00 1.00 0
-2.8295 -4.8049 0.0000 0.00 0.00 1.00 0
-2.8309 -4.8060 0.0000 0.00 0.00 1.00 0
-2.8212 -4.8064 0.0000 0.00 0.00 1.00 0
-2.8214 -4.8128 0.0000 0.00 0.00 1.00 0
-2.8138 -4.8142 0.0000 0.00 0.00 1.00 0
-2.8059 -4.8156 0.0000 0.00 0.00 1.00 0
-2.8008 -4.8151 0.0000 0.00 0.00 1.00 0
-2.7935 -4.8161 0.0000 0.00 0.00 1.00 0
-2.7866 -4.8171 0.0000 0.00 0.00 1.00 0
-2.7724 -4.8164 0.0000 0.00 0.00 1.00 0
-2.7640 -4.8172 0.0000 0.00 0.00 1.00 0
-2.7557 -4.8179 0.0000 0.00 0.00 1.00 0
-2.7270 -4.8099 0.0000 0.00 0.00 1.00 0
-2.7163 -4.8094 0.0000 0.00 0.00 1.00 0
-2.6952 -4.8053 0.0000 0.00 0.00 1.00 0
-2.6830 -4.8042 0.0000 0.00 0.00 1.00 0
-2.6699 -4.8030 0.0000 0.00 0.00 1.00 0
-2.6520 -4.7970 0.0000 0.00 0.00 1.00 0
-2.6397 -4.7953 0.0000 0.00 0.00 1.00 0
-2.6244 -4.7931 0.0000 0.00 0.00 1.00 0
-2.6165 -4.7941 0.0000 0.00 0.00 1.00 0
-2.6036 -4.7927 0.0000 0.00 0.00 1.00 0
-2.5908 -4.7912 0.0000 0.00 0.00 1.00 0
-2.5875 -4.7941 0.0000 0.00 0.00 1.00 0
-2.5765 -4.7933 0.0000 0.00 0.00 1.00 0
-2.5674 -4.7926 0.0000 0.00 0.00 1.00 0
-2.5677 -4.7910 0.0000 0.00 0.00 1.00 0
-2.5585 -4.7901 0.0000 0.00 0.00 1.00 0
-2.5469 -4.7929 0.0000 0.00 0.00 1.00 0
-2.5373 -4.7926 0.0000 0.00 0.00 1.00 0
-2.5277 -4.7923 0.0000 0.00 0.00 1.00 0
-2.5117 -4.7942 0.0000 0.00 0.00 1.00 0
-2.5012 -4.7943 0.0000 0.00 0.00 1.00 0
-2.4905 -4.7944 0.0000 0.00 0.00 1.00 0
-2.4713 -4.7944 0.0000 0.00 0.00 1.00 0
-2.4593 -4.7945 0.0000 0.00 0.00 1.00 0
-2.4485 -4.7861 0.0000 0.00 0.00 1.00 0
-2.4370 -4.7846 0.0000 0.00 0.00 1.00 0
-2.4254 -4.7832 0.0000 0.00 0.00 1.00 0
-2.4159 -4.7807 0.0000 0.00 0.00 1.00 0
-2.4046 -4.7791 0.0000 0.00 0.00 1.00 0
-2.3932 -4.7775 0.0000 0.00 0.00 1.00 0
-2.3870 -4.7739 0.0000 0.00 0.00 1.00 0
-2.3764 -4.7719 0.0000 0.00 0.00 1.00 0
-2.3660 -4.7700 0.0000 0.00 0.00 1.00 0
-2.3566 -4.7701 0.0000 0.00 0.00 1.00 0
-2.3463 -4.7685 0.0000 0.00 0.00 1.00 0
-2.3381 -4.7672 0.0000 0.00 0.00 1.00 0
-2.3237 -4.7647 0.0000 0.00 0.00 1.00 0
-2.3124 -4.7629 0.0000 0.00 0.00 1.00 0
-2.2990 -4.7614 0.0000 0.00 0.00 1.00 0
-2.2876 -4.7597 0.0000 0.00 0.00 1.00 0
-2.2763 -4.7580 0.0000 0.00 0.00 1.00 0
-2.2637 -4.7571 0.0000 0.00 0.00 1.00 0
-2.2547 -4.7559 0.0000 0.00 0.00 1.00 0
-2.2417 -4.7541 0.0000 0.00 0.00 1.00 0
-2.2338 -4.7536 0.0000 0.00 0.00 1.00 0
-2.2231 -4.7522 0.0000 0.00 0.00 1.00 0
-2.2134 -4.7510 0.0000 0.00 0.00 1.00 0
-2.2003 -4.7473 0.0000 0.00 0.00 1.00 0
-2.1892 -4.7456 0.0000 0.00 0.00 1.00 0
-2.1702 -4.7421 0.0000 0.00 0.00 1.00 0
-2.1577 -4.7400 0.0000 0.00 0.00 1.00 0
-2.1455 -4.7380 0.0000 0.00 0.00 1.00 0
-2.1270 -4.7349 0.0000 0.00 0.00 1.00 0
-2.1137 -4.7327 0.0000 0.00 0.00 1.00 0
-2.1004 -4.7306 0.0000 0.00 0.00 1.00 0
-2.0843 -4.7272 0.0000 0.00 0.00 1.00 0
-2.0705 -4.7249 0.0000 0.00 0.00 1.00 0
-2.0582 -4.7228 0.0000 0.00 0.00 1.00 0
-2.0440 -4.7188 0.0000 0.00 0.00 1.00 0
-2.0301 -4.7162 0.0000 0.00 0.00 1.00 0
-2.0221 -4.7147 0.0000 0.00 0.00 1.00 0
-1.9978 -4.7095 0.0000 0.00 0.00 1.00 0
-1.9833 -4.7067 0.0000 0.00 0.00 1.00 0
-1.9603 -4.7027 0.0000 0.00 0.00 1.00 0
-1.9430 -4.6994 0.0000 0.00 0.00 1.00 0
-1.9270 -4.6964 0.0000 0.00 0.00 1.00 0
-1.9030 -4.6929 0.0000 0.00 0.00 1.00 0
-1.8854 -4.6897 0.0000 0.00 0.00 1.00 0
-1.8679 -4.6866 0.0000 0.00 0.00 1.00 0
-1.8492 -4.6852 0.0000 0.00 0.00 1.00 0
-1.8314 -4.6823 0.0000 0.00 0.00 1.00 0
-1.8168 -4.6840 0.0000 0.00 0.00 1.00 0
-1.7999 -4.6819 0.0000 0.00 0.00 1.00 0
-1.7829 -4.6799 0.0000 0.00 0.00 1.00 0
-1.7677 -4.6752 0.0000 0.00 0.00 1.00 0
-1.7508 -4.6727 0.0000 0.00 0.00 1.00 0
-1.7342 -4.6702 0.0000 0.00 0.00 1.00 0
-1.7159 -4.6651 0.0000 0.00 0.00 1.00 0
-1.6990 -4.6622 0.0000 0.00 0.00 1.00 0
-1.6822 -4.6593 0.0000 0.00 0.00 1.00 0
-1.6654 -4.6581 0.0000 0.00 0.00 1.00 0
-1.6483 -4.6554 0.0000 0.00 0.00 1.00 0
-1.6396 -4.6536 0.0000 0.00 0.00 1.00 0
-1.6256 -4.6514 0.0000 0.00 0.00 1.00 0
-1.6101 -4.6489 0.0000 0.00 0.00 1.00 0
-1.5934 -4.6412 0.0000 0.00 0.00 1.00 0
-1.5779 -4.6378 0.0000 0.00 0.00 1.00 0
-1.5623 -4.6345 0.0000 0.00 0.00 1.00 0
-1.5456 -4.6339 0.0000 0.00 0.00 1.00 0
-1.5314 -4.6313 0.0000 0.00 0.00 1.00 0
-1.5158 -4.6284 0.0000 0.00 0.00 1.00 0
-1.4966 -4.6248 0.0000 0.00 0.00 1.00 0
-1.4803 -4.6218 0.0000 0.00 0.00 1.00 0
-1.4677 -4.6195 0.0000 0.00 0.00 1.00 0
-1.4467 -4.6160 0.0000 0.00 0.00 1.00 0
-1.4285 -4.6127 0.0000 0.00 0.00 1.00 0
-1.4125 -4.6100 0.0000 0.00 0.00 1.00 0
-1.3943 -4.6067 0.0000 0.00 0.00 1.00 0
-1.3791 -4.6040 0.0000 0.00 0.00 1.00 0
-1.3587 -4.6033 0.0000 0.00 0.00 1.00 0
-1.3396 -4.6004 0.0000 0.00 0.00 1.00 0
-1.3256 -4.5983 0.0000 0.00 0.00 1.00 0
-1.3084 -4.5969 0.0000 0.00 0.00 1.00 0
-1.2897 -4.5943 0.0000 0.00 0.00 1.00 0
-1.2770 -4.5920 0.0000 0.00 0.00 1.00 0
-1.2608 -4.5896 0.0000 0.00 0.00 1.00 0
-1.2444 -4.5872 0.0000 0.00 0.00 1.00 0
-1.2301 -4.5835 0.0000 0.00 0.00 1.00 0
-1.2124 -4.5806 0.0000 0.00 0.00 1.00 0
-1.1962 -4.5780 0.0000 0.00 0.00 1.00 0
-1.1786 -4.5725 0.0000 0.00 0.00 1.00 0
-1.1620 -4.5694 0.0000 0.00 0.00 1.00 0
-1.1447 -4.5662 0.0000 0.00 0.00 1.00 0
-1.1223 -4.5655 0.0000 0.00 0.00 1.00 0
-1.1066 -4.5631 0.0000 0.00 0.00 1.00 0
-1.0900 -4.5630 0.0000 0.00 0.00 1.00 0
-1.0729 -4.5608 0.0000 0.00 0.00 1.00 0
-1.0576 -4.5588 0.0000 0.00 0.00 1.00 0
-1.0433 -4.5558 0.0000 0.00 0.00 1.00 0
-1.0253 -4.5532 0.0000 0.00 0.00 1.00 0
-1.0089 -4.5509 0.0000 0.00 0.00 1.00 0
-0.9960 -4.5452 0.0000 0.00 0.00 1.00 0
-0.9800 -4.5423 0.0000 0.00 0.00 1.00 0
-0.9640 -4.5394 0.0000 0.00 0.00 1.00 0
-0.9495 -4.5370 0.0000 0.00 0.00 1.00 0
-0.9337 -4.5341 0.0000 0.00 0.00 1.00 0
-0.9197 -4.5316 0.0000 0.00 0.00 1.00 0
-0.8999 -4.5274 0.0000 0.00 0.00 1.00 0
-0.8838 -4.5244 0.0000 0.00 0.00 1.00 0
-0.8677 -4.5209 0.0000 0.00 0.00 1.00 0
-0.8514 -4.5177 0.0000 0.00 0.00 1.00 0
-0.8350 -4.5146 0.0000 0.00 0.00 1.00 0
-0.8207 -4.5118 0.0000 0.00 0.00 1.00 0
-0.8049 -4.5087 0.0000 0.00 0.00 1.00 0
-0.7893 -4.5057 0.0000 0.00 0.00 1.00 0
-0.7687 -4.5036 0.0000 0.00 0.00 1.00 0
-0.7520 -4.5006 0.0000 0.00 0.00 1.00 0
-0.7372 -4.4980 0.0000 0.00 0.00 1.00 0
-0.7118 -4.4976 0.0000 0.00 0.00 1.00 0
-0.6942 -4.4951 0.0000 0.00 0.00 1.00 0
-0.6835 -4.4936 0.0000 0.00 0.00 1.00 0
-0.6692 -4.4917 0.0000 0.00 0.00 1.00 0
-0.6528 -4.4894 0.0000 0.00 0.00 1.00 0
-0.6634 -4.4884 0.0000 0.00 0.00 1.00 0
-0.6517 -4.4863 0.0000 0.00 0.00 1.00 0
-0.6399 -4.4842 0.0000 0.00 0.00 1.00 0
-0.6570 -4.4869 0.0000 0.00 0.00 1.00 0
-0.6498 -4.4855 0.0000 0.00 0.00 1.00 0
-0.6434 -4.4844 0.0000 0.00 0.00 1.00 0
-0.6449 -4.4825 0.0000 0.00 0.00 1.00 0
-0.6391 -4.4811 0.0000 0.00 0.00 1.00 0
-0.6350 -4.4801 0.0000 0.00 0.00 1.00 0
-0.6342 -4.4859 0.0000 0.00 0.00 1.00 0
-0.6293 -4.4856 0.0000 0.00 0.00 1.00 0
-0.6229 -4.4855 0.0000 0.00 0.00 1.00 0
-0.6180 -4.4852 0.0000 0.00 0.00 1.00 0
-0.6130 -4.4850 0.0000 0.00 0.00 1.00 0
-0.5929 -4.4848 0.0000 0.00 0.00 1.00 0
-0.5853 -4.4845 0.0000 0.00 0.00 1.00 0
-0.5779 -4.4843 0.0000 0.00 0.00 1.00 0
-0.5588 -4.4753 0.0000 0.00 0.00 1.00 0
-0.5494 -4.4737 0.0000 0.00 0.00 1.00 0
-0.5430 -4.4726 0.0000 0.00 0.00 1.00 0
-0.5130 -4.4622 0.0000 0.00 0.00 1.00 0
-0.4999 -4.4592 0.0000 0.00 0.00 1.00 0
-0.4835 -4.4558 0.0000 0.00 0.00 1.00 0
-0.4704 -4.4528 0.0000 0.00 0.00 1.00 0
-0.4563 -4.4495 0.0000 0.00 0.00 1.00 0
-0.4479 -4.4453 0.0000 0.00 0.00 1.00 0
-0.4356 -4.4421 0.0000 0.00 0.00 1.00 0
-0.4231 -4.4389 0.0000 0.00 0.00 1.00 0
-0.4210 -4.4409 0.0000 0.00 0.00 1.00 0
-0.4093 -4.4383 0.0000 0.00 0.00 1.00 0
-0.4015 -4.4366 0.0000 0.00 0.00 1.00 0
-0.4021 -4.4366 0.0000 0.00 0.00 1.00 0
-0.3933 -4.4347 0.0000 0.00 0.00 1.00 0
-0.3846 -4.4328 0.0000 0.00 0.00 1.00 0
-0.3759 -4.4308 0.0000 0.00 0.00 1.00 0
-0.3670 -4.4288 0.0000 0.00 0.00 1.00 0
-0.3563 -4.4271 0.0000 0.00 0.00 1.00 0
-0.3471 -4.4252 0.0000 0.00 0.00 1.00 0
-0.3380 -4.4233 0.0000 0.00 0.00 1.00 0
-0.3242 -4.4155 0.0000 0.00 0.00 1.00 0
-0.3144 -4.4127 0.0000 0.00 0.00 1.00 0
-0.3064 -4.4104 0.0000 0.00 0.00 1.00 0
-0.3026 -4.4097 0.0000 0.00 0.00 1.00 0
-0.2940 -4.4073 0.0000 0.00 0.00 1.00 0
-0.2880 -4.4149 0.0000 0.00 0.00 1.00 0
-0.2798 -4.4142 0.0000 0.00 0.00 1.00 0
-0.2717 -4.4135 0.0000 0.00 0.00 1.00 0
-0.2569 -4.4089 0.0000 0.00 0.00 1.00 0
-0.2476 -4.4075 0.0000 0.00 0.00 1.00 0
-0.2383 -4.4062 0.0000 0.00 0.00 1.00 0
-0.2198 -4.3948 0.0000 0.00 0.00 1.00 0
-0.2091 -4.3919 0.0000 0.00 0.00 1.00 0
-0.2004 -4.3895 0.0000 0.00 0.00 1.00 0
-0.1780 -4.3758 0.0000 0.00 0.00 1.00 0
-0.1660 -4.3714 0.0000 0.00 0.00 1.00 0
-0.1586 -4.3686 0.0000 0.00 0.00 1.00 0
-0.1506 -4.3640 0.0000 0.00 0.00 1.00 0
-0.1398 -4.3598 0.0000 0.00 0.00 1.00 0
-0.1368 -4.3670 0.0000 0.00 0.00 1.00 0
-0.1273 -4.3646 0.0000 0.00 0.00 1.00 0
-0.1177 -4.3623 0.0000 0.00 0.00 1.00 0
-0.1153 -4.3612 0.0000 0.00 0.00 1.00 0
-0.1069 -4.3591 0.0000 0.00 0.00 1.00 0
-0.0969 -4.3576 0.0000 0.00 0.00 1.00 0
-0.0887 -4.3557 0.0000 0.00 0.00 1.00 0
-0.0800 -4.3537 0.0000 0.00 0.00 1.00 0
-0.0747 -4.3524 0.0000 0.00 0.00 1.00 0
-0.0558 -4.3436 0.0000 0.00 0.00 1.00 0
-0.0461 -4.3407 0.0000 0.00 0.00 1.00 0
-0.0376 -4.3312 0.0000 0.00 0.00 1.00 0
-0.0282 -4.3272 0.0000 0.00 0.00 1.00 0
-0.0187 -4.3232 0.0000 0.00 0.00 1.00 0
-0.0132 -4.3196 0.0000 0.00 0.00 1.00 0
-0.0044 -4.3158 0.0000 0.00 0.00 1.00 0
0.0034 -4.3123 0.0000 0.00 0.00 1.00 0
0.0161 -4.3174 0.0000 0.00 0.00 1.00 0
0.0254 -4.3149 0.0000 0.00 0.00 1.00 0
0.0371 -4.3072 0.0000 0.00 0.00 1.00 0
0.0467 -4.3039 0.0000 0.00 0.00 1.00 0
0.0563 -4.3005 0.0000 0.00 0.00 1.00 0
0.0701 -4.2877 0.0000 0.00 0.00 1.00 0
0.0804 -4.2828 0.0000 0.00 0.00 1.00 0
0.0907 -4.2779 0.0000 0.00 0.00 1.00 0
0.1091 -4.2633 0.0000 0.00 0.00 1.00 0
0.1208 -4.2568 0.0000 0.00 0.00 1.00 0
0.1313 -4.2510 0.0000 0.00 0.00 1.00 0
0.1349 -4.2383 0.0000 0.00 0.00 1.00 0
0.1452 -4.2308 0.0000 0.00 0.00 1.00 0
0.1533 -4.2250 0.0000 0.00 0.00 1.00 0
0.1541 -4.2282 0.0000 0.00 0.00 1.00 0
0.1626 -4.2226 0.0000 0.00 0.00 1.00 0
0.1642 -4.2265 0.0000 0.00 0.00 1.00 0
0.1716 -4.2224 0.0000 0.00 0.00 1.00 0
0.1792 -4.2183 0.0000 0.00 0.00 1.00 0
0.1886 -4.2120 0.0000 0.00 0.00 1.00 0
0.1963 -4.2076 0.0000 0.00 0.00 1.00 0
0.2042 -4.2032 0.0000 0.00 0.00 1.00 0
0.2196 -4.1912 0.0000 0.00 0.00 1.00 0
0.2275 -4.1863 0.0000 0.00 0.00 1.00 0
0.2383 -4.1744 0.0000 0.00 0.00 1.00 0
0.2473 -4.1679 0.0000 0.00 0.00 1.00 0
0.2564 -4.1613 0.0000 0.00 0.00 1.00 0
0.2668 -4.1609 0.0000 0.00 0.00 1.00 0
0.2759 -4.1555 0.0000 0.00 0.00 1.00 0
0.2852 -4.1499 0.0000 0.00 0.00 1.00 0
0.2969 -4.1476 0.0000 0.00 0.00 1.00 0
0.3063 -4.1427 0.0000 0.00 0.00 1.00 0
0.3159 -4.1377 0.0000 0.00 0.00 1.00 0
0.3268 -4.1218 0.0000 0.00 0.00 1.00 0
0.3368 -4.1151 0.0000 0.00 0.00 1.00 0
0.3504 -4.1008 0.0000 0.00 0.00 1.00 0
0.3609 -4.0927 0.0000 0.00 0.00 1.00 0
0.3713 -4.0848 0.0000 0.00 0.00 1.00 0
0.3724 -4.0768 0.0000 0.00 0.00 1.00 0
0.3815 -4.0686 0.0000 0.00 0.00 1.00 0
0.3903 -4.0607 0.0000 0.00 0.00 1.00 0
0.3906 -4.0664 0.0000 0.00 0.00 1.00 0
0.3982 -4.0605 0.0000 0.00 0.00 1.00 0
0.4057 -4.0547 0.0000 0.00 0.00 1.00 0
0.4109 -4.0561 0.0000 0.00 0.00 1.00 0
0.4181 -4.0514 0.0000 0.00 0.00 1.00 0
0.4229 -4.0403 0.0000 0.00 0.00 1.00 0
0.4295 -4.0347 0.0000 0.00 0.00 1.00 0
0.4362 -4.0289 0.0000 0.00 0.00 1.00 0
0.4396 -4.0260 0.0000 0.00 0.00 1.00 0
0.4556 -4.0042 0.0000 0.00 0.00 1.00 0
0.4632 -3.9965 0.0000 0.00 0.00 1.00 0
0.4684 -3.9855 0.0000 0.00 0.00 1.00 0
0.4762 -3.9765 0.0000 0.00 0.00 1.00 0
0.4835 -3.9681 0.0000 0.00 0.00 1.00 0
0.4851 -3.9636 0.0000 0.00 0.00 1.00 0
0.4915 -3.9558 0.0000 0.00 0.00 1.00 0
0.4973 -3.9488 0.0000 0.00 0.00 1.00 0
0.5071 -3.9514 0.0000 0.00 0.00 1.00 0
0.5139 -3.9453 0.0000 0.00 0.00 1.00 0
0.5159 -3.9378 0.0000 0.00 0.00 1.00 0
0.5218 -3.9315 0.0000 0.00 0.00 1.00 0
0.5278 -3.9251 0.0000 0.00 0.00 1.00 0
0.5376 -3.9136 0.0000 0.00 0.00 1.00 0
0.5442 -3.9065 0.0000 0.00 0.00 1.00 0
0.5508 -3.8993 0.0000 0.00 0.00 1.00 0
0.5553 -3.8897 0.0000 0.00 0.00 1.00 0
0.5616 -3.8820 0.0000 0.00 0.00 1.00 0
0.5668 -3.8758 0.0000 0.00 0.00 1.00 0
0.5753 -3.8705 0.0000 0.00 0.00 1.00 0
0.5818 -3.8635 0.0000 0.00 0.00 1.00 0
0.5935 -3.8603 0.0000 0.00 0.00 1.00 0
0.6009 -3.8540 0.0000 0.00 0.00 1.00 0
0.6083 -3.8476 0.0000 0.00 0.00 1.00 0
0.6130 -3.8347 0.0000 0.00 0.00 1.00 0
0.6199 -3.8273 0.0000 0.00 0.00 1.00 0
0.6268 -3.8198 0.0000 0.00 0.00 1.00 0
0.6289 -3.8049 0.0000 0.00 0.00 1.00 0
0.6351 -3.7963 0.0000 0.00 0.00 1.00 0
0.6407 -3.7885 0.0000 0.00 0.00 1.00 0
0.6439 -3.7732 0.0000 0.00 0.00 1.00 0
0.6496 -3.7636 0.0000 0.00 0.00 1.00 0
0.6576 -3.7516 0.0000 0.00 0.00 1.00 0
0.6636 -3.7416 0.0000 0.00 0.00 1.00 0
0.6697 -3.7317 0.0000 0.00 0.00 1.00 0
0.6763 -3.7192 0.0000 0.00 0.00 1.00 0
0.6825 -3.7087 0.0000 0.00 0.00 1.00 0
0.6886 -3.6984 0.0000 0.00 0.00 1.00 0
0.6893 -3.6871 0.0000 0.00 0.00 1.00 0
0.6945 -3.6767 0.0000 0.00 0.00 1.00 0
0.6992 -3.6673 0.0000 0.00 0.00 1.00 0
0.7057 -3.6546 0.0000 0.00 0.00 1.00 0
0.7109 -3.6441 0.0000 0.00 0.00 1.00 0
0.7146 -3.6368 0.0000 0.00 0.00 1.00 0
0.7099 -3.6295 0.0000 0.00 0.00 1.00 0
0.7135 -3.6200 0.0000 0.00 0.00 1.00 0
0.7213 -3.6175 0.0000 0.00 0.00 1.00 0
0.7257 -3.6089 0.0000 0.00 0.00 1.00 0
0.7301 -3.6002 0.0000 0.00 0.00 1.00 0
0.7412 -3.5965 0.0000 0.00 0.00 1.00 0
0.7466 -3.5888 0.0000 0.00 0.00 1.00 0
0.7520 -3.5811 0.0000 0.00 0.00 1.00 0
0.7539 -3.5721 0.0000 0.00 0.00 1.00 0
0.7587 -3.5644 0.0000 0.00 0.00 1.00 0
0.7586 -3.5450 0.0000 0.00 0.00 1.00 0
0.7624 -3.5356 0.0000 0.00 0.00 1.00 0
0.7664 -3.5256 0.0000 0.00 0.00 1.00 0
0.7677 -3.5067 0.0000 0.00 0.00 1.00 0
0.7712 -3.4955 0.0000 0.00 0.00 1.00 0
0.7747 -3.4840 0.0000 0.00 0.00 1.00 0
0.7751 -3.4811 0.0000 0.00 0.00 1.00 0
0.7782 -3.4710 0.0000 0.00 0.00 1.00 0
0.7812 -3.4610 0.0000 0.00 0.00 1.00 0
0.7913 -3.4587 0.0000 0.00 0.00 1.00 0
0.7954 -3.4498 0.0000 0.00 0.00 1.00 0
0.8005 -3.4443 0.0000 0.00 0.00 1.00 0
0.8035 -3.4385 0.0000 0.00 0.00 1.00 0
0.8092 -3.4275 0.0000 0.00 0.00 1.00 0
0.8083 -3.4104 0.0000 0.00 0.00 1.00 0
0.8117 -3.4006 0.0000 0.00 0.00 1.00 0
0.8148 -3.3919 0.0000 0.00 0.00 1.00 0
0.8166 -3.3701 0.0000 0.00 0.00 1.00 0
0.8197 -3.3584 0.0000 0.00 0.00 1.00 0
0.8228 -3.3469 0.0000 0.00 0.00 1.00 0
0.8237 -3.3357 0.0000 0.00 0.00 1.00 0
0.8265 -3.3242 0.0000 0.00 0.00 1.00 0
0.8301 -3.3238 0.0000 0.00 0.00 1.00 0
0.8330 -3.3143 0.0000 0.00 0.00 1.00 0
0.8359 -3.3048 0.0000 0.00 0.00 1.00 0
0.8389 -3.2986 0.0000 0.00 0.00 1.00 0
0.8419 -3.2896 0.0000 0.00 0.00 1.00 0
0.8448 -3.2806 0.0000 0.00 0.00 1.00 0
0.8475 -3.2666 0.0000 0.00 0.00 1.00 0
0.8504 -3.2567 0.0000 0.00 0.00 1.00 0
0.8532 -3.2473 0.0000 0.00 0.00 1.00 0
0.8516 -3.2296 0.0000 0.00 0.00 1.00 0
0.8537 -3.2188 0.0000 0.00 0.00 1.00 0
0.8555 -3.2003 0.0000 0.00 0.00 1.00 0
0.8576 -3.1882 0.0000 0.00 0.00 1.00 0
0.8597 -3.1759 0.0000 0.00 0.00 1.00 0
0.8613 -3.1666 0.0000 0.00 0.00 1.00 0
0.8577 -3.1591 0.0000 0.00 0.00 1.00 0
0.8589 -3.1481 0.0000 0.00 0.00 1.00 0
0.8663 -3.1502 0.0000 0.00 0.00 1.00 0
0.8685 -3.1413 0.0000 0.00 0.00 1.00 0
0.8707 -3.1324 0.0000 0.00 0.00 1.00 0
0.8725 -3.1221 0.0000 0.00 0.00 1.00 0
0.8746 -3.1131 0.0000 0.00 0.00 1.00 0
0.8764 -3.1057 0.0000 0.00 0.00 1.00 0
0.8774 -3.0921 0.0000 0.00 0.00 1.00 0
0.8793 -3.0825 0.0000 0.00 0.00 1.00 0
0.8807 -3.0757 0.0000 0.00 0.00 1.00 0
0.8804 -3.0497 0.0000 0.00 0.00 1.00 0
0.8819 -3.0382 0.0000 0.00 0.00 1.00 0
0.8789 -3.0239 0.0000 0.00 0.00 1.00 0
0.8797 -3.0118 0.0000 0.00 0.00 1.00 0
0.8804 -2.9996 0.0000 0.00 0.00 1.00 0
0.8806 -2.9816 0.0000 0.00 0.00 1.00 0
0.8812 -2.9687 0.0000 0.00 0.00 1.00 0
0.8818 -2.9572 0.0000 0.00 0.00 1.00 0
0.8811 -2.9464 0.0000 0.00 0.00 1.00 0
0.8816 -2.9339 0.0000 0.00 0.00 1.00 0
0.8866 -2.9269 0.0000 0.00 0.00 1.00 0
0.8878 -2.9154 0.0000 0.00 0.00 1.00 0
0.8890 -2.9041 0.0000 0.00 0.00 1.00 0
0.8971 -2.8961 0.0000 0.00 0.00 1.00 0
0.8992 -2.8862 0.0000 0.00 0.00 1.00 0
0.9018 -2.8743 0.0000 0.00 0.00 1.00 0
0.8985 -2.8668 0.0000 0.00 0.00 1.00 0
0.8998 -2.8575 0.0000 0.00 0.00 1.00 0
0.9012 -2.8472 0.0000 0.00 0.00 1.00 0
0.8927 -2.8314 0.0000 0.00 0.00 1.00 0
0.8926 -2.8202 0.0000 0.00 0.00 1.00 0
0.8923 -2.7956 0.0000 0.00 0.00 1.00 0
0.8922 -2.7825 0.0000 0.00 0.00 1.00 0
0.8920 -2.7690 0.0000 0.00 0.00 1.00 0
0.8944 -2.7518 0.0000 0.00 0.00 1.00 0
0.8947 -2.7378 0.0000 0.00 0.00 1.00 0
0.8950 -2.7224 0.0000 0.00 0.00 1.00 0
0.8909 -2.7128 0.0000 0.00 0.00 1.00 0
0.8904 -2.6992 0.0000 0.00 0.00 1.00 0
0.8900 -2.6858 0.0000 0.00 0.00 1.00 0
0.8886 -2.6727 0.0000 0.00 0.00 1.00 0
0.8880 -2.6593 0.0000 0.00 0.00 1.00 0
0.8874 -2.6469 0.0000 0.00 0.00 1.00 0
0.8917 -2.6295 0.0000 0.00 0.00 1.00 0
0.8918 -2.6157 0.0000 0.00 0.00 1.00 0
0.8904 -2.6087 0.0000 0.00 0.00 1.00 0
0.8903 -2.5963 0.0000 0.00 0.00 1.00 0
0.8902 -2.5835 0.0000 0.00 0.00 1.00 0
0.8875 -2.5745 0.0000 0.00 0.00 1.00 0
0.8869 -2.5621 0.0000 0.00 0.00 1.00 0
0.8864 -2.5499 0.0000 0.00 0.00 1.00 0
0.8899 -2.5359 0.0000 0.00 0.00 1.00 0
0.8900 -2.5234 0.0000 0.00 0.00 1.00 0
0.8900 -2.5121 0.0000 0.00 0.00 1.00 0
0.8924 -2.4979 0.0000 0.00 0.00 1.00 0
0.8928 -2.4854 0.0000 0.00 0.00 1.00 0
0.8931 -2.4765 0.0000 0.00 0.00 1.00 0
0.8942 -2.4553 0.0000 0.00 0.00 1.00 0
0.8947 -2.4422 0.0000 0.00 0.00 1.00 0
0.8928 -2.4353 0.0000 0.00 0.00 1.00 0
0.8930 -2.4230 0.0000 0.00 0.00 1.00 0
0.8931 -2.4109 0.0000 0.00 0.00 1.00 0
0.8971 -2.4083 0.0000 0.00 0.00 1.00 0
0.8978 -2.3976 0.0000 0.00 0.00 1.00 0
0.8985 -2.3882 0.0000 0.00 0.00 1.00 0
0.9021 -2.3817 0.0000 0.00 0.00 1.00 0
0.9032 -2.3720 0.0000 0.00 0.00 1.00 0
0.9040 -2.3651 0.0000 0.00 0.00 1.00 0
0.9006 -2.3546 0.0000 0.00 0.00 1.00 0
0.9011 -2.3452 0.0000 0.00 0.00 1.00 0
0.8991 -2.3246 0.0000 0.00 0.00 1.00 0
0.8992 -2.3133 0.0000 0.00 0.00 1.00 0
0.8992 -2.3020 0.0000 0.00 0.00 1.00 0
0.8928 -2.2848 0.0000 0.00 0.00 1.00 0
0.8918 -2.2727 0.0000 0.00 0.00 1.00 0
0.8908 -2.2603 0.0000 0.00 0.00 1.00 0
0.8886 -2.2495 0.0000 0.00 0.00 1.00 0
0.8875 -2.2375 0.0000 0.00 0.00 1.00 0
0.8894 -2.2293 0.0000 0.00 0.00 1.00 0
0.8888 -2.2180 0.0000 0.00 0.00 1.00 0
0.8881 -2.2066 0.0000 0.00 0.00 1.00 0
0.8879 -2.2020 0.0000 0.00 0.00 1.00 0
0.8853 -2.1922 0.0000 0.00 0.00 1.00 0
0.8844 -2.1819 0.0000 0.00 0.00 1.00 0
0.8818 -2.1638 0.0000 0.00 0.00 1.00 0
0.8807 -2.1524 0.0000 0.00 0.00 1.00 0
0.8795 -2.1410 0.0000 0.00 0.00 1.00 0
0.8800 -2.1197 0.0000 0.00 0.00 1.00 0
0.8791 -2.1067 0.0000 0.00 0.00 1.00 0
0.8784 -2.0978 0.0000 0.00 0.00 1.00 0
0.8714 -2.0778 0.0000 0.00 0.00 1.00 0
0.8696 -2.0641 0.0000 0.00 0.00 1.00 0
0.8711 -2.0576 0.0000 0.00 0.00 1.00 0
0.8698 -2.0453 0.0000 0.00 0.00 1.00 0
0.8686 -2.0330 0.0000 0.00 0.00 1.00 0
0.8715 -2.0263 0.0000 0.00 0.00 1.00 0
0.8710 -2.0147 0.0000 0.00 0.00 1.00 0
0.8704 -2.0035 0.0000 0.00 0.00 1.00 0
0.8707 -1.9967 0.0000 0.00 0.00 1.00 0
0.8703 -1.9860 0.0000 0.00 0.00 1.00 0
0.8628 -1.9698 0.0000 0.00 0.00 1.00 0
0.8611 -1.9579 0.0000 0.00 0.00 1.00 0
0.8595 -1.9462 0.0000 0.00 0.00 1.00 0
0.8534 -1.9217 0.0000 0.00 0.00 1.00 0
0.8510 -1.9077 0.0000 0.00 0.00 1.00 0
0.8486 -1.8940 0.0000 0.00 0.00 1.00 0
0.8399 -1.8811 0.0000 0.00 0.00 1.00 0
0.8365 -1.8674 0.0000 0.00 0.00 1.00 0
0.8331 -1.8538 0.0000 0.00 0.00 1.00 0
0.8310 -1.8530 0.0000 0.00 0.00 1.00 0
0.8279 -1.8415 0.0000 0.00 0.00 1.00 0
0.8257 -1.8334 0.0000 0.00 0.00 1.00 0
0.8220 -1.8243 0.0000 0.00 0.00 1.00 0
0.8188 -1.8136 0.0000 0.00 0.00 1.00 0
0.8190 -1.7965 0.0000 0.00 0.00 1.00 0
0.8164 -1.7845 0.0000 0.00 0.00 1.00 0
0.8139 -1.7728 0.0000 0.00 0.00 1.00 0
0.8104 -1.7571 0.0000 0.00 0.00 1.00 0
0.8077 -1.7446 0.0000 0.00 0.00 1.00 0
0.8050 -1.7322 0.0000 0.00 0.00 1.00 0
0.8087 -1.7232 0.0000 0.00 0.00 1.00 0
0.8073 -1.7136 0.0000 0.00 0.00 1.00 0
0.8112 -1.7080 0.0000 0.00 0.00 1.00 0
0.8106 -1.6976 0.0000 0.00 0.00 1.00 0
0.8100 -1.6882 0.0000 0.00 0.00 1.00 0
0.8095 -1.6810 0.0000 0.00 0.00 1.00 0
0.8015 -1.6695 0.0000 0.00 0.00 1.00 0
0.7996 -1.6588 0.0000 0.00 0.00 1.00 0
0.7899 -1.6413 0.0000 0.00 0.00 1.00 0
0.7868 -1.6300 0.0000 0.00 0.00 1.00 0
0.7838 -1.6186 0.0000 0.00 0.00 1.00 0
0.7738 -1.6101 0.0000 0.00 0.00 1.00 0
0.7696 -1.5993 0.0000 0.00 0.00 1.00 0
0.7663 -1.5905 0.0000 0.00 0.00 1.00 0
0.7626 -1.5804 0.0000 0.00 0.00 1.00 0
0.7586 -1.5699 0.0000 0.00 0.00 1.00 0
0.7562 -1.5637 0.0000 0.00 0.00 1.00 0
0.7654 -1.5489 0.0000 0.00 0.00 1.00 0
0.7636 -1.5384 0.0000 0.00 0.00 1.00 0
0.7623 -1.5294 0.0000 0.00 0.00 1.00 0
0.7606 -1.5189 0.0000 0.00 0.00 1.00 0
0.7589 -1.5087 0.0000 0.00 0.00 1.00 0
0.7493 -1.4873 0.0000 0.00 0.00 1.00 0
0.7464 -1.4754 0.0000 0.00 0.00 1.00 0
0.7434 -1.4633 0.0000 0.00 0.00 1.00 0
0.7293 -1.4474 0.0000 0.00 0.00 1.00 0
0.7247 -1.4348 0.0000 0.00 0.00 1.00 0
0.7178 -1.4285 0.0000 0.00 0.00 1.00 0
0.7129 -1.4171 0.0000 0.00 0.00 1.00 0
0.7078 -1.4055 0.0000 0.00 0.00 1.00 0
0.7079 -1.4045 0.0000 0.00 0.00 1.00 0
0.7037 -1.3948 0.0000 0.00 0.00 1.00 0
0.6995 -1.3851 0.0000 0.00 0.00 1.00 0
0.6937 -1.3779 0.0000 0.00 0.00 1.00 0
0.6893 -1.3685 0.0000 0.00 0.00 1.00 0
0.6853 -1.3602 0.0000 0.00 0.00 1.00 0
0.6775 -1.3494 0.0000 0.00 0.00 1.00 0
0.6726 -1.3399 0.0000 0.00 0.00 1.00 0
0.6693 -1.3335 0.0000 0.00 0.00 1.00 0
0.6538 -1.3102 0.0000 0.00 0.00 1.00 0
0.6476 -1.2991 0.0000 0.00 0.00 1.00 0
0.6487 -1.2910 0.0000 0.00 0.00 1.00 0
0.6437 -1.2803 0.0000 0.00 0.00 1.00 0
0.6386 -1.2695 0.0000 0.00 0.00 1.00 0
0.6426 -1.2602 0.0000 0.00 0.00 1.00 0
0.6390 -1.2497 0.0000 0.00 0.00 1.00 0
0.6351 -1.2382 0.0000 0.00 0.00 1.00 0
0.6268 -1.2266 0.0000 0.00 0.00 1.00 0
0.6219 -1.2147 0.0000 0.00 0.00 1.00 0
0.6130 -1.1989 0.0000 0.00 0.00 1.00 0
0.6079 -1.1873 0.0000 0.00 0.00 1.00 0
0.6027 -1.1756 0.0000 0.00 0.00 1.00 0
0.5909 -1.1605 0.0000 0.00 0.00 1.00 0
0.5838 -1.1467 0.0000 0.00 0.00 1.00 0
0.5775 -1.1343 0.0000 0.00 0.00 1.00 0
0.5665 -1.1254 0.0000 0.00 0.00 1.00 0
0.5594 -1.1135 0.0000 0.00 0.00 1.00 0
0.5530 -1.1027 0.0000 0.00 0.00 1.00 0
0.5476 -1.0978 0.0000 0.00 0.00 1.00 0
0.5409 -1.0872 0.0000 0.00 0.00 1.00 0
0.5340 -1.0845 0.0000 0.00 0.00 1.00 0
0.5280 -1.0763 0.0000 0.00 0.00 1.00 0
0.5205 -1.0661 0.0000 0.00 0.00 1.00 0
0.5170 -1.0597 0.0000 0.00 0.00 1.00 0
0.5108 -1.0510 0.0000 0.00 0.00 1.00 0
0.5046 -1.0422 0.0000 0.00 0.00 1.00 0
0.4928 -1.0290 0.0000 0.00 0.00 1.00 0
0.4856 -1.0195 0.0000 0.00 0.00 1.00 0
0.4785 -1.0100 0.0000 0.00 0.00 1.00 0
0.4763 -1.0033 0.0000 0.00 0.00 1.00 0
0.4699 -0.9941 0.0000 0.00 0.00 1.00 0
0.4706 -0.9827 0.0000 0.00 0.00 1.00 0
0.4654 -0.9731 0.0000 0.00 0.00 1.00 0
0.4602 -0.9634 0.0000 0.00 0.00 1.00 0
0.4577 -0.9588 0.0000 0.00 0.00 1.00 0
0.4507 -0.9368 0.0000 0.00 0.00 1.00 0
0.4457 -0.9262 0.0000 0.00 0.00 1.00 0
0.4360 -0.9150 0.0000 0.00 0.00 1.00 0
0.4301 -0.9041 0.0000 0.00 0.00 1.00 0
0.4244 -0.8935 0.0000 0.00 0.00 1.00 0
0.4044 -0.8868 0.0000 0.00 0.00 1.00 0
0.3965 -0.8768 0.0000 0.00 0.00 1.00 0
0.3903 -0.8689 0.0000 0.00 0.00 1.00 0
0.3869 -0.8660 0.0000 0.00 0.00 1.00 0
0.3778 -0.8548 0.0000 0.00 0.00 1.00 0
0.3735 -0.8495 0.0000 0.00 0.00 1.00 0
0.3652 -0.8419 0.0000 0.00 0.00 1.00 0
0.3581 -0.8335 0.0000 0.00 0.00 1.00 0
0.3601 -0.8294 0.0000 0.00 0.00 1.00 0
0.3538 -0.8208 0.0000 0.00 0.00 1.00 0
0.3482 -0.8132 0.0000 0.00 0.00 1.00 0
0.3365 -0.8078 0.0000 0.00 0.00 1.00 0
0.3299 -0.8005 0.0000 0.00 0.00 1.00 0
0.3239 -0.7938 0.0000 0.00 0.00 1.00 0
0.3040 -0.7829 0.0000 0.00 0.00 1.00 0
0.2954 -0.7751 0.0000 0.00 0.00 1.00 0
0.2868 -0.7627 0.0000 0.00 0.00 1.00 0
0.2782 -0.7540 0.0000 0.00 0.00 1.00 0
0.2698 -0.7456 0.0000 0.00 0.00 1.00 0
0.2701 -0.7376 0.0000 0.00 0.00 1.00 0
0.2631 -0.7293 0.0000 0.00 0.00 1.00 0
0.2559 -0.7207 0.0000 0.00 0.00 1.00 0
0.2496 -0.7158 0.0000 0.00 0.00 1.00 0
0.2427 -0.7081 0.0000 0.00 0.00 1.00 0
0.2365 -0.7010 0.0000 0.00 0.00 1.00 0
0.2168 -0.7000 0.0000 0.00 0.00 1.00 0
0.2081 -0.6933 0.0000 0.00 0.00 1.00 0
0.1927 -0.6877 0.0000 0.00 0.00 1.00 0
0.1827 -0.6812 0.0000 0.00 0.00 1.00 0
0.1728 -0.6747 0.0000 0.00 0.00 1.00 0
0.1681 -0.6626 0.0000 0.00 0.00 1.00 0
0.1590 -0.6552 0.0000 0.00 0.00 1.00 0
0.1497 -0.6476 0.0000 0.00 0.00 1.00 0
0.1522 -0.6402 0.0000 0.00 0.00 1.00 0
0.1449 -0.6327 0.0000 0.00 0.00 1.00 0
0.1376 -0.6252 0.0000 0.00 0.00 1.00 0
0.1290 -0.6153 0.0000 0.00 0.00 1.00 0
0.1214 -0.6074 0.0000 0.00 0.00 1.00 0
0.1051 -0.6014 0.0000 0.00 0.00 1.00 0
0.0962 -0.5940 0.0000 0.00 0.00 1.00 0
0.0870 -0.5863 0.0000 0.00 0.00 1.00 0
0.0672 -0.5795 0.0000 0.00 0.00 1.00 0
0.0563 -0.5720 0.0000 0.00 0.00 1.00 0
0.0454 -0.5646 0.0000 0.00 0.00 1.00 0
0.0374 -0.5609 0.0000 0.00 0.00 1.00 0
0.0271 -0.5541 0.0000 0.00 0.00 1.00 0
0.0166 -0.5473 0.0000 0.00 0.00 1.00 0
0.0183 -0.5415 0.0000 0.00 0.00 1.00 0
0.0096 -0.5347 0.0000 0.00 0.00 1.00 0
0.0039 -0.5309 0.0000 0.00 0.00 1.00 0
-0.0034 -0.5253 0.0000 0.00 0.00 1.00 0
-0.0114 -0.5192 0.0000 0.00 0.00 1.00 0
-0.0281 -0.5121 0.0000 0.00 0.00 1.00 0
-0.0375 -0.5059 0.0000 0.00 0.00 1.00 0
-0.0468 -0.4997 0.0000 0.00 0.00 1.00 0
-0.0698 -0.4948 0.0000 0.00 0.00 1.00 0
-0.0812 -0.4888 0.0000 0.00 0.00 1.00 0
-0.0927 -0.4829 0.0000 0.00 0.00 1.00 0
-0.1039 -0.4752 0.0000 0.00 0.00 1.00 0
-0.1155 -0.4689 0.0000 0.00 0.00 1.00 0
-0.1175 -0.4637 0.0000 0.00 0.00 1.00 0
-0.1272 -0.4577 0.0000 0.00 0.00 1.00 0
-0.1370 -0.4517 0.0000 0.00 0.00 1.00 0
-0.1429 -0.4486 0.0000 0.00 0.00 1.00 0
-0.1520 -0.4430 0.0000 0.00 0.00 1.00 0
-0.1610 -0.4375 0.0000 0.00 0.00 1.00 0
-0.1758 -0.4369 0.0000 0.00 0.00 1.00 0
-0.1858 -0.4322 0.0000 0.00 0.00 1.00 0
-0.1958 -0.4275 0.0000 0.00 0.00 1.00 0
-0.2226 -0.4280 0.0000 0.00 0.00 1.00 0
-0.2349 -0.4241 0.0000 0.00 0.00 1.00 0
-0.2472 -0.4208 0.0000 0.00 0.00 1.00 0
-0.2598 -0.4170 0.0000 0.00 0.00 1.00 0
-0.2723 -0.4132 0.0000 0.00 0.00 1.00 0
-0.2741 -0.4053 0.0000 0.00 0.00 1.00 0
-0.2848 -0.4008 0.0000 0.00 0.00 1.00 0
-0.2955 -0.3962 0.0000 0.00 0.00 1.00 0
-0.3065 -0.3934 0.0000 0.00 0.00 1.00 0
-0.3172 -0.3891 0.0000 0.00 0.00 1.00 0
-0.3280 -0.3848 0.0000 0.00 0.00 1.00 0
-0.3404 -0.3768 0.0000 0.00 0.00 1.00 0
-0.3514 -0.3719 0.0000 0.00 0.00 1.00 0
-0.3602 -0.3680 0.0000 0.00 0.00 1.00 0
-0.3776 -0.3681 0.0000 0.00 0.00 1.00 0
-0.3892 -0.3642 0.0000 0.00 0.00 1.00 0
-0.3937 -0.3569 0.0000 0.00 0.00 1.00 0
-0.4039 -0.3525 0.0000 0.00 0.00 1.00 0
-0.4144 -0.3479 0.0000 0.00 0.00 1.00 0
-0.4181 -0.3410 0.0000 0.00 0.00 1.00 0
-0.4274 -0.3361 0.0000 0.00 0.00 1.00 0
-0.4366 -0.3312 0.0000 0.00 0.00 1.00 0
-0.4510 -0.3292 0.0000 0.00 0.00 1.00 0
-0.4610 -0.3248 0.0000 0.00 0.00 1.00 0
-0.4703 -0.3207 0.0000 0.00 0.00 1.00 0
-0.4984 -0.3224 0.0000 0.00 0.00 1.00 0
-0.5113 -0.3189 0.0000 0.00 0.00 1.00 0
-0.5219 -0.3226 0.0000 0.00 0.00 1.00 0
-0.5344 -0.3203 0.0000 0.00 0.00 1.00 0
-0.5467 -0.3181 0.0000 0.00 0.00 1.00 0
-0.5534 -0.3178 0.0000 0.00 0.00 1.00 0
-0.5648 -0.3159 0.0000 0.00 0.00 1.00 0
-0.5761 -0.3140 0.0000 0.00 0.00 1.00 0
-0.5855 -0.3066 0.0000 0.00 0.00 1.00 0
-0.5967 -0.3038 0.0000 0.00 0.00 1.00 0
-0.6079 -0.3010 0.0000 0.00 0.00 1.00 0
-0.6265 -0.3012 0.0000 0.00 0.00 1.00 0
-0.6389 -0.2989 0.0000 0.00 0.00 1.00 0
-0.6613 -0.2991 0.0000 0.00 0.00 1.00 0
-0.6754 -0.2972 0.0000 0.00 0.00 1.00 0
-0.6895 -0.2953 0.0000 0.00 0.00 1.00 0
-0.7021 -0.2985 0.0000 0.00 0.00 1.00 0
-0.7165 -0.2974 0.0000 0.00 0.00 1.00 0
-0.7306 -0.2963 0.0000 0.00 0.00 1.00 0
-0.7384 -0.2972 0.0000 0.00 0.00 1.00 0
-0.7512 -0.2964 0.0000 0.00 0.00 1.00 0
-0.7641 -0.2957 0.0000 0.00 0.00 1.00 0
-0.7733 -0.2946 0.0000 0.00 0.00 1.00 0
-0.7857 -0.2938 0.0000 0.00 0.00 1.00 0
-0.7970 -0.2931 0.0000 0.00 0.00 1.00 0
-0.8092 -0.2930 0.0000 0.00 0.00 1.00 0
-0.8215 -0.2923 0.0000 0.00 0.00 1.00 0
-0.8362 -0.2919 0.0000 0.00 0.00 1.00 0
-0.8480 -0.2913 0.0000 0.00 0.00 1.00 0
-0.8606 -0.2907 0.0000 0.00 0.00 1.00 0
-0.8731 -0.2907 0.0000 0.00 0.00 1.00 0
-0.8854 -0.2901 0.0000 0.00 0.00 1.00 0
-0.8981 -0.2896 0.0000 0.00 0.00 1.00 0
-0.9095 -0.2847 0.0000 0.00 0.00 1.00 0
-0.9220 -0.2835 0.0000 0.00 0.00 1.00 0
-0.9331 -0.2824 0.0000 0.00 0.00 1.00 0
-0.9472 -0.2778 0.0000 0.00 0.00 1.00 0
-0.9596 -0.2761 0.0000 0.00 0.00 1.00 0
-0.9687 -0.2794 0.0000 0.00 0.00 1.00 0
-0.9806 -0.2786 0.0000 0.00 0.00 1.00 0
-0.9922 -0.2778 0.0000 0.00 0.00 1.00 0
-0.9966 -0.2785 0.0000 0.00 0.00 1.00 0
-1.0072 -0.2780 0.0000 0.00 0.00 1.00 0
-1.0178 -0.2774 0.0000 0.00 0.00 1.00 0
-1.0282 -0.2680 0.0000 0.00 0.00 1.00 0
-1.0386 -0.2661 0.0000 0.00 0.00 1.00 0
-1.0492 -0.2641 0.0000 0.00 0.00 1.00 0
-1.0641 -0.2604 0.0000 0.00 0.00 1.00 0
-1.0753 -0.2582 0.0000 0.00 0.00 1.00 0
-1.0764 -0.2647 0.0000 0.00 0.00 1.00 0
-1.0857 -0.2640 0.0000 0.00 0.00 1.00 0
-1.0951 -0.2633 0.0000 0.00 0.00 1.00 0
-1.0734 -0.2721 0.0000 0.00 0.00 1.00 0
-1.0780 -0.2731 0.0000 0.00 0.00 1.00 0
-1.0823 -0.2740 0.0000 0.00 0.00 1.00 0
-1.0533 -0.2740 0.0000 0.00 0.00 1.00 0
-1.0523 -0.2748 0.0000 0.00 0.00 1.00 0
-1.0512 -0.2756 0.0000 0.00 0.00 1.00 0
-1.0328 -0.2758 0.0000 0.00 0.00 1.00 0
-1.0290 -0.2765 0.0000 0.00 0.00 1.00 0
-1.0245 -0.2755 0.0000 0.00 0.00 1.00 0
-1.0207 -0.2758 0.0000 0.00 0.00 1.00 0
-1.0168 -0.2762 0.0000 0.00 0.00 1.00 0
-1.0176 -0.2694 0.0000 0.00 0.00 1.00 0
-1.0145 -0.2685 0.0000 0.00 0.00 1.00 0
-1.0114 -0.2677 0.0000 0.00 0.00 1.00 0
-1.0157 -0.2646 0.0000 0.00 0.00 1.00 0
-1.0138 -0.2634 0.0000 0.00 0.00 1.00 0
-1.0119 -0.2623 0.0000 0.00 0.00 1.00 0
-1.0205 -0.2652 0.0000 0.00 0.00 1.00 0
-1.0202 -0.2646 0.0000 0.00 0.00 1.00 0
-1.0257 -0.2658 0.0000 0.00 0.00 1.00 0
-1.0264 -0.2655 0.0000 0.00 0.00 1.00 0
-1.0272 -0.2653 0.0000 0.00 0.00 1.00 0
-1.0332 -0.2670 0.0000 0.00 0.00 1.00 0
-1.0348 -0.2670 0.0000 0.00 0.00 1.00 0
-1.0365 -0.2671 0.0000 0.00 0.00 1.00 0
-1.0382 -0.2677 0.0000 0.00 0.00 1.00 0
-1.0398 -0.2679 0.0000 0.00 0.00 1.00 0
-1.0415 -0.2680 0.0000 0.00 0.00 1.00 0
-1.0379 -0.2708 0.0000 0.00 0.00 1.00 0
-1.0388 -0.2713 0.0000 0.00 0.00 1.00 0
-1.0394 -0.2718 0.0000 0.00 0.00 1.00 0
-1.0366 -0.2744 0.0000 0.00 0.00 1.00 0
-1.0369 -0.2752 0.0000 0.00 0.00 1.00 0
-1.0357 -0.2739 0.0000 0.00 0.00 1.00 0
-1.0357 -0.2744 0.0000 0.00 0.00 1.00 0
-1.0357 -0.2749 0.0000 0.00 0.00 1.00 0
-1.0336 -0.2735 0.0000 0.00 0.00 1.00 0
-1.0332 -0.2737 0.0000 0.00 0.00 1.00 0
-1.0329 -0.2738 0.0000 0.00 0.00 1.00 0
-1.0351 -0.2706 0.0000 0.00 0.00 1.00 0
-1.0352 -0.2703 0.0000 0.00 0.00 1.00 0
-1.0349 -0.2698 0.0000 0.00 0.00 1.00 0
-1.0349 -0.2694 0.0000 0.00 0.00 1.00 0
-1.0349 -0.2690 0.0000 0.00 0.00 1.00 0
-1.0344 -0.2677 0.0000 0.00 0.00 1.00 0
-1.0343 -0.2671 0.0000 0.00 0.00 1.00 0
-1.0342 -0.2666 0.0000 0.00 0.00 1.00 0
-1.0323 -0.2693 0.0000 0.00 0.00 1.00 0
