-0.0693 -0.0018 0.0000 0.00 0.00 1.00 0
-0.2881 -0.0319 0.0000 0.00 0.00 1.00 0
-0.4884 -0.0546 0.0000 0.00 0.00 1.00 0
-0.6898 -0.0872 0.0000 0.00 0.00 1.00 0
-0.8958 -0.1115 0.0000 0.00 0.00 1.00 0
-1.1010 -0.1312 0.0000 0.00 0.00 1.00 0
-1.2971 -0.1747 0.0000 0.00 0.00 1.00 0
-1.5080 -0.2000 0.0000 0.00 0.00 1.00 0
-1.7123 -0.2274 0.0000 0.00 0.00 1.00 0
-1.9174 -0.2635 0.0000 0.00 0.00 1.00 0
-2.1205 -0.2878 0.0000 0.00 0.00 1.00 0
-2.3285 -0.3139 0.0000 0.00 0.00 1.00 0
-2.5381 -0.3382 0.0000 0.00 0.00 1.00 0
-2.7448 -0.3640 0.0000 0.00 0.00 1.00 0
-2.9450 -0.3977 0.0000 0.00 0.00 1.00 0
-3.1505 -0.4273 0.0000 0.00 0.00 1.00 0
-3.3495 -0.4498 0.0000 0.00 0.00 1.00 0
-3.5504 -0.4841 0.0000 0.00 0.00 1.00 0
-3.7491 -0.5120 0.0000 0.00 0.00 1.00 0
-3.9520 -0.5371 0.0000 0.00 0.00 1.00 0
-4.1554 -0.5748 0.0000 0.00 0.00 1.00 0
-4.3470 -0.6360 0.0000 0.00 0.00 1.00 0
-4.5454 -0.6926 0.0000 0.00 0.00 1.00 0
-4.7280 -0.7830 0.0000 0.00 0.00 1.00 0
-4.8925 -0.9046 0.0000 0.00 0.00 1.00 0
-5.0654 -1.0131 0.0000 0.00 0.00 1.00 0
-5.2049 -1.1586 0.0000 0.00 0.00 1.00 0
-5.3411 -1.3083 0.0000 0.00 0.00 1.00 0
-5.4599 -1.4862 0.0000 0.00 0.00 1.00 0
-5.5585 -1.6626 0.0000 0.00 0.00 1.00 0
-5.6429 -1.8487 0.0000 0.00 0.00 1.00 0
-5.7016 -2.0399 0.0000 0.00 0.00 1.00 0
-5.7295 -2.2391 0.0000 0.00 0.00 1.00 0
-5.7572 -2.4438 0.0000 0.00 0.00 1.00 0
-5.7684 -2.6475 0.0000 0.00 0.00 1.00 0
-5.7508 -2.8569 0.0000 0.00 0.00 1.00 0
-5.7159 -3.0551 0.0000 0.00 0.00 1.00 0
-5.6490 -3.2471 0.0000 0.00 0.00 1.00 0
-5.5621 -3.4351 0.0000 0.00 0.00 1.00 0
-5.4820 -3.6213 0.0000 0.00 0.00 1.00 0
-5.3703 -3.7876 0.0000 0.00 0.00 1.00 0
-5.2304 -3.9334 0.0000 0.00 0.00 1.00 0
-5.0959 -4.0902 0.0000 0.00 0.00 1.00 0
-4.9349 -4.2180 0.0000 0.00 0.00 1.00 0
-4.7614 -4.3214 0.0000 0.00 0.00 1.00 0
-4.5798 -4.4072 0.0000 0.00 0.00 1.00 0
-4.3907 -4.4944 0.0000 0.00 0.00 1.00 0
-4.2036 -4.5750 0.0000 0.00 0.00 1.00 0
-4.0030 -4.6307 0.0000 0.00 0.00 1.00 0
-3.8090 -4.6882 0.0000 0.00 0.00 1.00 0
-3.6024 -4.7404 0.0000 0.00 0.00 1.00 0
-3.4024 -4.7787 0.0000 0.00 0.00 1.00 0
-3.1965 -4.7820 0.0000 0.00 0.00 1.00 0
-2.9934 -4.8028 0.0000 0.00 0.00 1.00 0
-2.7935 -4.8161 0.0000 0.00 0.00 1.00 0
-2.5908 -4.7912 0.0000 0.00 0.00 1.00 0
-2.3870 -4.7739 0.0000 0.00 0.00 1.00 0
-2.1702 -4.7421 0.0000 0.00 0.00 1.00 0
-1.9603 -4.7027 0.0000 0.00 0.00 1.00 0
-1.7508 -4.6727 0.0000 0.00 0.00 1.00 0
-1.5456 -4.6339 0.0000 0.00 0.00 1.00 0
-1.3396 -4.6004 0.0000 0.00 0.00 1.00 0
-1.1223 -4.5655 0.0000 0.00 0.00 1.00 0
-0.9197 -4.5316 0.0000 0.00 0.00 1.00 0
-0.7118 -4.4976 0.0000 0.00 0.00 1.00 0
-0.5130 -4.4622 0.0000 0.00 0.00 1.00 0
-0.3144 -4.4127 0.0000 0.00 0.00 1.00 0
-0.1177 -4.3623 0.0000 0.00 0.00 1.00 0
0.0701 -4.2877 0.0000 0.00 0.00 1.00 0
0.2383 -4.1744 0.0000 0.00 0.00 1.00 0
0.4057 -4.0547 0.0000 0.00 0.00 1.00 0
0.5442 -3.9065 0.0000 0.00 0.00 1.00 0
0.6636 -3.7416 0.0000 0.00 0.00 1.00 0
0.7587 -3.5644 0.0000 0.00 0.00 1.00 0
0.8166 -3.3701 0.0000 0.00 0.00 1.00 0
0.8613 -3.1666 0.0000 0.00 0.00 1.00 0
0.8818 -2.9572 0.0000 0.00 0.00 1.00 0
0.8944 -2.7518 0.0000 0.00 0.00 1.00 0
0.8864 -2.5499 0.0000 0.00 0.00 1.00 0
0.9011 -2.3452 0.0000 0.00 0.00 1.00 0
0.8795 -2.1410 0.0000 0.00 0.00 1.00 0
0.8534 -1.9217 0.0000 0.00 0.00 1.00 0
0.8087 -1.7232 0.0000 0.00 0.00 1.00 0
0.7606 -1.5189 0.0000 0.00 0.00 1.00 0
0.6693 -1.3335 0.0000 0.00 0.00 1.00 0
0.5838 -1.1467 0.0000 0.00 0.00 1.00 0
0.4654 -0.9731 0.0000 0.00 0.00 1.00 0
0.3365 -0.8078 0.0000 0.00 0.00 1.00 0
0.1728 -0.6747 0.0000 0.00 0.00 1.00 0
0.0166 -0.5473 0.0000 0.00 0.00 1.00 0
-0.1610 -0.4375 0.0000 0.00 0.00 1.00 0
-0.3514 -0.3719 0.0000 0.00 0.00 1.00 0
-0.5467 -0.3181 0.0000 0.00 0.00 1.00 0
-0.7512 -0.2964 0.0000 0.00 0.00 1.00 0
-0.9596 -0.2761 0.0000 0.00 0.00 1.00 0
