-0.4041 0.0940 0.0000 0.00 0.00 1.00 0
-0.4071 0.0926 0.0000 0.00 0.00 1.00 0
-0.4076 0.0925 0.0000 0.00 0.00 1.00 0
-0.4081 0.0924 0.0000 0.00 0.00 1.00 0
-0.4065 0.0950 0.0000 0.00 0.00 1.00 0
-0.4067 0.0953 0.0000 0.00 0.00 1.00 0
-0.4069 0.0956 0.0000 0.00 0.00 1.00 0
-0.4072 0.0973 0.0000 0.00 0.00 1.00 0
-0.4073 0.0978 0.0000 0.00 0.00 1.00 0
-0.4075 0.0984 0.0000 0.00 0.00 1.00 0
-0.4056 0.0961 0.0000 0.00 0.00 1.00 0
-0.4055 0.0962 0.0000 0.00 0.00 1.00 0
-0.4054 0.0963 0.0000 0.00 0.00 1.00 0
-0.4022 0.0944 0.0000 0.00 0.00 1.00 0
-0.4016 0.0942 0.0000 0.00 0.00 1.00 0
-0.4026 0.0936 0.0000 0.00 0.00 1.00 0
-0.4023 0.0933 0.0000 0.00 0.00 1.00 0
-0.4020 0.0931 0.0000 0.00 0.00 1.00 0
-0.4056 0.0943 0.0000 0.00 0.00 1.00 0
-0.4059 0.0943 0.0000 0.00 0.00 1.00 0
-0.4062 0.0943 0.0000 0.00 0.00 1.00 0
-0.4071 0.0908 0.0000 0.00 0.00 1.00 0
-0.4075 0.0902 0.0000 0.00 0.00 1.00 0
-0.4079 0.0896 0.0000 0.00 0.00 1.00 0
-0.4061 0.0922 0.0000 0.00 0.00 1.00 0
-0.4062 0.0921 0.0000 0.00 0.00 1.00 0
-0.4063 0.0920 0.0000 0.00 0.00 1.00 0
-0.4054 0.0906 0.0000 0.00 0.00 1.00 0
-0.4053 0.0904 0.0000 0.00 0.00 1.00 0
-0.4052 0.0902 0.0000 0.00 0.00 1.00 0
-0.4037 0.0945 0.0000 0.00 0.00 1.00 0
-0.4034 0.0950 0.0000 0.00 0.00 1.00 0
-0.4032 0.0953 0.0000 0.00 0.00 1.00 0
-0.4039 0.0923 0.0000 0.00 0.00 1.00 0
-0.4038 0.0922 0.0000 0.00 0.00 1.00 0
-0.4037 0.0921 0.0000 0.00 0.00 1.00 0
-0.4017 0.0936 0.0000 0.00 0.00 1.00 0
-0.4013 0.0937 0.0000 0.00 0.00 1.00 0
-0.4025 0.0944 0.0000 0.00 0.00 1.00 0
-0.4023 0.0946 0.0000 0.00 0.00 1.00 0
-0.4022 0.0948 0.0000 0.00 0.00 1.00 0
-0.4029 0.0931 0.0000 0.00 0.00 1.00 0
-0.4029 0.0930 0.0000 0.00 0.00 1.00 0
-0.4029 0.0929 0.0000 0.00 0.00 1.00 0
-0.4054 0.0947 0.0000 0.00 0.00 1.00 0
-0.4058 0.0949 0.0000 0.00 0.00 1.00 0
-0.4061 0.0951 0.0000 0.00 0.00 1.00 0
-0.4070 0.0970 0.0000 0.00 0.00 1.00 0
-0.4075 0.0975 0.0000 0.00 0.00 1.00 0
-0.4078 0.0978 0.0000 0.00 0.00 1.00 0
-0.4060 0.0934 0.0000 0.00 0.00 1.00 0
-0.4061 0.0931 0.0000 0.00 0.00 1.00 0
-0.4060 0.0938 0.0000 0.00 0.00 1.00 0
-0.4061 0.0937 0.0000 0.00 0.00 1.00 0
-0.4061 0.0936 0.0000 0.00 0.00 1.00 0
-0.4065 0.0945 0.0000 0.00 0.00 1.00 0
-0.4066 0.0945 0.0000 0.00 0.00 1.00 0
-0.4067 0.0946 0.0000 0.00 0.00 1.00 0
-0.4208 0.0917 0.0000 0.00 0.00 1.00 0
-0.4232 0.0913 0.0000 0.00 0.00 1.00 0
-0.4255 0.0909 0.0000 0.00 0.00 1.00 0
-0.4507 0.0910 0.0000 0.00 0.00 1.00 0
-0.4564 0.0907 0.0000 0.00 0.00 1.00 0
-0.4617 0.0904 0.0000 0.00 0.00 1.00 0
-0.4879 0.0886 0.0000 0.00 0.00 1.00 0
-0.4967 0.0881 0.0000 0.00 0.00 1.00 0
-0.5036 0.0876 0.0000 0.00 0.00 1.00 0
-0.5208 0.0889 0.0000 0.00 0.00 1.00 0
-0.5307 0.0886 0.0000 0.00 0.00 1.00 0
-0.5376 0.0884 0.0000 0.00 0.00 1.00 0
-0.5500 0.0876 0.0000 0.00 0.00 1.00 0
-0.5597 0.0873 0.0000 0.00 0.00 1.00 0
-0.5677 0.0901 0.0000 0.00 0.00 1.00 0
-0.5774 0.0902 0.0000 0.00 0.00 1.00 0
-0.5858 0.0904 0.0000 0.00 0.00 1.00 0
-0.5918 0.0865 0.0000 0.00 0.00 1.00 0
-0.6004 0.0860 0.0000 0.00 0.00 1.00 0
-0.6082 0.0855 0.0000 0.00 0.00 1.00 0
-0.6191 0.0824 0.0000 0.00 0.00 1.00 0
-0.6280 0.0816 0.0000 0.00 0.00 1.00 0
-0.6369 0.0807 0.0000 0.00 0.00 1.00 0
-0.6562 0.0822 0.0000 0.00 0.00 1.00 0
-0.6667 0.0816 0.0000 0.00 0.00 1.00 0
-0.6760 0.0812 0.0000 0.00 0.00 1.00 0
-0.6983 0.0832 0.0000 0.00 0.00 1.00 0
-0.7105 0.0831 0.0000 0.00 0.00 1.00 0
-0.7190 0.0830 0.0000 0.00 0.00 1.00 0
-0.7444 0.0822 0.0000 0.00 0.00 1.00 0
-0.7579 0.0820 0.0000 0.00 0.00 1.00 0
-0.7712 0.0818 0.0000 0.00 0.00 1.00 0
-0.7845 0.0816 0.0000 0.00 0.00 1.00 0
-0.7980 0.0813 0.0000 0.00 0.00 1.00 0
-0.8072 0.0780 0.0000 0.00 0.00 1.00 0
-0.8199 0.0773 0.0000 0.00 0.00 1.00 0
-0.8327 0.0766 0.0000 0.00 0.00 1.00 0
-0.8446 0.0825 0.0000 0.00 0.00 1.00 0
-0.8572 0.0828 0.0000 0.00 0.00 1.00 0
-0.8701 0.0831 0.0000 0.00 0.00 1.00 0
-0.8832 0.0810 0.0000 0.00 0.00 1.00 0
-0.8951 0.0809 0.0000 0.00 0.00 1.00 0
-0.9065 0.0809 0.0000 0.00 0.00 1.00 0
-0.9137 0.0774 0.0000 0.00 0.00 1.00 0
-0.9252 0.0768 0.0000 0.00 0.00 1.00 0
-0.9344 0.0763 0.0000 0.00 0.00 1.00 0
-0.9477 0.0757 0.0000 0.00 0.00 1.00 0
-0.9590 0.0751 0.0000 0.00 0.00 1.00 0
-0.9660 0.0747 0.0000 0.00 0.00 1.00 0
-0.9828 0.0713 0.0000 0.00 0.00 1.00 0
-0.9945 0.0704 0.0000 0.00 0.00 1.00 0
-1.0075 0.0671 0.0000 0.00 0.00 1.00 0
-1.0183 0.0659 0.0000 0.00 0.00 1.00 0
-1.0305 0.0645 0.0000 0.00 0.00 1.00 0
-1.0435 0.0668 0.0000 0.00 0.00 1.00 0
-1.0556 0.0661 0.0000 0.00 0.00 1.00 0
-1.0674 0.0653 0.0000 0.00 0.00 1.00 0
-1.0802 0.0660 0.0000 0.00 0.00 1.00 0
-1.0923 0.0655 0.0000 0.00 0.00 1.00 0
-1.1021 0.0651 0.0000 0.00 0.00 1.00 0
-1.1211 0.0696 0.0000 0.00 0.00 1.00 0
-1.1338 0.0698 0.0000 0.00 0.00 1.00 0
-1.1428 0.0700 0.0000 0.00 0.00 1.00 0
-1.1534 0.0703 0.0000 0.00 0.00 1.00 0
-1.1642 0.0705 0.0000 0.00 0.00 1.00 0
-1.1731 0.0673 0.0000 0.00 0.00 1.00 0
-1.1843 0.0670 0.0000 0.00 0.00 1.00 0
-1.1954 0.0667 0.0000 0.00 0.00 1.00 0
-1.2105 0.0654 0.0000 0.00 0.00 1.00 0
-1.2224 0.0650 0.0000 0.00 0.00 1.00 0
-1.2342 0.0645 0.0000 0.00 0.00 1.00 0
-1.2473 0.0640 0.0000 0.00 0.00 1.00 0
-1.2582 0.0636 0.0000 0.00 0.00 1.00 0
-1.2701 0.0631 0.0000 0.00 0.00 1.00 0
-1.2834 0.0618 0.0000 0.00 0.00 1.00 0
-1.2956 0.0612 0.0000 0.00 0.00 1.00 0
-1.3079 0.0606 0.0000 0.00 0.00 1.00 0
-1.3227 0.0606 0.0000 0.00 0.00 1.00 0
-1.3351 0.0600 0.0000 0.00 0.00 1.00 0
-1.3465 0.0596 0.0000 0.00 0.00 1.00 0
-1.3516 0.0569 0.0000 0.00 0.00 1.00 0
-1.3617 0.0562 0.0000 0.00 0.00 1.00 0
-1.3696 0.0574 0.0000 0.00 0.00 1.00 0
-1.3800 0.0570 0.0000 0.00 0.00 1.00 0
-1.3904 0.0565 0.0000 0.00 0.00 1.00 0
-1.4081 0.0576 0.0000 0.00 0.00 1.00 0
-1.4197 0.0574 0.0000 0.00 0.00 1.00 0
-1.4305 0.0572 0.0000 0.00 0.00 1.00 0
-1.4478 0.0613 0.0000 0.00 0.00 1.00 0
-1.4602 0.0617 0.0000 0.00 0.00 1.00 0
-1.4727 0.0622 0.0000 0.00 0.00 1.00 0
-1.4859 0.0608 0.0000 0.00 0.00 1.00 0
-1.4982 0.0610 0.0000 0.00 0.00 1.00 0
-1.5095 0.0611 0.0000 0.00 0.00 1.00 0
-1.5180 0.0600 0.0000 0.00 0.00 1.00 0
-1.5298 0.0600 0.0000 0.00 0.00 1.00 0
-1.5391 0.0600 0.0000 0.00 0.00 1.00 0
-1.5532 0.0576 0.0000 0.00 0.00 1.00 0
-1.5649 0.0572 0.0000 0.00 0.00 1.00 0
-1.5777 0.0558 0.0000 0.00 0.00 1.00 0
-1.5898 0.0553 0.0000 0.00 0.00 1.00 0
-1.6016 0.0547 0.0000 0.00 0.00 1.00 0
-1.6149 0.0575 0.0000 0.00 0.00 1.00 0
-1.6259 0.0575 0.0000 0.00 0.00 1.00 0
-1.6380 0.0575 0.0000 0.00 0.00 1.00 0
-1.6470 0.0562 0.0000 0.00 0.00 1.00 0
-1.6584 0.0559 0.0000 0.00 0.00 1.00 0
-1.6689 0.0557 0.0000 0.00 0.00 1.00 0
-1.6799 0.0548 0.0000 0.00 0.00 1.00 0
-1.6911 0.0545 0.0000 0.00 0.00 1.00 0
-1.7026 0.0541 0.0000 0.00 0.00 1.00 0
-1.7157 0.0570 0.0000 0.00 0.00 1.00 0
-1.7261 0.0572 0.0000 0.00 0.00 1.00 0
-1.7377 0.0573 0.0000 0.00 0.00 1.00 0
-1.7490 0.0575 0.0000 0.00 0.00 1.00 0
-1.7603 0.0576 0.0000 0.00 0.00 1.00 0
-1.7717 0.0577 0.0000 0.00 0.00 1.00 0
-1.7820 0.0578 0.0000 0.00 0.00 1.00 0
-1.7932 0.0579 0.0000 0.00 0.00 1.00 0
-1.8099 0.0592 0.0000 0.00 0.00 1.00 0
-1.8220 0.0595 0.0000 0.00 0.00 1.00 0
-1.8342 0.0598 0.0000 0.00 0.00 1.00 0
-1.8478 0.0599 0.0000 0.00 0.00 1.00 0
-1.8603 0.0601 0.0000 0.00 0.00 1.00 0
-1.8727 0.0604 0.0000 0.00 0.00 1.00 0
-1.8828 0.0521 0.0000 0.00 0.00 1.00 0
-1.8950 0.0510 0.0000 0.00 0.00 1.00 0
-1.9068 0.0500 0.0000 0.00 0.00 1.00 0
-1.9099 0.0487 0.0000 0.00 0.00 1.00 0
-1.9206 0.0476 0.0000 0.00 0.00 1.00 0
-1.9301 0.0466 0.0000 0.00 0.00 1.00 0
-1.9381 0.0460 0.0000 0.00 0.00 1.00 0
-1.9481 0.0450 0.0000 0.00 0.00 1.00 0
-1.9561 0.0442 0.0000 0.00 0.00 1.00 0
-1.9718 0.0479 0.0000 0.00 0.00 1.00 0
-1.9823 0.0476 0.0000 0.00 0.00 1.00 0
-1.9944 0.0513 0.0000 0.00 0.00 1.00 0
-2.0054 0.0517 0.0000 0.00 0.00 1.00 0
-2.0161 0.0520 0.0000 0.00 0.00 1.00 0
-2.0303 0.0525 0.0000 0.00 0.00 1.00 0
-2.0416 0.0529 0.0000 0.00 0.00 1.00 0
-2.0527 0.0532 0.0000 0.00 0.00 1.00 0
-2.0655 0.0554 0.0000 0.00 0.00 1.00 0
-2.0784 0.0561 0.0000 0.00 0.00 1.00 0
-2.0900 0.0568 0.0000 0.00 0.00 1.00 0
-2.1013 0.0582 0.0000 0.00 0.00 1.00 0
-2.1130 0.0590 0.0000 0.00 0.00 1.00 0
-2.1247 0.0598 0.0000 0.00 0.00 1.00 0
-2.1399 0.0588 0.0000 0.00 0.00 1.00 0
-2.1522 0.0593 0.0000 0.00 0.00 1.00 0
-2.1607 0.0597 0.0000 0.00 0.00 1.00 0
-2.1791 0.0643 0.0000 0.00 0.00 1.00 0
-2.1918 0.0654 0.0000 0.00 0.00 1.00 0
-2.1994 0.0660 0.0000 0.00 0.00 1.00 0
-2.2144 0.0615 0.0000 0.00 0.00 1.00 0
-2.2270 0.0617 0.0000 0.00 0.00 1.00 0
-2.2393 0.0604 0.0000 0.00 0.00 1.00 0
-2.2515 0.0603 0.0000 0.00 0.00 1.00 0
-2.2638 0.0603 0.0000 0.00 0.00 1.00 0
-2.2729 0.0607 0.0000 0.00 0.00 1.00 0
-2.2846 0.0607 0.0000 0.00 0.00 1.00 0
-2.2965 0.0607 0.0000 0.00 0.00 1.00 0
-2.3089 0.0597 0.0000 0.00 0.00 1.00 0
-2.3207 0.0595 0.0000 0.00 0.00 1.00 0
-2.3313 0.0594 0.0000 0.00 0.00 1.00 0
-2.3440 0.0612 0.0000 0.00 0.00 1.00 0
-2.3546 0.0613 0.0000 0.00 0.00 1.00 0
-2.3646 0.0615 0.0000 0.00 0.00 1.00 0
-2.3765 0.0653 0.0000 0.00 0.00 1.00 0
-2.3879 0.0660 0.0000 0.00 0.00 1.00 0
-2.3970 0.0665 0.0000 0.00 0.00 1.00 0
-2.4094 0.0646 0.0000 0.00 0.00 1.00 0
-2.4207 0.0649 0.0000 0.00 0.00 1.00 0
-2.4307 0.0649 0.0000 0.00 0.00 1.00 0
-2.4419 0.0651 0.0000 0.00 0.00 1.00 0
-2.4529 0.0653 0.0000 0.00 0.00 1.00 0
-2.4677 0.0630 0.0000 0.00 0.00 1.00 0
-2.4794 0.0628 0.0000 0.00 0.00 1.00 0
-2.4912 0.0626 0.0000 0.00 0.00 1.00 0
-2.5051 0.0648 0.0000 0.00 0.00 1.00 0
-2.5171 0.0650 0.0000 0.00 0.00 1.00 0
-2.5293 0.0652 0.0000 0.00 0.00 1.00 0
-2.5429 0.0691 0.0000 0.00 0.00 1.00 0
-2.5552 0.0699 0.0000 0.00 0.00 1.00 0
-2.5651 0.0705 0.0000 0.00 0.00 1.00 0
-2.5812 0.0720 0.0000 0.00 0.00 1.00 0
-2.5938 0.0729 0.0000 0.00 0.00 1.00 0
-2.6065 0.0711 0.0000 0.00 0.00 1.00 0
-2.6191 0.0715 0.0000 0.00 0.00 1.00 0
-2.6317 0.0719 0.0000 0.00 0.00 1.00 0
-2.6403 0.0720 0.0000 0.00 0.00 1.00 0
-2.6524 0.0723 0.0000 0.00 0.00 1.00 0
-2.6643 0.0727 0.0000 0.00 0.00 1.00 0
-2.6741 0.0703 0.0000 0.00 0.00 1.00 0
-2.6858 0.0702 0.0000 0.00 0.00 1.00 0
-2.6973 0.0701 0.0000 0.00 0.00 1.00 0
-2.7099 0.0719 0.0000 0.00 0.00 1.00 0
-2.7218 0.0722 0.0000 0.00 0.00 1.00 0
-2.7336 0.0724 0.0000 0.00 0.00 1.00 0
-2.7514 0.0739 0.0000 0.00 0.00 1.00 0
-2.7642 0.0744 0.0000 0.00 0.00 1.00 0
-2.7755 0.0747 0.0000 0.00 0.00 1.00 0
-2.7897 0.0774 0.0000 0.00 0.00 1.00 0
-2.8023 0.0782 0.0000 0.00 0.00 1.00 0
-2.8101 0.0786 0.0000 0.00 0.00 1.00 0
-2.8207 0.0750 0.0000 0.00 0.00 1.00 0
-2.8312 0.0750 0.0000 0.00 0.00 1.00 0
-2.8298 0.0717 0.0000 0.00 0.00 1.00 0
-2.8392 0.0712 0.0000 0.00 0.00 1.00 0
-2.8486 0.0707 0.0000 0.00 0.00 1.00 0
-2.8567 0.0730 0.0000 0.00 0.00 1.00 0
-2.8660 0.0730 0.0000 0.00 0.00 1.00 0
-2.8751 0.0729 0.0000 0.00 0.00 1.00 0
-2.8864 0.0759 0.0000 0.00 0.00 1.00 0
-2.8959 0.0763 0.0000 0.00 0.00 1.00 0
-2.9055 0.0768 0.0000 0.00 0.00 1.00 0
-2.9226 0.0800 0.0000 0.00 0.00 1.00 0
-2.9334 0.0808 0.0000 0.00 0.00 1.00 0
-2.9432 0.0816 0.0000 0.00 0.00 1.00 0
-2.9674 0.0871 0.0000 0.00 0.00 1.00 0
-2.9800 0.0886 0.0000 0.00 0.00 1.00 0
-2.9891 0.0897 0.0000 0.00 0.00 1.00 0
-3.0017 0.0939 0.0000 0.00 0.00 1.00 0
-3.0139 0.0958 0.0000 0.00 0.00 1.00 0
-3.0264 0.0927 0.0000 0.00 0.00 1.00 0
-3.0385 0.0937 0.0000 0.00 0.00 1.00 0
-3.0495 0.0946 0.0000 0.00 0.00 1.00 0
-3.0634 0.0920 0.0000 0.00 0.00 1.00 0
-3.0769 0.0925 0.0000 0.00 0.00 1.00 0
-3.0883 0.0929 0.0000 0.00 0.00 1.00 0
-3.1016 0.0897 0.0000 0.00 0.00 1.00 0
-3.1141 0.0896 0.0000 0.00 0.00 1.00 0
-3.1265 0.0894 0.0000 0.00 0.00 1.00 0
-3.1384 0.0920 0.0000 0.00 0.00 1.00 0
-3.1507 0.0922 0.0000 0.00 0.00 1.00 0
-3.1605 0.0925 0.0000 0.00 0.00 1.00 0
-3.1756 0.0932 0.0000 0.00 0.00 1.00 0
-3.1881 0.0936 0.0000 0.00 0.00 1.00 0
-3.1968 0.0938 0.0000 0.00 0.00 1.00 0
-3.2072 0.1003 0.0000 0.00 0.00 1.00 0
-3.2189 0.1015 0.0000 0.00 0.00 1.00 0
-3.2259 0.1023 0.0000 0.00 0.00 1.00 0
-3.2450 0.1026 0.0000 0.00 0.00 1.00 0
-3.2571 0.1036 0.0000 0.00 0.00 1.00 0
-3.2679 0.1054 0.0000 0.00 0.00 1.00 0
-3.2798 0.1065 0.0000 0.00 0.00 1.00 0
-3.2917 0.1077 0.0000 0.00 0.00 1.00 0
-3.3032 0.1086 0.0000 0.00 0.00 1.00 0
-3.3137 0.1096 0.0000 0.00 0.00 1.00 0
-3.3266 0.1108 0.0000 0.00 0.00 1.00 0
-3.3428 0.1123 0.0000 0.00 0.00 1.00 0
-3.3553 0.1135 0.0000 0.00 0.00 1.00 0
-3.3663 0.1145 0.0000 0.00 0.00 1.00 0
-3.3814 0.1180 0.0000 0.00 0.00 1.00 0
-3.3950 0.1196 0.0000 0.00 0.00 1.00 0
-3.4051 0.1208 0.0000 0.00 0.00 1.00 0
-3.4176 0.1207 0.0000 0.00 0.00 1.00 0
-3.4301 0.1219 0.0000 0.00 0.00 1.00 0
-3.4375 0.1227 0.0000 0.00 0.00 1.00 0
-3.4536 0.1171 0.0000 0.00 0.00 1.00 0
-3.4658 0.1173 0.0000 0.00 0.00 1.00 0
-3.4776 0.1180 0.0000 0.00 0.00 1.00 0
-3.4895 0.1183 0.0000 0.00 0.00 1.00 0
-3.5016 0.1186 0.0000 0.00 0.00 1.00 0
-3.5161 0.1192 0.0000 0.00 0.00 1.00 0
-3.5287 0.1196 0.0000 0.00 0.00 1.00 0
-3.5410 0.1199 0.0000 0.00 0.00 1.00 0
-3.5486 0.1226 0.0000 0.00 0.00 1.00 0
-3.5604 0.1234 0.0000 0.00 0.00 1.00 0
-3.5720 0.1241 0.0000 0.00 0.00 1.00 0
-3.5801 0.1272 0.0000 0.00 0.00 1.00 0
-3.5913 0.1283 0.0000 0.00 0.00 1.00 0
-3.6021 0.1310 0.0000 0.00 0.00 1.00 0
-3.6128 0.1323 0.0000 0.00 0.00 1.00 0
-3.6215 0.1333 0.0000 0.00 0.00 1.00 0
-3.6301 0.1356 0.0000 0.00 0.00 1.00 0
-3.6404 0.1371 0.0000 0.00 0.00 1.00 0
-3.6506 0.1386 0.0000 0.00 0.00 1.00 0
-3.6551 0.1341 0.0000 0.00 0.00 1.00 0
-3.6644 0.1346 0.0000 0.00 0.00 1.00 0
-3.6737 0.1351 0.0000 0.00 0.00 1.00 0
-3.6819 0.1335 0.0000 0.00 0.00 1.00 0
-3.6912 0.1337 0.0000 0.00 0.00 1.00 0
-3.7004 0.1339 0.0000 0.00 0.00 1.00 0
-3.7181 0.1349 0.0000 0.00 0.00 1.00 0
-3.7287 0.1352 0.0000 0.00 0.00 1.00 0
-3.7389 0.1355 0.0000 0.00 0.00 1.00 0
-3.7603 0.1396 0.0000 0.00 0.00 1.00 0
-3.7724 0.1405 0.0000 0.00 0.00 1.00 0
-3.7833 0.1413 0.0000 0.00 0.00 1.00 0
-3.8002 0.1416 0.0000 0.00 0.00 1.00 0
-3.8130 0.1424 0.0000 0.00 0.00 1.00 0
-3.8214 0.1405 0.0000 0.00 0.00 1.00 0
-3.8333 0.1409 0.0000 0.00 0.00 1.00 0
-3.8454 0.1412 0.0000 0.00 0.00 1.00 0
-3.8577 0.1395 0.0000 0.00 0.00 1.00 0
-3.8699 0.1395 0.0000 0.00 0.00 1.00 0
-3.8818 0.1395 0.0000 0.00 0.00 1.00 0
-3.8968 0.1419 0.0000 0.00 0.00 1.00 0
-3.9095 0.1423 0.0000 0.00 0.00 1.00 0
-3.9218 0.1427 0.0000 0.00 0.00 1.00 0
-3.9362 0.1443 0.0000 0.00 0.00 1.00 0
-3.9491 0.1448 0.0000 0.00 0.00 1.00 0
-3.9616 0.1454 0.0000 0.00 0.00 1.00 0
-3.9704 0.1454 0.0000 0.00 0.00 1.00 0
-3.9831 0.1460 0.0000 0.00 0.00 1.00 0
-3.9940 0.1464 0.0000 0.00 0.00 1.00 0
-3.9970 0.1453 0.0000 0.00 0.00 1.00 0
-4.0079 0.1456 0.0000 0.00 0.00 1.00 0
-4.0164 0.1458 0.0000 0.00 0.00 1.00 0
-4.0180 0.1500 0.0000 0.00 0.00 1.00 0
-4.0274 0.1509 0.0000 0.00 0.00 1.00 0
-4.0371 0.1506 0.0000 0.00 0.00 1.00 0
-4.0464 0.1512 0.0000 0.00 0.00 1.00 0
-4.0556 0.1519 0.0000 0.00 0.00 1.00 0
-4.0752 0.1490 0.0000 0.00 0.00 1.00 0
-4.0859 0.1490 0.0000 0.00 0.00 1.00 0
-4.0966 0.1491 0.0000 0.00 0.00 1.00 0
-4.1192 0.1445 0.0000 0.00 0.00 1.00 0
-4.1318 0.1438 0.0000 0.00 0.00 1.00 0
-4.1457 0.1431 0.0000 0.00 0.00 1.00 0
-4.1598 0.1379 0.0000 0.00 0.00 1.00 0
-4.1702 0.1369 0.0000 0.00 0.00 1.00 0
-4.1835 0.1355 0.0000 0.00 0.00 1.00 0
-4.1961 0.1375 0.0000 0.00 0.00 1.00 0
-4.2092 0.1367 0.0000 0.00 0.00 1.00 0
-4.2115 0.1431 0.0000 0.00 0.00 1.00 0
-4.2218 0.1435 0.0000 0.00 0.00 1.00 0
-4.2327 0.1440 0.0000 0.00 0.00 1.00 0
-4.2424 0.1444 0.0000 0.00 0.00 1.00 0
-4.2426 0.1513 0.0000 0.00 0.00 1.00 0
-4.2516 0.1526 0.0000 0.00 0.00 1.00 0
-4.2605 0.1484 0.0000 0.00 0.00 1.00 0
-4.2696 0.1488 0.0000 0.00 0.00 1.00 0
-4.2787 0.1492 0.0000 0.00 0.00 1.00 0
-4.2951 0.1403 0.0000 0.00 0.00 1.00 0
-4.3055 0.1393 0.0000 0.00 0.00 1.00 0
-4.3158 0.1382 0.0000 0.00 0.00 1.00 0
-4.3387 0.1309 0.0000 0.00 0.00 1.00 0
-4.3509 0.1288 0.0000 0.00 0.00 1.00 0
-4.3622 0.1270 0.0000 0.00 0.00 1.00 0
-4.3812 0.1227 0.0000 0.00 0.00 1.00 0
-4.3944 0.1203 0.0000 0.00 0.00 1.00 0
-4.4064 0.1182 0.0000 0.00 0.00 1.00 0
-4.4082 0.1216 0.0000 0.00 0.00 1.00 0
-4.4205 0.1200 0.0000 0.00 0.00 1.00 0
-4.4228 0.1246 0.0000 0.00 0.00 1.00 0
-4.4322 0.1241 0.0000 0.00 0.00 1.00 0
-4.4421 0.1237 0.0000 0.00 0.00 1.00 0
-4.4505 0.1214 0.0000 0.00 0.00 1.00 0
-4.4601 0.1207 0.0000 0.00 0.00 1.00 0
-4.4696 0.1199 0.0000 0.00 0.00 1.00 0
-4.4859 0.1138 0.0000 0.00 0.00 1.00 0
-4.4972 0.1121 0.0000 0.00 0.00 1.00 0
-4.5080 0.1105 0.0000 0.00 0.00 1.00 0
-4.5266 0.1043 0.0000 0.00 0.00 1.00 0
-4.5388 0.1020 0.0000 0.00 0.00 1.00 0
-4.5495 0.0999 0.0000 0.00 0.00 1.00 0
-4.5580 0.0943 0.0000 0.00 0.00 1.00 0
-4.5693 0.0915 0.0000 0.00 0.00 1.00 0
-4.5782 0.0893 0.0000 0.00 0.00 1.00 0
-4.5826 0.0950 0.0000 0.00 0.00 1.00 0
-4.5924 0.0936 0.0000 0.00 0.00 1.00 0
-4.5994 0.0975 0.0000 0.00 0.00 1.00 0
-4.6087 0.0969 0.0000 0.00 0.00 1.00 0
-4.6182 0.0964 0.0000 0.00 0.00 1.00 0
-4.6278 0.0912 0.0000 0.00 0.00 1.00 0
-4.6373 0.0899 0.0000 0.00 0.00 1.00 0
-4.6466 0.0886 0.0000 0.00 0.00 1.00 0
-4.6691 0.0757 0.0000 0.00 0.00 1.00 0
-4.6808 0.0725 0.0000 0.00 0.00 1.00 0
-4.6920 0.0694 0.0000 0.00 0.00 1.00 0
-4.7096 0.0597 0.0000 0.00 0.00 1.00 0
-4.7222 0.0555 0.0000 0.00 0.00 1.00 0
-4.7347 0.0513 0.0000 0.00 0.00 1.00 0
-4.7352 0.0555 0.0000 0.00 0.00 1.00 0
-4.7460 0.0526 0.0000 0.00 0.00 1.00 0
-4.7552 0.0501 0.0000 0.00 0.00 1.00 0
-4.7587 0.0575 0.0000 0.00 0.00 1.00 0
-4.7683 0.0562 0.0000 0.00 0.00 1.00 0
-4.7759 0.0525 0.0000 0.00 0.00 1.00 0
-4.7851 0.0507 0.0000 0.00 0.00 1.00 0
-4.7943 0.0490 0.0000 0.00 0.00 1.00 0
-4.8078 0.0394 0.0000 0.00 0.00 1.00 0
-4.8177 0.0364 0.0000 0.00 0.00 1.00 0
-4.8274 0.0335 0.0000 0.00 0.00 1.00 0
-4.8363 0.0233 0.0000 0.00 0.00 1.00 0
-4.8461 0.0191 0.0000 0.00 0.00 1.00 0
-4.8558 0.0150 0.0000 0.00 0.00 1.00 0
-4.8650 0.0075 0.0000 0.00 0.00 1.00 0
-4.8744 0.0029 0.0000 0.00 0.00 1.00 0
-4.8841 -0.0018 0.0000 0.00 0.00 1.00 0
-4.8868 -0.0009 0.0000 0.00 0.00 1.00 0
-4.8952 -0.0046 0.0000 0.00 0.00 1.00 0
-4.9029 -0.0081 0.0000 0.00 0.00 1.00 0
-4.9090 -0.0060 0.0000 0.00 0.00 1.00 0
-4.9162 -0.0086 0.0000 0.00 0.00 1.00 0
-4.9226 -0.0109 0.0000 0.00 0.00 1.00 0
-4.9346 -0.0154 0.0000 0.00 0.00 1.00 0
-4.9428 -0.0184 0.0000 0.00 0.00 1.00 0
-4.9568 -0.0281 0.0000 0.00 0.00 1.00 0
-4.9661 -0.0322 0.0000 0.00 0.00 1.00 0
-4.9753 -0.0363 0.0000 0.00 0.00 1.00 0
-4.9891 -0.0467 0.0000 0.00 0.00 1.00 0
-4.9991 -0.0518 0.0000 0.00 0.00 1.00 0
-5.0090 -0.0569 0.0000 0.00 0.00 1.00 0
-5.0142 -0.0538 0.0000 0.00 0.00 1.00 0
-5.0234 -0.0577 0.0000 0.00 0.00 1.00 0
-5.0326 -0.0615 0.0000 0.00 0.00 1.00 0
-5.0354 -0.0534 0.0000 0.00 0.00 1.00 0
-5.0437 -0.0554 0.0000 0.00 0.00 1.00 0
-5.0503 -0.0571 0.0000 0.00 0.00 1.00 0
-5.0547 -0.0621 0.0000 0.00 0.00 1.00 0
-5.0620 -0.0645 0.0000 0.00 0.00 1.00 0
-5.0673 -0.0662 0.0000 0.00 0.00 1.00 0
-5.0790 -0.0795 0.0000 0.00 0.00 1.00 0
-5.0867 -0.0834 0.0000 0.00 0.00 1.00 0
-5.1009 -0.0960 0.0000 0.00 0.00 1.00 0
-5.1094 -0.1012 0.0000 0.00 0.00 1.00 0
-5.1185 -0.1067 0.0000 0.00 0.00 1.00 0
-5.1254 -0.1112 0.0000 0.00 0.00 1.00 0
-5.1342 -0.1166 0.0000 0.00 0.00 1.00 0
-5.1429 -0.1219 0.0000 0.00 0.00 1.00 0
-5.1456 -0.1185 0.0000 0.00 0.00 1.00 0
-5.1533 -0.1224 0.0000 0.00 0.00 1.00 0
-5.1609 -0.1262 0.0000 0.00 0.00 1.00 0
-5.1667 -0.1313 0.0000 0.00 0.00 1.00 0
-5.1741 -0.1354 0.0000 0.00 0.00 1.00 0
-5.1814 -0.1394 0.0000 0.00 0.00 1.00 0
-5.1918 -0.1504 0.0000 0.00 0.00 1.00 0
-5.1996 -0.1555 0.0000 0.00 0.00 1.00 0
-5.2189 -0.1635 0.0000 0.00 0.00 1.00 0
-5.2283 -0.1688 0.0000 0.00 0.00 1.00 0
-5.2381 -0.1744 0.0000 0.00 0.00 1.00 0
-5.2487 -0.1837 0.0000 0.00 0.00 1.00 0
-5.2588 -0.1900 0.0000 0.00 0.00 1.00 0
-5.2687 -0.1962 0.0000 0.00 0.00 1.00 0
-5.2761 -0.1964 0.0000 0.00 0.00 1.00 0
-5.2858 -0.2017 0.0000 0.00 0.00 1.00 0
-5.2952 -0.2069 0.0000 0.00 0.00 1.00 0
-5.2951 -0.2019 0.0000 0.00 0.00 1.00 0
-5.3032 -0.2056 0.0000 0.00 0.00 1.00 0
-5.3112 -0.2093 0.0000 0.00 0.00 1.00 0
-5.3182 -0.2116 0.0000 0.00 0.00 1.00 0
-5.3260 -0.2150 0.0000 0.00 0.00 1.00 0
-5.3329 -0.2181 0.0000 0.00 0.00 1.00 0
-5.3394 -0.2309 0.0000 0.00 0.00 1.00 0
-5.3468 -0.2356 0.0000 0.00 0.00 1.00 0
-5.3528 -0.2394 0.0000 0.00 0.00 1.00 0
-5.3616 -0.2513 0.0000 0.00 0.00 1.00 0
-5.3691 -0.2569 0.0000 0.00 0.00 1.00 0
-5.3751 -0.2611 0.0000 0.00 0.00 1.00 0
-5.3823 -0.2665 0.0000 0.00 0.00 1.00 0
-5.3896 -0.2720 0.0000 0.00 0.00 1.00 0
-5.3956 -0.2718 0.0000 0.00 0.00 1.00 0
-5.4026 -0.2763 0.0000 0.00 0.00 1.00 0
-5.4096 -0.2808 0.0000 0.00 0.00 1.00 0
-5.4129 -0.2854 0.0000 0.00 0.00 1.00 0
-5.4193 -0.2900 0.0000 0.00 0.00 1.00 0
-5.4256 -0.2945 0.0000 0.00 0.00 1.00 0
-5.4390 -0.3068 0.0000 0.00 0.00 1.00 0
-5.4467 -0.3127 0.0000 0.00 0.00 1.00 0
-5.4542 -0.3184 0.0000 0.00 0.00 1.00 0
-5.4713 -0.3349 0.0000 0.00 0.00 1.00 0
-5.4802 -0.3422 0.0000 0.00 0.00 1.00 0
-5.4875 -0.3482 0.0000 0.00 0.00 1.00 0
-5.4941 -0.3559 0.0000 0.00 0.00 1.00 0
-5.5019 -0.3627 0.0000 0.00 0.00 1.00 0
-5.5010 -0.3626 0.0000 0.00 0.00 1.00 0
-5.5078 -0.3686 0.0000 0.00 0.00 1.00 0
-5.5143 -0.3744 0.0000 0.00 0.00 1.00 0
-5.5133 -0.3700 0.0000 0.00 0.00 1.00 0
-5.5182 -0.3739 0.0000 0.00 0.00 1.00 0
-5.5241 -0.3784 0.0000 0.00 0.00 1.00 0
-5.5311 -0.3870 0.0000 0.00 0.00 1.00 0
-5.5374 -0.3925 0.0000 0.00 0.00 1.00 0
-5.5426 -0.3970 0.0000 0.00 0.00 1.00 0
-5.5537 -0.4083 0.0000 0.00 0.00 1.00 0
-5.5609 -0.4148 0.0000 0.00 0.00 1.00 0
-5.5675 -0.4207 0.0000 0.00 0.00 1.00 0
-5.5823 -0.4393 0.0000 0.00 0.00 1.00 0
-5.5901 -0.4472 0.0000 0.00 0.00 1.00 0
-5.5972 -0.4542 0.0000 0.00 0.00 1.00 0
-5.6039 -0.4597 0.0000 0.00 0.00 1.00 0
-5.6114 -0.4670 0.0000 0.00 0.00 1.00 0
-5.6117 -0.4614 0.0000 0.00 0.00 1.00 0
-5.6181 -0.4666 0.0000 0.00 0.00 1.00 0
-5.6244 -0.4719 0.0000 0.00 0.00 1.00 0
-5.6311 -0.4746 0.0000 0.00 0.00 1.00 0
-5.6375 -0.4794 0.0000 0.00 0.00 1.00 0
-5.6438 -0.4842 0.0000 0.00 0.00 1.00 0
-5.6504 -0.4952 0.0000 0.00 0.00 1.00 0
-5.6561 -0.5003 0.0000 0.00 0.00 1.00 0
-5.6624 -0.5060 0.0000 0.00 0.00 1.00 0
-5.6735 -0.5206 0.0000 0.00 0.00 1.00 0
-5.6806 -0.5278 0.0000 0.00 0.00 1.00 0
-5.6870 -0.5342 0.0000 0.00 0.00 1.00 0
-5.6994 -0.5525 0.0000 0.00 0.00 1.00 0
-5.7064 -0.5604 0.0000 0.00 0.00 1.00 0
-5.7132 -0.5680 0.0000 0.00 0.00 1.00 0
-5.7165 -0.5695 0.0000 0.00 0.00 1.00 0
-5.7235 -0.5769 0.0000 0.00 0.00 1.00 0
-5.7288 -0.5826 0.0000 0.00 0.00 1.00 0
-5.7268 -0.5793 0.0000 0.00 0.00 1.00 0
-5.7323 -0.5850 0.0000 0.00 0.00 1.00 0
-5.7360 -0.5889 0.0000 0.00 0.00 1.00 0
-5.7454 -0.5976 0.0000 0.00 0.00 1.00 0
-5.7511 -0.6034 0.0000 0.00 0.00 1.00 0
-5.7576 -0.6132 0.0000 0.00 0.00 1.00 0
-5.7635 -0.6197 0.0000 0.00 0.00 1.00 0
-5.7693 -0.6260 0.0000 0.00 0.00 1.00 0
-5.7790 -0.6436 0.0000 0.00 0.00 1.00 0
-5.7854 -0.6518 0.0000 0.00 0.00 1.00 0
-5.7918 -0.6599 0.0000 0.00 0.00 1.00 0
-5.7960 -0.6647 0.0000 0.00 0.00 1.00 0
-5.8031 -0.6736 0.0000 0.00 0.00 1.00 0
-5.8093 -0.6815 0.0000 0.00 0.00 1.00 0
-5.8098 -0.6835 0.0000 0.00 0.00 1.00 0
-5.8152 -0.6904 0.0000 0.00 0.00 1.00 0
-5.8190 -0.6953 0.0000 0.00 0.00 1.00 0
-5.8297 -0.6971 0.0000 0.00 0.00 1.00 0
-5.8356 -0.7030 0.0000 0.00 0.00 1.00 0
-5.8429 -0.7122 0.0000 0.00 0.00 1.00 0
-5.8491 -0.7187 0.0000 0.00 0.00 1.00 0
-5.8552 -0.7251 0.0000 0.00 0.00 1.00 0
-5.8630 -0.7432 0.0000 0.00 0.00 1.00 0
-5.8694 -0.7515 0.0000 0.00 0.00 1.00 0
-5.8762 -0.7602 0.0000 0.00 0.00 1.00 0
-5.8782 -0.7673 0.0000 0.00 0.00 1.00 0
-5.8839 -0.7753 0.0000 0.00 0.00 1.00 0
-5.8897 -0.7834 0.0000 0.00 0.00 1.00 0
-5.8907 -0.7859 0.0000 0.00 0.00 1.00 0
-5.8957 -0.7931 0.0000 0.00 0.00 1.00 0
-5.9003 -0.7997 0.0000 0.00 0.00 1.00 0
-5.9069 -0.8037 0.0000 0.00 0.00 1.00 0
-5.9121 -0.8105 0.0000 0.00 0.00 1.00 0
-5.9195 -0.8209 0.0000 0.00 0.00 1.00 0
-5.9250 -0.8282 0.0000 0.00 0.00 1.00 0
-5.9307 -0.8356 0.0000 0.00 0.00 1.00 0
-5.9346 -0.8498 0.0000 0.00 0.00 1.00 0
-5.9398 -0.8581 0.0000 0.00 0.00 1.00 0
-5.9446 -0.8658 0.0000 0.00 0.00 1.00 0
-5.9457 -0.8782 0.0000 0.00 0.00 1.00 0
-5.9503 -0.8872 0.0000 0.00 0.00 1.00 0
-5.9544 -0.8952 0.0000 0.00 0.00 1.00 0
-5.9548 -0.9032 0.0000 0.00 0.00 1.00 0
-5.9586 -0.9118 0.0000 0.00 0.00 1.00 0
-5.9620 -0.9196 0.0000 0.00 0.00 1.00 0
-5.9649 -0.9244 0.0000 0.00 0.00 1.00 0
-5.9681 -0.9315 0.0000 0.00 0.00 1.00 0
-5.9720 -0.9402 0.0000 0.00 0.00 1.00 0
-5.9785 -0.9482 0.0000 0.00 0.00 1.00 0
-5.9830 -0.9570 0.0000 0.00 0.00 1.00 0
-5.9859 -0.9627 0.0000 0.00 0.00 1.00 0
-5.9967 -0.9789 0.0000 0.00 0.00 1.00 0
-6.0016 -0.9878 0.0000 0.00 0.00 1.00 0
-6.0095 -1.0074 0.0000 0.00 0.00 1.00 0
-6.0149 -1.0183 0.0000 0.00 0.00 1.00 0
-6.0204 -1.0290 0.0000 0.00 0.00 1.00 0
-6.0233 -1.0356 0.0000 0.00 0.00 1.00 0
-6.0284 -1.0458 0.0000 0.00 0.00 1.00 0
-6.0334 -1.0559 0.0000 0.00 0.00 1.00 0
-6.0342 -1.0614 0.0000 0.00 0.00 1.00 0
-6.0385 -1.0707 0.0000 0.00 0.00 1.00 0
-6.0428 -1.0800 0.0000 0.00 0.00 1.00 0
-6.0434 -1.0798 0.0000 0.00 0.00 1.00 0
-6.0472 -1.0876 0.0000 0.00 0.00 1.00 0
-6.0510 -1.0956 0.0000 0.00 0.00 1.00 0
-6.0502 -1.1011 0.0000 0.00 0.00 1.00 0
-6.0532 -1.1086 0.0000 0.00 0.00 1.00 0
-6.0556 -1.1145 0.0000 0.00 0.00 1.00 0
-6.0623 -1.1257 0.0000 0.00 0.00 1.00 0
-6.0655 -1.1330 0.0000 0.00 0.00 1.00 0
-6.0751 -1.1471 0.0000 0.00 0.00 1.00 0
-6.0793 -1.1552 0.0000 0.00 0.00 1.00 0
-6.0838 -1.1640 0.0000 0.00 0.00 1.00 0
-6.0836 -1.1691 0.0000 0.00 0.00 1.00 0
-6.0874 -1.1774 0.0000 0.00 0.00 1.00 0
-6.0910 -1.1855 0.0000 0.00 0.00 1.00 0
-6.0930 -1.1868 0.0000 0.00 0.00 1.00 0
-6.0964 -1.1939 0.0000 0.00 0.00 1.00 0
-6.0998 -1.2009 0.0000 0.00 0.00 1.00 0
-6.1063 -1.2093 0.0000 0.00 0.00 1.00 0
-6.1102 -1.2166 0.0000 0.00 0.00 1.00 0
-6.1141 -1.2239 0.0000 0.00 0.00 1.00 0
-6.1171 -1.2359 0.0000 0.00 0.00 1.00 0
-6.1208 -1.2437 0.0000 0.00 0.00 1.00 0
-6.1237 -1.2501 0.0000 0.00 0.00 1.00 0
-6.1277 -1.2687 0.0000 0.00 0.00 1.00 0
-6.1314 -1.2779 0.0000 0.00 0.00 1.00 0
-6.1336 -1.2945 0.0000 0.00 0.00 1.00 0
-6.1370 -1.3051 0.0000 0.00 0.00 1.00 0
-6.1401 -1.3145 0.0000 0.00 0.00 1.00 0
-6.1430 -1.3171 0.0000 0.00 0.00 1.00 0
-6.1463 -1.3261 0.0000 0.00 0.00 1.00 0
-6.1496 -1.3352 0.0000 0.00 0.00 1.00 0
-6.1515 -1.3333 0.0000 0.00 0.00 1.00 0
-6.1546 -1.3406 0.0000 0.00 0.00 1.00 0
-6.1576 -1.3478 0.0000 0.00 0.00 1.00 0
-6.1623 -1.3598 0.0000 0.00 0.00 1.00 0
-6.1652 -1.3670 0.0000 0.00 0.00 1.00 0
-6.1685 -1.3750 0.0000 0.00 0.00 1.00 0
-6.1739 -1.3899 0.0000 0.00 0.00 1.00 0
-6.1778 -1.3996 0.0000 0.00 0.00 1.00 0
-6.1811 -1.4078 0.0000 0.00 0.00 1.00 0
-6.1856 -1.4254 0.0000 0.00 0.00 1.00 0
-6.1893 -1.4356 0.0000 0.00 0.00 1.00 0
-6.1926 -1.4447 0.0000 0.00 0.00 1.00 0
-6.1902 -1.4597 0.0000 0.00 0.00 1.00 0
-6.1929 -1.4703 0.0000 0.00 0.00 1.00 0
-6.1950 -1.4748 0.0000 0.00 0.00 1.00 0
-6.1977 -1.4846 0.0000 0.00 0.00 1.00 0
-6.2004 -1.4943 0.0000 0.00 0.00 1.00 0
-6.2008 -1.4992 0.0000 0.00 0.00 1.00 0
-6.2031 -1.5081 0.0000 0.00 0.00 1.00 0
-6.2054 -1.5172 0.0000 0.00 0.00 1.00 0
-6.2070 -1.5242 0.0000 0.00 0.00 1.00 0
-6.2093 -1.5332 0.0000 0.00 0.00 1.00 0
-6.2115 -1.5419 0.0000 0.00 0.00 1.00 0
-6.2183 -1.5555 0.0000 0.00 0.00 1.00 0
-6.2212 -1.5647 0.0000 0.00 0.00 1.00 0
-6.2238 -1.5732 0.0000 0.00 0.00 1.00 0
-6.2271 -1.5887 0.0000 0.00 0.00 1.00 0
-6.2301 -1.5991 0.0000 0.00 0.00 1.00 0
-6.2310 -1.6077 0.0000 0.00 0.00 1.00 0
-6.2334 -1.6169 0.0000 0.00 0.00 1.00 0
-6.2362 -1.6277 0.0000 0.00 0.00 1.00 0
-6.2362 -1.6289 0.0000 0.00 0.00 1.00 0
-6.2384 -1.6375 0.0000 0.00 0.00 1.00 0
-6.2406 -1.6461 0.0000 0.00 0.00 1.00 0
-6.2395 -1.6528 0.0000 0.00 0.00 1.00 0
-6.2412 -1.6611 0.0000 0.00 0.00 1.00 0
-6.2428 -1.6692 0.0000 0.00 0.00 1.00 0
-6.2453 -1.6787 0.0000 0.00 0.00 1.00 0
-6.2471 -1.6871 0.0000 0.00 0.00 1.00 0
-6.2486 -1.6946 0.0000 0.00 0.00 1.00 0
-6.2555 -1.7139 0.0000 0.00 0.00 1.00 0
-6.2581 -1.7239 0.0000 0.00 0.00 1.00 0
-6.2606 -1.7338 0.0000 0.00 0.00 1.00 0
-6.2599 -1.7479 0.0000 0.00 0.00 1.00 0
-6.2618 -1.7573 0.0000 0.00 0.00 1.00 0
-6.2638 -1.7679 0.0000 0.00 0.00 1.00 0
-6.2630 -1.7724 0.0000 0.00 0.00 1.00 0
-6.2646 -1.7821 0.0000 0.00 0.00 1.00 0
-6.2664 -1.7804 0.0000 0.00 0.00 1.00 0
-6.2680 -1.7880 0.0000 0.00 0.00 1.00 0
-6.2696 -1.7958 0.0000 0.00 0.00 1.00 0
-6.2707 -1.8008 0.0000 0.00 0.00 1.00 0
-6.2775 -1.8156 0.0000 0.00 0.00 1.00 0
-6.2798 -1.8239 0.0000 0.00 0.00 1.00 0
-6.2795 -1.8356 0.0000 0.00 0.00 1.00 0
-6.2814 -1.8444 0.0000 0.00 0.00 1.00 0
-6.2833 -1.8531 0.0000 0.00 0.00 1.00 0
-6.2847 -1.8726 0.0000 0.00 0.00 1.00 0
-6.2868 -1.8842 0.0000 0.00 0.00 1.00 0
-6.2884 -1.8937 0.0000 0.00 0.00 1.00 0
-6.2849 -1.9100 0.0000 0.00 0.00 1.00 0
-6.2859 -1.9211 0.0000 0.00 0.00 1.00 0
-6.2867 -1.9301 0.0000 0.00 0.00 1.00 0
-6.2856 -1.9457 0.0000 0.00 0.00 1.00 0
-6.2862 -1.9572 0.0000 0.00 0.00 1.00 0
-6.2846 -1.9597 0.0000 0.00 0.00 1.00 0
-6.2849 -1.9698 0.0000 0.00 0.00 1.00 0
-6.2852 -1.9800 0.0000 0.00 0.00 1.00 0
-6.2888 -1.9819 0.0000 0.00 0.00 1.00 0
-6.2896 -1.9905 0.0000 0.00 0.00 1.00 0
-6.2904 -1.9991 0.0000 0.00 0.00 1.00 0
-6.2938 -2.0080 0.0000 0.00 0.00 1.00 0
-6.2950 -2.0169 0.0000 0.00 0.00 1.00 0
-6.2963 -2.0257 0.0000 0.00 0.00 1.00 0
-6.2984 -2.0367 0.0000 0.00 0.00 1.00 0
-6.2998 -2.0458 0.0000 0.00 0.00 1.00 0
-6.3012 -2.0550 0.0000 0.00 0.00 1.00 0
-6.3033 -2.0732 0.0000 0.00 0.00 1.00 0
-6.3048 -2.0835 0.0000 0.00 0.00 1.00 0
-6.3063 -2.0939 0.0000 0.00 0.00 1.00 0
-6.3023 -2.1003 0.0000 0.00 0.00 1.00 0
-6.3030 -2.1100 0.0000 0.00 0.00 1.00 0
-6.3035 -2.1170 0.0000 0.00 0.00 1.00 0
-6.3075 -2.1272 0.0000 0.00 0.00 1.00 0
-6.3085 -2.1358 0.0000 0.00 0.00 1.00 0
-6.3058 -2.1436 0.0000 0.00 0.00 1.00 0
-6.3063 -2.1526 0.0000 0.00 0.00 1.00 0
-6.3068 -2.1616 0.0000 0.00 0.00 1.00 0
-6.3062 -2.1735 0.0000 0.00 0.00 1.00 0
-6.3065 -2.1840 0.0000 0.00 0.00 1.00 0
-6.3068 -2.1937 0.0000 0.00 0.00 1.00 0
-6.3065 -2.2193 0.0000 0.00 0.00 1.00 0
-6.3067 -2.2314 0.0000 0.00 0.00 1.00 0
-6.3069 -2.2436 0.0000 0.00 0.00 1.00 0
-6.3026 -2.2482 0.0000 0.00 0.00 1.00 0
-6.3022 -2.2581 0.0000 0.00 0.00 1.00 0
-6.3017 -2.2691 0.0000 0.00 0.00 1.00 0
-6.3052 -2.2682 0.0000 0.00 0.00 1.00 0
-6.3054 -2.2773 0.0000 0.00 0.00 1.00 0
-6.3055 -2.2843 0.0000 0.00 0.00 1.00 0
-6.3053 -2.2851 0.0000 0.00 0.00 1.00 0
-6.3053 -2.2927 0.0000 0.00 0.00 1.00 0
-6.3054 -2.2988 0.0000 0.00 0.00 1.00 0
-6.3044 -2.3055 0.0000 0.00 0.00 1.00 0
-6.3043 -2.3127 0.0000 0.00 0.00 1.00 0
-6.2994 -2.3238 0.0000 0.00 0.00 1.00 0
-6.2985 -2.3317 0.0000 0.00 0.00 1.00 0
-6.2977 -2.3395 0.0000 0.00 0.00 1.00 0
-6.2942 -2.3569 0.0000 0.00 0.00 1.00 0
-6.2929 -2.3664 0.0000 0.00 0.00 1.00 0
-6.2917 -2.3757 0.0000 0.00 0.00 1.00 0
-6.2984 -2.3850 0.0000 0.00 0.00 1.00 0
-6.2983 -2.3942 0.0000 0.00 0.00 1.00 0
-6.2983 -2.4037 0.0000 0.00 0.00 1.00 0
-6.2997 -2.4126 0.0000 0.00 0.00 1.00 0
-6.2999 -2.4218 0.0000 0.00 0.00 1.00 0
-6.3000 -2.4291 0.0000 0.00 0.00 1.00 0
-6.2951 -2.4440 0.0000 0.00 0.00 1.00 0
-6.2945 -2.4539 0.0000 0.00 0.00 1.00 0
-6.2893 -2.4727 0.0000 0.00 0.00 1.00 0
-6.2879 -2.4841 0.0000 0.00 0.00 1.00 0
-6.2865 -2.4955 0.0000 0.00 0.00 1.00 0
-6.2874 -2.4996 0.0000 0.00 0.00 1.00 0
-6.2864 -2.5099 0.0000 0.00 0.00 1.00 0
-6.2854 -2.5200 0.0000 0.00 0.00 1.00 0
-6.2943 -2.5189 0.0000 0.00 0.00 1.00 0
-6.2949 -2.5274 0.0000 0.00 0.00 1.00 0
-6.2955 -2.5358 0.0000 0.00 0.00 1.00 0
-6.2967 -2.5414 0.0000 0.00 0.00 1.00 0
-6.2974 -2.5496 0.0000 0.00 0.00 1.00 0
-6.2981 -2.5576 0.0000 0.00 0.00 1.00 0
-6.2892 -2.5682 0.0000 0.00 0.00 1.00 0
-6.2885 -2.5768 0.0000 0.00 0.00 1.00 0
-6.2878 -2.5843 0.0000 0.00 0.00 1.00 0
-6.2764 -2.5953 0.0000 0.00 0.00 1.00 0
-6.2741 -2.6040 0.0000 0.00 0.00 1.00 0
-6.2748 -2.6110 0.0000 0.00 0.00 1.00 0
-6.2729 -2.6195 0.0000 0.00 0.00 1.00 0
-6.2711 -2.6279 0.0000 0.00 0.00 1.00 0
-6.2765 -2.6351 0.0000 0.00 0.00 1.00 0
-6.2758 -2.6434 0.0000 0.00 0.00 1.00 0
-6.2752 -2.6516 0.0000 0.00 0.00 1.00 0
-6.2728 -2.6615 0.0000 0.00 0.00 1.00 0
-6.2718 -2.6714 0.0000 0.00 0.00 1.00 0
-6.2709 -2.6799 0.0000 0.00 0.00 1.00 0
-6.2606 -2.6976 0.0000 0.00 0.00 1.00 0
-6.2583 -2.7076 0.0000 0.00 0.00 1.00 0
-6.2561 -2.7166 0.0000 0.00 0.00 1.00 0
-6.2464 -2.7304 0.0000 0.00 0.00 1.00 0
-6.2426 -2.7419 0.0000 0.00 0.00 1.00 0
-6.2397 -2.7505 0.0000 0.00 0.00 1.00 0
-6.2379 -2.7576 0.0000 0.00 0.00 1.00 0
-6.2351 -2.7663 0.0000 0.00 0.00 1.00 0
-6.2418 -2.7696 0.0000 0.00 0.00 1.00 0
-6.2403 -2.7784 0.0000 0.00 0.00 1.00 0
-6.2390 -2.7863 0.0000 0.00 0.00 1.00 0
-6.2380 -2.7920 0.0000 0.00 0.00 1.00 0
-6.2323 -2.7975 0.0000 0.00 0.00 1.00 0
-6.2303 -2.8054 0.0000 0.00 0.00 1.00 0
-6.2238 -2.8113 0.0000 0.00 0.00 1.00 0
-6.2211 -2.8186 0.0000 0.00 0.00 1.00 0
-6.2183 -2.8261 0.0000 0.00 0.00 1.00 0
-6.2084 -2.8383 0.0000 0.00 0.00 1.00 0
-6.2046 -2.8464 0.0000 0.00 0.00 1.00 0
-6.2012 -2.8538 0.0000 0.00 0.00 1.00 0
-6.1972 -2.8653 0.0000 0.00 0.00 1.00 0
-6.1933 -2.8740 0.0000 0.00 0.00 1.00 0
-6.1895 -2.8825 0.0000 0.00 0.00 1.00 0
-6.1973 -2.8882 0.0000 0.00 0.00 1.00 0
-6.1952 -2.8965 0.0000 0.00 0.00 1.00 0
-6.1936 -2.9030 0.0000 0.00 0.00 1.00 0
-6.1975 -2.9109 0.0000 0.00 0.00 1.00 0
-6.1964 -2.9187 0.0000 0.00 0.00 1.00 0
-6.1918 -2.9251 0.0000 0.00 0.00 1.00 0
-6.1901 -2.9327 0.0000 0.00 0.00 1.00 0
-6.1884 -2.9402 0.0000 0.00 0.00 1.00 0
-6.1876 -2.9440 0.0000 0.00 0.00 1.00 0
-6.1726 -2.9623 0.0000 0.00 0.00 1.00 0
-6.1691 -2.9711 0.0000 0.00 0.00 1.00 0
-6.1561 -2.9853 0.0000 0.00 0.00 1.00 0
-6.1511 -2.9948 0.0000 0.00 0.00 1.00 0
-6.1462 -3.0043 0.0000 0.00 0.00 1.00 0
-6.1477 -3.0117 0.0000 0.00 0.00 1.00 0
-6.1437 -3.0210 0.0000 0.00 0.00 1.00 0
-6.1397 -3.0302 0.0000 0.00 0.00 1.00 0
-6.1403 -3.0357 0.0000 0.00 0.00 1.00 0
-6.1371 -3.0442 0.0000 0.00 0.00 1.00 0
-6.1324 -3.0525 0.0000 0.00 0.00 1.00 0
-6.1291 -3.0608 0.0000 0.00 0.00 1.00 0
-6.1254 -3.0697 0.0000 0.00 0.00 1.00 0
-6.1231 -3.0780 0.0000 0.00 0.00 1.00 0
-6.1199 -3.0864 0.0000 0.00 0.00 1.00 0
-6.1166 -3.0950 0.0000 0.00 0.00 1.00 0
-6.1054 -3.1027 0.0000 0.00 0.00 1.00 0
-6.1008 -3.1112 0.0000 0.00 0.00 1.00 0
-6.0962 -3.1196 0.0000 0.00 0.00 1.00 0
-6.0897 -3.1295 0.0000 0.00 0.00 1.00 0
-6.0849 -3.1380 0.0000 0.00 0.00 1.00 0
-6.0800 -3.1467 0.0000 0.00 0.00 1.00 0
-6.0709 -3.1541 0.0000 0.00 0.00 1.00 0
-6.0653 -3.1627 0.0000 0.00 0.00 1.00 0
-6.0598 -3.1711 0.0000 0.00 0.00 1.00 0
-6.0584 -3.1724 0.0000 0.00 0.00 1.00 0
-6.0536 -3.1797 0.0000 0.00 0.00 1.00 0
-6.0530 -3.1855 0.0000 0.00 0.00 1.00 0
-6.0488 -3.1928 0.0000 0.00 0.00 1.00 0
-6.0451 -3.1992 0.0000 0.00 0.00 1.00 0
-6.0495 -3.2070 0.0000 0.00 0.00 1.00 0
-6.0468 -3.2141 0.0000 0.00 0.00 1.00 0
-6.0442 -3.2212 0.0000 0.00 0.00 1.00 0
-6.0426 -3.2255 0.0000 0.00 0.00 1.00 0
-6.0429 -3.2356 0.0000 0.00 0.00 1.00 0
-6.0408 -3.2428 0.0000 0.00 0.00 1.00 0
-6.0354 -3.2505 0.0000 0.00 0.00 1.00 0
-6.0328 -3.2577 0.0000 0.00 0.00 1.00 0
-6.0302 -3.2649 0.0000 0.00 0.00 1.00 0
-6.0144 -3.2818 0.0000 0.00 0.00 1.00 0
-6.0098 -3.2905 0.0000 0.00 0.00 1.00 0
-6.0051 -3.2992 0.0000 0.00 0.00 1.00 0
-5.9978 -3.3094 0.0000 0.00 0.00 1.00 0
-5.9927 -3.3184 0.0000 0.00 0.00 1.00 0
-5.9881 -3.3266 0.0000 0.00 0.00 1.00 0
-5.9892 -3.3350 0.0000 0.00 0.00 1.00 0
-5.9850 -3.3438 0.0000 0.00 0.00 1.00 0
-5.9821 -3.3500 0.0000 0.00 0.00 1.00 0
-5.9881 -3.3489 0.0000 0.00 0.00 1.00 0
-5.9857 -3.3559 0.0000 0.00 0.00 1.00 0
-5.9773 -3.3629 0.0000 0.00 0.00 1.00 0
-5.9739 -3.3699 0.0000 0.00 0.00 1.00 0
-5.9705 -3.3767 0.0000 0.00 0.00 1.00 0
-5.9593 -3.3853 0.0000 0.00 0.00 1.00 0
-5.9548 -3.3921 0.0000 0.00 0.00 1.00 0
-5.9502 -3.3993 0.0000 0.00 0.00 1.00 0
-5.9330 -3.4157 0.0000 0.00 0.00 1.00 0
-5.9263 -3.4243 0.0000 0.00 0.00 1.00 0
-5.9197 -3.4330 0.0000 0.00 0.00 1.00 0
-5.9170 -3.4300 0.0000 0.00 0.00 1.00 0
-5.9103 -3.4376 0.0000 0.00 0.00 1.00 0
-5.9048 -3.4438 0.0000 0.00 0.00 1.00 0
-5.9119 -3.4474 0.0000 0.00 0.00 1.00 0
-5.9080 -3.4536 0.0000 0.00 0.00 1.00 0
-5.9091 -3.4571 0.0000 0.00 0.00 1.00 0
-5.9060 -3.4629 0.0000 0.00 0.00 1.00 0
-5.9028 -3.4688 0.0000 0.00 0.00 1.00 0
-5.8946 -3.4759 0.0000 0.00 0.00 1.00 0
-5.8906 -3.4819 0.0000 0.00 0.00 1.00 0
-5.8866 -3.4880 0.0000 0.00 0.00 1.00 0
-5.8685 -3.4953 0.0000 0.00 0.00 1.00 0
-5.8623 -3.5015 0.0000 0.00 0.00 1.00 0
-5.8560 -3.5078 0.0000 0.00 0.00 1.00 0
-5.8474 -3.5176 0.0000 0.00 0.00 1.00 0
-5.8406 -3.5245 0.0000 0.00 0.00 1.00 0
-5.8339 -3.5313 0.0000 0.00 0.00 1.00 0
-5.8375 -3.5305 0.0000 0.00 0.00 1.00 0
-5.8329 -3.5355 0.0000 0.00 0.00 1.00 0
-5.8269 -3.5421 0.0000 0.00 0.00 1.00 0
-5.8297 -3.5418 0.0000 0.00 0.00 1.00 0
-5.8257 -3.5466 0.0000 0.00 0.00 1.00 0
-5.8229 -3.5500 0.0000 0.00 0.00 1.00 0
-5.8215 -3.5573 0.0000 0.00 0.00 1.00 0
-5.8182 -3.5621 0.0000 0.00 0.00 1.00 0
-5.8034 -3.5680 0.0000 0.00 0.00 1.00 0
-5.7980 -3.5732 0.0000 0.00 0.00 1.00 0
-5.7926 -3.5783 0.0000 0.00 0.00 1.00 0
-5.7820 -3.5897 0.0000 0.00 0.00 1.00 0
-5.7758 -3.5958 0.0000 0.00 0.00 1.00 0
-5.7695 -3.6020 0.0000 0.00 0.00 1.00 0
-5.7676 -3.6060 0.0000 0.00 0.00 1.00 0
-5.7627 -3.6112 0.0000 0.00 0.00 1.00 0
-5.7567 -3.6175 0.0000 0.00 0.00 1.00 0
-5.7633 -3.6193 0.0000 0.00 0.00 1.00 0
-5.7596 -3.6246 0.0000 0.00 0.00 1.00 0
-5.7567 -3.6287 0.0000 0.00 0.00 1.00 0
-5.7500 -3.6355 0.0000 0.00 0.00 1.00 0
-5.7460 -3.6408 0.0000 0.00 0.00 1.00 0
-5.7347 -3.6469 0.0000 0.00 0.00 1.00 0
-5.7299 -3.6518 0.0000 0.00 0.00 1.00 0
-5.7248 -3.6571 0.0000 0.00 0.00 1.00 0
-5.7102 -3.6653 0.0000 0.00 0.00 1.00 0
-5.7034 -3.6711 0.0000 0.00 0.00 1.00 0
-5.6968 -3.6768 0.0000 0.00 0.00 1.00 0
-5.6836 -3.6826 0.0000 0.00 0.00 1.00 0
-5.6758 -3.6884 0.0000 0.00 0.00 1.00 0
-5.6679 -3.6943 0.0000 0.00 0.00 1.00 0
-5.6635 -3.7020 0.0000 0.00 0.00 1.00 0
-5.6564 -3.7080 0.0000 0.00 0.00 1.00 0
-5.6493 -3.7139 0.0000 0.00 0.00 1.00 0
-5.6520 -3.7145 0.0000 0.00 0.00 1.00 0
-5.6463 -3.7198 0.0000 0.00 0.00 1.00 0
-5.6413 -3.7244 0.0000 0.00 0.00 1.00 0
-5.6462 -3.7217 0.0000 0.00 0.00 1.00 0
-5.6411 -3.7267 0.0000 0.00 0.00 1.00 0
-5.6326 -3.7281 0.0000 0.00 0.00 1.00 0
-5.6281 -3.7314 0.0000 0.00 0.00 1.00 0
-5.6233 -3.7349 0.0000 0.00 0.00 1.00 0
-5.6075 -3.7450 0.0000 0.00 0.00 1.00 0
-5.6008 -3.7497 0.0000 0.00 0.00 1.00 0
-5.5935 -3.7547 0.0000 0.00 0.00 1.00 0
-5.5847 -3.7636 0.0000 0.00 0.00 1.00 0
-5.5775 -3.7690 0.0000 0.00 0.00 1.00 0
-5.5705 -3.7744 0.0000 0.00 0.00 1.00 0
-5.5653 -3.7786 0.0000 0.00 0.00 1.00 0
-5.5586 -3.7838 0.0000 0.00 0.00 1.00 0
-5.5519 -3.7889 0.0000 0.00 0.00 1.00 0
-5.5581 -3.7893 0.0000 0.00 0.00 1.00 0
-5.5532 -3.7938 0.0000 0.00 0.00 1.00 0
-5.5485 -3.7983 0.0000 0.00 0.00 1.00 0
-5.5498 -3.8003 0.0000 0.00 0.00 1.00 0
-5.5459 -3.8044 0.0000 0.00 0.00 1.00 0
-5.5421 -3.8084 0.0000 0.00 0.00 1.00 0
-5.5353 -3.8064 0.0000 0.00 0.00 1.00 0
-5.5311 -3.8095 0.0000 0.00 0.00 1.00 0
-5.5157 -3.8138 0.0000 0.00 0.00 1.00 0
-5.5096 -3.8171 0.0000 0.00 0.00 1.00 0
-5.5034 -3.8205 0.0000 0.00 0.00 1.00 0
-5.4794 -3.8321 0.0000 0.00 0.00 1.00 0
-5.4703 -3.8369 0.0000 0.00 0.00 1.00 0
-5.4611 -3.8416 0.0000 0.00 0.00 1.00 0
-5.4526 -3.8471 0.0000 0.00 0.00 1.00 0
-5.4435 -3.8520 0.0000 0.00 0.00 1.00 0
-5.4343 -3.8570 0.0000 0.00 0.00 1.00 0
-5.4463 -3.8618 0.0000 0.00 0.00 1.00 0
-5.4406 -3.8666 0.0000 0.00 0.00 1.00 0
-5.4347 -3.8715 0.0000 0.00 0.00 1.00 0
-5.4348 -3.8774 0.0000 0.00 0.00 1.00 0
-5.4300 -3.8824 0.0000 0.00 0.00 1.00 0
-5.4212 -3.8854 0.0000 0.00 0.00 1.00 0
-5.4160 -3.8897 0.0000 0.00 0.00 1.00 0
-5.4106 -3.8943 0.0000 0.00 0.00 1.00 0
-5.4001 -3.8968 0.0000 0.00 0.00 1.00 0
-5.3938 -3.9010 0.0000 0.00 0.00 1.00 0
-5.3876 -3.9052 0.0000 0.00 0.00 1.00 0
-5.3709 -3.9129 0.0000 0.00 0.00 1.00 0
-5.3629 -3.9177 0.0000 0.00 0.00 1.00 0
-5.3549 -3.9225 0.0000 0.00 0.00 1.00 0
-5.3412 -3.9286 0.0000 0.00 0.00 1.00 0
-5.3322 -3.9336 0.0000 0.00 0.00 1.00 0
-5.3234 -3.9386 0.0000 0.00 0.00 1.00 0
-5.3205 -3.9354 0.0000 0.00 0.00 1.00 0
-5.3125 -3.9391 0.0000 0.00 0.00 1.00 0
-5.3045 -3.9429 0.0000 0.00 0.00 1.00 0
-5.3037 -3.9453 0.0000 0.00 0.00 1.00 0
-5.2968 -3.9488 0.0000 0.00 0.00 1.00 0
-5.2899 -3.9523 0.0000 0.00 0.00 1.00 0
-5.2901 -3.9523 0.0000 0.00 0.00 1.00 0
-5.2839 -3.9555 0.0000 0.00 0.00 1.00 0
-5.2816 -3.9570 0.0000 0.00 0.00 1.00 0
-5.2764 -3.9597 0.0000 0.00 0.00 1.00 0
-5.2712 -3.9624 0.0000 0.00 0.00 1.00 0
-5.2622 -3.9703 0.0000 0.00 0.00 1.00 0
-5.2576 -3.9731 0.0000 0.00 0.00 1.00 0
-5.2506 -3.9774 0.0000 0.00 0.00 1.00 0
-5.2367 -3.9821 0.0000 0.00 0.00 1.00 0
-5.2294 -3.9860 0.0000 0.00 0.00 1.00 0
-5.2222 -3.9897 0.0000 0.00 0.00 1.00 0
-5.2108 -3.9965 0.0000 0.00 0.00 1.00 0
-5.2030 -4.0007 0.0000 0.00 0.00 1.00 0
-5.1951 -4.0050 0.0000 0.00 0.00 1.00 0
-5.1941 -4.0057 0.0000 0.00 0.00 1.00 0
-5.1874 -4.0094 0.0000 0.00 0.00 1.00 0
-5.1812 -4.0127 0.0000 0.00 0.00 1.00 0
-5.1806 -4.0218 0.0000 0.00 0.00 1.00 0
-5.1749 -4.0263 0.0000 0.00 0.00 1.00 0
-5.1674 -4.0268 0.0000 0.00 0.00 1.00 0
-5.1617 -4.0303 0.0000 0.00 0.00 1.00 0
-5.1551 -4.0344 0.0000 0.00 0.00 1.00 0
-5.1437 -4.0369 0.0000 0.00 0.00 1.00 0
-5.1367 -4.0405 0.0000 0.00 0.00 1.00 0
-5.1298 -4.0440 0.0000 0.00 0.00 1.00 0
-5.1141 -4.0495 0.0000 0.00 0.00 1.00 0
-5.1057 -4.0534 0.0000 0.00 0.00 1.00 0
-5.0974 -4.0572 0.0000 0.00 0.00 1.00 0
-5.0843 -4.0585 0.0000 0.00 0.00 1.00 0
-5.0753 -4.0619 0.0000 0.00 0.00 1.00 0
-5.0662 -4.0654 0.0000 0.00 0.00 1.00 0
-5.0631 -4.0691 0.0000 0.00 0.00 1.00 0
-5.0550 -4.0726 0.0000 0.00 0.00 1.00 0
-5.0476 -4.0757 0.0000 0.00 0.00 1.00 0
-5.0476 -4.0765 0.0000 0.00 0.00 1.00 0
-5.0408 -4.0796 0.0000 0.00 0.00 1.00 0
-5.0363 -4.0816 0.0000 0.00 0.00 1.00 0
-5.0295 -4.0846 0.0000 0.00 0.00 1.00 0
-5.0231 -4.0875 0.0000 0.00 0.00 1.00 0
-5.0174 -4.0895 0.0000 0.00 0.00 1.00 0
-5.0111 -4.0923 0.0000 0.00 0.00 1.00 0
-5.0047 -4.0951 0.0000 0.00 0.00 1.00 0
-5.0026 -4.1005 0.0000 0.00 0.00 1.00 0
-4.9968 -4.1038 0.0000 0.00 0.00 1.00 0
-4.9912 -4.1070 0.0000 0.00 0.00 1.00 0
-4.9831 -4.1104 0.0000 0.00 0.00 1.00 0
-4.9770 -4.1136 0.0000 0.00 0.00 1.00 0
-4.9710 -4.1168 0.0000 0.00 0.00 1.00 0
-4.9585 -4.1188 0.0000 0.00 0.00 1.00 0
-4.9515 -4.1218 0.0000 0.00 0.00 1.00 0
-4.9445 -4.1248 0.0000 0.00 0.00 1.00 0
-4.9288 -4.1316 0.0000 0.00 0.00 1.00 0
-4.9206 -4.1352 0.0000 0.00 0.00 1.00 0
-4.9134 -4.1368 0.0000 0.00 0.00 1.00 0
-4.9052 -4.1401 0.0000 0.00 0.00 1.00 0
-4.8971 -4.1433 0.0000 0.00 0.00 1.00 0
-4.8936 -4.1501 0.0000 0.00 0.00 1.00 0
-4.8863 -4.1539 0.0000 0.00 0.00 1.00 0
-4.8790 -4.1578 0.0000 0.00 0.00 1.00 0
-4.8769 -4.1559 0.0000 0.00 0.00 1.00 0
-4.8705 -4.1588 0.0000 0.00 0.00 1.00 0
-4.8639 -4.1617 0.0000 0.00 0.00 1.00 0
-4.8545 -4.1644 0.0000 0.00 0.00 1.00 0
-4.8475 -4.1674 0.0000 0.00 0.00 1.00 0
-4.8405 -4.1703 0.0000 0.00 0.00 1.00 0
-4.8269 -4.1730 0.0000 0.00 0.00 1.00 0
-4.8190 -4.1759 0.0000 0.00 0.00 1.00 0
-4.8110 -4.1787 0.0000 0.00 0.00 1.00 0
-4.7941 -4.1824 0.0000 0.00 0.00 1.00 0
-4.7849 -4.1853 0.0000 0.00 0.00 1.00 0
-4.7785 -4.1873 0.0000 0.00 0.00 1.00 0
-4.7696 -4.1901 0.0000 0.00 0.00 1.00 0
-4.7608 -4.1930 0.0000 0.00 0.00 1.00 0
-4.7555 -4.1946 0.0000 0.00 0.00 1.00 0
-4.7568 -4.1919 0.0000 0.00 0.00 1.00 0
-4.7499 -4.1937 0.0000 0.00 0.00 1.00 0
-4.7491 -4.1986 0.0000 0.00 0.00 1.00 0
-4.7432 -4.2010 0.0000 0.00 0.00 1.00 0
-4.7373 -4.2033 0.0000 0.00 0.00 1.00 0
-4.7339 -4.2005 0.0000 0.00 0.00 1.00 0
-4.7283 -4.2020 0.0000 0.00 0.00 1.00 0
-4.7228 -4.2036 0.0000 0.00 0.00 1.00 0
-4.7098 -4.2050 0.0000 0.00 0.00 1.00 0
-4.7033 -4.2065 0.0000 0.00 0.00 1.00 0
-4.6969 -4.2080 0.0000 0.00 0.00 1.00 0
-4.6808 -4.2119 0.0000 0.00 0.00 1.00 0
-4.6729 -4.2138 0.0000 0.00 0.00 1.00 0
-4.6663 -4.2153 0.0000 0.00 0.00 1.00 0
-4.6491 -4.2244 0.0000 0.00 0.00 1.00 0
-4.6408 -4.2270 0.0000 0.00 0.00 1.00 0
-4.6344 -4.2274 0.0000 0.00 0.00 1.00 0
-4.6258 -4.2298 0.0000 0.00 0.00 1.00 0
-4.6171 -4.2323 0.0000 0.00 0.00 1.00 0
-4.6114 -4.2329 0.0000 0.00 0.00 1.00 0
-4.6032 -4.2350 0.0000 0.00 0.00 1.00 0
-4.5950 -4.2372 0.0000 0.00 0.00 1.00 0
-4.5952 -4.2366 0.0000 0.00 0.00 1.00 0
-4.5890 -4.2381 0.0000 0.00 0.00 1.00 0
-4.5822 -4.2398 0.0000 0.00 0.00 1.00 0
-4.5747 -4.2401 0.0000 0.00 0.00 1.00 0
-4.5678 -4.2415 0.0000 0.00 0.00 1.00 0
-4.5609 -4.2430 0.0000 0.00 0.00 1.00 0
-4.5522 -4.2457 0.0000 0.00 0.00 1.00 0
-4.5451 -4.2473 0.0000 0.00 0.00 1.00 0
-4.5380 -4.2489 0.0000 0.00 0.00 1.00 0
-4.5260 -4.2500 0.0000 0.00 0.00 1.00 0
-4.5181 -4.2515 0.0000 0.00 0.00 1.00 0
-4.5085 -4.2517 0.0000 0.00 0.00 1.00 0
-4.5004 -4.2530 0.0000 0.00 0.00 1.00 0
-4.4922 -4.2543 0.0000 0.00 0.00 1.00 0
-4.4821 -4.2547 0.0000 0.00 0.00 1.00 0
-4.4736 -4.2558 0.0000 0.00 0.00 1.00 0
-4.4652 -4.2569 0.0000 0.00 0.00 1.00 0
-4.4563 -4.2587 0.0000 0.00 0.00 1.00 0
-4.4479 -4.2599 0.0000 0.00 0.00 1.00 0
-4.4394 -4.2611 0.0000 0.00 0.00 1.00 0
-4.4350 -4.2653 0.0000 0.00 0.00 1.00 0
-4.4272 -4.2670 0.0000 0.00 0.00 1.00 0
-4.4193 -4.2687 0.0000 0.00 0.00 1.00 0
-4.4036 -4.2715 0.0000 0.00 0.00 1.00 0
-4.3940 -4.2734 0.0000 0.00 0.00 1.00 0
-4.3863 -4.2750 0.0000 0.00 0.00 1.00 0
-4.3728 -4.2828 0.0000 0.00 0.00 1.00 0
-4.3630 -4.2855 0.0000 0.00 0.00 1.00 0
-4.3602 -4.2873 0.0000 0.00 0.00 1.00 0
-4.3521 -4.2897 0.0000 0.00 0.00 1.00 0
-4.3437 -4.2922 0.0000 0.00 0.00 1.00 0
-4.3378 -4.2908 0.0000 0.00 0.00 1.00 0
-4.3298 -4.2927 0.0000 0.00 0.00 1.00 0
-4.3220 -4.2946 0.0000 0.00 0.00 1.00 0
-4.3127 -4.2934 0.0000 0.00 0.00 1.00 0
-4.3045 -4.2948 0.0000 0.00 0.00 1.00 0
-4.2959 -4.2962 0.0000 0.00 0.00 1.00 0
-4.2865 -4.2968 0.0000 0.00 0.00 1.00 0
-4.2780 -4.2981 0.0000 0.00 0.00 1.00 0
-4.2695 -4.2994 0.0000 0.00 0.00 1.00 0
-4.2607 -4.3019 0.0000 0.00 0.00 1.00 0
-4.2522 -4.3034 0.0000 0.00 0.00 1.00 0
-4.2445 -4.3047 0.0000 0.00 0.00 1.00 0
-4.2346 -4.3097 0.0000 0.00 0.00 1.00 0
-4.2260 -4.3117 0.0000 0.00 0.00 1.00 0
-4.2190 -4.3134 0.0000 0.00 0.00 1.00 0
-4.2089 -4.3171 0.0000 0.00 0.00 1.00 0
-4.2003 -4.3192 0.0000 0.00 0.00 1.00 0
-4.1925 -4.3212 0.0000 0.00 0.00 1.00 0
-4.1824 -4.3206 0.0000 0.00 0.00 1.00 0
-4.1737 -4.3224 0.0000 0.00 0.00 1.00 0
-4.1657 -4.3202 0.0000 0.00 0.00 1.00 0
-4.1572 -4.3213 0.0000 0.00 0.00 1.00 0
-4.1484 -4.3224 0.0000 0.00 0.00 1.00 0
-4.1406 -4.3266 0.0000 0.00 0.00 1.00 0
-4.1323 -4.3282 0.0000 0.00 0.00 1.00 0
-4.1236 -4.3299 0.0000 0.00 0.00 1.00 0
-4.1211 -4.3304 0.0000 0.00 0.00 1.00 0
-4.1134 -4.3319 0.0000 0.00 0.00 1.00 0
-4.1058 -4.3333 0.0000 0.00 0.00 1.00 0
-4.1030 -4.3354 0.0000 0.00 0.00 1.00 0
-4.0961 -4.3370 0.0000 0.00 0.00 1.00 0
-4.0905 -4.3382 0.0000 0.00 0.00 1.00 0
-4.0805 -4.3442 0.0000 0.00 0.00 1.00 0
-4.0734 -4.3464 0.0000 0.00 0.00 1.00 0
-4.0640 -4.3461 0.0000 0.00 0.00 1.00 0
-4.0567 -4.3478 0.0000 0.00 0.00 1.00 0
-4.0492 -4.3495 0.0000 0.00 0.00 1.00 0
-4.0375 -4.3503 0.0000 0.00 0.00 1.00 0
-4.0291 -4.3519 0.0000 0.00 0.00 1.00 0
-4.0209 -4.3535 0.0000 0.00 0.00 1.00 0
-4.0062 -4.3566 0.0000 0.00 0.00 1.00 0
-3.9966 -4.3585 0.0000 0.00 0.00 1.00 0
-3.9876 -4.3603 0.0000 0.00 0.00 1.00 0
-3.9839 -4.3588 0.0000 0.00 0.00 1.00 0
-3.9755 -4.3602 0.0000 0.00 0.00 1.00 0
-3.9671 -4.3615 0.0000 0.00 0.00 1.00 0
-3.9602 -4.3666 0.0000 0.00 0.00 1.00 0
-3.9520 -4.3685 0.0000 0.00 0.00 1.00 0
-3.9430 -4.3648 0.0000 0.00 0.00 1.00 0
-3.9351 -4.3657 0.0000 0.00 0.00 1.00 0
-3.9268 -4.3666 0.0000 0.00 0.00 1.00 0
-3.9208 -4.3677 0.0000 0.00 0.00 1.00 0
-3.9129 -4.3687 0.0000 0.00 0.00 1.00 0
-3.9058 -4.3695 0.0000 0.00 0.00 1.00 0
-3.8909 -4.3691 0.0000 0.00 0.00 1.00 0
-3.8818 -4.3698 0.0000 0.00 0.00 1.00 0
-3.8728 -4.3705 0.0000 0.00 0.00 1.00 0
-3.8538 -4.3754 0.0000 0.00 0.00 1.00 0
-3.8435 -4.3767 0.0000 0.00 0.00 1.00 0
-3.8330 -4.3780 0.0000 0.00 0.00 1.00 0
-3.8229 -4.3766 0.0000 0.00 0.00 1.00 0
-3.8125 -4.3776 0.0000 0.00 0.00 1.00 0
-3.8032 -4.3784 0.0000 0.00 0.00 1.00 0
-3.8019 -4.3818 0.0000 0.00 0.00 1.00 0
-3.7920 -4.3833 0.0000 0.00 0.00 1.00 0
-3.7855 -4.3842 0.0000 0.00 0.00 1.00 0
-3.7854 -4.3863 0.0000 0.00 0.00 1.00 0
-3.7780 -4.3877 0.0000 0.00 0.00 1.00 0
-3.7707 -4.3869 0.0000 0.00 0.00 1.00 0
-3.7633 -4.3879 0.0000 0.00 0.00 1.00 0
-3.7560 -4.3889 0.0000 0.00 0.00 1.00 0
-3.7453 -4.3871 0.0000 0.00 0.00 1.00 0
-3.7373 -4.3876 0.0000 0.00 0.00 1.00 0
-3.7295 -4.3882 0.0000 0.00 0.00 1.00 0
-3.7176 -4.3884 0.0000 0.00 0.00 1.00 0
-3.7089 -4.3889 0.0000 0.00 0.00 1.00 0
-3.7005 -4.3894 0.0000 0.00 0.00 1.00 0
-3.6805 -4.3904 0.0000 0.00 0.00 1.00 0
-3.6701 -4.3909 0.0000 0.00 0.00 1.00 0
-3.6598 -4.3915 0.0000 0.00 0.00 1.00 0
-3.6484 -4.3878 0.0000 0.00 0.00 1.00 0
-3.6379 -4.3877 0.0000 0.00 0.00 1.00 0
-3.6346 -4.3885 0.0000 0.00 0.00 1.00 0
-3.6251 -4.3886 0.0000 0.00 0.00 1.00 0
-3.6167 -4.3887 0.0000 0.00 0.00 1.00 0
-3.6127 -4.3891 0.0000 0.00 0.00 1.00 0
-3.6043 -4.3893 0.0000 0.00 0.00 1.00 0
-3.5960 -4.3894 0.0000 0.00 0.00 1.00 0
-3.5913 -4.3894 0.0000 0.00 0.00 1.00 0
-3.5836 -4.3896 0.0000 0.00 0.00 1.00 0
-3.5758 -4.3897 0.0000 0.00 0.00 1.00 0
-3.5744 -4.3917 0.0000 0.00 0.00 1.00 0
-3.5678 -4.3921 0.0000 0.00 0.00 1.00 0
-3.5611 -4.3925 0.0000 0.00 0.00 1.00 0
-3.5475 -4.3925 0.0000 0.00 0.00 1.00 0
-3.5398 -4.3929 0.0000 0.00 0.00 1.00 0
-3.5324 -4.3932 0.0000 0.00 0.00 1.00 0
-3.5144 -4.3948 0.0000 0.00 0.00 1.00 0
-3.5051 -4.3953 0.0000 0.00 0.00 1.00 0
-3.4968 -4.3958 0.0000 0.00 0.00 1.00 0
-3.4841 -4.3965 0.0000 0.00 0.00 1.00 0
-3.4755 -4.3970 0.0000 0.00 0.00 1.00 0
-3.4621 -4.3950 0.0000 0.00 0.00 1.00 0
-3.4519 -4.3951 0.0000 0.00 0.00 1.00 0
-3.4420 -4.3952 0.0000 0.00 0.00 1.00 0
-3.4372 -4.3985 0.0000 0.00 0.00 1.00 0
-3.4280 -4.3991 0.0000 0.00 0.00 1.00 0
-3.4187 -4.3998 0.0000 0.00 0.00 1.00 0
-3.4154 -4.4001 0.0000 0.00 0.00 1.00 0
-3.4071 -4.4007 0.0000 0.00 0.00 1.00 0
-3.3987 -4.4013 0.0000 0.00 0.00 1.00 0
-3.3936 -4.4003 0.0000 0.00 0.00 1.00 0
-3.3858 -4.4007 0.0000 0.00 0.00 1.00 0
-3.3780 -4.4010 0.0000 0.00 0.00 1.00 0
-3.3695 -4.3973 0.0000 0.00 0.00 1.00 0
-3.3615 -4.3970 0.0000 0.00 0.00 1.00 0
-3.3520 -4.3950 0.0000 0.00 0.00 1.00 0
-3.3439 -4.3945 0.0000 0.00 0.00 1.00 0
-3.3357 -4.3939 0.0000 0.00 0.00 1.00 0
-3.3301 -4.3935 0.0000 0.00 0.00 1.00 0
-3.3170 -4.3971 0.0000 0.00 0.00 1.00 0
-3.3085 -4.3972 0.0000 0.00 0.00 1.00 0
-3.3000 -4.3984 0.0000 0.00 0.00 1.00 0
-3.2916 -4.3987 0.0000 0.00 0.00 1.00 0
-3.2831 -4.3989 0.0000 0.00 0.00 1.00 0
-3.2770 -4.3992 0.0000 0.00 0.00 1.00 0
-3.2692 -4.3994 0.0000 0.00 0.00 1.00 0
-3.2610 -4.3997 0.0000 0.00 0.00 1.00 0
-3.2465 -4.3978 0.0000 0.00 0.00 1.00 0
-3.2374 -4.3978 0.0000 0.00 0.00 1.00 0
-3.2292 -4.3977 0.0000 0.00 0.00 1.00 0
-3.2157 -4.3977 0.0000 0.00 0.00 1.00 0
-3.2064 -4.3977 0.0000 0.00 0.00 1.00 0
-3.1954 -4.3973 0.0000 0.00 0.00 1.00 0
-3.1857 -4.3972 0.0000 0.00 0.00 1.00 0
-3.1757 -4.3971 0.0000 0.00 0.00 1.00 0
-3.1626 -4.3957 0.0000 0.00 0.00 1.00 0
-3.1521 -4.3953 0.0000 0.00 0.00 1.00 0
-3.1417 -4.3950 0.0000 0.00 0.00 1.00 0
-3.1359 -4.3943 0.0000 0.00 0.00 1.00 0
-3.1262 -4.3939 0.0000 0.00 0.00 1.00 0
-3.1164 -4.3936 0.0000 0.00 0.00 1.00 0
-3.1088 -4.3948 0.0000 0.00 0.00 1.00 0
-3.0997 -4.3947 0.0000 0.00 0.00 1.00 0
-3.0902 -4.3945 0.0000 0.00 0.00 1.00 0
-3.0802 -4.3965 0.0000 0.00 0.00 1.00 0
-3.0710 -4.3967 0.0000 0.00 0.00 1.00 0
-3.0615 -4.3969 0.0000 0.00 0.00 1.00 0
-3.0506 -4.3989 0.0000 0.00 0.00 1.00 0
-3.0420 -4.3993 0.0000 0.00 0.00 1.00 0
-3.0300 -4.3971 0.0000 0.00 0.00 1.00 0
-3.0203 -4.3972 0.0000 0.00 0.00 1.00 0
-3.0103 -4.3972 0.0000 0.00 0.00 1.00 0
-3.0004 -4.3957 0.0000 0.00 0.00 1.00 0
-2.9905 -4.3954 0.0000 0.00 0.00 1.00 0
-2.9807 -4.3952 0.0000 0.00 0.00 1.00 0
-2.9740 -4.3948 0.0000 0.00 0.00 1.00 0
-2.9647 -4.3946 0.0000 0.00 0.00 1.00 0
-2.9552 -4.3943 0.0000 0.00 0.00 1.00 0
-2.9527 -4.3940 0.0000 0.00 0.00 1.00 0
-2.9445 -4.3937 0.0000 0.00 0.00 1.00 0
-2.9362 -4.3935 0.0000 0.00 0.00 1.00 0
-2.9277 -4.3959 0.0000 0.00 0.00 1.00 0
-2.9194 -4.3960 0.0000 0.00 0.00 1.00 0
-2.9111 -4.3962 0.0000 0.00 0.00 1.00 0
-2.9012 -4.3989 0.0000 0.00 0.00 1.00 0
-2.8928 -4.3995 0.0000 0.00 0.00 1.00 0
-2.8845 -4.4000 0.0000 0.00 0.00 1.00 0
-2.8717 -4.4006 0.0000 0.00 0.00 1.00 0
-2.8625 -4.4011 0.0000 0.00 0.00 1.00 0
-2.8520 -4.3983 0.0000 0.00 0.00 1.00 0
-2.8426 -4.3983 0.0000 0.00 0.00 1.00 0
-2.8332 -4.3982 0.0000 0.00 0.00 1.00 0
-2.8224 -4.3946 0.0000 0.00 0.00 1.00 0
-2.8128 -4.3940 0.0000 0.00 0.00 1.00 0
-2.8031 -4.3934 0.0000 0.00 0.00 1.00 0
-2.8003 -4.3903 0.0000 0.00 0.00 1.00 0
-2.7917 -4.3893 0.0000 0.00 0.00 1.00 0
-2.7831 -4.3883 0.0000 0.00 0.00 1.00 0
-2.7874 -4.3895 0.0000 0.00 0.00 1.00 0
-2.7801 -4.3887 0.0000 0.00 0.00 1.00 0
-2.7742 -4.3882 0.0000 0.00 0.00 1.00 0
-2.7688 -4.3947 0.0000 0.00 0.00 1.00 0
-2.7624 -4.3951 0.0000 0.00 0.00 1.00 0
-2.7498 -4.3927 0.0000 0.00 0.00 1.00 0
-2.7423 -4.3927 0.0000 0.00 0.00 1.00 0
-2.7349 -4.3926 0.0000 0.00 0.00 1.00 0
-2.7168 -4.3882 0.0000 0.00 0.00 1.00 0
-2.7075 -4.3874 0.0000 0.00 0.00 1.00 0
-2.6983 -4.3867 0.0000 0.00 0.00 1.00 0
-2.6760 -4.3802 0.0000 0.00 0.00 1.00 0
-2.6647 -4.3785 0.0000 0.00 0.00 1.00 0
-2.6531 -4.3767 0.0000 0.00 0.00 1.00 0
-2.6422 -4.3728 0.0000 0.00 0.00 1.00 0
-2.6309 -4.3708 0.0000 0.00 0.00 1.00 0
-2.6196 -4.3687 0.0000 0.00 0.00 1.00 0
-2.6155 -4.3702 0.0000 0.00 0.00 1.00 0
-2.6065 -4.3689 0.0000 0.00 0.00 1.00 0
-2.5993 -4.3667 0.0000 0.00 0.00 1.00 0
-2.5902 -4.3652 0.0000 0.00 0.00 1.00 0
-2.5809 -4.3636 0.0000 0.00 0.00 1.00 0
-2.5722 -4.3636 0.0000 0.00 0.00 1.00 0
-2.5630 -4.3623 0.0000 0.00 0.00 1.00 0
-2.5535 -4.3609 0.0000 0.00 0.00 1.00 0
-2.5453 -4.3598 0.0000 0.00 0.00 1.00 0
-2.5314 -4.3582 0.0000 0.00 0.00 1.00 0
-2.5216 -4.3569 0.0000 0.00 0.00 1.00 0
-2.5105 -4.3532 0.0000 0.00 0.00 1.00 0
-2.4992 -4.3513 0.0000 0.00 0.00 1.00 0
-2.4891 -4.3495 0.0000 0.00 0.00 1.00 0
-2.4746 -4.3483 0.0000 0.00 0.00 1.00 0
-2.4637 -4.3466 0.0000 0.00 0.00 1.00 0
-2.4530 -4.3450 0.0000 0.00 0.00 1.00 0
-2.4462 -4.3448 0.0000 0.00 0.00 1.00 0
-2.4360 -4.3434 0.0000 0.00 0.00 1.00 0
-2.4279 -4.3423 0.0000 0.00 0.00 1.00 0
-2.4225 -4.3415 0.0000 0.00 0.00 1.00 0
-2.4142 -4.3403 0.0000 0.00 0.00 1.00 0
-2.4042 -4.3416 0.0000 0.00 0.00 1.00 0
-2.3959 -4.3408 0.0000 0.00 0.00 1.00 0
-2.3868 -4.3400 0.0000 0.00 0.00 1.00 0
-2.3804 -4.3394 0.0000 0.00 0.00 1.00 0
-2.3694 -4.3371 0.0000 0.00 0.00 1.00 0
-2.3604 -4.3361 0.0000 0.00 0.00 1.00 0
-2.3533 -4.3370 0.0000 0.00 0.00 1.00 0
-2.3447 -4.3363 0.0000 0.00 0.00 1.00 0
-2.3362 -4.3356 0.0000 0.00 0.00 1.00 0
-2.3244 -4.3312 0.0000 0.00 0.00 1.00 0
-2.3154 -4.3300 0.0000 0.00 0.00 1.00 0
-2.3062 -4.3287 0.0000 0.00 0.00 1.00 0
-2.2910 -4.3241 0.0000 0.00 0.00 1.00 0
-2.2810 -4.3223 0.0000 0.00 0.00 1.00 0
-2.2709 -4.3206 0.0000 0.00 0.00 1.00 0
-2.2624 -4.3203 0.0000 0.00 0.00 1.00 0
-2.2525 -4.3187 0.0000 0.00 0.00 1.00 0
-2.2431 -4.3209 0.0000 0.00 0.00 1.00 0
-2.2334 -4.3200 0.0000 0.00 0.00 1.00 0
-2.2236 -4.3190 0.0000 0.00 0.00 1.00 0
-2.2178 -4.3185 0.0000 0.00 0.00 1.00 0
-2.2065 -4.3169 0.0000 0.00 0.00 1.00 0
-2.1971 -4.3159 0.0000 0.00 0.00 1.00 0
-2.1863 -4.3104 0.0000 0.00 0.00 1.00 0
-2.1767 -4.3087 0.0000 0.00 0.00 1.00 0
-2.1672 -4.3070 0.0000 0.00 0.00 1.00 0
-2.1548 -4.3062 0.0000 0.00 0.00 1.00 0
-2.1458 -4.3049 0.0000 0.00 0.00 1.00 0
-2.1347 -4.3031 0.0000 0.00 0.00 1.00 0
-2.1301 -4.2974 0.0000 0.00 0.00 1.00 0
-2.1209 -4.2952 0.0000 0.00 0.00 1.00 0
-2.1126 -4.2932 0.0000 0.00 0.00 1.00 0
-2.1216 -4.2981 0.0000 0.00 0.00 1.00 0
-2.1152 -4.2970 0.0000 0.00 0.00 1.00 0
-2.1067 -4.2986 0.0000 0.00 0.00 1.00 0
-2.0999 -4.2979 0.0000 0.00 0.00 1.00 0
-2.0931 -4.2973 0.0000 0.00 0.00 1.00 0
-2.0745 -4.2987 0.0000 0.00 0.00 1.00 0
-2.0656 -4.2984 0.0000 0.00 0.00 1.00 0
-2.0570 -4.2981 0.0000 0.00 0.00 1.00 0
-2.0405 -4.2920 0.0000 0.00 0.00 1.00 0
-2.0306 -4.2908 0.0000 0.00 0.00 1.00 0
-2.0208 -4.2896 0.0000 0.00 0.00 1.00 0
-2.0305 -4.2852 0.0000 0.00 0.00 1.00 0
-2.0237 -4.2835 0.0000 0.00 0.00 1.00 0
-2.0168 -4.2818 0.0000 0.00 0.00 1.00 0
-2.0213 -4.2830 0.0000 0.00 0.00 1.00 0
-2.0163 -4.2817 0.0000 0.00 0.00 1.00 0
-2.0111 -4.2805 0.0000 0.00 0.00 1.00 0
-1.9991 -4.2807 0.0000 0.00 0.00 1.00 0
-1.9929 -4.2796 0.0000 0.00 0.00 1.00 0
-1.9763 -4.2829 0.0000 0.00 0.00 1.00 0
-1.9683 -4.2825 0.0000 0.00 0.00 1.00 0
-1.9604 -4.2822 0.0000 0.00 0.00 1.00 0
-1.9425 -4.2834 0.0000 0.00 0.00 1.00 0
-1.9329 -4.2833 0.0000 0.00 0.00 1.00 0
-1.9232 -4.2832 0.0000 0.00 0.00 1.00 0
-1.9187 -4.2832 0.0000 0.00 0.00 1.00 0
-1.8966 -4.2829 0.0000 0.00 0.00 1.00 0
-1.8858 -4.2828 0.0000 0.00 0.00 1.00 0
-1.8764 -4.2791 0.0000 0.00 0.00 1.00 0
-1.8658 -4.2784 0.0000 0.00 0.00 1.00 0
-1.8564 -4.2778 0.0000 0.00 0.00 1.00 0
-1.8480 -4.2736 0.0000 0.00 0.00 1.00 0
-1.8380 -4.2727 0.0000 0.00 0.00 1.00 0
-1.8299 -4.2720 0.0000 0.00 0.00 1.00 0
-1.8177 -4.2704 0.0000 0.00 0.00 1.00 0
-1.8078 -4.2694 0.0000 0.00 0.00 1.00 0
-1.8007 -4.2687 0.0000 0.00 0.00 1.00 0
-1.7917 -4.2699 0.0000 0.00 0.00 1.00 0
-1.7823 -4.2692 0.0000 0.00 0.00 1.00 0
-1.7734 -4.2699 0.0000 0.00 0.00 1.00 0
-1.7641 -4.2695 0.0000 0.00 0.00 1.00 0
-1.7546 -4.2691 0.0000 0.00 0.00 1.00 0
-1.7454 -4.2695 0.0000 0.00 0.00 1.00 0
-1.7360 -4.2692 0.0000 0.00 0.00 1.00 0
-1.7267 -4.2689 0.0000 0.00 0.00 1.00 0
-1.7167 -4.2698 0.0000 0.00 0.00 1.00 0
-1.7071 -4.2696 0.0000 0.00 0.00 1.00 0
-1.6977 -4.2695 0.0000 0.00 0.00 1.00 0
-1.6900 -4.2702 0.0000 0.00 0.00 1.00 0
-1.6809 -4.2702 0.0000 0.00 0.00 1.00 0
-1.6680 -4.2680 0.0000 0.00 0.00 1.00 0
-1.6587 -4.2676 0.0000 0.00 0.00 1.00 0
-1.6488 -4.2672 0.0000 0.00 0.00 1.00 0
-1.6411 -4.2669 0.0000 0.00 0.00 1.00 0
-1.6250 -4.2649 0.0000 0.00 0.00 1.00 0
-1.6149 -4.2644 0.0000 0.00 0.00 1.00 0
-1.6051 -4.2645 0.0000 0.00 0.00 1.00 0
-1.5948 -4.2641 0.0000 0.00 0.00 1.00 0
-1.5844 -4.2636 0.0000 0.00 0.00 1.00 0
-1.5723 -4.2655 0.0000 0.00 0.00 1.00 0
-1.5627 -4.2654 0.0000 0.00 0.00 1.00 0
-1.5524 -4.2653 0.0000 0.00 0.00 1.00 0
-1.5469 -4.2619 0.0000 0.00 0.00 1.00 0
-1.5364 -4.2613 0.0000 0.00 0.00 1.00 0
-1.5276 -4.2607 0.0000 0.00 0.00 1.00 0
-1.5200 -4.2592 0.0000 0.00 0.00 1.00 0
-1.5106 -4.2585 0.0000 0.00 0.00 1.00 0
-1.5033 -4.2579 0.0000 0.00 0.00 1.00 0
-1.4975 -4.2566 0.0000 0.00 0.00 1.00 0
-1.4890 -4.2558 0.0000 0.00 0.00 1.00 0
-1.4769 -4.2573 0.0000 0.00 0.00 1.00 0
-1.4677 -4.2569 0.0000 0.00 0.00 1.00 0
-1.4585 -4.2565 0.0000 0.00 0.00 1.00 0
-1.4511 -4.2562 0.0000 0.00 0.00 1.00 0
-1.4377 -4.2552 0.0000 0.00 0.00 1.00 0
-1.4280 -4.2548 0.0000 0.00 0.00 1.00 0
-1.4121 -4.2554 0.0000 0.00 0.00 1.00 0
-1.4014 -4.2551 0.0000 0.00 0.00 1.00 0
-1.3909 -4.2548 0.0000 0.00 0.00 1.00 0
-1.3873 -4.2538 0.0000 0.00 0.00 1.00 0
-1.3752 -4.2532 0.0000 0.00 0.00 1.00 0
-1.3653 -4.2528 0.0000 0.00 0.00 1.00 0
-1.3599 -4.2545 0.0000 0.00 0.00 1.00 0
-1.3509 -4.2544 0.0000 0.00 0.00 1.00 0
-1.3444 -4.2544 0.0000 0.00 0.00 1.00 0
-1.3339 -4.2525 0.0000 0.00 0.00 1.00 0
-1.3251 -4.2522 0.0000 0.00 0.00 1.00 0
-1.3190 -4.2516 0.0000 0.00 0.00 1.00 0
-1.3104 -4.2513 0.0000 0.00 0.00 1.00 0
-1.3018 -4.2509 0.0000 0.00 0.00 1.00 0
-1.2894 -4.2495 0.0000 0.00 0.00 1.00 0
-1.2813 -4.2490 0.0000 0.00 0.00 1.00 0
-1.2715 -4.2484 0.0000 0.00 0.00 1.00 0
-1.2599 -4.2450 0.0000 0.00 0.00 1.00 0
-1.2504 -4.2440 0.0000 0.00 0.00 1.00 0
-1.2408 -4.2430 0.0000 0.00 0.00 1.00 0
-1.2257 -4.2444 0.0000 0.00 0.00 1.00 0
-1.2152 -4.2437 0.0000 0.00 0.00 1.00 0
-1.2048 -4.2431 0.0000 0.00 0.00 1.00 0
-1.1981 -4.2473 0.0000 0.00 0.00 1.00 0
-1.1873 -4.2474 0.0000 0.00 0.00 1.00 0
-1.1803 -4.2475 0.0000 0.00 0.00 1.00 0
-1.1695 -4.2442 0.0000 0.00 0.00 1.00 0
-1.1597 -4.2438 0.0000 0.00 0.00 1.00 0
-1.1524 -4.2432 0.0000 0.00 0.00 1.00 0
-1.1431 -4.2428 0.0000 0.00 0.00 1.00 0
-1.1337 -4.2424 0.0000 0.00 0.00 1.00 0
-1.1256 -4.2361 0.0000 0.00 0.00 1.00 0
-1.1164 -4.2347 0.0000 0.00 0.00 1.00 0
-1.1082 -4.2335 0.0000 0.00 0.00 1.00 0
-1.1124 -4.2333 0.0000 0.00 0.00 1.00 0
-1.1054 -4.2321 0.0000 0.00 0.00 1.00 0
-1.0985 -4.2309 0.0000 0.00 0.00 1.00 0
-1.0965 -4.2437 0.0000 0.00 0.00 1.00 0
-1.0903 -4.2446 0.0000 0.00 0.00 1.00 0
-1.0842 -4.2456 0.0000 0.00 0.00 1.00 0
-1.0708 -4.2514 0.0000 0.00 0.00 1.00 0
-1.0636 -4.2531 0.0000 0.00 0.00 1.00 0
-1.0579 -4.2544 0.0000 0.00 0.00 1.00 0
-1.0344 -4.2493 0.0000 0.00 0.00 1.00 0
-1.0250 -4.2499 0.0000 0.00 0.00 1.00 0
-1.0044 -4.2392 0.0000 0.00 0.00 1.00 0
-0.9929 -4.2379 0.0000 0.00 0.00 1.00 0
-0.9817 -4.2367 0.0000 0.00 0.00 1.00 0
-0.9648 -4.2273 0.0000 0.00 0.00 1.00 0
-0.9524 -4.2247 0.0000 0.00 0.00 1.00 0
-0.9401 -4.2220 0.0000 0.00 0.00 1.00 0
-0.9373 -4.2216 0.0000 0.00 0.00 1.00 0
-0.9237 -4.2187 0.0000 0.00 0.00 1.00 0
-0.9126 -4.2164 0.0000 0.00 0.00 1.00 0
-0.9204 -4.2206 0.0000 0.00 0.00 1.00 0
-0.9123 -4.2193 0.0000 0.00 0.00 1.00 0
-0.9048 -4.2181 0.0000 0.00 0.00 1.00 0
-0.8996 -4.2225 0.0000 0.00 0.00 1.00 0
-0.8919 -4.2221 0.0000 0.00 0.00 1.00 0
-0.8793 -4.2220 0.0000 0.00 0.00 1.00 0
-0.8710 -4.2216 0.0000 0.00 0.00 1.00 0
-0.8625 -4.2212 0.0000 0.00 0.00 1.00 0
-0.8574 -4.2210 0.0000 0.00 0.00 1.00 0
-0.8367 -4.2138 0.0000 0.00 0.00 1.00 0
-0.8274 -4.2125 0.0000 0.00 0.00 1.00 0
-0.8110 -4.2041 0.0000 0.00 0.00 1.00 0
-0.8002 -4.2016 0.0000 0.00 0.00 1.00 0
-0.7896 -4.1991 0.0000 0.00 0.00 1.00 0
-0.7804 -4.1948 0.0000 0.00 0.00 1.00 0
-0.7698 -4.1920 0.0000 0.00 0.00 1.00 0
-0.7593 -4.1892 0.0000 0.00 0.00 1.00 0
-0.7538 -4.1836 0.0000 0.00 0.00 1.00 0
-0.7439 -4.1803 0.0000 0.00 0.00 1.00 0
-0.7441 -4.1852 0.0000 0.00 0.00 1.00 0
-0.7369 -4.1836 0.0000 0.00 0.00 1.00 0
-0.7288 -4.1818 0.0000 0.00 0.00 1.00 0
-0.7313 -4.1874 0.0000 0.00 0.00 1.00 0
-0.7251 -4.1869 0.0000 0.00 0.00 1.00 0
-0.7190 -4.1864 0.0000 0.00 0.00 1.00 0
-0.7108 -4.1816 0.0000 0.00 0.00 1.00 0
-0.7044 -4.1804 0.0000 0.00 0.00 1.00 0
-0.6985 -4.1793 0.0000 0.00 0.00 1.00 0
-0.6781 -4.1759 0.0000 0.00 0.00 1.00 0
-0.6686 -4.1742 0.0000 0.00 0.00 1.00 0
-0.6609 -4.1728 0.0000 0.00 0.00 1.00 0
-0.6488 -4.1662 0.0000 0.00 0.00 1.00 0
-0.6397 -4.1639 0.0000 0.00 0.00 1.00 0
-0.6307 -4.1616 0.0000 0.00 0.00 1.00 0
-0.6224 -4.1562 0.0000 0.00 0.00 1.00 0
-0.6136 -4.1535 0.0000 0.00 0.00 1.00 0
-0.6045 -4.1506 0.0000 0.00 0.00 1.00 0
-0.6068 -4.1564 0.0000 0.00 0.00 1.00 0
-0.5996 -4.1548 0.0000 0.00 0.00 1.00 0
-0.5944 -4.1538 0.0000 0.00 0.00 1.00 0
-0.5875 -4.1576 0.0000 0.00 0.00 1.00 0
-0.5805 -4.1569 0.0000 0.00 0.00 1.00 0
-0.5705 -4.1524 0.0000 0.00 0.00 1.00 0
-0.5630 -4.1510 0.0000 0.00 0.00 1.00 0
-0.5548 -4.1495 0.0000 0.00 0.00 1.00 0
-0.5390 -4.1395 0.0000 0.00 0.00 1.00 0
-0.5303 -4.1368 0.0000 0.00 0.00 1.00 0
-0.5216 -4.1341 0.0000 0.00 0.00 1.00 0
-0.5092 -4.1252 0.0000 0.00 0.00 1.00 0
-0.4998 -4.1215 0.0000 0.00 0.00 1.00 0
-0.4903 -4.1177 0.0000 0.00 0.00 1.00 0
-0.4897 -4.1094 0.0000 0.00 0.00 1.00 0
-0.4817 -4.1053 0.0000 0.00 0.00 1.00 0
-0.4745 -4.1013 0.0000 0.00 0.00 1.00 0
-0.4739 -4.1036 0.0000 0.00 0.00 1.00 0
-0.4670 -4.1003 0.0000 0.00 0.00 1.00 0
-0.4616 -4.0976 0.0000 0.00 0.00 1.00 0
-0.4627 -4.1028 0.0000 0.00 0.00 1.00 0
-0.4576 -4.1009 0.0000 0.00 0.00 1.00 0
-0.4463 -4.1013 0.0000 0.00 0.00 1.00 0
-0.4397 -4.0997 0.0000 0.00 0.00 1.00 0
-0.4334 -4.0981 0.0000 0.00 0.00 1.00 0
-0.4184 -4.0929 0.0000 0.00 0.00 1.00 0
-0.4105 -4.0907 0.0000 0.00 0.00 1.00 0
-0.4030 -4.0886 0.0000 0.00 0.00 1.00 0
-0.3888 -4.0787 0.0000 0.00 0.00 1.00 0
-0.3799 -4.0752 0.0000 0.00 0.00 1.00 0
-0.3710 -4.0718 0.0000 0.00 0.00 1.00 0
-0.3679 -4.0656 0.0000 0.00 0.00 1.00 0
-0.3599 -4.0617 0.0000 0.00 0.00 1.00 0
-0.3527 -4.0583 0.0000 0.00 0.00 1.00 0
-0.3526 -4.0607 0.0000 0.00 0.00 1.00 0
-0.3467 -4.0582 0.0000 0.00 0.00 1.00 0
-0.3413 -4.0559 0.0000 0.00 0.00 1.00 0
-0.3259 -4.0554 0.0000 0.00 0.00 1.00 0
-0.3182 -4.0530 0.0000 0.00 0.00 1.00 0
-0.3118 -4.0501 0.0000 0.00 0.00 1.00 0
-0.3045 -4.0476 0.0000 0.00 0.00 1.00 0
-0.2970 -4.0452 0.0000 0.00 0.00 1.00 0
-0.2876 -4.0392 0.0000 0.00 0.00 1.00 0
-0.2791 -4.0359 0.0000 0.00 0.00 1.00 0
-0.2719 -4.0331 0.0000 0.00 0.00 1.00 0
-0.2630 -4.0228 0.0000 0.00 0.00 1.00 0
-0.2544 -4.0183 0.0000 0.00 0.00 1.00 0
-0.2472 -4.0145 0.0000 0.00 0.00 1.00 0
-0.2406 -4.0061 0.0000 0.00 0.00 1.00 0
-0.2328 -4.0011 0.0000 0.00 0.00 1.00 0
-0.2251 -3.9963 0.0000 0.00 0.00 1.00 0
-0.2239 -3.9886 0.0000 0.00 0.00 1.00 0
-0.2172 -3.9833 0.0000 0.00 0.00 1.00 0
-0.2115 -3.9884 0.0000 0.00 0.00 1.00 0
-0.2043 -3.9845 0.0000 0.00 0.00 1.00 0
-0.1983 -3.9814 0.0000 0.00 0.00 1.00 0
-0.1874 -3.9842 0.0000 0.00 0.00 1.00 0
-0.1808 -3.9821 0.0000 0.00 0.00 1.00 0
-0.1736 -3.9797 0.0000 0.00 0.00 1.00 0
-0.1638 -3.9734 0.0000 0.00 0.00 1.00 0
-0.1571 -3.9708 0.0000 0.00 0.00 1.00 0
-0.1502 -3.9681 0.0000 0.00 0.00 1.00 0
-0.1393 -3.9580 0.0000 0.00 0.00 1.00 0
-0.1323 -3.9544 0.0000 0.00 0.00 1.00 0
-0.1244 -3.9503 0.0000 0.00 0.00 1.00 0
-0.1109 -3.9368 0.0000 0.00 0.00 1.00 0
-0.1024 -3.9314 0.0000 0.00 0.00 1.00 0
-0.0937 -3.9259 0.0000 0.00 0.00 1.00 0
-0.0849 -3.9111 0.0000 0.00 0.00 1.00 0
-0.0771 -3.9049 0.0000 0.00 0.00 1.00 0
-0.0695 -3.8989 0.0000 0.00 0.00 1.00 0
-0.0674 -3.8901 0.0000 0.00 0.00 1.00 0
-0.0598 -3.8830 0.0000 0.00 0.00 1.00 0
-0.0553 -3.8788 0.0000 0.00 0.00 1.00 0
-0.0540 -3.8835 0.0000 0.00 0.00 1.00 0
-0.0476 -3.8785 0.0000 0.00 0.00 1.00 0
-0.0450 -3.8782 0.0000 0.00 0.00 1.00 0
-0.0395 -3.8741 0.0000 0.00 0.00 1.00 0
-0.0338 -3.8699 0.0000 0.00 0.00 1.00 0
-0.0236 -3.8655 0.0000 0.00 0.00 1.00 0
-0.0173 -3.8613 0.0000 0.00 0.00 1.00 0
-0.0107 -3.8569 0.0000 0.00 0.00 1.00 0
0.0007 -3.8493 0.0000 0.00 0.00 1.00 0
0.0079 -3.8446 0.0000 0.00 0.00 1.00 0
0.0143 -3.8404 0.0000 0.00 0.00 1.00 0
0.0283 -3.8293 0.0000 0.00 0.00 1.00 0
0.0364 -3.8237 0.0000 0.00 0.00 1.00 0
0.0455 -3.8135 0.0000 0.00 0.00 1.00 0
0.0537 -3.8071 0.0000 0.00 0.00 1.00 0
0.0620 -3.8008 0.0000 0.00 0.00 1.00 0
0.0668 -3.7919 0.0000 0.00 0.00 1.00 0
0.0745 -3.7851 0.0000 0.00 0.00 1.00 0
0.0823 -3.7783 0.0000 0.00 0.00 1.00 0
0.0864 -3.7758 0.0000 0.00 0.00 1.00 0
0.0936 -3.7697 0.0000 0.00 0.00 1.00 0
0.1005 -3.7637 0.0000 0.00 0.00 1.00 0
0.1002 -3.7614 0.0000 0.00 0.00 1.00 0
0.1062 -3.7559 0.0000 0.00 0.00 1.00 0
0.1115 -3.7509 0.0000 0.00 0.00 1.00 0
0.1158 -3.7506 0.0000 0.00 0.00 1.00 0
0.1214 -3.7460 0.0000 0.00 0.00 1.00 0
0.1264 -3.7418 0.0000 0.00 0.00 1.00 0
0.1318 -3.7406 0.0000 0.00 0.00 1.00 0
0.1374 -3.7364 0.0000 0.00 0.00 1.00 0
0.1418 -3.7332 0.0000 0.00 0.00 1.00 0
0.1511 -3.7217 0.0000 0.00 0.00 1.00 0
0.1570 -3.7167 0.0000 0.00 0.00 1.00 0
0.1611 -3.7131 0.0000 0.00 0.00 1.00 0
0.1734 -3.7061 0.0000 0.00 0.00 1.00 0
0.1798 -3.7011 0.0000 0.00 0.00 1.00 0
0.1837 -3.6968 0.0000 0.00 0.00 1.00 0
0.1900 -3.6917 0.0000 0.00 0.00 1.00 0
0.1961 -3.6867 0.0000 0.00 0.00 1.00 0
0.1992 -3.6833 0.0000 0.00 0.00 1.00 0
0.2048 -3.6786 0.0000 0.00 0.00 1.00 0
0.2104 -3.6739 0.0000 0.00 0.00 1.00 0
0.2121 -3.6708 0.0000 0.00 0.00 1.00 0
0.2178 -3.6657 0.0000 0.00 0.00 1.00 0
0.2229 -3.6611 0.0000 0.00 0.00 1.00 0
0.2283 -3.6525 0.0000 0.00 0.00 1.00 0
0.2334 -3.6474 0.0000 0.00 0.00 1.00 0
0.2422 -3.6412 0.0000 0.00 0.00 1.00 0
0.2480 -3.6358 0.0000 0.00 0.00 1.00 0
0.2537 -3.6305 0.0000 0.00 0.00 1.00 0
0.2580 -3.6192 0.0000 0.00 0.00 1.00 0
0.2635 -3.6128 0.0000 0.00 0.00 1.00 0
0.2690 -3.6065 0.0000 0.00 0.00 1.00 0
0.2741 -3.6046 0.0000 0.00 0.00 1.00 0
0.2795 -3.5989 0.0000 0.00 0.00 1.00 0
0.2850 -3.5933 0.0000 0.00 0.00 1.00 0
0.2924 -3.5975 0.0000 0.00 0.00 1.00 0
0.2988 -3.5930 0.0000 0.00 0.00 1.00 0
0.3039 -3.5893 0.0000 0.00 0.00 1.00 0
0.3090 -3.5885 0.0000 0.00 0.00 1.00 0
0.3142 -3.5852 0.0000 0.00 0.00 1.00 0
0.3205 -3.5812 0.0000 0.00 0.00 1.00 0
0.3232 -3.5769 0.0000 0.00 0.00 1.00 0
0.3284 -3.5733 0.0000 0.00 0.00 1.00 0
0.3325 -3.5646 0.0000 0.00 0.00 1.00 0
0.3376 -3.5600 0.0000 0.00 0.00 1.00 0
0.3427 -3.5554 0.0000 0.00 0.00 1.00 0
0.3471 -3.5514 0.0000 0.00 0.00 1.00 0
0.3481 -3.5378 0.0000 0.00 0.00 1.00 0
0.3525 -3.5321 0.0000 0.00 0.00 1.00 0
0.3546 -3.5292 0.0000 0.00 0.00 1.00 0
0.3600 -3.5208 0.0000 0.00 0.00 1.00 0
0.3642 -3.5151 0.0000 0.00 0.00 1.00 0
0.3668 -3.5119 0.0000 0.00 0.00 1.00 0
0.3707 -3.5066 0.0000 0.00 0.00 1.00 0
0.3747 -3.5012 0.0000 0.00 0.00 1.00 0
0.3736 -3.4878 0.0000 0.00 0.00 1.00 0
0.3768 -3.4812 0.0000 0.00 0.00 1.00 0
0.3793 -3.4759 0.0000 0.00 0.00 1.00 0
0.3871 -3.4585 0.0000 0.00 0.00 1.00 0
0.3910 -3.4504 0.0000 0.00 0.00 1.00 0
0.3994 -3.4341 0.0000 0.00 0.00 1.00 0
0.4038 -3.4252 0.0000 0.00 0.00 1.00 0
0.4083 -3.4160 0.0000 0.00 0.00 1.00 0
0.4136 -3.4057 0.0000 0.00 0.00 1.00 0
0.4183 -3.3961 0.0000 0.00 0.00 1.00 0
0.4229 -3.3868 0.0000 0.00 0.00 1.00 0
0.4281 -3.3830 0.0000 0.00 0.00 1.00 0
0.4329 -3.3744 0.0000 0.00 0.00 1.00 0
0.4376 -3.3658 0.0000 0.00 0.00 1.00 0
0.4349 -3.3690 0.0000 0.00 0.00 1.00 0
0.4389 -3.3615 0.0000 0.00 0.00 1.00 0
0.4425 -3.3547 0.0000 0.00 0.00 1.00 0
0.4430 -3.3549 0.0000 0.00 0.00 1.00 0
0.4461 -3.3491 0.0000 0.00 0.00 1.00 0
0.4489 -3.3440 0.0000 0.00 0.00 1.00 0
0.4478 -3.3380 0.0000 0.00 0.00 1.00 0
0.4502 -3.3322 0.0000 0.00 0.00 1.00 0
0.4543 -3.3250 0.0000 0.00 0.00 1.00 0
0.4574 -3.3184 0.0000 0.00 0.00 1.00 0
0.4598 -3.3130 0.0000 0.00 0.00 1.00 0
0.4618 -3.3087 0.0000 0.00 0.00 1.00 0
0.4741 -3.3077 0.0000 0.00 0.00 1.00 0
0.4781 -3.3027 0.0000 0.00 0.00 1.00 0
0.4838 -3.2962 0.0000 0.00 0.00 1.00 0
0.4880 -3.2910 0.0000 0.00 0.00 1.00 0
0.4923 -3.2856 0.0000 0.00 0.00 1.00 0
0.4949 -3.2755 0.0000 0.00 0.00 1.00 0
0.4985 -3.2699 0.0000 0.00 0.00 1.00 0
0.5031 -3.2630 0.0000 0.00 0.00 1.00 0
0.5056 -3.2486 0.0000 0.00 0.00 1.00 0
0.5093 -3.2413 0.0000 0.00 0.00 1.00 0
0.5131 -3.2340 0.0000 0.00 0.00 1.00 0
0.5157 -3.2208 0.0000 0.00 0.00 1.00 0
0.5193 -3.2125 0.0000 0.00 0.00 1.00 0
0.5185 -3.2060 0.0000 0.00 0.00 1.00 0
0.5214 -3.1980 0.0000 0.00 0.00 1.00 0
0.5242 -3.1901 0.0000 0.00 0.00 1.00 0
0.5268 -3.1903 0.0000 0.00 0.00 1.00 0
0.5296 -3.1837 0.0000 0.00 0.00 1.00 0
0.5325 -3.1770 0.0000 0.00 0.00 1.00 0
0.5336 -3.1812 0.0000 0.00 0.00 1.00 0
0.5361 -3.1763 0.0000 0.00 0.00 1.00 0
0.5386 -3.1715 0.0000 0.00 0.00 1.00 0
0.5379 -3.1646 0.0000 0.00 0.00 1.00 0
0.5399 -3.1594 0.0000 0.00 0.00 1.00 0
0.5419 -3.1542 0.0000 0.00 0.00 1.00 0
0.5425 -3.1317 0.0000 0.00 0.00 1.00 0
0.5443 -3.1238 0.0000 0.00 0.00 1.00 0
0.5460 -3.1160 0.0000 0.00 0.00 1.00 0
0.5495 -3.0937 0.0000 0.00 0.00 1.00 0
0.5515 -3.0837 0.0000 0.00 0.00 1.00 0
0.5533 -3.0747 0.0000 0.00 0.00 1.00 0
0.5561 -3.0563 0.0000 0.00 0.00 1.00 0
0.5582 -3.0453 0.0000 0.00 0.00 1.00 0
0.5614 -3.0417 0.0000 0.00 0.00 1.00 0
0.5637 -3.0319 0.0000 0.00 0.00 1.00 0
0.5660 -3.0220 0.0000 0.00 0.00 1.00 0
0.5736 -3.0237 0.0000 0.00 0.00 1.00 0
0.5766 -3.0162 0.0000 0.00 0.00 1.00 0
0.5797 -3.0083 0.0000 0.00 0.00 1.00 0
0.5868 -3.0118 0.0000 0.00 0.00 1.00 0
0.5905 -3.0058 0.0000 0.00 0.00 1.00 0
0.5943 -2.9997 0.0000 0.00 0.00 1.00 0
0.6025 -2.9934 0.0000 0.00 0.00 1.00 0
0.6068 -2.9874 0.0000 0.00 0.00 1.00 0
0.6108 -2.9819 0.0000 0.00 0.00 1.00 0
0.6099 -2.9631 0.0000 0.00 0.00 1.00 0
0.6134 -2.9552 0.0000 0.00 0.00 1.00 0
0.6163 -2.9489 0.0000 0.00 0.00 1.00 0
0.6125 -2.9351 0.0000 0.00 0.00 1.00 0
0.6149 -2.9264 0.0000 0.00 0.00 1.00 0
0.6094 -2.9164 0.0000 0.00 0.00 1.00 0
0.6105 -2.9075 0.0000 0.00 0.00 1.00 0
0.6116 -2.8987 0.0000 0.00 0.00 1.00 0
0.6189 -2.8982 0.0000 0.00 0.00 1.00 0
0.6209 -2.8914 0.0000 0.00 0.00 1.00 0
0.6232 -2.8832 0.0000 0.00 0.00 1.00 0
0.6232 -2.8833 0.0000 0.00 0.00 1.00 0
0.6250 -2.8771 0.0000 0.00 0.00 1.00 0
0.6267 -2.8708 0.0000 0.00 0.00 1.00 0
0.6318 -2.8634 0.0000 0.00 0.00 1.00 0
0.6341 -2.8568 0.0000 0.00 0.00 1.00 0
0.6362 -2.8511 0.0000 0.00 0.00 1.00 0
0.6364 -2.8361 0.0000 0.00 0.00 1.00 0
0.6383 -2.8286 0.0000 0.00 0.00 1.00 0
0.6399 -2.8225 0.0000 0.00 0.00 1.00 0
0.6382 -2.8095 0.0000 0.00 0.00 1.00 0
0.6394 -2.8023 0.0000 0.00 0.00 1.00 0
0.6406 -2.7898 0.0000 0.00 0.00 1.00 0
0.6419 -2.7811 0.0000 0.00 0.00 1.00 0
0.6432 -2.7724 0.0000 0.00 0.00 1.00 0
0.6463 -2.7665 0.0000 0.00 0.00 1.00 0
0.6479 -2.7584 0.0000 0.00 0.00 1.00 0
0.6495 -2.7500 0.0000 0.00 0.00 1.00 0
0.6502 -2.7423 0.0000 0.00 0.00 1.00 0
0.6517 -2.7340 0.0000 0.00 0.00 1.00 0
0.6532 -2.7258 0.0000 0.00 0.00 1.00 0
0.6557 -2.7239 0.0000 0.00 0.00 1.00 0
0.6574 -2.7167 0.0000 0.00 0.00 1.00 0
0.6589 -2.7102 0.0000 0.00 0.00 1.00 0
0.6611 -2.7067 0.0000 0.00 0.00 1.00 0
0.6629 -2.7001 0.0000 0.00 0.00 1.00 0
0.6631 -2.6983 0.0000 0.00 0.00 1.00 0
0.6644 -2.6931 0.0000 0.00 0.00 1.00 0
0.6660 -2.6869 0.0000 0.00 0.00 1.00 0
0.6675 -2.6794 0.0000 0.00 0.00 1.00 0
0.6689 -2.6734 0.0000 0.00 0.00 1.00 0
0.6705 -2.6667 0.0000 0.00 0.00 1.00 0
0.6706 -2.6531 0.0000 0.00 0.00 1.00 0
0.6718 -2.6465 0.0000 0.00 0.00 1.00 0
0.6730 -2.6392 0.0000 0.00 0.00 1.00 0
0.6695 -2.6276 0.0000 0.00 0.00 1.00 0
0.6700 -2.6201 0.0000 0.00 0.00 1.00 0
0.6705 -2.6122 0.0000 0.00 0.00 1.00 0
0.6699 -2.6046 0.0000 0.00 0.00 1.00 0
0.6702 -2.5968 0.0000 0.00 0.00 1.00 0
0.6705 -2.5890 0.0000 0.00 0.00 1.00 0
0.6697 -2.5880 0.0000 0.00 0.00 1.00 0
0.6699 -2.5813 0.0000 0.00 0.00 1.00 0
0.6758 -2.5807 0.0000 0.00 0.00 1.00 0
0.6769 -2.5750 0.0000 0.00 0.00 1.00 0
0.6781 -2.5693 0.0000 0.00 0.00 1.00 0
0.6827 -2.5546 0.0000 0.00 0.00 1.00 0
0.6844 -2.5473 0.0000 0.00 0.00 1.00 0
0.6861 -2.5400 0.0000 0.00 0.00 1.00 0
0.6853 -2.5245 0.0000 0.00 0.00 1.00 0
0.6866 -2.5161 0.0000 0.00 0.00 1.00 0
0.6879 -2.5074 0.0000 0.00 0.00 1.00 0
0.6876 -2.4951 0.0000 0.00 0.00 1.00 0
0.6886 -2.4858 0.0000 0.00 0.00 1.00 0
0.6897 -2.4764 0.0000 0.00 0.00 1.00 0
0.6859 -2.4774 0.0000 0.00 0.00 1.00 0
0.6862 -2.4696 0.0000 0.00 0.00 1.00 0
0.6865 -2.4628 0.0000 0.00 0.00 1.00 0
0.6841 -2.4612 0.0000 0.00 0.00 1.00 0
0.6841 -2.4553 0.0000 0.00 0.00 1.00 0
0.6840 -2.4487 0.0000 0.00 0.00 1.00 0
0.6867 -2.4416 0.0000 0.00 0.00 1.00 0
0.6870 -2.4349 0.0000 0.00 0.00 1.00 0
0.6882 -2.4273 0.0000 0.00 0.00 1.00 0
0.6887 -2.4206 0.0000 0.00 0.00 1.00 0
0.6892 -2.4138 0.0000 0.00 0.00 1.00 0
0.6875 -2.3978 0.0000 0.00 0.00 1.00 0
0.6876 -2.3896 0.0000 0.00 0.00 1.00 0
0.6877 -2.3813 0.0000 0.00 0.00 1.00 0
0.6889 -2.3706 0.0000 0.00 0.00 1.00 0
0.6891 -2.3619 0.0000 0.00 0.00 1.00 0
0.6894 -2.3532 0.0000 0.00 0.00 1.00 0
0.6896 -2.3479 0.0000 0.00 0.00 1.00 0
0.6899 -2.3398 0.0000 0.00 0.00 1.00 0
0.6901 -2.3325 0.0000 0.00 0.00 1.00 0
0.6886 -2.3263 0.0000 0.00 0.00 1.00 0
0.6886 -2.3186 0.0000 0.00 0.00 1.00 0
0.6885 -2.3125 0.0000 0.00 0.00 1.00 0
0.6902 -2.3041 0.0000 0.00 0.00 1.00 0
0.6905 -2.2963 0.0000 0.00 0.00 1.00 0
0.6907 -2.2971 0.0000 0.00 0.00 1.00 0
0.6909 -2.2908 0.0000 0.00 0.00 1.00 0
0.6912 -2.2846 0.0000 0.00 0.00 1.00 0
0.6947 -2.2834 0.0000 0.00 0.00 1.00 0
0.6955 -2.2779 0.0000 0.00 0.00 1.00 0
0.6962 -2.2725 0.0000 0.00 0.00 1.00 0
0.6955 -2.2612 0.0000 0.00 0.00 1.00 0
0.6961 -2.2548 0.0000 0.00 0.00 1.00 0
0.6966 -2.2481 0.0000 0.00 0.00 1.00 0
0.6917 -2.2310 0.0000 0.00 0.00 1.00 0
0.6914 -2.2228 0.0000 0.00 0.00 1.00 0
0.6912 -2.2148 0.0000 0.00 0.00 1.00 0
0.6884 -2.2009 0.0000 0.00 0.00 1.00 0
0.6877 -2.1921 0.0000 0.00 0.00 1.00 0
0.6825 -2.1880 0.0000 0.00 0.00 1.00 0
0.6811 -2.1798 0.0000 0.00 0.00 1.00 0
0.6796 -2.1718 0.0000 0.00 0.00 1.00 0
0.6785 -2.1727 0.0000 0.00 0.00 1.00 0
0.6772 -2.1661 0.0000 0.00 0.00 1.00 0
0.6757 -2.1595 0.0000 0.00 0.00 1.00 0
0.6850 -2.1586 0.0000 0.00 0.00 1.00 0
0.6854 -2.1530 0.0000 0.00 0.00 1.00 0
0.6857 -2.1473 0.0000 0.00 0.00 1.00 0
0.6900 -2.1380 0.0000 0.00 0.00 1.00 0
0.6909 -2.1317 0.0000 0.00 0.00 1.00 0
0.6919 -2.1255 0.0000 0.00 0.00 1.00 0
0.6866 -2.1101 0.0000 0.00 0.00 1.00 0
0.6865 -2.1024 0.0000 0.00 0.00 1.00 0
0.6865 -2.0947 0.0000 0.00 0.00 1.00 0
0.6838 -2.0776 0.0000 0.00 0.00 1.00 0
0.6834 -2.0685 0.0000 0.00 0.00 1.00 0
0.6802 -2.0543 0.0000 0.00 0.00 1.00 0
0.6793 -2.0448 0.0000 0.00 0.00 1.00 0
0.6786 -2.0369 0.0000 0.00 0.00 1.00 0
0.6722 -2.0280 0.0000 0.00 0.00 1.00 0
0.6704 -2.0187 0.0000 0.00 0.00 1.00 0
0.6686 -2.0094 0.0000 0.00 0.00 1.00 0
0.6674 -2.0045 0.0000 0.00 0.00 1.00 0
0.6657 -1.9958 0.0000 0.00 0.00 1.00 0
0.6640 -1.9870 0.0000 0.00 0.00 1.00 0
0.6661 -1.9933 0.0000 0.00 0.00 1.00 0
0.6651 -1.9877 0.0000 0.00 0.00 1.00 0
0.6639 -1.9808 0.0000 0.00 0.00 1.00 0
0.6675 -1.9781 0.0000 0.00 0.00 1.00 0
0.6671 -1.9724 0.0000 0.00 0.00 1.00 0
0.6668 -1.9672 0.0000 0.00 0.00 1.00 0
0.6710 -1.9551 0.0000 0.00 0.00 1.00 0
0.6714 -1.9486 0.0000 0.00 0.00 1.00 0
0.6716 -1.9433 0.0000 0.00 0.00 1.00 0
0.6657 -1.9292 0.0000 0.00 0.00 1.00 0
0.6651 -1.9216 0.0000 0.00 0.00 1.00 0
0.6593 -1.9074 0.0000 0.00 0.00 1.00 0
0.6578 -1.8987 0.0000 0.00 0.00 1.00 0
0.6564 -1.8901 0.0000 0.00 0.00 1.00 0
0.6543 -1.8729 0.0000 0.00 0.00 1.00 0
0.6527 -1.8628 0.0000 0.00 0.00 1.00 0
0.6512 -1.8527 0.0000 0.00 0.00 1.00 0
0.6525 -1.8410 0.0000 0.00 0.00 1.00 0
0.6514 -1.8308 0.0000 0.00 0.00 1.00 0
0.6503 -1.8205 0.0000 0.00 0.00 1.00 0
0.6497 -1.8185 0.0000 0.00 0.00 1.00 0
0.6486 -1.8095 0.0000 0.00 0.00 1.00 0
0.6477 -1.8015 0.0000 0.00 0.00 1.00 0
0.6513 -1.8031 0.0000 0.00 0.00 1.00 0
0.6510 -1.7959 0.0000 0.00 0.00 1.00 0
0.6507 -1.7939 0.0000 0.00 0.00 1.00 0
0.6504 -1.7874 0.0000 0.00 0.00 1.00 0
0.6501 -1.7811 0.0000 0.00 0.00 1.00 0
0.6498 -1.7766 0.0000 0.00 0.00 1.00 0
0.6446 -1.7673 0.0000 0.00 0.00 1.00 0
0.6437 -1.7615 0.0000 0.00 0.00 1.00 0
0.6377 -1.7509 0.0000 0.00 0.00 1.00 0
0.6359 -1.7438 0.0000 0.00 0.00 1.00 0
0.6341 -1.7366 0.0000 0.00 0.00 1.00 0
0.6292 -1.7224 0.0000 0.00 0.00 1.00 0
0.6270 -1.7142 0.0000 0.00 0.00 1.00 0
0.6248 -1.7065 0.0000 0.00 0.00 1.00 0
0.6236 -1.6996 0.0000 0.00 0.00 1.00 0
0.6215 -1.6916 0.0000 0.00 0.00 1.00 0
0.6194 -1.6836 0.0000 0.00 0.00 1.00 0
0.6130 -1.6721 0.0000 0.00 0.00 1.00 0
0.6102 -1.6635 0.0000 0.00 0.00 1.00 0
0.6073 -1.6520 0.0000 0.00 0.00 1.00 0
0.6045 -1.6429 0.0000 0.00 0.00 1.00 0
0.6017 -1.6339 0.0000 0.00 0.00 1.00 0
0.5998 -1.6275 0.0000 0.00 0.00 1.00 0
0.5977 -1.6121 0.0000 0.00 0.00 1.00 0
0.5951 -1.6025 0.0000 0.00 0.00 1.00 0
0.5930 -1.5947 0.0000 0.00 0.00 1.00 0
0.5925 -1.5817 0.0000 0.00 0.00 1.00 0
0.5903 -1.5721 0.0000 0.00 0.00 1.00 0
0.5903 -1.5597 0.0000 0.00 0.00 1.00 0
0.5885 -1.5495 0.0000 0.00 0.00 1.00 0
0.5868 -1.5401 0.0000 0.00 0.00 1.00 0
0.5866 -1.5365 0.0000 0.00 0.00 1.00 0
0.5851 -1.5275 0.0000 0.00 0.00 1.00 0
0.5835 -1.5184 0.0000 0.00 0.00 1.00 0
0.5810 -1.5158 0.0000 0.00 0.00 1.00 0
0.5793 -1.5077 0.0000 0.00 0.00 1.00 0
0.5804 -1.5105 0.0000 0.00 0.00 1.00 0
0.5792 -1.5041 0.0000 0.00 0.00 1.00 0
0.5779 -1.4979 0.0000 0.00 0.00 1.00 0
0.5796 -1.4938 0.0000 0.00 0.00 1.00 0
0.5788 -1.4879 0.0000 0.00 0.00 1.00 0
0.5781 -1.4821 0.0000 0.00 0.00 1.00 0
0.5776 -1.4782 0.0000 0.00 0.00 1.00 0
0.5763 -1.4680 0.0000 0.00 0.00 1.00 0
0.5755 -1.4618 0.0000 0.00 0.00 1.00 0
0.5676 -1.4478 0.0000 0.00 0.00 1.00 0
0.5657 -1.4403 0.0000 0.00 0.00 1.00 0
0.5638 -1.4329 0.0000 0.00 0.00 1.00 0
0.5562 -1.4184 0.0000 0.00 0.00 1.00 0
0.5534 -1.4097 0.0000 0.00 0.00 1.00 0
0.5509 -1.4021 0.0000 0.00 0.00 1.00 0
0.5470 -1.3880 0.0000 0.00 0.00 1.00 0
0.5441 -1.3787 0.0000 0.00 0.00 1.00 0
0.5368 -1.3701 0.0000 0.00 0.00 1.00 0
0.5332 -1.3608 0.0000 0.00 0.00 1.00 0
0.5296 -1.3518 0.0000 0.00 0.00 1.00 0
0.5252 -1.3452 0.0000 0.00 0.00 1.00 0
0.5215 -1.3365 0.0000 0.00 0.00 1.00 0
0.5177 -1.3277 0.0000 0.00 0.00 1.00 0
0.5172 -1.3207 0.0000 0.00 0.00 1.00 0
0.5140 -1.3124 0.0000 0.00 0.00 1.00 0
0.5108 -1.3040 0.0000 0.00 0.00 1.00 0
0.5100 -1.2936 0.0000 0.00 0.00 1.00 0
0.5072 -1.2849 0.0000 0.00 0.00 1.00 0
0.5044 -1.2761 0.0000 0.00 0.00 1.00 0
0.5023 -1.2645 0.0000 0.00 0.00 1.00 0
0.4995 -1.2551 0.0000 0.00 0.00 1.00 0
0.4968 -1.2497 0.0000 0.00 0.00 1.00 0
0.4942 -1.2415 0.0000 0.00 0.00 1.00 0
0.4915 -1.2330 0.0000 0.00 0.00 1.00 0
0.4854 -1.2236 0.0000 0.00 0.00 1.00 0
0.4822 -1.2150 0.0000 0.00 0.00 1.00 0
0.4788 -1.2062 0.0000 0.00 0.00 1.00 0
0.4790 -1.1977 0.0000 0.00 0.00 1.00 0
0.4763 -1.1890 0.0000 0.00 0.00 1.00 0
0.4736 -1.1804 0.0000 0.00 0.00 1.00 0
0.4711 -1.1709 0.0000 0.00 0.00 1.00 0
0.4684 -1.1622 0.0000 0.00 0.00 1.00 0
0.4660 -1.1543 0.0000 0.00 0.00 1.00 0
0.4613 -1.1455 0.0000 0.00 0.00 1.00 0
0.4583 -1.1368 0.0000 0.00 0.00 1.00 0
0.4553 -1.1281 0.0000 0.00 0.00 1.00 0
0.4542 -1.1213 0.0000 0.00 0.00 1.00 0
0.4515 -1.1129 0.0000 0.00 0.00 1.00 0
0.4516 -1.1103 0.0000 0.00 0.00 1.00 0
0.4494 -1.1029 0.0000 0.00 0.00 1.00 0
0.4472 -1.0956 0.0000 0.00 0.00 1.00 0
0.4457 -1.0904 0.0000 0.00 0.00 1.00 0
0.4458 -1.0902 0.0000 0.00 0.00 1.00 0
0.4440 -1.0841 0.0000 0.00 0.00 1.00 0
0.4455 -1.0803 0.0000 0.00 0.00 1.00 0
0.4443 -1.0746 0.0000 0.00 0.00 1.00 0
0.4430 -1.0689 0.0000 0.00 0.00 1.00 0
0.4413 -1.0584 0.0000 0.00 0.00 1.00 0
0.4400 -1.0519 0.0000 0.00 0.00 1.00 0
0.4387 -1.0455 0.0000 0.00 0.00 1.00 0
0.4322 -1.0273 0.0000 0.00 0.00 1.00 0
0.4300 -1.0189 0.0000 0.00 0.00 1.00 0
0.4279 -1.0107 0.0000 0.00 0.00 1.00 0
0.4202 -0.9930 0.0000 0.00 0.00 1.00 0
0.4172 -0.9833 0.0000 0.00 0.00 1.00 0
0.4143 -0.9735 0.0000 0.00 0.00 1.00 0
0.4043 -0.9572 0.0000 0.00 0.00 1.00 0
0.4002 -0.9464 0.0000 0.00 0.00 1.00 0
0.3980 -0.9443 0.0000 0.00 0.00 1.00 0
0.3942 -0.9349 0.0000 0.00 0.00 1.00 0
0.3905 -0.9257 0.0000 0.00 0.00 1.00 0
0.3883 -0.9202 0.0000 0.00 0.00 1.00 0
0.3950 -0.9247 0.0000 0.00 0.00 1.00 0
0.3931 -0.9181 0.0000 0.00 0.00 1.00 0
0.3997 -0.9374 0.0000 0.00 0.00 1.00 0
0.3991 -0.9348 0.0000 0.00 0.00 1.00 0
0.3985 -0.9323 0.0000 0.00 0.00 1.00 0
0.4042 -0.9535 0.0000 0.00 0.00 1.00 0
0.4045 -0.9544 0.0000 0.00 0.00 1.00 0
0.4049 -0.9558 0.0000 0.00 0.00 1.00 0
0.4111 -0.9702 0.0000 0.00 0.00 1.00 0
0.4124 -0.9734 0.0000 0.00 0.00 1.00 0
0.4135 -0.9763 0.0000 0.00 0.00 1.00 0
0.4175 -0.9829 0.0000 0.00 0.00 1.00 0
0.4191 -0.9866 0.0000 0.00 0.00 1.00 0
0.4180 -0.9894 0.0000 0.00 0.00 1.00 0
0.4192 -0.9929 0.0000 0.00 0.00 1.00 0
0.4204 -0.9964 0.0000 0.00 0.00 1.00 0
0.4159 -0.9923 0.0000 0.00 0.00 1.00 0
0.4162 -0.9946 0.0000 0.00 0.00 1.00 0
0.4164 -0.9968 0.0000 0.00 0.00 1.00 0
0.4122 -0.9850 0.0000 0.00 0.00 1.00 0
0.4117 -0.9849 0.0000 0.00 0.00 1.00 0
0.4112 -0.9849 0.0000 0.00 0.00 1.00 0
0.4104 -0.9791 0.0000 0.00 0.00 1.00 0
0.4099 -0.9782 0.0000 0.00 0.00 1.00 0
0.4094 -0.9773 0.0000 0.00 0.00 1.00 0
0.4087 -0.9717 0.0000 0.00 0.00 1.00 0
0.4081 -0.9701 0.0000 0.00 0.00 1.00 0
0.4076 -0.9687 0.0000 0.00 0.00 1.00 0
0.4067 -0.9667 0.0000 0.00 0.00 1.00 0
0.4061 -0.9650 0.0000 0.00 0.00 1.00 0
0.4056 -0.9637 0.0000 0.00 0.00 1.00 0
0.4113 -0.9681 0.0000 0.00 0.00 1.00 0
0.4116 -0.9674 0.0000 0.00 0.00 1.00 0
0.4106 -0.9728 0.0000 0.00 0.00 1.00 0
0.4107 -0.9731 0.0000 0.00 0.00 1.00 0
0.4108 -0.9734 0.0000 0.00 0.00 1.00 0
0.4135 -0.9773 0.0000 0.00 0.00 1.00 0
0.4141 -0.9783 0.0000 0.00 0.00 1.00 0
0.4146 -0.9792 0.0000 0.00 0.00 1.00 0
0.4110 -0.9810 0.0000 0.00 0.00 1.00 0
0.4109 -0.9820 0.0000 0.00 0.00 1.00 0
0.4108 -0.9831 0.0000 0.00 0.00 1.00 0
0.4116 -0.9805 0.0000 0.00 0.00 1.00 0
0.4116 -0.9809 0.0000 0.00 0.00 1.00 0
0.4116 -0.9814 0.0000 0.00 0.00 1.00 0
0.4111 -0.9807 0.0000 0.00 0.00 1.00 0
0.4111 -0.9811 0.0000 0.00 0.00 1.00 0
0.4123 -0.9792 0.0000 0.00 0.00 1.00 0
0.4124 -0.9791 0.0000 0.00 0.00 1.00 0
0.4126 -0.9790 0.0000 0.00 0.00 1.00 0
0.4151 -0.9778 0.0000 0.00 0.00 1.00 0
0.4156 -0.9775 0.0000 0.00 0.00 1.00 0
0.4161 -0.9773 0.0000 0.00 0.00 1.00 0
0.4149 -0.9737 0.0000 0.00 0.00 1.00 0
0.4151 -0.9729 0.0000 0.00 0.00 1.00 0
0.4153 -0.9721 0.0000 0.00 0.00 1.00 0
0.4098 -0.9687 0.0000 0.00 0.00 1.00 0
0.4091 -0.9676 0.0000 0.00 0.00 1.00 0
0.4084 -0.9664 0.0000 0.00 0.00 1.00 0
0.4040 -0.9494 0.0000 0.00 0.00 1.00 0
0.4028 -0.9458 0.0000 0.00 0.00 1.00 0
0.3957 -0.9252 0.0000 0.00 0.00 1.00 0
0.3934 -0.9185 0.0000 0.00 0.00 1.00 0
0.3912 -0.9120 0.0000 0.00 0.00 1.00 0
0.3832 -0.8899 0.0000 0.00 0.00 1.00 0
0.3800 -0.8808 0.0000 0.00 0.00 1.00 0
0.3767 -0.8714 0.0000 0.00 0.00 1.00 0
0.3748 -0.8661 0.0000 0.00 0.00 1.00 0
0.3641 -0.8449 0.0000 0.00 0.00 1.00 0
0.3600 -0.8347 0.0000 0.00 0.00 1.00 0
0.3615 -0.8355 0.0000 0.00 0.00 1.00 0
0.3582 -0.8268 0.0000 0.00 0.00 1.00 0
0.3550 -0.8182 0.0000 0.00 0.00 1.00 0
0.3591 -0.8223 0.0000 0.00 0.00 1.00 0
0.3570 -0.8158 0.0000 0.00 0.00 1.00 0
0.3549 -0.8091 0.0000 0.00 0.00 1.00 0
0.3565 -0.8105 0.0000 0.00 0.00 1.00 0
0.3552 -0.8057 0.0000 0.00 0.00 1.00 0
0.3512 -0.8012 0.0000 0.00 0.00 1.00 0
0.3495 -0.7967 0.0000 0.00 0.00 1.00 0
0.3474 -0.7911 0.0000 0.00 0.00 1.00 0
0.3411 -0.7832 0.0000 0.00 0.00 1.00 0
0.3387 -0.7782 0.0000 0.00 0.00 1.00 0
0.3360 -0.7725 0.0000 0.00 0.00 1.00 0
0.3288 -0.7626 0.0000 0.00 0.00 1.00 0
0.3248 -0.7551 0.0000 0.00 0.00 1.00 0
0.3214 -0.7487 0.0000 0.00 0.00 1.00 0
0.3210 -0.7421 0.0000 0.00 0.00 1.00 0
0.3180 -0.7357 0.0000 0.00 0.00 1.00 0
0.3151 -0.7293 0.0000 0.00 0.00 1.00 0
0.3172 -0.7241 0.0000 0.00 0.00 1.00 0
0.3150 -0.7179 0.0000 0.00 0.00 1.00 0
0.3128 -0.7117 0.0000 0.00 0.00 1.00 0
0.3176 -0.7007 0.0000 0.00 0.00 1.00 0
0.3165 -0.6936 0.0000 0.00 0.00 1.00 0
0.3155 -0.6874 0.0000 0.00 0.00 1.00 0
0.3095 -0.6817 0.0000 0.00 0.00 1.00 0
0.3076 -0.6751 0.0000 0.00 0.00 1.00 0
0.2976 -0.6656 0.0000 0.00 0.00 1.00 0
0.2943 -0.6583 0.0000 0.00 0.00 1.00 0
0.2911 -0.6513 0.0000 0.00 0.00 1.00 0
0.2783 -0.6409 0.0000 0.00 0.00 1.00 0
0.2746 -0.6350 0.0000 0.00 0.00 1.00 0
0.2689 -0.6259 0.0000 0.00 0.00 1.00 0
0.2625 -0.6214 0.0000 0.00 0.00 1.00 0
0.2575 -0.6143 0.0000 0.00 0.00 1.00 0
0.2524 -0.6071 0.0000 0.00 0.00 1.00 0
0.2526 -0.6075 0.0000 0.00 0.00 1.00 0
0.2483 -0.6015 0.0000 0.00 0.00 1.00 0
0.2442 -0.5958 0.0000 0.00 0.00 1.00 0
0.2526 -0.5880 0.0000 0.00 0.00 1.00 0
0.2502 -0.5818 0.0000 0.00 0.00 1.00 0
0.2499 -0.5754 0.0000 0.00 0.00 1.00 0
0.2479 -0.5694 0.0000 0.00 0.00 1.00 0
0.2462 -0.5639 0.0000 0.00 0.00 1.00 0
0.2390 -0.5535 0.0000 0.00 0.00 1.00 0
0.2362 -0.5468 0.0000 0.00 0.00 1.00 0
0.2334 -0.5400 0.0000 0.00 0.00 1.00 0
0.2252 -0.5291 0.0000 0.00 0.00 1.00 0
0.2215 -0.5216 0.0000 0.00 0.00 1.00 0
0.2178 -0.5143 0.0000 0.00 0.00 1.00 0
0.2093 -0.5035 0.0000 0.00 0.00 1.00 0
0.2048 -0.4956 0.0000 0.00 0.00 1.00 0
0.2004 -0.4876 0.0000 0.00 0.00 1.00 0
0.1968 -0.4902 0.0000 0.00 0.00 1.00 0
0.1925 -0.4839 0.0000 0.00 0.00 1.00 0
0.1886 -0.4782 0.0000 0.00 0.00 1.00 0
0.1924 -0.4823 0.0000 0.00 0.00 1.00 0
0.1893 -0.4776 0.0000 0.00 0.00 1.00 0
0.1904 -0.4751 0.0000 0.00 0.00 1.00 0
0.1880 -0.4707 0.0000 0.00 0.00 1.00 0
0.1857 -0.4665 0.0000 0.00 0.00 1.00 0
0.1803 -0.4562 0.0000 0.00 0.00 1.00 0
0.1775 -0.4510 0.0000 0.00 0.00 1.00 0
0.1746 -0.4456 0.0000 0.00 0.00 1.00 0
0.1635 -0.4331 0.0000 0.00 0.00 1.00 0
0.1593 -0.4266 0.0000 0.00 0.00 1.00 0
0.1551 -0.4201 0.0000 0.00 0.00 1.00 0
0.1453 -0.4155 0.0000 0.00 0.00 1.00 0
0.1403 -0.4094 0.0000 0.00 0.00 1.00 0
0.1351 -0.4031 0.0000 0.00 0.00 1.00 0
0.1288 -0.3988 0.0000 0.00 0.00 1.00 0
0.1236 -0.3929 0.0000 0.00 0.00 1.00 0
0.1275 -0.3904 0.0000 0.00 0.00 1.00 0
0.1239 -0.3853 0.0000 0.00 0.00 1.00 0
0.1204 -0.3801 0.0000 0.00 0.00 1.00 0
0.1238 -0.3756 0.0000 0.00 0.00 1.00 0
0.1214 -0.3705 0.0000 0.00 0.00 1.00 0
0.1190 -0.3654 0.0000 0.00 0.00 1.00 0
0.1178 -0.3588 0.0000 0.00 0.00 1.00 0
0.1155 -0.3533 0.0000 0.00 0.00 1.00 0
0.1133 -0.3479 0.0000 0.00 0.00 1.00 0
0.1076 -0.3422 0.0000 0.00 0.00 1.00 0
0.1048 -0.3367 0.0000 0.00 0.00 1.00 0
0.1020 -0.3312 0.0000 0.00 0.00 1.00 0
0.0844 -0.3186 0.0000 0.00 0.00 1.00 0
0.0793 -0.3120 0.0000 0.00 0.00 1.00 0
0.0741 -0.3054 0.0000 0.00 0.00 1.00 0
0.0650 -0.3024 0.0000 0.00 0.00 1.00 0
0.0593 -0.2964 0.0000 0.00 0.00 1.00 0
0.0541 -0.2910 0.0000 0.00 0.00 1.00 0
0.0542 -0.2889 0.0000 0.00 0.00 1.00 0
0.0495 -0.2835 0.0000 0.00 0.00 1.00 0
0.0542 -0.2793 0.0000 0.00 0.00 1.00 0
0.0510 -0.2742 0.0000 0.00 0.00 1.00 0
0.0479 -0.2690 0.0000 0.00 0.00 1.00 0
0.0475 -0.2582 0.0000 0.00 0.00 1.00 0
0.0448 -0.2521 0.0000 0.00 0.00 1.00 0
0.0421 -0.2460 0.0000 0.00 0.00 1.00 0
0.0329 -0.2350 0.0000 0.00 0.00 1.00 0
0.0291 -0.2280 0.0000 0.00 0.00 1.00 0
0.0253 -0.2211 0.0000 0.00 0.00 1.00 0
0.0098 -0.2111 0.0000 0.00 0.00 1.00 0
0.0047 -0.2044 0.0000 0.00 0.00 1.00 0
-0.0009 -0.1970 0.0000 0.00 0.00 1.00 0
-0.0211 -0.1941 0.0000 0.00 0.00 1.00 0
-0.0282 -0.1881 0.0000 0.00 0.00 1.00 0
-0.0359 -0.1816 0.0000 0.00 0.00 1.00 0
-0.0390 -0.1767 0.0000 0.00 0.00 1.00 0
-0.0454 -0.1710 0.0000 0.00 0.00 1.00 0
-0.0461 -0.1657 0.0000 0.00 0.00 1.00 0
-0.0518 -0.1597 0.0000 0.00 0.00 1.00 0
-0.0570 -0.1543 0.0000 0.00 0.00 1.00 0
-0.0547 -0.1487 0.0000 0.00 0.00 1.00 0
-0.0595 -0.1422 0.0000 0.00 0.00 1.00 0
-0.0636 -0.1368 0.0000 0.00 0.00 1.00 0
-0.0744 -0.1308 0.0000 0.00 0.00 1.00 0
-0.0798 -0.1249 0.0000 0.00 0.00 1.00 0
-0.0852 -0.1190 0.0000 0.00 0.00 1.00 0
-0.1020 -0.1125 0.0000 0.00 0.00 1.00 0
-0.1092 -0.1065 0.0000 0.00 0.00 1.00 0
-0.1157 -0.1011 0.0000 0.00 0.00 1.00 0
-0.1389 -0.0931 0.0000 0.00 0.00 1.00 0
-0.1486 -0.0868 0.0000 0.00 0.00 1.00 0
-0.1571 -0.0813 0.0000 0.00 0.00 1.00 0
-0.1620 -0.0824 0.0000 0.00 0.00 1.00 0
-0.1710 -0.0772 0.0000 0.00 0.00 1.00 0
-0.1769 -0.0738 0.0000 0.00 0.00 1.00 0
-0.1690 -0.0691 0.0000 0.00 0.00 1.00 0
-0.1749 -0.0644 0.0000 0.00 0.00 1.00 0
-0.1691 -0.0577 0.0000 0.00 0.00 1.00 0
-0.1731 -0.0526 0.0000 0.00 0.00 1.00 0
-0.1770 -0.0476 0.0000 0.00 0.00 1.00 0
-0.1837 -0.0426 0.0000 0.00 0.00 1.00 0
-0.1882 -0.0374 0.0000 0.00 0.00 1.00 0
-0.1926 -0.0323 0.0000 0.00 0.00 1.00 0
-0.2067 -0.0262 0.0000 0.00 0.00 1.00 0
-0.2126 -0.0210 0.0000 0.00 0.00 1.00 0
-0.2185 -0.0158 0.0000 0.00 0.00 1.00 0
-0.2413 -0.0128 0.0000 0.00 0.00 1.00 0
-0.2499 -0.0078 0.0000 0.00 0.00 1.00 0
-0.2581 -0.0031 0.0000 0.00 0.00 1.00 0
-0.2693 0.0036 0.0000 0.00 0.00 1.00 0
-0.2782 0.0088 0.0000 0.00 0.00 1.00 0
-0.2787 0.0129 0.0000 0.00 0.00 1.00 0
-0.2861 0.0178 0.0000 0.00 0.00 1.00 0
-0.2936 0.0228 0.0000 0.00 0.00 1.00 0
-0.2981 0.0258 0.0000 0.00 0.00 1.00 0
-0.3021 0.0404 0.0000 0.00 0.00 1.00 0
-0.3087 0.0465 0.0000 0.00 0.00 1.00 0
-0.3200 0.0443 0.0000 0.00 0.00 1.00 0
-0.3274 0.0491 0.0000 0.00 0.00 1.00 0
-0.3347 0.0538 0.0000 0.00 0.00 1.00 0
-0.3451 0.0533 0.0000 0.00 0.00 1.00 0
-0.3531 0.0572 0.0000 0.00 0.00 1.00 0
-0.3608 0.0611 0.0000 0.00 0.00 1.00 0
-0.3659 0.0630 0.0000 0.00 0.00 1.00 0
-0.3734 0.0667 0.0000 0.00 0.00 1.00 0
-0.3808 0.0703 0.0000 0.00 0.00 1.00 0
-0.3956 0.0838 0.0000 0.00 0.00 1.00 0
-0.4041 0.0889 0.0000 0.00 0.00 1.00 0
-0.4108 0.0929 0.0000 0.00 0.00 1.00 0
-0.4470 0.1037 0.0000 0.00 0.00 1.00 0
-0.4593 0.1095 0.0000 0.00 0.00 1.00 0
-0.4929 0.1123 0.0000 0.00 0.00 1.00 0
-0.5088 0.1176 0.0000 0.00 0.00 1.00 0
-0.5247 0.1229 0.0000 0.00 0.00 1.00 0
-0.5494 0.1190 0.0000 0.00 0.00 1.00 0
-0.5669 0.1229 0.0000 0.00 0.00 1.00 0
-0.5842 0.1267 0.0000 0.00 0.00 1.00 0
-0.5881 0.1204 0.0000 0.00 0.00 1.00 0
-0.6035 0.1226 0.0000 0.00 0.00 1.00 0
-0.6189 0.1249 0.0000 0.00 0.00 1.00 0
-0.6119 0.1304 0.0000 0.00 0.00 1.00 0
-0.6241 0.1332 0.0000 0.00 0.00 1.00 0
-0.6348 0.1357 0.0000 0.00 0.00 1.00 0
-0.6439 0.1380 0.0000 0.00 0.00 1.00 0
-0.6552 0.1407 0.0000 0.00 0.00 1.00 0
-0.6644 0.1428 0.0000 0.00 0.00 1.00 0
-0.6790 0.1398 0.0000 0.00 0.00 1.00 0
-0.6905 0.1416 0.0000 0.00 0.00 1.00 0
-0.7103 0.1378 0.0000 0.00 0.00 1.00 0
-0.7217 0.1386 0.0000 0.00 0.00 1.00 0
-0.7357 0.1395 0.0000 0.00 0.00 1.00 0
-0.7521 0.1344 0.0000 0.00 0.00 1.00 0
-0.7658 0.1342 0.0000 0.00 0.00 1.00 0
-0.7792 0.1341 0.0000 0.00 0.00 1.00 0
-0.7879 0.1290 0.0000 0.00 0.00 1.00 0
-0.8017 0.1280 0.0000 0.00 0.00 1.00 0
-0.8145 0.1271 0.0000 0.00 0.00 1.00 0
-0.8121 0.1217 0.0000 0.00 0.00 1.00 0
-0.8217 0.1202 0.0000 0.00 0.00 1.00 0
-0.8189 0.1263 0.0000 0.00 0.00 1.00 0
-0.8268 0.1261 0.0000 0.00 0.00 1.00 0
-0.8342 0.1258 0.0000 0.00 0.00 1.00 0
-0.8349 0.1323 0.0000 0.00 0.00 1.00 0
-0.8409 0.1331 0.0000 0.00 0.00 1.00 0
-0.8475 0.1340 0.0000 0.00 0.00 1.00 0
-0.8389 0.1360 0.0000 0.00 0.00 1.00 0
-0.8426 0.1369 0.0000 0.00 0.00 1.00 0
-0.8467 0.1380 0.0000 0.00 0.00 1.00 0
-0.8332 0.1371 0.0000 0.00 0.00 1.00 0
-0.8345 0.1379 0.0000 0.00 0.00 1.00 0
-0.8358 0.1386 0.0000 0.00 0.00 1.00 0
-0.8227 0.1401 0.0000 0.00 0.00 1.00 0
-0.8217 0.1410 0.0000 0.00 0.00 1.00 0
-0.8207 0.1418 0.0000 0.00 0.00 1.00 0
-0.8134 0.1383 0.0000 0.00 0.00 1.00 0
-0.8117 0.1385 0.0000 0.00 0.00 1.00 0
-0.8081 0.1392 0.0000 0.00 0.00 1.00 0
-0.8060 0.1394 0.0000 0.00 0.00 1.00 0
-0.8038 0.1397 0.0000 0.00 0.00 1.00 0
-0.8028 0.1354 0.0000 0.00 0.00 1.00 0
-0.8008 0.1349 0.0000 0.00 0.00 1.00 0
-0.7989 0.1344 0.0000 0.00 0.00 1.00 0
-0.8026 0.1339 0.0000 0.00 0.00 1.00 0
-0.8015 0.1335 0.0000 0.00 0.00 1.00 0
-0.8005 0.1330 0.0000 0.00 0.00 1.00 0
-0.8031 0.1347 0.0000 0.00 0.00 1.00 0
-0.8027 0.1346 0.0000 0.00 0.00 1.00 0
-0.8022 0.1344 0.0000 0.00 0.00 1.00 0
-0.8046 0.1342 0.0000 0.00 0.00 1.00 0
-0.8046 0.1341 0.0000 0.00 0.00 1.00 0
-0.8046 0.1339 0.0000 0.00 0.00 1.00 0
-0.8047 0.1327 0.0000 0.00 0.00 1.00 0
-0.8046 0.1324 0.0000 0.00 0.00 1.00 0
-0.8046 0.1321 0.0000 0.00 0.00 1.00 0
-0.8080 0.1315 0.0000 0.00 0.00 1.00 0
-0.8084 0.1312 0.0000 0.00 0.00 1.00 0
-0.8103 0.1317 0.0000 0.00 0.00 1.00 0
-0.8110 0.1315 0.0000 0.00 0.00 1.00 0
-0.8117 0.1313 0.0000 0.00 0.00 1.00 0
-0.8109 0.1323 0.0000 0.00 0.00 1.00 0
-0.8114 0.1323 0.0000 0.00 0.00 1.00 0
-0.8118 0.1323 0.0000 0.00 0.00 1.00 0
-0.8128 0.1339 0.0000 0.00 0.00 1.00 0
-0.8134 0.1342 0.0000 0.00 0.00 1.00 0
-0.8139 0.1344 0.0000 0.00 0.00 1.00 0
-0.8086 0.1369 0.0000 0.00 0.00 1.00 0
-0.8083 0.1375 0.0000 0.00 0.00 1.00 0
-0.8079 0.1381 0.0000 0.00 0.00 1.00 0
-0.8063 0.1358 0.0000 0.00 0.00 1.00 0
-0.8058 0.1360 0.0000 0.00 0.00 1.00 0
-0.8060 0.1365 0.0000 0.00 0.00 1.00 0
-0.8056 0.1367 0.0000 0.00 0.00 1.00 0
-0.8052 0.1369 0.0000 0.00 0.00 1.00 0
-0.8050 0.1370 0.0000 0.00 0.00 1.00 0
-0.8092 0.1329 0.0000 0.00 0.00 1.00 0
-0.8095 0.1325 0.0000 0.00 0.00 1.00 0
-0.8103 0.1315 0.0000 0.00 0.00 1.00 0
-0.8107 0.1309 0.0000 0.00 0.00 1.00 0
-0.8110 0.1304 0.0000 0.00 0.00 1.00 0
-0.8096 0.1327 0.0000 0.00 0.00 1.00 0
-0.8097 0.1327 0.0000 0.00 0.00 1.00 0
-0.8097 0.1326 0.0000 0.00 0.00 1.00 0
