-0.7374 -0.2262 0.0000 0.00 0.00 1.00 0
-0.7382 -0.2235 0.0000 0.00 0.00 1.00 0
-0.7384 -0.2229 0.0000 0.00 0.00 1.00 0
-0.7387 -0.2223 0.0000 0.00 0.00 1.00 0
-0.7368 -0.2239 0.0000 0.00 0.00 1.00 0
-0.7367 -0.2237 0.0000 0.00 0.00 1.00 0
-0.7366 -0.2235 0.0000 0.00 0.00 1.00 0
-0.7319 -0.2257 0.0000 0.00 0.00 1.00 0
-0.7311 -0.2258 0.0000 0.00 0.00 1.00 0
-0.7337 -0.2237 0.0000 0.00 0.00 1.00 0
-0.7335 -0.2234 0.0000 0.00 0.00 1.00 0
-0.7333 -0.2232 0.0000 0.00 0.00 1.00 0
-0.7343 -0.2247 0.0000 0.00 0.00 1.00 0
-0.7342 -0.2247 0.0000 0.00 0.00 1.00 0
-0.7342 -0.2247 0.0000 0.00 0.00 1.00 0
-0.7335 -0.2286 0.0000 0.00 0.00 1.00 0
-0.7334 -0.2292 0.0000 0.00 0.00 1.00 0
-0.7333 -0.2298 0.0000 0.00 0.00 1.00 0
-0.7340 -0.2277 0.0000 0.00 0.00 1.00 0
-0.7340 -0.2279 0.0000 0.00 0.00 1.00 0
-0.7340 -0.2280 0.0000 0.00 0.00 1.00 0
-0.7349 -0.2249 0.0000 0.00 0.00 1.00 0
-0.7350 -0.2246 0.0000 0.00 0.00 1.00 0
-0.7358 -0.2280 0.0000 0.00 0.00 1.00 0
-0.7360 -0.2283 0.0000 0.00 0.00 1.00 0
-0.7363 -0.2286 0.0000 0.00 0.00 1.00 0
-0.7361 -0.2287 0.0000 0.00 0.00 1.00 0
-0.7363 -0.2290 0.0000 0.00 0.00 1.00 0
-0.7364 -0.2293 0.0000 0.00 0.00 1.00 0
-0.7352 -0.2292 0.0000 0.00 0.00 1.00 0
-0.7352 -0.2294 0.0000 0.00 0.00 1.00 0
-0.7348 -0.2284 0.0000 0.00 0.00 1.00 0
-0.7347 -0.2284 0.0000 0.00 0.00 1.00 0
-0.7345 -0.2285 0.0000 0.00 0.00 1.00 0
-0.7354 -0.2245 0.0000 0.00 0.00 1.00 0
-0.7354 -0.2239 0.0000 0.00 0.00 1.00 0
-0.7355 -0.2232 0.0000 0.00 0.00 1.00 0
-0.7337 -0.2198 0.0000 0.00 0.00 1.00 0
-0.7335 -0.2187 0.0000 0.00 0.00 1.00 0
-0.7333 -0.2178 0.0000 0.00 0.00 1.00 0
-0.7307 -0.2202 0.0000 0.00 0.00 1.00 0
-0.7301 -0.2197 0.0000 0.00 0.00 1.00 0
-0.7302 -0.2233 0.0000 0.00 0.00 1.00 0
-0.7297 -0.2235 0.0000 0.00 0.00 1.00 0
-0.7292 -0.2237 0.0000 0.00 0.00 1.00 0
-0.7335 -0.2248 0.0000 0.00 0.00 1.00 0
-0.7338 -0.2252 0.0000 0.00 0.00 1.00 0
-0.7341 -0.2255 0.0000 0.00 0.00 1.00 0
-0.7420 -0.2275 0.0000 0.00 0.00 1.00 0
-0.7435 -0.2281 0.0000 0.00 0.00 1.00 0
-0.7448 -0.2286 0.0000 0.00 0.00 1.00 0
-0.7664 -0.2366 0.0000 0.00 0.00 1.00 0
-0.7729 -0.2395 0.0000 0.00 0.00 1.00 0
-0.7949 -0.2449 0.0000 0.00 0.00 1.00 0
-0.8016 -0.2470 0.0000 0.00 0.00 1.00 0
-0.8097 -0.2496 0.0000 0.00 0.00 1.00 0
-0.8303 -0.2537 0.0000 0.00 0.00 1.00 0
-0.8400 -0.2563 0.0000 0.00 0.00 1.00 0
-0.8496 -0.2589 0.0000 0.00 0.00 1.00 0
-0.8623 -0.2569 0.0000 0.00 0.00 1.00 0
-0.8725 -0.2589 0.0000 0.00 0.00 1.00 0
-0.8806 -0.2604 0.0000 0.00 0.00 1.00 0
-0.8863 -0.2619 0.0000 0.00 0.00 1.00 0
-0.8955 -0.2637 0.0000 0.00 0.00 1.00 0
-0.8968 -0.2623 0.0000 0.00 0.00 1.00 0
-0.9038 -0.2634 0.0000 0.00 0.00 1.00 0
-0.9116 -0.2647 0.0000 0.00 0.00 1.00 0
-0.9130 -0.2676 0.0000 0.00 0.00 1.00 0
-0.9197 -0.2691 0.0000 0.00 0.00 1.00 0
-0.9264 -0.2706 0.0000 0.00 0.00 1.00 0
-0.9353 -0.2718 0.0000 0.00 0.00 1.00 0
-0.9424 -0.2732 0.0000 0.00 0.00 1.00 0
-0.9480 -0.2744 0.0000 0.00 0.00 1.00 0
-0.9562 -0.2757 0.0000 0.00 0.00 1.00 0
-0.9636 -0.2772 0.0000 0.00 0.00 1.00 0
-0.9683 -0.2807 0.0000 0.00 0.00 1.00 0
-0.9751 -0.2824 0.0000 0.00 0.00 1.00 0
-0.9817 -0.2842 0.0000 0.00 0.00 1.00 0
-0.9899 -0.2826 0.0000 0.00 0.00 1.00 0
-0.9968 -0.2838 0.0000 0.00 0.00 1.00 0
-1.0037 -0.2850 0.0000 0.00 0.00 1.00 0
-1.0161 -0.2865 0.0000 0.00 0.00 1.00 0
-1.0237 -0.2877 0.0000 0.00 0.00 1.00 0
-1.0308 -0.2889 0.0000 0.00 0.00 1.00 0
-1.0395 -0.2882 0.0000 0.00 0.00 1.00 0
-1.0473 -0.2892 0.0000 0.00 0.00 1.00 0
-1.0542 -0.2926 0.0000 0.00 0.00 1.00 0
-1.0618 -0.2939 0.0000 0.00 0.00 1.00 0
-1.0694 -0.2953 0.0000 0.00 0.00 1.00 0
-1.0763 -0.3016 0.0000 0.00 0.00 1.00 0
-1.0837 -0.3038 0.0000 0.00 0.00 1.00 0
-1.0914 -0.3060 0.0000 0.00 0.00 1.00 0
-1.0996 -0.3078 0.0000 0.00 0.00 1.00 0
-1.1072 -0.3099 0.0000 0.00 0.00 1.00 0
-1.1140 -0.3118 0.0000 0.00 0.00 1.00 0
-1.1244 -0.3138 0.0000 0.00 0.00 1.00 0
-1.1322 -0.3159 0.0000 0.00 0.00 1.00 0
-1.1370 -0.3171 0.0000 0.00 0.00 1.00 0
-1.1484 -0.3189 0.0000 0.00 0.00 1.00 0
-1.1564 -0.3208 0.0000 0.00 0.00 1.00 0
-1.1620 -0.3219 0.0000 0.00 0.00 1.00 0
-1.1695 -0.3237 0.0000 0.00 0.00 1.00 0
-1.1771 -0.3255 0.0000 0.00 0.00 1.00 0
-1.1853 -0.3270 0.0000 0.00 0.00 1.00 0
-1.1933 -0.3289 0.0000 0.00 0.00 1.00 0
-1.1993 -0.3302 0.0000 0.00 0.00 1.00 0
-1.2130 -0.3335 0.0000 0.00 0.00 1.00 0
-1.2213 -0.3355 0.0000 0.00 0.00 1.00 0
-1.2292 -0.3374 0.0000 0.00 0.00 1.00 0
-1.2377 -0.3393 0.0000 0.00 0.00 1.00 0
-1.2464 -0.3414 0.0000 0.00 0.00 1.00 0
-1.2543 -0.3428 0.0000 0.00 0.00 1.00 0
-1.2626 -0.3447 0.0000 0.00 0.00 1.00 0
-1.2709 -0.3465 0.0000 0.00 0.00 1.00 0
-1.2771 -0.3469 0.0000 0.00 0.00 1.00 0
-1.2860 -0.3487 0.0000 0.00 0.00 1.00 0
-1.2925 -0.3500 0.0000 0.00 0.00 1.00 0
-1.3030 -0.3523 0.0000 0.00 0.00 1.00 0
-1.3112 -0.3539 0.0000 0.00 0.00 1.00 0
-1.3179 -0.3586 0.0000 0.00 0.00 1.00 0
-1.3260 -0.3609 0.0000 0.00 0.00 1.00 0
-1.3340 -0.3631 0.0000 0.00 0.00 1.00 0
-1.3444 -0.3668 0.0000 0.00 0.00 1.00 0
-1.3527 -0.3692 0.0000 0.00 0.00 1.00 0
-1.3602 -0.3714 0.0000 0.00 0.00 1.00 0
-1.3715 -0.3728 0.0000 0.00 0.00 1.00 0
-1.3804 -0.3751 0.0000 0.00 0.00 1.00 0
-1.3881 -0.3771 0.0000 0.00 0.00 1.00 0
-1.3986 -0.3743 0.0000 0.00 0.00 1.00 0
-1.4074 -0.3758 0.0000 0.00 0.00 1.00 0
-1.4171 -0.3754 0.0000 0.00 0.00 1.00 0
-1.4261 -0.3765 0.0000 0.00 0.00 1.00 0
-1.4352 -0.3777 0.0000 0.00 0.00 1.00 0
-1.4497 -0.3819 0.0000 0.00 0.00 1.00 0
-1.4597 -0.3836 0.0000 0.00 0.00 1.00 0
-1.4696 -0.3852 0.0000 0.00 0.00 1.00 0
-1.4893 -0.3910 0.0000 0.00 0.00 1.00 0
-1.5007 -0.3933 0.0000 0.00 0.00 1.00 0
-1.5087 -0.3949 0.0000 0.00 0.00 1.00 0
-1.5276 -0.4016 0.0000 0.00 0.00 1.00 0
-1.5398 -0.4045 0.0000 0.00 0.00 1.00 0
-1.5567 -0.4119 0.0000 0.00 0.00 1.00 0
-1.5683 -0.4152 0.0000 0.00 0.00 1.00 0
-1.5810 -0.4188 0.0000 0.00 0.00 1.00 0
-1.5912 -0.4225 0.0000 0.00 0.00 1.00 0
-1.6034 -0.4261 0.0000 0.00 0.00 1.00 0
-1.6156 -0.4297 0.0000 0.00 0.00 1.00 0
-1.6251 -0.4334 0.0000 0.00 0.00 1.00 0
-1.6367 -0.4370 0.0000 0.00 0.00 1.00 0
-1.6463 -0.4399 0.0000 0.00 0.00 1.00 0
-1.6557 -0.4399 0.0000 0.00 0.00 1.00 0
-1.6666 -0.4428 0.0000 0.00 0.00 1.00 0
-1.6755 -0.4404 0.0000 0.00 0.00 1.00 0
-1.6864 -0.4425 0.0000 0.00 0.00 1.00 0
-1.6972 -0.4445 0.0000 0.00 0.00 1.00 0
-1.7033 -0.4400 0.0000 0.00 0.00 1.00 0
-1.7132 -0.4410 0.0000 0.00 0.00 1.00 0
-1.7232 -0.4420 0.0000 0.00 0.00 1.00 0
-1.7319 -0.4424 0.0000 0.00 0.00 1.00 0
-1.7417 -0.4433 0.0000 0.00 0.00 1.00 0
-1.7497 -0.4440 0.0000 0.00 0.00 1.00 0
-1.7595 -0.4482 0.0000 0.00 0.00 1.00 0
-1.7692 -0.4496 0.0000 0.00 0.00 1.00 0
-1.7782 -0.4589 0.0000 0.00 0.00 1.00 0
-1.7873 -0.4609 0.0000 0.00 0.00 1.00 0
-1.7969 -0.4636 0.0000 0.00 0.00 1.00 0
-1.8096 -0.4739 0.0000 0.00 0.00 1.00 0
-1.8195 -0.4778 0.0000 0.00 0.00 1.00 0
-1.8286 -0.4814 0.0000 0.00 0.00 1.00 0
-1.8434 -0.4792 0.0000 0.00 0.00 1.00 0
-1.8542 -0.4822 0.0000 0.00 0.00 1.00 0
-1.8627 -0.4845 0.0000 0.00 0.00 1.00 0
-1.8776 -0.4876 0.0000 0.00 0.00 1.00 0
-1.8884 -0.4904 0.0000 0.00 0.00 1.00 0
-1.8950 -0.4922 0.0000 0.00 0.00 1.00 0
-1.9129 -0.4928 0.0000 0.00 0.00 1.00 0
-1.9243 -0.4952 0.0000 0.00 0.00 1.00 0
-1.9374 -0.4976 0.0000 0.00 0.00 1.00 0
-1.9493 -0.5001 0.0000 0.00 0.00 1.00 0
-1.9611 -0.5025 0.0000 0.00 0.00 1.00 0
-1.9753 -0.5103 0.0000 0.00 0.00 1.00 0
-1.9876 -0.5136 0.0000 0.00 0.00 1.00 0
-1.9963 -0.5160 0.0000 0.00 0.00 1.00 0
-2.0108 -0.5185 0.0000 0.00 0.00 1.00 0
-2.0229 -0.5215 0.0000 0.00 0.00 1.00 0
-2.0313 -0.5237 0.0000 0.00 0.00 1.00 0
-2.0533 -0.5282 0.0000 0.00 0.00 1.00 0
-2.0663 -0.5313 0.0000 0.00 0.00 1.00 0
-2.0738 -0.5320 0.0000 0.00 0.00 1.00 0
-2.0860 -0.5347 0.0000 0.00 0.00 1.00 0
-2.0979 -0.5374 0.0000 0.00 0.00 1.00 0
-2.1031 -0.5403 0.0000 0.00 0.00 1.00 0
-2.1141 -0.5431 0.0000 0.00 0.00 1.00 0
-2.1229 -0.5453 0.0000 0.00 0.00 1.00 0
-2.1397 -0.5543 0.0000 0.00 0.00 1.00 0
-2.1513 -0.5579 0.0000 0.00 0.00 1.00 0
-2.1588 -0.5588 0.0000 0.00 0.00 1.00 0
-2.1699 -0.5620 0.0000 0.00 0.00 1.00 0
-2.1806 -0.5651 0.0000 0.00 0.00 1.00 0
-2.1930 -0.5664 0.0000 0.00 0.00 1.00 0
-2.2049 -0.5694 0.0000 0.00 0.00 1.00 0
-2.2159 -0.5723 0.0000 0.00 0.00 1.00 0
-2.2300 -0.5731 0.0000 0.00 0.00 1.00 0
-2.2416 -0.5757 0.0000 0.00 0.00 1.00 0
-2.2510 -0.5778 0.0000 0.00 0.00 1.00 0
-2.2599 -0.5822 0.0000 0.00 0.00 1.00 0
-2.2709 -0.5849 0.0000 0.00 0.00 1.00 0
-2.2794 -0.5879 0.0000 0.00 0.00 1.00 0
-2.2899 -0.5907 0.0000 0.00 0.00 1.00 0
-2.3005 -0.5935 0.0000 0.00 0.00 1.00 0
-2.3133 -0.5968 0.0000 0.00 0.00 1.00 0
-2.3243 -0.5997 0.0000 0.00 0.00 1.00 0
-2.3348 -0.6025 0.0000 0.00 0.00 1.00 0
-2.3475 -0.6064 0.0000 0.00 0.00 1.00 0
-2.3587 -0.6095 0.0000 0.00 0.00 1.00 0
-2.3686 -0.6121 0.0000 0.00 0.00 1.00 0
-2.3836 -0.6189 0.0000 0.00 0.00 1.00 0
-2.3954 -0.6225 0.0000 0.00 0.00 1.00 0
-2.4100 -0.6261 0.0000 0.00 0.00 1.00 0
-2.4208 -0.6293 0.0000 0.00 0.00 1.00 0
-2.4339 -0.6331 0.0000 0.00 0.00 1.00 0
-2.4398 -0.6370 0.0000 0.00 0.00 1.00 0
-2.4509 -0.6406 0.0000 0.00 0.00 1.00 0
-2.4619 -0.6442 0.0000 0.00 0.00 1.00 0
-2.4724 -0.6457 0.0000 0.00 0.00 1.00 0
-2.4831 -0.6489 0.0000 0.00 0.00 1.00 0
-2.4909 -0.6512 0.0000 0.00 0.00 1.00 0
-2.5028 -0.6525 0.0000 0.00 0.00 1.00 0
-2.5145 -0.6556 0.0000 0.00 0.00 1.00 0
-2.5239 -0.6604 0.0000 0.00 0.00 1.00 0
-2.5355 -0.6639 0.0000 0.00 0.00 1.00 0
-2.5462 -0.6672 0.0000 0.00 0.00 1.00 0
-2.5565 -0.6663 0.0000 0.00 0.00 1.00 0
-2.5672 -0.6689 0.0000 0.00 0.00 1.00 0
-2.5778 -0.6715 0.0000 0.00 0.00 1.00 0
-2.5861 -0.6681 0.0000 0.00 0.00 1.00 0
-2.5966 -0.6698 0.0000 0.00 0.00 1.00 0
-2.6047 -0.6712 0.0000 0.00 0.00 1.00 0
-2.6150 -0.6750 0.0000 0.00 0.00 1.00 0
-2.6261 -0.6772 0.0000 0.00 0.00 1.00 0
-2.6302 -0.6780 0.0000 0.00 0.00 1.00 0
-2.6504 -0.6855 0.0000 0.00 0.00 1.00 0
-2.6612 -0.6882 0.0000 0.00 0.00 1.00 0
-2.6803 -0.6951 0.0000 0.00 0.00 1.00 0
-2.6924 -0.6984 0.0000 0.00 0.00 1.00 0
-2.7033 -0.7014 0.0000 0.00 0.00 1.00 0
-2.7149 -0.7057 0.0000 0.00 0.00 1.00 0
-2.7269 -0.7092 0.0000 0.00 0.00 1.00 0
-2.7364 -0.7120 0.0000 0.00 0.00 1.00 0
-2.7556 -0.7171 0.0000 0.00 0.00 1.00 0
-2.7683 -0.7207 0.0000 0.00 0.00 1.00 0
-2.7718 -0.7211 0.0000 0.00 0.00 1.00 0
-2.7830 -0.7242 0.0000 0.00 0.00 1.00 0
-2.7943 -0.7273 0.0000 0.00 0.00 1.00 0
-2.8005 -0.7291 0.0000 0.00 0.00 1.00 0
-2.8109 -0.7319 0.0000 0.00 0.00 1.00 0
-2.8212 -0.7348 0.0000 0.00 0.00 1.00 0
-2.8327 -0.7367 0.0000 0.00 0.00 1.00 0
-2.8434 -0.7394 0.0000 0.00 0.00 1.00 0
-2.8526 -0.7418 0.0000 0.00 0.00 1.00 0
-2.8679 -0.7468 0.0000 0.00 0.00 1.00 0
-2.8790 -0.7498 0.0000 0.00 0.00 1.00 0
-2.8845 -0.7513 0.0000 0.00 0.00 1.00 0
-2.9049 -0.7568 0.0000 0.00 0.00 1.00 0
-2.9142 -0.7593 0.0000 0.00 0.00 1.00 0
-2.9249 -0.7630 0.0000 0.00 0.00 1.00 0
-2.9360 -0.7661 0.0000 0.00 0.00 1.00 0
-2.9472 -0.7693 0.0000 0.00 0.00 1.00 0
-2.9483 -0.7729 0.0000 0.00 0.00 1.00 0
-2.9570 -0.7759 0.0000 0.00 0.00 1.00 0
-2.9646 -0.7784 0.0000 0.00 0.00 1.00 0
-2.9832 -0.7831 0.0000 0.00 0.00 1.00 0
-2.9937 -0.7864 0.0000 0.00 0.00 1.00 0
-3.0059 -0.7861 0.0000 0.00 0.00 1.00 0
-3.0167 -0.7889 0.0000 0.00 0.00 1.00 0
-3.0275 -0.7916 0.0000 0.00 0.00 1.00 0
-3.0385 -0.7921 0.0000 0.00 0.00 1.00 0
-3.0490 -0.7944 0.0000 0.00 0.00 1.00 0
-3.0599 -0.7968 0.0000 0.00 0.00 1.00 0
-3.0727 -0.8002 0.0000 0.00 0.00 1.00 0
-3.0838 -0.8027 0.0000 0.00 0.00 1.00 0
-3.0927 -0.8047 0.0000 0.00 0.00 1.00 0
-3.1057 -0.8124 0.0000 0.00 0.00 1.00 0
-3.1167 -0.8156 0.0000 0.00 0.00 1.00 0
-3.1280 -0.8199 0.0000 0.00 0.00 1.00 0
-3.1394 -0.8234 0.0000 0.00 0.00 1.00 0
-3.1504 -0.8267 0.0000 0.00 0.00 1.00 0
-3.1663 -0.8341 0.0000 0.00 0.00 1.00 0
-3.1782 -0.8381 0.0000 0.00 0.00 1.00 0
-3.1887 -0.8417 0.0000 0.00 0.00 1.00 0
-3.2053 -0.8422 0.0000 0.00 0.00 1.00 0
-3.2177 -0.8456 0.0000 0.00 0.00 1.00 0
-3.2276 -0.8483 0.0000 0.00 0.00 1.00 0
-3.2357 -0.8525 0.0000 0.00 0.00 1.00 0
-3.2471 -0.8559 0.0000 0.00 0.00 1.00 0
-3.2516 -0.8569 0.0000 0.00 0.00 1.00 0
-3.2619 -0.8599 0.0000 0.00 0.00 1.00 0
-3.2721 -0.8629 0.0000 0.00 0.00 1.00 0
-3.2746 -0.8637 0.0000 0.00 0.00 1.00 0
-3.2836 -0.8664 0.0000 0.00 0.00 1.00 0
-3.2927 -0.8691 0.0000 0.00 0.00 1.00 0
-3.2976 -0.8607 0.0000 0.00 0.00 1.00 0
-3.3058 -0.8617 0.0000 0.00 0.00 1.00 0
-3.3117 -0.8623 0.0000 0.00 0.00 1.00 0
-3.3249 -0.8613 0.0000 0.00 0.00 1.00 0
-3.3338 -0.8619 0.0000 0.00 0.00 1.00 0
-3.3458 -0.8671 0.0000 0.00 0.00 1.00 0
-3.3552 -0.8684 0.0000 0.00 0.00 1.00 0
-3.3647 -0.8698 0.0000 0.00 0.00 1.00 0
-3.3759 -0.8803 0.0000 0.00 0.00 1.00 0
-3.3856 -0.8831 0.0000 0.00 0.00 1.00 0
-3.3953 -0.8859 0.0000 0.00 0.00 1.00 0
-3.4131 -0.8957 0.0000 0.00 0.00 1.00 0
-3.4241 -0.8996 0.0000 0.00 0.00 1.00 0
-3.4325 -0.9027 0.0000 0.00 0.00 1.00 0
-3.4491 -0.9120 0.0000 0.00 0.00 1.00 0
-3.4604 -0.9165 0.0000 0.00 0.00 1.00 0
-3.4703 -0.9217 0.0000 0.00 0.00 1.00 0
-3.4813 -0.9263 0.0000 0.00 0.00 1.00 0
-3.4925 -0.9310 0.0000 0.00 0.00 1.00 0
-3.4971 -0.9300 0.0000 0.00 0.00 1.00 0
-3.5104 -0.9350 0.0000 0.00 0.00 1.00 0
-3.5211 -0.9390 0.0000 0.00 0.00 1.00 0
-3.5259 -0.9389 0.0000 0.00 0.00 1.00 0
-3.5356 -0.9422 0.0000 0.00 0.00 1.00 0
-3.5433 -0.9449 0.0000 0.00 0.00 1.00 0
-3.5471 -0.9507 0.0000 0.00 0.00 1.00 0
-3.5573 -0.9550 0.0000 0.00 0.00 1.00 0
-3.5641 -0.9518 0.0000 0.00 0.00 1.00 0
-3.5725 -0.9543 0.0000 0.00 0.00 1.00 0
-3.5808 -0.9568 0.0000 0.00 0.00 1.00 0
-3.5915 -0.9594 0.0000 0.00 0.00 1.00 0
-3.6006 -0.9621 0.0000 0.00 0.00 1.00 0
-3.6086 -0.9644 0.0000 0.00 0.00 1.00 0
-3.6205 -0.9722 0.0000 0.00 0.00 1.00 0
-3.6297 -0.9755 0.0000 0.00 0.00 1.00 0
-3.6468 -0.9872 0.0000 0.00 0.00 1.00 0
-3.6568 -0.9918 0.0000 0.00 0.00 1.00 0
-3.6675 -0.9966 0.0000 0.00 0.00 1.00 0
-3.6833 -1.0073 0.0000 0.00 0.00 1.00 0
-3.6946 -1.0130 0.0000 0.00 0.00 1.00 0
-3.7059 -1.0188 0.0000 0.00 0.00 1.00 0
-3.7149 -1.0240 0.0000 0.00 0.00 1.00 0
-3.7254 -1.0267 0.0000 0.00 0.00 1.00 0
-3.7353 -1.0318 0.0000 0.00 0.00 1.00 0
-3.7391 -1.0288 0.0000 0.00 0.00 1.00 0
-3.7487 -1.0330 0.0000 0.00 0.00 1.00 0
-3.7547 -1.0370 0.0000 0.00 0.00 1.00 0
-3.7629 -1.0408 0.0000 0.00 0.00 1.00 0
-3.7719 -1.0450 0.0000 0.00 0.00 1.00 0
-3.7773 -1.0475 0.0000 0.00 0.00 1.00 0
-3.7896 -1.0542 0.0000 0.00 0.00 1.00 0
-3.7984 -1.0584 0.0000 0.00 0.00 1.00 0
-3.8098 -1.0676 0.0000 0.00 0.00 1.00 0
-3.8191 -1.0727 0.0000 0.00 0.00 1.00 0
-3.8284 -1.0777 0.0000 0.00 0.00 1.00 0
-3.8447 -1.0882 0.0000 0.00 0.00 1.00 0
-3.8551 -1.0942 0.0000 0.00 0.00 1.00 0
-3.8625 -1.0983 0.0000 0.00 0.00 1.00 0
-3.8722 -1.1044 0.0000 0.00 0.00 1.00 0
-3.8820 -1.1100 0.0000 0.00 0.00 1.00 0
-3.8894 -1.1121 0.0000 0.00 0.00 1.00 0
-3.8992 -1.1173 0.0000 0.00 0.00 1.00 0
-3.9086 -1.1224 0.0000 0.00 0.00 1.00 0
-3.9140 -1.1226 0.0000 0.00 0.00 1.00 0
-3.9230 -1.1269 0.0000 0.00 0.00 1.00 0
-3.9319 -1.1313 0.0000 0.00 0.00 1.00 0
-3.9406 -1.1405 0.0000 0.00 0.00 1.00 0
-3.9493 -1.1455 0.0000 0.00 0.00 1.00 0
-3.9564 -1.1496 0.0000 0.00 0.00 1.00 0
-3.9679 -1.1605 0.0000 0.00 0.00 1.00 0
-3.9769 -1.1663 0.0000 0.00 0.00 1.00 0
-3.9894 -1.1763 0.0000 0.00 0.00 1.00 0
-3.9989 -1.1828 0.0000 0.00 0.00 1.00 0
-4.0088 -1.1896 0.0000 0.00 0.00 1.00 0
-4.0189 -1.1900 0.0000 0.00 0.00 1.00 0
-4.0284 -1.1954 0.0000 0.00 0.00 1.00 0
-4.0381 -1.2010 0.0000 0.00 0.00 1.00 0
-4.0420 -1.2019 0.0000 0.00 0.00 1.00 0
-4.0507 -1.2067 0.0000 0.00 0.00 1.00 0
-4.0578 -1.2106 0.0000 0.00 0.00 1.00 0
-4.0662 -1.2181 0.0000 0.00 0.00 1.00 0
-4.0746 -1.2232 0.0000 0.00 0.00 1.00 0
-4.0846 -1.2332 0.0000 0.00 0.00 1.00 0
-4.0935 -1.2393 0.0000 0.00 0.00 1.00 0
-4.1023 -1.2452 0.0000 0.00 0.00 1.00 0
-4.1161 -1.2573 0.0000 0.00 0.00 1.00 0
-4.1258 -1.2643 0.0000 0.00 0.00 1.00 0
-4.1343 -1.2705 0.0000 0.00 0.00 1.00 0
-4.1499 -1.2845 0.0000 0.00 0.00 1.00 0
-4.1602 -1.2924 0.0000 0.00 0.00 1.00 0
-4.1693 -1.2994 0.0000 0.00 0.00 1.00 0
-4.1823 -1.3074 0.0000 0.00 0.00 1.00 0
-4.1930 -1.3153 0.0000 0.00 0.00 1.00 0
-4.1999 -1.3201 0.0000 0.00 0.00 1.00 0
-4.2099 -1.3275 0.0000 0.00 0.00 1.00 0
-4.2200 -1.3349 0.0000 0.00 0.00 1.00 0
-4.2261 -1.3382 0.0000 0.00 0.00 1.00 0
-4.2350 -1.3446 0.0000 0.00 0.00 1.00 0
-4.2444 -1.3513 0.0000 0.00 0.00 1.00 0
-4.2457 -1.3562 0.0000 0.00 0.00 1.00 0
-4.2538 -1.3626 0.0000 0.00 0.00 1.00 0
-4.2593 -1.3670 0.0000 0.00 0.00 1.00 0
-4.2685 -1.3659 0.0000 0.00 0.00 1.00 0
-4.2762 -1.3709 0.0000 0.00 0.00 1.00 0
-4.2823 -1.3769 0.0000 0.00 0.00 1.00 0
-4.2898 -1.3820 0.0000 0.00 0.00 1.00 0
-4.2973 -1.3872 0.0000 0.00 0.00 1.00 0
-4.3108 -1.3983 0.0000 0.00 0.00 1.00 0
-4.3206 -1.4051 0.0000 0.00 0.00 1.00 0
-4.3285 -1.4107 0.0000 0.00 0.00 1.00 0
-4.3414 -1.4232 0.0000 0.00 0.00 1.00 0
-4.3505 -1.4302 0.0000 0.00 0.00 1.00 0
-4.3569 -1.4352 0.0000 0.00 0.00 1.00 0
-4.3657 -1.4480 0.0000 0.00 0.00 1.00 0
-4.3745 -1.4558 0.0000 0.00 0.00 1.00 0
-4.3787 -1.4595 0.0000 0.00 0.00 1.00 0
-4.3867 -1.4563 0.0000 0.00 0.00 1.00 0
-4.3945 -1.4617 0.0000 0.00 0.00 1.00 0
-4.4038 -1.4641 0.0000 0.00 0.00 1.00 0
-4.4120 -1.4691 0.0000 0.00 0.00 1.00 0
-4.4202 -1.4741 0.0000 0.00 0.00 1.00 0
-4.4292 -1.4876 0.0000 0.00 0.00 1.00 0
-4.4374 -1.4939 0.0000 0.00 0.00 1.00 0
-4.4440 -1.4989 0.0000 0.00 0.00 1.00 0
-4.4565 -1.5159 0.0000 0.00 0.00 1.00 0
-4.4652 -1.5236 0.0000 0.00 0.00 1.00 0
-4.4776 -1.5373 0.0000 0.00 0.00 1.00 0
-4.4870 -1.5460 0.0000 0.00 0.00 1.00 0
-4.4962 -1.5547 0.0000 0.00 0.00 1.00 0
-4.4984 -1.5618 0.0000 0.00 0.00 1.00 0
-4.5064 -1.5701 0.0000 0.00 0.00 1.00 0
-4.5137 -1.5777 0.0000 0.00 0.00 1.00 0
-4.5150 -1.5731 0.0000 0.00 0.00 1.00 0
-4.5221 -1.5796 0.0000 0.00 0.00 1.00 0
-4.5285 -1.5853 0.0000 0.00 0.00 1.00 0
-4.5342 -1.5874 0.0000 0.00 0.00 1.00 0
-4.5408 -1.5930 0.0000 0.00 0.00 1.00 0
-4.5484 -1.6006 0.0000 0.00 0.00 1.00 0
-4.5552 -1.6066 0.0000 0.00 0.00 1.00 0
-4.5620 -1.6124 0.0000 0.00 0.00 1.00 0
-4.5742 -1.6253 0.0000 0.00 0.00 1.00 0
-4.5820 -1.6325 0.0000 0.00 0.00 1.00 0
-4.5899 -1.6397 0.0000 0.00 0.00 1.00 0
-4.6000 -1.6565 0.0000 0.00 0.00 1.00 0
-4.6083 -1.6653 0.0000 0.00 0.00 1.00 0
-4.6147 -1.6721 0.0000 0.00 0.00 1.00 0
-4.6201 -1.6825 0.0000 0.00 0.00 1.00 0
-4.6275 -1.6910 0.0000 0.00 0.00 1.00 0
-4.6333 -1.6920 0.0000 0.00 0.00 1.00 0
-4.6406 -1.6995 0.0000 0.00 0.00 1.00 0
-4.6477 -1.7068 0.0000 0.00 0.00 1.00 0
-4.6467 -1.7103 0.0000 0.00 0.00 1.00 0
-4.6533 -1.7178 0.0000 0.00 0.00 1.00 0
-4.6593 -1.7248 0.0000 0.00 0.00 1.00 0
-4.6606 -1.7295 0.0000 0.00 0.00 1.00 0
-4.6660 -1.7362 0.0000 0.00 0.00 1.00 0
-4.6702 -1.7414 0.0000 0.00 0.00 1.00 0
-4.6761 -1.7526 0.0000 0.00 0.00 1.00 0
-4.6808 -1.7589 0.0000 0.00 0.00 1.00 0
-4.6842 -1.7636 0.0000 0.00 0.00 1.00 0
-4.6891 -1.7703 0.0000 0.00 0.00 1.00 0
-4.6938 -1.7767 0.0000 0.00 0.00 1.00 0
-4.6956 -1.7739 0.0000 0.00 0.00 1.00 0
-4.6998 -1.7789 0.0000 0.00 0.00 1.00 0
-4.7038 -1.7835 0.0000 0.00 0.00 1.00 0
-4.7162 -1.7798 0.0000 0.00 0.00 1.00 0
-4.7217 -1.7834 0.0000 0.00 0.00 1.00 0
-4.7261 -1.7863 0.0000 0.00 0.00 1.00 0
-4.7332 -1.7915 0.0000 0.00 0.00 1.00 0
-4.7388 -1.7953 0.0000 0.00 0.00 1.00 0
-4.7477 -1.8084 0.0000 0.00 0.00 1.00 0
-4.7539 -1.8137 0.0000 0.00 0.00 1.00 0
-4.7600 -1.8190 0.0000 0.00 0.00 1.00 0
-4.7656 -1.8304 0.0000 0.00 0.00 1.00 0
-4.7716 -1.8367 0.0000 0.00 0.00 1.00 0
-4.7773 -1.8426 0.0000 0.00 0.00 1.00 0
-4.7783 -1.8560 0.0000 0.00 0.00 1.00 0
-4.7836 -1.8635 0.0000 0.00 0.00 1.00 0
-4.7872 -1.8686 0.0000 0.00 0.00 1.00 0
-4.7887 -1.8773 0.0000 0.00 0.00 1.00 0
-4.7932 -1.8845 0.0000 0.00 0.00 1.00 0
-4.7973 -1.8912 0.0000 0.00 0.00 1.00 0
-4.7989 -1.8923 0.0000 0.00 0.00 1.00 0
-4.8028 -1.8985 0.0000 0.00 0.00 1.00 0
-4.8039 -1.9061 0.0000 0.00 0.00 1.00 0
-4.8074 -1.9126 0.0000 0.00 0.00 1.00 0
-4.8110 -1.9191 0.0000 0.00 0.00 1.00 0
-4.8184 -1.9273 0.0000 0.00 0.00 1.00 0
-4.8222 -1.9335 0.0000 0.00 0.00 1.00 0
-4.8255 -1.9388 0.0000 0.00 0.00 1.00 0
-4.8393 -1.9500 0.0000 0.00 0.00 1.00 0
-4.8446 -1.9571 0.0000 0.00 0.00 1.00 0
-4.8487 -1.9625 0.0000 0.00 0.00 1.00 0
-4.8546 -1.9738 0.0000 0.00 0.00 1.00 0
-4.8599 -1.9812 0.0000 0.00 0.00 1.00 0
-4.8674 -1.9795 0.0000 0.00 0.00 1.00 0
-4.8731 -1.9855 0.0000 0.00 0.00 1.00 0
-4.8787 -1.9915 0.0000 0.00 0.00 1.00 0
-4.8838 -1.9933 0.0000 0.00 0.00 1.00 0
-4.8894 -1.9987 0.0000 0.00 0.00 1.00 0
-4.8938 -2.0029 0.0000 0.00 0.00 1.00 0
-4.8921 -2.0117 0.0000 0.00 0.00 1.00 0
-4.8963 -2.0171 0.0000 0.00 0.00 1.00 0
-4.9002 -2.0275 0.0000 0.00 0.00 1.00 0
-4.9043 -2.0339 0.0000 0.00 0.00 1.00 0
-4.9085 -2.0404 0.0000 0.00 0.00 1.00 0
-4.9151 -2.0510 0.0000 0.00 0.00 1.00 0
-4.9195 -2.0578 0.0000 0.00 0.00 1.00 0
-4.9241 -2.0649 0.0000 0.00 0.00 1.00 0
-4.9200 -2.0728 0.0000 0.00 0.00 1.00 0
-4.9232 -2.0801 0.0000 0.00 0.00 1.00 0
-4.9258 -2.0858 0.0000 0.00 0.00 1.00 0
-4.9242 -2.0842 0.0000 0.00 0.00 1.00 0
-4.9274 -2.0917 0.0000 0.00 0.00 1.00 0
-4.9279 -2.0909 0.0000 0.00 0.00 1.00 0
-4.9301 -2.0957 0.0000 0.00 0.00 1.00 0
-4.9320 -2.0999 0.0000 0.00 0.00 1.00 0
-4.9399 -2.1094 0.0000 0.00 0.00 1.00 0
-4.9436 -2.1159 0.0000 0.00 0.00 1.00 0
-4.9467 -2.1215 0.0000 0.00 0.00 1.00 0
-4.9561 -2.1344 0.0000 0.00 0.00 1.00 0
-4.9606 -2.1419 0.0000 0.00 0.00 1.00 0
-4.9640 -2.1474 0.0000 0.00 0.00 1.00 0
-4.9714 -2.1627 0.0000 0.00 0.00 1.00 0
-4.9764 -2.1714 0.0000 0.00 0.00 1.00 0
-4.9786 -2.1753 0.0000 0.00 0.00 1.00 0
-4.9791 -2.1752 0.0000 0.00 0.00 1.00 0
-4.9827 -2.1815 0.0000 0.00 0.00 1.00 0
-4.9823 -2.1848 0.0000 0.00 0.00 1.00 0
-4.9853 -2.1906 0.0000 0.00 0.00 1.00 0
-4.9884 -2.1965 0.0000 0.00 0.00 1.00 0
-4.9940 -2.2060 0.0000 0.00 0.00 1.00 0
-4.9975 -2.2124 0.0000 0.00 0.00 1.00 0
-4.9999 -2.2168 0.0000 0.00 0.00 1.00 0
-5.0065 -2.2342 0.0000 0.00 0.00 1.00 0
-5.0103 -2.2420 0.0000 0.00 0.00 1.00 0
-5.0129 -2.2474 0.0000 0.00 0.00 1.00 0
-5.0231 -2.2750 0.0000 0.00 0.00 1.00 0
-5.0276 -2.2852 0.0000 0.00 0.00 1.00 0
-5.0314 -2.2962 0.0000 0.00 0.00 1.00 0
-5.0357 -2.3065 0.0000 0.00 0.00 1.00 0
-5.0391 -2.3144 0.0000 0.00 0.00 1.00 0
-5.0442 -2.3083 0.0000 0.00 0.00 1.00 0
-5.0485 -2.3158 0.0000 0.00 0.00 1.00 0
-5.0520 -2.3217 0.0000 0.00 0.00 1.00 0
-5.0545 -2.3152 0.0000 0.00 0.00 1.00 0
-5.0580 -2.3198 0.0000 0.00 0.00 1.00 0
-5.0606 -2.3232 0.0000 0.00 0.00 1.00 0
-5.0661 -2.3287 0.0000 0.00 0.00 1.00 0
-5.0701 -2.3336 0.0000 0.00 0.00 1.00 0
-5.0716 -2.3465 0.0000 0.00 0.00 1.00 0
-5.0751 -2.3526 0.0000 0.00 0.00 1.00 0
-5.0786 -2.3588 0.0000 0.00 0.00 1.00 0
-5.0827 -2.3795 0.0000 0.00 0.00 1.00 0
-5.0863 -2.3880 0.0000 0.00 0.00 1.00 0
-5.0892 -2.3948 0.0000 0.00 0.00 1.00 0
-5.0915 -2.4066 0.0000 0.00 0.00 1.00 0
-5.0948 -2.4154 0.0000 0.00 0.00 1.00 0
-5.0963 -2.4169 0.0000 0.00 0.00 1.00 0
-5.0993 -2.4246 0.0000 0.00 0.00 1.00 0
-5.1023 -2.4320 0.0000 0.00 0.00 1.00 0
-5.1028 -2.4325 0.0000 0.00 0.00 1.00 0
-5.1053 -2.4388 0.0000 0.00 0.00 1.00 0
-5.1077 -2.4445 0.0000 0.00 0.00 1.00 0
-5.1144 -2.4578 0.0000 0.00 0.00 1.00 0
-5.1176 -2.4652 0.0000 0.00 0.00 1.00 0
-5.1202 -2.4711 0.0000 0.00 0.00 1.00 0
-5.1266 -2.4908 0.0000 0.00 0.00 1.00 0
-5.1303 -2.5001 0.0000 0.00 0.00 1.00 0
-5.1304 -2.5062 0.0000 0.00 0.00 1.00 0
-5.1332 -2.5139 0.0000 0.00 0.00 1.00 0
-5.1365 -2.5233 0.0000 0.00 0.00 1.00 0
-5.1366 -2.5248 0.0000 0.00 0.00 1.00 0
-5.1389 -2.5316 0.0000 0.00 0.00 1.00 0
-5.1414 -2.5388 0.0000 0.00 0.00 1.00 0
-5.1429 -2.5417 0.0000 0.00 0.00 1.00 0
-5.1453 -2.5484 0.0000 0.00 0.00 1.00 0
-5.1479 -2.5545 0.0000 0.00 0.00 1.00 0
-5.1501 -2.5604 0.0000 0.00 0.00 1.00 0
-5.1525 -2.5668 0.0000 0.00 0.00 1.00 0
-5.1560 -2.5872 0.0000 0.00 0.00 1.00 0
-5.1585 -2.5959 0.0000 0.00 0.00 1.00 0
-5.1611 -2.6045 0.0000 0.00 0.00 1.00 0
-5.1623 -2.6097 0.0000 0.00 0.00 1.00 0
-5.1647 -2.6178 0.0000 0.00 0.00 1.00 0
-5.1670 -2.6259 0.0000 0.00 0.00 1.00 0
-5.1644 -2.6283 0.0000 0.00 0.00 1.00 0
-5.1661 -2.6357 0.0000 0.00 0.00 1.00 0
-5.1673 -2.6415 0.0000 0.00 0.00 1.00 0
-5.1657 -2.6406 0.0000 0.00 0.00 1.00 0
-5.1667 -2.6464 0.0000 0.00 0.00 1.00 0
-5.1711 -2.6534 0.0000 0.00 0.00 1.00 0
-5.1727 -2.6594 0.0000 0.00 0.00 1.00 0
-5.1741 -2.6648 0.0000 0.00 0.00 1.00 0
-5.1744 -2.6818 0.0000 0.00 0.00 1.00 0
-5.1758 -2.6898 0.0000 0.00 0.00 1.00 0
-5.1771 -2.6969 0.0000 0.00 0.00 1.00 0
-5.1789 -2.7102 0.0000 0.00 0.00 1.00 0
-5.1804 -2.7187 0.0000 0.00 0.00 1.00 0
-5.1815 -2.7254 0.0000 0.00 0.00 1.00 0
-5.1864 -2.7352 0.0000 0.00 0.00 1.00 0
-5.1883 -2.7436 0.0000 0.00 0.00 1.00 0
-5.1909 -2.7492 0.0000 0.00 0.00 1.00 0
-5.1929 -2.7571 0.0000 0.00 0.00 1.00 0
-5.1950 -2.7651 0.0000 0.00 0.00 1.00 0
-5.1978 -2.7729 0.0000 0.00 0.00 1.00 0
-5.2000 -2.7809 0.0000 0.00 0.00 1.00 0
-5.2019 -2.7882 0.0000 0.00 0.00 1.00 0
-5.1991 -2.7940 0.0000 0.00 0.00 1.00 0
-5.2003 -2.8009 0.0000 0.00 0.00 1.00 0
-5.2019 -2.8062 0.0000 0.00 0.00 1.00 0
-5.2033 -2.8133 0.0000 0.00 0.00 1.00 0
-5.2047 -2.8203 0.0000 0.00 0.00 1.00 0
-5.2058 -2.8257 0.0000 0.00 0.00 1.00 0
-5.2087 -2.8325 0.0000 0.00 0.00 1.00 0
-5.2102 -2.8392 0.0000 0.00 0.00 1.00 0
-5.2107 -2.8523 0.0000 0.00 0.00 1.00 0
-5.2121 -2.8601 0.0000 0.00 0.00 1.00 0
-5.2133 -2.8670 0.0000 0.00 0.00 1.00 0
-5.2143 -2.8846 0.0000 0.00 0.00 1.00 0
-5.2156 -2.8939 0.0000 0.00 0.00 1.00 0
-5.2151 -2.9097 0.0000 0.00 0.00 1.00 0
-5.2161 -2.9201 0.0000 0.00 0.00 1.00 0
-5.2170 -2.9305 0.0000 0.00 0.00 1.00 0
-5.2099 -2.9373 0.0000 0.00 0.00 1.00 0
-5.2095 -2.9461 0.0000 0.00 0.00 1.00 0
-5.2092 -2.9558 0.0000 0.00 0.00 1.00 0
-5.2088 -2.9581 0.0000 0.00 0.00 1.00 0
-5.2084 -2.9666 0.0000 0.00 0.00 1.00 0
-5.2081 -2.9750 0.0000 0.00 0.00 1.00 0
-5.2123 -2.9744 0.0000 0.00 0.00 1.00 0
-5.2126 -2.9809 0.0000 0.00 0.00 1.00 0
-5.2128 -2.9866 0.0000 0.00 0.00 1.00 0
-5.2174 -2.9962 0.0000 0.00 0.00 1.00 0
-5.2183 -3.0033 0.0000 0.00 0.00 1.00 0
-5.2203 -3.0113 0.0000 0.00 0.00 1.00 0
-5.2214 -3.0185 0.0000 0.00 0.00 1.00 0
-5.2225 -3.0258 0.0000 0.00 0.00 1.00 0
-5.2164 -3.0376 0.0000 0.00 0.00 1.00 0
-5.2163 -3.0456 0.0000 0.00 0.00 1.00 0
-5.2162 -3.0527 0.0000 0.00 0.00 1.00 0
-5.2099 -3.0638 0.0000 0.00 0.00 1.00 0
-5.2088 -3.0722 0.0000 0.00 0.00 1.00 0
-5.2075 -3.0785 0.0000 0.00 0.00 1.00 0
-5.2064 -3.0862 0.0000 0.00 0.00 1.00 0
-5.2054 -3.0942 0.0000 0.00 0.00 1.00 0
-5.2090 -3.1008 0.0000 0.00 0.00 1.00 0
-5.2087 -3.1084 0.0000 0.00 0.00 1.00 0
-5.2084 -3.1161 0.0000 0.00 0.00 1.00 0
-5.2081 -3.1248 0.0000 0.00 0.00 1.00 0
-5.2078 -3.1326 0.0000 0.00 0.00 1.00 0
-5.2076 -3.1398 0.0000 0.00 0.00 1.00 0
-5.2096 -3.1525 0.0000 0.00 0.00 1.00 0
-5.2096 -3.1611 0.0000 0.00 0.00 1.00 0
-5.2077 -3.1740 0.0000 0.00 0.00 1.00 0
-5.2075 -3.1833 0.0000 0.00 0.00 1.00 0
-5.2072 -3.1927 0.0000 0.00 0.00 1.00 0
-5.2034 -3.1963 0.0000 0.00 0.00 1.00 0
-5.2025 -3.2047 0.0000 0.00 0.00 1.00 0
-5.2016 -3.2133 0.0000 0.00 0.00 1.00 0
-5.2011 -3.2152 0.0000 0.00 0.00 1.00 0
-5.2003 -3.2225 0.0000 0.00 0.00 1.00 0
-5.1995 -3.2299 0.0000 0.00 0.00 1.00 0
-5.2022 -3.2346 0.0000 0.00 0.00 1.00 0
-5.2020 -3.2409 0.0000 0.00 0.00 1.00 0
-5.2017 -3.2465 0.0000 0.00 0.00 1.00 0
-5.2008 -3.2617 0.0000 0.00 0.00 1.00 0
-5.2005 -3.2700 0.0000 0.00 0.00 1.00 0
-5.1986 -3.2863 0.0000 0.00 0.00 1.00 0
-5.1980 -3.2956 0.0000 0.00 0.00 1.00 0
-5.1974 -3.3049 0.0000 0.00 0.00 1.00 0
-5.1920 -3.3087 0.0000 0.00 0.00 1.00 0
-5.1906 -3.3171 0.0000 0.00 0.00 1.00 0
-5.1892 -3.3255 0.0000 0.00 0.00 1.00 0
-5.1888 -3.3260 0.0000 0.00 0.00 1.00 0
-5.1876 -3.3332 0.0000 0.00 0.00 1.00 0
-5.1866 -3.3390 0.0000 0.00 0.00 1.00 0
-5.1934 -3.3448 0.0000 0.00 0.00 1.00 0
-5.1934 -3.3516 0.0000 0.00 0.00 1.00 0
-5.1934 -3.3567 0.0000 0.00 0.00 1.00 0
-5.1931 -3.3629 0.0000 0.00 0.00 1.00 0
-5.1931 -3.3694 0.0000 0.00 0.00 1.00 0
-5.1875 -3.3820 0.0000 0.00 0.00 1.00 0
-5.1867 -3.3887 0.0000 0.00 0.00 1.00 0
-5.1858 -3.3961 0.0000 0.00 0.00 1.00 0
-5.1789 -3.4128 0.0000 0.00 0.00 1.00 0
-5.1771 -3.4215 0.0000 0.00 0.00 1.00 0
-5.1726 -3.4362 0.0000 0.00 0.00 1.00 0
-5.1703 -3.4461 0.0000 0.00 0.00 1.00 0
-5.1680 -3.4559 0.0000 0.00 0.00 1.00 0
-5.1600 -3.4623 0.0000 0.00 0.00 1.00 0
-5.1567 -3.4716 0.0000 0.00 0.00 1.00 0
-5.1535 -3.4808 0.0000 0.00 0.00 1.00 0
-5.1572 -3.4818 0.0000 0.00 0.00 1.00 0
-5.1551 -3.4897 0.0000 0.00 0.00 1.00 0
-5.1532 -3.4969 0.0000 0.00 0.00 1.00 0
-5.1536 -3.4983 0.0000 0.00 0.00 1.00 0
-5.1518 -3.5051 0.0000 0.00 0.00 1.00 0
-5.1507 -3.5098 0.0000 0.00 0.00 1.00 0
-5.1509 -3.5168 0.0000 0.00 0.00 1.00 0
-5.1496 -3.5234 0.0000 0.00 0.00 1.00 0
-5.1467 -3.5399 0.0000 0.00 0.00 1.00 0
-5.1451 -3.5481 0.0000 0.00 0.00 1.00 0
-5.1435 -3.5563 0.0000 0.00 0.00 1.00 0
-5.1438 -3.5733 0.0000 0.00 0.00 1.00 0
-5.1424 -3.5829 0.0000 0.00 0.00 1.00 0
-5.1411 -3.5926 0.0000 0.00 0.00 1.00 0
-5.1364 -3.5965 0.0000 0.00 0.00 1.00 0
-5.1346 -3.6053 0.0000 0.00 0.00 1.00 0
-5.1315 -3.6090 0.0000 0.00 0.00 1.00 0
-5.1295 -3.6170 0.0000 0.00 0.00 1.00 0
-5.1274 -3.6248 0.0000 0.00 0.00 1.00 0
-5.1288 -3.6259 0.0000 0.00 0.00 1.00 0
-5.1273 -3.6328 0.0000 0.00 0.00 1.00 0
-5.1258 -3.6395 0.0000 0.00 0.00 1.00 0
-5.1236 -3.6537 0.0000 0.00 0.00 1.00 0
-5.1220 -3.6616 0.0000 0.00 0.00 1.00 0
-5.1205 -3.6687 0.0000 0.00 0.00 1.00 0
-5.1173 -3.6797 0.0000 0.00 0.00 1.00 0
-5.1155 -3.6879 0.0000 0.00 0.00 1.00 0
-5.1068 -3.6980 0.0000 0.00 0.00 1.00 0
-5.1040 -3.7059 0.0000 0.00 0.00 1.00 0
-5.1010 -3.7144 0.0000 0.00 0.00 1.00 0
-5.0954 -3.7184 0.0000 0.00 0.00 1.00 0
-5.0920 -3.7261 0.0000 0.00 0.00 1.00 0
-5.0886 -3.7339 0.0000 0.00 0.00 1.00 0
-5.0910 -3.7359 0.0000 0.00 0.00 1.00 0
-5.0885 -3.7427 0.0000 0.00 0.00 1.00 0
-5.0863 -3.7489 0.0000 0.00 0.00 1.00 0
-5.0865 -3.7544 0.0000 0.00 0.00 1.00 0
-5.0845 -3.7609 0.0000 0.00 0.00 1.00 0
-5.0786 -3.7694 0.0000 0.00 0.00 1.00 0
-5.0760 -3.7762 0.0000 0.00 0.00 1.00 0
-5.0733 -3.7830 0.0000 0.00 0.00 1.00 0
-5.0642 -3.7946 0.0000 0.00 0.00 1.00 0
-5.0605 -3.8022 0.0000 0.00 0.00 1.00 0
-5.0568 -3.8098 0.0000 0.00 0.00 1.00 0
-5.0566 -3.8193 0.0000 0.00 0.00 1.00 0
-5.0534 -3.8273 0.0000 0.00 0.00 1.00 0
-5.0503 -3.8349 0.0000 0.00 0.00 1.00 0
-5.0545 -3.8398 0.0000 0.00 0.00 1.00 0
-5.0524 -3.8472 0.0000 0.00 0.00 1.00 0
-5.0531 -3.8588 0.0000 0.00 0.00 1.00 0
-5.0516 -3.8669 0.0000 0.00 0.00 1.00 0
-5.0500 -3.8751 0.0000 0.00 0.00 1.00 0
-5.0426 -3.8857 0.0000 0.00 0.00 1.00 0
-5.0401 -3.8943 0.0000 0.00 0.00 1.00 0
-5.0376 -3.9030 0.0000 0.00 0.00 1.00 0
-5.0248 -3.9058 0.0000 0.00 0.00 1.00 0
-5.0207 -3.9134 0.0000 0.00 0.00 1.00 0
-5.0173 -3.9196 0.0000 0.00 0.00 1.00 0
-5.0137 -3.9286 0.0000 0.00 0.00 1.00 0
-5.0097 -3.9363 0.0000 0.00 0.00 1.00 0
-5.0069 -3.9417 0.0000 0.00 0.00 1.00 0
-5.0052 -3.9513 0.0000 0.00 0.00 1.00 0
-5.0018 -3.9590 0.0000 0.00 0.00 1.00 0
-4.9934 -3.9671 0.0000 0.00 0.00 1.00 0
-4.9880 -3.9769 0.0000 0.00 0.00 1.00 0
-4.9836 -3.9848 0.0000 0.00 0.00 1.00 0
-4.9775 -3.9945 0.0000 0.00 0.00 1.00 0
-4.9729 -4.0026 0.0000 0.00 0.00 1.00 0
-4.9687 -4.0101 0.0000 0.00 0.00 1.00 0
-4.9673 -4.0156 0.0000 0.00 0.00 1.00 0
-4.9632 -4.0232 0.0000 0.00 0.00 1.00 0
-4.9619 -4.0276 0.0000 0.00 0.00 1.00 0
-4.9583 -4.0347 0.0000 0.00 0.00 1.00 0
-4.9546 -4.0419 0.0000 0.00 0.00 1.00 0
-4.9544 -4.0428 0.0000 0.00 0.00 1.00 0
-4.9514 -4.0489 0.0000 0.00 0.00 1.00 0
-4.9483 -4.0551 0.0000 0.00 0.00 1.00 0
-4.9369 -4.0628 0.0000 0.00 0.00 1.00 0
-4.9325 -4.0692 0.0000 0.00 0.00 1.00 0
-4.9285 -4.0750 0.0000 0.00 0.00 1.00 0
-4.9165 -4.0852 0.0000 0.00 0.00 1.00 0
-4.9110 -4.0921 0.0000 0.00 0.00 1.00 0
-4.9073 -4.0941 0.0000 0.00 0.00 1.00 0
-4.9021 -4.1001 0.0000 0.00 0.00 1.00 0
-4.8970 -4.1061 0.0000 0.00 0.00 1.00 0
-4.8988 -4.1150 0.0000 0.00 0.00 1.00 0
-4.8947 -4.1215 0.0000 0.00 0.00 1.00 0
-4.8911 -4.1274 0.0000 0.00 0.00 1.00 0
-4.8883 -4.1379 0.0000 0.00 0.00 1.00 0
-4.8845 -4.1450 0.0000 0.00 0.00 1.00 0
-4.8807 -4.1520 0.0000 0.00 0.00 1.00 0
-4.8694 -4.1591 0.0000 0.00 0.00 1.00 0
-4.8651 -4.1654 0.0000 0.00 0.00 1.00 0
-4.8617 -4.1702 0.0000 0.00 0.00 1.00 0
-4.8591 -4.1765 0.0000 0.00 0.00 1.00 0
-4.8544 -4.1837 0.0000 0.00 0.00 1.00 0
-4.8519 -4.1894 0.0000 0.00 0.00 1.00 0
-4.8478 -4.1959 0.0000 0.00 0.00 1.00 0
-4.8438 -4.2023 0.0000 0.00 0.00 1.00 0
-4.8410 -4.2039 0.0000 0.00 0.00 1.00 0
-4.8371 -4.2096 0.0000 0.00 0.00 1.00 0
-4.8340 -4.2142 0.0000 0.00 0.00 1.00 0
-4.8225 -4.2216 0.0000 0.00 0.00 1.00 0
-4.8176 -4.2274 0.0000 0.00 0.00 1.00 0
-4.8051 -4.2391 0.0000 0.00 0.00 1.00 0
-4.7990 -4.2458 0.0000 0.00 0.00 1.00 0
-4.7933 -4.2520 0.0000 0.00 0.00 1.00 0
-4.7839 -4.2569 0.0000 0.00 0.00 1.00 0
-4.7765 -4.2640 0.0000 0.00 0.00 1.00 0
-4.7698 -4.2704 0.0000 0.00 0.00 1.00 0
-4.7725 -4.2761 0.0000 0.00 0.00 1.00 0
-4.7673 -4.2824 0.0000 0.00 0.00 1.00 0
-4.7627 -4.2879 0.0000 0.00 0.00 1.00 0
-4.7656 -4.2935 0.0000 0.00 0.00 1.00 0
-4.7617 -4.2996 0.0000 0.00 0.00 1.00 0
-4.7593 -4.3033 0.0000 0.00 0.00 1.00 0
-4.7499 -4.3117 0.0000 0.00 0.00 1.00 0
-4.7454 -4.3177 0.0000 0.00 0.00 1.00 0
-4.7343 -4.3271 0.0000 0.00 0.00 1.00 0
-4.7293 -4.3330 0.0000 0.00 0.00 1.00 0
-4.7232 -4.3403 0.0000 0.00 0.00 1.00 0
-4.7115 -4.3429 0.0000 0.00 0.00 1.00 0
-4.7049 -4.3489 0.0000 0.00 0.00 1.00 0
-4.6990 -4.3543 0.0000 0.00 0.00 1.00 0
-4.6977 -4.3628 0.0000 0.00 0.00 1.00 0
-4.6920 -4.3691 0.0000 0.00 0.00 1.00 0
-4.6880 -4.3735 0.0000 0.00 0.00 1.00 0
-4.6839 -4.3823 0.0000 0.00 0.00 1.00 0
-4.6788 -4.3886 0.0000 0.00 0.00 1.00 0
-4.6746 -4.3941 0.0000 0.00 0.00 1.00 0
-4.6684 -4.4018 0.0000 0.00 0.00 1.00 0
-4.6632 -4.4082 0.0000 0.00 0.00 1.00 0
-4.6515 -4.4155 0.0000 0.00 0.00 1.00 0
-4.6452 -4.4220 0.0000 0.00 0.00 1.00 0
-4.6403 -4.4272 0.0000 0.00 0.00 1.00 0
-4.6293 -4.4337 0.0000 0.00 0.00 1.00 0
-4.6237 -4.4390 0.0000 0.00 0.00 1.00 0
-4.6119 -4.4445 0.0000 0.00 0.00 1.00 0
-4.6045 -4.4506 0.0000 0.00 0.00 1.00 0
-4.5970 -4.4567 0.0000 0.00 0.00 1.00 0
-4.5939 -4.4541 0.0000 0.00 0.00 1.00 0
-4.5871 -4.4588 0.0000 0.00 0.00 1.00 0
-4.5804 -4.4634 0.0000 0.00 0.00 1.00 0
-4.5846 -4.4617 0.0000 0.00 0.00 1.00 0
-4.5796 -4.4653 0.0000 0.00 0.00 1.00 0
-4.5749 -4.4687 0.0000 0.00 0.00 1.00 0
-4.5714 -4.4729 0.0000 0.00 0.00 1.00 0
-4.5667 -4.4765 0.0000 0.00 0.00 1.00 0
-4.5557 -4.4822 0.0000 0.00 0.00 1.00 0
-4.5499 -4.4862 0.0000 0.00 0.00 1.00 0
-4.5442 -4.4902 0.0000 0.00 0.00 1.00 0
-4.5316 -4.5030 0.0000 0.00 0.00 1.00 0
-4.5245 -4.5085 0.0000 0.00 0.00 1.00 0
-4.5177 -4.5139 0.0000 0.00 0.00 1.00 0
-4.5049 -4.5239 0.0000 0.00 0.00 1.00 0
-4.4970 -4.5301 0.0000 0.00 0.00 1.00 0
-4.4899 -4.5357 0.0000 0.00 0.00 1.00 0
-4.4885 -4.5393 0.0000 0.00 0.00 1.00 0
-4.4816 -4.5451 0.0000 0.00 0.00 1.00 0
-4.4854 -4.5477 0.0000 0.00 0.00 1.00 0
-4.4802 -4.5531 0.0000 0.00 0.00 1.00 0
-4.4751 -4.5583 0.0000 0.00 0.00 1.00 0
-4.4751 -4.5634 0.0000 0.00 0.00 1.00 0
-4.4709 -4.5687 0.0000 0.00 0.00 1.00 0
-4.4667 -4.5739 0.0000 0.00 0.00 1.00 0
-4.4552 -4.5764 0.0000 0.00 0.00 1.00 0
-4.4498 -4.5812 0.0000 0.00 0.00 1.00 0
-4.4461 -4.5845 0.0000 0.00 0.00 1.00 0
-4.4283 -4.5909 0.0000 0.00 0.00 1.00 0
-4.4214 -4.5957 0.0000 0.00 0.00 1.00 0
-4.4101 -4.5983 0.0000 0.00 0.00 1.00 0
-4.4023 -4.6028 0.0000 0.00 0.00 1.00 0
-4.3940 -4.6075 0.0000 0.00 0.00 1.00 0
-4.3941 -4.6052 0.0000 0.00 0.00 1.00 0
-4.3877 -4.6086 0.0000 0.00 0.00 1.00 0
-4.3811 -4.6120 0.0000 0.00 0.00 1.00 0
-4.3820 -4.6136 0.0000 0.00 0.00 1.00 0
-4.3772 -4.6164 0.0000 0.00 0.00 1.00 0
-4.3727 -4.6190 0.0000 0.00 0.00 1.00 0
-4.3620 -4.6247 0.0000 0.00 0.00 1.00 0
-4.3561 -4.6280 0.0000 0.00 0.00 1.00 0
-4.3418 -4.6377 0.0000 0.00 0.00 1.00 0
-4.3343 -4.6422 0.0000 0.00 0.00 1.00 0
-4.3268 -4.6467 0.0000 0.00 0.00 1.00 0
-4.3098 -4.6541 0.0000 0.00 0.00 1.00 0
-4.3009 -4.6589 0.0000 0.00 0.00 1.00 0
-4.2928 -4.6634 0.0000 0.00 0.00 1.00 0
-4.2838 -4.6683 0.0000 0.00 0.00 1.00 0
-4.2751 -4.6731 0.0000 0.00 0.00 1.00 0
-4.2817 -4.6819 0.0000 0.00 0.00 1.00 0
-4.2756 -4.6874 0.0000 0.00 0.00 1.00 0
-4.2694 -4.6930 0.0000 0.00 0.00 1.00 0
-4.2697 -4.6917 0.0000 0.00 0.00 1.00 0
-4.2647 -4.6961 0.0000 0.00 0.00 1.00 0
-4.2596 -4.7005 0.0000 0.00 0.00 1.00 0
-4.2526 -4.7038 0.0000 0.00 0.00 1.00 0
-4.2474 -4.7080 0.0000 0.00 0.00 1.00 0
-4.2420 -4.7122 0.0000 0.00 0.00 1.00 0
-4.2246 -4.7162 0.0000 0.00 0.00 1.00 0
-4.2173 -4.7204 0.0000 0.00 0.00 1.00 0
-4.2039 -4.7237 0.0000 0.00 0.00 1.00 0
-4.1955 -4.7278 0.0000 0.00 0.00 1.00 0
-4.1870 -4.7319 0.0000 0.00 0.00 1.00 0
-4.1738 -4.7379 0.0000 0.00 0.00 1.00 0
-4.1647 -4.7423 0.0000 0.00 0.00 1.00 0
-4.1554 -4.7467 0.0000 0.00 0.00 1.00 0
-4.1495 -4.7525 0.0000 0.00 0.00 1.00 0
-4.1407 -4.7572 0.0000 0.00 0.00 1.00 0
-4.1320 -4.7619 0.0000 0.00 0.00 1.00 0
-4.1296 -4.7641 0.0000 0.00 0.00 1.00 0
-4.1218 -4.7684 0.0000 0.00 0.00 1.00 0
-4.1157 -4.7718 0.0000 0.00 0.00 1.00 0
-4.1146 -4.7666 0.0000 0.00 0.00 1.00 0
-4.1088 -4.7690 0.0000 0.00 0.00 1.00 0
-4.1134 -4.7726 0.0000 0.00 0.00 1.00 0
-4.1089 -4.7754 0.0000 0.00 0.00 1.00 0
-4.1044 -4.7782 0.0000 0.00 0.00 1.00 0
-4.0927 -4.7821 0.0000 0.00 0.00 1.00 0
-4.0871 -4.7850 0.0000 0.00 0.00 1.00 0
-4.0821 -4.7877 0.0000 0.00 0.00 1.00 0
-4.0635 -4.7992 0.0000 0.00 0.00 1.00 0
-4.0559 -4.8035 0.0000 0.00 0.00 1.00 0
-4.0367 -4.8100 0.0000 0.00 0.00 1.00 0
-4.0272 -4.8146 0.0000 0.00 0.00 1.00 0
-4.0177 -4.8192 0.0000 0.00 0.00 1.00 0
-4.0054 -4.8250 0.0000 0.00 0.00 1.00 0
-3.9953 -4.8298 0.0000 0.00 0.00 1.00 0
-3.9854 -4.8346 0.0000 0.00 0.00 1.00 0
-3.9934 -4.8354 0.0000 0.00 0.00 1.00 0
-3.9862 -4.8396 0.0000 0.00 0.00 1.00 0
-3.9790 -4.8438 0.0000 0.00 0.00 1.00 0
-3.9829 -4.8441 0.0000 0.00 0.00 1.00 0
-3.9781 -4.8473 0.0000 0.00 0.00 1.00 0
-3.9633 -4.8464 0.0000 0.00 0.00 1.00 0
-3.9561 -4.8493 0.0000 0.00 0.00 1.00 0
-3.9489 -4.8521 0.0000 0.00 0.00 1.00 0
-3.9329 -4.8587 0.0000 0.00 0.00 1.00 0
-3.9243 -4.8621 0.0000 0.00 0.00 1.00 0
-3.9158 -4.8655 0.0000 0.00 0.00 1.00 0
-3.8913 -4.8677 0.0000 0.00 0.00 1.00 0
-3.8801 -4.8710 0.0000 0.00 0.00 1.00 0
-3.8690 -4.8742 0.0000 0.00 0.00 1.00 0
-3.8592 -4.8698 0.0000 0.00 0.00 1.00 0
-3.8484 -4.8721 0.0000 0.00 0.00 1.00 0
-3.8558 -4.8736 0.0000 0.00 0.00 1.00 0
-3.8480 -4.8757 0.0000 0.00 0.00 1.00 0
-3.8403 -4.8779 0.0000 0.00 0.00 1.00 0
-3.8467 -4.8779 0.0000 0.00 0.00 1.00 0
-3.8414 -4.8797 0.0000 0.00 0.00 1.00 0
-3.8360 -4.8815 0.0000 0.00 0.00 1.00 0
-3.8329 -4.8873 0.0000 0.00 0.00 1.00 0
-3.8279 -4.8897 0.0000 0.00 0.00 1.00 0
-3.8240 -4.8916 0.0000 0.00 0.00 1.00 0
-3.8025 -4.8968 0.0000 0.00 0.00 1.00 0
-3.7951 -4.8996 0.0000 0.00 0.00 1.00 0
-3.7898 -4.9016 0.0000 0.00 0.00 1.00 0
-3.7605 -4.9066 0.0000 0.00 0.00 1.00 0
-3.7502 -4.9095 0.0000 0.00 0.00 1.00 0
-3.7351 -4.9094 0.0000 0.00 0.00 1.00 0
-3.7240 -4.9119 0.0000 0.00 0.00 1.00 0
-3.7129 -4.9144 0.0000 0.00 0.00 1.00 0
-3.7182 -4.9185 0.0000 0.00 0.00 1.00 0
-3.7096 -4.9213 0.0000 0.00 0.00 1.00 0
-3.7010 -4.9240 0.0000 0.00 0.00 1.00 0
-3.7032 -4.9270 0.0000 0.00 0.00 1.00 0
-3.6963 -4.9298 0.0000 0.00 0.00 1.00 0
-3.6904 -4.9345 0.0000 0.00 0.00 1.00 0
-3.6836 -4.9376 0.0000 0.00 0.00 1.00 0
-3.6769 -4.9407 0.0000 0.00 0.00 1.00 0
-3.6554 -4.9445 0.0000 0.00 0.00 1.00 0
-3.6462 -4.9478 0.0000 0.00 0.00 1.00 0
-3.6362 -4.9513 0.0000 0.00 0.00 1.00 0
-3.6219 -4.9518 0.0000 0.00 0.00 1.00 0
-3.6116 -4.9547 0.0000 0.00 0.00 1.00 0
-3.6013 -4.9576 0.0000 0.00 0.00 1.00 0
-3.5852 -4.9557 0.0000 0.00 0.00 1.00 0
-3.5741 -4.9579 0.0000 0.00 0.00 1.00 0
-3.5768 -4.9547 0.0000 0.00 0.00 1.00 0
-3.5682 -4.9559 0.0000 0.00 0.00 1.00 0
-3.5594 -4.9571 0.0000 0.00 0.00 1.00 0
-3.5600 -4.9612 0.0000 0.00 0.00 1.00 0
-3.5518 -4.9631 0.0000 0.00 0.00 1.00 0
-3.5446 -4.9648 0.0000 0.00 0.00 1.00 0
-3.5352 -4.9647 0.0000 0.00 0.00 1.00 0
-3.5277 -4.9661 0.0000 0.00 0.00 1.00 0
-3.5211 -4.9673 0.0000 0.00 0.00 1.00 0
-3.5055 -4.9736 0.0000 0.00 0.00 1.00 0
-3.4969 -4.9757 0.0000 0.00 0.00 1.00 0
-3.4837 -4.9786 0.0000 0.00 0.00 1.00 0
-3.4742 -4.9809 0.0000 0.00 0.00 1.00 0
-3.4648 -4.9831 0.0000 0.00 0.00 1.00 0
-3.4512 -4.9847 0.0000 0.00 0.00 1.00 0
-3.4411 -4.9869 0.0000 0.00 0.00 1.00 0
-3.4310 -4.9891 0.0000 0.00 0.00 1.00 0
-3.4247 -4.9910 0.0000 0.00 0.00 1.00 0
-3.4153 -4.9931 0.0000 0.00 0.00 1.00 0
-3.4067 -4.9950 0.0000 0.00 0.00 1.00 0
-3.3966 -4.9921 0.0000 0.00 0.00 1.00 0
-3.3869 -4.9934 0.0000 0.00 0.00 1.00 0
-3.3801 -4.9927 0.0000 0.00 0.00 1.00 0
-3.3711 -4.9937 0.0000 0.00 0.00 1.00 0
-3.3619 -4.9947 0.0000 0.00 0.00 1.00 0
-3.3562 -4.9958 0.0000 0.00 0.00 1.00 0
-3.3476 -4.9968 0.0000 0.00 0.00 1.00 0
-3.3391 -4.9978 0.0000 0.00 0.00 1.00 0
-3.3291 -5.0022 0.0000 0.00 0.00 1.00 0
-3.3204 -5.0037 0.0000 0.00 0.00 1.00 0
-3.3124 -5.0051 0.0000 0.00 0.00 1.00 0
-3.3014 -5.0070 0.0000 0.00 0.00 1.00 0
-3.2936 -5.0083 0.0000 0.00 0.00 1.00 0
-3.2872 -5.0110 0.0000 0.00 0.00 1.00 0
-3.2788 -5.0127 0.0000 0.00 0.00 1.00 0
-3.2705 -5.0144 0.0000 0.00 0.00 1.00 0
-3.2640 -5.0163 0.0000 0.00 0.00 1.00 0
-3.2550 -5.0183 0.0000 0.00 0.00 1.00 0
-3.2470 -5.0200 0.0000 0.00 0.00 1.00 0
-3.2364 -5.0192 0.0000 0.00 0.00 1.00 0
-3.2289 -5.0204 0.0000 0.00 0.00 1.00 0
-3.2212 -5.0216 0.0000 0.00 0.00 1.00 0
-3.2068 -5.0231 0.0000 0.00 0.00 1.00 0
-3.1975 -5.0245 0.0000 0.00 0.00 1.00 0
-3.1869 -5.0250 0.0000 0.00 0.00 1.00 0
-3.1774 -5.0262 0.0000 0.00 0.00 1.00 0
-3.1678 -5.0274 0.0000 0.00 0.00 1.00 0
-3.1598 -5.0290 0.0000 0.00 0.00 1.00 0
-3.1508 -5.0302 0.0000 0.00 0.00 1.00 0
-3.1414 -5.0315 0.0000 0.00 0.00 1.00 0
-3.1340 -5.0333 0.0000 0.00 0.00 1.00 0
-3.1240 -5.0348 0.0000 0.00 0.00 1.00 0
-3.1167 -5.0359 0.0000 0.00 0.00 1.00 0
-3.1079 -5.0361 0.0000 0.00 0.00 1.00 0
-3.0991 -5.0373 0.0000 0.00 0.00 1.00 0
-3.0906 -5.0391 0.0000 0.00 0.00 1.00 0
-3.0819 -5.0404 0.0000 0.00 0.00 1.00 0
-3.0735 -5.0416 0.0000 0.00 0.00 1.00 0
-3.0615 -5.0465 0.0000 0.00 0.00 1.00 0
-3.0524 -5.0483 0.0000 0.00 0.00 1.00 0
-3.0431 -5.0502 0.0000 0.00 0.00 1.00 0
-3.0291 -5.0527 0.0000 0.00 0.00 1.00 0
-3.0190 -5.0547 0.0000 0.00 0.00 1.00 0
-3.0101 -5.0564 0.0000 0.00 0.00 1.00 0
-2.9964 -5.0510 0.0000 0.00 0.00 1.00 0
-2.9859 -5.0519 0.0000 0.00 0.00 1.00 0
-2.9800 -5.0563 0.0000 0.00 0.00 1.00 0
-2.9703 -5.0578 0.0000 0.00 0.00 1.00 0
-2.9607 -5.0592 0.0000 0.00 0.00 1.00 0
-2.9553 -5.0634 0.0000 0.00 0.00 1.00 0
-2.9463 -5.0653 0.0000 0.00 0.00 1.00 0
-2.9374 -5.0671 0.0000 0.00 0.00 1.00 0
-2.9224 -5.0692 0.0000 0.00 0.00 1.00 0
-2.9125 -5.0711 0.0000 0.00 0.00 1.00 0
-2.9028 -5.0729 0.0000 0.00 0.00 1.00 0
-2.8872 -5.0751 0.0000 0.00 0.00 1.00 0
-2.8767 -5.0770 0.0000 0.00 0.00 1.00 0
-2.8682 -5.0808 0.0000 0.00 0.00 1.00 0
-2.8578 -5.0831 0.0000 0.00 0.00 1.00 0
-2.8477 -5.0853 0.0000 0.00 0.00 1.00 0
-2.8409 -5.0857 0.0000 0.00 0.00 1.00 0
-2.8301 -5.0879 0.0000 0.00 0.00 1.00 0
-2.8203 -5.0899 0.0000 0.00 0.00 1.00 0
-2.8172 -5.0872 0.0000 0.00 0.00 1.00 0
-2.8085 -5.0884 0.0000 0.00 0.00 1.00 0
-2.8014 -5.0894 0.0000 0.00 0.00 1.00 0
-2.7939 -5.0881 0.0000 0.00 0.00 1.00 0
-2.7857 -5.0889 0.0000 0.00 0.00 1.00 0
-2.7743 -5.0885 0.0000 0.00 0.00 1.00 0
-2.7654 -5.0891 0.0000 0.00 0.00 1.00 0
-2.7565 -5.0897 0.0000 0.00 0.00 1.00 0
-2.7485 -5.0935 0.0000 0.00 0.00 1.00 0
-2.7397 -5.0946 0.0000 0.00 0.00 1.00 0
-2.7310 -5.0957 0.0000 0.00 0.00 1.00 0
-2.7268 -5.0987 0.0000 0.00 0.00 1.00 0
-2.7188 -5.1001 0.0000 0.00 0.00 1.00 0
-2.7124 -5.1012 0.0000 0.00 0.00 1.00 0
-2.7004 -5.1033 0.0000 0.00 0.00 1.00 0
-2.6921 -5.1048 0.0000 0.00 0.00 1.00 0
-2.6850 -5.1061 0.0000 0.00 0.00 1.00 0
-2.6743 -5.1079 0.0000 0.00 0.00 1.00 0
-2.6666 -5.1092 0.0000 0.00 0.00 1.00 0
-2.6606 -5.1080 0.0000 0.00 0.00 1.00 0
-2.6533 -5.1089 0.0000 0.00 0.00 1.00 0
-2.6454 -5.1099 0.0000 0.00 0.00 1.00 0
-2.6405 -5.1086 0.0000 0.00 0.00 1.00 0
-2.6333 -5.1093 0.0000 0.00 0.00 1.00 0
-2.6277 -5.1149 0.0000 0.00 0.00 1.00 0
-2.6206 -5.1164 0.0000 0.00 0.00 1.00 0
-2.6143 -5.1178 0.0000 0.00 0.00 1.00 0
-2.6016 -5.1182 0.0000 0.00 0.00 1.00 0
-2.5935 -5.1196 0.0000 0.00 0.00 1.00 0
-2.5856 -5.1209 0.0000 0.00 0.00 1.00 0
-2.5746 -5.1213 0.0000 0.00 0.00 1.00 0
-2.5663 -5.1224 0.0000 0.00 0.00 1.00 0
-2.5576 -5.1236 0.0000 0.00 0.00 1.00 0
-2.5433 -5.1213 0.0000 0.00 0.00 1.00 0
-2.5339 -5.1219 0.0000 0.00 0.00 1.00 0
-2.5263 -5.1224 0.0000 0.00 0.00 1.00 0
-2.5192 -5.1259 0.0000 0.00 0.00 1.00 0
-2.5105 -5.1269 0.0000 0.00 0.00 1.00 0
-2.5042 -5.1330 0.0000 0.00 0.00 1.00 0
-2.4960 -5.1349 0.0000 0.00 0.00 1.00 0
-2.4885 -5.1365 0.0000 0.00 0.00 1.00 0
-2.4832 -5.1361 0.0000 0.00 0.00 1.00 0
-2.4755 -5.1376 0.0000 0.00 0.00 1.00 0
-2.4677 -5.1391 0.0000 0.00 0.00 1.00 0
-2.4517 -5.1379 0.0000 0.00 0.00 1.00 0
-2.4426 -5.1389 0.0000 0.00 0.00 1.00 0
-2.4345 -5.1399 0.0000 0.00 0.00 1.00 0
-2.4238 -5.1353 0.0000 0.00 0.00 1.00 0
-2.4135 -5.1355 0.0000 0.00 0.00 1.00 0
-2.4119 -5.1352 0.0000 0.00 0.00 1.00 0
-2.4039 -5.1353 0.0000 0.00 0.00 1.00 0
-2.3960 -5.1354 0.0000 0.00 0.00 1.00 0
-2.3929 -5.1398 0.0000 0.00 0.00 1.00 0
-2.3851 -5.1407 0.0000 0.00 0.00 1.00 0
-2.3786 -5.1415 0.0000 0.00 0.00 1.00 0
-2.3689 -5.1432 0.0000 0.00 0.00 1.00 0
-2.3615 -5.1441 0.0000 0.00 0.00 1.00 0
-2.3479 -5.1424 0.0000 0.00 0.00 1.00 0
-2.3394 -5.1428 0.0000 0.00 0.00 1.00 0
-2.3308 -5.1433 0.0000 0.00 0.00 1.00 0
-2.3110 -5.1424 0.0000 0.00 0.00 1.00 0
-2.3006 -5.1427 0.0000 0.00 0.00 1.00 0
-2.2900 -5.1429 0.0000 0.00 0.00 1.00 0
-2.2759 -5.1388 0.0000 0.00 0.00 1.00 0
-2.2648 -5.1383 0.0000 0.00 0.00 1.00 0
-2.2538 -5.1379 0.0000 0.00 0.00 1.00 0
-2.2562 -5.1396 0.0000 0.00 0.00 1.00 0
-2.2464 -5.1395 0.0000 0.00 0.00 1.00 0
-2.2399 -5.1394 0.0000 0.00 0.00 1.00 0
-2.2426 -5.1391 0.0000 0.00 0.00 1.00 0
-2.2357 -5.1390 0.0000 0.00 0.00 1.00 0
-2.2317 -5.1407 0.0000 0.00 0.00 1.00 0
-2.2258 -5.1409 0.0000 0.00 0.00 1.00 0
-2.2181 -5.1411 0.0000 0.00 0.00 1.00 0
-2.2085 -5.1411 0.0000 0.00 0.00 1.00 0
-2.2007 -5.1412 0.0000 0.00 0.00 1.00 0
-2.1942 -5.1414 0.0000 0.00 0.00 1.00 0
-2.1769 -5.1338 0.0000 0.00 0.00 1.00 0
-2.1684 -5.1328 0.0000 0.00 0.00 1.00 0
-2.1623 -5.1320 0.0000 0.00 0.00 1.00 0
-2.1515 -5.1327 0.0000 0.00 0.00 1.00 0
-2.1422 -5.1319 0.0000 0.00 0.00 1.00 0
-2.1356 -5.1383 0.0000 0.00 0.00 1.00 0
-2.1272 -5.1388 0.0000 0.00 0.00 1.00 0
-2.1189 -5.1392 0.0000 0.00 0.00 1.00 0
-2.1175 -5.1409 0.0000 0.00 0.00 1.00 0
-2.1102 -5.1416 0.0000 0.00 0.00 1.00 0
-2.1036 -5.1422 0.0000 0.00 0.00 1.00 0
-2.0954 -5.1380 0.0000 0.00 0.00 1.00 0
-2.0882 -5.1379 0.0000 0.00 0.00 1.00 0
-2.0720 -5.1298 0.0000 0.00 0.00 1.00 0
-2.0632 -5.1284 0.0000 0.00 0.00 1.00 0
-2.0544 -5.1269 0.0000 0.00 0.00 1.00 0
-2.0445 -5.1267 0.0000 0.00 0.00 1.00 0
-2.0354 -5.1254 0.0000 0.00 0.00 1.00 0
-2.0265 -5.1241 0.0000 0.00 0.00 1.00 0
-2.0192 -5.1272 0.0000 0.00 0.00 1.00 0
-2.0105 -5.1266 0.0000 0.00 0.00 1.00 0
-2.0017 -5.1260 0.0000 0.00 0.00 1.00 0
-2.0004 -5.1233 0.0000 0.00 0.00 1.00 0
-1.9934 -5.1225 0.0000 0.00 0.00 1.00 0
-1.9888 -5.1192 0.0000 0.00 0.00 1.00 0
-1.9819 -5.1179 0.0000 0.00 0.00 1.00 0
-1.9749 -5.1166 0.0000 0.00 0.00 1.00 0
-1.9605 -5.1122 0.0000 0.00 0.00 1.00 0
-1.9522 -5.1103 0.0000 0.00 0.00 1.00 0
-1.9441 -5.1085 0.0000 0.00 0.00 1.00 0
-1.9267 -5.1015 0.0000 0.00 0.00 1.00 0
-1.9173 -5.0989 0.0000 0.00 0.00 1.00 0
-1.9075 -5.0962 0.0000 0.00 0.00 1.00 0
-1.9037 -5.1015 0.0000 0.00 0.00 1.00 0
-1.8951 -5.1000 0.0000 0.00 0.00 1.00 0
-1.8947 -5.1011 0.0000 0.00 0.00 1.00 0
-1.8874 -5.1001 0.0000 0.00 0.00 1.00 0
-1.8801 -5.0991 0.0000 0.00 0.00 1.00 0
-1.8722 -5.0993 0.0000 0.00 0.00 1.00 0
-1.8648 -5.0985 0.0000 0.00 0.00 1.00 0
-1.8575 -5.0977 0.0000 0.00 0.00 1.00 0
-1.8456 -5.0944 0.0000 0.00 0.00 1.00 0
-1.8376 -5.0932 0.0000 0.00 0.00 1.00 0
-1.8312 -5.0923 0.0000 0.00 0.00 1.00 0
-1.8164 -5.0857 0.0000 0.00 0.00 1.00 0
-1.8075 -5.0837 0.0000 0.00 0.00 1.00 0
-1.8014 -5.0823 0.0000 0.00 0.00 1.00 0
-1.7910 -5.0785 0.0000 0.00 0.00 1.00 0
-1.7822 -5.0763 0.0000 0.00 0.00 1.00 0
-1.7749 -5.0721 0.0000 0.00 0.00 1.00 0
-1.7665 -5.0696 0.0000 0.00 0.00 1.00 0
-1.7581 -5.0671 0.0000 0.00 0.00 1.00 0
-1.7513 -5.0673 0.0000 0.00 0.00 1.00 0
-1.7431 -5.0652 0.0000 0.00 0.00 1.00 0
-1.7358 -5.0633 0.0000 0.00 0.00 1.00 0
-1.7313 -5.0619 0.0000 0.00 0.00 1.00 0
-1.7238 -5.0600 0.0000 0.00 0.00 1.00 0
-1.7193 -5.0588 0.0000 0.00 0.00 1.00 0
-1.7057 -5.0550 0.0000 0.00 0.00 1.00 0
-1.6978 -5.0529 0.0000 0.00 0.00 1.00 0
-1.6861 -5.0523 0.0000 0.00 0.00 1.00 0
-1.6774 -5.0505 0.0000 0.00 0.00 1.00 0
-1.6689 -5.0486 0.0000 0.00 0.00 1.00 0
-1.6600 -5.0433 0.0000 0.00 0.00 1.00 0
-1.6523 -5.0411 0.0000 0.00 0.00 1.00 0
-1.6436 -5.0387 0.0000 0.00 0.00 1.00 0
-1.6357 -5.0359 0.0000 0.00 0.00 1.00 0
-1.6273 -5.0335 0.0000 0.00 0.00 1.00 0
-1.6202 -5.0330 0.0000 0.00 0.00 1.00 0
-1.6120 -5.0310 0.0000 0.00 0.00 1.00 0
-1.6038 -5.0289 0.0000 0.00 0.00 1.00 0
-1.5966 -5.0254 0.0000 0.00 0.00 1.00 0
-1.5886 -5.0231 0.0000 0.00 0.00 1.00 0
-1.5807 -5.0208 0.0000 0.00 0.00 1.00 0
-1.5757 -5.0193 0.0000 0.00 0.00 1.00 0
-1.5682 -5.0172 0.0000 0.00 0.00 1.00 0
-1.5613 -5.0152 0.0000 0.00 0.00 1.00 0
-1.5477 -5.0122 0.0000 0.00 0.00 1.00 0
-1.5393 -5.0099 0.0000 0.00 0.00 1.00 0
-1.5325 -5.0081 0.0000 0.00 0.00 1.00 0
-1.5211 -5.0041 0.0000 0.00 0.00 1.00 0
-1.5125 -5.0016 0.0000 0.00 0.00 1.00 0
-1.5026 -4.9985 0.0000 0.00 0.00 1.00 0
-1.4939 -4.9959 0.0000 0.00 0.00 1.00 0
-1.4853 -4.9934 0.0000 0.00 0.00 1.00 0
-1.4785 -4.9923 0.0000 0.00 0.00 1.00 0
-1.4701 -4.9900 0.0000 0.00 0.00 1.00 0
-1.4633 -4.9881 0.0000 0.00 0.00 1.00 0
-1.4561 -4.9866 0.0000 0.00 0.00 1.00 0
-1.4479 -4.9844 0.0000 0.00 0.00 1.00 0
-1.4387 -4.9801 0.0000 0.00 0.00 1.00 0
-1.4305 -4.9776 0.0000 0.00 0.00 1.00 0
-1.4232 -4.9754 0.0000 0.00 0.00 1.00 0
-1.4142 -4.9740 0.0000 0.00 0.00 1.00 0
-1.4061 -4.9717 0.0000 0.00 0.00 1.00 0
-1.3979 -4.9694 0.0000 0.00 0.00 1.00 0
-1.3887 -4.9672 0.0000 0.00 0.00 1.00 0
-1.3795 -4.9671 0.0000 0.00 0.00 1.00 0
-1.3719 -4.9651 0.0000 0.00 0.00 1.00 0
-1.3604 -4.9618 0.0000 0.00 0.00 1.00 0
-1.3517 -4.9594 0.0000 0.00 0.00 1.00 0
-1.3402 -4.9577 0.0000 0.00 0.00 1.00 0
-1.3310 -4.9554 0.0000 0.00 0.00 1.00 0
-1.3219 -4.9532 0.0000 0.00 0.00 1.00 0
-1.3140 -4.9478 0.0000 0.00 0.00 1.00 0
-1.3051 -4.9450 0.0000 0.00 0.00 1.00 0
-1.2960 -4.9422 0.0000 0.00 0.00 1.00 0
-1.2896 -4.9428 0.0000 0.00 0.00 1.00 0
-1.2809 -4.9405 0.0000 0.00 0.00 1.00 0
-1.2799 -4.9433 0.0000 0.00 0.00 1.00 0
-1.2727 -4.9419 0.0000 0.00 0.00 1.00 0
-1.2655 -4.9406 0.0000 0.00 0.00 1.00 0
-1.2621 -4.9410 0.0000 0.00 0.00 1.00 0
-1.2547 -4.9398 0.0000 0.00 0.00 1.00 0
-1.2481 -4.9388 0.0000 0.00 0.00 1.00 0
-1.2364 -4.9371 0.0000 0.00 0.00 1.00 0
-1.2290 -4.9359 0.0000 0.00 0.00 1.00 0
-1.2214 -4.9348 0.0000 0.00 0.00 1.00 0
-1.2089 -4.9271 0.0000 0.00 0.00 1.00 0
-1.2006 -4.9249 0.0000 0.00 0.00 1.00 0
-1.1894 -4.9191 0.0000 0.00 0.00 1.00 0
-1.1807 -4.9163 0.0000 0.00 0.00 1.00 0
-1.1720 -4.9135 0.0000 0.00 0.00 1.00 0
-1.1619 -4.9052 0.0000 0.00 0.00 1.00 0
-1.1528 -4.9013 0.0000 0.00 0.00 1.00 0
-1.1438 -4.8976 0.0000 0.00 0.00 1.00 0
-1.1345 -4.8968 0.0000 0.00 0.00 1.00 0
-1.1254 -4.8935 0.0000 0.00 0.00 1.00 0
-1.1164 -4.8903 0.0000 0.00 0.00 1.00 0
-1.1091 -4.8855 0.0000 0.00 0.00 1.00 0
-1.0994 -4.8817 0.0000 0.00 0.00 1.00 0
-1.0922 -4.8788 0.0000 0.00 0.00 1.00 0
-1.0800 -4.8794 0.0000 0.00 0.00 1.00 0
-1.0708 -4.8766 0.0000 0.00 0.00 1.00 0
-1.0606 -4.8787 0.0000 0.00 0.00 1.00 0
-1.0511 -4.8767 0.0000 0.00 0.00 1.00 0
-1.0418 -4.8747 0.0000 0.00 0.00 1.00 0
-1.0327 -4.8722 0.0000 0.00 0.00 1.00 0
-1.0233 -4.8702 0.0000 0.00 0.00 1.00 0
-1.0139 -4.8681 0.0000 0.00 0.00 1.00 0
-1.0025 -4.8655 0.0000 0.00 0.00 1.00 0
-0.9928 -4.8634 0.0000 0.00 0.00 1.00 0
-0.9843 -4.8615 0.0000 0.00 0.00 1.00 0
-0.9718 -4.8543 0.0000 0.00 0.00 1.00 0
-0.9619 -4.8514 0.0000 0.00 0.00 1.00 0
-0.9566 -4.8422 0.0000 0.00 0.00 1.00 0
-0.9474 -4.8382 0.0000 0.00 0.00 1.00 0
-0.9382 -4.8343 0.0000 0.00 0.00 1.00 0
-0.9322 -4.8290 0.0000 0.00 0.00 1.00 0
-0.9240 -4.8251 0.0000 0.00 0.00 1.00 0
-0.9154 -4.8209 0.0000 0.00 0.00 1.00 0
-0.9092 -4.8195 0.0000 0.00 0.00 1.00 0
-0.9008 -4.8157 0.0000 0.00 0.00 1.00 0
-0.8925 -4.8152 0.0000 0.00 0.00 1.00 0
-0.8849 -4.8123 0.0000 0.00 0.00 1.00 0
-0.8767 -4.8092 0.0000 0.00 0.00 1.00 0
-0.8669 -4.8114 0.0000 0.00 0.00 1.00 0
-0.8585 -4.8092 0.0000 0.00 0.00 1.00 0
-0.8500 -4.8070 0.0000 0.00 0.00 1.00 0
-0.8396 -4.8049 0.0000 0.00 0.00 1.00 0
-0.8308 -4.8027 0.0000 0.00 0.00 1.00 0
-0.8222 -4.8005 0.0000 0.00 0.00 1.00 0
-0.8207 -4.7971 0.0000 0.00 0.00 1.00 0
-0.8131 -4.7948 0.0000 0.00 0.00 1.00 0
-0.8069 -4.7928 0.0000 0.00 0.00 1.00 0
-0.7983 -4.7869 0.0000 0.00 0.00 1.00 0
-0.7909 -4.7841 0.0000 0.00 0.00 1.00 0
-0.7806 -4.7791 0.0000 0.00 0.00 1.00 0
-0.7725 -4.7759 0.0000 0.00 0.00 1.00 0
-0.7645 -4.7727 0.0000 0.00 0.00 1.00 0
-0.7531 -4.7684 0.0000 0.00 0.00 1.00 0
-0.7445 -4.7651 0.0000 0.00 0.00 1.00 0
-0.7360 -4.7617 0.0000 0.00 0.00 1.00 0
-0.7254 -4.7600 0.0000 0.00 0.00 1.00 0
-0.7166 -4.7569 0.0000 0.00 0.00 1.00 0
-0.7095 -4.7545 0.0000 0.00 0.00 1.00 0
-0.7049 -4.7523 0.0000 0.00 0.00 1.00 0
-0.6970 -4.7495 0.0000 0.00 0.00 1.00 0
-0.6922 -4.7477 0.0000 0.00 0.00 1.00 0
-0.6871 -4.7493 0.0000 0.00 0.00 1.00 0
-0.6801 -4.7473 0.0000 0.00 0.00 1.00 0
-0.6758 -4.7475 0.0000 0.00 0.00 1.00 0
-0.6692 -4.7458 0.0000 0.00 0.00 1.00 0
-0.6626 -4.7442 0.0000 0.00 0.00 1.00 0
-0.6502 -4.7392 0.0000 0.00 0.00 1.00 0
-0.6427 -4.7370 0.0000 0.00 0.00 1.00 0
-0.6271 -4.7284 0.0000 0.00 0.00 1.00 0
-0.6182 -4.7251 0.0000 0.00 0.00 1.00 0
-0.6093 -4.7218 0.0000 0.00 0.00 1.00 0
-0.6036 -4.7195 0.0000 0.00 0.00 1.00 0
-0.5951 -4.7159 0.0000 0.00 0.00 1.00 0
-0.5867 -4.7127 0.0000 0.00 0.00 1.00 0
-0.5850 -4.7160 0.0000 0.00 0.00 1.00 0
-0.5776 -4.7139 0.0000 0.00 0.00 1.00 0
-0.5703 -4.7117 0.0000 0.00 0.00 1.00 0
-0.5620 -4.7128 0.0000 0.00 0.00 1.00 0
-0.5545 -4.7111 0.0000 0.00 0.00 1.00 0
-0.5430 -4.7053 0.0000 0.00 0.00 1.00 0
-0.5348 -4.7028 0.0000 0.00 0.00 1.00 0
-0.5266 -4.7004 0.0000 0.00 0.00 1.00 0
-0.5135 -4.6926 0.0000 0.00 0.00 1.00 0
-0.5043 -4.6892 0.0000 0.00 0.00 1.00 0
-0.4951 -4.6858 0.0000 0.00 0.00 1.00 0
-0.4859 -4.6785 0.0000 0.00 0.00 1.00 0
-0.4758 -4.6741 0.0000 0.00 0.00 1.00 0
-0.4674 -4.6704 0.0000 0.00 0.00 1.00 0
-0.4684 -4.6678 0.0000 0.00 0.00 1.00 0
-0.4608 -4.6639 0.0000 0.00 0.00 1.00 0
-0.4540 -4.6605 0.0000 0.00 0.00 1.00 0
-0.4557 -4.6668 0.0000 0.00 0.00 1.00 0
-0.4498 -4.6646 0.0000 0.00 0.00 1.00 0
-0.4432 -4.6618 0.0000 0.00 0.00 1.00 0
-0.4370 -4.6595 0.0000 0.00 0.00 1.00 0
-0.4310 -4.6572 0.0000 0.00 0.00 1.00 0
-0.4218 -4.6522 0.0000 0.00 0.00 1.00 0
-0.4151 -4.6495 0.0000 0.00 0.00 1.00 0
-0.4091 -4.6470 0.0000 0.00 0.00 1.00 0
-0.3990 -4.6353 0.0000 0.00 0.00 1.00 0
-0.3921 -4.6312 0.0000 0.00 0.00 1.00 0
-0.3857 -4.6297 0.0000 0.00 0.00 1.00 0
-0.3788 -4.6260 0.0000 0.00 0.00 1.00 0
-0.3726 -4.6228 0.0000 0.00 0.00 1.00 0
-0.3636 -4.6227 0.0000 0.00 0.00 1.00 0
-0.3564 -4.6197 0.0000 0.00 0.00 1.00 0
-0.3492 -4.6167 0.0000 0.00 0.00 1.00 0
-0.3406 -4.6116 0.0000 0.00 0.00 1.00 0
-0.3331 -4.6082 0.0000 0.00 0.00 1.00 0
-0.3256 -4.6048 0.0000 0.00 0.00 1.00 0
-0.3139 -4.5952 0.0000 0.00 0.00 1.00 0
-0.3058 -4.5909 0.0000 0.00 0.00 1.00 0
-0.2993 -4.5874 0.0000 0.00 0.00 1.00 0
-0.2844 -4.5762 0.0000 0.00 0.00 1.00 0
-0.2755 -4.5710 0.0000 0.00 0.00 1.00 0
-0.2728 -4.5675 0.0000 0.00 0.00 1.00 0
-0.2648 -4.5625 0.0000 0.00 0.00 1.00 0
-0.2570 -4.5576 0.0000 0.00 0.00 1.00 0
-0.2538 -4.5631 0.0000 0.00 0.00 1.00 0
-0.2468 -4.5599 0.0000 0.00 0.00 1.00 0
-0.2398 -4.5567 0.0000 0.00 0.00 1.00 0
-0.2357 -4.5592 0.0000 0.00 0.00 1.00 0
-0.2267 -4.5560 0.0000 0.00 0.00 1.00 0
-0.2213 -4.5541 0.0000 0.00 0.00 1.00 0
-0.2124 -4.5436 0.0000 0.00 0.00 1.00 0
-0.2055 -4.5400 0.0000 0.00 0.00 1.00 0
-0.2010 -4.5331 0.0000 0.00 0.00 1.00 0
-0.1945 -4.5289 0.0000 0.00 0.00 1.00 0
-0.1879 -4.5247 0.0000 0.00 0.00 1.00 0
-0.1768 -4.5181 0.0000 0.00 0.00 1.00 0
-0.1694 -4.5136 0.0000 0.00 0.00 1.00 0
-0.1621 -4.5092 0.0000 0.00 0.00 1.00 0
-0.1569 -4.5106 0.0000 0.00 0.00 1.00 0
-0.1500 -4.5070 0.0000 0.00 0.00 1.00 0
-0.1429 -4.5056 0.0000 0.00 0.00 1.00 0
-0.1364 -4.5027 0.0000 0.00 0.00 1.00 0
-0.1294 -4.4995 0.0000 0.00 0.00 1.00 0
-0.1221 -4.4897 0.0000 0.00 0.00 1.00 0
-0.1157 -4.4858 0.0000 0.00 0.00 1.00 0
-0.1081 -4.4812 0.0000 0.00 0.00 1.00 0
-0.0989 -4.4681 0.0000 0.00 0.00 1.00 0
-0.0916 -4.4624 0.0000 0.00 0.00 1.00 0
-0.0843 -4.4567 0.0000 0.00 0.00 1.00 0
-0.0780 -4.4477 0.0000 0.00 0.00 1.00 0
-0.0708 -4.4415 0.0000 0.00 0.00 1.00 0
-0.0640 -4.4356 0.0000 0.00 0.00 1.00 0
-0.0590 -4.4374 0.0000 0.00 0.00 1.00 0
-0.0522 -4.4325 0.0000 0.00 0.00 1.00 0
-0.0497 -4.4294 0.0000 0.00 0.00 1.00 0
-0.0437 -4.4248 0.0000 0.00 0.00 1.00 0
-0.0376 -4.4201 0.0000 0.00 0.00 1.00 0
-0.0319 -4.4157 0.0000 0.00 0.00 1.00 0
-0.0259 -4.4112 0.0000 0.00 0.00 1.00 0
-0.0199 -4.4065 0.0000 0.00 0.00 1.00 0
-0.0093 -4.3969 0.0000 0.00 0.00 1.00 0
-0.0027 -4.3916 0.0000 0.00 0.00 1.00 0
0.0007 -4.3873 0.0000 0.00 0.00 1.00 0
0.0056 -4.3832 0.0000 0.00 0.00 1.00 0
0.0128 -4.3771 0.0000 0.00 0.00 1.00 0
0.0200 -4.3783 0.0000 0.00 0.00 1.00 0
0.0264 -4.3742 0.0000 0.00 0.00 1.00 0
0.0327 -4.3701 0.0000 0.00 0.00 1.00 0
0.0330 -4.3703 0.0000 0.00 0.00 1.00 0
0.0388 -4.3666 0.0000 0.00 0.00 1.00 0
0.0441 -4.3632 0.0000 0.00 0.00 1.00 0
0.0488 -4.3566 0.0000 0.00 0.00 1.00 0
0.0539 -4.3528 0.0000 0.00 0.00 1.00 0
0.0581 -4.3497 0.0000 0.00 0.00 1.00 0
0.0682 -4.3327 0.0000 0.00 0.00 1.00 0
0.0741 -4.3269 0.0000 0.00 0.00 1.00 0
0.0854 -4.3142 0.0000 0.00 0.00 1.00 0
0.0922 -4.3071 0.0000 0.00 0.00 1.00 0
0.0990 -4.3002 0.0000 0.00 0.00 1.00 0
0.1037 -4.3007 0.0000 0.00 0.00 1.00 0
0.1101 -4.2950 0.0000 0.00 0.00 1.00 0
0.1166 -4.2892 0.0000 0.00 0.00 1.00 0
0.1173 -4.2883 0.0000 0.00 0.00 1.00 0
0.1227 -4.2834 0.0000 0.00 0.00 1.00 0
0.1272 -4.2794 0.0000 0.00 0.00 1.00 0
0.1325 -4.2780 0.0000 0.00 0.00 1.00 0
0.1377 -4.2737 0.0000 0.00 0.00 1.00 0
0.1429 -4.2685 0.0000 0.00 0.00 1.00 0
0.1481 -4.2641 0.0000 0.00 0.00 1.00 0
0.1535 -4.2596 0.0000 0.00 0.00 1.00 0
0.1648 -4.2448 0.0000 0.00 0.00 1.00 0
0.1713 -4.2385 0.0000 0.00 0.00 1.00 0
0.1775 -4.2324 0.0000 0.00 0.00 1.00 0
0.1855 -4.2220 0.0000 0.00 0.00 1.00 0
0.1920 -4.2152 0.0000 0.00 0.00 1.00 0
0.1985 -4.2058 0.0000 0.00 0.00 1.00 0
0.2048 -4.1982 0.0000 0.00 0.00 1.00 0
0.2114 -4.1909 0.0000 0.00 0.00 1.00 0
0.2178 -4.1830 0.0000 0.00 0.00 1.00 0
0.2244 -4.1756 0.0000 0.00 0.00 1.00 0
0.2309 -4.1682 0.0000 0.00 0.00 1.00 0
0.2358 -4.1629 0.0000 0.00 0.00 1.00 0
0.2419 -4.1559 0.0000 0.00 0.00 1.00 0
0.2481 -4.1489 0.0000 0.00 0.00 1.00 0
0.2500 -4.1447 0.0000 0.00 0.00 1.00 0
0.2556 -4.1381 0.0000 0.00 0.00 1.00 0
0.2594 -4.1335 0.0000 0.00 0.00 1.00 0
0.2635 -4.1288 0.0000 0.00 0.00 1.00 0
0.2682 -4.1233 0.0000 0.00 0.00 1.00 0
0.2748 -4.1168 0.0000 0.00 0.00 1.00 0
0.2796 -4.1113 0.0000 0.00 0.00 1.00 0
0.2853 -4.1047 0.0000 0.00 0.00 1.00 0
0.2912 -4.1013 0.0000 0.00 0.00 1.00 0
0.2961 -4.0963 0.0000 0.00 0.00 1.00 0
0.3020 -4.0901 0.0000 0.00 0.00 1.00 0
0.3069 -4.0927 0.0000 0.00 0.00 1.00 0
0.3122 -4.0884 0.0000 0.00 0.00 1.00 0
0.3159 -4.0851 0.0000 0.00 0.00 1.00 0
0.3210 -4.0809 0.0000 0.00 0.00 1.00 0
0.3260 -4.0767 0.0000 0.00 0.00 1.00 0
0.3287 -4.0689 0.0000 0.00 0.00 1.00 0
0.3334 -4.0641 0.0000 0.00 0.00 1.00 0
0.3380 -4.0593 0.0000 0.00 0.00 1.00 0
0.3465 -4.0456 0.0000 0.00 0.00 1.00 0
0.3518 -4.0393 0.0000 0.00 0.00 1.00 0
0.3571 -4.0331 0.0000 0.00 0.00 1.00 0
0.3651 -4.0204 0.0000 0.00 0.00 1.00 0
0.3708 -4.0131 0.0000 0.00 0.00 1.00 0
0.3779 -4.0042 0.0000 0.00 0.00 1.00 0
0.3838 -3.9967 0.0000 0.00 0.00 1.00 0
0.3898 -3.9891 0.0000 0.00 0.00 1.00 0
0.3938 -3.9862 0.0000 0.00 0.00 1.00 0
0.3994 -3.9795 0.0000 0.00 0.00 1.00 0
0.4051 -3.9727 0.0000 0.00 0.00 1.00 0
0.4082 -3.9790 0.0000 0.00 0.00 1.00 0
0.4134 -3.9744 0.0000 0.00 0.00 1.00 0
0.4185 -3.9698 0.0000 0.00 0.00 1.00 0
0.4261 -3.9672 0.0000 0.00 0.00 1.00 0
0.4316 -3.9629 0.0000 0.00 0.00 1.00 0
0.4373 -3.9474 0.0000 0.00 0.00 1.00 0
0.4424 -3.9417 0.0000 0.00 0.00 1.00 0
0.4485 -3.9349 0.0000 0.00 0.00 1.00 0
0.4527 -3.9253 0.0000 0.00 0.00 1.00 0
0.4581 -3.9184 0.0000 0.00 0.00 1.00 0
0.4641 -3.9108 0.0000 0.00 0.00 1.00 0
0.4680 -3.8993 0.0000 0.00 0.00 1.00 0
0.4732 -3.8916 0.0000 0.00 0.00 1.00 0
0.4785 -3.8838 0.0000 0.00 0.00 1.00 0
0.4830 -3.8831 0.0000 0.00 0.00 1.00 0
0.4881 -3.8765 0.0000 0.00 0.00 1.00 0
0.4875 -3.8800 0.0000 0.00 0.00 1.00 0
0.4921 -3.8746 0.0000 0.00 0.00 1.00 0
0.4962 -3.8697 0.0000 0.00 0.00 1.00 0
0.4993 -3.8642 0.0000 0.00 0.00 1.00 0
0.5037 -3.8586 0.0000 0.00 0.00 1.00 0
0.5073 -3.8540 0.0000 0.00 0.00 1.00 0
0.5153 -3.8448 0.0000 0.00 0.00 1.00 0
0.5201 -3.8390 0.0000 0.00 0.00 1.00 0
0.5247 -3.8333 0.0000 0.00 0.00 1.00 0
0.5317 -3.8249 0.0000 0.00 0.00 1.00 0
0.5367 -3.8187 0.0000 0.00 0.00 1.00 0
0.5407 -3.8138 0.0000 0.00 0.00 1.00 0
0.5445 -3.8040 0.0000 0.00 0.00 1.00 0
0.5492 -3.7975 0.0000 0.00 0.00 1.00 0
0.5529 -3.7893 0.0000 0.00 0.00 1.00 0
0.5574 -3.7825 0.0000 0.00 0.00 1.00 0
0.5619 -3.7757 0.0000 0.00 0.00 1.00 0
0.5631 -3.7737 0.0000 0.00 0.00 1.00 0
0.5669 -3.7679 0.0000 0.00 0.00 1.00 0
0.5706 -3.7624 0.0000 0.00 0.00 1.00 0
0.5750 -3.7567 0.0000 0.00 0.00 1.00 0
0.5789 -3.7510 0.0000 0.00 0.00 1.00 0
0.5814 -3.7426 0.0000 0.00 0.00 1.00 0
0.5852 -3.7363 0.0000 0.00 0.00 1.00 0
0.5889 -3.7300 0.0000 0.00 0.00 1.00 0
0.5954 -3.7161 0.0000 0.00 0.00 1.00 0
0.5996 -3.7086 0.0000 0.00 0.00 1.00 0
0.6037 -3.7011 0.0000 0.00 0.00 1.00 0
0.6099 -3.6888 0.0000 0.00 0.00 1.00 0
0.6144 -3.6804 0.0000 0.00 0.00 1.00 0
0.6189 -3.6720 0.0000 0.00 0.00 1.00 0
0.6236 -3.6756 0.0000 0.00 0.00 1.00 0
0.6282 -3.6692 0.0000 0.00 0.00 1.00 0
0.6360 -3.6643 0.0000 0.00 0.00 1.00 0
0.6412 -3.6581 0.0000 0.00 0.00 1.00 0
0.6461 -3.6521 0.0000 0.00 0.00 1.00 0
0.6464 -3.6490 0.0000 0.00 0.00 1.00 0
0.6506 -3.6434 0.0000 0.00 0.00 1.00 0
0.6544 -3.6383 0.0000 0.00 0.00 1.00 0
0.6583 -3.6242 0.0000 0.00 0.00 1.00 0
0.6624 -3.6174 0.0000 0.00 0.00 1.00 0
0.6666 -3.6104 0.0000 0.00 0.00 1.00 0
0.6712 -3.5964 0.0000 0.00 0.00 1.00 0
0.6754 -3.5885 0.0000 0.00 0.00 1.00 0
0.6799 -3.5750 0.0000 0.00 0.00 1.00 0
0.6842 -3.5661 0.0000 0.00 0.00 1.00 0
0.6885 -3.5571 0.0000 0.00 0.00 1.00 0
0.6930 -3.5484 0.0000 0.00 0.00 1.00 0
0.6974 -3.5394 0.0000 0.00 0.00 1.00 0
0.7018 -3.5304 0.0000 0.00 0.00 1.00 0
0.7037 -3.5216 0.0000 0.00 0.00 1.00 0
0.7079 -3.5120 0.0000 0.00 0.00 1.00 0
0.7114 -3.5040 0.0000 0.00 0.00 1.00 0
0.7114 -3.4984 0.0000 0.00 0.00 1.00 0
0.7151 -3.4891 0.0000 0.00 0.00 1.00 0
0.7243 -3.4915 0.0000 0.00 0.00 1.00 0
0.7283 -3.4855 0.0000 0.00 0.00 1.00 0
0.7328 -3.4788 0.0000 0.00 0.00 1.00 0
0.7374 -3.4764 0.0000 0.00 0.00 1.00 0
0.7418 -3.4705 0.0000 0.00 0.00 1.00 0
0.7462 -3.4646 0.0000 0.00 0.00 1.00 0
0.7495 -3.4578 0.0000 0.00 0.00 1.00 0
0.7542 -3.4512 0.0000 0.00 0.00 1.00 0
0.7581 -3.4456 0.0000 0.00 0.00 1.00 0
0.7582 -3.4337 0.0000 0.00 0.00 1.00 0
0.7614 -3.4274 0.0000 0.00 0.00 1.00 0
0.7644 -3.4111 0.0000 0.00 0.00 1.00 0
0.7679 -3.4025 0.0000 0.00 0.00 1.00 0
0.7714 -3.3939 0.0000 0.00 0.00 1.00 0
0.7751 -3.3827 0.0000 0.00 0.00 1.00 0
0.7786 -3.3736 0.0000 0.00 0.00 1.00 0
0.7821 -3.3647 0.0000 0.00 0.00 1.00 0
0.7832 -3.3670 0.0000 0.00 0.00 1.00 0
0.7864 -3.3598 0.0000 0.00 0.00 1.00 0
0.7895 -3.3526 0.0000 0.00 0.00 1.00 0
0.7950 -3.3522 0.0000 0.00 0.00 1.00 0
0.7985 -3.3461 0.0000 0.00 0.00 1.00 0
0.8007 -3.3422 0.0000 0.00 0.00 1.00 0
0.8040 -3.3364 0.0000 0.00 0.00 1.00 0
0.8072 -3.3306 0.0000 0.00 0.00 1.00 0
0.8086 -3.3170 0.0000 0.00 0.00 1.00 0
0.8115 -3.3099 0.0000 0.00 0.00 1.00 0
0.8144 -3.3028 0.0000 0.00 0.00 1.00 0
0.8179 -3.2874 0.0000 0.00 0.00 1.00 0
0.8209 -3.2792 0.0000 0.00 0.00 1.00 0
0.8214 -3.2702 0.0000 0.00 0.00 1.00 0
0.8241 -3.2614 0.0000 0.00 0.00 1.00 0
0.8265 -3.2534 0.0000 0.00 0.00 1.00 0
0.8348 -3.2515 0.0000 0.00 0.00 1.00 0
0.8382 -3.2444 0.0000 0.00 0.00 1.00 0
0.8418 -3.2371 0.0000 0.00 0.00 1.00 0
0.8414 -3.2334 0.0000 0.00 0.00 1.00 0
0.8442 -3.2268 0.0000 0.00 0.00 1.00 0
0.8471 -3.2201 0.0000 0.00 0.00 1.00 0
0.8486 -3.2180 0.0000 0.00 0.00 1.00 0
0.8512 -3.2121 0.0000 0.00 0.00 1.00 0
0.8519 -3.2028 0.0000 0.00 0.00 1.00 0
0.8541 -3.1966 0.0000 0.00 0.00 1.00 0
0.8564 -3.1901 0.0000 0.00 0.00 1.00 0
0.8617 -3.1745 0.0000 0.00 0.00 1.00 0
0.8646 -3.1664 0.0000 0.00 0.00 1.00 0
0.8674 -3.1583 0.0000 0.00 0.00 1.00 0
0.8705 -3.1517 0.0000 0.00 0.00 1.00 0
0.8734 -3.1440 0.0000 0.00 0.00 1.00 0
0.8762 -3.1362 0.0000 0.00 0.00 1.00 0
0.8812 -3.1315 0.0000 0.00 0.00 1.00 0
0.8844 -3.1242 0.0000 0.00 0.00 1.00 0
0.8873 -3.1176 0.0000 0.00 0.00 1.00 0
0.8866 -3.1104 0.0000 0.00 0.00 1.00 0
0.8892 -3.1031 0.0000 0.00 0.00 1.00 0
0.8916 -3.0964 0.0000 0.00 0.00 1.00 0
0.8962 -3.0845 0.0000 0.00 0.00 1.00 0
0.8990 -3.0767 0.0000 0.00 0.00 1.00 0
0.9032 -3.0687 0.0000 0.00 0.00 1.00 0
0.9062 -3.0608 0.0000 0.00 0.00 1.00 0
0.9093 -3.0529 0.0000 0.00 0.00 1.00 0
0.9099 -3.0417 0.0000 0.00 0.00 1.00 0
0.9125 -3.0333 0.0000 0.00 0.00 1.00 0
0.9152 -3.0249 0.0000 0.00 0.00 1.00 0
0.9164 -3.0243 0.0000 0.00 0.00 1.00 0
0.9188 -3.0171 0.0000 0.00 0.00 1.00 0
0.9179 -3.0136 0.0000 0.00 0.00 1.00 0
0.9198 -3.0071 0.0000 0.00 0.00 1.00 0
0.9216 -3.0006 0.0000 0.00 0.00 1.00 0
0.9215 -2.9938 0.0000 0.00 0.00 1.00 0
0.9230 -2.9872 0.0000 0.00 0.00 1.00 0
0.9245 -2.9806 0.0000 0.00 0.00 1.00 0
0.9234 -2.9628 0.0000 0.00 0.00 1.00 0
0.9245 -2.9544 0.0000 0.00 0.00 1.00 0
0.9256 -2.9464 0.0000 0.00 0.00 1.00 0
0.9298 -2.9317 0.0000 0.00 0.00 1.00 0
0.9315 -2.9222 0.0000 0.00 0.00 1.00 0
0.9373 -2.9078 0.0000 0.00 0.00 1.00 0
0.9394 -2.8986 0.0000 0.00 0.00 1.00 0
0.9417 -2.8884 0.0000 0.00 0.00 1.00 0
0.9459 -2.8824 0.0000 0.00 0.00 1.00 0
0.9485 -2.8730 0.0000 0.00 0.00 1.00 0
0.9511 -2.8636 0.0000 0.00 0.00 1.00 0
0.9510 -2.8590 0.0000 0.00 0.00 1.00 0
0.9532 -2.8502 0.0000 0.00 0.00 1.00 0
0.9552 -2.8426 0.0000 0.00 0.00 1.00 0
0.9590 -2.8409 0.0000 0.00 0.00 1.00 0
0.9614 -2.8335 0.0000 0.00 0.00 1.00 0
0.9644 -2.8338 0.0000 0.00 0.00 1.00 0
0.9668 -2.8278 0.0000 0.00 0.00 1.00 0
0.9693 -2.8218 0.0000 0.00 0.00 1.00 0
0.9670 -2.8122 0.0000 0.00 0.00 1.00 0
0.9687 -2.8056 0.0000 0.00 0.00 1.00 0
0.9704 -2.7989 0.0000 0.00 0.00 1.00 0
0.9699 -2.7797 0.0000 0.00 0.00 1.00 0
0.9712 -2.7711 0.0000 0.00 0.00 1.00 0
0.9724 -2.7633 0.0000 0.00 0.00 1.00 0
0.9699 -2.7410 0.0000 0.00 0.00 1.00 0
0.9708 -2.7304 0.0000 0.00 0.00 1.00 0
0.9714 -2.7231 0.0000 0.00 0.00 1.00 0
0.9693 -2.7090 0.0000 0.00 0.00 1.00 0
0.9695 -2.7016 0.0000 0.00 0.00 1.00 0
0.9732 -2.6956 0.0000 0.00 0.00 1.00 0
0.9741 -2.6862 0.0000 0.00 0.00 1.00 0
0.9750 -2.6769 0.0000 0.00 0.00 1.00 0
0.9785 -2.6831 0.0000 0.00 0.00 1.00 0
0.9797 -2.6769 0.0000 0.00 0.00 1.00 0
0.9811 -2.6695 0.0000 0.00 0.00 1.00 0
0.9826 -2.6746 0.0000 0.00 0.00 1.00 0
0.9840 -2.6691 0.0000 0.00 0.00 1.00 0
0.9857 -2.6607 0.0000 0.00 0.00 1.00 0
0.9869 -2.6556 0.0000 0.00 0.00 1.00 0
0.9884 -2.6495 0.0000 0.00 0.00 1.00 0
0.9890 -2.6330 0.0000 0.00 0.00 1.00 0
0.9902 -2.6254 0.0000 0.00 0.00 1.00 0
0.9915 -2.6180 0.0000 0.00 0.00 1.00 0
0.9893 -2.6039 0.0000 0.00 0.00 1.00 0
0.9900 -2.5953 0.0000 0.00 0.00 1.00 0
0.9906 -2.5876 0.0000 0.00 0.00 1.00 0
0.9919 -2.5808 0.0000 0.00 0.00 1.00 0
0.9927 -2.5727 0.0000 0.00 0.00 1.00 0
0.9984 -2.5651 0.0000 0.00 0.00 1.00 0
1.0000 -2.5571 0.0000 0.00 0.00 1.00 0
1.0016 -2.5490 0.0000 0.00 0.00 1.00 0
1.0021 -2.5446 0.0000 0.00 0.00 1.00 0
1.0036 -2.5371 0.0000 0.00 0.00 1.00 0
1.0051 -2.5296 0.0000 0.00 0.00 1.00 0
1.0024 -2.5212 0.0000 0.00 0.00 1.00 0
1.0033 -2.5134 0.0000 0.00 0.00 1.00 0
1.0040 -2.5065 0.0000 0.00 0.00 1.00 0
1.0009 -2.4909 0.0000 0.00 0.00 1.00 0
1.0011 -2.4831 0.0000 0.00 0.00 1.00 0
0.9991 -2.4782 0.0000 0.00 0.00 1.00 0
0.9989 -2.4700 0.0000 0.00 0.00 1.00 0
0.9987 -2.4620 0.0000 0.00 0.00 1.00 0
1.0038 -2.4611 0.0000 0.00 0.00 1.00 0
1.0044 -2.4543 0.0000 0.00 0.00 1.00 0
1.0051 -2.4482 0.0000 0.00 0.00 1.00 0
1.0086 -2.4405 0.0000 0.00 0.00 1.00 0
1.0096 -2.4343 0.0000 0.00 0.00 1.00 0
1.0107 -2.4278 0.0000 0.00 0.00 1.00 0
1.0101 -2.4206 0.0000 0.00 0.00 1.00 0
1.0109 -2.4138 0.0000 0.00 0.00 1.00 0
1.0115 -2.4091 0.0000 0.00 0.00 1.00 0
1.0054 -2.3988 0.0000 0.00 0.00 1.00 0
1.0052 -2.3917 0.0000 0.00 0.00 1.00 0
1.0077 -2.3843 0.0000 0.00 0.00 1.00 0
1.0080 -2.3764 0.0000 0.00 0.00 1.00 0
1.0082 -2.3692 0.0000 0.00 0.00 1.00 0
1.0068 -2.3635 0.0000 0.00 0.00 1.00 0
1.0068 -2.3566 0.0000 0.00 0.00 1.00 0
1.0068 -2.3498 0.0000 0.00 0.00 1.00 0
1.0107 -2.3388 0.0000 0.00 0.00 1.00 0
1.0113 -2.3314 0.0000 0.00 0.00 1.00 0
1.0117 -2.3261 0.0000 0.00 0.00 1.00 0
1.0080 -2.3085 0.0000 0.00 0.00 1.00 0
1.0079 -2.2997 0.0000 0.00 0.00 1.00 0
1.0041 -2.2926 0.0000 0.00 0.00 1.00 0
1.0034 -2.2840 0.0000 0.00 0.00 1.00 0
1.0027 -2.2756 0.0000 0.00 0.00 1.00 0
1.0015 -2.2701 0.0000 0.00 0.00 1.00 0
1.0007 -2.2621 0.0000 0.00 0.00 1.00 0
1.0000 -2.2550 0.0000 0.00 0.00 1.00 0
1.0016 -2.2497 0.0000 0.00 0.00 1.00 0
1.0011 -2.2423 0.0000 0.00 0.00 1.00 0
1.0001 -2.2426 0.0000 0.00 0.00 1.00 0
0.9996 -2.2366 0.0000 0.00 0.00 1.00 0
0.9991 -2.2304 0.0000 0.00 0.00 1.00 0
0.9997 -2.2237 0.0000 0.00 0.00 1.00 0
0.9994 -2.2174 0.0000 0.00 0.00 1.00 0
0.9991 -2.2112 0.0000 0.00 0.00 1.00 0
0.9976 -2.2017 0.0000 0.00 0.00 1.00 0
0.9970 -2.1950 0.0000 0.00 0.00 1.00 0
0.9966 -2.1889 0.0000 0.00 0.00 1.00 0
0.9930 -2.1785 0.0000 0.00 0.00 1.00 0
0.9921 -2.1720 0.0000 0.00 0.00 1.00 0
0.9914 -2.1670 0.0000 0.00 0.00 1.00 0
0.9911 -2.1595 0.0000 0.00 0.00 1.00 0
0.9903 -2.1527 0.0000 0.00 0.00 1.00 0
0.9907 -2.1451 0.0000 0.00 0.00 1.00 0
0.9900 -2.1382 0.0000 0.00 0.00 1.00 0
0.9894 -2.1312 0.0000 0.00 0.00 1.00 0
0.9866 -2.1218 0.0000 0.00 0.00 1.00 0
0.9857 -2.1145 0.0000 0.00 0.00 1.00 0
0.9848 -2.1079 0.0000 0.00 0.00 1.00 0
0.9828 -2.0984 0.0000 0.00 0.00 1.00 0
0.9817 -2.0908 0.0000 0.00 0.00 1.00 0
0.9810 -2.0863 0.0000 0.00 0.00 1.00 0
0.9775 -2.0721 0.0000 0.00 0.00 1.00 0
0.9761 -2.0640 0.0000 0.00 0.00 1.00 0
0.9711 -2.0569 0.0000 0.00 0.00 1.00 0
0.9690 -2.0490 0.0000 0.00 0.00 1.00 0
0.9671 -2.0412 0.0000 0.00 0.00 1.00 0
0.9672 -2.0355 0.0000 0.00 0.00 1.00 0
0.9656 -2.0281 0.0000 0.00 0.00 1.00 0
0.9639 -2.0205 0.0000 0.00 0.00 1.00 0
0.9639 -2.0140 0.0000 0.00 0.00 1.00 0
0.9625 -2.0070 0.0000 0.00 0.00 1.00 0
0.9600 -2.0055 0.0000 0.00 0.00 1.00 0
0.9584 -1.9991 0.0000 0.00 0.00 1.00 0
0.9568 -1.9928 0.0000 0.00 0.00 1.00 0
0.9592 -1.9845 0.0000 0.00 0.00 1.00 0
0.9584 -1.9787 0.0000 0.00 0.00 1.00 0
0.9574 -1.9711 0.0000 0.00 0.00 1.00 0
0.9561 -1.9573 0.0000 0.00 0.00 1.00 0
0.9551 -1.9495 0.0000 0.00 0.00 1.00 0
0.9542 -1.9426 0.0000 0.00 0.00 1.00 0
0.9528 -1.9290 0.0000 0.00 0.00 1.00 0
0.9517 -1.9194 0.0000 0.00 0.00 1.00 0
0.9460 -1.9053 0.0000 0.00 0.00 1.00 0
0.9442 -1.8958 0.0000 0.00 0.00 1.00 0
0.9424 -1.8863 0.0000 0.00 0.00 1.00 0
0.9415 -1.8821 0.0000 0.00 0.00 1.00 0
0.9398 -1.8736 0.0000 0.00 0.00 1.00 0
0.9382 -1.8651 0.0000 0.00 0.00 1.00 0
0.9404 -1.8611 0.0000 0.00 0.00 1.00 0
0.9394 -1.8532 0.0000 0.00 0.00 1.00 0
0.9385 -1.8462 0.0000 0.00 0.00 1.00 0
0.9343 -1.8462 0.0000 0.00 0.00 1.00 0
0.9327 -1.8396 0.0000 0.00 0.00 1.00 0
0.9343 -1.8308 0.0000 0.00 0.00 1.00 0
0.9333 -1.8239 0.0000 0.00 0.00 1.00 0
0.9323 -1.8170 0.0000 0.00 0.00 1.00 0
0.9291 -1.8052 0.0000 0.00 0.00 1.00 0
0.9278 -1.7973 0.0000 0.00 0.00 1.00 0
0.9264 -1.7896 0.0000 0.00 0.00 1.00 0
0.9176 -1.7823 0.0000 0.00 0.00 1.00 0
0.9150 -1.7745 0.0000 0.00 0.00 1.00 0
0.9125 -1.7668 0.0000 0.00 0.00 1.00 0
0.9130 -1.7621 0.0000 0.00 0.00 1.00 0
0.9109 -1.7549 0.0000 0.00 0.00 1.00 0
0.9092 -1.7456 0.0000 0.00 0.00 1.00 0
0.9072 -1.7379 0.0000 0.00 0.00 1.00 0
0.9052 -1.7303 0.0000 0.00 0.00 1.00 0
0.9017 -1.7248 0.0000 0.00 0.00 1.00 0
0.8995 -1.7177 0.0000 0.00 0.00 1.00 0
0.8972 -1.7105 0.0000 0.00 0.00 1.00 0
0.8973 -1.7045 0.0000 0.00 0.00 1.00 0
0.8954 -1.6976 0.0000 0.00 0.00 1.00 0
0.8939 -1.6919 0.0000 0.00 0.00 1.00 0
0.8905 -1.6826 0.0000 0.00 0.00 1.00 0
0.8884 -1.6755 0.0000 0.00 0.00 1.00 0
0.8875 -1.6674 0.0000 0.00 0.00 1.00 0
0.8856 -1.6601 0.0000 0.00 0.00 1.00 0
0.8838 -1.6528 0.0000 0.00 0.00 1.00 0
0.8871 -1.6466 0.0000 0.00 0.00 1.00 0
0.8861 -1.6394 0.0000 0.00 0.00 1.00 0
0.8850 -1.6322 0.0000 0.00 0.00 1.00 0
0.8791 -1.6259 0.0000 0.00 0.00 1.00 0
0.8772 -1.6184 0.0000 0.00 0.00 1.00 0
0.8757 -1.6128 0.0000 0.00 0.00 1.00 0
0.8732 -1.5991 0.0000 0.00 0.00 1.00 0
0.8713 -1.5911 0.0000 0.00 0.00 1.00 0
0.8674 -1.5885 0.0000 0.00 0.00 1.00 0
0.8652 -1.5813 0.0000 0.00 0.00 1.00 0
0.8629 -1.5743 0.0000 0.00 0.00 1.00 0
0.8575 -1.5758 0.0000 0.00 0.00 1.00 0
0.8550 -1.5707 0.0000 0.00 0.00 1.00 0
0.8523 -1.5651 0.0000 0.00 0.00 1.00 0
0.8544 -1.5616 0.0000 0.00 0.00 1.00 0
0.8524 -1.5564 0.0000 0.00 0.00 1.00 0
0.8516 -1.5516 0.0000 0.00 0.00 1.00 0
0.8500 -1.5469 0.0000 0.00 0.00 1.00 0
0.8481 -1.5413 0.0000 0.00 0.00 1.00 0
0.8432 -1.5302 0.0000 0.00 0.00 1.00 0
0.8409 -1.5240 0.0000 0.00 0.00 1.00 0
0.8386 -1.5178 0.0000 0.00 0.00 1.00 0
0.8358 -1.5107 0.0000 0.00 0.00 1.00 0
0.8334 -1.5044 0.0000 0.00 0.00 1.00 0
0.8310 -1.4982 0.0000 0.00 0.00 1.00 0
0.8319 -1.4931 0.0000 0.00 0.00 1.00 0
0.8300 -1.4870 0.0000 0.00 0.00 1.00 0
0.8282 -1.4779 0.0000 0.00 0.00 1.00 0
0.8263 -1.4713 0.0000 0.00 0.00 1.00 0
0.8244 -1.4647 0.0000 0.00 0.00 1.00 0
0.8186 -1.4595 0.0000 0.00 0.00 1.00 0
0.8158 -1.4523 0.0000 0.00 0.00 1.00 0
0.8132 -1.4457 0.0000 0.00 0.00 1.00 0
0.8076 -1.4354 0.0000 0.00 0.00 1.00 0
0.8048 -1.4289 0.0000 0.00 0.00 1.00 0
0.8017 -1.4218 0.0000 0.00 0.00 1.00 0
0.7920 -1.4136 0.0000 0.00 0.00 1.00 0
0.7880 -1.4065 0.0000 0.00 0.00 1.00 0
0.7846 -1.4006 0.0000 0.00 0.00 1.00 0
0.7868 -1.4015 0.0000 0.00 0.00 1.00 0
0.7838 -1.3957 0.0000 0.00 0.00 1.00 0
0.7853 -1.3894 0.0000 0.00 0.00 1.00 0
0.7831 -1.3836 0.0000 0.00 0.00 1.00 0
0.7808 -1.3776 0.0000 0.00 0.00 1.00 0
0.7777 -1.3718 0.0000 0.00 0.00 1.00 0
0.7753 -1.3659 0.0000 0.00 0.00 1.00 0
0.7729 -1.3601 0.0000 0.00 0.00 1.00 0
0.7662 -1.3510 0.0000 0.00 0.00 1.00 0
0.7631 -1.3446 0.0000 0.00 0.00 1.00 0
0.7607 -1.3396 0.0000 0.00 0.00 1.00 0
0.7515 -1.3317 0.0000 0.00 0.00 1.00 0
0.7475 -1.3252 0.0000 0.00 0.00 1.00 0
0.7477 -1.3190 0.0000 0.00 0.00 1.00 0
0.7441 -1.3121 0.0000 0.00 0.00 1.00 0
0.7412 -1.3063 0.0000 0.00 0.00 1.00 0
0.7365 -1.2961 0.0000 0.00 0.00 1.00 0
0.7331 -1.2892 0.0000 0.00 0.00 1.00 0
0.7300 -1.2829 0.0000 0.00 0.00 1.00 0
0.7320 -1.2853 0.0000 0.00 0.00 1.00 0
0.7294 -1.2800 0.0000 0.00 0.00 1.00 0
0.7310 -1.2796 0.0000 0.00 0.00 1.00 0
0.7291 -1.2751 0.0000 0.00 0.00 1.00 0
0.7273 -1.2707 0.0000 0.00 0.00 1.00 0
0.7278 -1.2671 0.0000 0.00 0.00 1.00 0
0.7264 -1.2628 0.0000 0.00 0.00 1.00 0
0.7249 -1.2584 0.0000 0.00 0.00 1.00 0
0.7227 -1.2513 0.0000 0.00 0.00 1.00 0
0.7212 -1.2465 0.0000 0.00 0.00 1.00 0
0.7196 -1.2417 0.0000 0.00 0.00 1.00 0
0.7110 -1.2345 0.0000 0.00 0.00 1.00 0
0.7083 -1.2292 0.0000 0.00 0.00 1.00 0
0.7070 -1.2224 0.0000 0.00 0.00 1.00 0
0.7045 -1.2169 0.0000 0.00 0.00 1.00 0
0.7021 -1.2115 0.0000 0.00 0.00 1.00 0
0.7006 -1.2082 0.0000 0.00 0.00 1.00 0
0.6943 -1.1980 0.0000 0.00 0.00 1.00 0
0.6913 -1.1920 0.0000 0.00 0.00 1.00 0
0.6816 -1.1864 0.0000 0.00 0.00 1.00 0
0.6775 -1.1805 0.0000 0.00 0.00 1.00 0
0.6735 -1.1746 0.0000 0.00 0.00 1.00 0
0.6655 -1.1671 0.0000 0.00 0.00 1.00 0
0.6609 -1.1609 0.0000 0.00 0.00 1.00 0
0.6572 -1.1561 0.0000 0.00 0.00 1.00 0
0.6561 -1.1565 0.0000 0.00 0.00 1.00 0
0.6520 -1.1514 0.0000 0.00 0.00 1.00 0
0.6549 -1.1498 0.0000 0.00 0.00 1.00 0
0.6520 -1.1453 0.0000 0.00 0.00 1.00 0
0.6492 -1.1409 0.0000 0.00 0.00 1.00 0
0.6528 -1.1412 0.0000 0.00 0.00 1.00 0
0.6510 -1.1374 0.0000 0.00 0.00 1.00 0
0.6494 -1.1341 0.0000 0.00 0.00 1.00 0
0.6482 -1.1236 0.0000 0.00 0.00 1.00 0
0.6465 -1.1189 0.0000 0.00 0.00 1.00 0
0.6452 -1.1151 0.0000 0.00 0.00 1.00 0
0.6379 -1.0986 0.0000 0.00 0.00 1.00 0
0.6354 -1.0923 0.0000 0.00 0.00 1.00 0
0.6210 -1.0812 0.0000 0.00 0.00 1.00 0
0.6166 -1.0741 0.0000 0.00 0.00 1.00 0
0.6121 -1.0669 0.0000 0.00 0.00 1.00 0
0.6057 -1.0608 0.0000 0.00 0.00 1.00 0
0.6013 -1.0545 0.0000 0.00 0.00 1.00 0
0.5961 -1.0469 0.0000 0.00 0.00 1.00 0
0.5981 -1.0510 0.0000 0.00 0.00 1.00 0
0.5944 -1.0458 0.0000 0.00 0.00 1.00 0
0.5973 -1.0484 0.0000 0.00 0.00 1.00 0
0.5944 -1.0441 0.0000 0.00 0.00 1.00 0
0.5918 -1.0402 0.0000 0.00 0.00 1.00 0
0.5888 -1.0328 0.0000 0.00 0.00 1.00 0
0.5861 -1.0283 0.0000 0.00 0.00 1.00 0
0.5835 -1.0239 0.0000 0.00 0.00 1.00 0
0.5798 -1.0148 0.0000 0.00 0.00 1.00 0
0.5770 -1.0096 0.0000 0.00 0.00 1.00 0
0.5744 -1.0048 0.0000 0.00 0.00 1.00 0
0.5677 -1.0026 0.0000 0.00 0.00 1.00 0
0.5643 -0.9979 0.0000 0.00 0.00 1.00 0
0.5619 -0.9946 0.0000 0.00 0.00 1.00 0
0.5591 -0.9913 0.0000 0.00 0.00 1.00 0
0.5560 -0.9871 0.0000 0.00 0.00 1.00 0
0.5519 -0.9836 0.0000 0.00 0.00 1.00 0
0.5486 -0.9795 0.0000 0.00 0.00 1.00 0
0.5453 -0.9753 0.0000 0.00 0.00 1.00 0
0.5448 -0.9691 0.0000 0.00 0.00 1.00 0
0.5419 -0.9645 0.0000 0.00 0.00 1.00 0
0.5393 -0.9605 0.0000 0.00 0.00 1.00 0
0.5319 -0.9488 0.0000 0.00 0.00 1.00 0
0.5284 -0.9433 0.0000 0.00 0.00 1.00 0
0.5263 -0.9400 0.0000 0.00 0.00 1.00 0
0.5156 -0.9336 0.0000 0.00 0.00 1.00 0
0.5112 -0.9282 0.0000 0.00 0.00 1.00 0
0.5066 -0.9271 0.0000 0.00 0.00 1.00 0
0.5021 -0.9225 0.0000 0.00 0.00 1.00 0
0.4976 -0.9178 0.0000 0.00 0.00 1.00 0
0.4987 -0.9126 0.0000 0.00 0.00 1.00 0
0.4951 -0.9078 0.0000 0.00 0.00 1.00 0
0.4916 -0.9031 0.0000 0.00 0.00 1.00 0
0.4889 -0.8975 0.0000 0.00 0.00 1.00 0
0.4854 -0.8925 0.0000 0.00 0.00 1.00 0
0.4775 -0.8877 0.0000 0.00 0.00 1.00 0
0.4733 -0.8828 0.0000 0.00 0.00 1.00 0
0.4690 -0.8779 0.0000 0.00 0.00 1.00 0
0.4653 -0.8743 0.0000 0.00 0.00 1.00 0
0.4613 -0.8697 0.0000 0.00 0.00 1.00 0
0.4571 -0.8649 0.0000 0.00 0.00 1.00 0
0.4568 -0.8639 0.0000 0.00 0.00 1.00 0
0.4533 -0.8598 0.0000 0.00 0.00 1.00 0
0.4523 -0.8562 0.0000 0.00 0.00 1.00 0
0.4492 -0.8522 0.0000 0.00 0.00 1.00 0
0.4462 -0.8482 0.0000 0.00 0.00 1.00 0
0.4440 -0.8454 0.0000 0.00 0.00 1.00 0
0.4383 -0.8373 0.0000 0.00 0.00 1.00 0
0.4350 -0.8329 0.0000 0.00 0.00 1.00 0
0.4288 -0.8282 0.0000 0.00 0.00 1.00 0
0.4250 -0.8237 0.0000 0.00 0.00 1.00 0
0.4213 -0.8193 0.0000 0.00 0.00 1.00 0
0.4098 -0.8120 0.0000 0.00 0.00 1.00 0
0.4043 -0.8065 0.0000 0.00 0.00 1.00 0
0.3997 -0.8021 0.0000 0.00 0.00 1.00 0
0.3899 -0.7950 0.0000 0.00 0.00 1.00 0
0.3842 -0.7898 0.0000 0.00 0.00 1.00 0
0.3801 -0.7861 0.0000 0.00 0.00 1.00 0
0.3768 -0.7827 0.0000 0.00 0.00 1.00 0
0.3716 -0.7780 0.0000 0.00 0.00 1.00 0
0.3751 -0.7754 0.0000 0.00 0.00 1.00 0
0.3714 -0.7711 0.0000 0.00 0.00 1.00 0
0.3677 -0.7668 0.0000 0.00 0.00 1.00 0
0.3667 -0.7638 0.0000 0.00 0.00 1.00 0
0.3633 -0.7596 0.0000 0.00 0.00 1.00 0
0.3604 -0.7559 0.0000 0.00 0.00 1.00 0
0.3554 -0.7512 0.0000 0.00 0.00 1.00 0
0.3519 -0.7470 0.0000 0.00 0.00 1.00 0
0.3457 -0.7457 0.0000 0.00 0.00 1.00 0
0.3417 -0.7420 0.0000 0.00 0.00 1.00 0
0.3377 -0.7383 0.0000 0.00 0.00 1.00 0
0.3321 -0.7347 0.0000 0.00 0.00 1.00 0
0.3278 -0.7311 0.0000 0.00 0.00 1.00 0
0.3236 -0.7274 0.0000 0.00 0.00 1.00 0
0.3169 -0.7199 0.0000 0.00 0.00 1.00 0
0.3123 -0.7156 0.0000 0.00 0.00 1.00 0
0.3077 -0.7114 0.0000 0.00 0.00 1.00 0
0.3012 -0.7009 0.0000 0.00 0.00 1.00 0
0.2963 -0.6958 0.0000 0.00 0.00 1.00 0
0.2929 -0.6921 0.0000 0.00 0.00 1.00 0
0.2872 -0.6886 0.0000 0.00 0.00 1.00 0
0.2824 -0.6839 0.0000 0.00 0.00 1.00 0
0.2803 -0.6843 0.0000 0.00 0.00 1.00 0
0.2759 -0.6804 0.0000 0.00 0.00 1.00 0
0.2715 -0.6766 0.0000 0.00 0.00 1.00 0
0.2707 -0.6753 0.0000 0.00 0.00 1.00 0
0.2668 -0.6718 0.0000 0.00 0.00 1.00 0
0.2651 -0.6713 0.0000 0.00 0.00 1.00 0
0.2617 -0.6684 0.0000 0.00 0.00 1.00 0
0.2583 -0.6655 0.0000 0.00 0.00 1.00 0
0.2556 -0.6632 0.0000 0.00 0.00 1.00 0
0.2547 -0.6591 0.0000 0.00 0.00 1.00 0
0.2517 -0.6562 0.0000 0.00 0.00 1.00 0
0.2403 -0.6507 0.0000 0.00 0.00 1.00 0
0.2359 -0.6472 0.0000 0.00 0.00 1.00 0
0.2316 -0.6438 0.0000 0.00 0.00 1.00 0
0.2246 -0.6397 0.0000 0.00 0.00 1.00 0
0.2198 -0.6362 0.0000 0.00 0.00 1.00 0
0.2155 -0.6330 0.0000 0.00 0.00 1.00 0
0.2174 -0.6293 0.0000 0.00 0.00 1.00 0
0.2138 -0.6258 0.0000 0.00 0.00 1.00 0
0.2118 -0.6225 0.0000 0.00 0.00 1.00 0
0.2085 -0.6191 0.0000 0.00 0.00 1.00 0
0.2054 -0.6160 0.0000 0.00 0.00 1.00 0
0.2003 -0.6115 0.0000 0.00 0.00 1.00 0
0.1967 -0.6080 0.0000 0.00 0.00 1.00 0
0.1931 -0.6045 0.0000 0.00 0.00 1.00 0
0.1865 -0.6045 0.0000 0.00 0.00 1.00 0
0.1819 -0.6012 0.0000 0.00 0.00 1.00 0
0.1782 -0.5985 0.0000 0.00 0.00 1.00 0
0.1740 -0.5981 0.0000 0.00 0.00 1.00 0
0.1698 -0.5955 0.0000 0.00 0.00 1.00 0
0.1669 -0.5911 0.0000 0.00 0.00 1.00 0
0.1626 -0.5878 0.0000 0.00 0.00 1.00 0
0.1587 -0.5849 0.0000 0.00 0.00 1.00 0
0.1496 -0.5799 0.0000 0.00 0.00 1.00 0
0.1448 -0.5766 0.0000 0.00 0.00 1.00 0
0.1399 -0.5733 0.0000 0.00 0.00 1.00 0
0.1366 -0.5671 0.0000 0.00 0.00 1.00 0
0.1319 -0.5633 0.0000 0.00 0.00 1.00 0
0.1273 -0.5595 0.0000 0.00 0.00 1.00 0
0.1217 -0.5549 0.0000 0.00 0.00 1.00 0
0.1170 -0.5511 0.0000 0.00 0.00 1.00 0
0.1150 -0.5492 0.0000 0.00 0.00 1.00 0
0.1107 -0.5456 0.0000 0.00 0.00 1.00 0
0.1064 -0.5421 0.0000 0.00 0.00 1.00 0
0.1020 -0.5363 0.0000 0.00 0.00 1.00 0
0.0977 -0.5323 0.0000 0.00 0.00 1.00 0
0.0934 -0.5284 0.0000 0.00 0.00 1.00 0
0.0866 -0.5207 0.0000 0.00 0.00 1.00 0
0.0820 -0.5163 0.0000 0.00 0.00 1.00 0
0.0732 -0.5123 0.0000 0.00 0.00 1.00 0
0.0680 -0.5080 0.0000 0.00 0.00 1.00 0
0.0626 -0.5036 0.0000 0.00 0.00 1.00 0
0.0588 -0.5005 0.0000 0.00 0.00 1.00 0
0.0556 -0.5050 0.0000 0.00 0.00 1.00 0
0.0508 -0.5020 0.0000 0.00 0.00 1.00 0
0.0483 -0.4981 0.0000 0.00 0.00 1.00 0
0.0434 -0.4947 0.0000 0.00 0.00 1.00 0
0.0394 -0.4919 0.0000 0.00 0.00 1.00 0
0.0345 -0.4853 0.0000 0.00 0.00 1.00 0
0.0299 -0.4817 0.0000 0.00 0.00 1.00 0
0.0254 -0.4780 0.0000 0.00 0.00 1.00 0
0.0189 -0.4751 0.0000 0.00 0.00 1.00 0
0.0141 -0.4715 0.0000 0.00 0.00 1.00 0
0.0067 -0.4710 0.0000 0.00 0.00 1.00 0
0.0014 -0.4680 0.0000 0.00 0.00 1.00 0
-0.0038 -0.4650 0.0000 0.00 0.00 1.00 0
-0.0083 -0.4640 0.0000 0.00 0.00 1.00 0
-0.0135 -0.4613 0.0000 0.00 0.00 1.00 0
-0.0186 -0.4586 0.0000 0.00 0.00 1.00 0
-0.0204 -0.4545 0.0000 0.00 0.00 1.00 0
-0.0250 -0.4515 0.0000 0.00 0.00 1.00 0
-0.0296 -0.4486 0.0000 0.00 0.00 1.00 0
-0.0327 -0.4423 0.0000 0.00 0.00 1.00 0
-0.0372 -0.4388 0.0000 0.00 0.00 1.00 0
-0.0500 -0.4385 0.0000 0.00 0.00 1.00 0
-0.0557 -0.4356 0.0000 0.00 0.00 1.00 0
-0.0616 -0.4327 0.0000 0.00 0.00 1.00 0
-0.0664 -0.4326 0.0000 0.00 0.00 1.00 0
-0.0720 -0.4303 0.0000 0.00 0.00 1.00 0
-0.0777 -0.4278 0.0000 0.00 0.00 1.00 0
-0.0778 -0.4275 0.0000 0.00 0.00 1.00 0
-0.0825 -0.4254 0.0000 0.00 0.00 1.00 0
-0.0873 -0.4233 0.0000 0.00 0.00 1.00 0
-0.0868 -0.4220 0.0000 0.00 0.00 1.00 0
-0.0903 -0.4202 0.0000 0.00 0.00 1.00 0
-0.0918 -0.4156 0.0000 0.00 0.00 1.00 0
-0.0952 -0.4132 0.0000 0.00 0.00 1.00 0
-0.0987 -0.4108 0.0000 0.00 0.00 1.00 0
-0.1052 -0.4064 0.0000 0.00 0.00 1.00 0
-0.1091 -0.4037 0.0000 0.00 0.00 1.00 0
-0.1131 -0.4010 0.0000 0.00 0.00 1.00 0
-0.1178 -0.4020 0.0000 0.00 0.00 1.00 0
-0.1220 -0.3998 0.0000 0.00 0.00 1.00 0
-0.1285 -0.3969 0.0000 0.00 0.00 1.00 0
-0.1328 -0.3948 0.0000 0.00 0.00 1.00 0
-0.1377 -0.3923 0.0000 0.00 0.00 1.00 0
-0.1444 -0.3871 0.0000 0.00 0.00 1.00 0
-0.1493 -0.3843 0.0000 0.00 0.00 1.00 0
-0.1542 -0.3815 0.0000 0.00 0.00 1.00 0
-0.1649 -0.3812 0.0000 0.00 0.00 1.00 0
-0.1708 -0.3788 0.0000 0.00 0.00 1.00 0
-0.1766 -0.3764 0.0000 0.00 0.00 1.00 0
-0.1819 -0.3779 0.0000 0.00 0.00 1.00 0
-0.1870 -0.3763 0.0000 0.00 0.00 1.00 0
-0.1928 -0.3745 0.0000 0.00 0.00 1.00 0
-0.1937 -0.3731 0.0000 0.00 0.00 1.00 0
-0.1986 -0.3714 0.0000 0.00 0.00 1.00 0
-0.2028 -0.3700 0.0000 0.00 0.00 1.00 0
-0.1993 -0.3702 0.0000 0.00 0.00 1.00 0
-0.2033 -0.3687 0.0000 0.00 0.00 1.00 0
-0.2039 -0.3636 0.0000 0.00 0.00 1.00 0
-0.2070 -0.3616 0.0000 0.00 0.00 1.00 0
-0.2101 -0.3596 0.0000 0.00 0.00 1.00 0
-0.2186 -0.3594 0.0000 0.00 0.00 1.00 0
-0.2226 -0.3577 0.0000 0.00 0.00 1.00 0
-0.2261 -0.3562 0.0000 0.00 0.00 1.00 0
-0.2338 -0.3552 0.0000 0.00 0.00 1.00 0
-0.2384 -0.3536 0.0000 0.00 0.00 1.00 0
-0.2486 -0.3456 0.0000 0.00 0.00 1.00 0
-0.2541 -0.3429 0.0000 0.00 0.00 1.00 0
-0.2596 -0.3401 0.0000 0.00 0.00 1.00 0
-0.2656 -0.3340 0.0000 0.00 0.00 1.00 0
-0.2711 -0.3308 0.0000 0.00 0.00 1.00 0
-0.2768 -0.3274 0.0000 0.00 0.00 1.00 0
-0.2819 -0.3279 0.0000 0.00 0.00 1.00 0
-0.2874 -0.3252 0.0000 0.00 0.00 1.00 0
-0.2929 -0.3225 0.0000 0.00 0.00 1.00 0
-0.2972 -0.3236 0.0000 0.00 0.00 1.00 0
-0.3026 -0.3215 0.0000 0.00 0.00 1.00 0
-0.3029 -0.3215 0.0000 0.00 0.00 1.00 0
-0.3075 -0.3197 0.0000 0.00 0.00 1.00 0
-0.3118 -0.3181 0.0000 0.00 0.00 1.00 0
-0.3126 -0.3169 0.0000 0.00 0.00 1.00 0
-0.3165 -0.3152 0.0000 0.00 0.00 1.00 0
-0.3203 -0.3136 0.0000 0.00 0.00 1.00 0
-0.3287 -0.3111 0.0000 0.00 0.00 1.00 0
-0.3332 -0.3093 0.0000 0.00 0.00 1.00 0
-0.3415 -0.3098 0.0000 0.00 0.00 1.00 0
-0.3468 -0.3084 0.0000 0.00 0.00 1.00 0
-0.3521 -0.3070 0.0000 0.00 0.00 1.00 0
-0.3577 -0.3055 0.0000 0.00 0.00 1.00 0
-0.3631 -0.3041 0.0000 0.00 0.00 1.00 0
-0.3684 -0.3027 0.0000 0.00 0.00 1.00 0
-0.3719 -0.2996 0.0000 0.00 0.00 1.00 0
-0.3770 -0.2979 0.0000 0.00 0.00 1.00 0
-0.3821 -0.2962 0.0000 0.00 0.00 1.00 0
-0.3857 -0.2948 0.0000 0.00 0.00 1.00 0
-0.3905 -0.2931 0.0000 0.00 0.00 1.00 0
-0.3948 -0.2947 0.0000 0.00 0.00 1.00 0
-0.3993 -0.2936 0.0000 0.00 0.00 1.00 0
-0.4039 -0.2926 0.0000 0.00 0.00 1.00 0
-0.4058 -0.2916 0.0000 0.00 0.00 1.00 0
-0.4101 -0.2905 0.0000 0.00 0.00 1.00 0
-0.4143 -0.2895 0.0000 0.00 0.00 1.00 0
-0.4166 -0.2864 0.0000 0.00 0.00 1.00 0
-0.4204 -0.2850 0.0000 0.00 0.00 1.00 0
-0.4243 -0.2836 0.0000 0.00 0.00 1.00 0
-0.4293 -0.2815 0.0000 0.00 0.00 1.00 0
-0.4332 -0.2801 0.0000 0.00 0.00 1.00 0
-0.4466 -0.2799 0.0000 0.00 0.00 1.00 0
-0.4522 -0.2786 0.0000 0.00 0.00 1.00 0
-0.4579 -0.2774 0.0000 0.00 0.00 1.00 0
-0.4617 -0.2810 0.0000 0.00 0.00 1.00 0
-0.4670 -0.2806 0.0000 0.00 0.00 1.00 0
-0.4724 -0.2801 0.0000 0.00 0.00 1.00 0
-0.4793 -0.2729 0.0000 0.00 0.00 1.00 0
-0.4848 -0.2713 0.0000 0.00 0.00 1.00 0
-0.4905 -0.2698 0.0000 0.00 0.00 1.00 0
-0.4993 -0.2687 0.0000 0.00 0.00 1.00 0
-0.5054 -0.2673 0.0000 0.00 0.00 1.00 0
-0.5132 -0.2652 0.0000 0.00 0.00 1.00 0
-0.5195 -0.2637 0.0000 0.00 0.00 1.00 0
-0.5260 -0.2621 0.0000 0.00 0.00 1.00 0
-0.5315 -0.2611 0.0000 0.00 0.00 1.00 0
-0.5378 -0.2597 0.0000 0.00 0.00 1.00 0
-0.5441 -0.2582 0.0000 0.00 0.00 1.00 0
-0.5428 -0.2576 0.0000 0.00 0.00 1.00 0
-0.5479 -0.2562 0.0000 0.00 0.00 1.00 0
-0.5529 -0.2549 0.0000 0.00 0.00 1.00 0
-0.5540 -0.2585 0.0000 0.00 0.00 1.00 0
-0.5584 -0.2580 0.0000 0.00 0.00 1.00 0
-0.5661 -0.2576 0.0000 0.00 0.00 1.00 0
-0.5709 -0.2571 0.0000 0.00 0.00 1.00 0
-0.5758 -0.2566 0.0000 0.00 0.00 1.00 0
-0.5771 -0.2563 0.0000 0.00 0.00 1.00 0
-0.5815 -0.2558 0.0000 0.00 0.00 1.00 0
-0.5857 -0.2553 0.0000 0.00 0.00 1.00 0
-0.5916 -0.2530 0.0000 0.00 0.00 1.00 0
-0.5962 -0.2523 0.0000 0.00 0.00 1.00 0
-0.6007 -0.2515 0.0000 0.00 0.00 1.00 0
-0.6110 -0.2474 0.0000 0.00 0.00 1.00 0
-0.6165 -0.2461 0.0000 0.00 0.00 1.00 0
-0.6214 -0.2449 0.0000 0.00 0.00 1.00 0
-0.6318 -0.2434 0.0000 0.00 0.00 1.00 0
-0.6379 -0.2421 0.0000 0.00 0.00 1.00 0
-0.6373 -0.2430 0.0000 0.00 0.00 1.00 0
-0.6417 -0.2422 0.0000 0.00 0.00 1.00 0
-0.6469 -0.2412 0.0000 0.00 0.00 1.00 0
-0.6498 -0.2388 0.0000 0.00 0.00 1.00 0
-0.6543 -0.2376 0.0000 0.00 0.00 1.00 0
-0.6588 -0.2364 0.0000 0.00 0.00 1.00 0
-0.6640 -0.2440 0.0000 0.00 0.00 1.00 0
-0.6687 -0.2442 0.0000 0.00 0.00 1.00 0
-0.6724 -0.2443 0.0000 0.00 0.00 1.00 0
-0.6775 -0.2482 0.0000 0.00 0.00 1.00 0
-0.6822 -0.2489 0.0000 0.00 0.00 1.00 0
-0.6856 -0.2490 0.0000 0.00 0.00 1.00 0
-0.6901 -0.2496 0.0000 0.00 0.00 1.00 0
-0.6944 -0.2502 0.0000 0.00 0.00 1.00 0
-0.7032 -0.2453 0.0000 0.00 0.00 1.00 0
-0.7083 -0.2450 0.0000 0.00 0.00 1.00 0
-0.7134 -0.2448 0.0000 0.00 0.00 1.00 0
-0.7199 -0.2413 0.0000 0.00 0.00 1.00 0
-0.7252 -0.2405 0.0000 0.00 0.00 1.00 0
-0.7328 -0.2421 0.0000 0.00 0.00 1.00 0
-0.7385 -0.2418 0.0000 0.00 0.00 1.00 0
-0.7443 -0.2415 0.0000 0.00 0.00 1.00 0
-0.7475 -0.2391 0.0000 0.00 0.00 1.00 0
-0.7528 -0.2384 0.0000 0.00 0.00 1.00 0
-0.7581 -0.2377 0.0000 0.00 0.00 1.00 0
-0.7577 -0.2348 0.0000 0.00 0.00 1.00 0
-0.7621 -0.2337 0.0000 0.00 0.00 1.00 0
-0.7664 -0.2327 0.0000 0.00 0.00 1.00 0
-0.7709 -0.2332 0.0000 0.00 0.00 1.00 0
-0.7753 -0.2324 0.0000 0.00 0.00 1.00 0
-0.7822 -0.2352 0.0000 0.00 0.00 1.00 0
-0.7865 -0.2350 0.0000 0.00 0.00 1.00 0
-0.7919 -0.2348 0.0000 0.00 0.00 1.00 0
-0.8001 -0.2373 0.0000 0.00 0.00 1.00 0
-0.8055 -0.2375 0.0000 0.00 0.00 1.00 0
-0.8109 -0.2378 0.0000 0.00 0.00 1.00 0
-0.8160 -0.2403 0.0000 0.00 0.00 1.00 0
-0.8213 -0.2409 0.0000 0.00 0.00 1.00 0
-0.8266 -0.2415 0.0000 0.00 0.00 1.00 0
-0.8303 -0.2413 0.0000 0.00 0.00 1.00 0
-0.8354 -0.2418 0.0000 0.00 0.00 1.00 0
-0.8390 -0.2447 0.0000 0.00 0.00 1.00 0
-0.8438 -0.2456 0.0000 0.00 0.00 1.00 0
-0.8486 -0.2465 0.0000 0.00 0.00 1.00 0
-0.8495 -0.2429 0.0000 0.00 0.00 1.00 0
-0.8536 -0.2430 0.0000 0.00 0.00 1.00 0
-0.8577 -0.2432 0.0000 0.00 0.00 1.00 0
-0.8629 -0.2393 0.0000 0.00 0.00 1.00 0
-0.8672 -0.2388 0.0000 0.00 0.00 1.00 0
-0.8716 -0.2383 0.0000 0.00 0.00 1.00 0
-0.8747 -0.2394 0.0000 0.00 0.00 1.00 0
-0.8788 -0.2392 0.0000 0.00 0.00 1.00 0
-0.8834 -0.2394 0.0000 0.00 0.00 1.00 0
-0.8877 -0.2393 0.0000 0.00 0.00 1.00 0
-0.8919 -0.2391 0.0000 0.00 0.00 1.00 0
-0.8985 -0.2378 0.0000 0.00 0.00 1.00 0
-0.9031 -0.2374 0.0000 0.00 0.00 1.00 0
-0.9078 -0.2371 0.0000 0.00 0.00 1.00 0
-0.9122 -0.2391 0.0000 0.00 0.00 1.00 0
-0.9168 -0.2392 0.0000 0.00 0.00 1.00 0
-0.9215 -0.2392 0.0000 0.00 0.00 1.00 0
-0.9263 -0.2452 0.0000 0.00 0.00 1.00 0
-0.9311 -0.2461 0.0000 0.00 0.00 1.00 0
-0.9357 -0.2458 0.0000 0.00 0.00 1.00 0
-0.9403 -0.2465 0.0000 0.00 0.00 1.00 0
-0.9450 -0.2472 0.0000 0.00 0.00 1.00 0
-0.9473 -0.2476 0.0000 0.00 0.00 1.00 0
-0.9543 -0.2516 0.0000 0.00 0.00 1.00 0
-0.9589 -0.2528 0.0000 0.00 0.00 1.00 0
-0.9623 -0.2536 0.0000 0.00 0.00 1.00 0
-0.9667 -0.2547 0.0000 0.00 0.00 1.00 0
-0.9711 -0.2558 0.0000 0.00 0.00 1.00 0
-0.9762 -0.2504 0.0000 0.00 0.00 1.00 0
-0.9807 -0.2505 0.0000 0.00 0.00 1.00 0
-0.9839 -0.2505 0.0000 0.00 0.00 1.00 0
-0.9953 -0.2510 0.0000 0.00 0.00 1.00 0
-1.0006 -0.2511 0.0000 0.00 0.00 1.00 0
-1.0092 -0.2536 0.0000 0.00 0.00 1.00 0
-1.0150 -0.2541 0.0000 0.00 0.00 1.00 0
-1.0213 -0.2547 0.0000 0.00 0.00 1.00 0
-1.0272 -0.2573 0.0000 0.00 0.00 1.00 0
-1.0331 -0.2582 0.0000 0.00 0.00 1.00 0
-1.0390 -0.2591 0.0000 0.00 0.00 1.00 0
-1.0453 -0.2627 0.0000 0.00 0.00 1.00 0
-1.0514 -0.2640 0.0000 0.00 0.00 1.00 0
-1.0519 -0.2656 0.0000 0.00 0.00 1.00 0
-1.0570 -0.2670 0.0000 0.00 0.00 1.00 0
-1.0621 -0.2684 0.0000 0.00 0.00 1.00 0
-1.0615 -0.2630 0.0000 0.00 0.00 1.00 0
-1.0661 -0.2633 0.0000 0.00 0.00 1.00 0
-1.0702 -0.2635 0.0000 0.00 0.00 1.00 0
-1.0722 -0.2631 0.0000 0.00 0.00 1.00 0
-1.0764 -0.2633 0.0000 0.00 0.00 1.00 0
-1.0799 -0.2634 0.0000 0.00 0.00 1.00 0
-1.0897 -0.2636 0.0000 0.00 0.00 1.00 0
-1.0945 -0.2637 0.0000 0.00 0.00 1.00 0
-1.1028 -0.2685 0.0000 0.00 0.00 1.00 0
-1.1071 -0.2692 0.0000 0.00 0.00 1.00 0
-1.1133 -0.2703 0.0000 0.00 0.00 1.00 0
-1.1170 -0.2730 0.0000 0.00 0.00 1.00 0
-1.1221 -0.2742 0.0000 0.00 0.00 1.00 0
-1.1271 -0.2754 0.0000 0.00 0.00 1.00 0
-1.1336 -0.2761 0.0000 0.00 0.00 1.00 0
-1.1389 -0.2772 0.0000 0.00 0.00 1.00 0
-1.1436 -0.2782 0.0000 0.00 0.00 1.00 0
-1.1514 -0.2828 0.0000 0.00 0.00 1.00 0
-1.1571 -0.2845 0.0000 0.00 0.00 1.00 0
-1.1715 -0.2860 0.0000 0.00 0.00 1.00 0
-1.1788 -0.2876 0.0000 0.00 0.00 1.00 0
-1.1858 -0.2892 0.0000 0.00 0.00 1.00 0
-1.1921 -0.2905 0.0000 0.00 0.00 1.00 0
-1.1990 -0.2921 0.0000 0.00 0.00 1.00 0
-1.2060 -0.2937 0.0000 0.00 0.00 1.00 0
-1.1948 -0.2936 0.0000 0.00 0.00 1.00 0
-1.1989 -0.2949 0.0000 0.00 0.00 1.00 0
-1.2026 -0.2961 0.0000 0.00 0.00 1.00 0
-1.1804 -0.2882 0.0000 0.00 0.00 1.00 0
-1.1805 -0.2881 0.0000 0.00 0.00 1.00 0
-1.1695 -0.2883 0.0000 0.00 0.00 1.00 0
-1.1676 -0.2882 0.0000 0.00 0.00 1.00 0
-1.1657 -0.2882 0.0000 0.00 0.00 1.00 0
-1.1614 -0.2867 0.0000 0.00 0.00 1.00 0
-1.1591 -0.2864 0.0000 0.00 0.00 1.00 0
-1.1568 -0.2861 0.0000 0.00 0.00 1.00 0
-1.1574 -0.2803 0.0000 0.00 0.00 1.00 0
-1.1556 -0.2792 0.0000 0.00 0.00 1.00 0
-1.1539 -0.2781 0.0000 0.00 0.00 1.00 0
-1.1569 -0.2771 0.0000 0.00 0.00 1.00 0
-1.1557 -0.2759 0.0000 0.00 0.00 1.00 0
-1.1607 -0.2786 0.0000 0.00 0.00 1.00 0
-1.1607 -0.2781 0.0000 0.00 0.00 1.00 0
-1.1606 -0.2776 0.0000 0.00 0.00 1.00 0
-1.1647 -0.2771 0.0000 0.00 0.00 1.00 0
-1.1653 -0.2767 0.0000 0.00 0.00 1.00 0
-1.1659 -0.2762 0.0000 0.00 0.00 1.00 0
-1.1669 -0.2784 0.0000 0.00 0.00 1.00 0
-1.1675 -0.2784 0.0000 0.00 0.00 1.00 0
-1.1681 -0.2783 0.0000 0.00 0.00 1.00 0
-1.1708 -0.2860 0.0000 0.00 0.00 1.00 0
-1.1718 -0.2871 0.0000 0.00 0.00 1.00 0
-1.1703 -0.2855 0.0000 0.00 0.00 1.00 0
-1.1709 -0.2861 0.0000 0.00 0.00 1.00 0
-1.1714 -0.2868 0.0000 0.00 0.00 1.00 0
-1.1681 -0.2851 0.0000 0.00 0.00 1.00 0
-1.1680 -0.2854 0.0000 0.00 0.00 1.00 0
-1.1679 -0.2856 0.0000 0.00 0.00 1.00 0
-1.1693 -0.2831 0.0000 0.00 0.00 1.00 0
-1.1694 -0.2830 0.0000 0.00 0.00 1.00 0
-1.1695 -0.2828 0.0000 0.00 0.00 1.00 0
-1.1691 -0.2833 0.0000 0.00 0.00 1.00 0
-1.1692 -0.2833 0.0000 0.00 0.00 1.00 0
-1.1692 -0.2832 0.0000 0.00 0.00 1.00 0
