-0.3404 -0.1414 0.0000 0.00 0.00 1.00 0
-0.5401 -0.1671 0.0000 0.00 0.00 1.00 0
-0.7486 -0.1939 0.0000 0.00 0.00 1.00 0
-0.9548 -0.2165 0.0000 0.00 0.00 1.00 0
-1.1555 -0.2520 0.0000 0.00 0.00 1.00 0
-1.3606 -0.2754 0.0000 0.00 0.00 1.00 0
-1.5674 -0.3131 0.0000 0.00 0.00 1.00 0
-1.7737 -0.3369 0.0000 0.00 0.00 1.00 0
-1.9776 -0.3579 0.0000 0.00 0.00 1.00 0
-2.1819 -0.3858 0.0000 0.00 0.00 1.00 0
-2.3872 -0.4162 0.0000 0.00 0.00 1.00 0
-2.5958 -0.4424 0.0000 0.00 0.00 1.00 0
-2.7998 -0.4708 0.0000 0.00 0.00 1.00 0
-3.0005 -0.4990 0.0000 0.00 0.00 1.00 0
-3.2002 -0.5216 0.0000 0.00 0.00 1.00 0
-3.3949 -0.5919 0.0000 0.00 0.00 1.00 0
-3.5887 -0.6573 0.0000 0.00 0.00 1.00 0
-3.7763 -0.7455 0.0000 0.00 0.00 1.00 0
-3.9563 -0.8351 0.0000 0.00 0.00 1.00 0
-4.1363 -0.9365 0.0000 0.00 0.00 1.00 0
-4.3094 -1.0574 0.0000 0.00 0.00 1.00 0
-4.4697 -1.1821 0.0000 0.00 0.00 1.00 0
-4.6282 -1.3246 0.0000 0.00 0.00 1.00 0
-4.7647 -1.4776 0.0000 0.00 0.00 1.00 0
-4.8887 -1.6423 0.0000 0.00 0.00 1.00 0
-5.0023 -1.8105 0.0000 0.00 0.00 1.00 0
-5.0992 -1.9892 0.0000 0.00 0.00 1.00 0
-5.1572 -2.1816 0.0000 0.00 0.00 1.00 0
-5.2194 -2.3761 0.0000 0.00 0.00 1.00 0
-5.2457 -2.5889 0.0000 0.00 0.00 1.00 0
-5.2514 -2.7919 0.0000 0.00 0.00 1.00 0
-5.2358 -2.9959 0.0000 0.00 0.00 1.00 0
-5.1919 -3.2003 0.0000 0.00 0.00 1.00 0
-5.1311 -3.3999 0.0000 0.00 0.00 1.00 0
-5.0508 -3.5863 0.0000 0.00 0.00 1.00 0
-4.9568 -3.7639 0.0000 0.00 0.00 1.00 0
-4.8558 -3.9486 0.0000 0.00 0.00 1.00 0
-4.7104 -4.1151 0.0000 0.00 0.00 1.00 0
-4.5659 -4.2593 0.0000 0.00 0.00 1.00 0
-4.4082 -4.3862 0.0000 0.00 0.00 1.00 0
-4.2352 -4.4900 0.0000 0.00 0.00 1.00 0
-4.0575 -4.5851 0.0000 0.00 0.00 1.00 0
-3.8565 -4.6335 0.0000 0.00 0.00 1.00 0
-3.6617 -4.7049 0.0000 0.00 0.00 1.00 0
-3.4626 -4.7480 0.0000 0.00 0.00 1.00 0
-3.2675 -4.7976 0.0000 0.00 0.00 1.00 0
-3.0701 -4.8462 0.0000 0.00 0.00 1.00 0
-2.8681 -4.8828 0.0000 0.00 0.00 1.00 0
-2.6649 -4.8948 0.0000 0.00 0.00 1.00 0
-2.4631 -4.8790 0.0000 0.00 0.00 1.00 0
-2.2551 -4.8460 0.0000 0.00 0.00 1.00 0
-2.0544 -4.8198 0.0000 0.00 0.00 1.00 0
-1.8460 -4.7945 0.0000 0.00 0.00 1.00 0
-1.6438 -4.7682 0.0000 0.00 0.00 1.00 0
-1.4335 -4.7340 0.0000 0.00 0.00 1.00 0
-1.2331 -4.7035 0.0000 0.00 0.00 1.00 0
-1.0355 -4.6677 0.0000 0.00 0.00 1.00 0
-0.8234 -4.6238 0.0000 0.00 0.00 1.00 0
-0.6226 -4.5602 0.0000 0.00 0.00 1.00 0
-0.4198 -4.4993 0.0000 0.00 0.00 1.00 0
-0.2137 -4.4422 0.0000 0.00 0.00 1.00 0
-0.0251 -4.3587 0.0000 0.00 0.00 1.00 0
0.1630 -4.2846 0.0000 0.00 0.00 1.00 0
0.3482 -4.2018 0.0000 0.00 0.00 1.00 0
0.5371 -4.1132 0.0000 0.00 0.00 1.00 0
0.7160 -4.0099 0.0000 0.00 0.00 1.00 0
0.8816 -3.8946 0.0000 0.00 0.00 1.00 0
1.0389 -3.7639 0.0000 0.00 0.00 1.00 0
1.1883 -3.6139 0.0000 0.00 0.00 1.00 0
1.3206 -3.4572 0.0000 0.00 0.00 1.00 0
1.4503 -3.2907 0.0000 0.00 0.00 1.00 0
1.5582 -3.1202 0.0000 0.00 0.00 1.00 0
1.6550 -2.9336 0.0000 0.00 0.00 1.00 0
1.7211 -2.7382 0.0000 0.00 0.00 1.00 0
1.7927 -2.5336 0.0000 0.00 0.00 1.00 0
1.8209 -2.3240 0.0000 0.00 0.00 1.00 0
1.8323 -2.1123 0.0000 0.00 0.00 1.00 0
1.8250 -1.8975 0.0000 0.00 0.00 1.00 0
1.8084 -1.6873 0.0000 0.00 0.00 1.00 0
1.7773 -1.4876 0.0000 0.00 0.00 1.00 0
1.7233 -1.2949 0.0000 0.00 0.00 1.00 0
1.6611 -1.0874 0.0000 0.00 0.00 1.00 0
1.5886 -0.8860 0.0000 0.00 0.00 1.00 0
1.4817 -0.6999 0.0000 0.00 0.00 1.00 0
1.3680 -0.5225 0.0000 0.00 0.00 1.00 0
1.2384 -0.3680 0.0000 0.00 0.00 1.00 0
1.0930 -0.2195 0.0000 0.00 0.00 1.00 0
0.9395 -0.0895 0.0000 0.00 0.00 1.00 0
0.7534 -0.0066 0.0000 0.00 0.00 1.00 0
0.5470 0.0555 0.0000 0.00 0.00 1.00 0
0.3451 0.0909 0.0000 0.00 0.00 1.00 0
0.1377 0.0860 0.0000 0.00 0.00 1.00 0
-0.0712 0.0680 0.0000 0.00 0.00 1.00 0
-0.2811 0.0361 0.0000 0.00 0.00 1.00 0
-0.4855 -0.0097 0.0000 0.00 0.00 1.00 0
