-0.1863 -2.5290 -0.0289 0.00 0.00 1.00 0
-0.1802 -2.4882 -0.0145 0.00 0.00 1.00 0
-0.1806 -2.3985 -0.0037 0.00 0.00 1.00 0
-0.1859 -2.3209 -0.0028 0.00 0.00 1.00 0
-0.1784 -2.2877 -0.0077 0.00 0.00 1.00 0
-0.1526 -2.1531 -0.0256 0.00 0.00 1.00 0
-0.1665 -2.1057 -0.0238 0.00 0.00 1.00 0
-0.1664 -2.0143 -0.0241 0.00 0.00 1.00 0
-0.1655 -1.8644 -0.0280 0.00 0.00 1.00 0
-0.1597 -1.7953 -0.0446 0.00 0.00 1.00 0
-0.1553 -1.7171 -0.0656 0.00 0.00 1.00 0
-0.1654 -1.6456 -0.0526 0.00 0.00 1.00 0
-0.1742 -1.5333 -0.0499 0.00 0.00 1.00 0
-0.1693 -1.4689 -0.0383 0.00 0.00 1.00 0
-0.1527 -1.2507 -0.0454 0.00 0.00 1.00 0
-0.1439 -1.2090 -0.0529 0.00 0.00 1.00 0
-0.1207 -1.1516 -0.0637 0.00 0.00 1.00 0
-0.1240 -0.9483 -0.0527 0.00 0.00 1.00 0
-0.1212 -0.8244 -0.0561 0.00 0.00 1.00 0
-0.1226 -0.7594 -0.0507 0.00 0.00 1.00 0
-0.1431 -0.6064 -0.0561 0.00 0.00 1.00 0
-0.1360 -0.5379 -0.0555 0.00 0.00 1.00 0
-0.1308 -0.4035 -0.0571 0.00 0.00 1.00 0
-0.1434 -0.2490 -0.0747 0.00 0.00 1.00 0
-0.1218 -0.1191 -0.0577 0.00 0.00 1.00 0
-0.1149 0.0044 -0.0564 0.00 0.00 1.00 0
-0.1092 0.0626 -0.0421 0.00 0.00 1.00 0
-0.1053 0.1918 -0.0401 0.00 0.00 1.00 0
-0.0930 0.3000 -0.0466 0.00 0.00 1.00 0
-0.0874 0.4171 -0.0572 0.00 0.00 1.00 0
-0.0893 0.5518 -0.0538 0.00 0.00 1.00 0
-0.0829 0.6835 -0.0477 0.00 0.00 1.00 0
-0.0821 0.7459 -0.0508 0.00 0.00 1.00 0
-0.0742 1.0072 -0.0489 0.00 0.00 1.00 0
-0.0657 1.1346 -0.0486 0.00 0.00 1.00 0
-0.0646 1.2100 -0.0363 0.00 0.00 1.00 0
-0.0571 1.3185 -0.0511 0.00 0.00 1.00 0
-0.0511 1.4367 -0.0500 0.00 0.00 1.00 0
-0.0430 1.5424 -0.0568 0.00 0.00 1.00 0
-0.0476 1.5994 -0.0506 0.00 0.00 1.00 0
-0.0287 1.8055 -0.0577 0.00 0.00 1.00 0
-0.0216 1.8514 -0.0538 0.00 0.00 1.00 0
-0.0230 1.9397 -0.0641 0.00 0.00 1.00 0
-0.0224 2.0673 -0.0842 0.00 0.00 1.00 0
-0.0586 2.1266 -0.0892 0.00 0.00 1.00 0
-0.0156 2.1849 -0.0674 0.00 0.00 1.00 0
-0.0116 2.3125 -0.0645 0.00 0.00 1.00 0
0.0073 2.3902 -0.0685 0.00 0.00 1.00 0
0.0052 2.4318 -0.0743 0.00 0.00 1.00 0
0.0015 2.4950 -0.0826 0.00 0.00 1.00 0
-0.0025 2.5640 -0.0906 0.00 0.00 1.00 0
-0.0003 2.6012 -0.0752 0.00 0.00 1.00 0
0.0093 2.7363 -0.0713 0.00 0.00 1.00 0
0.0024 2.7607 -0.0706 0.00 0.00 1.00 0
0.0171 2.8029 -0.0743 0.00 0.00 1.00 0
0.0091 2.8793 -0.0746 0.00 0.00 1.00 0
0.0053 2.9844 -0.0608 0.00 0.00 1.00 0
0.0051 3.0155 -0.0565 0.00 0.00 1.00 0
0.0148 3.0767 -0.0621 0.00 0.00 1.00 0
0.0179 3.1620 -0.0715 0.00 0.00 1.00 0
0.0251 3.1965 -0.0723 0.00 0.00 1.00 0
0.0309 3.2291 -0.0723 0.00 0.00 1.00 0
0.0360 3.2902 -0.0788 0.00 0.00 1.00 0
0.0358 3.3469 -0.0863 0.00 0.00 1.00 0
0.0288 3.4334 -0.0866 0.00 0.00 1.00 0
0.0273 3.4782 -0.0913 0.00 0.00 1.00 0
0.0333 3.5049 -0.0866 0.00 0.00 1.00 0
0.0465 3.5457 -0.0900 0.00 0.00 1.00 0
0.0583 3.5855 -0.0930 0.00 0.00 1.00 0
0.0511 3.6758 -0.0812 0.00 0.00 1.00 0
0.0428 3.7180 -0.0740 0.00 0.00 1.00 0
0.0421 3.7683 -0.0758 0.00 0.00 1.00 0
0.0429 3.8272 -0.0812 0.00 0.00 1.00 0
0.0400 3.9095 -0.0846 0.00 0.00 1.00 0
0.0414 3.9599 -0.0807 0.00 0.00 1.00 0
0.0409 4.0218 -0.0741 0.00 0.00 1.00 0
0.0452 4.0727 -0.0803 0.00 0.00 1.00 0
0.0488 4.0911 -0.0836 0.00 0.00 1.00 0
0.0522 4.1564 -0.0812 0.00 0.00 1.00 0
0.0606 4.2314 -0.0845 0.00 0.00 1.00 0
0.0636 4.2678 -0.0894 0.00 0.00 1.00 0
0.0722 4.3239 -0.1012 0.00 0.00 1.00 0
0.0799 4.3790 -0.1124 0.00 0.00 1.00 0
0.0663 4.4439 -0.0947 0.00 0.00 1.00 0
0.0664 4.4728 -0.0888 0.00 0.00 1.00 0
0.0705 4.5322 -0.0919 0.00 0.00 1.00 0
0.0738 4.5893 -0.0955 0.00 0.00 1.00 0
0.0755 4.6147 -0.0965 0.00 0.00 1.00 0
0.0737 4.7470 -0.0902 0.00 0.00 1.00 0
0.0713 4.8021 -0.0885 0.00 0.00 1.00 0
0.0768 4.8290 -0.0917 0.00 0.00 1.00 0
0.0812 4.8910 -0.0995 0.00 0.00 1.00 0
0.0846 4.9544 -0.1082 0.00 0.00 1.00 0
0.0615 5.0295 -0.1149 0.00 0.00 1.00 0
0.0743 5.1071 -0.1012 0.00 0.00 1.00 0
0.0808 5.1328 -0.0988 0.00 0.00 1.00 0
0.0839 5.2248 -0.0941 0.00 0.00 1.00 0
0.0889 5.2558 -0.0948 0.00 0.00 1.00 0
0.0902 5.3461 -0.0935 0.00 0.00 1.00 0
0.0969 5.3890 -0.0826 0.00 0.00 1.00 0
0.1023 5.4611 -0.0891 0.00 0.00 1.00 0
0.1035 5.5239 -0.0919 0.00 0.00 1.00 0
0.1060 5.6554 -0.1060 0.00 0.00 1.00 0
0.1100 5.6882 -0.1011 0.00 0.00 1.00 0
0.1099 5.7232 -0.1022 0.00 0.00 1.00 0
0.1115 5.7981 -0.1152 0.00 0.00 1.00 0
0.1222 5.9241 -0.1042 0.00 0.00 1.00 0
0.1279 6.0159 -0.1037 0.00 0.00 1.00 0
0.1201 6.0431 -0.1075 0.00 0.00 1.00 0
0.1109 6.1070 -0.1222 0.00 0.00 1.00 0
0.1246 6.1907 -0.1117 0.00 0.00 1.00 0
0.1415 6.3080 -0.1159 0.00 0.00 1.00 0
0.1444 6.3929 -0.1128 0.00 0.00 1.00 0
0.1446 6.4831 -0.1083 0.00 0.00 1.00 0
0.1553 6.5322 -0.0956 0.00 0.00 1.00 0
0.1526 6.6146 -0.1088 0.00 0.00 1.00 0
0.1433 6.6910 -0.1252 0.00 0.00 1.00 0
0.1535 6.7949 -0.1135 0.00 0.00 1.00 0
0.1600 6.9195 -0.1250 0.00 0.00 1.00 0
0.1515 7.0090 -0.1289 0.00 0.00 1.00 0
0.1447 7.0900 -0.1328 0.00 0.00 1.00 0
0.1902 7.2249 -0.1049 0.00 0.00 1.00 0
0.1843 7.3001 -0.1139 0.00 0.00 1.00 0
0.1811 7.3851 -0.1326 0.00 0.00 1.00 0
0.1916 7.4893 -0.1251 0.00 0.00 1.00 0
0.1910 7.6159 -0.1192 0.00 0.00 1.00 0
0.1891 7.6837 -0.1049 0.00 0.00 1.00 0
0.1871 7.7401 -0.0938 0.00 0.00 1.00 0
0.1983 7.8594 -0.1224 0.00 0.00 1.00 0
0.2011 7.9172 -0.1205 0.00 0.00 1.00 0
0.2016 8.0112 -0.1251 0.00 0.00 1.00 0
0.2080 8.1156 -0.1315 0.00 0.00 1.00 0
0.2245 8.2572 -0.1314 0.00 0.00 1.00 0
0.2253 8.2991 -0.1419 0.00 0.00 1.00 0
0.2234 8.3404 -0.1491 0.00 0.00 1.00 0
0.2377 8.5444 -0.1339 0.00 0.00 1.00 0
0.2398 8.6762 -0.1273 0.00 0.00 1.00 0
0.2450 8.7338 -0.1251 0.00 0.00 1.00 0
0.2538 8.8417 -0.1297 0.00 0.00 1.00 0
0.2782 9.0387 -0.1237 0.00 0.00 1.00 0
0.2721 9.1355 -0.1317 0.00 0.00 1.00 0
0.2784 9.1986 -0.1271 0.00 0.00 1.00 0
0.2768 9.3091 -0.1283 0.00 0.00 1.00 0
0.2859 9.4398 -0.1463 0.00 0.00 1.00 0
0.2871 9.5593 -0.1691 0.00 0.00 1.00 0
0.2715 9.6085 -0.1750 0.00 0.00 1.00 0
0.2921 9.7692 -0.1481 0.00 0.00 1.00 0
0.2965 9.9585 -0.1401 0.00 0.00 1.00 0
0.2994 10.0718 -0.1403 0.00 0.00 1.00 0
0.2998 10.1220 -0.1451 0.00 0.00 1.00 0
0.3119 10.3070 -0.1459 0.00 0.00 1.00 0
0.3193 10.4285 -0.1565 0.00 0.00 1.00 0
0.3189 10.5404 -0.1669 0.00 0.00 1.00 0
0.3226 10.6664 -0.1557 0.00 0.00 1.00 0
0.3246 10.7940 -0.1524 0.00 0.00 1.00 0
0.3292 10.8480 -0.1511 0.00 0.00 1.00 0
0.3260 10.9546 -0.1642 0.00 0.00 1.00 0
0.3335 11.1217 -0.1542 0.00 0.00 1.00 0
0.3394 11.2204 -0.1668 0.00 0.00 1.00 0
0.3472 11.3488 -0.1513 0.00 0.00 1.00 0
0.3474 11.3922 -0.1536 0.00 0.00 1.00 0
0.3567 11.4926 -0.1485 0.00 0.00 1.00 0
0.3691 11.6324 -0.1498 0.00 0.00 1.00 0
0.3694 11.7255 -0.1498 0.00 0.00 1.00 0
0.3702 11.7792 -0.1366 0.00 0.00 1.00 0
0.3705 11.8638 -0.1492 0.00 0.00 1.00 0
0.3775 11.9934 -0.1488 0.00 0.00 1.00 0
0.3682 12.0637 -0.1653 0.00 0.00 1.00 0
0.3637 12.1489 -0.1821 0.00 0.00 1.00 0
0.3883 12.2894 -0.1584 0.00 0.00 1.00 0
0.3917 12.3250 -0.1559 0.00 0.00 1.00 0
0.3956 12.3955 -0.1625 0.00 0.00 1.00 0
0.3997 12.4685 -0.1704 0.00 0.00 1.00 0
0.4043 12.5833 -0.1598 0.00 0.00 1.00 0
0.4027 12.6089 -0.1643 0.00 0.00 1.00 0
0.4010 12.6338 -0.1689 0.00 0.00 1.00 0
0.4151 12.7538 -0.1590 0.00 0.00 1.00 0
0.4191 12.7883 -0.1669 0.00 0.00 1.00 0
0.4221 12.8461 -0.1815 0.00 0.00 1.00 0
0.4007 12.9328 -0.2080 0.00 0.00 1.00 0
0.4121 12.9818 -0.1882 0.00 0.00 1.00 0
0.4238 13.0614 -0.1747 0.00 0.00 1.00 0
0.4297 13.1361 -0.1711 0.00 0.00 1.00 0
0.4294 13.1657 -0.1685 0.00 0.00 1.00 0
0.4323 13.2281 -0.1756 0.00 0.00 1.00 0
0.4373 13.3297 -0.1693 0.00 0.00 1.00 0
0.4420 13.3963 -0.1706 0.00 0.00 1.00 0
0.4420 13.4290 -0.1728 0.00 0.00 1.00 0
0.4556 13.4894 -0.1828 0.00 0.00 1.00 0
0.4585 13.6111 -0.1796 0.00 0.00 1.00 0
0.4529 13.6862 -0.1757 0.00 0.00 1.00 0
0.4595 13.7325 -0.1708 0.00 0.00 1.00 0
0.4623 13.8093 -0.1781 0.00 0.00 1.00 0
0.4669 13.8872 -0.1904 0.00 0.00 1.00 0
0.4644 14.0747 -0.1821 0.00 0.00 1.00 0
0.4657 14.1241 -0.1686 0.00 0.00 1.00 0
0.4709 14.2186 -0.1809 0.00 0.00 1.00 0
0.4727 14.2933 -0.1935 0.00 0.00 1.00 0
0.4807 14.3905 -0.1942 0.00 0.00 1.00 0
0.4901 14.4939 -0.1867 0.00 0.00 1.00 0
0.5109 14.5968 -0.1998 0.00 0.00 1.00 0
0.5255 14.7142 -0.2095 0.00 0.00 1.00 0
0.5163 14.7758 -0.1931 0.00 0.00 1.00 0
0.5207 14.8905 -0.1861 0.00 0.00 1.00 0
0.5165 15.0117 -0.2131 0.00 0.00 1.00 0
0.5182 15.0940 -0.2301 0.00 0.00 1.00 0
0.5167 15.1430 -0.2374 0.00 0.00 1.00 0
0.5124 15.2624 -0.2229 0.00 0.00 1.00 0
0.5305 15.4596 -0.1975 0.00 0.00 1.00 0
0.5383 15.5832 -0.1930 0.00 0.00 1.00 0
0.5438 15.6937 -0.1953 0.00 0.00 1.00 0
0.5568 15.7967 -0.2008 0.00 0.00 1.00 0
0.5599 15.8486 -0.2012 0.00 0.00 1.00 0
0.5631 15.9611 -0.2027 0.00 0.00 1.00 0
0.5669 16.1208 -0.2035 0.00 0.00 1.00 0
0.5738 16.2246 -0.2113 0.00 0.00 1.00 0
0.5788 16.2837 -0.2048 0.00 0.00 1.00 0
0.5884 16.3835 -0.2091 0.00 0.00 1.00 0
0.5945 16.5377 -0.2119 0.00 0.00 1.00 0
0.6077 16.6463 -0.2070 0.00 0.00 1.00 0
0.6150 16.7419 -0.2096 0.00 0.00 1.00 0
0.6184 16.7864 -0.2128 0.00 0.00 1.00 0
0.6309 16.8998 -0.2103 0.00 0.00 1.00 0
0.6388 17.0048 -0.2117 0.00 0.00 1.00 0
0.6534 17.2015 -0.2129 0.00 0.00 1.00 0
0.6584 17.2531 -0.2137 0.00 0.00 1.00 0
0.6669 17.3099 -0.2093 0.00 0.00 1.00 0
0.6766 17.4576 -0.2197 0.00 0.00 1.00 0
0.6853 17.5634 -0.2218 0.00 0.00 1.00 0
0.6913 17.6615 -0.2226 0.00 0.00 1.00 0
0.6926 17.7220 -0.2259 0.00 0.00 1.00 0
0.7016 17.8608 -0.2349 0.00 0.00 1.00 0
0.6964 17.9502 -0.2386 0.00 0.00 1.00 0
0.7040 18.0140 -0.2268 0.00 0.00 1.00 0
0.7241 18.1842 -0.2319 0.00 0.00 1.00 0
0.7516 18.2644 -0.2380 0.00 0.00 1.00 0
0.7573 18.3327 -0.2336 0.00 0.00 1.00 0
0.7811 18.5032 -0.2419 0.00 0.00 1.00 0
0.7848 18.6176 -0.2383 0.00 0.00 1.00 0
0.7876 18.7285 -0.2390 0.00 0.00 1.00 0
0.7908 18.7769 -0.2434 0.00 0.00 1.00 0
0.7994 18.9284 -0.2375 0.00 0.00 1.00 0
0.8075 19.0249 -0.2409 0.00 0.00 1.00 0
0.8110 19.1337 -0.2440 0.00 0.00 1.00 0
0.8230 19.1874 -0.2319 0.00 0.00 1.00 0
0.8403 19.3101 -0.2356 0.00 0.00 1.00 0
0.8469 19.4033 -0.2365 0.00 0.00 1.00 0
0.8507 19.4615 -0.2297 0.00 0.00 1.00 0
0.8517 19.6152 -0.2455 0.00 0.00 1.00 0
0.8621 19.6700 -0.2395 0.00 0.00 1.00 0
0.8722 19.7624 -0.2415 0.00 0.00 1.00 0
0.8819 19.8456 -0.2470 0.00 0.00 1.00 0
0.8957 19.8960 -0.2405 0.00 0.00 1.00 0
0.9017 19.9819 -0.2467 0.00 0.00 1.00 0
0.9123 20.0233 -0.2423 0.00 0.00 1.00 0
0.9330 20.1659 -0.2397 0.00 0.00 1.00 0
0.9324 20.2093 -0.2474 0.00 0.00 1.00 0
0.9434 20.3001 -0.2455 0.00 0.00 1.00 0
0.9548 20.4113 -0.2497 0.00 0.00 1.00 0
0.9599 20.4929 -0.2567 0.00 0.00 1.00 0
0.9660 20.5637 -0.2656 0.00 0.00 1.00 0
0.9494 20.6127 -0.2677 0.00 0.00 1.00 0
0.9805 20.7012 -0.2607 0.00 0.00 1.00 0
0.9815 20.7613 -0.2669 0.00 0.00 1.00 0
0.9905 20.8088 -0.2625 0.00 0.00 1.00 0
1.0055 20.9081 -0.2587 0.00 0.00 1.00 0
1.0058 20.9368 -0.2594 0.00 0.00 1.00 0
1.0129 20.9742 -0.2631 0.00 0.00 1.00 0
1.0175 21.0239 -0.2695 0.00 0.00 1.00 0
1.0268 21.0511 -0.2706 0.00 0.00 1.00 0
1.0260 21.0920 -0.2769 0.00 0.00 1.00 0
1.0208 21.1701 -0.2908 0.00 0.00 1.00 0
1.0181 21.1937 -0.2967 0.00 0.00 1.00 0
1.0388 21.2287 -0.3017 0.00 0.00 1.00 0
1.0514 21.2544 -0.3066 0.00 0.00 1.00 0
1.0504 21.3195 -0.2974 0.00 0.00 1.00 0
1.0485 21.3437 -0.2877 0.00 0.00 1.00 0
1.0452 21.3594 -0.2803 0.00 0.00 1.00 0
1.0396 21.3810 -0.2796 0.00 0.00 1.00 0
1.0545 21.4183 -0.2745 0.00 0.00 1.00 0
1.0676 21.4401 -0.2790 0.00 0.00 1.00 0
1.0703 21.4505 -0.2833 0.00 0.00 1.00 0
1.0768 21.4660 -0.2827 0.00 0.00 1.00 0
1.0867 21.4808 -0.2862 0.00 0.00 1.00 0
1.0879 21.4827 -0.2867 0.00 0.00 1.00 0
1.0877 21.4954 -0.2861 0.00 0.00 1.00 0
1.0832 21.5120 -0.2804 0.00 0.00 1.00 0
1.0832 21.5125 -0.2804 0.00 0.00 1.00 0
1.0836 21.5133 -0.2808 0.00 0.00 1.00 0
1.0856 21.5168 -0.2811 0.00 0.00 1.00 0
1.0856 21.5171 -0.2811 0.00 0.00 1.00 0
1.0882 21.5202 -0.2818 0.00 0.00 1.00 0
1.0877 21.5217 -0.2801 0.00 0.00 1.00 0
1.0916 21.5243 -0.2802 0.00 0.00 1.00 0
1.0919 21.5280 -0.2790 0.00 0.00 1.00 0
1.0919 21.5276 -0.2788 0.00 0.00 1.00 0
1.0919 21.5275 -0.2786 0.00 0.00 1.00 0
1.0918 21.5257 -0.2779 0.00 0.00 1.00 0
1.0927 21.5270 -0.2782 0.00 0.00 1.00 0
1.0925 21.5261 -0.2781 0.00 0.00 1.00 0
1.0961 21.5259 -0.2751 0.00 0.00 1.00 0
1.0957 21.5250 -0.2750 0.00 0.00 1.00 0
1.0971 21.5260 -0.2753 0.00 0.00 1.00 0
1.0971 21.5261 -0.2752 0.00 0.00 1.00 0
1.0957 21.5263 -0.2756 0.00 0.00 1.00 0
