-16.3542 29.5089 0.0608 0.00 0.00 1.00 0
-16.3533 29.5106 0.0623 0.00 0.00 1.00 0
-16.3549 29.5054 0.0589 0.00 0.00 1.00 0
-16.3550 29.5053 0.0589 0.00 0.00 1.00 0
-16.3544 29.5086 0.0621 0.00 0.00 1.00 0
-16.3566 29.5045 0.0613 0.00 0.00 1.00 0
-16.3559 29.5068 0.0614 0.00 0.00 1.00 0
-16.3568 29.5044 0.0606 0.00 0.00 1.00 0
-16.3554 29.5078 0.0602 0.00 0.00 1.00 0
-16.3557 29.5007 0.0623 0.00 0.00 1.00 0
-16.3546 29.4986 0.0582 0.00 0.00 1.00 0
-16.3524 29.4996 0.0613 0.00 0.00 1.00 0
-16.3525 29.5049 0.0611 0.00 0.00 1.00 0
-16.3533 29.5047 0.0617 0.00 0.00 1.00 0
-16.3508 29.5080 0.0614 0.00 0.00 1.00 0
-16.3534 29.5111 0.0630 0.00 0.00 1.00 0
-16.3525 29.5130 0.0628 0.00 0.00 1.00 0
-16.3511 29.5148 0.0624 0.00 0.00 1.00 0
-16.3511 29.5187 0.0639 0.00 0.00 1.00 0
-16.3510 29.5189 0.0630 0.00 0.00 1.00 0
-16.3588 29.5235 0.0654 0.00 0.00 1.00 0
-16.3582 29.5187 0.0623 0.00 0.00 1.00 0
-16.3583 29.5189 0.0591 0.00 0.00 1.00 0
-16.3632 29.5236 0.0624 0.00 0.00 1.00 0
-16.3636 29.5226 0.0606 0.00 0.00 1.00 0
-16.3643 29.5162 0.0576 0.00 0.00 1.00 0
-16.3470 29.5116 0.0579 0.00 0.00 1.00 0
-16.3474 29.4879 0.0545 0.00 0.00 1.00 0
-16.3611 29.4730 0.0427 0.00 0.00 1.00 0
-16.3652 29.4331 0.0382 0.00 0.00 1.00 0
-16.3664 29.4300 0.0370 0.00 0.00 1.00 0
-16.3733 29.4182 0.0356 0.00 0.00 1.00 0
-16.3611 29.3887 0.0330 0.00 0.00 1.00 0
-16.3702 29.3598 0.0185 0.00 0.00 1.00 0
-16.3827 29.3441 0.0166 0.00 0.00 1.00 0
-16.4026 29.3237 0.0194 0.00 0.00 1.00 0
-16.4088 29.2765 0.0128 0.00 0.00 1.00 0
-16.3985 29.2305 0.0327 0.00 0.00 1.00 0
-16.4154 29.1892 0.0103 0.00 0.00 1.00 0
-16.4103 29.1229 0.0154 0.00 0.00 1.00 0
-16.4088 29.0628 0.0202 0.00 0.00 1.00 0
-16.4166 29.0452 0.0059 0.00 0.00 1.00 0
-16.4163 28.9795 0.0041 0.00 0.00 1.00 0
-16.3993 28.9134 0.0074 0.00 0.00 1.00 0
-16.4020 28.8760 0.0001 0.00 0.00 1.00 0
-16.3859 28.7136 -0.0055 0.00 0.00 1.00 0
-16.3836 28.6381 -0.0099 0.00 0.00 1.00 0
-16.3782 28.5460 -0.0053 0.00 0.00 1.00 0
-16.3699 28.4467 -0.0014 0.00 0.00 1.00 0
-16.3762 28.4266 -0.0138 0.00 0.00 1.00 0
-16.3813 28.3011 -0.0325 0.00 0.00 1.00 0
-16.3823 28.2524 -0.0333 0.00 0.00 1.00 0
-16.3771 28.1386 -0.0187 0.00 0.00 1.00 0
-16.3807 27.9460 -0.0151 0.00 0.00 1.00 0
-16.3756 27.8999 -0.0165 0.00 0.00 1.00 0
-16.3784 27.8331 -0.0196 0.00 0.00 1.00 0
-16.3756 27.7921 -0.0237 0.00 0.00 1.00 0
-16.3782 27.7086 -0.0306 0.00 0.00 1.00 0
-16.3845 27.5756 -0.0382 0.00 0.00 1.00 0
-16.3895 27.4814 -0.0615 0.00 0.00 1.00 0
-16.3854 27.4066 -0.0734 0.00 0.00 1.00 0
-16.3902 27.3191 -0.0947 0.00 0.00 1.00 0
-16.3882 27.2710 -0.0923 0.00 0.00 1.00 0
-16.3901 27.1956 -0.1125 0.00 0.00 1.00 0
-16.3898 27.1193 -0.1308 0.00 0.00 1.00 0
-16.4070 26.9981 -0.1567 0.00 0.00 1.00 0
-16.3917 26.9117 -0.1731 0.00 0.00 1.00 0
-16.3867 26.8214 -0.1734 0.00 0.00 1.00 0
-16.3781 26.7224 -0.1767 0.00 0.00 1.00 0
-16.3794 26.6812 -0.1668 0.00 0.00 1.00 0
-16.3827 26.5680 -0.1761 0.00 0.00 1.00 0
-16.3996 26.4438 -0.1704 0.00 0.00 1.00 0
-16.4060 26.3512 -0.1910 0.00 0.00 1.00 0
-16.4205 26.2362 -0.1960 0.00 0.00 1.00 0
-16.4127 26.1471 -0.1975 0.00 0.00 1.00 0
-16.4044 26.0852 -0.1789 0.00 0.00 1.00 0
-16.3857 25.8806 -0.1663 0.00 0.00 1.00 0
-16.3892 25.7729 -0.1811 0.00 0.00 1.00 0
-16.3893 25.6646 -0.1787 0.00 0.00 1.00 0
-16.3865 25.5552 -0.1816 0.00 0.00 1.00 0
-16.3862 25.4518 -0.1973 0.00 0.00 1.00 0
-16.3845 25.2947 -0.1838 0.00 0.00 1.00 0
-16.3881 25.2513 -0.1866 0.00 0.00 1.00 0
-16.4043 25.1421 -0.1930 0.00 0.00 1.00 0
-16.4002 25.1041 -0.1979 0.00 0.00 1.00 0
-16.4089 24.9872 -0.2001 0.00 0.00 1.00 0
-16.4364 24.8113 -0.1976 0.00 0.00 1.00 0
-16.4670 24.6150 -0.2369 0.00 0.00 1.00 0
-16.4629 24.5051 -0.2245 0.00 0.00 1.00 0
-16.4696 24.3971 -0.2410 0.00 0.00 1.00 0
-16.4598 24.3470 -0.2418 0.00 0.00 1.00 0
-16.4667 24.2347 -0.2478 0.00 0.00 1.00 0
-16.4640 24.0426 -0.2459 0.00 0.00 1.00 0
-16.4708 23.8024 -0.2528 0.00 0.00 1.00 0
-16.4487 23.7358 -0.2695 0.00 0.00 1.00 0
-16.4205 23.6530 -0.2758 0.00 0.00 1.00 0
-16.4148 23.5334 -0.2517 0.00 0.00 1.00 0
-16.4174 23.4700 -0.2414 0.00 0.00 1.00 0
-16.4026 23.4042 -0.2456 0.00 0.00 1.00 0
-16.4024 23.3394 -0.2321 0.00 0.00 1.00 0
-16.4148 23.1378 -0.2469 0.00 0.00 1.00 0
-16.4464 23.0580 -0.2722 0.00 0.00 1.00 0
-16.4371 22.9555 -0.2848 0.00 0.00 1.00 0
-16.4271 22.8811 -0.3052 0.00 0.00 1.00 0
-16.4298 22.8083 -0.2934 0.00 0.00 1.00 0
-16.4526 22.6787 -0.3028 0.00 0.00 1.00 0
-16.4485 22.5612 -0.2934 0.00 0.00 1.00 0
-16.4510 22.5061 -0.2950 0.00 0.00 1.00 0
-16.4581 22.3796 -0.2698 0.00 0.00 1.00 0
-16.4522 22.2401 -0.2727 0.00 0.00 1.00 0
-16.4509 22.1184 -0.2641 0.00 0.00 1.00 0
-16.4517 22.0187 -0.2646 0.00 0.00 1.00 0
-16.4643 21.8738 -0.2502 0.00 0.00 1.00 0
-16.4719 21.6966 -0.2488 0.00 0.00 1.00 0
-16.4712 21.5967 -0.2604 0.00 0.00 1.00 0
-16.4662 21.4613 -0.2518 0.00 0.00 1.00 0
-16.4745 21.4014 -0.2609 0.00 0.00 1.00 0
-16.4801 21.2842 -0.2439 0.00 0.00 1.00 0
-16.4832 21.1789 -0.2539 0.00 0.00 1.00 0
-16.4783 20.9167 -0.2284 0.00 0.00 1.00 0
-16.4795 20.8542 -0.2183 0.00 0.00 1.00 0
-16.4909 20.8270 -0.2320 0.00 0.00 1.00 0
-16.5066 20.7199 -0.2162 0.00 0.00 1.00 0
-16.5211 20.5220 -0.1818 0.00 0.00 1.00 0
-16.5109 20.4805 -0.1948 0.00 0.00 1.00 0
-16.5373 20.3769 -0.1939 0.00 0.00 1.00 0
-16.5472 20.2670 -0.2031 0.00 0.00 1.00 0
-16.5490 20.1533 -0.2020 0.00 0.00 1.00 0
-16.5619 20.0989 -0.1981 0.00 0.00 1.00 0
-16.6393 19.9326 -0.1622 0.00 0.00 1.00 0
-16.7221 19.6923 -0.1364 0.00 0.00 1.00 0
-16.7143 19.6346 -0.1298 0.00 0.00 1.00 0
-16.7227 19.5764 -0.1212 0.00 0.00 1.00 0
-16.7612 19.4726 -0.1185 0.00 0.00 1.00 0
-16.7779 19.2332 -0.0862 0.00 0.00 1.00 0
-16.7943 19.1837 -0.0937 0.00 0.00 1.00 0
-16.8071 19.0510 -0.0671 0.00 0.00 1.00 0
-16.8194 19.0021 -0.0530 0.00 0.00 1.00 0
-16.8567 18.8901 -0.0798 0.00 0.00 1.00 0
-16.9081 18.7024 -0.0554 0.00 0.00 1.00 0
-16.9222 18.5936 -0.0493 0.00 0.00 1.00 0
-16.9436 18.5264 -0.0328 0.00 0.00 1.00 0
-16.9609 18.4339 -0.0077 0.00 0.00 1.00 0
-16.9920 18.2869 0.0008 0.00 0.00 1.00 0
-17.0108 18.1494 0.0204 0.00 0.00 1.00 0
-17.0369 18.0396 0.0500 0.00 0.00 1.00 0
-17.0994 17.8788 0.0258 0.00 0.00 1.00 0
-17.1370 17.8053 0.0089 0.00 0.00 1.00 0
-17.1634 17.7186 -0.0144 0.00 0.00 1.00 0
-17.1702 17.6008 0.0122 0.00 0.00 1.00 0
-17.1664 17.5453 0.0294 0.00 0.00 1.00 0
-17.1823 17.4273 0.0523 0.00 0.00 1.00 0
-17.2136 17.1912 0.0924 0.00 0.00 1.00 0
-17.2294 17.1385 0.1048 0.00 0.00 1.00 0
-17.2312 17.0426 0.0948 0.00 0.00 1.00 0
-17.2261 16.9575 0.1053 0.00 0.00 1.00 0
-17.2313 16.8771 0.1061 0.00 0.00 1.00 0
-17.2299 16.7772 0.1079 0.00 0.00 1.00 0
-17.2272 16.7394 0.1057 0.00 0.00 1.00 0
-17.2480 16.6413 0.1027 0.00 0.00 1.00 0
-17.2480 16.4563 0.1336 0.00 0.00 1.00 0
-17.2559 16.4156 0.1416 0.00 0.00 1.00 0
-17.2720 16.3121 0.1392 0.00 0.00 1.00 0
-17.2854 16.2235 0.1289 0.00 0.00 1.00 0
-17.2951 16.1435 0.1222 0.00 0.00 1.00 0
-17.3043 16.0538 0.1306 0.00 0.00 1.00 0
-17.3122 15.8542 0.1468 0.00 0.00 1.00 0
-17.3145 15.7583 0.1570 0.00 0.00 1.00 0
-17.3307 15.6680 0.1497 0.00 0.00 1.00 0
-17.3208 15.5671 0.1590 0.00 0.00 1.00 0
-17.3126 15.5379 0.1562 0.00 0.00 1.00 0
-17.3095 15.4601 0.1492 0.00 0.00 1.00 0
-17.3061 15.3639 0.1427 0.00 0.00 1.00 0
-17.3001 15.2093 0.1442 0.00 0.00 1.00 0
-17.3024 15.0242 0.1464 0.00 0.00 1.00 0
-17.3021 14.9184 0.1408 0.00 0.00 1.00 0
-17.2938 14.8683 0.1443 0.00 0.00 1.00 0
-17.2932 14.7930 0.1256 0.00 0.00 1.00 0
-17.2903 14.6201 0.0891 0.00 0.00 1.00 0
-17.2891 14.6006 0.0910 0.00 0.00 1.00 0
-17.2782 14.4794 0.0729 0.00 0.00 1.00 0
-17.2742 14.4616 0.0715 0.00 0.00 1.00 0
-17.2615 14.3874 0.0789 0.00 0.00 1.00 0
-17.2438 14.3363 0.0853 0.00 0.00 1.00 0
-17.2377 14.2511 0.0843 0.00 0.00 1.00 0
-17.2479 14.1640 0.0831 0.00 0.00 1.00 0
-17.2441 14.0541 0.0881 0.00 0.00 1.00 0
-17.2432 14.0152 0.0929 0.00 0.00 1.00 0
-17.2621 13.9391 0.0928 0.00 0.00 1.00 0
-17.2845 13.8543 0.0915 0.00 0.00 1.00 0
-17.2866 13.8393 0.0798 0.00 0.00 1.00 0
-17.2842 13.7331 0.0894 0.00 0.00 1.00 0
-17.2804 13.5249 0.0865 0.00 0.00 1.00 0
-17.2795 13.5047 0.0703 0.00 0.00 1.00 0
-17.2708 13.3944 0.0769 0.00 0.00 1.00 0
-17.2639 13.2380 0.0687 0.00 0.00 1.00 0
-17.2569 13.1463 0.0694 0.00 0.00 1.00 0
-17.2442 13.0487 0.0797 0.00 0.00 1.00 0
-17.2423 12.9407 0.0850 0.00 0.00 1.00 0
-17.2406 12.8633 0.0688 0.00 0.00 1.00 0
-17.2364 12.8390 0.0575 0.00 0.00 1.00 0
-17.2555 12.7514 0.0497 0.00 0.00 1.00 0
-17.2722 12.6691 0.0438 0.00 0.00 1.00 0
-17.2493 12.5411 0.0397 0.00 0.00 1.00 0
-17.2414 12.4506 0.0450 0.00 0.00 1.00 0
-17.2166 12.3395 0.0246 0.00 0.00 1.00 0
-17.2032 12.3033 0.0197 0.00 0.00 1.00 0
-17.1833 12.2351 0.0066 0.00 0.00 1.00 0
-17.1576 12.1659 -0.0018 0.00 0.00 1.00 0
-17.1335 12.0927 -0.0131 0.00 0.00 1.00 0
-17.1216 12.0512 -0.0155 0.00 0.00 1.00 0
-17.0799 11.8746 -0.0227 0.00 0.00 1.00 0
-17.0767 11.8414 -0.0190 0.00 0.00 1.00 0
-17.0734 11.7890 0.0543 0.00 0.00 1.00 0
-17.0718 11.6847 0.0946 0.00 0.00 1.00 0
-17.0930 11.5731 0.1444 0.00 0.00 1.00 0
-17.1133 11.5395 0.2437 0.00 0.00 1.00 0
-17.1326 11.4364 0.2661 0.00 0.00 1.00 0
-17.1241 11.3381 0.2664 0.00 0.00 1.00 0
-17.1169 11.2370 0.2737 0.00 0.00 1.00 0
-17.1128 11.1978 0.2709 0.00 0.00 1.00 0
-17.0837 11.1054 0.2665 0.00 0.00 1.00 0
-17.0848 10.9581 0.2770 0.00 0.00 1.00 0
-17.0825 10.9206 0.2797 0.00 0.00 1.00 0
-17.0988 10.7627 0.3149 0.00 0.00 1.00 0
-17.0954 10.6670 0.2922 0.00 0.00 1.00 0
-17.0806 10.5869 0.3015 0.00 0.00 1.00 0
-17.0834 10.5230 0.2905 0.00 0.00 1.00 0
-17.0977 10.3789 0.2914 0.00 0.00 1.00 0
-17.1040 10.3400 0.2984 0.00 0.00 1.00 0
-17.0410 10.2515 0.2941 0.00 0.00 1.00 0
-17.0335 10.2059 0.2857 0.00 0.00 1.00 0
-17.0570 10.0948 0.2843 0.00 0.00 1.00 0
-17.0499 9.9927 0.2715 0.00 0.00 1.00 0
-17.0806 9.8332 0.2823 0.00 0.00 1.00 0
-17.0838 9.7741 0.2879 0.00 0.00 1.00 0
-17.0903 9.6674 0.2916 0.00 0.00 1.00 0
-17.0880 9.6218 0.2911 0.00 0.00 1.00 0
-17.0748 9.4582 0.2888 0.00 0.00 1.00 0
-17.0819 9.3352 0.2765 0.00 0.00 1.00 0
-17.0978 9.1620 0.2650 0.00 0.00 1.00 0
-17.1018 9.1202 0.2590 0.00 0.00 1.00 0
-17.0954 8.9992 0.2504 0.00 0.00 1.00 0
-17.0890 8.8785 0.2598 0.00 0.00 1.00 0
-17.0926 8.7783 0.2816 0.00 0.00 1.00 0
-17.0773 8.7526 0.2898 0.00 0.00 1.00 0
-17.0772 8.6642 0.2929 0.00 0.00 1.00 0
-17.0289 8.4575 0.3297 0.00 0.00 1.00 0
-17.0543 8.3571 0.3141 0.00 0.00 1.00 0
-17.0598 8.1861 0.3231 0.00 0.00 1.00 0
-17.0553 8.1394 0.3136 0.00 0.00 1.00 0
-17.0510 8.0346 0.3156 0.00 0.00 1.00 0
-17.0278 7.8812 0.3227 0.00 0.00 1.00 0
-17.0236 7.8228 0.3201 0.00 0.00 1.00 0
-17.0452 7.7047 0.3156 0.00 0.00 1.00 0
-17.0639 7.5320 0.3119 0.00 0.00 1.00 0
-17.0458 7.4900 0.3252 0.00 0.00 1.00 0
-17.0125 7.3355 0.3343 0.00 0.00 1.00 0
-16.9920 7.2963 0.3386 0.00 0.00 1.00 0
-16.9931 7.1957 0.3383 0.00 0.00 1.00 0
-16.9831 7.1556 0.3322 0.00 0.00 1.00 0
-16.9934 7.0560 0.3229 0.00 0.00 1.00 0
-16.9604 6.8756 0.3479 0.00 0.00 1.00 0
-16.9539 6.8343 0.3507 0.00 0.00 1.00 0
-16.9614 6.7282 0.3412 0.00 0.00 1.00 0
-16.9556 6.6437 0.3540 0.00 0.00 1.00 0
-16.9548 6.6055 0.3459 0.00 0.00 1.00 0
-16.9734 6.5294 0.3401 0.00 0.00 1.00 0
-16.9980 6.4295 0.3439 0.00 0.00 1.00 0
-16.9168 6.3043 0.3664 0.00 0.00 1.00 0
-16.9092 6.2759 0.3646 0.00 0.00 1.00 0
-16.9266 6.1910 0.3635 0.00 0.00 1.00 0
-16.9235 6.1049 0.3776 0.00 0.00 1.00 0
-16.9082 6.0664 0.3717 0.00 0.00 1.00 0
-16.9066 5.9763 0.3729 0.00 0.00 1.00 0
-16.9178 5.9019 0.3756 0.00 0.00 1.00 0
-16.9154 5.8191 0.3769 0.00 0.00 1.00 0
-16.9085 5.7924 0.3759 0.00 0.00 1.00 0
-16.8987 5.7308 0.3783 0.00 0.00 1.00 0
-16.8988 5.6040 0.3698 0.00 0.00 1.00 0
-16.9137 5.5648 0.3711 0.00 0.00 1.00 0
-16.9105 5.4951 0.3742 0.00 0.00 1.00 0
-16.9062 5.4685 0.3691 0.00 0.00 1.00 0
-16.9102 5.3420 0.3769 0.00 0.00 1.00 0
-16.9164 5.3110 0.3851 0.00 0.00 1.00 0
-16.9017 5.2654 0.3793 0.00 0.00 1.00 0
-16.8994 5.1928 0.3897 0.00 0.00 1.00 0
-16.8911 5.1289 0.3823 0.00 0.00 1.00 0
-16.8840 5.1072 0.3815 0.00 0.00 1.00 0
-16.8550 5.0239 0.3610 0.00 0.00 1.00 0
-16.8833 4.9858 0.3757 0.00 0.00 1.00 0
-16.8809 4.9194 0.3682 0.00 0.00 1.00 0
-16.9081 4.8343 0.4053 0.00 0.00 1.00 0
-16.9017 4.7825 0.4013 0.00 0.00 1.00 0
-16.8947 4.7622 0.3934 0.00 0.00 1.00 0
-16.8841 4.7080 0.3888 0.00 0.00 1.00 0
-16.8517 4.6112 0.3977 0.00 0.00 1.00 0
-16.8793 4.5607 0.3796 0.00 0.00 1.00 0
-16.8773 4.4985 0.3753 0.00 0.00 1.00 0
-16.8669 4.4353 0.3955 0.00 0.00 1.00 0
-16.8503 4.3410 0.3956 0.00 0.00 1.00 0
-16.8747 4.2793 0.3970 0.00 0.00 1.00 0
-16.8763 4.2010 0.4000 0.00 0.00 1.00 0
-16.8760 4.1215 0.4038 0.00 0.00 1.00 0
-16.8895 3.9979 0.4010 0.00 0.00 1.00 0
-16.8845 3.9552 0.4054 0.00 0.00 1.00 0
-16.8916 3.9022 0.4111 0.00 0.00 1.00 0
-16.8998 3.8139 0.4191 0.00 0.00 1.00 0
-16.8941 3.6518 0.4072 0.00 0.00 1.00 0
-16.8831 3.6123 0.4199 0.00 0.00 1.00 0
-16.8931 3.5247 0.4085 0.00 0.00 1.00 0
-16.8886 3.4383 0.3997 0.00 0.00 1.00 0
-16.8894 3.3445 0.4083 0.00 0.00 1.00 0
-16.8928 3.2403 0.4159 0.00 0.00 1.00 0
-16.9010 3.1462 0.4187 0.00 0.00 1.00 0
-16.8978 3.1030 0.4199 0.00 0.00 1.00 0
-16.9033 2.9066 0.3951 0.00 0.00 1.00 0
-16.8864 2.8796 0.4065 0.00 0.00 1.00 0
-16.9062 2.7796 0.4198 0.00 0.00 1.00 0
-16.9284 2.6241 0.4188 0.00 0.00 1.00 0
-16.9230 2.5696 0.4129 0.00 0.00 1.00 0
-16.9312 2.4818 0.4081 0.00 0.00 1.00 0
-16.9361 2.3757 0.3956 0.00 0.00 1.00 0
-16.9392 2.2719 0.3966 0.00 0.00 1.00 0
-16.9420 2.1210 0.4096 0.00 0.00 1.00 0
-16.9570 2.0084 0.3959 0.00 0.00 1.00 0
-16.9557 1.9470 0.3947 0.00 0.00 1.00 0
-16.9503 1.9005 0.3989 0.00 0.00 1.00 0
-16.9802 1.6861 0.3758 0.00 0.00 1.00 0
-16.9255 1.6711 0.4157 0.00 0.00 1.00 0
-16.8672 1.5437 0.4345 0.00 0.00 1.00 0
-16.8599 1.4843 0.4300 0.00 0.00 1.00 0
-16.8300 1.4127 0.4189 0.00 0.00 1.00 0
-16.8436 1.2418 0.4219 0.00 0.00 1.00 0
-16.8335 1.2034 0.4111 0.00 0.00 1.00 0
-16.8277 1.1069 0.4097 0.00 0.00 1.00 0
-16.8297 0.9973 0.3899 0.00 0.00 1.00 0
-16.8261 0.8372 0.4004 0.00 0.00 1.00 0
-16.8191 0.7888 0.3985 0.00 0.00 1.00 0
-16.8155 0.6805 0.3830 0.00 0.00 1.00 0
-16.8091 0.5695 0.3795 0.00 0.00 1.00 0
-16.7754 0.4515 0.3681 0.00 0.00 1.00 0
-16.7773 0.3479 0.3893 0.00 0.00 1.00 0
-16.7540 0.2893 0.4011 0.00 0.00 1.00 0
-16.7153 0.2343 0.4006 0.00 0.00 1.00 0
-16.7031 0.1154 0.4260 0.00 0.00 1.00 0
-16.7017 0.0769 0.4345 0.00 0.00 1.00 0
-16.6753 -0.1461 0.4500 0.00 0.00 1.00 0
-16.6849 -0.2693 0.4433 0.00 0.00 1.00 0
-16.6830 -0.3243 0.4562 0.00 0.00 1.00 0
-16.6775 -0.4266 0.4629 0.00 0.00 1.00 0
-16.6670 -0.5500 0.4663 0.00 0.00 1.00 0
-16.6616 -0.5890 0.4532 0.00 0.00 1.00 0
-16.6881 -0.6852 0.4471 0.00 0.00 1.00 0
-16.6936 -0.7894 0.4577 0.00 0.00 1.00 0
-16.6912 -0.9198 0.4479 0.00 0.00 1.00 0
-16.6691 -0.9633 0.4441 0.00 0.00 1.00 0
-16.6836 -1.0579 0.4311 0.00 0.00 1.00 0
-16.6866 -1.1106 0.4348 0.00 0.00 1.00 0
-16.6905 -1.3057 0.4263 0.00 0.00 1.00 0
-16.6732 -1.3561 0.4347 0.00 0.00 1.00 0
-16.6471 -1.4642 0.4372 0.00 0.00 1.00 0
-16.6555 -1.5723 0.4302 0.00 0.00 1.00 0
-16.6388 -1.6293 0.4297 0.00 0.00 1.00 0
-16.6096 -1.7338 0.4327 0.00 0.00 1.00 0
-16.5554 -1.9651 0.4370 0.00 0.00 1.00 0
-16.5276 -2.0131 0.4390 0.00 0.00 1.00 0
-16.5395 -2.1048 0.4298 0.00 0.00 1.00 0
-16.5099 -2.2572 0.4256 0.00 0.00 1.00 0
-16.4908 -2.3480 0.4206 0.00 0.00 1.00 0
-16.4634 -2.3949 0.4138 0.00 0.00 1.00 0
-16.4228 -2.4596 0.4391 0.00 0.00 1.00 0
-16.3644 -2.5841 0.4552 0.00 0.00 1.00 0
-16.3682 -2.6671 0.4342 0.00 0.00 1.00 0
-16.3269 -2.7463 0.4494 0.00 0.00 1.00 0
-16.3192 -2.7745 0.4495 0.00 0.00 1.00 0
-16.3244 -2.8449 0.4446 0.00 0.00 1.00 0
-16.2590 -2.9581 0.4528 0.00 0.00 1.00 0
-16.2314 -3.0072 0.4682 0.00 0.00 1.00 0
-16.2125 -3.0840 0.4698 0.00 0.00 1.00 0
-16.2048 -3.1589 0.4665 0.00 0.00 1.00 0
-16.1697 -3.2661 0.4676 0.00 0.00 1.00 0
-16.1415 -3.3401 0.4851 0.00 0.00 1.00 0
-16.1205 -3.4426 0.4641 0.00 0.00 1.00 0
-16.1072 -3.4681 0.4638 0.00 0.00 1.00 0
-16.0597 -3.5906 0.4912 0.00 0.00 1.00 0
-16.0219 -3.6769 0.4774 0.00 0.00 1.00 0
-16.0035 -3.7923 0.4591 0.00 0.00 1.00 0
-15.9905 -3.8235 0.4513 0.00 0.00 1.00 0
-15.9576 -3.9273 0.4529 0.00 0.00 1.00 0
-15.8947 -4.0254 0.4561 0.00 0.00 1.00 0
-15.8744 -4.0766 0.4538 0.00 0.00 1.00 0
-15.7464 -4.2674 0.4617 0.00 0.00 1.00 0
-15.7108 -4.3142 0.4634 0.00 0.00 1.00 0
-15.6518 -4.3947 0.4610 0.00 0.00 1.00 0
-15.5862 -4.4990 0.4660 0.00 0.00 1.00 0
-15.5232 -4.5914 0.4706 0.00 0.00 1.00 0
-15.4207 -4.7190 0.4709 0.00 0.00 1.00 0
-15.3427 -4.8129 0.4645 0.00 0.00 1.00 0
-15.3044 -4.8612 0.4716 0.00 0.00 1.00 0
-15.2480 -4.9473 0.4697 0.00 0.00 1.00 0
-15.2116 -5.0134 0.4623 0.00 0.00 1.00 0
-15.1348 -5.1157 0.4718 0.00 0.00 1.00 0
-14.9450 -5.2724 0.4706 0.00 0.00 1.00 0
-14.8511 -5.3601 0.4704 0.00 0.00 1.00 0
-14.8180 -5.4000 0.4557 0.00 0.00 1.00 0
-14.7150 -5.5062 0.4716 0.00 0.00 1.00 0
-14.5721 -5.6471 0.4680 0.00 0.00 1.00 0
-14.5269 -5.6864 0.4686 0.00 0.00 1.00 0
-14.3992 -5.7983 0.4718 0.00 0.00 1.00 0
-14.3519 -5.8342 0.4607 0.00 0.00 1.00 0
-14.2503 -5.9004 0.4568 0.00 0.00 1.00 0
-14.1419 -5.9574 0.4697 0.00 0.00 1.00 0
-14.0106 -6.0327 0.4261 0.00 0.00 1.00 0
-13.9555 -6.0664 0.4200 0.00 0.00 1.00 0
-13.8166 -6.1253 0.4273 0.00 0.00 1.00 0
-13.6572 -6.1892 0.3976 0.00 0.00 1.00 0
-13.6015 -6.2267 0.3984 0.00 0.00 1.00 0
-13.5142 -6.2420 0.3618 0.00 0.00 1.00 0
-13.3722 -6.2850 0.3472 0.00 0.00 1.00 0
-13.3162 -6.3061 0.3493 0.00 0.00 1.00 0
-13.2200 -6.3586 0.3450 0.00 0.00 1.00 0
-13.1553 -6.3548 0.3433 0.00 0.00 1.00 0
-12.9591 -6.4119 0.3183 0.00 0.00 1.00 0
-12.9161 -6.4290 0.2976 0.00 0.00 1.00 0
-12.8153 -6.4565 0.2779 0.00 0.00 1.00 0
-12.7050 -6.4891 0.2849 0.00 0.00 1.00 0
-12.6040 -6.5392 0.2715 0.00 0.00 1.00 0
-12.4694 -6.6010 0.2675 0.00 0.00 1.00 0
-12.4326 -6.6214 0.2619 0.00 0.00 1.00 0
-12.3331 -6.6503 0.2506 0.00 0.00 1.00 0
-12.2549 -6.6107 0.2426 0.00 0.00 1.00 0
-12.0664 -6.6158 0.2047 0.00 0.00 1.00 0
-12.0298 -6.6301 0.2128 0.00 0.00 1.00 0
-11.8711 -6.6738 0.2167 0.00 0.00 1.00 0
-11.8114 -6.6779 0.2041 0.00 0.00 1.00 0
-11.7282 -6.7577 0.1959 0.00 0.00 1.00 0
-11.6868 -6.7839 0.1878 0.00 0.00 1.00 0
-11.4384 -6.7776 0.1723 0.00 0.00 1.00 0
-11.3975 -6.7454 0.1520 0.00 0.00 1.00 0
-11.2846 -6.7674 0.1542 0.00 0.00 1.00 0
-11.1325 -6.8280 0.1402 0.00 0.00 1.00 0
-11.0636 -6.8283 0.1289 0.00 0.00 1.00 0
-10.9607 -6.8473 0.1293 0.00 0.00 1.00 0
-10.8283 -6.8428 0.1327 0.00 0.00 1.00 0
-10.7069 -6.8680 0.1529 0.00 0.00 1.00 0
-10.5793 -6.9150 0.1204 0.00 0.00 1.00 0
-10.4816 -6.9422 0.1044 0.00 0.00 1.00 0
-10.4250 -6.9525 0.0896 0.00 0.00 1.00 0
-10.3197 -6.9390 0.0798 0.00 0.00 1.00 0
-10.1289 -6.9087 0.0621 0.00 0.00 1.00 0
-10.0727 -6.9117 0.0616 0.00 0.00 1.00 0
-9.9777 -6.9369 0.0464 0.00 0.00 1.00 0
-9.8937 -6.9357 0.0248 0.00 0.00 1.00 0
-9.7558 -6.9357 0.0146 0.00 0.00 1.00 0
-9.6808 -6.9137 -0.0120 0.00 0.00 1.00 0
-9.5418 -6.9145 -0.0389 0.00 0.00 1.00 0
-9.4070 -6.9262 -0.0535 0.00 0.00 1.00 0
-9.3382 -6.9099 -0.0438 0.00 0.00 1.00 0
-9.3010 -6.8999 -0.0789 0.00 0.00 1.00 0
-9.1665 -6.8811 -0.1056 0.00 0.00 1.00 0
-9.0580 -6.8812 -0.1110 0.00 0.00 1.00 0
-8.9587 -6.8783 -0.1131 0.00 0.00 1.00 0
-8.9225 -6.8970 -0.1097 0.00 0.00 1.00 0
-8.7833 -6.8662 -0.1444 0.00 0.00 1.00 0
-8.6194 -6.7987 -0.1481 0.00 0.00 1.00 0
-8.5945 -6.7631 -0.2189 0.00 0.00 1.00 0
-8.5547 -6.7399 -0.2633 0.00 0.00 1.00 0
-8.4446 -6.6988 -0.2692 0.00 0.00 1.00 0
-8.3120 -6.6322 -0.3000 0.00 0.00 1.00 0
-8.2771 -6.6152 -0.3134 0.00 0.00 1.00 0
-8.2106 -6.6233 -0.3189 0.00 0.00 1.00 0
-8.1105 -6.5884 -0.3550 0.00 0.00 1.00 0
-8.0689 -6.5677 -0.3699 0.00 0.00 1.00 0
-7.9765 -6.5483 -0.3731 0.00 0.00 1.00 0
-7.8562 -6.4989 -0.3796 0.00 0.00 1.00 0
-7.7304 -6.4566 -0.4349 0.00 0.00 1.00 0
-7.6219 -6.4195 -0.4262 0.00 0.00 1.00 0
-7.5797 -6.4028 -0.4151 0.00 0.00 1.00 0
-7.4589 -6.3510 -0.4375 0.00 0.00 1.00 0
-7.3525 -6.3134 -0.4424 0.00 0.00 1.00 0
-7.3129 -6.3013 -0.4530 0.00 0.00 1.00 0
-7.2080 -6.2542 -0.5202 0.00 0.00 1.00 0
-7.1476 -6.2311 -0.5583 0.00 0.00 1.00 0
-7.0878 -6.2008 -0.5802 0.00 0.00 1.00 0
-7.0217 -6.1650 -0.6053 0.00 0.00 1.00 0
-6.9098 -6.1093 -0.6153 0.00 0.00 1.00 0
-6.8629 -6.1055 -0.6054 0.00 0.00 1.00 0
-6.7441 -6.0896 -0.6413 0.00 0.00 1.00 0
-6.7116 -6.0902 -0.6620 0.00 0.00 1.00 0
-6.5809 -6.0219 -0.6702 0.00 0.00 1.00 0
-6.5312 -6.0137 -0.6677 0.00 0.00 1.00 0
-6.3998 -5.9630 -0.6708 0.00 0.00 1.00 0
-6.3280 -5.9491 -0.6793 0.00 0.00 1.00 0
-6.2939 -5.9387 -0.7023 0.00 0.00 1.00 0
-6.1902 -5.8785 -0.7556 0.00 0.00 1.00 0
-6.1194 -5.8362 -0.7561 0.00 0.00 1.00 0
-6.0378 -5.7944 -0.7612 0.00 0.00 1.00 0
-5.9645 -5.7402 -0.7758 0.00 0.00 1.00 0
-5.9244 -5.7235 -0.8071 0.00 0.00 1.00 0
-5.8283 -5.6932 -0.7969 0.00 0.00 1.00 0
-5.6799 -5.6393 -0.8145 0.00 0.00 1.00 0
-5.5863 -5.5935 -0.8206 0.00 0.00 1.00 0
-5.5489 -5.5918 -0.8160 0.00 0.00 1.00 0
-5.4200 -5.5438 -0.8432 0.00 0.00 1.00 0
-5.3303 -5.4997 -0.8596 0.00 0.00 1.00 0
-5.2962 -5.4911 -0.8776 0.00 0.00 1.00 0
-5.1573 -5.4492 -0.8851 0.00 0.00 1.00 0
-5.0084 -5.4116 -0.9175 0.00 0.00 1.00 0
-4.9696 -5.3869 -0.9249 0.00 0.00 1.00 0
-4.8525 -5.3627 -0.9507 0.00 0.00 1.00 0
-4.7120 -5.3802 -0.9675 0.00 0.00 1.00 0
-4.6664 -5.3486 -0.9720 0.00 0.00 1.00 0
-4.6242 -5.3142 -0.9817 0.00 0.00 1.00 0
-4.4962 -5.2542 -1.0157 0.00 0.00 1.00 0
-4.4557 -5.2216 -1.0308 0.00 0.00 1.00 0
-4.3556 -5.1389 -1.0469 0.00 0.00 1.00 0
-4.3026 -5.1220 -1.0415 0.00 0.00 1.00 0
-4.2239 -5.0732 -1.0416 0.00 0.00 1.00 0
-4.0856 -4.9892 -1.0474 0.00 0.00 1.00 0
-4.0429 -4.9407 -1.0474 0.00 0.00 1.00 0
-3.8742 -4.8724 -1.0753 0.00 0.00 1.00 0
-3.7994 -4.8680 -1.0732 0.00 0.00 1.00 0
-3.6606 -4.7967 -1.1085 0.00 0.00 1.00 0
-3.5219 -4.7217 -1.1338 0.00 0.00 1.00 0
-3.4796 -4.6919 -1.1383 0.00 0.00 1.00 0
-3.4355 -4.6629 -1.1466 0.00 0.00 1.00 0
-3.2999 -4.5892 -1.1276 0.00 0.00 1.00 0
-3.2035 -4.5268 -1.1440 0.00 0.00 1.00 0
-3.1323 -4.5151 -1.1436 0.00 0.00 1.00 0
-3.0134 -4.4050 -1.1272 0.00 0.00 1.00 0
-2.8774 -4.2833 -1.1273 0.00 0.00 1.00 0
-2.8336 -4.2554 -1.1204 0.00 0.00 1.00 0
-2.7351 -4.2187 -1.1566 0.00 0.00 1.00 0
-2.6516 -4.1644 -1.1482 0.00 0.00 1.00 0
-2.5428 -4.1298 -1.1510 0.00 0.00 1.00 0
-2.4586 -4.0535 -1.1618 0.00 0.00 1.00 0
-2.3681 -3.9804 -1.1627 0.00 0.00 1.00 0
-2.3073 -3.8935 -1.1758 0.00 0.00 1.00 0
-2.2062 -3.8248 -1.1724 0.00 0.00 1.00 0
-2.1642 -3.8012 -1.1584 0.00 0.00 1.00 0
-2.0220 -3.6988 -1.1596 0.00 0.00 1.00 0
-1.9383 -3.6454 -1.1405 0.00 0.00 1.00 0
-1.8947 -3.6112 -1.1633 0.00 0.00 1.00 0
-1.8045 -3.5607 -1.1619 0.00 0.00 1.00 0
-1.6743 -3.4538 -1.1908 0.00 0.00 1.00 0
-1.6141 -3.3852 -1.2046 0.00 0.00 1.00 0
-1.5316 -3.2744 -1.2401 0.00 0.00 1.00 0
-1.4763 -3.2796 -1.2555 0.00 0.00 1.00 0
-1.4297 -3.2503 -1.2768 0.00 0.00 1.00 0
-1.3534 -3.1707 -1.3117 0.00 0.00 1.00 0
-1.2461 -3.0609 -1.3343 0.00 0.00 1.00 0
-1.1954 -3.0567 -1.3117 0.00 0.00 1.00 0
-1.0589 -2.9703 -1.3147 0.00 0.00 1.00 0
-0.9788 -2.8985 -1.3208 0.00 0.00 1.00 0
-0.9131 -2.8857 -1.3498 0.00 0.00 1.00 0
-0.7713 -2.7909 -1.3840 0.00 0.00 1.00 0
-0.6791 -2.7241 -1.3641 0.00 0.00 1.00 0
-0.6308 -2.6935 -1.3708 0.00 0.00 1.00 0
-0.5639 -2.6299 -1.3981 0.00 0.00 1.00 0
-0.4358 -2.5418 -1.3966 0.00 0.00 1.00 0
-0.3948 -2.5023 -1.4056 0.00 0.00 1.00 0
-0.2541 -2.3930 -1.4157 0.00 0.00 1.00 0
-0.2163 -2.3680 -1.4108 0.00 0.00 1.00 0
-0.1739 -2.3442 -1.3954 0.00 0.00 1.00 0
-0.0017 -2.2068 -1.4085 0.00 0.00 1.00 0
0.1337 -2.1030 -1.4212 0.00 0.00 1.00 0
0.1820 -2.0678 -1.4205 0.00 0.00 1.00 0
0.2677 -1.9855 -1.4123 0.00 0.00 1.00 0
0.3574 -1.8987 -1.4089 0.00 0.00 1.00 0
0.4637 -1.8329 -1.4331 0.00 0.00 1.00 0
0.5083 -1.7988 -1.4444 0.00 0.00 1.00 0
0.6542 -1.7036 -1.4159 0.00 0.00 1.00 0
0.7468 -1.6354 -1.4081 0.00 0.00 1.00 0
0.8300 -1.6048 -1.4005 0.00 0.00 1.00 0
0.9628 -1.4683 -1.4159 0.00 0.00 1.00 0
1.0018 -1.4228 -1.4153 0.00 0.00 1.00 0
1.0908 -1.2804 -1.4159 0.00 0.00 1.00 0
1.1149 -1.2280 -1.4282 0.00 0.00 1.00 0
1.2265 -1.1122 -1.4048 0.00 0.00 1.00 0
1.2498 -1.0543 -1.4127 0.00 0.00 1.00 0
1.3456 -0.8954 -1.4388 0.00 0.00 1.00 0
1.3812 -0.8554 -1.4193 0.00 0.00 1.00 0
1.4565 -0.7751 -1.4247 0.00 0.00 1.00 0
1.5379 -0.7096 -1.4002 0.00 0.00 1.00 0
1.6601 -0.5937 -1.3924 0.00 0.00 1.00 0
1.7058 -0.5572 -1.3942 0.00 0.00 1.00 0
1.8197 -0.4344 -1.4247 0.00 0.00 1.00 0
1.8766 -0.4043 -1.4553 0.00 0.00 1.00 0
1.9607 -0.3243 -1.4884 0.00 0.00 1.00 0
-0.4428 0.3077 -0.0359 0.00 0.00 1.00 0
-2.6596 0.3588 1.4167 0.00 0.00 1.00 0
-0.2138 0.6912 -0.0550 0.00 0.00 1.00 0
-0.1753 0.7617 -0.0836 0.00 0.00 1.00 0
-0.2737 0.8882 -0.0538 0.00 0.00 1.00 0
-0.1648 0.9970 -0.0514 0.00 0.00 1.00 0
-0.1668 1.0364 -0.0447 0.00 0.00 1.00 0
-0.1252 1.1639 -0.0509 0.00 0.00 1.00 0
-0.1099 1.1905 -0.0544 0.00 0.00 1.00 0
-0.0848 1.2544 -0.0660 0.00 0.00 1.00 0
-0.0485 1.3679 -0.0690 0.00 0.00 1.00 0
-0.0271 1.4391 -0.0763 0.00 0.00 1.00 0
0.0048 1.5192 -0.0761 0.00 0.00 1.00 0
0.0189 1.5724 -0.0656 0.00 0.00 1.00 0
0.0343 1.6482 -0.0788 0.00 0.00 1.00 0
0.0742 1.7802 -0.0663 0.00 0.00 1.00 0
0.1017 1.8886 -0.0566 0.00 0.00 1.00 0
0.1142 1.9485 -0.0368 0.00 0.00 1.00 0
0.1410 2.0320 -0.0345 0.00 0.00 1.00 0
0.1708 2.1673 -0.0398 0.00 0.00 1.00 0
0.1763 2.2166 -0.0425 0.00 0.00 1.00 0
0.2262 2.3584 -0.0565 0.00 0.00 1.00 0
0.2618 2.4577 -0.0663 0.00 0.00 1.00 0
0.2830 2.5138 -0.0630 0.00 0.00 1.00 0
0.3111 2.6344 -0.0352 0.00 0.00 1.00 0
0.3355 2.7292 -0.0261 0.00 0.00 1.00 0
0.3610 2.8663 -0.0099 0.00 0.00 1.00 0
0.3651 2.9362 -0.0112 0.00 0.00 1.00 0
0.3705 2.9726 -0.0164 0.00 0.00 1.00 0
