-0.1863 -2.5290 -0.0289 0.00 0.00 1.00 0
-0.1693 -1.4689 -0.0383 0.00 0.00 1.00 0
-0.1308 -0.4035 -0.0571 0.00 0.00 1.00 0
-0.0829 0.6835 -0.0477 0.00 0.00 1.00 0
-0.0287 1.8055 -0.0577 0.00 0.00 1.00 0
0.0091 2.8793 -0.0746 0.00 0.00 1.00 0
0.0400 3.9095 -0.0846 0.00 0.00 1.00 0
0.0846 4.9544 -0.1082 0.00 0.00 1.00 0
0.1279 6.0159 -0.1037 0.00 0.00 1.00 0
0.1447 7.0900 -0.1328 0.00 0.00 1.00 0
0.2080 8.1156 -0.1315 0.00 0.00 1.00 0
0.2721 9.1355 -0.1317 0.00 0.00 1.00 0
0.3119 10.3070 -0.1459 0.00 0.00 1.00 0
0.3472 11.3488 -0.1513 0.00 0.00 1.00 0
0.3956 12.3955 -0.1625 0.00 0.00 1.00 0
0.4420 13.3963 -0.1706 0.00 0.00 1.00 0
0.4901 14.4939 -0.1867 0.00 0.00 1.00 0
0.5383 15.5832 -0.1930 0.00 0.00 1.00 0
0.6077 16.6463 -0.2070 0.00 0.00 1.00 0
0.6913 17.6615 -0.2226 0.00 0.00 1.00 0
0.7876 18.7285 -0.2390 0.00 0.00 1.00 0
0.8722 19.7624 -0.2415 0.00 0.00 1.00 0
0.9815 20.7613 -0.2669 0.00 0.00 1.00 0
