6.0577 -0.6516 0.0000 0.00 0.00 1.00 0
6.5745 -0.8882 0.0000 0.00 0.00 1.00 0
7.1027 -1.1190 0.0000 0.00 0.00 1.00 0
7.5737 -1.3242 0.0000 0.00 0.00 1.00 0
8.0363 -1.5239 0.0000 0.00 0.00 1.00 0
8.6700 -1.7972 0.0000 0.00 0.00 1.00 0
9.1689 -2.0155 0.0000 0.00 0.00 1.00 0
9.6885 -2.2294 0.0000 0.00 0.00 1.00 0
10.1913 -2.4362 0.0000 0.00 0.00 1.00 0
10.7913 -2.6808 0.0000 0.00 0.00 1.00 0
11.2862 -2.8797 0.0000 0.00 0.00 1.00 0
11.8395 -3.0983 0.0000 0.00 0.00 1.00 0
12.3499 -3.2969 0.0000 0.00 0.00 1.00 0
12.8564 -3.4912 0.0000 0.00 0.00 1.00 0
13.4098 -3.7254 0.0000 0.00 0.00 1.00 0
13.9359 -3.9563 0.0000 0.00 0.00 1.00 0
14.4118 -4.1724 0.0000 0.00 0.00 1.00 0
14.8824 -4.4026 0.0000 0.00 0.00 1.00 0
15.3490 -4.6846 0.0000 0.00 0.00 1.00 0
15.7463 -4.9883 0.0000 0.00 0.00 1.00 0
16.1039 -5.3575 0.0000 0.00 0.00 1.00 0
16.4031 -5.8447 0.0000 0.00 0.00 1.00 0
16.6040 -6.3100 0.0000 0.00 0.00 1.00 0
16.7312 -6.8213 0.0000 0.00 0.00 1.00 0
16.7969 -7.3458 0.0000 0.00 0.00 1.00 0
16.7704 -7.8600 0.0000 0.00 0.00 1.00 0
16.6436 -8.3788 0.0000 0.00 0.00 1.00 0
16.4569 -8.8714 0.0000 0.00 0.00 1.00 0
16.2345 -9.3740 0.0000 0.00 0.00 1.00 0
16.0183 -9.8705 0.0000 0.00 0.00 1.00 0
15.7761 -10.4275 0.0000 0.00 0.00 1.00 0
15.5451 -10.9643 0.0000 0.00 0.00 1.00 0
15.3229 -11.4916 0.0000 0.00 0.00 1.00 0
15.1158 -12.0094 0.0000 0.00 0.00 1.00 0
14.9228 -12.4955 0.0000 0.00 0.00 1.00 0
14.7192 -12.9933 0.0000 0.00 0.00 1.00 0
14.4868 -13.4945 0.0000 0.00 0.00 1.00 0
14.2431 -14.0181 0.0000 0.00 0.00 1.00 0
14.0147 -14.4982 0.0000 0.00 0.00 1.00 0
13.7729 -15.0029 0.0000 0.00 0.00 1.00 0
13.5469 -15.4987 0.0000 0.00 0.00 1.00 0
13.3078 -16.0286 0.0000 0.00 0.00 1.00 0
13.0833 -16.5297 0.0000 0.00 0.00 1.00 0
12.8503 -17.0628 0.0000 0.00 0.00 1.00 0
12.6215 -17.5653 0.0000 0.00 0.00 1.00 0
12.3777 -18.0819 0.0000 0.00 0.00 1.00 0
12.1408 -18.5941 0.0000 0.00 0.00 1.00 0
11.8602 -19.0882 0.0000 0.00 0.00 1.00 0
11.5870 -19.5650 0.0000 0.00 0.00 1.00 0
11.2770 -19.9732 0.0000 0.00 0.00 1.00 0
10.8900 -20.3289 0.0000 0.00 0.00 1.00 0
10.4488 -20.6086 0.0000 0.00 0.00 1.00 0
9.9573 -20.7717 0.0000 0.00 0.00 1.00 0
9.4115 -20.9241 0.0000 0.00 0.00 1.00 0
8.8694 -20.8921 0.0000 0.00 0.00 1.00 0
8.3627 -20.8655 0.0000 0.00 0.00 1.00 0
7.8607 -20.7926 0.0000 0.00 0.00 1.00 0
7.2704 -20.6972 0.0000 0.00 0.00 1.00 0
6.6153 -20.5967 0.0000 0.00 0.00 1.00 0
6.0054 -20.5042 0.0000 0.00 0.00 1.00 0
5.4936 -20.4276 0.0000 0.00 0.00 1.00 0
4.9985 -20.3308 0.0000 0.00 0.00 1.00 0
4.4923 -20.2324 0.0000 0.00 0.00 1.00 0
3.9892 -20.1314 0.0000 0.00 0.00 1.00 0
3.3847 -20.0154 0.0000 0.00 0.00 1.00 0
2.8476 -19.9177 0.0000 0.00 0.00 1.00 0
2.2978 -19.8003 0.0000 0.00 0.00 1.00 0
1.7931 -19.6350 0.0000 0.00 0.00 1.00 0
1.2979 -19.3399 0.0000 0.00 0.00 1.00 0
0.8429 -19.0224 0.0000 0.00 0.00 1.00 0
0.3953 -18.6392 0.0000 0.00 0.00 1.00 0
0.0399 -18.2464 0.0000 0.00 0.00 1.00 0
-0.2243 -17.8171 0.0000 0.00 0.00 1.00 0
-0.5454 -17.1653 0.0000 0.00 0.00 1.00 0
-0.7077 -16.6122 0.0000 0.00 0.00 1.00 0
-0.8105 -16.0965 0.0000 0.00 0.00 1.00 0
-1.0357 -15.5936 0.0000 0.00 0.00 1.00 0
-1.0414 -15.0318 0.0000 0.00 0.00 1.00 0
-0.9955 -14.4633 0.0000 0.00 0.00 1.00 0
-0.7996 -13.9512 0.0000 0.00 0.00 1.00 0
-0.7031 -13.4030 0.0000 0.00 0.00 1.00 0
-0.6019 -12.8620 0.0000 0.00 0.00 1.00 0
-0.4958 -12.2655 0.0000 0.00 0.00 1.00 0
-0.4015 -11.7030 0.0000 0.00 0.00 1.00 0
-0.3085 -11.1197 0.0000 0.00 0.00 1.00 0
-0.2190 -10.5635 0.0000 0.00 0.00 1.00 0
-0.1457 -10.0414 0.0000 0.00 0.00 1.00 0
-0.0716 -9.5301 0.0000 0.00 0.00 1.00 0
0.0073 -8.9893 0.0000 0.00 0.00 1.00 0
0.0802 -8.4275 0.0000 0.00 0.00 1.00 0
0.1667 -7.8142 0.0000 0.00 0.00 1.00 0
0.2430 -7.2154 0.0000 0.00 0.00 1.00 0
0.3110 -6.6732 0.0000 0.00 0.00 1.00 0
0.3722 -6.1133 0.0000 0.00 0.00 1.00 0
0.4272 -5.5772 0.0000 0.00 0.00 1.00 0
0.4859 -5.0772 0.0000 0.00 0.00 1.00 0
0.5786 -4.5150 0.0000 0.00 0.00 1.00 0
0.7538 -3.9601 0.0000 0.00 0.00 1.00 0
1.0348 -3.5095 0.0000 0.00 0.00 1.00 0
1.3074 -3.0464 0.0000 0.00 0.00 1.00 0
1.6639 -2.6931 0.0000 0.00 0.00 1.00 0
3.1333 -2.0099 0.0000 0.00 0.00 1.00 0
6.6259 -1.2684 0.0000 0.00 0.00 1.00 0
7.1254 -1.3339 0.0000 0.00 0.00 1.00 0
7.6329 -1.4890 0.0000 0.00 0.00 1.00 0
