4.4756 -1.2983 0.0000 0.00 0.00 1.00 0
4.4760 -1.2984 0.0000 0.00 0.00 1.00 0
4.4754 -1.2966 0.0000 0.00 0.00 1.00 0
4.4756 -1.2964 0.0000 0.00 0.00 1.00 0
4.4758 -1.2963 0.0000 0.00 0.00 1.00 0
4.4772 -1.2968 0.0000 0.00 0.00 1.00 0
4.4775 -1.2968 0.0000 0.00 0.00 1.00 0
4.4778 -1.2967 0.0000 0.00 0.00 1.00 0
4.4788 -1.2969 0.0000 0.00 0.00 1.00 0
4.4792 -1.2969 0.0000 0.00 0.00 1.00 0
4.4770 -1.2974 0.0000 0.00 0.00 1.00 0
4.4770 -1.2975 0.0000 0.00 0.00 1.00 0
4.4770 -1.2975 0.0000 0.00 0.00 1.00 0
4.4747 -1.2993 0.0000 0.00 0.00 1.00 0
4.4743 -1.2996 0.0000 0.00 0.00 1.00 0
4.4739 -1.3000 0.0000 0.00 0.00 1.00 0
4.4753 -1.3001 0.0000 0.00 0.00 1.00 0
4.4752 -1.3004 0.0000 0.00 0.00 1.00 0
4.4752 -1.3007 0.0000 0.00 0.00 1.00 0
4.4762 -1.2996 0.0000 0.00 0.00 1.00 0
4.4763 -1.2997 0.0000 0.00 0.00 1.00 0
4.4767 -1.2997 0.0000 0.00 0.00 1.00 0
4.4768 -1.2998 0.0000 0.00 0.00 1.00 0
4.4769 -1.2998 0.0000 0.00 0.00 1.00 0
4.4770 -1.2999 0.0000 0.00 0.00 1.00 0
4.4723 -1.2979 0.0000 0.00 0.00 1.00 0
4.4718 -1.2977 0.0000 0.00 0.00 1.00 0
4.4733 -1.2978 0.0000 0.00 0.00 1.00 0
4.4731 -1.2976 0.0000 0.00 0.00 1.00 0
4.4729 -1.2974 0.0000 0.00 0.00 1.00 0
4.4748 -1.2988 0.0000 0.00 0.00 1.00 0
4.4749 -1.2988 0.0000 0.00 0.00 1.00 0
4.4750 -1.2989 0.0000 0.00 0.00 1.00 0
4.4734 -1.2987 0.0000 0.00 0.00 1.00 0
4.4733 -1.2987 0.0000 0.00 0.00 1.00 0
4.4731 -1.2987 0.0000 0.00 0.00 1.00 0
4.4759 -1.2993 0.0000 0.00 0.00 1.00 0
4.4761 -1.2994 0.0000 0.00 0.00 1.00 0
4.4773 -1.2988 0.0000 0.00 0.00 1.00 0
4.4778 -1.2987 0.0000 0.00 0.00 1.00 0
4.4782 -1.2987 0.0000 0.00 0.00 1.00 0
4.4753 -1.2982 0.0000 0.00 0.00 1.00 0
4.4752 -1.2981 0.0000 0.00 0.00 1.00 0
4.4751 -1.2980 0.0000 0.00 0.00 1.00 0
4.4763 -1.2981 0.0000 0.00 0.00 1.00 0
4.4764 -1.2980 0.0000 0.00 0.00 1.00 0
4.4765 -1.2979 0.0000 0.00 0.00 1.00 0
4.4760 -1.2999 0.0000 0.00 0.00 1.00 0
4.4760 -1.3001 0.0000 0.00 0.00 1.00 0
4.4760 -1.3003 0.0000 0.00 0.00 1.00 0
4.4726 -1.2975 0.0000 0.00 0.00 1.00 0
4.4721 -1.2973 0.0000 0.00 0.00 1.00 0
4.4724 -1.2958 0.0000 0.00 0.00 1.00 0
4.4720 -1.2954 0.0000 0.00 0.00 1.00 0
4.4717 -1.2950 0.0000 0.00 0.00 1.00 0
4.4680 -1.2953 0.0000 0.00 0.00 1.00 0
4.4671 -1.2950 0.0000 0.00 0.00 1.00 0
4.4662 -1.2947 0.0000 0.00 0.00 1.00 0
4.4512 -1.2940 0.0000 0.00 0.00 1.00 0
4.4480 -1.2936 0.0000 0.00 0.00 1.00 0
4.4449 -1.2932 0.0000 0.00 0.00 1.00 0
4.4126 -1.2851 0.0000 0.00 0.00 1.00 0
4.4052 -1.2835 0.0000 0.00 0.00 1.00 0
4.3983 -1.2821 0.0000 0.00 0.00 1.00 0
4.3637 -1.2700 0.0000 0.00 0.00 1.00 0
4.3522 -1.2669 0.0000 0.00 0.00 1.00 0
4.3453 -1.2650 0.0000 0.00 0.00 1.00 0
4.3248 -1.2599 0.0000 0.00 0.00 1.00 0
4.3127 -1.2567 0.0000 0.00 0.00 1.00 0
4.3074 -1.2554 0.0000 0.00 0.00 1.00 0
4.2965 -1.2526 0.0000 0.00 0.00 1.00 0
4.2854 -1.2497 0.0000 0.00 0.00 1.00 0
4.2783 -1.2487 0.0000 0.00 0.00 1.00 0
4.2681 -1.2461 0.0000 0.00 0.00 1.00 0
4.2576 -1.2435 0.0000 0.00 0.00 1.00 0
4.2528 -1.2388 0.0000 0.00 0.00 1.00 0
4.2432 -1.2359 0.0000 0.00 0.00 1.00 0
4.2351 -1.2309 0.0000 0.00 0.00 1.00 0
4.2259 -1.2277 0.0000 0.00 0.00 1.00 0
4.2166 -1.2244 0.0000 0.00 0.00 1.00 0
4.2031 -1.2173 0.0000 0.00 0.00 1.00 0
4.1931 -1.2133 0.0000 0.00 0.00 1.00 0
4.1832 -1.2094 0.0000 0.00 0.00 1.00 0
4.1661 -1.2087 0.0000 0.00 0.00 1.00 0
4.1549 -1.2053 0.0000 0.00 0.00 1.00 0
4.1437 -1.2019 0.0000 0.00 0.00 1.00 0
4.1223 -1.1979 0.0000 0.00 0.00 1.00 0
4.1102 -1.1946 0.0000 0.00 0.00 1.00 0
4.0976 -1.1911 0.0000 0.00 0.00 1.00 0
4.0826 -1.1872 0.0000 0.00 0.00 1.00 0
4.0696 -1.1836 0.0000 0.00 0.00 1.00 0
4.0577 -1.1803 0.0000 0.00 0.00 1.00 0
4.0439 -1.1725 0.0000 0.00 0.00 1.00 0
4.0309 -1.1683 0.0000 0.00 0.00 1.00 0
4.0113 -1.1600 0.0000 0.00 0.00 1.00 0
3.9971 -1.1551 0.0000 0.00 0.00 1.00 0
3.9831 -1.1503 0.0000 0.00 0.00 1.00 0
3.9760 -1.1487 0.0000 0.00 0.00 1.00 0
3.9631 -1.1444 0.0000 0.00 0.00 1.00 0
3.9503 -1.1401 0.0000 0.00 0.00 1.00 0
3.9457 -1.1450 0.0000 0.00 0.00 1.00 0
3.9341 -1.1421 0.0000 0.00 0.00 1.00 0
3.9227 -1.1393 0.0000 0.00 0.00 1.00 0
3.9148 -1.1362 0.0000 0.00 0.00 1.00 0
3.9037 -1.1333 0.0000 0.00 0.00 1.00 0
3.8948 -1.1310 0.0000 0.00 0.00 1.00 0
3.8786 -1.1218 0.0000 0.00 0.00 1.00 0
3.8672 -1.1181 0.0000 0.00 0.00 1.00 0
3.8448 -1.1094 0.0000 0.00 0.00 1.00 0
3.8314 -1.1048 0.0000 0.00 0.00 1.00 0
3.8224 -1.1017 0.0000 0.00 0.00 1.00 0
3.8013 -1.0931 0.0000 0.00 0.00 1.00 0
3.7875 -1.0881 0.0000 0.00 0.00 1.00 0
3.7734 -1.0830 0.0000 0.00 0.00 1.00 0
3.7583 -1.0756 0.0000 0.00 0.00 1.00 0
3.7442 -1.0702 0.0000 0.00 0.00 1.00 0
3.7299 -1.0648 0.0000 0.00 0.00 1.00 0
3.7104 -1.0592 0.0000 0.00 0.00 1.00 0
3.6972 -1.0544 0.0000 0.00 0.00 1.00 0
3.6838 -1.0495 0.0000 0.00 0.00 1.00 0
3.6695 -1.0383 0.0000 0.00 0.00 1.00 0
3.6551 -1.0322 0.0000 0.00 0.00 1.00 0
3.6376 -1.0278 0.0000 0.00 0.00 1.00 0
3.6228 -1.0220 0.0000 0.00 0.00 1.00 0
3.6081 -1.0162 0.0000 0.00 0.00 1.00 0
3.5950 -1.0135 0.0000 0.00 0.00 1.00 0
3.5804 -1.0081 0.0000 0.00 0.00 1.00 0
3.5657 -1.0028 0.0000 0.00 0.00 1.00 0
3.5556 -1.0056 0.0000 0.00 0.00 1.00 0
3.5418 -1.0015 0.0000 0.00 0.00 1.00 0
3.5294 -0.9979 0.0000 0.00 0.00 1.00 0
3.5228 -0.9898 0.0000 0.00 0.00 1.00 0
3.5100 -0.9851 0.0000 0.00 0.00 1.00 0
3.5001 -0.9815 0.0000 0.00 0.00 1.00 0
3.4882 -0.9707 0.0000 0.00 0.00 1.00 0
3.4766 -0.9655 0.0000 0.00 0.00 1.00 0
3.4582 -0.9596 0.0000 0.00 0.00 1.00 0
3.4449 -0.9541 0.0000 0.00 0.00 1.00 0
3.4315 -0.9486 0.0000 0.00 0.00 1.00 0
3.4082 -0.9428 0.0000 0.00 0.00 1.00 0
3.3964 -0.9385 0.0000 0.00 0.00 1.00 0
3.3779 -0.9316 0.0000 0.00 0.00 1.00 0
3.3554 -0.9333 0.0000 0.00 0.00 1.00 0
3.3391 -0.9288 0.0000 0.00 0.00 1.00 0
3.3232 -0.9245 0.0000 0.00 0.00 1.00 0
3.3078 -0.9220 0.0000 0.00 0.00 1.00 0
3.2915 -0.9179 0.0000 0.00 0.00 1.00 0
3.2773 -0.9142 0.0000 0.00 0.00 1.00 0
3.2599 -0.9088 0.0000 0.00 0.00 1.00 0
3.2438 -0.9046 0.0000 0.00 0.00 1.00 0
3.2293 -0.9002 0.0000 0.00 0.00 1.00 0
3.2135 -0.8959 0.0000 0.00 0.00 1.00 0
3.1978 -0.8917 0.0000 0.00 0.00 1.00 0
3.1863 -0.8904 0.0000 0.00 0.00 1.00 0
3.1714 -0.8867 0.0000 0.00 0.00 1.00 0
3.1565 -0.8829 0.0000 0.00 0.00 1.00 0
3.1351 -0.8760 0.0000 0.00 0.00 1.00 0
3.1188 -0.8717 0.0000 0.00 0.00 1.00 0
3.1038 -0.8677 0.0000 0.00 0.00 1.00 0
3.0805 -0.8566 0.0000 0.00 0.00 1.00 0
3.0638 -0.8514 0.0000 0.00 0.00 1.00 0
3.0462 -0.8474 0.0000 0.00 0.00 1.00 0
3.0292 -0.8424 0.0000 0.00 0.00 1.00 0
3.0137 -0.8379 0.0000 0.00 0.00 1.00 0
2.9981 -0.8324 0.0000 0.00 0.00 1.00 0
2.9812 -0.8273 0.0000 0.00 0.00 1.00 0
2.9629 -0.8218 0.0000 0.00 0.00 1.00 0
2.9533 -0.8232 0.0000 0.00 0.00 1.00 0
2.9375 -0.8191 0.0000 0.00 0.00 1.00 0
2.9220 -0.8151 0.0000 0.00 0.00 1.00 0
2.9174 -0.8119 0.0000 0.00 0.00 1.00 0
2.9035 -0.8080 0.0000 0.00 0.00 1.00 0
2.8893 -0.8040 0.0000 0.00 0.00 1.00 0
2.8743 -0.7949 0.0000 0.00 0.00 1.00 0
2.8600 -0.7901 0.0000 0.00 0.00 1.00 0
2.8393 -0.7841 0.0000 0.00 0.00 1.00 0
2.8244 -0.7793 0.0000 0.00 0.00 1.00 0
2.8093 -0.7744 0.0000 0.00 0.00 1.00 0
2.8000 -0.7714 0.0000 0.00 0.00 1.00 0
2.7631 -0.7654 0.0000 0.00 0.00 1.00 0
2.7456 -0.7605 0.0000 0.00 0.00 1.00 0
2.7169 -0.7564 0.0000 0.00 0.00 1.00 0
2.6994 -0.7521 0.0000 0.00 0.00 1.00 0
2.6783 -0.7470 0.0000 0.00 0.00 1.00 0
2.6588 -0.7454 0.0000 0.00 0.00 1.00 0
2.6396 -0.7412 0.0000 0.00 0.00 1.00 0
2.6203 -0.7370 0.0000 0.00 0.00 1.00 0
2.6075 -0.7321 0.0000 0.00 0.00 1.00 0
2.5892 -0.7278 0.0000 0.00 0.00 1.00 0
2.5739 -0.7235 0.0000 0.00 0.00 1.00 0
2.5571 -0.7195 0.0000 0.00 0.00 1.00 0
2.5393 -0.7152 0.0000 0.00 0.00 1.00 0
2.5169 -0.7116 0.0000 0.00 0.00 1.00 0
2.4985 -0.7074 0.0000 0.00 0.00 1.00 0
2.4802 -0.7033 0.0000 0.00 0.00 1.00 0
2.4567 -0.7048 0.0000 0.00 0.00 1.00 0
2.4374 -0.7015 0.0000 0.00 0.00 1.00 0
2.4182 -0.6983 0.0000 0.00 0.00 1.00 0
2.3978 -0.6968 0.0000 0.00 0.00 1.00 0
2.3781 -0.6938 0.0000 0.00 0.00 1.00 0
2.3606 -0.6912 0.0000 0.00 0.00 1.00 0
2.3420 -0.6896 0.0000 0.00 0.00 1.00 0
2.3227 -0.6868 0.0000 0.00 0.00 1.00 0
2.3057 -0.6844 0.0000 0.00 0.00 1.00 0
2.2782 -0.6863 0.0000 0.00 0.00 1.00 0
2.2582 -0.6843 0.0000 0.00 0.00 1.00 0
2.2409 -0.6826 0.0000 0.00 0.00 1.00 0
2.2131 -0.6845 0.0000 0.00 0.00 1.00 0
2.1926 -0.6831 0.0000 0.00 0.00 1.00 0
2.1828 -0.6807 0.0000 0.00 0.00 1.00 0
2.1639 -0.6791 0.0000 0.00 0.00 1.00 0
2.1449 -0.6776 0.0000 0.00 0.00 1.00 0
2.1562 -0.6785 0.0000 0.00 0.00 1.00 0
2.1419 -0.6773 0.0000 0.00 0.00 1.00 0
2.1280 -0.6761 0.0000 0.00 0.00 1.00 0
2.1504 -0.6778 0.0000 0.00 0.00 1.00 0
2.1419 -0.6771 0.0000 0.00 0.00 1.00 0
2.1344 -0.6764 0.0000 0.00 0.00 1.00 0
2.1384 -0.6736 0.0000 0.00 0.00 1.00 0
2.1324 -0.6726 0.0000 0.00 0.00 1.00 0
2.1280 -0.6719 0.0000 0.00 0.00 1.00 0
2.1007 -0.6712 0.0000 0.00 0.00 1.00 0
2.0917 -0.6703 0.0000 0.00 0.00 1.00 0
2.0528 -0.6687 0.0000 0.00 0.00 1.00 0
2.0385 -0.6676 0.0000 0.00 0.00 1.00 0
2.0245 -0.6666 0.0000 0.00 0.00 1.00 0
1.9946 -0.6608 0.0000 0.00 0.00 1.00 0
1.9781 -0.6591 0.0000 0.00 0.00 1.00 0
1.9611 -0.6572 0.0000 0.00 0.00 1.00 0
1.9324 -0.6474 0.0000 0.00 0.00 1.00 0
1.9139 -0.6444 0.0000 0.00 0.00 1.00 0
1.8972 -0.6416 0.0000 0.00 0.00 1.00 0
1.8659 -0.6430 0.0000 0.00 0.00 1.00 0
1.8459 -0.6406 0.0000 0.00 0.00 1.00 0
1.8318 -0.6390 0.0000 0.00 0.00 1.00 0
1.7904 -0.6401 0.0000 0.00 0.00 1.00 0
1.7682 -0.6384 0.0000 0.00 0.00 1.00 0
1.7395 -0.6390 0.0000 0.00 0.00 1.00 0
1.7160 -0.6376 0.0000 0.00 0.00 1.00 0
1.6926 -0.6362 0.0000 0.00 0.00 1.00 0
1.6659 -0.6345 0.0000 0.00 0.00 1.00 0
1.6418 -0.6331 0.0000 0.00 0.00 1.00 0
1.6177 -0.6317 0.0000 0.00 0.00 1.00 0
1.6079 -0.6355 0.0000 0.00 0.00 1.00 0
1.5865 -0.6349 0.0000 0.00 0.00 1.00 0
1.5665 -0.6343 0.0000 0.00 0.00 1.00 0
1.5691 -0.6272 0.0000 0.00 0.00 1.00 0
1.5511 -0.6256 0.0000 0.00 0.00 1.00 0
1.5531 -0.6255 0.0000 0.00 0.00 1.00 0
1.5384 -0.6242 0.0000 0.00 0.00 1.00 0
1.5240 -0.6229 0.0000 0.00 0.00 1.00 0
1.5168 -0.6222 0.0000 0.00 0.00 1.00 0
1.5147 -0.6219 0.0000 0.00 0.00 1.00 0
1.5028 -0.6207 0.0000 0.00 0.00 1.00 0
1.4964 -0.6201 0.0000 0.00 0.00 1.00 0
1.5039 -0.6211 0.0000 0.00 0.00 1.00 0
1.4953 -0.6203 0.0000 0.00 0.00 1.00 0
1.4968 -0.6277 0.0000 0.00 0.00 1.00 0
1.4898 -0.6282 0.0000 0.00 0.00 1.00 0
1.4836 -0.6286 0.0000 0.00 0.00 1.00 0
1.4814 -0.6344 0.0000 0.00 0.00 1.00 0
1.4752 -0.6357 0.0000 0.00 0.00 1.00 0
1.4634 -0.6368 0.0000 0.00 0.00 1.00 0
1.4564 -0.6381 0.0000 0.00 0.00 1.00 0
1.4496 -0.6393 0.0000 0.00 0.00 1.00 0
1.4361 -0.6408 0.0000 0.00 0.00 1.00 0
1.4278 -0.6421 0.0000 0.00 0.00 1.00 0
1.4197 -0.6434 0.0000 0.00 0.00 1.00 0
1.4033 -0.6435 0.0000 0.00 0.00 1.00 0
1.3940 -0.6446 0.0000 0.00 0.00 1.00 0
1.3845 -0.6457 0.0000 0.00 0.00 1.00 0
1.3716 -0.6434 0.0000 0.00 0.00 1.00 0
1.3617 -0.6440 0.0000 0.00 0.00 1.00 0
1.3528 -0.6445 0.0000 0.00 0.00 1.00 0
1.3416 -0.6414 0.0000 0.00 0.00 1.00 0
1.3298 -0.6414 0.0000 0.00 0.00 1.00 0
1.3182 -0.6423 0.0000 0.00 0.00 1.00 0
1.3076 -0.6424 0.0000 0.00 0.00 1.00 0
1.2971 -0.6426 0.0000 0.00 0.00 1.00 0
1.2825 -0.6431 0.0000 0.00 0.00 1.00 0
1.2716 -0.6433 0.0000 0.00 0.00 1.00 0
1.2605 -0.6435 0.0000 0.00 0.00 1.00 0
1.2522 -0.6439 0.0000 0.00 0.00 1.00 0
1.2413 -0.6441 0.0000 0.00 0.00 1.00 0
1.2299 -0.6444 0.0000 0.00 0.00 1.00 0
1.2231 -0.6481 0.0000 0.00 0.00 1.00 0
1.2130 -0.6489 0.0000 0.00 0.00 1.00 0
1.2037 -0.6496 0.0000 0.00 0.00 1.00 0
1.1939 -0.6516 0.0000 0.00 0.00 1.00 0
1.1839 -0.6526 0.0000 0.00 0.00 1.00 0
1.1769 -0.6533 0.0000 0.00 0.00 1.00 0
1.1618 -0.6591 0.0000 0.00 0.00 1.00 0
1.1517 -0.6606 0.0000 0.00 0.00 1.00 0
1.1409 -0.6598 0.0000 0.00 0.00 1.00 0
1.1305 -0.6610 0.0000 0.00 0.00 1.00 0
1.1201 -0.6622 0.0000 0.00 0.00 1.00 0
1.1086 -0.6601 0.0000 0.00 0.00 1.00 0
1.0983 -0.6608 0.0000 0.00 0.00 1.00 0
1.0876 -0.6615 0.0000 0.00 0.00 1.00 0
1.0815 -0.6604 0.0000 0.00 0.00 1.00 0
1.0716 -0.6608 0.0000 0.00 0.00 1.00 0
1.0627 -0.6612 0.0000 0.00 0.00 1.00 0
1.0508 -0.6638 0.0000 0.00 0.00 1.00 0
1.0369 -0.6650 0.0000 0.00 0.00 1.00 0
1.0305 -0.6655 0.0000 0.00 0.00 1.00 0
1.0167 -0.6679 0.0000 0.00 0.00 1.00 0
1.0065 -0.6689 0.0000 0.00 0.00 1.00 0
1.0013 -0.6694 0.0000 0.00 0.00 1.00 0
0.9957 -0.6728 0.0000 0.00 0.00 1.00 0
0.9866 -0.6741 0.0000 0.00 0.00 1.00 0
0.9832 -0.6702 0.0000 0.00 0.00 1.00 0
0.9750 -0.6706 0.0000 0.00 0.00 1.00 0
0.9669 -0.6711 0.0000 0.00 0.00 1.00 0
0.9620 -0.6668 0.0000 0.00 0.00 1.00 0
0.9551 -0.6665 0.0000 0.00 0.00 1.00 0
0.9478 -0.6663 0.0000 0.00 0.00 1.00 0
0.9313 -0.6659 0.0000 0.00 0.00 1.00 0
0.9227 -0.6656 0.0000 0.00 0.00 1.00 0
0.9008 -0.6727 0.0000 0.00 0.00 1.00 0
0.8897 -0.6737 0.0000 0.00 0.00 1.00 0
0.8788 -0.6747 0.0000 0.00 0.00 1.00 0
0.8595 -0.6759 0.0000 0.00 0.00 1.00 0
0.8472 -0.6769 0.0000 0.00 0.00 1.00 0
0.8348 -0.6780 0.0000 0.00 0.00 1.00 0
0.8296 -0.6827 0.0000 0.00 0.00 1.00 0
0.8183 -0.6843 0.0000 0.00 0.00 1.00 0
0.8072 -0.6859 0.0000 0.00 0.00 1.00 0
0.8198 -0.6818 0.0000 0.00 0.00 1.00 0
0.8122 -0.6826 0.0000 0.00 0.00 1.00 0
0.8054 -0.6832 0.0000 0.00 0.00 1.00 0
0.8050 -0.6802 0.0000 0.00 0.00 1.00 0
0.7986 -0.6803 0.0000 0.00 0.00 1.00 0
0.7947 -0.6804 0.0000 0.00 0.00 1.00 0
0.7835 -0.6791 0.0000 0.00 0.00 1.00 0
0.7762 -0.6790 0.0000 0.00 0.00 1.00 0
0.7601 -0.6771 0.0000 0.00 0.00 1.00 0
0.7517 -0.6768 0.0000 0.00 0.00 1.00 0
0.7440 -0.6764 0.0000 0.00 0.00 1.00 0
0.7134 -0.6797 0.0000 0.00 0.00 1.00 0
0.7017 -0.6799 0.0000 0.00 0.00 1.00 0
0.6899 -0.6801 0.0000 0.00 0.00 1.00 0
0.6672 -0.6917 0.0000 0.00 0.00 1.00 0
0.6535 -0.6937 0.0000 0.00 0.00 1.00 0
0.6402 -0.6956 0.0000 0.00 0.00 1.00 0
0.6252 -0.7069 0.0000 0.00 0.00 1.00 0
0.6100 -0.7107 0.0000 0.00 0.00 1.00 0
0.6004 -0.7130 0.0000 0.00 0.00 1.00 0
0.5992 -0.7250 0.0000 0.00 0.00 1.00 0
0.5878 -0.7295 0.0000 0.00 0.00 1.00 0
0.6015 -0.7315 0.0000 0.00 0.00 1.00 0
0.5940 -0.7357 0.0000 0.00 0.00 1.00 0
0.5868 -0.7399 0.0000 0.00 0.00 1.00 0
0.5813 -0.7314 0.0000 0.00 0.00 1.00 0
0.5744 -0.7334 0.0000 0.00 0.00 1.00 0
0.5674 -0.7355 0.0000 0.00 0.00 1.00 0
0.5524 -0.7342 0.0000 0.00 0.00 1.00 0
0.5443 -0.7357 0.0000 0.00 0.00 1.00 0
0.5369 -0.7371 0.0000 0.00 0.00 1.00 0
0.5227 -0.7439 0.0000 0.00 0.00 1.00 0
0.5136 -0.7462 0.0000 0.00 0.00 1.00 0
0.5066 -0.7480 0.0000 0.00 0.00 1.00 0
0.4867 -0.7569 0.0000 0.00 0.00 1.00 0
0.4787 -0.7595 0.0000 0.00 0.00 1.00 0
0.4753 -0.7693 0.0000 0.00 0.00 1.00 0
0.4666 -0.7734 0.0000 0.00 0.00 1.00 0
0.4577 -0.7777 0.0000 0.00 0.00 1.00 0
0.4570 -0.7841 0.0000 0.00 0.00 1.00 0
0.4493 -0.7888 0.0000 0.00 0.00 1.00 0
0.4419 -0.7934 0.0000 0.00 0.00 1.00 0
0.4314 -0.7914 0.0000 0.00 0.00 1.00 0
0.4234 -0.7950 0.0000 0.00 0.00 1.00 0
0.4155 -0.7985 0.0000 0.00 0.00 1.00 0
0.3999 -0.7930 0.0000 0.00 0.00 1.00 0
0.3909 -0.7951 0.0000 0.00 0.00 1.00 0
0.3845 -0.7966 0.0000 0.00 0.00 1.00 0
0.3640 -0.8044 0.0000 0.00 0.00 1.00 0
0.3537 -0.8073 0.0000 0.00 0.00 1.00 0
0.3474 -0.8091 0.0000 0.00 0.00 1.00 0
0.3306 -0.8268 0.0000 0.00 0.00 1.00 0
0.3199 -0.8316 0.0000 0.00 0.00 1.00 0
0.3160 -0.8466 0.0000 0.00 0.00 1.00 0
0.3062 -0.8532 0.0000 0.00 0.00 1.00 0
0.2967 -0.8596 0.0000 0.00 0.00 1.00 0
0.2959 -0.8709 0.0000 0.00 0.00 1.00 0
0.2876 -0.8783 0.0000 0.00 0.00 1.00 0
0.2800 -0.8849 0.0000 0.00 0.00 1.00 0
0.2811 -0.8840 0.0000 0.00 0.00 1.00 0
0.2743 -0.8900 0.0000 0.00 0.00 1.00 0
0.2690 -0.8947 0.0000 0.00 0.00 1.00 0
0.2586 -0.8932 0.0000 0.00 0.00 1.00 0
0.2517 -0.8977 0.0000 0.00 0.00 1.00 0
0.2434 -0.9008 0.0000 0.00 0.00 1.00 0
0.2361 -0.9052 0.0000 0.00 0.00 1.00 0
0.2288 -0.9096 0.0000 0.00 0.00 1.00 0
0.2139 -0.9216 0.0000 0.00 0.00 1.00 0
0.2046 -0.9277 0.0000 0.00 0.00 1.00 0
0.1962 -0.9332 0.0000 0.00 0.00 1.00 0
0.1837 -0.9482 0.0000 0.00 0.00 1.00 0
0.1745 -0.9553 0.0000 0.00 0.00 1.00 0
0.1653 -0.9624 0.0000 0.00 0.00 1.00 0
0.1646 -0.9740 0.0000 0.00 0.00 1.00 0
0.1556 -0.9828 0.0000 0.00 0.00 1.00 0
0.1528 -0.9885 0.0000 0.00 0.00 1.00 0
0.1463 -0.9953 0.0000 0.00 0.00 1.00 0
0.1393 -1.0027 0.0000 0.00 0.00 1.00 0
0.1336 -1.0024 0.0000 0.00 0.00 1.00 0
0.1275 -1.0079 0.0000 0.00 0.00 1.00 0
0.1200 -1.0146 0.0000 0.00 0.00 1.00 0
0.1136 -1.0170 0.0000 0.00 0.00 1.00 0
0.1068 -1.0226 0.0000 0.00 0.00 1.00 0
0.1015 -1.0270 0.0000 0.00 0.00 1.00 0
0.0906 -1.0436 0.0000 0.00 0.00 1.00 0
0.0833 -1.0509 0.0000 0.00 0.00 1.00 0
0.0769 -1.0572 0.0000 0.00 0.00 1.00 0
0.0667 -1.0784 0.0000 0.00 0.00 1.00 0
0.0592 -1.0875 0.0000 0.00 0.00 1.00 0
0.0510 -1.1078 0.0000 0.00 0.00 1.00 0
0.0433 -1.1190 0.0000 0.00 0.00 1.00 0
0.0357 -1.1301 0.0000 0.00 0.00 1.00 0
0.0285 -1.1380 0.0000 0.00 0.00 1.00 0
0.0209 -1.1487 0.0000 0.00 0.00 1.00 0
0.0134 -1.1592 0.0000 0.00 0.00 1.00 0
0.0108 -1.1614 0.0000 0.00 0.00 1.00 0
0.0038 -1.1709 0.0000 0.00 0.00 1.00 0
-0.0030 -1.1802 0.0000 0.00 0.00 1.00 0
-0.0077 -1.1858 0.0000 0.00 0.00 1.00 0
-0.0141 -1.1945 0.0000 0.00 0.00 1.00 0
-0.0206 -1.2032 0.0000 0.00 0.00 1.00 0
-0.0278 -1.2148 0.0000 0.00 0.00 1.00 0
-0.0343 -1.2238 0.0000 0.00 0.00 1.00 0
-0.0402 -1.2320 0.0000 0.00 0.00 1.00 0
-0.0515 -1.2476 0.0000 0.00 0.00 1.00 0
-0.0587 -1.2576 0.0000 0.00 0.00 1.00 0
-0.0664 -1.2691 0.0000 0.00 0.00 1.00 0
-0.0737 -1.2793 0.0000 0.00 0.00 1.00 0
-0.0809 -1.2895 0.0000 0.00 0.00 1.00 0
-0.0846 -1.2947 0.0000 0.00 0.00 1.00 0
-0.0987 -1.3129 0.0000 0.00 0.00 1.00 0
-0.1064 -1.3234 0.0000 0.00 0.00 1.00 0
-0.1196 -1.3333 0.0000 0.00 0.00 1.00 0
-0.1272 -1.3426 0.0000 0.00 0.00 1.00 0
-0.1367 -1.3541 0.0000 0.00 0.00 1.00 0
-0.1406 -1.3649 0.0000 0.00 0.00 1.00 0
-0.1484 -1.3753 0.0000 0.00 0.00 1.00 0
-0.1547 -1.3837 0.0000 0.00 0.00 1.00 0
-0.1453 -1.3843 0.0000 0.00 0.00 1.00 0
-0.1504 -1.3929 0.0000 0.00 0.00 1.00 0
-0.1539 -1.3990 0.0000 0.00 0.00 1.00 0
-0.1471 -1.3987 0.0000 0.00 0.00 1.00 0
-0.1502 -1.4056 0.0000 0.00 0.00 1.00 0
-0.1627 -1.4151 0.0000 0.00 0.00 1.00 0
-0.1672 -1.4224 0.0000 0.00 0.00 1.00 0
-0.1719 -1.4298 0.0000 0.00 0.00 1.00 0
-0.1878 -1.4470 0.0000 0.00 0.00 1.00 0
-0.1942 -1.4560 0.0000 0.00 0.00 1.00 0
-0.2006 -1.4649 0.0000 0.00 0.00 1.00 0
-0.2049 -1.4775 0.0000 0.00 0.00 1.00 0
-0.2110 -1.4871 0.0000 0.00 0.00 1.00 0
-0.2158 -1.4946 0.0000 0.00 0.00 1.00 0
-0.2141 -1.4926 0.0000 0.00 0.00 1.00 0
-0.2189 -1.5002 0.0000 0.00 0.00 1.00 0
-0.2216 -1.5046 0.0000 0.00 0.00 1.00 0
-0.2304 -1.5065 0.0000 0.00 0.00 1.00 0
-0.2355 -1.5128 0.0000 0.00 0.00 1.00 0
-0.2491 -1.5243 0.0000 0.00 0.00 1.00 0
-0.2564 -1.5324 0.0000 0.00 0.00 1.00 0
-0.2630 -1.5397 0.0000 0.00 0.00 1.00 0
-0.2725 -1.5573 0.0000 0.00 0.00 1.00 0
-0.2796 -1.5663 0.0000 0.00 0.00 1.00 0
-0.2868 -1.5755 0.0000 0.00 0.00 1.00 0
-0.2775 -1.5819 0.0000 0.00 0.00 1.00 0
-0.2821 -1.5906 0.0000 0.00 0.00 1.00 0
-0.2857 -1.5974 0.0000 0.00 0.00 1.00 0
-0.2784 -1.5905 0.0000 0.00 0.00 1.00 0
-0.2812 -1.5970 0.0000 0.00 0.00 1.00 0
-0.2902 -1.5942 0.0000 0.00 0.00 1.00 0
-0.2941 -1.5989 0.0000 0.00 0.00 1.00 0
-0.2978 -1.6034 0.0000 0.00 0.00 1.00 0
-0.3169 -1.6123 0.0000 0.00 0.00 1.00 0
-0.3226 -1.6171 0.0000 0.00 0.00 1.00 0
-0.3294 -1.6229 0.0000 0.00 0.00 1.00 0
-0.3362 -1.6360 0.0000 0.00 0.00 1.00 0
-0.3425 -1.6425 0.0000 0.00 0.00 1.00 0
-0.3489 -1.6491 0.0000 0.00 0.00 1.00 0
-0.3430 -1.6530 0.0000 0.00 0.00 1.00 0
-0.3471 -1.6586 0.0000 0.00 0.00 1.00 0
-0.3511 -1.6642 0.0000 0.00 0.00 1.00 0
-0.3547 -1.6627 0.0000 0.00 0.00 1.00 0
-0.3589 -1.6675 0.0000 0.00 0.00 1.00 0
-0.3752 -1.6712 0.0000 0.00 0.00 1.00 0
-0.3816 -1.6759 0.0000 0.00 0.00 1.00 0
-0.3878 -1.6805 0.0000 0.00 0.00 1.00 0
-0.4046 -1.6926 0.0000 0.00 0.00 1.00 0
-0.4127 -1.6985 0.0000 0.00 0.00 1.00 0
-0.4206 -1.7043 0.0000 0.00 0.00 1.00 0
-0.4210 -1.7176 0.0000 0.00 0.00 1.00 0
-0.4279 -1.7248 0.0000 0.00 0.00 1.00 0
-0.4347 -1.7319 0.0000 0.00 0.00 1.00 0
-0.4327 -1.7322 0.0000 0.00 0.00 1.00 0
-0.4383 -1.7383 0.0000 0.00 0.00 1.00 0
-0.4437 -1.7444 0.0000 0.00 0.00 1.00 0
-0.4509 -1.7355 0.0000 0.00 0.00 1.00 0
-0.4560 -1.7389 0.0000 0.00 0.00 1.00 0
-0.4600 -1.7415 0.0000 0.00 0.00 1.00 0
-0.4799 -1.7470 0.0000 0.00 0.00 1.00 0
-0.4875 -1.7508 0.0000 0.00 0.00 1.00 0
-0.4940 -1.7542 0.0000 0.00 0.00 1.00 0
-0.5093 -1.7629 0.0000 0.00 0.00 1.00 0
-0.5178 -1.7673 0.0000 0.00 0.00 1.00 0
-0.5234 -1.7735 0.0000 0.00 0.00 1.00 0
-0.5314 -1.7783 0.0000 0.00 0.00 1.00 0
-0.5393 -1.7829 0.0000 0.00 0.00 1.00 0
-0.5350 -1.7786 0.0000 0.00 0.00 1.00 0
-0.5411 -1.7819 0.0000 0.00 0.00 1.00 0
-0.5467 -1.7850 0.0000 0.00 0.00 1.00 0
-0.5619 -1.7843 0.0000 0.00 0.00 1.00 0
-0.5692 -1.7870 0.0000 0.00 0.00 1.00 0
-0.5744 -1.7888 0.0000 0.00 0.00 1.00 0
-0.6025 -1.7985 0.0000 0.00 0.00 1.00 0
-0.6127 -1.8021 0.0000 0.00 0.00 1.00 0
-0.6276 -1.8088 0.0000 0.00 0.00 1.00 0
-0.6387 -1.8130 0.0000 0.00 0.00 1.00 0
-0.6496 -1.8171 0.0000 0.00 0.00 1.00 0
-0.6357 -1.8180 0.0000 0.00 0.00 1.00 0
-0.6413 -1.8208 0.0000 0.00 0.00 1.00 0
-0.6498 -1.8252 0.0000 0.00 0.00 1.00 0
-0.6502 -1.8227 0.0000 0.00 0.00 1.00 0
-0.6568 -1.8256 0.0000 0.00 0.00 1.00 0
-0.6621 -1.8280 0.0000 0.00 0.00 1.00 0
-0.6855 -1.8326 0.0000 0.00 0.00 1.00 0
-0.6898 -1.8341 0.0000 0.00 0.00 1.00 0
-0.7005 -1.8377 0.0000 0.00 0.00 1.00 0
-0.7213 -1.8375 0.0000 0.00 0.00 1.00 0
-0.7312 -1.8398 0.0000 0.00 0.00 1.00 0
-0.7364 -1.8484 0.0000 0.00 0.00 1.00 0
-0.7448 -1.8514 0.0000 0.00 0.00 1.00 0
-0.7549 -1.8551 0.0000 0.00 0.00 1.00 0
-0.7417 -1.8527 0.0000 0.00 0.00 1.00 0
-0.7473 -1.8551 0.0000 0.00 0.00 1.00 0
-0.7530 -1.8576 0.0000 0.00 0.00 1.00 0
-0.7599 -1.8564 0.0000 0.00 0.00 1.00 0
-0.7651 -1.8581 0.0000 0.00 0.00 1.00 0
-0.7709 -1.8600 0.0000 0.00 0.00 1.00 0
-0.7993 -1.8609 0.0000 0.00 0.00 1.00 0
-0.8087 -1.8626 0.0000 0.00 0.00 1.00 0
-0.8160 -1.8640 0.0000 0.00 0.00 1.00 0
-0.8337 -1.8699 0.0000 0.00 0.00 1.00 0
-0.8444 -1.8710 0.0000 0.00 0.00 1.00 0
-0.8507 -1.8724 0.0000 0.00 0.00 1.00 0
-0.8488 -1.8775 0.0000 0.00 0.00 1.00 0
-0.8567 -1.8800 0.0000 0.00 0.00 1.00 0
-0.8554 -1.8744 0.0000 0.00 0.00 1.00 0
-0.8618 -1.8756 0.0000 0.00 0.00 1.00 0
-0.8682 -1.8769 0.0000 0.00 0.00 1.00 0
-0.8795 -1.8738 0.0000 0.00 0.00 1.00 0
-0.8868 -1.8744 0.0000 0.00 0.00 1.00 0
-0.8941 -1.8749 0.0000 0.00 0.00 1.00 0
-0.9224 -1.8769 0.0000 0.00 0.00 1.00 0
-0.9329 -1.8777 0.0000 0.00 0.00 1.00 0
-0.9422 -1.8784 0.0000 0.00 0.00 1.00 0
-0.9600 -1.8805 0.0000 0.00 0.00 1.00 0
-0.9712 -1.8814 0.0000 0.00 0.00 1.00 0
-0.9639 -1.8806 0.0000 0.00 0.00 1.00 0
-0.9722 -1.8813 0.0000 0.00 0.00 1.00 0
-0.9805 -1.8819 0.0000 0.00 0.00 1.00 0
-0.9829 -1.8763 0.0000 0.00 0.00 1.00 0
-0.9902 -1.8760 0.0000 0.00 0.00 1.00 0
-0.9975 -1.8756 0.0000 0.00 0.00 1.00 0
-1.0134 -1.8694 0.0000 0.00 0.00 1.00 0
-1.0221 -1.8682 0.0000 0.00 0.00 1.00 0
-1.0307 -1.8669 0.0000 0.00 0.00 1.00 0
-1.0549 -1.8707 0.0000 0.00 0.00 1.00 0
-1.0637 -1.8703 0.0000 0.00 0.00 1.00 0
-1.0760 -1.8697 0.0000 0.00 0.00 1.00 0
-1.0790 -1.8803 0.0000 0.00 0.00 1.00 0
-1.0887 -1.8815 0.0000 0.00 0.00 1.00 0
-1.0945 -1.8822 0.0000 0.00 0.00 1.00 0
-1.0914 -1.8777 0.0000 0.00 0.00 1.00 0
-1.0992 -1.8780 0.0000 0.00 0.00 1.00 0
-1.1067 -1.8725 0.0000 0.00 0.00 1.00 0
-1.1143 -1.8719 0.0000 0.00 0.00 1.00 0
-1.1216 -1.8712 0.0000 0.00 0.00 1.00 0
-1.1405 -1.8642 0.0000 0.00 0.00 1.00 0
-1.1498 -1.8625 0.0000 0.00 0.00 1.00 0
-1.1582 -1.8610 0.0000 0.00 0.00 1.00 0
-1.1808 -1.8554 0.0000 0.00 0.00 1.00 0
-1.1932 -1.8529 0.0000 0.00 0.00 1.00 0
-1.2021 -1.8511 0.0000 0.00 0.00 1.00 0
-1.2198 -1.8529 0.0000 0.00 0.00 1.00 0
-1.2315 -1.8513 0.0000 0.00 0.00 1.00 0
-1.2288 -1.8503 0.0000 0.00 0.00 1.00 0
-1.2398 -1.8486 0.0000 0.00 0.00 1.00 0
-1.2494 -1.8470 0.0000 0.00 0.00 1.00 0
-1.2569 -1.8408 0.0000 0.00 0.00 1.00 0
-1.2662 -1.8385 0.0000 0.00 0.00 1.00 0
-1.2736 -1.8367 0.0000 0.00 0.00 1.00 0
-1.2897 -1.8305 0.0000 0.00 0.00 1.00 0
-1.2988 -1.8279 0.0000 0.00 0.00 1.00 0
-1.3089 -1.8250 0.0000 0.00 0.00 1.00 0
-1.3222 -1.8235 0.0000 0.00 0.00 1.00 0
-1.3317 -1.8211 0.0000 0.00 0.00 1.00 0
-1.3400 -1.8190 0.0000 0.00 0.00 1.00 0
-1.3573 -1.8119 0.0000 0.00 0.00 1.00 0
-1.3684 -1.8087 0.0000 0.00 0.00 1.00 0
-1.3750 -1.8068 0.0000 0.00 0.00 1.00 0
-1.3938 -1.8041 0.0000 0.00 0.00 1.00 0
-1.4056 -1.8011 0.0000 0.00 0.00 1.00 0
-1.4195 -1.8000 0.0000 0.00 0.00 1.00 0
-1.4313 -1.7973 0.0000 0.00 0.00 1.00 0
-1.4432 -1.7947 0.0000 0.00 0.00 1.00 0
-1.4591 -1.7886 0.0000 0.00 0.00 1.00 0
-1.4717 -1.7854 0.0000 0.00 0.00 1.00 0
-1.4828 -1.7825 0.0000 0.00 0.00 1.00 0
-1.5021 -1.7791 0.0000 0.00 0.00 1.00 0
-1.5154 -1.7759 0.0000 0.00 0.00 1.00 0
-1.5262 -1.7734 0.0000 0.00 0.00 1.00 0
-1.5428 -1.7670 0.0000 0.00 0.00 1.00 0
-1.5562 -1.7635 0.0000 0.00 0.00 1.00 0
-1.5659 -1.7609 0.0000 0.00 0.00 1.00 0
-1.5896 -1.7556 0.0000 0.00 0.00 1.00 0
-1.6038 -1.7519 0.0000 0.00 0.00 1.00 0
-1.6121 -1.7525 0.0000 0.00 0.00 1.00 0
-1.6256 -1.7495 0.0000 0.00 0.00 1.00 0
-1.6388 -1.7466 0.0000 0.00 0.00 1.00 0
-1.6515 -1.7446 0.0000 0.00 0.00 1.00 0
-1.6647 -1.7418 0.0000 0.00 0.00 1.00 0
-1.6779 -1.7391 0.0000 0.00 0.00 1.00 0
-1.6928 -1.7346 0.0000 0.00 0.00 1.00 0
-1.7063 -1.7315 0.0000 0.00 0.00 1.00 0
-1.7184 -1.7288 0.0000 0.00 0.00 1.00 0
-1.7331 -1.7224 0.0000 0.00 0.00 1.00 0
-1.7466 -1.7189 0.0000 0.00 0.00 1.00 0
-1.7546 -1.7168 0.0000 0.00 0.00 1.00 0
-1.7839 -1.7105 0.0000 0.00 0.00 1.00 0
-1.7990 -1.7068 0.0000 0.00 0.00 1.00 0
-1.8066 -1.7049 0.0000 0.00 0.00 1.00 0
-1.8318 -1.7004 0.0000 0.00 0.00 1.00 0
-1.8458 -1.6971 0.0000 0.00 0.00 1.00 0
-1.8600 -1.6926 0.0000 0.00 0.00 1.00 0
-1.8750 -1.6890 0.0000 0.00 0.00 1.00 0
-1.8904 -1.6852 0.0000 0.00 0.00 1.00 0
-1.9070 -1.6765 0.0000 0.00 0.00 1.00 0
-1.9221 -1.6721 0.0000 0.00 0.00 1.00 0
-1.9379 -1.6715 0.0000 0.00 0.00 1.00 0
-1.9534 -1.6677 0.0000 0.00 0.00 1.00 0
-1.9691 -1.6638 0.0000 0.00 0.00 1.00 0
-1.9799 -1.6611 0.0000 0.00 0.00 1.00 0
-1.9980 -1.6607 0.0000 0.00 0.00 1.00 0
-2.0129 -1.6576 0.0000 0.00 0.00 1.00 0
-2.0198 -1.6537 0.0000 0.00 0.00 1.00 0
-2.0310 -1.6511 0.0000 0.00 0.00 1.00 0
-2.0470 -1.6473 0.0000 0.00 0.00 1.00 0
-2.0575 -1.6403 0.0000 0.00 0.00 1.00 0
-2.0707 -1.6365 0.0000 0.00 0.00 1.00 0
-2.0840 -1.6326 0.0000 0.00 0.00 1.00 0
-2.0943 -1.6255 0.0000 0.00 0.00 1.00 0
-2.1070 -1.6212 0.0000 0.00 0.00 1.00 0
-2.1175 -1.6303 0.0000 0.00 0.00 1.00 0
-2.1299 -1.6283 0.0000 0.00 0.00 1.00 0
-2.1423 -1.6263 0.0000 0.00 0.00 1.00 0
-2.1431 -1.6271 0.0000 0.00 0.00 1.00 0
-2.1535 -1.6255 0.0000 0.00 0.00 1.00 0
-2.1639 -1.6240 0.0000 0.00 0.00 1.00 0
-2.1667 -1.6153 0.0000 0.00 0.00 1.00 0
-2.1759 -1.6127 0.0000 0.00 0.00 1.00 0
-2.1851 -1.6100 0.0000 0.00 0.00 1.00 0
-2.1962 -1.5993 0.0000 0.00 0.00 1.00 0
-2.2057 -1.5954 0.0000 0.00 0.00 1.00 0
-2.2142 -1.5918 0.0000 0.00 0.00 1.00 0
-2.2401 -1.5879 0.0000 0.00 0.00 1.00 0
-2.2521 -1.5839 0.0000 0.00 0.00 1.00 0
-2.2615 -1.5809 0.0000 0.00 0.00 1.00 0
-2.2891 -1.5716 0.0000 0.00 0.00 1.00 0
-2.3030 -1.5670 0.0000 0.00 0.00 1.00 0
-2.3223 -1.5572 0.0000 0.00 0.00 1.00 0
-2.3374 -1.5516 0.0000 0.00 0.00 1.00 0
-2.3535 -1.5457 0.0000 0.00 0.00 1.00 0
-2.3703 -1.5362 0.0000 0.00 0.00 1.00 0
-2.3843 -1.5306 0.0000 0.00 0.00 1.00 0
-2.3993 -1.5245 0.0000 0.00 0.00 1.00 0
-2.4054 -1.5220 0.0000 0.00 0.00 1.00 0
-2.4376 -1.5097 0.0000 0.00 0.00 1.00 0
-2.4537 -1.5033 0.0000 0.00 0.00 1.00 0
-2.4689 -1.4949 0.0000 0.00 0.00 1.00 0
-2.4850 -1.4881 0.0000 0.00 0.00 1.00 0
-2.4997 -1.4819 0.0000 0.00 0.00 1.00 0
-2.5130 -1.4743 0.0000 0.00 0.00 1.00 0
-2.5282 -1.4677 0.0000 0.00 0.00 1.00 0
-2.5395 -1.4655 0.0000 0.00 0.00 1.00 0
-2.5540 -1.4595 0.0000 0.00 0.00 1.00 0
-2.5687 -1.4535 0.0000 0.00 0.00 1.00 0
-2.5761 -1.4505 0.0000 0.00 0.00 1.00 0
-2.5978 -1.4460 0.0000 0.00 0.00 1.00 0
-2.6125 -1.4406 0.0000 0.00 0.00 1.00 0
-2.6303 -1.4363 0.0000 0.00 0.00 1.00 0
-2.6456 -1.4310 0.0000 0.00 0.00 1.00 0
-2.6607 -1.4258 0.0000 0.00 0.00 1.00 0
-2.6782 -1.4208 0.0000 0.00 0.00 1.00 0
-2.6906 -1.4167 0.0000 0.00 0.00 1.00 0
-2.7069 -1.4112 0.0000 0.00 0.00 1.00 0
-2.7304 -1.4044 0.0000 0.00 0.00 1.00 0
-2.7467 -1.3991 0.0000 0.00 0.00 1.00 0
-2.7670 -1.3909 0.0000 0.00 0.00 1.00 0
-2.7842 -1.3850 0.0000 0.00 0.00 1.00 0
-2.8009 -1.3793 0.0000 0.00 0.00 1.00 0
-2.8190 -1.3709 0.0000 0.00 0.00 1.00 0
-2.8361 -1.3647 0.0000 0.00 0.00 1.00 0
-2.8533 -1.3585 0.0000 0.00 0.00 1.00 0
-2.8684 -1.3531 0.0000 0.00 0.00 1.00 0
-2.8852 -1.3471 0.0000 0.00 0.00 1.00 0
-2.9022 -1.3409 0.0000 0.00 0.00 1.00 0
-2.9141 -1.3351 0.0000 0.00 0.00 1.00 0
-2.9335 -1.3278 0.0000 0.00 0.00 1.00 0
-2.9481 -1.3223 0.0000 0.00 0.00 1.00 0
-2.9647 -1.3149 0.0000 0.00 0.00 1.00 0
-2.9808 -1.3087 0.0000 0.00 0.00 1.00 0
-2.9949 -1.3027 0.0000 0.00 0.00 1.00 0
-3.0110 -1.2964 0.0000 0.00 0.00 1.00 0
-3.0271 -1.2901 0.0000 0.00 0.00 1.00 0
-3.0348 -1.2871 0.0000 0.00 0.00 1.00 0
-3.0584 -1.2793 0.0000 0.00 0.00 1.00 0
-3.0746 -1.2732 0.0000 0.00 0.00 1.00 0
-3.0908 -1.2676 0.0000 0.00 0.00 1.00 0
-3.1053 -1.2621 0.0000 0.00 0.00 1.00 0
-3.1230 -1.2554 0.0000 0.00 0.00 1.00 0
-3.1426 -1.2471 0.0000 0.00 0.00 1.00 0
-3.1590 -1.2407 0.0000 0.00 0.00 1.00 0
-3.1724 -1.2355 0.0000 0.00 0.00 1.00 0
-3.1947 -1.2301 0.0000 0.00 0.00 1.00 0
-3.2121 -1.2238 0.0000 0.00 0.00 1.00 0
-3.2349 -1.2168 0.0000 0.00 0.00 1.00 0
-3.2527 -1.2105 0.0000 0.00 0.00 1.00 0
-3.2705 -1.2043 0.0000 0.00 0.00 1.00 0
-3.2909 -1.1977 0.0000 0.00 0.00 1.00 0
-3.3079 -1.1919 0.0000 0.00 0.00 1.00 0
-3.3264 -1.1855 0.0000 0.00 0.00 1.00 0
-3.3475 -1.1793 0.0000 0.00 0.00 1.00 0
-3.3661 -1.1730 0.0000 0.00 0.00 1.00 0
-3.3848 -1.1667 0.0000 0.00 0.00 1.00 0
-3.3979 -1.1615 0.0000 0.00 0.00 1.00 0
-3.4157 -1.1554 0.0000 0.00 0.00 1.00 0
-3.4316 -1.1499 0.0000 0.00 0.00 1.00 0
-3.4511 -1.1397 0.0000 0.00 0.00 1.00 0
-3.4691 -1.1330 0.0000 0.00 0.00 1.00 0
-3.4838 -1.1238 0.0000 0.00 0.00 1.00 0
-3.5010 -1.1168 0.0000 0.00 0.00 1.00 0
-3.5164 -1.1104 0.0000 0.00 0.00 1.00 0
-3.5279 -1.1058 0.0000 0.00 0.00 1.00 0
-3.5407 -1.1050 0.0000 0.00 0.00 1.00 0
-3.5561 -1.0993 0.0000 0.00 0.00 1.00 0
-3.5502 -1.1041 0.0000 0.00 0.00 1.00 0
-3.5623 -1.1001 0.0000 0.00 0.00 1.00 0
-3.5740 -1.0962 0.0000 0.00 0.00 1.00 0
-3.5584 -1.1045 0.0000 0.00 0.00 1.00 0
-3.5661 -1.1023 0.0000 0.00 0.00 1.00 0
-3.5725 -1.1006 0.0000 0.00 0.00 1.00 0
-3.5599 -1.1028 0.0000 0.00 0.00 1.00 0
-3.5644 -1.1013 0.0000 0.00 0.00 1.00 0
-3.5557 -1.1005 0.0000 0.00 0.00 1.00 0
-3.5583 -1.0990 0.0000 0.00 0.00 1.00 0
-3.5605 -1.0977 0.0000 0.00 0.00 1.00 0
-3.5588 -1.0955 0.0000 0.00 0.00 1.00 0
-3.5604 -1.0941 0.0000 0.00 0.00 1.00 0
-3.5621 -1.0926 0.0000 0.00 0.00 1.00 0
-3.5706 -1.0869 0.0000 0.00 0.00 1.00 0
-3.5733 -1.0847 0.0000 0.00 0.00 1.00 0
-3.5760 -1.0826 0.0000 0.00 0.00 1.00 0
-3.5869 -1.0848 0.0000 0.00 0.00 1.00 0
-3.5908 -1.0834 0.0000 0.00 0.00 1.00 0
-3.5920 -1.0829 0.0000 0.00 0.00 1.00 0
-3.6126 -1.0757 0.0000 0.00 0.00 1.00 0
-3.6186 -1.0735 0.0000 0.00 0.00 1.00 0
-3.6221 -1.0722 0.0000 0.00 0.00 1.00 0
-3.6354 -1.0560 0.0000 0.00 0.00 1.00 0
-3.6421 -1.0519 0.0000 0.00 0.00 1.00 0
-3.6609 -1.0447 0.0000 0.00 0.00 1.00 0
-3.6698 -1.0400 0.0000 0.00 0.00 1.00 0
-3.6784 -1.0354 0.0000 0.00 0.00 1.00 0
-3.7002 -1.0341 0.0000 0.00 0.00 1.00 0
-3.7092 -1.0307 0.0000 0.00 0.00 1.00 0
-3.7218 -1.0259 0.0000 0.00 0.00 1.00 0
-3.7442 -1.0305 0.0000 0.00 0.00 1.00 0
-3.7569 -1.0278 0.0000 0.00 0.00 1.00 0
-3.7746 -1.0232 0.0000 0.00 0.00 1.00 0
-3.7872 -1.0204 0.0000 0.00 0.00 1.00 0
-3.8005 -1.0174 0.0000 0.00 0.00 1.00 0
-3.8098 -1.0153 0.0000 0.00 0.00 1.00 0
-3.8276 -1.0111 0.0000 0.00 0.00 1.00 0
-3.8408 -1.0081 0.0000 0.00 0.00 1.00 0
-3.8515 -1.0080 0.0000 0.00 0.00 1.00 0
-3.8646 -1.0055 0.0000 0.00 0.00 1.00 0
-3.8774 -1.0029 0.0000 0.00 0.00 1.00 0
-3.8883 -1.0040 0.0000 0.00 0.00 1.00 0
-3.9010 -1.0020 0.0000 0.00 0.00 1.00 0
-3.9143 -0.9998 0.0000 0.00 0.00 1.00 0
-3.9183 -0.9897 0.0000 0.00 0.00 1.00 0
-3.9299 -0.9864 0.0000 0.00 0.00 1.00 0
-3.9402 -0.9835 0.0000 0.00 0.00 1.00 0
-3.9465 -0.9794 0.0000 0.00 0.00 1.00 0
-3.9570 -0.9760 0.0000 0.00 0.00 1.00 0
-3.9632 -0.9740 0.0000 0.00 0.00 1.00 0
-3.9710 -0.9824 0.0000 0.00 0.00 1.00 0
-3.9806 -0.9810 0.0000 0.00 0.00 1.00 0
-3.9861 -0.9901 0.0000 0.00 0.00 1.00 0
-3.9951 -0.9904 0.0000 0.00 0.00 1.00 0
-4.0040 -0.9907 0.0000 0.00 0.00 1.00 0
-4.0090 -0.9894 0.0000 0.00 0.00 1.00 0
-4.0171 -0.9895 0.0000 0.00 0.00 1.00 0
-4.0254 -0.9895 0.0000 0.00 0.00 1.00 0
-4.0275 -0.9833 0.0000 0.00 0.00 1.00 0
-4.0347 -0.9823 0.0000 0.00 0.00 1.00 0
-4.0404 -0.9808 0.0000 0.00 0.00 1.00 0
-4.0478 -0.9798 0.0000 0.00 0.00 1.00 0
-4.0543 -0.9788 0.0000 0.00 0.00 1.00 0
-4.0636 -0.9839 0.0000 0.00 0.00 1.00 0
-4.0711 -0.9839 0.0000 0.00 0.00 1.00 0
-4.0784 -0.9839 0.0000 0.00 0.00 1.00 0
-4.0868 -0.9804 0.0000 0.00 0.00 1.00 0
-4.0914 -0.9800 0.0000 0.00 0.00 1.00 0
-4.1023 -0.9792 0.0000 0.00 0.00 1.00 0
-4.1119 -0.9770 0.0000 0.00 0.00 1.00 0
-4.1197 -0.9762 0.0000 0.00 0.00 1.00 0
-4.1275 -0.9753 0.0000 0.00 0.00 1.00 0
-4.1380 -0.9803 0.0000 0.00 0.00 1.00 0
-4.1453 -0.9803 0.0000 0.00 0.00 1.00 0
-4.1532 -0.9803 0.0000 0.00 0.00 1.00 0
-4.1707 -0.9895 0.0000 0.00 0.00 1.00 0
-4.1802 -0.9909 0.0000 0.00 0.00 1.00 0
-4.1923 -0.9898 0.0000 0.00 0.00 1.00 0
-4.2022 -0.9908 0.0000 0.00 0.00 1.00 0
-4.2121 -0.9917 0.0000 0.00 0.00 1.00 0
-4.2169 -0.9922 0.0000 0.00 0.00 1.00 0
-4.2315 -0.9863 0.0000 0.00 0.00 1.00 0
-4.2415 -0.9862 0.0000 0.00 0.00 1.00 0
-4.2525 -0.9847 0.0000 0.00 0.00 1.00 0
-4.2625 -0.9844 0.0000 0.00 0.00 1.00 0
-4.2725 -0.9841 0.0000 0.00 0.00 1.00 0
-4.2844 -0.9890 0.0000 0.00 0.00 1.00 0
-4.2947 -0.9895 0.0000 0.00 0.00 1.00 0
-4.3029 -0.9899 0.0000 0.00 0.00 1.00 0
-4.3174 -0.9962 0.0000 0.00 0.00 1.00 0
-4.3280 -0.9975 0.0000 0.00 0.00 1.00 0
-4.3355 -0.9985 0.0000 0.00 0.00 1.00 0
-4.3513 -0.9913 0.0000 0.00 0.00 1.00 0
-4.3622 -0.9913 0.0000 0.00 0.00 1.00 0
-4.3680 -0.9891 0.0000 0.00 0.00 1.00 0
-4.3780 -0.9888 0.0000 0.00 0.00 1.00 0
-4.3882 -0.9884 0.0000 0.00 0.00 1.00 0
-4.3964 -0.9882 0.0000 0.00 0.00 1.00 0
-4.4068 -0.9953 0.0000 0.00 0.00 1.00 0
-4.4167 -0.9960 0.0000 0.00 0.00 1.00 0
-4.4284 -0.9991 0.0000 0.00 0.00 1.00 0
-4.4386 -1.0002 0.0000 0.00 0.00 1.00 0
-4.4477 -1.0011 0.0000 0.00 0.00 1.00 0
-4.4575 -1.0015 0.0000 0.00 0.00 1.00 0
-4.4674 -1.0025 0.0000 0.00 0.00 1.00 0
-4.4742 -1.0055 0.0000 0.00 0.00 1.00 0
-4.4837 -1.0068 0.0000 0.00 0.00 1.00 0
-4.4924 -1.0080 0.0000 0.00 0.00 1.00 0
-4.5024 -1.0135 0.0000 0.00 0.00 1.00 0
-4.5118 -1.0155 0.0000 0.00 0.00 1.00 0
-4.5214 -1.0175 0.0000 0.00 0.00 1.00 0
-4.5312 -1.0251 0.0000 0.00 0.00 1.00 0
-4.5406 -1.0279 0.0000 0.00 0.00 1.00 0
-4.5500 -1.0308 0.0000 0.00 0.00 1.00 0
-4.5584 -1.0370 0.0000 0.00 0.00 1.00 0
-4.5677 -1.0404 0.0000 0.00 0.00 1.00 0
-4.5737 -1.0429 0.0000 0.00 0.00 1.00 0
-4.5824 -1.0461 0.0000 0.00 0.00 1.00 0
-4.5911 -1.0493 0.0000 0.00 0.00 1.00 0
-4.5972 -1.0516 0.0000 0.00 0.00 1.00 0
-4.6008 -1.0431 0.0000 0.00 0.00 1.00 0
-4.6076 -1.0443 0.0000 0.00 0.00 1.00 0
-4.6079 -1.0364 0.0000 0.00 0.00 1.00 0
-4.6141 -1.0363 0.0000 0.00 0.00 1.00 0
-4.6203 -1.0361 0.0000 0.00 0.00 1.00 0
-4.6229 -1.0337 0.0000 0.00 0.00 1.00 0
-4.6287 -1.0331 0.0000 0.00 0.00 1.00 0
-4.6346 -1.0326 0.0000 0.00 0.00 1.00 0
-4.6363 -1.0410 0.0000 0.00 0.00 1.00 0
-4.6413 -1.0419 0.0000 0.00 0.00 1.00 0
-4.6459 -1.0426 0.0000 0.00 0.00 1.00 0
-4.6488 -1.0520 0.0000 0.00 0.00 1.00 0
-4.6535 -1.0541 0.0000 0.00 0.00 1.00 0
-4.6575 -1.0559 0.0000 0.00 0.00 1.00 0
-4.6625 -1.0582 0.0000 0.00 0.00 1.00 0
-4.6671 -1.0603 0.0000 0.00 0.00 1.00 0
-4.6726 -1.0623 0.0000 0.00 0.00 1.00 0
-4.6775 -1.0644 0.0000 0.00 0.00 1.00 0
-4.6823 -1.0665 0.0000 0.00 0.00 1.00 0
-4.6898 -1.0719 0.0000 0.00 0.00 1.00 0
-4.6950 -1.0746 0.0000 0.00 0.00 1.00 0
-4.7003 -1.0772 0.0000 0.00 0.00 1.00 0
-4.7093 -1.0724 0.0000 0.00 0.00 1.00 0
-4.7150 -1.0739 0.0000 0.00 0.00 1.00 0
-4.7197 -1.0750 0.0000 0.00 0.00 1.00 0
-4.7307 -1.0786 0.0000 0.00 0.00 1.00 0
-4.7371 -1.0803 0.0000 0.00 0.00 1.00 0
-4.7457 -1.0835 0.0000 0.00 0.00 1.00 0
-4.7526 -1.0856 0.0000 0.00 0.00 1.00 0
-4.7593 -1.0875 0.0000 0.00 0.00 1.00 0
-4.7690 -1.0888 0.0000 0.00 0.00 1.00 0
-4.7756 -1.0905 0.0000 0.00 0.00 1.00 0
-4.7837 -1.0926 0.0000 0.00 0.00 1.00 0
-4.7894 -1.0928 0.0000 0.00 0.00 1.00 0
-4.7965 -1.0945 0.0000 0.00 0.00 1.00 0
-4.8037 -1.0961 0.0000 0.00 0.00 1.00 0
-4.8134 -1.1009 0.0000 0.00 0.00 1.00 0
-4.8201 -1.1028 0.0000 0.00 0.00 1.00 0
-4.8271 -1.1048 0.0000 0.00 0.00 1.00 0
-4.8355 -1.1092 0.0000 0.00 0.00 1.00 0
-4.8430 -1.1116 0.0000 0.00 0.00 1.00 0
-4.8479 -1.1077 0.0000 0.00 0.00 1.00 0
-4.8550 -1.1090 0.0000 0.00 0.00 1.00 0
-4.8621 -1.1104 0.0000 0.00 0.00 1.00 0
-4.8661 -1.1113 0.0000 0.00 0.00 1.00 0
-4.8727 -1.1126 0.0000 0.00 0.00 1.00 0
-4.8792 -1.1138 0.0000 0.00 0.00 1.00 0
-4.8845 -1.1191 0.0000 0.00 0.00 1.00 0
-4.8909 -1.1210 0.0000 0.00 0.00 1.00 0
-4.8965 -1.1227 0.0000 0.00 0.00 1.00 0
-4.9000 -1.1278 0.0000 0.00 0.00 1.00 0
-4.9058 -1.1302 0.0000 0.00 0.00 1.00 0
-4.9104 -1.1321 0.0000 0.00 0.00 1.00 0
-4.9120 -1.1396 0.0000 0.00 0.00 1.00 0
-4.9170 -1.1426 0.0000 0.00 0.00 1.00 0
-4.9205 -1.1448 0.0000 0.00 0.00 1.00 0
-4.9262 -1.1568 0.0000 0.00 0.00 1.00 0
-4.9311 -1.1611 0.0000 0.00 0.00 1.00 0
-4.9378 -1.1683 0.0000 0.00 0.00 1.00 0
-4.9431 -1.1731 0.0000 0.00 0.00 1.00 0
-4.9483 -1.1779 0.0000 0.00 0.00 1.00 0
-4.9511 -1.1734 0.0000 0.00 0.00 1.00 0
-4.9560 -1.1767 0.0000 0.00 0.00 1.00 0
-4.9609 -1.1800 0.0000 0.00 0.00 1.00 0
-4.9727 -1.1780 0.0000 0.00 0.00 1.00 0
-4.9780 -1.1802 0.0000 0.00 0.00 1.00 0
-4.9858 -1.1816 0.0000 0.00 0.00 1.00 0
-4.9915 -1.1836 0.0000 0.00 0.00 1.00 0
-4.9976 -1.1858 0.0000 0.00 0.00 1.00 0
-5.0025 -1.1861 0.0000 0.00 0.00 1.00 0
-5.0085 -1.1880 0.0000 0.00 0.00 1.00 0
-5.0144 -1.1899 0.0000 0.00 0.00 1.00 0
-5.0228 -1.1962 0.0000 0.00 0.00 1.00 0
-5.0292 -1.1988 0.0000 0.00 0.00 1.00 0
-5.0354 -1.2014 0.0000 0.00 0.00 1.00 0
-5.0395 -1.2087 0.0000 0.00 0.00 1.00 0
-5.0446 -1.2066 0.0000 0.00 0.00 1.00 0
-5.0505 -1.2099 0.0000 0.00 0.00 1.00 0
-5.0546 -1.2126 0.0000 0.00 0.00 1.00 0
-5.0603 -1.2159 0.0000 0.00 0.00 1.00 0
-5.0647 -1.2184 0.0000 0.00 0.00 1.00 0
-5.0706 -1.2257 0.0000 0.00 0.00 1.00 0
-5.0762 -1.2294 0.0000 0.00 0.00 1.00 0
-5.0833 -1.2350 0.0000 0.00 0.00 1.00 0
-5.0892 -1.2391 0.0000 0.00 0.00 1.00 0
-5.0950 -1.2432 0.0000 0.00 0.00 1.00 0
-5.1020 -1.2478 0.0000 0.00 0.00 1.00 0
-5.1080 -1.2520 0.0000 0.00 0.00 1.00 0
-5.1140 -1.2562 0.0000 0.00 0.00 1.00 0
-5.1233 -1.2634 0.0000 0.00 0.00 1.00 0
-5.1299 -1.2681 0.0000 0.00 0.00 1.00 0
-5.1363 -1.2727 0.0000 0.00 0.00 1.00 0
-5.1435 -1.2759 0.0000 0.00 0.00 1.00 0
-5.1501 -1.2804 0.0000 0.00 0.00 1.00 0
-5.1553 -1.2839 0.0000 0.00 0.00 1.00 0
-5.1618 -1.2865 0.0000 0.00 0.00 1.00 0
-5.1682 -1.2905 0.0000 0.00 0.00 1.00 0
-5.1720 -1.2929 0.0000 0.00 0.00 1.00 0
-5.1748 -1.2876 0.0000 0.00 0.00 1.00 0
-5.1797 -1.2898 0.0000 0.00 0.00 1.00 0
-5.1788 -1.2839 0.0000 0.00 0.00 1.00 0
-5.1832 -1.2850 0.0000 0.00 0.00 1.00 0
-5.1880 -1.2861 0.0000 0.00 0.00 1.00 0
-5.1855 -1.2864 0.0000 0.00 0.00 1.00 0
-5.1889 -1.2874 0.0000 0.00 0.00 1.00 0
-5.1922 -1.2883 0.0000 0.00 0.00 1.00 0
-5.1906 -1.2927 0.0000 0.00 0.00 1.00 0
-5.1933 -1.2943 0.0000 0.00 0.00 1.00 0
-5.1983 -1.3028 0.0000 0.00 0.00 1.00 0
-5.2012 -1.3054 0.0000 0.00 0.00 1.00 0
-5.2042 -1.3081 0.0000 0.00 0.00 1.00 0
-5.2063 -1.3100 0.0000 0.00 0.00 1.00 0
-5.2270 -1.3345 0.0000 0.00 0.00 1.00 0
-5.2325 -1.3404 0.0000 0.00 0.00 1.00 0
-5.2420 -1.3551 0.0000 0.00 0.00 1.00 0
-5.2481 -1.3622 0.0000 0.00 0.00 1.00 0
-5.2542 -1.3695 0.0000 0.00 0.00 1.00 0
-5.2657 -1.3780 0.0000 0.00 0.00 1.00 0
-5.2727 -1.3855 0.0000 0.00 0.00 1.00 0
-5.2796 -1.3928 0.0000 0.00 0.00 1.00 0
-5.2881 -1.3959 0.0000 0.00 0.00 1.00 0
-5.2940 -1.4014 0.0000 0.00 0.00 1.00 0
-5.3014 -1.4084 0.0000 0.00 0.00 1.00 0
-5.3075 -1.4138 0.0000 0.00 0.00 1.00 0
-5.3145 -1.4204 0.0000 0.00 0.00 1.00 0
-5.3211 -1.4224 0.0000 0.00 0.00 1.00 0
-5.3278 -1.4280 0.0000 0.00 0.00 1.00 0
-5.3346 -1.4337 0.0000 0.00 0.00 1.00 0
-5.3305 -1.4339 0.0000 0.00 0.00 1.00 0
-5.3356 -1.4388 0.0000 0.00 0.00 1.00 0
-5.3406 -1.4435 0.0000 0.00 0.00 1.00 0
-5.3427 -1.4487 0.0000 0.00 0.00 1.00 0
-5.3472 -1.4534 0.0000 0.00 0.00 1.00 0
-5.3508 -1.4573 0.0000 0.00 0.00 1.00 0
-5.3549 -1.4642 0.0000 0.00 0.00 1.00 0
-5.3592 -1.4691 0.0000 0.00 0.00 1.00 0
-5.3633 -1.4711 0.0000 0.00 0.00 1.00 0
-5.3672 -1.4752 0.0000 0.00 0.00 1.00 0
-5.3715 -1.4796 0.0000 0.00 0.00 1.00 0
-5.3756 -1.4839 0.0000 0.00 0.00 1.00 0
-5.3852 -1.4935 0.0000 0.00 0.00 1.00 0
-5.3901 -1.5001 0.0000 0.00 0.00 1.00 0
-5.3931 -1.5032 0.0000 0.00 0.00 1.00 0
-5.4010 -1.5171 0.0000 0.00 0.00 1.00 0
-5.4060 -1.5230 0.0000 0.00 0.00 1.00 0
-5.4105 -1.5312 0.0000 0.00 0.00 1.00 0
-5.4161 -1.5384 0.0000 0.00 0.00 1.00 0
-5.4212 -1.5449 0.0000 0.00 0.00 1.00 0
-5.4228 -1.5454 0.0000 0.00 0.00 1.00 0
-5.4273 -1.5510 0.0000 0.00 0.00 1.00 0
-5.4314 -1.5561 0.0000 0.00 0.00 1.00 0
-5.4352 -1.5647 0.0000 0.00 0.00 1.00 0
-5.4396 -1.5707 0.0000 0.00 0.00 1.00 0
-5.4508 -1.5771 0.0000 0.00 0.00 1.00 0
-5.4564 -1.5833 0.0000 0.00 0.00 1.00 0
-5.4621 -1.5894 0.0000 0.00 0.00 1.00 0
-5.4648 -1.5924 0.0000 0.00 0.00 1.00 0
-5.4691 -1.5921 0.0000 0.00 0.00 1.00 0
-5.4745 -1.5971 0.0000 0.00 0.00 1.00 0
-5.4766 -1.5973 0.0000 0.00 0.00 1.00 0
-5.4812 -1.6014 0.0000 0.00 0.00 1.00 0
-5.4857 -1.6054 0.0000 0.00 0.00 1.00 0
-5.4930 -1.6131 0.0000 0.00 0.00 1.00 0
-5.4980 -1.6178 0.0000 0.00 0.00 1.00 0
-5.5031 -1.6225 0.0000 0.00 0.00 1.00 0
-5.5046 -1.6288 0.0000 0.00 0.00 1.00 0
-5.5091 -1.6336 0.0000 0.00 0.00 1.00 0
-5.5121 -1.6370 0.0000 0.00 0.00 1.00 0
-5.5204 -1.6499 0.0000 0.00 0.00 1.00 0
-5.5252 -1.6557 0.0000 0.00 0.00 1.00 0
-5.5301 -1.6676 0.0000 0.00 0.00 1.00 0
-5.5350 -1.6745 0.0000 0.00 0.00 1.00 0
-5.5398 -1.6813 0.0000 0.00 0.00 1.00 0
-5.5366 -1.6834 0.0000 0.00 0.00 1.00 0
-5.5401 -1.6895 0.0000 0.00 0.00 1.00 0
-5.5440 -1.6962 0.0000 0.00 0.00 1.00 0
-5.5470 -1.7010 0.0000 0.00 0.00 1.00 0
-5.5505 -1.7070 0.0000 0.00 0.00 1.00 0
-5.5536 -1.7124 0.0000 0.00 0.00 1.00 0
-5.5569 -1.7201 0.0000 0.00 0.00 1.00 0
-5.5602 -1.7260 0.0000 0.00 0.00 1.00 0
-5.5626 -1.7304 0.0000 0.00 0.00 1.00 0
-5.5636 -1.7316 0.0000 0.00 0.00 1.00 0
-5.5661 -1.7362 0.0000 0.00 0.00 1.00 0
-5.5716 -1.7434 0.0000 0.00 0.00 1.00 0
-5.5748 -1.7488 0.0000 0.00 0.00 1.00 0
-5.5775 -1.7531 0.0000 0.00 0.00 1.00 0
-5.5837 -1.7684 0.0000 0.00 0.00 1.00 0
-5.5876 -1.7756 0.0000 0.00 0.00 1.00 0
-5.5913 -1.7825 0.0000 0.00 0.00 1.00 0
-5.5919 -1.7814 0.0000 0.00 0.00 1.00 0
-5.5951 -1.7872 0.0000 0.00 0.00 1.00 0
-5.5983 -1.7928 0.0000 0.00 0.00 1.00 0
-5.6050 -1.8056 0.0000 0.00 0.00 1.00 0
-5.6087 -1.8124 0.0000 0.00 0.00 1.00 0
-5.6113 -1.8171 0.0000 0.00 0.00 1.00 0
-5.6120 -1.8308 0.0000 0.00 0.00 1.00 0
-5.6145 -1.8369 0.0000 0.00 0.00 1.00 0
-5.6170 -1.8428 0.0000 0.00 0.00 1.00 0
-5.6194 -1.8499 0.0000 0.00 0.00 1.00 0
-5.6222 -1.8570 0.0000 0.00 0.00 1.00 0
-5.6290 -1.8617 0.0000 0.00 0.00 1.00 0
-5.6322 -1.8678 0.0000 0.00 0.00 1.00 0
-5.6362 -1.8755 0.0000 0.00 0.00 1.00 0
-5.6346 -1.8754 0.0000 0.00 0.00 1.00 0
-5.6373 -1.8810 0.0000 0.00 0.00 1.00 0
-5.6398 -1.8862 0.0000 0.00 0.00 1.00 0
-5.6404 -1.8900 0.0000 0.00 0.00 1.00 0
-5.6428 -1.8953 0.0000 0.00 0.00 1.00 0
-5.6447 -1.8995 0.0000 0.00 0.00 1.00 0
-5.6522 -1.9095 0.0000 0.00 0.00 1.00 0
-5.6550 -1.9150 0.0000 0.00 0.00 1.00 0
-5.6578 -1.9217 0.0000 0.00 0.00 1.00 0
-5.6608 -1.9275 0.0000 0.00 0.00 1.00 0
-5.6637 -1.9335 0.0000 0.00 0.00 1.00 0
-5.6669 -1.9389 0.0000 0.00 0.00 1.00 0
-5.6699 -1.9447 0.0000 0.00 0.00 1.00 0
-5.6729 -1.9506 0.0000 0.00 0.00 1.00 0
-5.6743 -1.9538 0.0000 0.00 0.00 1.00 0
-5.6770 -1.9592 0.0000 0.00 0.00 1.00 0
-5.6795 -1.9641 0.0000 0.00 0.00 1.00 0
-5.6854 -1.9751 0.0000 0.00 0.00 1.00 0
-5.6887 -1.9814 0.0000 0.00 0.00 1.00 0
-5.6956 -1.9924 0.0000 0.00 0.00 1.00 0
-5.6993 -1.9992 0.0000 0.00 0.00 1.00 0
-5.7032 -2.0063 0.0000 0.00 0.00 1.00 0
-5.7055 -2.0104 0.0000 0.00 0.00 1.00 0
-5.7090 -2.0254 0.0000 0.00 0.00 1.00 0
-5.7122 -2.0323 0.0000 0.00 0.00 1.00 0
-5.7118 -2.0426 0.0000 0.00 0.00 1.00 0
-5.7149 -2.0511 0.0000 0.00 0.00 1.00 0
-5.7175 -2.0583 0.0000 0.00 0.00 1.00 0
-5.7107 -2.0560 0.0000 0.00 0.00 1.00 0
-5.7120 -2.0624 0.0000 0.00 0.00 1.00 0
-5.7087 -2.0696 0.0000 0.00 0.00 1.00 0
-5.7093 -2.0758 0.0000 0.00 0.00 1.00 0
-5.7098 -2.0823 0.0000 0.00 0.00 1.00 0
-5.7101 -2.0869 0.0000 0.00 0.00 1.00 0
-5.7104 -2.1030 0.0000 0.00 0.00 1.00 0
-5.7108 -2.1098 0.0000 0.00 0.00 1.00 0
-5.7096 -2.1240 0.0000 0.00 0.00 1.00 0
-5.7098 -2.1326 0.0000 0.00 0.00 1.00 0
-5.7100 -2.1420 0.0000 0.00 0.00 1.00 0
-5.7106 -2.1548 0.0000 0.00 0.00 1.00 0
-5.7108 -2.1640 0.0000 0.00 0.00 1.00 0
-5.7111 -2.1735 0.0000 0.00 0.00 1.00 0
-5.7066 -2.1792 0.0000 0.00 0.00 1.00 0
-5.7061 -2.1880 0.0000 0.00 0.00 1.00 0
-5.7056 -2.1966 0.0000 0.00 0.00 1.00 0
-5.7054 -2.1953 0.0000 0.00 0.00 1.00 0
-5.7049 -2.2026 0.0000 0.00 0.00 1.00 0
-5.7100 -2.2047 0.0000 0.00 0.00 1.00 0
-5.7105 -2.2110 0.0000 0.00 0.00 1.00 0
-5.7110 -2.2173 0.0000 0.00 0.00 1.00 0
-5.7113 -2.2212 0.0000 0.00 0.00 1.00 0
-5.7184 -2.2282 0.0000 0.00 0.00 1.00 0
-5.7198 -2.2343 0.0000 0.00 0.00 1.00 0
-5.7214 -2.2440 0.0000 0.00 0.00 1.00 0
-5.7229 -2.2506 0.0000 0.00 0.00 1.00 0
-5.7240 -2.2559 0.0000 0.00 0.00 1.00 0
-5.7264 -2.2752 0.0000 0.00 0.00 1.00 0
-5.7279 -2.2836 0.0000 0.00 0.00 1.00 0
-5.7293 -2.2913 0.0000 0.00 0.00 1.00 0
-5.7270 -2.2991 0.0000 0.00 0.00 1.00 0
-5.7280 -2.3071 0.0000 0.00 0.00 1.00 0
-5.7266 -2.3121 0.0000 0.00 0.00 1.00 0
-5.7272 -2.3198 0.0000 0.00 0.00 1.00 0
-5.7278 -2.3275 0.0000 0.00 0.00 1.00 0
-5.7253 -2.3316 0.0000 0.00 0.00 1.00 0
-5.7254 -2.3386 0.0000 0.00 0.00 1.00 0
-5.7254 -2.3457 0.0000 0.00 0.00 1.00 0
-5.7261 -2.3516 0.0000 0.00 0.00 1.00 0
-5.7263 -2.3591 0.0000 0.00 0.00 1.00 0
-5.7264 -2.3652 0.0000 0.00 0.00 1.00 0
-5.7261 -2.3737 0.0000 0.00 0.00 1.00 0
-5.7262 -2.3808 0.0000 0.00 0.00 1.00 0
-5.7263 -2.3880 0.0000 0.00 0.00 1.00 0
-5.7251 -2.3986 0.0000 0.00 0.00 1.00 0
-5.7250 -2.4061 0.0000 0.00 0.00 1.00 0
-5.7215 -2.4098 0.0000 0.00 0.00 1.00 0
-5.7208 -2.4168 0.0000 0.00 0.00 1.00 0
-5.7201 -2.4236 0.0000 0.00 0.00 1.00 0
-5.7198 -2.4270 0.0000 0.00 0.00 1.00 0
-5.7232 -2.4370 0.0000 0.00 0.00 1.00 0
-5.7231 -2.4439 0.0000 0.00 0.00 1.00 0
-5.7287 -2.4513 0.0000 0.00 0.00 1.00 0
-5.7295 -2.4583 0.0000 0.00 0.00 1.00 0
-5.7303 -2.4651 0.0000 0.00 0.00 1.00 0
-5.7282 -2.4753 0.0000 0.00 0.00 1.00 0
-5.7285 -2.4821 0.0000 0.00 0.00 1.00 0
-5.7288 -2.4887 0.0000 0.00 0.00 1.00 0
-5.7287 -2.4931 0.0000 0.00 0.00 1.00 0
-5.7290 -2.5000 0.0000 0.00 0.00 1.00 0
-5.7292 -2.5054 0.0000 0.00 0.00 1.00 0
-5.7309 -2.5147 0.0000 0.00 0.00 1.00 0
-5.7314 -2.5212 0.0000 0.00 0.00 1.00 0
-5.7347 -2.5343 0.0000 0.00 0.00 1.00 0
-5.7356 -2.5415 0.0000 0.00 0.00 1.00 0
-5.7365 -2.5493 0.0000 0.00 0.00 1.00 0
-5.7328 -2.5544 0.0000 0.00 0.00 1.00 0
-5.7330 -2.5619 0.0000 0.00 0.00 1.00 0
-5.7331 -2.5691 0.0000 0.00 0.00 1.00 0
-5.7323 -2.5803 0.0000 0.00 0.00 1.00 0
-5.7324 -2.5882 0.0000 0.00 0.00 1.00 0
-5.7324 -2.5963 0.0000 0.00 0.00 1.00 0
-5.7279 -2.6021 0.0000 0.00 0.00 1.00 0
-5.7273 -2.6097 0.0000 0.00 0.00 1.00 0
-5.7174 -2.6131 0.0000 0.00 0.00 1.00 0
-5.7151 -2.6201 0.0000 0.00 0.00 1.00 0
-5.7129 -2.6271 0.0000 0.00 0.00 1.00 0
-5.7146 -2.6372 0.0000 0.00 0.00 1.00 0
-5.7130 -2.6447 0.0000 0.00 0.00 1.00 0
-5.7114 -2.6523 0.0000 0.00 0.00 1.00 0
-5.7148 -2.6580 0.0000 0.00 0.00 1.00 0
-5.7140 -2.6652 0.0000 0.00 0.00 1.00 0
-5.7132 -2.6724 0.0000 0.00 0.00 1.00 0
-5.7125 -2.6732 0.0000 0.00 0.00 1.00 0
-5.7124 -2.6793 0.0000 0.00 0.00 1.00 0
-5.7138 -2.6866 0.0000 0.00 0.00 1.00 0
-5.7134 -2.6924 0.0000 0.00 0.00 1.00 0
-5.7130 -2.6987 0.0000 0.00 0.00 1.00 0
-5.7152 -2.7112 0.0000 0.00 0.00 1.00 0
-5.7152 -2.7184 0.0000 0.00 0.00 1.00 0
-5.7153 -2.7258 0.0000 0.00 0.00 1.00 0
-5.7090 -2.7219 0.0000 0.00 0.00 1.00 0
-5.7080 -2.7274 0.0000 0.00 0.00 1.00 0
-5.7070 -2.7328 0.0000 0.00 0.00 1.00 0
-5.7066 -2.7432 0.0000 0.00 0.00 1.00 0
-5.7058 -2.7488 0.0000 0.00 0.00 1.00 0
-5.7048 -2.7557 0.0000 0.00 0.00 1.00 0
-5.7047 -2.7687 0.0000 0.00 0.00 1.00 0
-5.7039 -2.7760 0.0000 0.00 0.00 1.00 0
-5.7032 -2.7826 0.0000 0.00 0.00 1.00 0
-5.6989 -2.7870 0.0000 0.00 0.00 1.00 0
-5.6976 -2.7938 0.0000 0.00 0.00 1.00 0
-5.6967 -2.7985 0.0000 0.00 0.00 1.00 0
-5.6940 -2.8062 0.0000 0.00 0.00 1.00 0
-5.6926 -2.8128 0.0000 0.00 0.00 1.00 0
-5.6904 -2.8186 0.0000 0.00 0.00 1.00 0
-5.6888 -2.8253 0.0000 0.00 0.00 1.00 0
-5.6872 -2.8319 0.0000 0.00 0.00 1.00 0
-5.6781 -2.8336 0.0000 0.00 0.00 1.00 0
-5.6756 -2.8388 0.0000 0.00 0.00 1.00 0
-5.6726 -2.8450 0.0000 0.00 0.00 1.00 0
-5.6751 -2.8506 0.0000 0.00 0.00 1.00 0
-5.6731 -2.8564 0.0000 0.00 0.00 1.00 0
-5.6713 -2.8616 0.0000 0.00 0.00 1.00 0
-5.6713 -2.8753 0.0000 0.00 0.00 1.00 0
-5.6697 -2.8820 0.0000 0.00 0.00 1.00 0
-5.6684 -2.8875 0.0000 0.00 0.00 1.00 0
-5.6611 -2.8979 0.0000 0.00 0.00 1.00 0
-5.6587 -2.9051 0.0000 0.00 0.00 1.00 0
-5.6546 -2.9110 0.0000 0.00 0.00 1.00 0
-5.6518 -2.9179 0.0000 0.00 0.00 1.00 0
-5.6491 -2.9249 0.0000 0.00 0.00 1.00 0
-5.6499 -2.9340 0.0000 0.00 0.00 1.00 0
-5.6477 -2.9413 0.0000 0.00 0.00 1.00 0
-5.6456 -2.9485 0.0000 0.00 0.00 1.00 0
-5.6394 -2.9491 0.0000 0.00 0.00 1.00 0
-5.6367 -2.9552 0.0000 0.00 0.00 1.00 0
-5.6343 -2.9608 0.0000 0.00 0.00 1.00 0
-5.6356 -2.9642 0.0000 0.00 0.00 1.00 0
-5.6336 -2.9699 0.0000 0.00 0.00 1.00 0
-5.6321 -2.9739 0.0000 0.00 0.00 1.00 0
-5.6337 -2.9845 0.0000 0.00 0.00 1.00 0
-5.6322 -2.9906 0.0000 0.00 0.00 1.00 0
-5.6313 -2.9940 0.0000 0.00 0.00 1.00 0
-5.6299 -2.9997 0.0000 0.00 0.00 1.00 0
-5.6285 -3.0054 0.0000 0.00 0.00 1.00 0
-5.6226 -3.0084 0.0000 0.00 0.00 1.00 0
-5.6205 -3.0137 0.0000 0.00 0.00 1.00 0
-5.6184 -3.0190 0.0000 0.00 0.00 1.00 0
-5.6177 -3.0330 0.0000 0.00 0.00 1.00 0
-5.6158 -3.0397 0.0000 0.00 0.00 1.00 0
-5.6143 -3.0449 0.0000 0.00 0.00 1.00 0
-5.6106 -3.0565 0.0000 0.00 0.00 1.00 0
-5.6087 -3.0630 0.0000 0.00 0.00 1.00 0
-5.6071 -3.0686 0.0000 0.00 0.00 1.00 0
-5.5984 -3.0751 0.0000 0.00 0.00 1.00 0
-5.5955 -3.0819 0.0000 0.00 0.00 1.00 0
-5.5891 -3.0896 0.0000 0.00 0.00 1.00 0
-5.5856 -3.0965 0.0000 0.00 0.00 1.00 0
-5.5822 -3.1034 0.0000 0.00 0.00 1.00 0
-5.5735 -3.1054 0.0000 0.00 0.00 1.00 0
-5.5687 -3.1123 0.0000 0.00 0.00 1.00 0
-5.5649 -3.1178 0.0000 0.00 0.00 1.00 0
-5.5567 -3.1179 0.0000 0.00 0.00 1.00 0
-5.5518 -3.1230 0.0000 0.00 0.00 1.00 0
-5.5469 -3.1282 0.0000 0.00 0.00 1.00 0
-5.5437 -3.1409 0.0000 0.00 0.00 1.00 0
-5.5391 -3.1472 0.0000 0.00 0.00 1.00 0
-5.5364 -3.1509 0.0000 0.00 0.00 1.00 0
-5.5337 -3.1593 0.0000 0.00 0.00 1.00 0
-5.5296 -3.1655 0.0000 0.00 0.00 1.00 0
-5.5240 -3.1671 0.0000 0.00 0.00 1.00 0
-5.5196 -3.1726 0.0000 0.00 0.00 1.00 0
-5.5153 -3.1780 0.0000 0.00 0.00 1.00 0
-5.5116 -3.1884 0.0000 0.00 0.00 1.00 0
-5.5074 -3.1946 0.0000 0.00 0.00 1.00 0
-5.5031 -3.2009 0.0000 0.00 0.00 1.00 0
-5.5018 -3.2058 0.0000 0.00 0.00 1.00 0
-5.4981 -3.2118 0.0000 0.00 0.00 1.00 0
-5.4930 -3.2116 0.0000 0.00 0.00 1.00 0
-5.4891 -3.2164 0.0000 0.00 0.00 1.00 0
-5.4851 -3.2214 0.0000 0.00 0.00 1.00 0
-5.4822 -3.2249 0.0000 0.00 0.00 1.00 0
-5.4802 -3.2316 0.0000 0.00 0.00 1.00 0
-5.4767 -3.2367 0.0000 0.00 0.00 1.00 0
-5.4689 -3.2431 0.0000 0.00 0.00 1.00 0
-5.4652 -3.2478 0.0000 0.00 0.00 1.00 0
-5.4606 -3.2535 0.0000 0.00 0.00 1.00 0
-5.4559 -3.2593 0.0000 0.00 0.00 1.00 0
-5.4516 -3.2647 0.0000 0.00 0.00 1.00 0
-5.4469 -3.2706 0.0000 0.00 0.00 1.00 0
-5.4428 -3.2828 0.0000 0.00 0.00 1.00 0
-5.4385 -3.2892 0.0000 0.00 0.00 1.00 0
-5.4345 -3.2951 0.0000 0.00 0.00 1.00 0
-5.4326 -3.2958 0.0000 0.00 0.00 1.00 0
-5.4288 -3.3013 0.0000 0.00 0.00 1.00 0
-5.4260 -3.3052 0.0000 0.00 0.00 1.00 0
-5.4210 -3.3102 0.0000 0.00 0.00 1.00 0
-5.4171 -3.3154 0.0000 0.00 0.00 1.00 0
-5.4160 -3.3221 0.0000 0.00 0.00 1.00 0
-5.4126 -3.3275 0.0000 0.00 0.00 1.00 0
-5.4092 -3.3330 0.0000 0.00 0.00 1.00 0
-5.4020 -3.3347 0.0000 0.00 0.00 1.00 0
-5.3979 -3.3396 0.0000 0.00 0.00 1.00 0
-5.3939 -3.3445 0.0000 0.00 0.00 1.00 0
-5.3874 -3.3442 0.0000 0.00 0.00 1.00 0
-5.3830 -3.3482 0.0000 0.00 0.00 1.00 0
-5.3790 -3.3519 0.0000 0.00 0.00 1.00 0
-5.3741 -3.3591 0.0000 0.00 0.00 1.00 0
-5.3697 -3.3635 0.0000 0.00 0.00 1.00 0
-5.3667 -3.3666 0.0000 0.00 0.00 1.00 0
-5.3590 -3.3723 0.0000 0.00 0.00 1.00 0
-5.3542 -3.3768 0.0000 0.00 0.00 1.00 0
-5.3453 -3.3857 0.0000 0.00 0.00 1.00 0
-5.3398 -3.3911 0.0000 0.00 0.00 1.00 0
-5.3345 -3.3962 0.0000 0.00 0.00 1.00 0
-5.3331 -3.4048 0.0000 0.00 0.00 1.00 0
-5.3282 -3.4107 0.0000 0.00 0.00 1.00 0
-5.3235 -3.4164 0.0000 0.00 0.00 1.00 0
-5.3182 -3.4165 0.0000 0.00 0.00 1.00 0
-5.3134 -3.4214 0.0000 0.00 0.00 1.00 0
-5.3090 -3.4258 0.0000 0.00 0.00 1.00 0
-5.3075 -3.4362 0.0000 0.00 0.00 1.00 0
-5.3033 -3.4418 0.0000 0.00 0.00 1.00 0
-5.2996 -3.4470 0.0000 0.00 0.00 1.00 0
-5.2955 -3.4525 0.0000 0.00 0.00 1.00 0
-5.2914 -3.4581 0.0000 0.00 0.00 1.00 0
-5.2830 -3.4599 0.0000 0.00 0.00 1.00 0
-5.2781 -3.4649 0.0000 0.00 0.00 1.00 0
-5.2733 -3.4698 0.0000 0.00 0.00 1.00 0
-5.2656 -3.4711 0.0000 0.00 0.00 1.00 0
-5.2603 -3.4755 0.0000 0.00 0.00 1.00 0
-5.2549 -3.4799 0.0000 0.00 0.00 1.00 0
-5.2381 -3.4776 0.0000 0.00 0.00 1.00 0
-5.2311 -3.4808 0.0000 0.00 0.00 1.00 0
-5.2246 -3.4839 0.0000 0.00 0.00 1.00 0
-5.2123 -3.4845 0.0000 0.00 0.00 1.00 0
-5.2046 -3.4873 0.0000 0.00 0.00 1.00 0
-5.2022 -3.4961 0.0000 0.00 0.00 1.00 0
-5.1954 -3.4999 0.0000 0.00 0.00 1.00 0
-5.1886 -3.5038 0.0000 0.00 0.00 1.00 0
-5.1800 -3.5090 0.0000 0.00 0.00 1.00 0
-5.1729 -3.5131 0.0000 0.00 0.00 1.00 0
-5.1657 -3.5172 0.0000 0.00 0.00 1.00 0
-5.1576 -3.5240 0.0000 0.00 0.00 1.00 0
-5.1504 -3.5285 0.0000 0.00 0.00 1.00 0
-5.1431 -3.5330 0.0000 0.00 0.00 1.00 0
-5.1390 -3.5371 0.0000 0.00 0.00 1.00 0
-5.1323 -3.5415 0.0000 0.00 0.00 1.00 0
-5.1262 -3.5455 0.0000 0.00 0.00 1.00 0
-5.1159 -3.5464 0.0000 0.00 0.00 1.00 0
-5.1087 -3.5503 0.0000 0.00 0.00 1.00 0
-5.1037 -3.5490 0.0000 0.00 0.00 1.00 0
-5.0967 -3.5520 0.0000 0.00 0.00 1.00 0
-5.0897 -3.5551 0.0000 0.00 0.00 1.00 0
-5.0878 -3.5631 0.0000 0.00 0.00 1.00 0
-5.0811 -3.5674 0.0000 0.00 0.00 1.00 0
-5.0755 -3.5709 0.0000 0.00 0.00 1.00 0
-5.0655 -3.5759 0.0000 0.00 0.00 1.00 0
-5.0589 -3.5800 0.0000 0.00 0.00 1.00 0
-5.0523 -3.5840 0.0000 0.00 0.00 1.00 0
-5.0424 -3.5868 0.0000 0.00 0.00 1.00 0
-5.0353 -3.5906 0.0000 0.00 0.00 1.00 0
-5.0295 -3.5937 0.0000 0.00 0.00 1.00 0
-5.0232 -3.6013 0.0000 0.00 0.00 1.00 0
-5.0162 -3.6057 0.0000 0.00 0.00 1.00 0
-5.0114 -3.6087 0.0000 0.00 0.00 1.00 0
-4.9997 -3.6098 0.0000 0.00 0.00 1.00 0
-4.9925 -3.6133 0.0000 0.00 0.00 1.00 0
-4.9889 -3.6152 0.0000 0.00 0.00 1.00 0
-4.9806 -3.6195 0.0000 0.00 0.00 1.00 0
-4.9736 -3.6230 0.0000 0.00 0.00 1.00 0
-4.9736 -3.6290 0.0000 0.00 0.00 1.00 0
-4.9680 -3.6330 0.0000 0.00 0.00 1.00 0
-4.9621 -3.6369 0.0000 0.00 0.00 1.00 0
-4.9527 -3.6343 0.0000 0.00 0.00 1.00 0
-4.9462 -3.6372 0.0000 0.00 0.00 1.00 0
-4.9398 -3.6401 0.0000 0.00 0.00 1.00 0
-4.9332 -3.6415 0.0000 0.00 0.00 1.00 0
-4.9267 -3.6442 0.0000 0.00 0.00 1.00 0
-4.9222 -3.6460 0.0000 0.00 0.00 1.00 0
-4.9119 -3.6551 0.0000 0.00 0.00 1.00 0
-4.9053 -3.6585 0.0000 0.00 0.00 1.00 0
-4.8971 -3.6606 0.0000 0.00 0.00 1.00 0
-4.8901 -3.6639 0.0000 0.00 0.00 1.00 0
-4.8831 -3.6671 0.0000 0.00 0.00 1.00 0
-4.8709 -3.6696 0.0000 0.00 0.00 1.00 0
-4.8631 -3.6728 0.0000 0.00 0.00 1.00 0
-4.8553 -3.6759 0.0000 0.00 0.00 1.00 0
-4.8402 -3.6783 0.0000 0.00 0.00 1.00 0
-4.8313 -3.6813 0.0000 0.00 0.00 1.00 0
-4.8234 -3.6840 0.0000 0.00 0.00 1.00 0
-4.8142 -3.6805 0.0000 0.00 0.00 1.00 0
-4.8063 -3.6822 0.0000 0.00 0.00 1.00 0
-4.7990 -3.6846 0.0000 0.00 0.00 1.00 0
-4.7913 -3.6864 0.0000 0.00 0.00 1.00 0
-4.7829 -3.6885 0.0000 0.00 0.00 1.00 0
-4.7762 -3.6932 0.0000 0.00 0.00 1.00 0
-4.7682 -3.6956 0.0000 0.00 0.00 1.00 0
-4.7611 -3.6978 0.0000 0.00 0.00 1.00 0
-4.7521 -3.6989 0.0000 0.00 0.00 1.00 0
-4.7442 -3.7011 0.0000 0.00 0.00 1.00 0
-4.7361 -3.7033 0.0000 0.00 0.00 1.00 0
-4.7308 -3.7085 0.0000 0.00 0.00 1.00 0
-4.7231 -3.7111 0.0000 0.00 0.00 1.00 0
-4.7164 -3.7135 0.0000 0.00 0.00 1.00 0
-4.7146 -3.7185 0.0000 0.00 0.00 1.00 0
-4.7071 -3.7218 0.0000 0.00 0.00 1.00 0
-4.7025 -3.7239 0.0000 0.00 0.00 1.00 0
-4.6958 -3.7180 0.0000 0.00 0.00 1.00 0
-4.6894 -3.7195 0.0000 0.00 0.00 1.00 0
-4.6856 -3.7205 0.0000 0.00 0.00 1.00 0
-4.6707 -3.7217 0.0000 0.00 0.00 1.00 0
-4.6635 -3.7231 0.0000 0.00 0.00 1.00 0
-4.6487 -3.7239 0.0000 0.00 0.00 1.00 0
-4.6411 -3.7251 0.0000 0.00 0.00 1.00 0
-4.6317 -3.7265 0.0000 0.00 0.00 1.00 0
-4.6253 -3.7301 0.0000 0.00 0.00 1.00 0
-4.6172 -3.7318 0.0000 0.00 0.00 1.00 0
-4.6098 -3.7333 0.0000 0.00 0.00 1.00 0
-4.6005 -3.7333 0.0000 0.00 0.00 1.00 0
-4.5922 -3.7347 0.0000 0.00 0.00 1.00 0
-4.5819 -3.7344 0.0000 0.00 0.00 1.00 0
-4.5735 -3.7355 0.0000 0.00 0.00 1.00 0
-4.5659 -3.7365 0.0000 0.00 0.00 1.00 0
-4.5546 -3.7408 0.0000 0.00 0.00 1.00 0
-4.5455 -3.7425 0.0000 0.00 0.00 1.00 0
-4.5359 -3.7443 0.0000 0.00 0.00 1.00 0
-4.5217 -3.7484 0.0000 0.00 0.00 1.00 0
-4.5129 -3.7503 0.0000 0.00 0.00 1.00 0
-4.5031 -3.7523 0.0000 0.00 0.00 1.00 0
-4.4916 -3.7567 0.0000 0.00 0.00 1.00 0
-4.4818 -3.7590 0.0000 0.00 0.00 1.00 0
-4.4728 -3.7612 0.0000 0.00 0.00 1.00 0
-4.4606 -3.7609 0.0000 0.00 0.00 1.00 0
-4.4506 -3.7628 0.0000 0.00 0.00 1.00 0
-4.4446 -3.7643 0.0000 0.00 0.00 1.00 0
-4.4365 -3.7705 0.0000 0.00 0.00 1.00 0
-4.4269 -3.7725 0.0000 0.00 0.00 1.00 0
-4.4206 -3.7725 0.0000 0.00 0.00 1.00 0
-4.4117 -3.7740 0.0000 0.00 0.00 1.00 0
-4.4037 -3.7755 0.0000 0.00 0.00 1.00 0
-4.3981 -3.7777 0.0000 0.00 0.00 1.00 0
-4.3898 -3.7794 0.0000 0.00 0.00 1.00 0
-4.3814 -3.7811 0.0000 0.00 0.00 1.00 0
-4.3725 -3.7798 0.0000 0.00 0.00 1.00 0
-4.3641 -3.7810 0.0000 0.00 0.00 1.00 0
-4.3565 -3.7821 0.0000 0.00 0.00 1.00 0
-4.3449 -3.7802 0.0000 0.00 0.00 1.00 0
-4.3362 -3.7809 0.0000 0.00 0.00 1.00 0
-4.3231 -3.7757 0.0000 0.00 0.00 1.00 0
-4.3135 -3.7753 0.0000 0.00 0.00 1.00 0
-4.3040 -3.7750 0.0000 0.00 0.00 1.00 0
-4.2877 -3.7812 0.0000 0.00 0.00 1.00 0
-4.2780 -3.7818 0.0000 0.00 0.00 1.00 0
-4.2662 -3.7827 0.0000 0.00 0.00 1.00 0
-4.2449 -3.7856 0.0000 0.00 0.00 1.00 0
-4.2326 -3.7867 0.0000 0.00 0.00 1.00 0
-4.2203 -3.7878 0.0000 0.00 0.00 1.00 0
-4.1910 -3.7945 0.0000 0.00 0.00 1.00 0
-4.1755 -3.7965 0.0000 0.00 0.00 1.00 0
-4.1621 -3.7983 0.0000 0.00 0.00 1.00 0
-4.1228 -3.7984 0.0000 0.00 0.00 1.00 0
-4.1063 -3.7999 0.0000 0.00 0.00 1.00 0
-4.0933 -3.8011 0.0000 0.00 0.00 1.00 0
-4.0539 -3.8076 0.0000 0.00 0.00 1.00 0
-4.0355 -3.8096 0.0000 0.00 0.00 1.00 0
-4.0025 -3.8156 0.0000 0.00 0.00 1.00 0
-3.9826 -3.8181 0.0000 0.00 0.00 1.00 0
-3.9604 -3.8210 0.0000 0.00 0.00 1.00 0
-3.9287 -3.8298 0.0000 0.00 0.00 1.00 0
-3.9054 -3.8335 0.0000 0.00 0.00 1.00 0
-3.8821 -3.8372 0.0000 0.00 0.00 1.00 0
-3.8501 -3.8432 0.0000 0.00 0.00 1.00 0
-3.8255 -3.8473 0.0000 0.00 0.00 1.00 0
-3.8033 -3.8510 0.0000 0.00 0.00 1.00 0
-3.7675 -3.8509 0.0000 0.00 0.00 1.00 0
-3.7416 -3.8543 0.0000 0.00 0.00 1.00 0
-3.7184 -3.8573 0.0000 0.00 0.00 1.00 0
-3.6927 -3.8542 0.0000 0.00 0.00 1.00 0
-3.6670 -3.8566 0.0000 0.00 0.00 1.00 0
-3.6500 -3.8533 0.0000 0.00 0.00 1.00 0
-3.6257 -3.8548 0.0000 0.00 0.00 1.00 0
-3.6018 -3.8563 0.0000 0.00 0.00 1.00 0
-3.5873 -3.8665 0.0000 0.00 0.00 1.00 0
-3.5645 -3.8694 0.0000 0.00 0.00 1.00 0
-3.5416 -3.8723 0.0000 0.00 0.00 1.00 0
-3.5256 -3.8695 0.0000 0.00 0.00 1.00 0
-3.5036 -3.8715 0.0000 0.00 0.00 1.00 0
-3.4820 -3.8735 0.0000 0.00 0.00 1.00 0
-3.4642 -3.8759 0.0000 0.00 0.00 1.00 0
-3.4429 -3.8780 0.0000 0.00 0.00 1.00 0
-3.4285 -3.8794 0.0000 0.00 0.00 1.00 0
-3.3984 -3.8872 0.0000 0.00 0.00 1.00 0
-3.3771 -3.8899 0.0000 0.00 0.00 1.00 0
-3.3663 -3.8914 0.0000 0.00 0.00 1.00 0
-3.3287 -3.8932 0.0000 0.00 0.00 1.00 0
-3.3062 -3.8957 0.0000 0.00 0.00 1.00 0
-3.2950 -3.8969 0.0000 0.00 0.00 1.00 0
-3.2567 -3.9006 0.0000 0.00 0.00 1.00 0
-3.2335 -3.9030 0.0000 0.00 0.00 1.00 0
-3.2066 -3.9094 0.0000 0.00 0.00 1.00 0
-3.1808 -3.9128 0.0000 0.00 0.00 1.00 0
-3.1572 -3.9159 0.0000 0.00 0.00 1.00 0
-3.1340 -3.9165 0.0000 0.00 0.00 1.00 0
-3.1080 -3.9195 0.0000 0.00 0.00 1.00 0
-3.0887 -3.9214 0.0000 0.00 0.00 1.00 0
-3.0656 -3.9240 0.0000 0.00 0.00 1.00 0
-3.0412 -3.9267 0.0000 0.00 0.00 1.00 0
-3.0270 -3.9283 0.0000 0.00 0.00 1.00 0
-2.9959 -3.9361 0.0000 0.00 0.00 1.00 0
-2.9726 -3.9393 0.0000 0.00 0.00 1.00 0
-2.9624 -3.9435 0.0000 0.00 0.00 1.00 0
-2.9414 -3.9469 0.0000 0.00 0.00 1.00 0
-2.9203 -3.9503 0.0000 0.00 0.00 1.00 0
-2.9091 -3.9312 0.0000 0.00 0.00 1.00 0
-2.8893 -3.9310 0.0000 0.00 0.00 1.00 0
-2.8718 -3.9308 0.0000 0.00 0.00 1.00 0
-2.8651 -3.9298 0.0000 0.00 0.00 1.00 0
-2.8477 -3.9295 0.0000 0.00 0.00 1.00 0
-2.8323 -3.9293 0.0000 0.00 0.00 1.00 0
-2.8144 -3.9390 0.0000 0.00 0.00 1.00 0
-2.7973 -3.9402 0.0000 0.00 0.00 1.00 0
-2.7870 -3.9409 0.0000 0.00 0.00 1.00 0
-2.7557 -3.9582 0.0000 0.00 0.00 1.00 0
-2.7375 -3.9624 0.0000 0.00 0.00 1.00 0
-2.7297 -3.9641 0.0000 0.00 0.00 1.00 0
-2.6831 -3.9785 0.0000 0.00 0.00 1.00 0
-2.6626 -3.9837 0.0000 0.00 0.00 1.00 0
-2.6374 -3.9917 0.0000 0.00 0.00 1.00 0
-2.6158 -3.9974 0.0000 0.00 0.00 1.00 0
-2.5850 -4.0078 0.0000 0.00 0.00 1.00 0
-2.5619 -4.0143 0.0000 0.00 0.00 1.00 0
-2.5387 -4.0208 0.0000 0.00 0.00 1.00 0
-2.5230 -4.0253 0.0000 0.00 0.00 1.00 0
-2.4834 -4.0334 0.0000 0.00 0.00 1.00 0
-2.4594 -4.0397 0.0000 0.00 0.00 1.00 0
-2.4297 -4.0512 0.0000 0.00 0.00 1.00 0
-2.4097 -4.0570 0.0000 0.00 0.00 1.00 0
-2.3805 -4.0654 0.0000 0.00 0.00 1.00 0
-2.3542 -4.0580 0.0000 0.00 0.00 1.00 0
-2.3292 -4.0628 0.0000 0.00 0.00 1.00 0
-2.3035 -4.0678 0.0000 0.00 0.00 1.00 0
-2.2883 -4.0666 0.0000 0.00 0.00 1.00 0
-2.2621 -4.0710 0.0000 0.00 0.00 1.00 0
-2.2404 -4.0746 0.0000 0.00 0.00 1.00 0
-2.2173 -4.0813 0.0000 0.00 0.00 1.00 0
-2.1936 -4.0857 0.0000 0.00 0.00 1.00 0
-2.1773 -4.0888 0.0000 0.00 0.00 1.00 0
-2.1545 -4.0930 0.0000 0.00 0.00 1.00 0
-2.1343 -4.0967 0.0000 0.00 0.00 1.00 0
-2.1185 -4.0996 0.0000 0.00 0.00 1.00 0
-2.0934 -4.1033 0.0000 0.00 0.00 1.00 0
-2.0719 -4.1071 0.0000 0.00 0.00 1.00 0
-2.0550 -4.1122 0.0000 0.00 0.00 1.00 0
-2.0344 -4.1163 0.0000 0.00 0.00 1.00 0
-2.0133 -4.1204 0.0000 0.00 0.00 1.00 0
-1.9908 -4.1265 0.0000 0.00 0.00 1.00 0
-1.9699 -4.1308 0.0000 0.00 0.00 1.00 0
-1.9529 -4.1343 0.0000 0.00 0.00 1.00 0
-1.9236 -4.1413 0.0000 0.00 0.00 1.00 0
-1.9018 -4.1459 0.0000 0.00 0.00 1.00 0
-1.8736 -4.1509 0.0000 0.00 0.00 1.00 0
-1.8508 -4.1556 0.0000 0.00 0.00 1.00 0
-1.8277 -4.1603 0.0000 0.00 0.00 1.00 0
-1.8187 -4.1622 0.0000 0.00 0.00 1.00 0
-1.7776 -4.1661 0.0000 0.00 0.00 1.00 0
-1.7541 -4.1702 0.0000 0.00 0.00 1.00 0
-1.7308 -4.1752 0.0000 0.00 0.00 1.00 0
-1.7050 -4.1799 0.0000 0.00 0.00 1.00 0
-1.6834 -4.1839 0.0000 0.00 0.00 1.00 0
-1.6618 -4.1859 0.0000 0.00 0.00 1.00 0
-1.6386 -4.1898 0.0000 0.00 0.00 1.00 0
-1.6177 -4.1934 0.0000 0.00 0.00 1.00 0
-1.5969 -4.1995 0.0000 0.00 0.00 1.00 0
-1.5727 -4.2040 0.0000 0.00 0.00 1.00 0
-1.5502 -4.2049 0.0000 0.00 0.00 1.00 0
-1.5275 -4.2085 0.0000 0.00 0.00 1.00 0
-1.5051 -4.2122 0.0000 0.00 0.00 1.00 0
-1.4835 -4.2162 0.0000 0.00 0.00 1.00 0
-1.4607 -4.2200 0.0000 0.00 0.00 1.00 0
-1.4389 -4.2236 0.0000 0.00 0.00 1.00 0
-1.4191 -4.2277 0.0000 0.00 0.00 1.00 0
-1.3971 -4.2315 0.0000 0.00 0.00 1.00 0
-1.3747 -4.2354 0.0000 0.00 0.00 1.00 0
-1.3494 -4.2370 0.0000 0.00 0.00 1.00 0
-1.3267 -4.2405 0.0000 0.00 0.00 1.00 0
-1.3063 -4.2436 0.0000 0.00 0.00 1.00 0
-1.2836 -4.2502 0.0000 0.00 0.00 1.00 0
-1.2616 -4.2541 0.0000 0.00 0.00 1.00 0
-1.2437 -4.2572 0.0000 0.00 0.00 1.00 0
-1.2142 -4.2620 0.0000 0.00 0.00 1.00 0
-1.1912 -4.2660 0.0000 0.00 0.00 1.00 0
-1.1713 -4.2634 0.0000 0.00 0.00 1.00 0
-1.1489 -4.2662 0.0000 0.00 0.00 1.00 0
-1.1266 -4.2691 0.0000 0.00 0.00 1.00 0
-1.1059 -4.2730 0.0000 0.00 0.00 1.00 0
-1.0839 -4.2760 0.0000 0.00 0.00 1.00 0
-1.0640 -4.2788 0.0000 0.00 0.00 1.00 0
-1.0557 -4.2799 0.0000 0.00 0.00 1.00 0
-1.0171 -4.2839 0.0000 0.00 0.00 1.00 0
-0.9972 -4.2865 0.0000 0.00 0.00 1.00 0
-0.9719 -4.2920 0.0000 0.00 0.00 1.00 0
-0.9494 -4.2953 0.0000 0.00 0.00 1.00 0
-0.9336 -4.2976 0.0000 0.00 0.00 1.00 0
-0.8978 -4.3094 0.0000 0.00 0.00 1.00 0
-0.8743 -4.3137 0.0000 0.00 0.00 1.00 0
-0.8605 -4.3163 0.0000 0.00 0.00 1.00 0
-0.8278 -4.3192 0.0000 0.00 0.00 1.00 0
-0.8044 -4.3232 0.0000 0.00 0.00 1.00 0
-0.7797 -4.3324 0.0000 0.00 0.00 1.00 0
-0.7575 -4.3369 0.0000 0.00 0.00 1.00 0
-0.7338 -4.3418 0.0000 0.00 0.00 1.00 0
-0.7140 -4.3329 0.0000 0.00 0.00 1.00 0
-0.6910 -4.3356 0.0000 0.00 0.00 1.00 0
-0.6705 -4.3379 0.0000 0.00 0.00 1.00 0
-0.6774 -4.3369 0.0000 0.00 0.00 1.00 0
-0.6541 -4.3395 0.0000 0.00 0.00 1.00 0
-0.6390 -4.3413 0.0000 0.00 0.00 1.00 0
-0.6306 -4.3467 0.0000 0.00 0.00 1.00 0
-0.6137 -4.3493 0.0000 0.00 0.00 1.00 0
-0.5936 -4.3610 0.0000 0.00 0.00 1.00 0
-0.5815 -4.3639 0.0000 0.00 0.00 1.00 0
-0.5592 -4.3691 0.0000 0.00 0.00 1.00 0
-0.5284 -4.3809 0.0000 0.00 0.00 1.00 0
-0.5091 -4.3862 0.0000 0.00 0.00 1.00 0
-0.4899 -4.3915 0.0000 0.00 0.00 1.00 0
-0.4600 -4.3986 0.0000 0.00 0.00 1.00 0
-0.4392 -4.4041 0.0000 0.00 0.00 1.00 0
-0.4201 -4.4092 0.0000 0.00 0.00 1.00 0
-0.3895 -4.4154 0.0000 0.00 0.00 1.00 0
-0.3671 -4.4210 0.0000 0.00 0.00 1.00 0
-0.3515 -4.4249 0.0000 0.00 0.00 1.00 0
-0.3167 -4.4322 0.0000 0.00 0.00 1.00 0
-0.2936 -4.4379 0.0000 0.00 0.00 1.00 0
-0.2821 -4.4407 0.0000 0.00 0.00 1.00 0
-0.2436 -4.4542 0.0000 0.00 0.00 1.00 0
-0.2199 -4.4606 0.0000 0.00 0.00 1.00 0
-0.1956 -4.4701 0.0000 0.00 0.00 1.00 0
-0.1717 -4.4770 0.0000 0.00 0.00 1.00 0
-0.1492 -4.4835 0.0000 0.00 0.00 1.00 0
-0.1282 -4.4846 0.0000 0.00 0.00 1.00 0
-0.1054 -4.4904 0.0000 0.00 0.00 1.00 0
-0.0865 -4.4963 0.0000 0.00 0.00 1.00 0
-0.0652 -4.5019 0.0000 0.00 0.00 1.00 0
-0.0431 -4.5077 0.0000 0.00 0.00 1.00 0
-0.0250 -4.5125 0.0000 0.00 0.00 1.00 0
0.0017 -4.5165 0.0000 0.00 0.00 1.00 0
0.0239 -4.5220 0.0000 0.00 0.00 1.00 0
0.0444 -4.5292 0.0000 0.00 0.00 1.00 0
0.0665 -4.5350 0.0000 0.00 0.00 1.00 0
0.0883 -4.5406 0.0000 0.00 0.00 1.00 0
0.1108 -4.5456 0.0000 0.00 0.00 1.00 0
0.1327 -4.5512 0.0000 0.00 0.00 1.00 0
0.1547 -4.5568 0.0000 0.00 0.00 1.00 0
0.1748 -4.5631 0.0000 0.00 0.00 1.00 0
0.1963 -4.5687 0.0000 0.00 0.00 1.00 0
0.2180 -4.5744 0.0000 0.00 0.00 1.00 0
0.2420 -4.5838 0.0000 0.00 0.00 1.00 0
0.2639 -4.5900 0.0000 0.00 0.00 1.00 0
0.2859 -4.5936 0.0000 0.00 0.00 1.00 0
0.3076 -4.5993 0.0000 0.00 0.00 1.00 0
0.3284 -4.6048 0.0000 0.00 0.00 1.00 0
0.3556 -4.6091 0.0000 0.00 0.00 1.00 0
0.3784 -4.6147 0.0000 0.00 0.00 1.00 0
0.4015 -4.6203 0.0000 0.00 0.00 1.00 0
0.4209 -4.6251 0.0000 0.00 0.00 1.00 0
0.4431 -4.6305 0.0000 0.00 0.00 1.00 0
0.4655 -4.6359 0.0000 0.00 0.00 1.00 0
0.4868 -4.6373 0.0000 0.00 0.00 1.00 0
0.5090 -4.6421 0.0000 0.00 0.00 1.00 0
0.5287 -4.6464 0.0000 0.00 0.00 1.00 0
0.5517 -4.6536 0.0000 0.00 0.00 1.00 0
0.5734 -4.6587 0.0000 0.00 0.00 1.00 0
0.5885 -4.6623 0.0000 0.00 0.00 1.00 0
0.6158 -4.6701 0.0000 0.00 0.00 1.00 0
0.6374 -4.6754 0.0000 0.00 0.00 1.00 0
0.6623 -4.6810 0.0000 0.00 0.00 1.00 0
0.6847 -4.6864 0.0000 0.00 0.00 1.00 0
0.7067 -4.6917 0.0000 0.00 0.00 1.00 0
0.7283 -4.7002 0.0000 0.00 0.00 1.00 0
0.7505 -4.7061 0.0000 0.00 0.00 1.00 0
0.7728 -4.7120 0.0000 0.00 0.00 1.00 0
0.7939 -4.7177 0.0000 0.00 0.00 1.00 0
0.8160 -4.7236 0.0000 0.00 0.00 1.00 0
0.8377 -4.7294 0.0000 0.00 0.00 1.00 0
0.8604 -4.7351 0.0000 0.00 0.00 1.00 0
0.8824 -4.7409 0.0000 0.00 0.00 1.00 0
0.8957 -4.7444 0.0000 0.00 0.00 1.00 0
0.9257 -4.7529 0.0000 0.00 0.00 1.00 0
0.9477 -4.7587 0.0000 0.00 0.00 1.00 0
0.9694 -4.7623 0.0000 0.00 0.00 1.00 0
0.9916 -4.7678 0.0000 0.00 0.00 1.00 0
1.0135 -4.7733 0.0000 0.00 0.00 1.00 0
1.0356 -4.7782 0.0000 0.00 0.00 1.00 0
1.0576 -4.7836 0.0000 0.00 0.00 1.00 0
1.0797 -4.7890 0.0000 0.00 0.00 1.00 0
1.1024 -4.7974 0.0000 0.00 0.00 1.00 0
1.1245 -4.8033 0.0000 0.00 0.00 1.00 0
1.1473 -4.8068 0.0000 0.00 0.00 1.00 0
1.1695 -4.8122 0.0000 0.00 0.00 1.00 0
1.1895 -4.8171 0.0000 0.00 0.00 1.00 0
1.2128 -4.8238 0.0000 0.00 0.00 1.00 0
1.2346 -4.8293 0.0000 0.00 0.00 1.00 0
1.2543 -4.8343 0.0000 0.00 0.00 1.00 0
1.2748 -4.8365 0.0000 0.00 0.00 1.00 0
1.2964 -4.8415 0.0000 0.00 0.00 1.00 0
1.3189 -4.8467 0.0000 0.00 0.00 1.00 0
1.3369 -4.8524 0.0000 0.00 0.00 1.00 0
1.3580 -4.8575 0.0000 0.00 0.00 1.00 0
1.3789 -4.8626 0.0000 0.00 0.00 1.00 0
1.4019 -4.8683 0.0000 0.00 0.00 1.00 0
1.4231 -4.8734 0.0000 0.00 0.00 1.00 0
1.4381 -4.8770 0.0000 0.00 0.00 1.00 0
1.4657 -4.8875 0.0000 0.00 0.00 1.00 0
1.4869 -4.8932 0.0000 0.00 0.00 1.00 0
1.5127 -4.9041 0.0000 0.00 0.00 1.00 0
1.5348 -4.9107 0.0000 0.00 0.00 1.00 0
1.5554 -4.9169 0.0000 0.00 0.00 1.00 0
1.5776 -4.9187 0.0000 0.00 0.00 1.00 0
1.5994 -4.9245 0.0000 0.00 0.00 1.00 0
1.6211 -4.9302 0.0000 0.00 0.00 1.00 0
1.6300 -4.9262 0.0000 0.00 0.00 1.00 0
1.6496 -4.9304 0.0000 0.00 0.00 1.00 0
1.6691 -4.9345 0.0000 0.00 0.00 1.00 0
1.6785 -4.9345 0.0000 0.00 0.00 1.00 0
1.6968 -4.9380 0.0000 0.00 0.00 1.00 0
1.7129 -4.9412 0.0000 0.00 0.00 1.00 0
1.7336 -4.9528 0.0000 0.00 0.00 1.00 0
1.7520 -4.9576 0.0000 0.00 0.00 1.00 0
1.7758 -4.9693 0.0000 0.00 0.00 1.00 0
1.7930 -4.9746 0.0000 0.00 0.00 1.00 0
1.8138 -4.9810 0.0000 0.00 0.00 1.00 0
1.8377 -4.9939 0.0000 0.00 0.00 1.00 0
1.8578 -5.0010 0.0000 0.00 0.00 1.00 0
1.8779 -5.0081 0.0000 0.00 0.00 1.00 0
1.9034 -5.0174 0.0000 0.00 0.00 1.00 0
1.9243 -5.0249 0.0000 0.00 0.00 1.00 0
1.9452 -5.0323 0.0000 0.00 0.00 1.00 0
1.9706 -5.0415 0.0000 0.00 0.00 1.00 0
1.9923 -5.0492 0.0000 0.00 0.00 1.00 0
2.0096 -5.0554 0.0000 0.00 0.00 1.00 0
2.0352 -5.0618 0.0000 0.00 0.00 1.00 0
2.0567 -5.0691 0.0000 0.00 0.00 1.00 0
2.0718 -5.0742 0.0000 0.00 0.00 1.00 0
2.1089 -5.0850 0.0000 0.00 0.00 1.00 0
2.1312 -5.0923 0.0000 0.00 0.00 1.00 0
2.1536 -5.1000 0.0000 0.00 0.00 1.00 0
2.1761 -5.1074 0.0000 0.00 0.00 1.00 0
2.1986 -5.1148 0.0000 0.00 0.00 1.00 0
2.2193 -5.1199 0.0000 0.00 0.00 1.00 0
2.2416 -5.1270 0.0000 0.00 0.00 1.00 0
2.2614 -5.1333 0.0000 0.00 0.00 1.00 0
2.2823 -5.1411 0.0000 0.00 0.00 1.00 0
2.3039 -5.1482 0.0000 0.00 0.00 1.00 0
2.3240 -5.1544 0.0000 0.00 0.00 1.00 0
2.3451 -5.1612 0.0000 0.00 0.00 1.00 0
2.3668 -5.1682 0.0000 0.00 0.00 1.00 0
2.3793 -5.1722 0.0000 0.00 0.00 1.00 0
2.4062 -5.1830 0.0000 0.00 0.00 1.00 0
2.4232 -5.1887 0.0000 0.00 0.00 1.00 0
2.4496 -5.1970 0.0000 0.00 0.00 1.00 0
2.4710 -5.2042 0.0000 0.00 0.00 1.00 0
2.4928 -5.2114 0.0000 0.00 0.00 1.00 0
2.5131 -5.2184 0.0000 0.00 0.00 1.00 0
2.5345 -5.2255 0.0000 0.00 0.00 1.00 0
2.5567 -5.2329 0.0000 0.00 0.00 1.00 0
2.5788 -5.2379 0.0000 0.00 0.00 1.00 0
2.6004 -5.2448 0.0000 0.00 0.00 1.00 0
2.6196 -5.2509 0.0000 0.00 0.00 1.00 0
2.6478 -5.2583 0.0000 0.00 0.00 1.00 0
2.6701 -5.2652 0.0000 0.00 0.00 1.00 0
2.6922 -5.2723 0.0000 0.00 0.00 1.00 0
2.7143 -5.2791 0.0000 0.00 0.00 1.00 0
2.7364 -5.2859 0.0000 0.00 0.00 1.00 0
2.7607 -5.2927 0.0000 0.00 0.00 1.00 0
2.7833 -5.2997 0.0000 0.00 0.00 1.00 0
2.8059 -5.3067 0.0000 0.00 0.00 1.00 0
2.8253 -5.3164 0.0000 0.00 0.00 1.00 0
2.8479 -5.3240 0.0000 0.00 0.00 1.00 0
2.8700 -5.3315 0.0000 0.00 0.00 1.00 0
2.8906 -5.3349 0.0000 0.00 0.00 1.00 0
2.9124 -5.3418 0.0000 0.00 0.00 1.00 0
2.9306 -5.3474 0.0000 0.00 0.00 1.00 0
2.9539 -5.3567 0.0000 0.00 0.00 1.00 0
2.9758 -5.3638 0.0000 0.00 0.00 1.00 0
2.9934 -5.3695 0.0000 0.00 0.00 1.00 0
3.0207 -5.3740 0.0000 0.00 0.00 1.00 0
3.0435 -5.3807 0.0000 0.00 0.00 1.00 0
3.0628 -5.3852 0.0000 0.00 0.00 1.00 0
3.0848 -5.3916 0.0000 0.00 0.00 1.00 0
3.1083 -5.3983 0.0000 0.00 0.00 1.00 0
3.1317 -5.4083 0.0000 0.00 0.00 1.00 0
3.1537 -5.4151 0.0000 0.00 0.00 1.00 0
3.1755 -5.4219 0.0000 0.00 0.00 1.00 0
3.1962 -5.4281 0.0000 0.00 0.00 1.00 0
3.2182 -5.4349 0.0000 0.00 0.00 1.00 0
3.2375 -5.4409 0.0000 0.00 0.00 1.00 0
3.2617 -5.4465 0.0000 0.00 0.00 1.00 0
3.2837 -5.4530 0.0000 0.00 0.00 1.00 0
3.3062 -5.4605 0.0000 0.00 0.00 1.00 0
3.3281 -5.4672 0.0000 0.00 0.00 1.00 0
3.3499 -5.4738 0.0000 0.00 0.00 1.00 0
3.3741 -5.4808 0.0000 0.00 0.00 1.00 0
3.3967 -5.4876 0.0000 0.00 0.00 1.00 0
3.4185 -5.4942 0.0000 0.00 0.00 1.00 0
3.4402 -5.4988 0.0000 0.00 0.00 1.00 0
3.4646 -5.5057 0.0000 0.00 0.00 1.00 0
3.4870 -5.5122 0.0000 0.00 0.00 1.00 0
3.5057 -5.5192 0.0000 0.00 0.00 1.00 0
3.5274 -5.5256 0.0000 0.00 0.00 1.00 0
3.5450 -5.5309 0.0000 0.00 0.00 1.00 0
3.5702 -5.5405 0.0000 0.00 0.00 1.00 0
3.5920 -5.5473 0.0000 0.00 0.00 1.00 0
3.6088 -5.5526 0.0000 0.00 0.00 1.00 0
3.6345 -5.5592 0.0000 0.00 0.00 1.00 0
3.6558 -5.5657 0.0000 0.00 0.00 1.00 0
3.6784 -5.5721 0.0000 0.00 0.00 1.00 0
3.7003 -5.5786 0.0000 0.00 0.00 1.00 0
3.7222 -5.5852 0.0000 0.00 0.00 1.00 0
3.7382 -5.5921 0.0000 0.00 0.00 1.00 0
3.7591 -5.5987 0.0000 0.00 0.00 1.00 0
3.7802 -5.6054 0.0000 0.00 0.00 1.00 0
3.8022 -5.6115 0.0000 0.00 0.00 1.00 0
3.8233 -5.6181 0.0000 0.00 0.00 1.00 0
3.8424 -5.6240 0.0000 0.00 0.00 1.00 0
3.8705 -5.6312 0.0000 0.00 0.00 1.00 0
3.8925 -5.6378 0.0000 0.00 0.00 1.00 0
3.9081 -5.6425 0.0000 0.00 0.00 1.00 0
3.9416 -5.6544 0.0000 0.00 0.00 1.00 0
3.9640 -5.6614 0.0000 0.00 0.00 1.00 0
3.9888 -5.6681 0.0000 0.00 0.00 1.00 0
4.0098 -5.6746 0.0000 0.00 0.00 1.00 0
4.0329 -5.6816 0.0000 0.00 0.00 1.00 0
4.0548 -5.6883 0.0000 0.00 0.00 1.00 0
4.0771 -5.6951 0.0000 0.00 0.00 1.00 0
4.0998 -5.7021 0.0000 0.00 0.00 1.00 0
4.1168 -5.7072 0.0000 0.00 0.00 1.00 0
4.1364 -5.7132 0.0000 0.00 0.00 1.00 0
4.1583 -5.7199 0.0000 0.00 0.00 1.00 0
4.1801 -5.7276 0.0000 0.00 0.00 1.00 0
4.2013 -5.7342 0.0000 0.00 0.00 1.00 0
4.2259 -5.7424 0.0000 0.00 0.00 1.00 0
4.2483 -5.7495 0.0000 0.00 0.00 1.00 0
4.2635 -5.7543 0.0000 0.00 0.00 1.00 0
4.2907 -5.7624 0.0000 0.00 0.00 1.00 0
4.3126 -5.7692 0.0000 0.00 0.00 1.00 0
4.3345 -5.7761 0.0000 0.00 0.00 1.00 0
4.3579 -5.7789 0.0000 0.00 0.00 1.00 0
4.3800 -5.7851 0.0000 0.00 0.00 1.00 0
4.4019 -5.7913 0.0000 0.00 0.00 1.00 0
4.4214 -5.8021 0.0000 0.00 0.00 1.00 0
4.4431 -5.8090 0.0000 0.00 0.00 1.00 0
4.4648 -5.8159 0.0000 0.00 0.00 1.00 0
4.4828 -5.8245 0.0000 0.00 0.00 1.00 0
4.5042 -5.8318 0.0000 0.00 0.00 1.00 0
4.5278 -5.8373 0.0000 0.00 0.00 1.00 0
4.5504 -5.8481 0.0000 0.00 0.00 1.00 0
4.5720 -5.8550 0.0000 0.00 0.00 1.00 0
4.5932 -5.8585 0.0000 0.00 0.00 1.00 0
4.6147 -5.8648 0.0000 0.00 0.00 1.00 0
4.6384 -5.8718 0.0000 0.00 0.00 1.00 0
4.6618 -5.8827 0.0000 0.00 0.00 1.00 0
4.6819 -5.8892 0.0000 0.00 0.00 1.00 0
4.7034 -5.8961 0.0000 0.00 0.00 1.00 0
4.7274 -5.9019 0.0000 0.00 0.00 1.00 0
4.7494 -5.9087 0.0000 0.00 0.00 1.00 0
4.7745 -5.9153 0.0000 0.00 0.00 1.00 0
4.7950 -5.9215 0.0000 0.00 0.00 1.00 0
4.8173 -5.9282 0.0000 0.00 0.00 1.00 0
4.8354 -5.9336 0.0000 0.00 0.00 1.00 0
4.8633 -5.9411 0.0000 0.00 0.00 1.00 0
4.8857 -5.9477 0.0000 0.00 0.00 1.00 0
4.9067 -5.9525 0.0000 0.00 0.00 1.00 0
4.9219 -5.9568 0.0000 0.00 0.00 1.00 0
4.9488 -5.9645 0.0000 0.00 0.00 1.00 0
4.9707 -5.9707 0.0000 0.00 0.00 1.00 0
4.9923 -5.9768 0.0000 0.00 0.00 1.00 0
5.0142 -5.9831 0.0000 0.00 0.00 1.00 0
5.0364 -5.9887 0.0000 0.00 0.00 1.00 0
5.0493 -5.9923 0.0000 0.00 0.00 1.00 0
5.0791 -6.0007 0.0000 0.00 0.00 1.00 0
5.1057 -6.0105 0.0000 0.00 0.00 1.00 0
5.1280 -6.0171 0.0000 0.00 0.00 1.00 0
5.1476 -6.0256 0.0000 0.00 0.00 1.00 0
5.1692 -6.0325 0.0000 0.00 0.00 1.00 0
5.1889 -6.0387 0.0000 0.00 0.00 1.00 0
5.2108 -6.0455 0.0000 0.00 0.00 1.00 0
5.2328 -6.0525 0.0000 0.00 0.00 1.00 0
5.2546 -6.0594 0.0000 0.00 0.00 1.00 0
5.2750 -6.0655 0.0000 0.00 0.00 1.00 0
5.2964 -6.0723 0.0000 0.00 0.00 1.00 0
5.3179 -6.0790 0.0000 0.00 0.00 1.00 0
5.3313 -6.0813 0.0000 0.00 0.00 1.00 0
5.3513 -6.0873 0.0000 0.00 0.00 1.00 0
5.3697 -6.0928 0.0000 0.00 0.00 1.00 0
5.3766 -6.0940 0.0000 0.00 0.00 1.00 0
5.3944 -6.0992 0.0000 0.00 0.00 1.00 0
5.4089 -6.1035 0.0000 0.00 0.00 1.00 0
5.4143 -6.1026 0.0000 0.00 0.00 1.00 0
5.4298 -6.1067 0.0000 0.00 0.00 1.00 0
5.4276 -6.1031 0.0000 0.00 0.00 1.00 0
5.4401 -6.1060 0.0000 0.00 0.00 1.00 0
5.4525 -6.1088 0.0000 0.00 0.00 1.00 0
5.4578 -6.1132 0.0000 0.00 0.00 1.00 0
5.4694 -6.1163 0.0000 0.00 0.00 1.00 0
5.4808 -6.1194 0.0000 0.00 0.00 1.00 0
5.4742 -6.1200 0.0000 0.00 0.00 1.00 0
5.4828 -6.1227 0.0000 0.00 0.00 1.00 0
5.4907 -6.1252 0.0000 0.00 0.00 1.00 0
5.4913 -6.1311 0.0000 0.00 0.00 1.00 0
5.4993 -6.1345 0.0000 0.00 0.00 1.00 0
5.5124 -6.1425 0.0000 0.00 0.00 1.00 0
5.5209 -6.1466 0.0000 0.00 0.00 1.00 0
5.5291 -6.1505 0.0000 0.00 0.00 1.00 0
5.5433 -6.1549 0.0000 0.00 0.00 1.00 0
5.5523 -6.1576 0.0000 0.00 0.00 1.00 0
5.5614 -6.1616 0.0000 0.00 0.00 1.00 0
5.5747 -6.1619 0.0000 0.00 0.00 1.00 0
5.5822 -6.1645 0.0000 0.00 0.00 1.00 0
5.5939 -6.1686 0.0000 0.00 0.00 1.00 0
5.6118 -6.1685 0.0000 0.00 0.00 1.00 0
5.6231 -6.1714 0.0000 0.00 0.00 1.00 0
5.6335 -6.1664 0.0000 0.00 0.00 1.00 0
5.6440 -6.1678 0.0000 0.00 0.00 1.00 0
5.6550 -6.1693 0.0000 0.00 0.00 1.00 0
5.6626 -6.1704 0.0000 0.00 0.00 1.00 0
5.6721 -6.1690 0.0000 0.00 0.00 1.00 0
5.6823 -6.1700 0.0000 0.00 0.00 1.00 0
5.6928 -6.1696 0.0000 0.00 0.00 1.00 0
5.7057 -6.1706 0.0000 0.00 0.00 1.00 0
5.7163 -6.1714 0.0000 0.00 0.00 1.00 0
5.7246 -6.1707 0.0000 0.00 0.00 1.00 0
5.7350 -6.1713 0.0000 0.00 0.00 1.00 0
5.7442 -6.1718 0.0000 0.00 0.00 1.00 0
5.7514 -6.1737 0.0000 0.00 0.00 1.00 0
5.7610 -6.1745 0.0000 0.00 0.00 1.00 0
5.7697 -6.1752 0.0000 0.00 0.00 1.00 0
5.7851 -6.1813 0.0000 0.00 0.00 1.00 0
5.7956 -6.1829 0.0000 0.00 0.00 1.00 0
5.8029 -6.1840 0.0000 0.00 0.00 1.00 0
5.8201 -6.1839 0.0000 0.00 0.00 1.00 0
5.8310 -6.1852 0.0000 0.00 0.00 1.00 0
5.8391 -6.1837 0.0000 0.00 0.00 1.00 0
5.8504 -6.1846 0.0000 0.00 0.00 1.00 0
5.8608 -6.1854 0.0000 0.00 0.00 1.00 0
5.8713 -6.1850 0.0000 0.00 0.00 1.00 0
5.8819 -6.1857 0.0000 0.00 0.00 1.00 0
5.8924 -6.1863 0.0000 0.00 0.00 1.00 0
5.9045 -6.1802 0.0000 0.00 0.00 1.00 0
5.9141 -6.1799 0.0000 0.00 0.00 1.00 0
5.9249 -6.1795 0.0000 0.00 0.00 1.00 0
5.9255 -6.1752 0.0000 0.00 0.00 1.00 0
5.9357 -6.1741 0.0000 0.00 0.00 1.00 0
5.9432 -6.1733 0.0000 0.00 0.00 1.00 0
5.9519 -6.1753 0.0000 0.00 0.00 1.00 0
5.9608 -6.1748 0.0000 0.00 0.00 1.00 0
5.9771 -6.1773 0.0000 0.00 0.00 1.00 0
5.9876 -6.1772 0.0000 0.00 0.00 1.00 0
5.9978 -6.1772 0.0000 0.00 0.00 1.00 0
6.0117 -6.1737 0.0000 0.00 0.00 1.00 0
6.0224 -6.1732 0.0000 0.00 0.00 1.00 0
6.0333 -6.1726 0.0000 0.00 0.00 1.00 0
6.0418 -6.1669 0.0000 0.00 0.00 1.00 0
6.0523 -6.1655 0.0000 0.00 0.00 1.00 0
6.0625 -6.1642 0.0000 0.00 0.00 1.00 0
6.0721 -6.1629 0.0000 0.00 0.00 1.00 0
6.0826 -6.1616 0.0000 0.00 0.00 1.00 0
6.0897 -6.1555 0.0000 0.00 0.00 1.00 0
6.1005 -6.1531 0.0000 0.00 0.00 1.00 0
6.1075 -6.1515 0.0000 0.00 0.00 1.00 0
6.1191 -6.1490 0.0000 0.00 0.00 1.00 0
6.1247 -6.1490 0.0000 0.00 0.00 1.00 0
6.1339 -6.1472 0.0000 0.00 0.00 1.00 0
6.1452 -6.1419 0.0000 0.00 0.00 1.00 0
6.1535 -6.1399 0.0000 0.00 0.00 1.00 0
6.1593 -6.1384 0.0000 0.00 0.00 1.00 0
6.1751 -6.1369 0.0000 0.00 0.00 1.00 0
6.1850 -6.1349 0.0000 0.00 0.00 1.00 0
6.1977 -6.1322 0.0000 0.00 0.00 1.00 0
6.2071 -6.1303 0.0000 0.00 0.00 1.00 0
6.2173 -6.1281 0.0000 0.00 0.00 1.00 0
6.2254 -6.1264 0.0000 0.00 0.00 1.00 0
6.2267 -6.1171 0.0000 0.00 0.00 1.00 0
6.2344 -6.1142 0.0000 0.00 0.00 1.00 0
6.2462 -6.1116 0.0000 0.00 0.00 1.00 0
6.2552 -6.1086 0.0000 0.00 0.00 1.00 0
6.2642 -6.1055 0.0000 0.00 0.00 1.00 0
6.2694 -6.1038 0.0000 0.00 0.00 1.00 0
6.2891 -6.1014 0.0000 0.00 0.00 1.00 0
6.2988 -6.0987 0.0000 0.00 0.00 1.00 0
6.3070 -6.0903 0.0000 0.00 0.00 1.00 0
6.3176 -6.0864 0.0000 0.00 0.00 1.00 0
6.3270 -6.0828 0.0000 0.00 0.00 1.00 0
6.3377 -6.0761 0.0000 0.00 0.00 1.00 0
6.3475 -6.0720 0.0000 0.00 0.00 1.00 0
6.3545 -6.0691 0.0000 0.00 0.00 1.00 0
6.3677 -6.0643 0.0000 0.00 0.00 1.00 0
6.3766 -6.0607 0.0000 0.00 0.00 1.00 0
6.3854 -6.0547 0.0000 0.00 0.00 1.00 0
6.3949 -6.0504 0.0000 0.00 0.00 1.00 0
6.4044 -6.0462 0.0000 0.00 0.00 1.00 0
6.4098 -6.0363 0.0000 0.00 0.00 1.00 0
6.4188 -6.0310 0.0000 0.00 0.00 1.00 0
6.4287 -6.0253 0.0000 0.00 0.00 1.00 0
6.4361 -6.0275 0.0000 0.00 0.00 1.00 0
6.4449 -6.0234 0.0000 0.00 0.00 1.00 0
6.4529 -6.0197 0.0000 0.00 0.00 1.00 0
6.4572 -6.0216 0.0000 0.00 0.00 1.00 0
6.4654 -6.0184 0.0000 0.00 0.00 1.00 0
6.4718 -6.0159 0.0000 0.00 0.00 1.00 0
6.4803 -6.0076 0.0000 0.00 0.00 1.00 0
6.4880 -6.0038 0.0000 0.00 0.00 1.00 0
6.4953 -6.0010 0.0000 0.00 0.00 1.00 0
6.5047 -5.9965 0.0000 0.00 0.00 1.00 0
6.5126 -5.9928 0.0000 0.00 0.00 1.00 0
6.5235 -5.9861 0.0000 0.00 0.00 1.00 0
6.5319 -5.9819 0.0000 0.00 0.00 1.00 0
6.5387 -5.9785 0.0000 0.00 0.00 1.00 0
6.5442 -5.9757 0.0000 0.00 0.00 1.00 0
6.5641 -5.9541 0.0000 0.00 0.00 1.00 0
6.5735 -5.9478 0.0000 0.00 0.00 1.00 0
6.5848 -5.9330 0.0000 0.00 0.00 1.00 0
6.5943 -5.9255 0.0000 0.00 0.00 1.00 0
6.6035 -5.9083 0.0000 0.00 0.00 1.00 0
6.6128 -5.8993 0.0000 0.00 0.00 1.00 0
6.6224 -5.8901 0.0000 0.00 0.00 1.00 0
6.6269 -5.8853 0.0000 0.00 0.00 1.00 0
6.6357 -5.8767 0.0000 0.00 0.00 1.00 0
6.6444 -5.8682 0.0000 0.00 0.00 1.00 0
6.6456 -5.8737 0.0000 0.00 0.00 1.00 0
6.6539 -5.8667 0.0000 0.00 0.00 1.00 0
6.6615 -5.8604 0.0000 0.00 0.00 1.00 0
6.6658 -5.8582 0.0000 0.00 0.00 1.00 0
6.6728 -5.8525 0.0000 0.00 0.00 1.00 0
6.6786 -5.8479 0.0000 0.00 0.00 1.00 0
6.6823 -5.8401 0.0000 0.00 0.00 1.00 0
6.6888 -5.8342 0.0000 0.00 0.00 1.00 0
6.6926 -5.8307 0.0000 0.00 0.00 1.00 0
6.7010 -5.8204 0.0000 0.00 0.00 1.00 0
6.7073 -5.8142 0.0000 0.00 0.00 1.00 0
6.7154 -5.8141 0.0000 0.00 0.00 1.00 0
6.7220 -5.8089 0.0000 0.00 0.00 1.00 0
6.7288 -5.8037 0.0000 0.00 0.00 1.00 0
6.7372 -5.8013 0.0000 0.00 0.00 1.00 0
6.7442 -5.7965 0.0000 0.00 0.00 1.00 0
6.7511 -5.7918 0.0000 0.00 0.00 1.00 0
6.7601 -5.7786 0.0000 0.00 0.00 1.00 0
6.7666 -5.7732 0.0000 0.00 0.00 1.00 0
6.7731 -5.7678 0.0000 0.00 0.00 1.00 0
6.7764 -5.7546 0.0000 0.00 0.00 1.00 0
6.7828 -5.7478 0.0000 0.00 0.00 1.00 0
6.7867 -5.7436 0.0000 0.00 0.00 1.00 0
6.7969 -5.7362 0.0000 0.00 0.00 1.00 0
6.8034 -5.7298 0.0000 0.00 0.00 1.00 0
6.8119 -5.7246 0.0000 0.00 0.00 1.00 0
6.8189 -5.7183 0.0000 0.00 0.00 1.00 0
6.8250 -5.7126 0.0000 0.00 0.00 1.00 0
6.8297 -5.6943 0.0000 0.00 0.00 1.00 0
6.8356 -5.6869 0.0000 0.00 0.00 1.00 0
6.8420 -5.6789 0.0000 0.00 0.00 1.00 0
6.8506 -5.6646 0.0000 0.00 0.00 1.00 0
6.8573 -5.6555 0.0000 0.00 0.00 1.00 0
6.8634 -5.6474 0.0000 0.00 0.00 1.00 0
6.8693 -5.6223 0.0000 0.00 0.00 1.00 0
6.8758 -5.6111 0.0000 0.00 0.00 1.00 0
6.8804 -5.6032 0.0000 0.00 0.00 1.00 0
6.8821 -5.5927 0.0000 0.00 0.00 1.00 0
6.8877 -5.5819 0.0000 0.00 0.00 1.00 0
6.8904 -5.5767 0.0000 0.00 0.00 1.00 0
6.8984 -5.5691 0.0000 0.00 0.00 1.00 0
6.9040 -5.5596 0.0000 0.00 0.00 1.00 0
6.9092 -5.5635 0.0000 0.00 0.00 1.00 0
6.9165 -5.5538 0.0000 0.00 0.00 1.00 0
6.9221 -5.5461 0.0000 0.00 0.00 1.00 0
6.9256 -5.5405 0.0000 0.00 0.00 1.00 0
6.9305 -5.5338 0.0000 0.00 0.00 1.00 0
6.9359 -5.5265 0.0000 0.00 0.00 1.00 0
6.9375 -5.5126 0.0000 0.00 0.00 1.00 0
6.9428 -5.5033 0.0000 0.00 0.00 1.00 0
6.9458 -5.4983 0.0000 0.00 0.00 1.00 0
6.9527 -5.4770 0.0000 0.00 0.00 1.00 0
6.9575 -5.4672 0.0000 0.00 0.00 1.00 0
6.9598 -5.4461 0.0000 0.00 0.00 1.00 0
6.9643 -5.4342 0.0000 0.00 0.00 1.00 0
6.9687 -5.4229 0.0000 0.00 0.00 1.00 0
6.9732 -5.4107 0.0000 0.00 0.00 1.00 0
6.9776 -5.3991 0.0000 0.00 0.00 1.00 0
6.9820 -5.3874 0.0000 0.00 0.00 1.00 0
6.9834 -5.3799 0.0000 0.00 0.00 1.00 0
6.9874 -5.3687 0.0000 0.00 0.00 1.00 0
6.9911 -5.3605 0.0000 0.00 0.00 1.00 0
6.9949 -5.3505 0.0000 0.00 0.00 1.00 0
6.9987 -5.3401 0.0000 0.00 0.00 1.00 0
7.0040 -5.3300 0.0000 0.00 0.00 1.00 0
7.0081 -5.3198 0.0000 0.00 0.00 1.00 0
7.0118 -5.3103 0.0000 0.00 0.00 1.00 0
7.0212 -5.2983 0.0000 0.00 0.00 1.00 0
7.0261 -5.2879 0.0000 0.00 0.00 1.00 0
7.0310 -5.2774 0.0000 0.00 0.00 1.00 0
7.0372 -5.2606 0.0000 0.00 0.00 1.00 0
7.0422 -5.2494 0.0000 0.00 0.00 1.00 0
7.0470 -5.2386 0.0000 0.00 0.00 1.00 0
7.0554 -5.2179 0.0000 0.00 0.00 1.00 0
7.0610 -5.2050 0.0000 0.00 0.00 1.00 0
7.0660 -5.1936 0.0000 0.00 0.00 1.00 0
7.0810 -5.1655 0.0000 0.00 0.00 1.00 0
7.0878 -5.1508 0.0000 0.00 0.00 1.00 0
7.1020 -5.1285 0.0000 0.00 0.00 1.00 0
7.1100 -5.1125 0.0000 0.00 0.00 1.00 0
7.1173 -5.0980 0.0000 0.00 0.00 1.00 0
7.1301 -5.0725 0.0000 0.00 0.00 1.00 0
7.1387 -5.0552 0.0000 0.00 0.00 1.00 0
7.1467 -5.0394 0.0000 0.00 0.00 1.00 0
7.1591 -5.0174 0.0000 0.00 0.00 1.00 0
7.1689 -5.0013 0.0000 0.00 0.00 1.00 0
7.1781 -4.9832 0.0000 0.00 0.00 1.00 0
7.1800 -4.9662 0.0000 0.00 0.00 1.00 0
7.1883 -4.9480 0.0000 0.00 0.00 1.00 0
7.1947 -4.9338 0.0000 0.00 0.00 1.00 0
7.1993 -4.9208 0.0000 0.00 0.00 1.00 0
7.2066 -4.9042 0.0000 0.00 0.00 1.00 0
7.2094 -4.8914 0.0000 0.00 0.00 1.00 0
7.2159 -4.8755 0.0000 0.00 0.00 1.00 0
7.2224 -4.8596 0.0000 0.00 0.00 1.00 0
7.2259 -4.8605 0.0000 0.00 0.00 1.00 0
7.2324 -4.8464 0.0000 0.00 0.00 1.00 0
7.2381 -4.8338 0.0000 0.00 0.00 1.00 0
7.2497 -4.8413 0.0000 0.00 0.00 1.00 0
7.2566 -4.8316 0.0000 0.00 0.00 1.00 0
7.2636 -4.8217 0.0000 0.00 0.00 1.00 0
7.2713 -4.8140 0.0000 0.00 0.00 1.00 0
7.2786 -4.8041 0.0000 0.00 0.00 1.00 0
7.2850 -4.7954 0.0000 0.00 0.00 1.00 0
7.2894 -4.7696 0.0000 0.00 0.00 1.00 0
7.2960 -4.7576 0.0000 0.00 0.00 1.00 0
7.2957 -4.7229 0.0000 0.00 0.00 1.00 0
7.3009 -4.7078 0.0000 0.00 0.00 1.00 0
7.3062 -4.6921 0.0000 0.00 0.00 1.00 0
7.3103 -4.6801 0.0000 0.00 0.00 1.00 0
7.3093 -4.6456 0.0000 0.00 0.00 1.00 0
7.3134 -4.6281 0.0000 0.00 0.00 1.00 0
7.3111 -4.6031 0.0000 0.00 0.00 1.00 0
7.3144 -4.5839 0.0000 0.00 0.00 1.00 0
7.3176 -4.5650 0.0000 0.00 0.00 1.00 0
7.3185 -4.5597 0.0000 0.00 0.00 1.00 0
7.3213 -4.5257 0.0000 0.00 0.00 1.00 0
7.3241 -4.5068 0.0000 0.00 0.00 1.00 0
7.3291 -4.4920 0.0000 0.00 0.00 1.00 0
7.3322 -4.4735 0.0000 0.00 0.00 1.00 0
7.3353 -4.4554 0.0000 0.00 0.00 1.00 0
7.3447 -4.4460 0.0000 0.00 0.00 1.00 0
7.3487 -4.4289 0.0000 0.00 0.00 1.00 0
7.3512 -4.4186 0.0000 0.00 0.00 1.00 0
7.3579 -4.4005 0.0000 0.00 0.00 1.00 0
7.3621 -4.3842 0.0000 0.00 0.00 1.00 0
7.3665 -4.3731 0.0000 0.00 0.00 1.00 0
7.3709 -4.3569 0.0000 0.00 0.00 1.00 0
7.3752 -4.3413 0.0000 0.00 0.00 1.00 0
7.3820 -4.3278 0.0000 0.00 0.00 1.00 0
7.3866 -4.3128 0.0000 0.00 0.00 1.00 0
7.3909 -4.2990 0.0000 0.00 0.00 1.00 0
7.3957 -4.2830 0.0000 0.00 0.00 1.00 0
7.4003 -4.2679 0.0000 0.00 0.00 1.00 0
7.4039 -4.2559 0.0000 0.00 0.00 1.00 0
7.4080 -4.2289 0.0000 0.00 0.00 1.00 0
7.4125 -4.2122 0.0000 0.00 0.00 1.00 0
7.4147 -4.1917 0.0000 0.00 0.00 1.00 0
7.4184 -4.1762 0.0000 0.00 0.00 1.00 0
7.4224 -4.1592 0.0000 0.00 0.00 1.00 0
7.4279 -4.1454 0.0000 0.00 0.00 1.00 0
7.4322 -4.1287 0.0000 0.00 0.00 1.00 0
7.4365 -4.1122 0.0000 0.00 0.00 1.00 0
7.4417 -4.0972 0.0000 0.00 0.00 1.00 0
7.4460 -4.0812 0.0000 0.00 0.00 1.00 0
7.4505 -4.0647 0.0000 0.00 0.00 1.00 0
7.4530 -4.0495 0.0000 0.00 0.00 1.00 0
7.4571 -4.0334 0.0000 0.00 0.00 1.00 0
7.4608 -4.0189 0.0000 0.00 0.00 1.00 0
7.4643 -3.9989 0.0000 0.00 0.00 1.00 0
7.4678 -3.9842 0.0000 0.00 0.00 1.00 0
7.4701 -3.9656 0.0000 0.00 0.00 1.00 0
7.4741 -3.9471 0.0000 0.00 0.00 1.00 0
7.4774 -3.9321 0.0000 0.00 0.00 1.00 0
7.4792 -3.9236 0.0000 0.00 0.00 1.00 0
7.4913 -3.9000 0.0000 0.00 0.00 1.00 0
7.4958 -3.8837 0.0000 0.00 0.00 1.00 0
7.4981 -3.8686 0.0000 0.00 0.00 1.00 0
7.5027 -3.8507 0.0000 0.00 0.00 1.00 0
7.5066 -3.8360 0.0000 0.00 0.00 1.00 0
7.5132 -3.8124 0.0000 0.00 0.00 1.00 0
7.5178 -3.7952 0.0000 0.00 0.00 1.00 0
7.5215 -3.7812 0.0000 0.00 0.00 1.00 0
7.5246 -3.7662 0.0000 0.00 0.00 1.00 0
7.5287 -3.7499 0.0000 0.00 0.00 1.00 0
7.5313 -3.7402 0.0000 0.00 0.00 1.00 0
7.5375 -3.7207 0.0000 0.00 0.00 1.00 0
7.5418 -3.7048 0.0000 0.00 0.00 1.00 0
7.5446 -3.6943 0.0000 0.00 0.00 1.00 0
7.5477 -3.6756 0.0000 0.00 0.00 1.00 0
7.5516 -3.6601 0.0000 0.00 0.00 1.00 0
7.5540 -3.6536 0.0000 0.00 0.00 1.00 0
7.5577 -3.6393 0.0000 0.00 0.00 1.00 0
7.5613 -3.6252 0.0000 0.00 0.00 1.00 0
7.5596 -3.6288 0.0000 0.00 0.00 1.00 0
7.5624 -3.6177 0.0000 0.00 0.00 1.00 0
7.5650 -3.6074 0.0000 0.00 0.00 1.00 0
7.5658 -3.6116 0.0000 0.00 0.00 1.00 0
7.5682 -3.6027 0.0000 0.00 0.00 1.00 0
7.5697 -3.5974 0.0000 0.00 0.00 1.00 0
7.5688 -3.5967 0.0000 0.00 0.00 1.00 0
7.5711 -3.5876 0.0000 0.00 0.00 1.00 0
7.5730 -3.5753 0.0000 0.00 0.00 1.00 0
7.5749 -3.5671 0.0000 0.00 0.00 1.00 0
7.5769 -3.5589 0.0000 0.00 0.00 1.00 0
7.5742 -3.5402 0.0000 0.00 0.00 1.00 0
7.5752 -3.5319 0.0000 0.00 0.00 1.00 0
7.5765 -3.5213 0.0000 0.00 0.00 1.00 0
7.5777 -3.5137 0.0000 0.00 0.00 1.00 0
7.5789 -3.5043 0.0000 0.00 0.00 1.00 0
7.5798 -3.4965 0.0000 0.00 0.00 1.00 0
7.5891 -3.4880 0.0000 0.00 0.00 1.00 0
7.5913 -3.4799 0.0000 0.00 0.00 1.00 0
7.5930 -3.4733 0.0000 0.00 0.00 1.00 0
7.6009 -3.4491 0.0000 0.00 0.00 1.00 0
7.6040 -3.4382 0.0000 0.00 0.00 1.00 0
7.6100 -3.4247 0.0000 0.00 0.00 1.00 0
7.6135 -3.4133 0.0000 0.00 0.00 1.00 0
7.6172 -3.4018 0.0000 0.00 0.00 1.00 0
7.6153 -3.3882 0.0000 0.00 0.00 1.00 0
7.6179 -3.3768 0.0000 0.00 0.00 1.00 0
7.6206 -3.3653 0.0000 0.00 0.00 1.00 0
7.6225 -3.3641 0.0000 0.00 0.00 1.00 0
7.6248 -3.3551 0.0000 0.00 0.00 1.00 0
7.6271 -3.3462 0.0000 0.00 0.00 1.00 0
7.6362 -3.3403 0.0000 0.00 0.00 1.00 0
7.6397 -3.3311 0.0000 0.00 0.00 1.00 0
7.6397 -3.3202 0.0000 0.00 0.00 1.00 0
7.6425 -3.3108 0.0000 0.00 0.00 1.00 0
7.6454 -3.3014 0.0000 0.00 0.00 1.00 0
7.6419 -3.2862 0.0000 0.00 0.00 1.00 0
7.6438 -3.2758 0.0000 0.00 0.00 1.00 0
7.6456 -3.2653 0.0000 0.00 0.00 1.00 0
7.6463 -3.2501 0.0000 0.00 0.00 1.00 0
7.6479 -3.2390 0.0000 0.00 0.00 1.00 0
7.6496 -3.2277 0.0000 0.00 0.00 1.00 0
7.6549 -3.2205 0.0000 0.00 0.00 1.00 0
7.6569 -3.2107 0.0000 0.00 0.00 1.00 0
7.6591 -3.2002 0.0000 0.00 0.00 1.00 0
7.6577 -3.1950 0.0000 0.00 0.00 1.00 0
7.6594 -3.1855 0.0000 0.00 0.00 1.00 0
7.6613 -3.1715 0.0000 0.00 0.00 1.00 0
7.6628 -3.1623 0.0000 0.00 0.00 1.00 0
7.6645 -3.1517 0.0000 0.00 0.00 1.00 0
7.6656 -3.1453 0.0000 0.00 0.00 1.00 0
7.6590 -3.1355 0.0000 0.00 0.00 1.00 0
7.6595 -3.1259 0.0000 0.00 0.00 1.00 0
7.6617 -3.1207 0.0000 0.00 0.00 1.00 0
7.6624 -3.1118 0.0000 0.00 0.00 1.00 0
7.6631 -3.1027 0.0000 0.00 0.00 1.00 0
7.6683 -3.0943 0.0000 0.00 0.00 1.00 0
7.6697 -3.0854 0.0000 0.00 0.00 1.00 0
7.6710 -3.0775 0.0000 0.00 0.00 1.00 0
7.6684 -3.0639 0.0000 0.00 0.00 1.00 0
7.6692 -3.0546 0.0000 0.00 0.00 1.00 0
7.6697 -3.0480 0.0000 0.00 0.00 1.00 0
7.6673 -3.0240 0.0000 0.00 0.00 1.00 0
7.6676 -3.0128 0.0000 0.00 0.00 1.00 0
7.6678 -3.0074 0.0000 0.00 0.00 1.00 0
7.6698 -2.9892 0.0000 0.00 0.00 1.00 0
7.6703 -2.9789 0.0000 0.00 0.00 1.00 0
7.6787 -2.9683 0.0000 0.00 0.00 1.00 0
7.6805 -2.9571 0.0000 0.00 0.00 1.00 0
7.6825 -2.9448 0.0000 0.00 0.00 1.00 0
7.6867 -2.9427 0.0000 0.00 0.00 1.00 0
7.6888 -2.9329 0.0000 0.00 0.00 1.00 0
7.6906 -2.9248 0.0000 0.00 0.00 1.00 0
7.6890 -2.9143 0.0000 0.00 0.00 1.00 0
7.6905 -2.9047 0.0000 0.00 0.00 1.00 0
7.6918 -2.8969 0.0000 0.00 0.00 1.00 0
7.6808 -2.8844 0.0000 0.00 0.00 1.00 0
7.6805 -2.8745 0.0000 0.00 0.00 1.00 0
7.6675 -2.8685 0.0000 0.00 0.00 1.00 0
7.6650 -2.8592 0.0000 0.00 0.00 1.00 0
7.6626 -2.8500 0.0000 0.00 0.00 1.00 0
7.6715 -2.8398 0.0000 0.00 0.00 1.00 0
7.6709 -2.8306 0.0000 0.00 0.00 1.00 0
7.6703 -2.8212 0.0000 0.00 0.00 1.00 0
7.6702 -2.8194 0.0000 0.00 0.00 1.00 0
7.6748 -2.8043 0.0000 0.00 0.00 1.00 0
7.6749 -2.7953 0.0000 0.00 0.00 1.00 0
7.6714 -2.7817 0.0000 0.00 0.00 1.00 0
7.6710 -2.7720 0.0000 0.00 0.00 1.00 0
7.6587 -2.7529 0.0000 0.00 0.00 1.00 0
7.6563 -2.7416 0.0000 0.00 0.00 1.00 0
7.6538 -2.7301 0.0000 0.00 0.00 1.00 0
7.6346 -2.7118 0.0000 0.00 0.00 1.00 0
7.6294 -2.6993 0.0000 0.00 0.00 1.00 0
7.6241 -2.6868 0.0000 0.00 0.00 1.00 0
7.6198 -2.6811 0.0000 0.00 0.00 1.00 0
7.6147 -2.6697 0.0000 0.00 0.00 1.00 0
7.6095 -2.6582 0.0000 0.00 0.00 1.00 0
7.6128 -2.6571 0.0000 0.00 0.00 1.00 0
7.6091 -2.6474 0.0000 0.00 0.00 1.00 0
7.6057 -2.6387 0.0000 0.00 0.00 1.00 0
7.6086 -2.6399 0.0000 0.00 0.00 1.00 0
7.6059 -2.6321 0.0000 0.00 0.00 1.00 0
7.6037 -2.6257 0.0000 0.00 0.00 1.00 0
7.6006 -2.6187 0.0000 0.00 0.00 1.00 0
7.5980 -2.6112 0.0000 0.00 0.00 1.00 0
7.5966 -2.6073 0.0000 0.00 0.00 1.00 0
7.5878 -2.5852 0.0000 0.00 0.00 1.00 0
7.5845 -2.5760 0.0000 0.00 0.00 1.00 0
7.5752 -2.5593 0.0000 0.00 0.00 1.00 0
7.5708 -2.5490 0.0000 0.00 0.00 1.00 0
7.5665 -2.5386 0.0000 0.00 0.00 1.00 0
7.5597 -2.5229 0.0000 0.00 0.00 1.00 0
7.5549 -2.5116 0.0000 0.00 0.00 1.00 0
7.5502 -2.5003 0.0000 0.00 0.00 1.00 0
7.5453 -2.4887 0.0000 0.00 0.00 1.00 0
7.5405 -2.4774 0.0000 0.00 0.00 1.00 0
7.5334 -2.4736 0.0000 0.00 0.00 1.00 0
7.5283 -2.4637 0.0000 0.00 0.00 1.00 0
7.5231 -2.4536 0.0000 0.00 0.00 1.00 0
7.5201 -2.4478 0.0000 0.00 0.00 1.00 0
7.5220 -2.4416 0.0000 0.00 0.00 1.00 0
7.5181 -2.4327 0.0000 0.00 0.00 1.00 0
7.5229 -2.4304 0.0000 0.00 0.00 1.00 0
7.5204 -2.4225 0.0000 0.00 0.00 1.00 0
7.5185 -2.4163 0.0000 0.00 0.00 1.00 0
7.5165 -2.4100 0.0000 0.00 0.00 1.00 0
7.5203 -2.3992 0.0000 0.00 0.00 1.00 0
7.5190 -2.3923 0.0000 0.00 0.00 1.00 0
7.5145 -2.3739 0.0000 0.00 0.00 1.00 0
7.5126 -2.3647 0.0000 0.00 0.00 1.00 0
7.4938 -2.3485 0.0000 0.00 0.00 1.00 0
7.4891 -2.3384 0.0000 0.00 0.00 1.00 0
7.4842 -2.3278 0.0000 0.00 0.00 1.00 0
7.4813 -2.3216 0.0000 0.00 0.00 1.00 0
7.4586 -2.2987 0.0000 0.00 0.00 1.00 0
7.4514 -2.2869 0.0000 0.00 0.00 1.00 0
7.4432 -2.2847 0.0000 0.00 0.00 1.00 0
7.4388 -2.2787 0.0000 0.00 0.00 1.00 0
7.4291 -2.2653 0.0000 0.00 0.00 1.00 0
7.4326 -2.2629 0.0000 0.00 0.00 1.00 0
7.4271 -2.2541 0.0000 0.00 0.00 1.00 0
7.4215 -2.2453 0.0000 0.00 0.00 1.00 0
7.4295 -2.2471 0.0000 0.00 0.00 1.00 0
7.4260 -2.2398 0.0000 0.00 0.00 1.00 0
7.4237 -2.2350 0.0000 0.00 0.00 1.00 0
7.4288 -2.2331 0.0000 0.00 0.00 1.00 0
7.4267 -2.2271 0.0000 0.00 0.00 1.00 0
7.4255 -2.2235 0.0000 0.00 0.00 1.00 0
7.4313 -2.2119 0.0000 0.00 0.00 1.00 0
7.4307 -2.2066 0.0000 0.00 0.00 1.00 0
7.4269 -2.1948 0.0000 0.00 0.00 1.00 0
7.4257 -2.1875 0.0000 0.00 0.00 1.00 0
7.4244 -2.1804 0.0000 0.00 0.00 1.00 0
7.4078 -2.1669 0.0000 0.00 0.00 1.00 0
7.4041 -2.1587 0.0000 0.00 0.00 1.00 0
7.4022 -2.1546 0.0000 0.00 0.00 1.00 0
7.3725 -2.1418 0.0000 0.00 0.00 1.00 0
7.3651 -2.1335 0.0000 0.00 0.00 1.00 0
7.3592 -2.1269 0.0000 0.00 0.00 1.00 0
7.3331 -2.1136 0.0000 0.00 0.00 1.00 0
7.3232 -2.1049 0.0000 0.00 0.00 1.00 0
7.3001 -2.0962 0.0000 0.00 0.00 1.00 0
7.2883 -2.0877 0.0000 0.00 0.00 1.00 0
7.2763 -2.0790 0.0000 0.00 0.00 1.00 0
7.2628 -2.0740 0.0000 0.00 0.00 1.00 0
7.2504 -2.0658 0.0000 0.00 0.00 1.00 0
7.2380 -2.0576 0.0000 0.00 0.00 1.00 0
7.2328 -2.0572 0.0000 0.00 0.00 1.00 0
7.2214 -2.0502 0.0000 0.00 0.00 1.00 0
7.2104 -2.0434 0.0000 0.00 0.00 1.00 0
7.2080 -2.0410 0.0000 0.00 0.00 1.00 0
7.1983 -2.0348 0.0000 0.00 0.00 1.00 0
7.1904 -2.0298 0.0000 0.00 0.00 1.00 0
7.1948 -2.0240 0.0000 0.00 0.00 1.00 0
7.1875 -2.0181 0.0000 0.00 0.00 1.00 0
7.1830 -2.0145 0.0000 0.00 0.00 1.00 0
7.1918 -2.0028 0.0000 0.00 0.00 1.00 0
7.1872 -1.9964 0.0000 0.00 0.00 1.00 0
7.1877 -1.9877 0.0000 0.00 0.00 1.00 0
7.1844 -1.9817 0.0000 0.00 0.00 1.00 0
7.1806 -1.9748 0.0000 0.00 0.00 1.00 0
7.1745 -1.9686 0.0000 0.00 0.00 1.00 0
7.1707 -1.9626 0.0000 0.00 0.00 1.00 0
7.1666 -1.9560 0.0000 0.00 0.00 1.00 0
7.1483 -1.9443 0.0000 0.00 0.00 1.00 0
7.1416 -1.9364 0.0000 0.00 0.00 1.00 0
7.1366 -1.9304 0.0000 0.00 0.00 1.00 0
7.1052 -1.9250 0.0000 0.00 0.00 1.00 0
7.0963 -1.9188 0.0000 0.00 0.00 1.00 0
7.0885 -1.9133 0.0000 0.00 0.00 1.00 0
7.0576 -1.9146 0.0000 0.00 0.00 1.00 0
7.0463 -1.9097 0.0000 0.00 0.00 1.00 0
7.0244 -1.9122 0.0000 0.00 0.00 1.00 0
7.0103 -1.9081 0.0000 0.00 0.00 1.00 0
6.9963 -1.9040 0.0000 0.00 0.00 1.00 0
6.9871 -1.8997 0.0000 0.00 0.00 1.00 0
6.9737 -1.8955 0.0000 0.00 0.00 1.00 0
6.9601 -1.8913 0.0000 0.00 0.00 1.00 0
6.9630 -1.8913 0.0000 0.00 0.00 1.00 0
6.9524 -1.8879 0.0000 0.00 0.00 1.00 0
6.9427 -1.8848 0.0000 0.00 0.00 1.00 0
6.9462 -1.8760 0.0000 0.00 0.00 1.00 0
6.9378 -1.8719 0.0000 0.00 0.00 1.00 0
6.9311 -1.8685 0.0000 0.00 0.00 1.00 0
6.9202 -1.8603 0.0000 0.00 0.00 1.00 0
6.9117 -1.8557 0.0000 0.00 0.00 1.00 0
6.8997 -1.8511 0.0000 0.00 0.00 1.00 0
6.8905 -1.8465 0.0000 0.00 0.00 1.00 0
6.8815 -1.8419 0.0000 0.00 0.00 1.00 0
6.8656 -1.8374 0.0000 0.00 0.00 1.00 0
6.8548 -1.8325 0.0000 0.00 0.00 1.00 0
6.8443 -1.8277 0.0000 0.00 0.00 1.00 0
6.8263 -1.8271 0.0000 0.00 0.00 1.00 0
6.8148 -1.8231 0.0000 0.00 0.00 1.00 0
6.8043 -1.8194 0.0000 0.00 0.00 1.00 0
6.7953 -1.8214 0.0000 0.00 0.00 1.00 0
6.7838 -1.8182 0.0000 0.00 0.00 1.00 0
6.7762 -1.8160 0.0000 0.00 0.00 1.00 0
6.7650 -1.8152 0.0000 0.00 0.00 1.00 0
6.7545 -1.8126 0.0000 0.00 0.00 1.00 0
6.7501 -1.8074 0.0000 0.00 0.00 1.00 0
6.7405 -1.8043 0.0000 0.00 0.00 1.00 0
6.7303 -1.8010 0.0000 0.00 0.00 1.00 0
6.7309 -1.8017 0.0000 0.00 0.00 1.00 0
6.7229 -1.7992 0.0000 0.00 0.00 1.00 0
6.7150 -1.7967 0.0000 0.00 0.00 1.00 0
6.7424 -1.8057 0.0000 0.00 0.00 1.00 0
6.7403 -1.8051 0.0000 0.00 0.00 1.00 0
6.7640 -1.8113 0.0000 0.00 0.00 1.00 0
6.7660 -1.8118 0.0000 0.00 0.00 1.00 0
6.7682 -1.8123 0.0000 0.00 0.00 1.00 0
6.7791 -1.8152 0.0000 0.00 0.00 1.00 0
6.7827 -1.8161 0.0000 0.00 0.00 1.00 0
6.7865 -1.8170 0.0000 0.00 0.00 1.00 0
6.7916 -1.8195 0.0000 0.00 0.00 1.00 0
6.7955 -1.8206 0.0000 0.00 0.00 1.00 0
6.7993 -1.8218 0.0000 0.00 0.00 1.00 0
6.7959 -1.8214 0.0000 0.00 0.00 1.00 0
6.7986 -1.8223 0.0000 0.00 0.00 1.00 0
6.8010 -1.8231 0.0000 0.00 0.00 1.00 0
6.7920 -1.8208 0.0000 0.00 0.00 1.00 0
6.7927 -1.8212 0.0000 0.00 0.00 1.00 0
6.7935 -1.8216 0.0000 0.00 0.00 1.00 0
6.7862 -1.8187 0.0000 0.00 0.00 1.00 0
6.7858 -1.8186 0.0000 0.00 0.00 1.00 0
6.7855 -1.8185 0.0000 0.00 0.00 1.00 0
6.7741 -1.8166 0.0000 0.00 0.00 1.00 0
6.7721 -1.8162 0.0000 0.00 0.00 1.00 0
6.7722 -1.8118 0.0000 0.00 0.00 1.00 0
6.7706 -1.8108 0.0000 0.00 0.00 1.00 0
6.7690 -1.8098 0.0000 0.00 0.00 1.00 0
6.7727 -1.8120 0.0000 0.00 0.00 1.00 0
6.7719 -1.8114 0.0000 0.00 0.00 1.00 0
6.7712 -1.8109 0.0000 0.00 0.00 1.00 0
6.7739 -1.8110 0.0000 0.00 0.00 1.00 0
6.7736 -1.8106 0.0000 0.00 0.00 1.00 0
6.7734 -1.8102 0.0000 0.00 0.00 1.00 0
6.7766 -1.8138 0.0000 0.00 0.00 1.00 0
6.7769 -1.8140 0.0000 0.00 0.00 1.00 0
6.7790 -1.8156 0.0000 0.00 0.00 1.00 0
6.7796 -1.8161 0.0000 0.00 0.00 1.00 0
6.7802 -1.8165 0.0000 0.00 0.00 1.00 0
6.7805 -1.8122 0.0000 0.00 0.00 1.00 0
6.7810 -1.8119 0.0000 0.00 0.00 1.00 0
6.7815 -1.8116 0.0000 0.00 0.00 1.00 0
6.7790 -1.8145 0.0000 0.00 0.00 1.00 0
6.7790 -1.8147 0.0000 0.00 0.00 1.00 0
6.7791 -1.8149 0.0000 0.00 0.00 1.00 0
6.7767 -1.8166 0.0000 0.00 0.00 1.00 0
6.7763 -1.8170 0.0000 0.00 0.00 1.00 0
6.7760 -1.8174 0.0000 0.00 0.00 1.00 0
6.7762 -1.8149 0.0000 0.00 0.00 1.00 0
6.7760 -1.8149 0.0000 0.00 0.00 1.00 0
6.7758 -1.8149 0.0000 0.00 0.00 1.00 0
6.7793 -1.8138 0.0000 0.00 0.00 1.00 0
6.7796 -1.8136 0.0000 0.00 0.00 1.00 0
6.7782 -1.8124 0.0000 0.00 0.00 1.00 0
6.7782 -1.8121 0.0000 0.00 0.00 1.00 0
6.7782 -1.8117 0.0000 0.00 0.00 1.00 0
6.7795 -1.8120 0.0000 0.00 0.00 1.00 0
6.7797 -1.8118 0.0000 0.00 0.00 1.00 0
6.7799 -1.8115 0.0000 0.00 0.00 1.00 0
6.7776 -1.8133 0.0000 0.00 0.00 1.00 0
6.7774 -1.8133 0.0000 0.00 0.00 1.00 0
6.7773 -1.8134 0.0000 0.00 0.00 1.00 0
