6.3031 -0.7538 0.0000 0.00 0.00 1.00 0
6.6724 -0.9195 0.0000 0.00 0.00 1.00 0
7.0403 -1.0777 0.0000 0.00 0.00 1.00 0
7.4269 -1.2457 0.0000 0.00 0.00 1.00 0
7.8001 -1.4140 0.0000 0.00 0.00 1.00 0
8.1753 -1.5797 0.0000 0.00 0.00 1.00 0
8.5460 -1.7408 0.0000 0.00 0.00 1.00 0
8.9270 -1.9046 0.0000 0.00 0.00 1.00 0
9.3005 -2.0587 0.0000 0.00 0.00 1.00 0
9.6777 -2.2140 0.0000 0.00 0.00 1.00 0
10.0614 -2.3331 0.0000 0.00 0.00 1.00 0
10.4661 -2.4077 0.0000 0.00 0.00 1.00 0
10.8746 -2.4226 0.0000 0.00 0.00 1.00 0
11.2744 -2.3726 0.0000 0.00 0.00 1.00 0
11.6607 -2.2156 0.0000 0.00 0.00 1.00 0
11.9883 -1.9731 0.0000 0.00 0.00 1.00 0
12.2689 -1.6845 0.0000 0.00 0.00 1.00 0
12.5288 -1.3717 0.0000 0.00 0.00 1.00 0
12.7746 -1.0493 0.0000 0.00 0.00 1.00 0
12.9485 -0.6795 0.0000 0.00 0.00 1.00 0
13.0135 -0.2839 0.0000 0.00 0.00 1.00 0
12.9456 0.1123 0.0000 0.00 0.00 1.00 0
12.7564 0.4804 0.0000 0.00 0.00 1.00 0
12.4903 0.7869 0.0000 0.00 0.00 1.00 0
12.1779 1.0453 0.0000 0.00 0.00 1.00 0
11.8283 1.2451 0.0000 0.00 0.00 1.00 0
11.4643 1.4274 0.0000 0.00 0.00 1.00 0
11.1006 1.6028 0.0000 0.00 0.00 1.00 0
10.7405 1.7813 0.0000 0.00 0.00 1.00 0
10.3655 1.9433 0.0000 0.00 0.00 1.00 0
9.9932 2.0920 0.0000 0.00 0.00 1.00 0
9.6031 2.2277 0.0000 0.00 0.00 1.00 0
9.2018 2.2944 0.0000 0.00 0.00 1.00 0
8.8019 2.2518 0.0000 0.00 0.00 1.00 0
8.4310 2.0952 0.0000 0.00 0.00 1.00 0
8.1197 1.8398 0.0000 0.00 0.00 1.00 0
7.8694 1.5178 0.0000 0.00 0.00 1.00 0
7.6657 1.1719 0.0000 0.00 0.00 1.00 0
7.4756 0.8106 0.0000 0.00 0.00 1.00 0
7.2727 0.4566 0.0000 0.00 0.00 1.00 0
7.0792 0.0957 0.0000 0.00 0.00 1.00 0
6.9272 -0.2761 0.0000 0.00 0.00 1.00 0
6.9593 -0.6824 0.0000 0.00 0.00 1.00 0
7.1491 -1.0362 0.0000 0.00 0.00 1.00 0
7.4747 -1.2749 0.0000 0.00 0.00 1.00 0
7.8589 -1.4344 0.0000 0.00 0.00 1.00 0
8.2348 -1.5896 0.0000 0.00 0.00 1.00 0
