5.8942 -0.6439 0.0000 0.00 0.00 1.00 0
5.9046 -0.6455 0.0000 0.00 0.00 1.00 0
5.9134 -0.6482 0.0000 0.00 0.00 1.00 0
5.9218 -0.6512 0.0000 0.00 0.00 1.00 0
5.9313 -0.6543 0.0000 0.00 0.00 1.00 0
5.9393 -0.6567 0.0000 0.00 0.00 1.00 0
5.9574 -0.6626 0.0000 0.00 0.00 1.00 0
5.9665 -0.6660 0.0000 0.00 0.00 1.00 0
5.9748 -0.6694 0.0000 0.00 0.00 1.00 0
5.9847 -0.6730 0.0000 0.00 0.00 1.00 0
5.9954 -0.6755 0.0000 0.00 0.00 1.00 0
6.0047 -0.6797 0.0000 0.00 0.00 1.00 0
6.0155 -0.6817 0.0000 0.00 0.00 1.00 0
6.0329 -0.6894 0.0000 0.00 0.00 1.00 0
6.0426 -0.6917 0.0000 0.00 0.00 1.00 0
6.0520 -0.6942 0.0000 0.00 0.00 1.00 0
6.0613 -0.6977 0.0000 0.00 0.00 1.00 0
6.0679 -0.7018 0.0000 0.00 0.00 1.00 0
6.0861 -0.7082 0.0000 0.00 0.00 1.00 0
6.0936 -0.7117 0.0000 0.00 0.00 1.00 0
6.1028 -0.7128 0.0000 0.00 0.00 1.00 0
6.1098 -0.7166 0.0000 0.00 0.00 1.00 0
6.1181 -0.7198 0.0000 0.00 0.00 1.00 0
6.1275 -0.7221 0.0000 0.00 0.00 1.00 0
6.1362 -0.7249 0.0000 0.00 0.00 1.00 0
6.1454 -0.7276 0.0000 0.00 0.00 1.00 0
6.1652 -0.7337 0.0000 0.00 0.00 1.00 0
6.1766 -0.7350 0.0000 0.00 0.00 1.00 0
6.1846 -0.7377 0.0000 0.00 0.00 1.00 0
6.1932 -0.7407 0.0000 0.00 0.00 1.00 0
6.2016 -0.7442 0.0000 0.00 0.00 1.00 0
6.2204 -0.7494 0.0000 0.00 0.00 1.00 0
6.2278 -0.7529 0.0000 0.00 0.00 1.00 0
6.2369 -0.7551 0.0000 0.00 0.00 1.00 0
6.2462 -0.7579 0.0000 0.00 0.00 1.00 0
6.2539 -0.7618 0.0000 0.00 0.00 1.00 0
6.2604 -0.7658 0.0000 0.00 0.00 1.00 0
6.2795 -0.7711 0.0000 0.00 0.00 1.00 0
6.2903 -0.7738 0.0000 0.00 0.00 1.00 0
6.2989 -0.7770 0.0000 0.00 0.00 1.00 0
6.3079 -0.7795 0.0000 0.00 0.00 1.00 0
6.3168 -0.7828 0.0000 0.00 0.00 1.00 0
6.3365 -0.7870 0.0000 0.00 0.00 1.00 0
6.3449 -0.7895 0.0000 0.00 0.00 1.00 0
6.3541 -0.7923 0.0000 0.00 0.00 1.00 0
6.3615 -0.7955 0.0000 0.00 0.00 1.00 0
6.3681 -0.7996 0.0000 0.00 0.00 1.00 0
6.3779 -0.8010 0.0000 0.00 0.00 1.00 0
6.3955 -0.8062 0.0000 0.00 0.00 1.00 0
6.4036 -0.8088 0.0000 0.00 0.00 1.00 0
6.4122 -0.8112 0.0000 0.00 0.00 1.00 0
6.4203 -0.8137 0.0000 0.00 0.00 1.00 0
6.4285 -0.8167 0.0000 0.00 0.00 1.00 0
6.4477 -0.8222 0.0000 0.00 0.00 1.00 0
6.4542 -0.8257 0.0000 0.00 0.00 1.00 0
6.4617 -0.8287 0.0000 0.00 0.00 1.00 0
6.4699 -0.8311 0.0000 0.00 0.00 1.00 0
6.4886 -0.8353 0.0000 0.00 0.00 1.00 0
6.4978 -0.8384 0.0000 0.00 0.00 1.00 0
6.5064 -0.8419 0.0000 0.00 0.00 1.00 0
6.5143 -0.8448 0.0000 0.00 0.00 1.00 0
6.5196 -0.8489 0.0000 0.00 0.00 1.00 0
6.5347 -0.8522 0.0000 0.00 0.00 1.00 0
6.5502 -0.8573 0.0000 0.00 0.00 1.00 0
6.5592 -0.8598 0.0000 0.00 0.00 1.00 0
6.5686 -0.8631 0.0000 0.00 0.00 1.00 0
6.5776 -0.8674 0.0000 0.00 0.00 1.00 0
6.5900 -0.8688 0.0000 0.00 0.00 1.00 0
6.5999 -0.8716 0.0000 0.00 0.00 1.00 0
6.6086 -0.8754 0.0000 0.00 0.00 1.00 0
6.6187 -0.8774 0.0000 0.00 0.00 1.00 0
6.6279 -0.8801 0.0000 0.00 0.00 1.00 0
6.6333 -0.8845 0.0000 0.00 0.00 1.00 0
6.6398 -0.8855 0.0000 0.00 0.00 1.00 0
6.6445 -0.8868 0.0000 0.00 0.00 1.00 0
6.6505 -0.8883 0.0000 0.00 0.00 1.00 0
6.6564 -0.8907 0.0000 0.00 0.00 1.00 0
6.6711 -0.8976 0.0000 0.00 0.00 1.00 0
6.6812 -0.9002 0.0000 0.00 0.00 1.00 0
6.6907 -0.9047 0.0000 0.00 0.00 1.00 0
6.7016 -0.9074 0.0000 0.00 0.00 1.00 0
6.7109 -0.9118 0.0000 0.00 0.00 1.00 0
6.7315 -0.9175 0.0000 0.00 0.00 1.00 0
6.7407 -0.9213 0.0000 0.00 0.00 1.00 0
6.7483 -0.9237 0.0000 0.00 0.00 1.00 0
6.7573 -0.9266 0.0000 0.00 0.00 1.00 0
6.7653 -0.9294 0.0000 0.00 0.00 1.00 0
6.7821 -0.9360 0.0000 0.00 0.00 1.00 0
6.7896 -0.9383 0.0000 0.00 0.00 1.00 0
6.7979 -0.9420 0.0000 0.00 0.00 1.00 0
6.8063 -0.9448 0.0000 0.00 0.00 1.00 0
6.8246 -0.9526 0.0000 0.00 0.00 1.00 0
6.8351 -0.9561 0.0000 0.00 0.00 1.00 0
6.8450 -0.9590 0.0000 0.00 0.00 1.00 0
6.8556 -0.9623 0.0000 0.00 0.00 1.00 0
6.8648 -0.9667 0.0000 0.00 0.00 1.00 0
6.8740 -0.9698 0.0000 0.00 0.00 1.00 0
6.8946 -0.9783 0.0000 0.00 0.00 1.00 0
6.9034 -0.9815 0.0000 0.00 0.00 1.00 0
6.9135 -0.9841 0.0000 0.00 0.00 1.00 0
6.9221 -0.9881 0.0000 0.00 0.00 1.00 0
6.9322 -0.9909 0.0000 0.00 0.00 1.00 0
6.9403 -0.9942 0.0000 0.00 0.00 1.00 0
6.9495 -0.9974 0.0000 0.00 0.00 1.00 0
6.9576 -1.0014 0.0000 0.00 0.00 1.00 0
6.9666 -1.0037 0.0000 0.00 0.00 1.00 0
6.9745 -1.0058 0.0000 0.00 0.00 1.00 0
6.9916 -1.0129 0.0000 0.00 0.00 1.00 0
7.0004 -1.0159 0.0000 0.00 0.00 1.00 0
7.0100 -1.0180 0.0000 0.00 0.00 1.00 0
7.0181 -1.0217 0.0000 0.00 0.00 1.00 0
7.0280 -1.0253 0.0000 0.00 0.00 1.00 0
7.0473 -1.0316 0.0000 0.00 0.00 1.00 0
7.0571 -1.0359 0.0000 0.00 0.00 1.00 0
7.0655 -1.0401 0.0000 0.00 0.00 1.00 0
7.0758 -1.0428 0.0000 0.00 0.00 1.00 0
7.0861 -1.0466 0.0000 0.00 0.00 1.00 0
7.1046 -1.0528 0.0000 0.00 0.00 1.00 0
7.1143 -1.0548 0.0000 0.00 0.00 1.00 0
7.1235 -1.0581 0.0000 0.00 0.00 1.00 0
7.1323 -1.0612 0.0000 0.00 0.00 1.00 0
7.1409 -1.0644 0.0000 0.00 0.00 1.00 0
7.1492 -1.0681 0.0000 0.00 0.00 1.00 0
7.1591 -1.0713 0.0000 0.00 0.00 1.00 0
7.1793 -1.0766 0.0000 0.00 0.00 1.00 0
7.1888 -1.0802 0.0000 0.00 0.00 1.00 0
7.1983 -1.0836 0.0000 0.00 0.00 1.00 0
7.2086 -1.0867 0.0000 0.00 0.00 1.00 0
7.2188 -1.0903 0.0000 0.00 0.00 1.00 0
7.2379 -1.0965 0.0000 0.00 0.00 1.00 0
7.2471 -1.0993 0.0000 0.00 0.00 1.00 0
7.2566 -1.1024 0.0000 0.00 0.00 1.00 0
7.2658 -1.1058 0.0000 0.00 0.00 1.00 0
7.2753 -1.1087 0.0000 0.00 0.00 1.00 0
7.2951 -1.1155 0.0000 0.00 0.00 1.00 0
7.3035 -1.1193 0.0000 0.00 0.00 1.00 0
7.3139 -1.1225 0.0000 0.00 0.00 1.00 0
7.3248 -1.1248 0.0000 0.00 0.00 1.00 0
7.3345 -1.1283 0.0000 0.00 0.00 1.00 0
7.3541 -1.1364 0.0000 0.00 0.00 1.00 0
7.3638 -1.1393 0.0000 0.00 0.00 1.00 0
7.3737 -1.1430 0.0000 0.00 0.00 1.00 0
7.3830 -1.1462 0.0000 0.00 0.00 1.00 0
7.3914 -1.1494 0.0000 0.00 0.00 1.00 0
7.4022 -1.1518 0.0000 0.00 0.00 1.00 0
7.4131 -1.1551 0.0000 0.00 0.00 1.00 0
7.4218 -1.1587 0.0000 0.00 0.00 1.00 0
7.4421 -1.1642 0.0000 0.00 0.00 1.00 0
7.4517 -1.1672 0.0000 0.00 0.00 1.00 0
7.4612 -1.1714 0.0000 0.00 0.00 1.00 0
7.4700 -1.1746 0.0000 0.00 0.00 1.00 0
7.4803 -1.1779 0.0000 0.00 0.00 1.00 0
7.4995 -1.1820 0.0000 0.00 0.00 1.00 0
7.5103 -1.1856 0.0000 0.00 0.00 1.00 0
7.5226 -1.1894 0.0000 0.00 0.00 1.00 0
7.5313 -1.1928 0.0000 0.00 0.00 1.00 0
7.5416 -1.1959 0.0000 0.00 0.00 1.00 0
7.5602 -1.2032 0.0000 0.00 0.00 1.00 0
7.5719 -1.2065 0.0000 0.00 0.00 1.00 0
7.5829 -1.2101 0.0000 0.00 0.00 1.00 0
7.5917 -1.2126 0.0000 0.00 0.00 1.00 0
7.6007 -1.2156 0.0000 0.00 0.00 1.00 0
7.6096 -1.2196 0.0000 0.00 0.00 1.00 0
7.6311 -1.2256 0.0000 0.00 0.00 1.00 0
7.6415 -1.2298 0.0000 0.00 0.00 1.00 0
7.6527 -1.2327 0.0000 0.00 0.00 1.00 0
7.6628 -1.2357 0.0000 0.00 0.00 1.00 0
7.6734 -1.2411 0.0000 0.00 0.00 1.00 0
7.6835 -1.2440 0.0000 0.00 0.00 1.00 0
7.6940 -1.2475 0.0000 0.00 0.00 1.00 0
7.7030 -1.2507 0.0000 0.00 0.00 1.00 0
7.7145 -1.2544 0.0000 0.00 0.00 1.00 0
7.7250 -1.2561 0.0000 0.00 0.00 1.00 0
7.7335 -1.2606 0.0000 0.00 0.00 1.00 0
7.7424 -1.2645 0.0000 0.00 0.00 1.00 0
7.7530 -1.2686 0.0000 0.00 0.00 1.00 0
7.7630 -1.2725 0.0000 0.00 0.00 1.00 0
7.7726 -1.2762 0.0000 0.00 0.00 1.00 0
7.7824 -1.2791 0.0000 0.00 0.00 1.00 0
7.7919 -1.2823 0.0000 0.00 0.00 1.00 0
7.8021 -1.2862 0.0000 0.00 0.00 1.00 0
7.8124 -1.2894 0.0000 0.00 0.00 1.00 0
7.8322 -1.2969 0.0000 0.00 0.00 1.00 0
7.8419 -1.2994 0.0000 0.00 0.00 1.00 0
7.8511 -1.3025 0.0000 0.00 0.00 1.00 0
7.8611 -1.3065 0.0000 0.00 0.00 1.00 0
7.8713 -1.3093 0.0000 0.00 0.00 1.00 0
7.8819 -1.3138 0.0000 0.00 0.00 1.00 0
7.8919 -1.3170 0.0000 0.00 0.00 1.00 0
7.9024 -1.3214 0.0000 0.00 0.00 1.00 0
7.9120 -1.3240 0.0000 0.00 0.00 1.00 0
7.9221 -1.3278 0.0000 0.00 0.00 1.00 0
7.9301 -1.3316 0.0000 0.00 0.00 1.00 0
7.9386 -1.3343 0.0000 0.00 0.00 1.00 0
7.9493 -1.3382 0.0000 0.00 0.00 1.00 0
7.9695 -1.3443 0.0000 0.00 0.00 1.00 0
7.9798 -1.3473 0.0000 0.00 0.00 1.00 0
7.9897 -1.3490 0.0000 0.00 0.00 1.00 0
8.0000 -1.3530 0.0000 0.00 0.00 1.00 0
8.0115 -1.3574 0.0000 0.00 0.00 1.00 0
8.0215 -1.3621 0.0000 0.00 0.00 1.00 0
8.0323 -1.3654 0.0000 0.00 0.00 1.00 0
8.0423 -1.3680 0.0000 0.00 0.00 1.00 0
8.0517 -1.3721 0.0000 0.00 0.00 1.00 0
8.0719 -1.3790 0.0000 0.00 0.00 1.00 0
8.0817 -1.3835 0.0000 0.00 0.00 1.00 0
8.0908 -1.3868 0.0000 0.00 0.00 1.00 0
8.1013 -1.3896 0.0000 0.00 0.00 1.00 0
8.1111 -1.3940 0.0000 0.00 0.00 1.00 0
8.1212 -1.3968 0.0000 0.00 0.00 1.00 0
8.1403 -1.4039 0.0000 0.00 0.00 1.00 0
8.1502 -1.4078 0.0000 0.00 0.00 1.00 0
8.1595 -1.4109 0.0000 0.00 0.00 1.00 0
8.1686 -1.4147 0.0000 0.00 0.00 1.00 0
8.1780 -1.4175 0.0000 0.00 0.00 1.00 0
8.1872 -1.4196 0.0000 0.00 0.00 1.00 0
8.2029 -1.4273 0.0000 0.00 0.00 1.00 0
8.2081 -1.4279 0.0000 0.00 0.00 1.00 0
8.2105 -1.4288 0.0000 0.00 0.00 1.00 0
8.2101 -1.4280 0.0000 0.00 0.00 1.00 0
8.2066 -1.4270 0.0000 0.00 0.00 1.00 0
8.2022 -1.4257 0.0000 0.00 0.00 1.00 0
8.1958 -1.4223 0.0000 0.00 0.00 1.00 0
8.1967 -1.4227 0.0000 0.00 0.00 1.00 0
8.1998 -1.4241 0.0000 0.00 0.00 1.00 0
8.2054 -1.4249 0.0000 0.00 0.00 1.00 0
8.2126 -1.4280 0.0000 0.00 0.00 1.00 0
8.2292 -1.4342 0.0000 0.00 0.00 1.00 0
8.2393 -1.4379 0.0000 0.00 0.00 1.00 0
8.2484 -1.4422 0.0000 0.00 0.00 1.00 0
8.2564 -1.4461 0.0000 0.00 0.00 1.00 0
8.2660 -1.4492 0.0000 0.00 0.00 1.00 0
8.2823 -1.4530 0.0000 0.00 0.00 1.00 0
8.2887 -1.4536 0.0000 0.00 0.00 1.00 0
8.2944 -1.4548 0.0000 0.00 0.00 1.00 0
8.2996 -1.4562 0.0000 0.00 0.00 1.00 0
8.3022 -1.4573 0.0000 0.00 0.00 1.00 0
8.3061 -1.4597 0.0000 0.00 0.00 1.00 0
8.3159 -1.4635 0.0000 0.00 0.00 1.00 0
8.3213 -1.4640 0.0000 0.00 0.00 1.00 0
8.3271 -1.4654 0.0000 0.00 0.00 1.00 0
8.3342 -1.4696 0.0000 0.00 0.00 1.00 0
8.3426 -1.4707 0.0000 0.00 0.00 1.00 0
8.3496 -1.4719 0.0000 0.00 0.00 1.00 0
8.3672 -1.4807 0.0000 0.00 0.00 1.00 0
8.3754 -1.4837 0.0000 0.00 0.00 1.00 0
8.3840 -1.4863 0.0000 0.00 0.00 1.00 0
8.3924 -1.4889 0.0000 0.00 0.00 1.00 0
8.3985 -1.4905 0.0000 0.00 0.00 1.00 0
8.4060 -1.4924 0.0000 0.00 0.00 1.00 0
8.4184 -1.4964 0.0000 0.00 0.00 1.00 0
8.4235 -1.4978 0.0000 0.00 0.00 1.00 0
8.4269 -1.4984 0.0000 0.00 0.00 1.00 0
8.4273 -1.4979 0.0000 0.00 0.00 1.00 0
8.4293 -1.4984 0.0000 0.00 0.00 1.00 0
8.4318 -1.4990 0.0000 0.00 0.00 1.00 0
8.4428 -1.5022 0.0000 0.00 0.00 1.00 0
8.4496 -1.5040 0.0000 0.00 0.00 1.00 0
8.4579 -1.5061 0.0000 0.00 0.00 1.00 0
8.4663 -1.5095 0.0000 0.00 0.00 1.00 0
8.4745 -1.5117 0.0000 0.00 0.00 1.00 0
8.4825 -1.5146 0.0000 0.00 0.00 1.00 0
8.5002 -1.5179 0.0000 0.00 0.00 1.00 0
8.5078 -1.5203 0.0000 0.00 0.00 1.00 0
8.5172 -1.5221 0.0000 0.00 0.00 1.00 0
8.5257 -1.5244 0.0000 0.00 0.00 1.00 0
8.5340 -1.5264 0.0000 0.00 0.00 1.00 0
8.5442 -1.5297 0.0000 0.00 0.00 1.00 0
8.5466 -1.5303 0.0000 0.00 0.00 1.00 0
8.5500 -1.5316 0.0000 0.00 0.00 1.00 0
8.5534 -1.5320 0.0000 0.00 0.00 1.00 0
8.5574 -1.5311 0.0000 0.00 0.00 1.00 0
8.5646 -1.5326 0.0000 0.00 0.00 1.00 0
8.5711 -1.5353 0.0000 0.00 0.00 1.00 0
8.5777 -1.5360 0.0000 0.00 0.00 1.00 0
8.5912 -1.5397 0.0000 0.00 0.00 1.00 0
8.6006 -1.5420 0.0000 0.00 0.00 1.00 0
8.6090 -1.5450 0.0000 0.00 0.00 1.00 0
8.6157 -1.5446 0.0000 0.00 0.00 1.00 0
8.6255 -1.5488 0.0000 0.00 0.00 1.00 0
8.6343 -1.5490 0.0000 0.00 0.00 1.00 0
8.6444 -1.5519 0.0000 0.00 0.00 1.00 0
8.6587 -1.5535 0.0000 0.00 0.00 1.00 0
8.6641 -1.5550 0.0000 0.00 0.00 1.00 0
8.6684 -1.5547 0.0000 0.00 0.00 1.00 0
8.6693 -1.5545 0.0000 0.00 0.00 1.00 0
8.6740 -1.5555 0.0000 0.00 0.00 1.00 0
8.6762 -1.5557 0.0000 0.00 0.00 1.00 0
8.6799 -1.5560 0.0000 0.00 0.00 1.00 0
8.6838 -1.5563 0.0000 0.00 0.00 1.00 0
8.6896 -1.5582 0.0000 0.00 0.00 1.00 0
8.7020 -1.5598 0.0000 0.00 0.00 1.00 0
8.7092 -1.5613 0.0000 0.00 0.00 1.00 0
8.7171 -1.5625 0.0000 0.00 0.00 1.00 0
8.7268 -1.5650 0.0000 0.00 0.00 1.00 0
8.7354 -1.5657 0.0000 0.00 0.00 1.00 0
8.7455 -1.5670 0.0000 0.00 0.00 1.00 0
8.7636 -1.5687 0.0000 0.00 0.00 1.00 0
8.7712 -1.5714 0.0000 0.00 0.00 1.00 0
8.7764 -1.5717 0.0000 0.00 0.00 1.00 0
8.7796 -1.5723 0.0000 0.00 0.00 1.00 0
8.7834 -1.5733 0.0000 0.00 0.00 1.00 0
8.7862 -1.5734 0.0000 0.00 0.00 1.00 0
8.7896 -1.5733 0.0000 0.00 0.00 1.00 0
8.7947 -1.5733 0.0000 0.00 0.00 1.00 0
8.7991 -1.5744 0.0000 0.00 0.00 1.00 0
8.8062 -1.5741 0.0000 0.00 0.00 1.00 0
8.8144 -1.5764 0.0000 0.00 0.00 1.00 0
8.8213 -1.5766 0.0000 0.00 0.00 1.00 0
8.8393 -1.5793 0.0000 0.00 0.00 1.00 0
8.8500 -1.5806 0.0000 0.00 0.00 1.00 0
8.8587 -1.5788 0.0000 0.00 0.00 1.00 0
8.8673 -1.5803 0.0000 0.00 0.00 1.00 0
8.8738 -1.5818 0.0000 0.00 0.00 1.00 0
8.8768 -1.5832 0.0000 0.00 0.00 1.00 0
8.8787 -1.5852 0.0000 0.00 0.00 1.00 0
8.8814 -1.5853 0.0000 0.00 0.00 1.00 0
8.8833 -1.5861 0.0000 0.00 0.00 1.00 0
8.8898 -1.5854 0.0000 0.00 0.00 1.00 0
8.8920 -1.5859 0.0000 0.00 0.00 1.00 0
8.9006 -1.5863 0.0000 0.00 0.00 1.00 0
8.9190 -1.5878 0.0000 0.00 0.00 1.00 0
8.9290 -1.5864 0.0000 0.00 0.00 1.00 0
8.9386 -1.5875 0.0000 0.00 0.00 1.00 0
8.9466 -1.5895 0.0000 0.00 0.00 1.00 0
8.9557 -1.5883 0.0000 0.00 0.00 1.00 0
8.9724 -1.5899 0.0000 0.00 0.00 1.00 0
8.9798 -1.5913 0.0000 0.00 0.00 1.00 0
8.9870 -1.5910 0.0000 0.00 0.00 1.00 0
8.9917 -1.5916 0.0000 0.00 0.00 1.00 0
8.9946 -1.5919 0.0000 0.00 0.00 1.00 0
8.9984 -1.5925 0.0000 0.00 0.00 1.00 0
9.0077 -1.5903 0.0000 0.00 0.00 1.00 0
9.0122 -1.5908 0.0000 0.00 0.00 1.00 0
9.0187 -1.5916 0.0000 0.00 0.00 1.00 0
9.0265 -1.5920 0.0000 0.00 0.00 1.00 0
9.0370 -1.5919 0.0000 0.00 0.00 1.00 0
9.0473 -1.5923 0.0000 0.00 0.00 1.00 0
9.0690 -1.5925 0.0000 0.00 0.00 1.00 0
9.0770 -1.5933 0.0000 0.00 0.00 1.00 0
9.0888 -1.5931 0.0000 0.00 0.00 1.00 0
9.0984 -1.5949 0.0000 0.00 0.00 1.00 0
9.1090 -1.5954 0.0000 0.00 0.00 1.00 0
9.1263 -1.5949 0.0000 0.00 0.00 1.00 0
9.1335 -1.5953 0.0000 0.00 0.00 1.00 0
9.1386 -1.5955 0.0000 0.00 0.00 1.00 0
9.1429 -1.5965 0.0000 0.00 0.00 1.00 0
9.1459 -1.5951 0.0000 0.00 0.00 1.00 0
9.1520 -1.5956 0.0000 0.00 0.00 1.00 0
9.1567 -1.5940 0.0000 0.00 0.00 1.00 0
9.1609 -1.5929 0.0000 0.00 0.00 1.00 0
9.1679 -1.5936 0.0000 0.00 0.00 1.00 0
9.1863 -1.5932 0.0000 0.00 0.00 1.00 0
9.1968 -1.5936 0.0000 0.00 0.00 1.00 0
9.2063 -1.5949 0.0000 0.00 0.00 1.00 0
9.2168 -1.5923 0.0000 0.00 0.00 1.00 0
9.2272 -1.5927 0.0000 0.00 0.00 1.00 0
9.2476 -1.5918 0.0000 0.00 0.00 1.00 0
9.2569 -1.5906 0.0000 0.00 0.00 1.00 0
9.2638 -1.5912 0.0000 0.00 0.00 1.00 0
9.2702 -1.5913 0.0000 0.00 0.00 1.00 0
9.2744 -1.5917 0.0000 0.00 0.00 1.00 0
9.2794 -1.5901 0.0000 0.00 0.00 1.00 0
9.2819 -1.5906 0.0000 0.00 0.00 1.00 0
9.2848 -1.5904 0.0000 0.00 0.00 1.00 0
9.2894 -1.5901 0.0000 0.00 0.00 1.00 0
9.2961 -1.5893 0.0000 0.00 0.00 1.00 0
9.3090 -1.5871 0.0000 0.00 0.00 1.00 0
9.3196 -1.5877 0.0000 0.00 0.00 1.00 0
9.3287 -1.5868 0.0000 0.00 0.00 1.00 0
9.3385 -1.5864 0.0000 0.00 0.00 1.00 0
9.3498 -1.5854 0.0000 0.00 0.00 1.00 0
9.3589 -1.5856 0.0000 0.00 0.00 1.00 0
9.3781 -1.5833 0.0000 0.00 0.00 1.00 0
9.3875 -1.5834 0.0000 0.00 0.00 1.00 0
9.3962 -1.5834 0.0000 0.00 0.00 1.00 0
9.4012 -1.5810 0.0000 0.00 0.00 1.00 0
9.4043 -1.5801 0.0000 0.00 0.00 1.00 0
9.4092 -1.5789 0.0000 0.00 0.00 1.00 0
9.4121 -1.5786 0.0000 0.00 0.00 1.00 0
9.4170 -1.5786 0.0000 0.00 0.00 1.00 0
9.4248 -1.5777 0.0000 0.00 0.00 1.00 0
9.4310 -1.5761 0.0000 0.00 0.00 1.00 0
9.4468 -1.5742 0.0000 0.00 0.00 1.00 0
9.4569 -1.5741 0.0000 0.00 0.00 1.00 0
9.4661 -1.5737 0.0000 0.00 0.00 1.00 0
9.4748 -1.5720 0.0000 0.00 0.00 1.00 0
9.4822 -1.5699 0.0000 0.00 0.00 1.00 0
9.4893 -1.5688 0.0000 0.00 0.00 1.00 0
9.5061 -1.5674 0.0000 0.00 0.00 1.00 0
9.5115 -1.5658 0.0000 0.00 0.00 1.00 0
9.5145 -1.5666 0.0000 0.00 0.00 1.00 0
9.5171 -1.5680 0.0000 0.00 0.00 1.00 0
9.5185 -1.5707 0.0000 0.00 0.00 1.00 0
9.5182 -1.5706 0.0000 0.00 0.00 1.00 0
9.5220 -1.5688 0.0000 0.00 0.00 1.00 0
9.5332 -1.5680 0.0000 0.00 0.00 1.00 0
9.5394 -1.5651 0.0000 0.00 0.00 1.00 0
9.5489 -1.5619 0.0000 0.00 0.00 1.00 0
9.5581 -1.5619 0.0000 0.00 0.00 1.00 0
9.5669 -1.5644 0.0000 0.00 0.00 1.00 0
9.5777 -1.5651 0.0000 0.00 0.00 1.00 0
9.5957 -1.5623 0.0000 0.00 0.00 1.00 0
9.6014 -1.5605 0.0000 0.00 0.00 1.00 0
9.6041 -1.5599 0.0000 0.00 0.00 1.00 0
9.6043 -1.5604 0.0000 0.00 0.00 1.00 0
9.6045 -1.5601 0.0000 0.00 0.00 1.00 0
9.6065 -1.5603 0.0000 0.00 0.00 1.00 0
9.6130 -1.5580 0.0000 0.00 0.00 1.00 0
9.6159 -1.5565 0.0000 0.00 0.00 1.00 0
9.6173 -1.5561 0.0000 0.00 0.00 1.00 0
9.6266 -1.5553 0.0000 0.00 0.00 1.00 0
9.6366 -1.5516 0.0000 0.00 0.00 1.00 0
9.6474 -1.5474 0.0000 0.00 0.00 1.00 0
9.6572 -1.5468 0.0000 0.00 0.00 1.00 0
9.6758 -1.5420 0.0000 0.00 0.00 1.00 0
9.6884 -1.5387 0.0000 0.00 0.00 1.00 0
9.7001 -1.5348 0.0000 0.00 0.00 1.00 0
9.7075 -1.5335 0.0000 0.00 0.00 1.00 0
9.7159 -1.5299 0.0000 0.00 0.00 1.00 0
9.7201 -1.5275 0.0000 0.00 0.00 1.00 0
9.7263 -1.5258 0.0000 0.00 0.00 1.00 0
9.7259 -1.5259 0.0000 0.00 0.00 1.00 0
9.7289 -1.5249 0.0000 0.00 0.00 1.00 0
9.7339 -1.5228 0.0000 0.00 0.00 1.00 0
9.7372 -1.5217 0.0000 0.00 0.00 1.00 0
9.7505 -1.5197 0.0000 0.00 0.00 1.00 0
9.7598 -1.5192 0.0000 0.00 0.00 1.00 0
9.7678 -1.5190 0.0000 0.00 0.00 1.00 0
9.7780 -1.5143 0.0000 0.00 0.00 1.00 0
9.7894 -1.5104 0.0000 0.00 0.00 1.00 0
9.8096 -1.5046 0.0000 0.00 0.00 1.00 0
9.8216 -1.5020 0.0000 0.00 0.00 1.00 0
9.8316 -1.4979 0.0000 0.00 0.00 1.00 0
9.8374 -1.4942 0.0000 0.00 0.00 1.00 0
9.8486 -1.4913 0.0000 0.00 0.00 1.00 0
9.8536 -1.4906 0.0000 0.00 0.00 1.00 0
9.8559 -1.4899 0.0000 0.00 0.00 1.00 0
9.8612 -1.4879 0.0000 0.00 0.00 1.00 0
9.8644 -1.4846 0.0000 0.00 0.00 1.00 0
9.8788 -1.4820 0.0000 0.00 0.00 1.00 0
9.8867 -1.4798 0.0000 0.00 0.00 1.00 0
9.8947 -1.4759 0.0000 0.00 0.00 1.00 0
9.9076 -1.4738 0.0000 0.00 0.00 1.00 0
9.9142 -1.4703 0.0000 0.00 0.00 1.00 0
9.9236 -1.4671 0.0000 0.00 0.00 1.00 0
9.9309 -1.4654 0.0000 0.00 0.00 1.00 0
9.9461 -1.4635 0.0000 0.00 0.00 1.00 0
9.9575 -1.4606 0.0000 0.00 0.00 1.00 0
9.9680 -1.4589 0.0000 0.00 0.00 1.00 0
9.9737 -1.4559 0.0000 0.00 0.00 1.00 0
9.9791 -1.4544 0.0000 0.00 0.00 1.00 0
9.9807 -1.4547 0.0000 0.00 0.00 1.00 0
9.9848 -1.4544 0.0000 0.00 0.00 1.00 0
9.9889 -1.4507 0.0000 0.00 0.00 1.00 0
9.9920 -1.4496 0.0000 0.00 0.00 1.00 0
9.9952 -1.4476 0.0000 0.00 0.00 1.00 0
9.9984 -1.4462 0.0000 0.00 0.00 1.00 0
10.0050 -1.4423 0.0000 0.00 0.00 1.00 0
10.0119 -1.4390 0.0000 0.00 0.00 1.00 0
10.0187 -1.4369 0.0000 0.00 0.00 1.00 0
10.0313 -1.4316 0.0000 0.00 0.00 1.00 0
10.0429 -1.4270 0.0000 0.00 0.00 1.00 0
10.0532 -1.4208 0.0000 0.00 0.00 1.00 0
10.0649 -1.4172 0.0000 0.00 0.00 1.00 0
10.0749 -1.4128 0.0000 0.00 0.00 1.00 0
10.0842 -1.4097 0.0000 0.00 0.00 1.00 0
10.0923 -1.4087 0.0000 0.00 0.00 1.00 0
10.0993 -1.4063 0.0000 0.00 0.00 1.00 0
10.1029 -1.4046 0.0000 0.00 0.00 1.00 0
10.1056 -1.4042 0.0000 0.00 0.00 1.00 0
10.1090 -1.4003 0.0000 0.00 0.00 1.00 0
10.1136 -1.3981 0.0000 0.00 0.00 1.00 0
10.1178 -1.3950 0.0000 0.00 0.00 1.00 0
10.1259 -1.3949 0.0000 0.00 0.00 1.00 0
10.1348 -1.3902 0.0000 0.00 0.00 1.00 0
10.1424 -1.3850 0.0000 0.00 0.00 1.00 0
10.1541 -1.3803 0.0000 0.00 0.00 1.00 0
10.1644 -1.3762 0.0000 0.00 0.00 1.00 0
10.1723 -1.3715 0.0000 0.00 0.00 1.00 0
10.1802 -1.3676 0.0000 0.00 0.00 1.00 0
10.1890 -1.3629 0.0000 0.00 0.00 1.00 0
10.1987 -1.3595 0.0000 0.00 0.00 1.00 0
10.2043 -1.3549 0.0000 0.00 0.00 1.00 0
10.2076 -1.3529 0.0000 0.00 0.00 1.00 0
10.2103 -1.3513 0.0000 0.00 0.00 1.00 0
10.2127 -1.3500 0.0000 0.00 0.00 1.00 0
10.2152 -1.3497 0.0000 0.00 0.00 1.00 0
10.2202 -1.3473 0.0000 0.00 0.00 1.00 0
10.2226 -1.3448 0.0000 0.00 0.00 1.00 0
10.2282 -1.3400 0.0000 0.00 0.00 1.00 0
10.2361 -1.3370 0.0000 0.00 0.00 1.00 0
10.2425 -1.3320 0.0000 0.00 0.00 1.00 0
10.2520 -1.3280 0.0000 0.00 0.00 1.00 0
10.2620 -1.3254 0.0000 0.00 0.00 1.00 0
10.2717 -1.3198 0.0000 0.00 0.00 1.00 0
10.2793 -1.3125 0.0000 0.00 0.00 1.00 0
10.2907 -1.3077 0.0000 0.00 0.00 1.00 0
10.3010 -1.3040 0.0000 0.00 0.00 1.00 0
10.3085 -1.2979 0.0000 0.00 0.00 1.00 0
10.3143 -1.2946 0.0000 0.00 0.00 1.00 0
10.3197 -1.2916 0.0000 0.00 0.00 1.00 0
10.3233 -1.2891 0.0000 0.00 0.00 1.00 0
10.3274 -1.2859 0.0000 0.00 0.00 1.00 0
10.3311 -1.2828 0.0000 0.00 0.00 1.00 0
10.3356 -1.2796 0.0000 0.00 0.00 1.00 0
10.3406 -1.2759 0.0000 0.00 0.00 1.00 0
10.3481 -1.2701 0.0000 0.00 0.00 1.00 0
10.3562 -1.2644 0.0000 0.00 0.00 1.00 0
10.3666 -1.2599 0.0000 0.00 0.00 1.00 0
10.3789 -1.2549 0.0000 0.00 0.00 1.00 0
10.3914 -1.2487 0.0000 0.00 0.00 1.00 0
10.4028 -1.2437 0.0000 0.00 0.00 1.00 0
10.4142 -1.2390 0.0000 0.00 0.00 1.00 0
10.4226 -1.2337 0.0000 0.00 0.00 1.00 0
10.4259 -1.2303 0.0000 0.00 0.00 1.00 0
10.4288 -1.2274 0.0000 0.00 0.00 1.00 0
10.4323 -1.2248 0.0000 0.00 0.00 1.00 0
10.4371 -1.2230 0.0000 0.00 0.00 1.00 0
10.4385 -1.2184 0.0000 0.00 0.00 1.00 0
10.4420 -1.2154 0.0000 0.00 0.00 1.00 0
10.4495 -1.2113 0.0000 0.00 0.00 1.00 0
10.4567 -1.2060 0.0000 0.00 0.00 1.00 0
10.4642 -1.2003 0.0000 0.00 0.00 1.00 0
10.4752 -1.1938 0.0000 0.00 0.00 1.00 0
10.4866 -1.1864 0.0000 0.00 0.00 1.00 0
10.4969 -1.1803 0.0000 0.00 0.00 1.00 0
10.5111 -1.1735 0.0000 0.00 0.00 1.00 0
10.5200 -1.1651 0.0000 0.00 0.00 1.00 0
10.5298 -1.1597 0.0000 0.00 0.00 1.00 0
10.5382 -1.1555 0.0000 0.00 0.00 1.00 0
10.5410 -1.1507 0.0000 0.00 0.00 1.00 0
10.5447 -1.1471 0.0000 0.00 0.00 1.00 0
10.5474 -1.1458 0.0000 0.00 0.00 1.00 0
10.5473 -1.1442 0.0000 0.00 0.00 1.00 0
10.5468 -1.1437 0.0000 0.00 0.00 1.00 0
10.5491 -1.1396 0.0000 0.00 0.00 1.00 0
10.5555 -1.1362 0.0000 0.00 0.00 1.00 0
10.5606 -1.1313 0.0000 0.00 0.00 1.00 0
10.5691 -1.1260 0.0000 0.00 0.00 1.00 0
10.5782 -1.1192 0.0000 0.00 0.00 1.00 0
10.5874 -1.1120 0.0000 0.00 0.00 1.00 0
10.5968 -1.1055 0.0000 0.00 0.00 1.00 0
10.6096 -1.0981 0.0000 0.00 0.00 1.00 0
10.6181 -1.0907 0.0000 0.00 0.00 1.00 0
10.6269 -1.0856 0.0000 0.00 0.00 1.00 0
10.6327 -1.0784 0.0000 0.00 0.00 1.00 0
10.6380 -1.0740 0.0000 0.00 0.00 1.00 0
10.6429 -1.0722 0.0000 0.00 0.00 1.00 0
10.6468 -1.0707 0.0000 0.00 0.00 1.00 0
10.6498 -1.0683 0.0000 0.00 0.00 1.00 0
10.6538 -1.0644 0.0000 0.00 0.00 1.00 0
10.6574 -1.0606 0.0000 0.00 0.00 1.00 0
10.6617 -1.0562 0.0000 0.00 0.00 1.00 0
10.6659 -1.0507 0.0000 0.00 0.00 1.00 0
10.6740 -1.0446 0.0000 0.00 0.00 1.00 0
10.6863 -1.0383 0.0000 0.00 0.00 1.00 0
10.6922 -1.0313 0.0000 0.00 0.00 1.00 0
10.7057 -1.0257 0.0000 0.00 0.00 1.00 0
10.7144 -1.0193 0.0000 0.00 0.00 1.00 0
10.7195 -1.0148 0.0000 0.00 0.00 1.00 0
10.7231 -1.0120 0.0000 0.00 0.00 1.00 0
10.7274 -1.0076 0.0000 0.00 0.00 1.00 0
10.7310 -1.0074 0.0000 0.00 0.00 1.00 0
10.7332 -1.0059 0.0000 0.00 0.00 1.00 0
10.7353 -1.0032 0.0000 0.00 0.00 1.00 0
10.7391 -1.0003 0.0000 0.00 0.00 1.00 0
10.7440 -0.9967 0.0000 0.00 0.00 1.00 0
10.7502 -0.9921 0.0000 0.00 0.00 1.00 0
10.7560 -0.9849 0.0000 0.00 0.00 1.00 0
10.7654 -0.9785 0.0000 0.00 0.00 1.00 0
10.7753 -0.9706 0.0000 0.00 0.00 1.00 0
10.7855 -0.9615 0.0000 0.00 0.00 1.00 0
10.7942 -0.9537 0.0000 0.00 0.00 1.00 0
10.8050 -0.9453 0.0000 0.00 0.00 1.00 0
10.8139 -0.9364 0.0000 0.00 0.00 1.00 0
10.8243 -0.9293 0.0000 0.00 0.00 1.00 0
10.8298 -0.9246 0.0000 0.00 0.00 1.00 0
10.8341 -0.9202 0.0000 0.00 0.00 1.00 0
10.8365 -0.9175 0.0000 0.00 0.00 1.00 0
10.8383 -0.9152 0.0000 0.00 0.00 1.00 0
10.8399 -0.9135 0.0000 0.00 0.00 1.00 0
10.8410 -0.9117 0.0000 0.00 0.00 1.00 0
10.8433 -0.9087 0.0000 0.00 0.00 1.00 0
10.8475 -0.9043 0.0000 0.00 0.00 1.00 0
10.8534 -0.8992 0.0000 0.00 0.00 1.00 0
10.8586 -0.8935 0.0000 0.00 0.00 1.00 0
10.8663 -0.8854 0.0000 0.00 0.00 1.00 0
10.8740 -0.8754 0.0000 0.00 0.00 1.00 0
10.8793 -0.8681 0.0000 0.00 0.00 1.00 0
10.8865 -0.8582 0.0000 0.00 0.00 1.00 0
10.8901 -0.8512 0.0000 0.00 0.00 1.00 0
10.8948 -0.8439 0.0000 0.00 0.00 1.00 0
10.8976 -0.8417 0.0000 0.00 0.00 1.00 0
10.8986 -0.8409 0.0000 0.00 0.00 1.00 0
10.9002 -0.8396 0.0000 0.00 0.00 1.00 0
10.9007 -0.8394 0.0000 0.00 0.00 1.00 0
10.9051 -0.8376 0.0000 0.00 0.00 1.00 0
10.9090 -0.8336 0.0000 0.00 0.00 1.00 0
10.9149 -0.8278 0.0000 0.00 0.00 1.00 0
10.9239 -0.8211 0.0000 0.00 0.00 1.00 0
10.9301 -0.8124 0.0000 0.00 0.00 1.00 0
10.9403 -0.8004 0.0000 0.00 0.00 1.00 0
10.9475 -0.7901 0.0000 0.00 0.00 1.00 0
10.9577 -0.7797 0.0000 0.00 0.00 1.00 0
10.9660 -0.7703 0.0000 0.00 0.00 1.00 0
10.9759 -0.7592 0.0000 0.00 0.00 1.00 0
10.9834 -0.7498 0.0000 0.00 0.00 1.00 0
10.9897 -0.7401 0.0000 0.00 0.00 1.00 0
10.9932 -0.7324 0.0000 0.00 0.00 1.00 0
10.9944 -0.7300 0.0000 0.00 0.00 1.00 0
10.9956 -0.7287 0.0000 0.00 0.00 1.00 0
10.9961 -0.7275 0.0000 0.00 0.00 1.00 0
10.9969 -0.7265 0.0000 0.00 0.00 1.00 0
10.9999 -0.7219 0.0000 0.00 0.00 1.00 0
11.0015 -0.7186 0.0000 0.00 0.00 1.00 0
11.0028 -0.7165 0.0000 0.00 0.00 1.00 0
11.0095 -0.7105 0.0000 0.00 0.00 1.00 0
11.0180 -0.7002 0.0000 0.00 0.00 1.00 0
11.0222 -0.6907 0.0000 0.00 0.00 1.00 0
11.0306 -0.6799 0.0000 0.00 0.00 1.00 0
11.0400 -0.6698 0.0000 0.00 0.00 1.00 0
11.0468 -0.6598 0.0000 0.00 0.00 1.00 0
11.0557 -0.6501 0.0000 0.00 0.00 1.00 0
11.0634 -0.6398 0.0000 0.00 0.00 1.00 0
11.0671 -0.6335 0.0000 0.00 0.00 1.00 0
11.0710 -0.6283 0.0000 0.00 0.00 1.00 0
11.0737 -0.6264 0.0000 0.00 0.00 1.00 0
11.0745 -0.6246 0.0000 0.00 0.00 1.00 0
11.0750 -0.6236 0.0000 0.00 0.00 1.00 0
11.0786 -0.6192 0.0000 0.00 0.00 1.00 0
11.0810 -0.6148 0.0000 0.00 0.00 1.00 0
11.0875 -0.6090 0.0000 0.00 0.00 1.00 0
11.0925 -0.6000 0.0000 0.00 0.00 1.00 0
11.0972 -0.5906 0.0000 0.00 0.00 1.00 0
11.1017 -0.5800 0.0000 0.00 0.00 1.00 0
11.1094 -0.5695 0.0000 0.00 0.00 1.00 0
11.1207 -0.5583 0.0000 0.00 0.00 1.00 0
11.1258 -0.5502 0.0000 0.00 0.00 1.00 0
11.1301 -0.5439 0.0000 0.00 0.00 1.00 0
11.1319 -0.5415 0.0000 0.00 0.00 1.00 0
11.1323 -0.5390 0.0000 0.00 0.00 1.00 0
11.1340 -0.5371 0.0000 0.00 0.00 1.00 0
11.1367 -0.5330 0.0000 0.00 0.00 1.00 0
11.1382 -0.5296 0.0000 0.00 0.00 1.00 0
11.1417 -0.5239 0.0000 0.00 0.00 1.00 0
11.1445 -0.5165 0.0000 0.00 0.00 1.00 0
11.1479 -0.5088 0.0000 0.00 0.00 1.00 0
11.1533 -0.4997 0.0000 0.00 0.00 1.00 0
11.1610 -0.4889 0.0000 0.00 0.00 1.00 0
11.1715 -0.4779 0.0000 0.00 0.00 1.00 0
11.1784 -0.4677 0.0000 0.00 0.00 1.00 0
11.1813 -0.4597 0.0000 0.00 0.00 1.00 0
11.1845 -0.4532 0.0000 0.00 0.00 1.00 0
11.1860 -0.4488 0.0000 0.00 0.00 1.00 0
11.1905 -0.4461 0.0000 0.00 0.00 1.00 0
11.1906 -0.4430 0.0000 0.00 0.00 1.00 0
11.1919 -0.4389 0.0000 0.00 0.00 1.00 0
11.1941 -0.4332 0.0000 0.00 0.00 1.00 0
11.1965 -0.4291 0.0000 0.00 0.00 1.00 0
11.1987 -0.4240 0.0000 0.00 0.00 1.00 0
11.2038 -0.4146 0.0000 0.00 0.00 1.00 0
11.2081 -0.4045 0.0000 0.00 0.00 1.00 0
11.2120 -0.3937 0.0000 0.00 0.00 1.00 0
11.2179 -0.3826 0.0000 0.00 0.00 1.00 0
11.2254 -0.3706 0.0000 0.00 0.00 1.00 0
11.2314 -0.3607 0.0000 0.00 0.00 1.00 0
11.2351 -0.3507 0.0000 0.00 0.00 1.00 0
11.2410 -0.3394 0.0000 0.00 0.00 1.00 0
11.2425 -0.3322 0.0000 0.00 0.00 1.00 0
11.2435 -0.3271 0.0000 0.00 0.00 1.00 0
11.2457 -0.3244 0.0000 0.00 0.00 1.00 0
11.2472 -0.3216 0.0000 0.00 0.00 1.00 0
11.2491 -0.3200 0.0000 0.00 0.00 1.00 0
11.2497 -0.3175 0.0000 0.00 0.00 1.00 0
11.2518 -0.3139 0.0000 0.00 0.00 1.00 0
11.2549 -0.3088 0.0000 0.00 0.00 1.00 0
11.2599 -0.3021 0.0000 0.00 0.00 1.00 0
11.2641 -0.2925 0.0000 0.00 0.00 1.00 0
11.2675 -0.2823 0.0000 0.00 0.00 1.00 0
11.2707 -0.2703 0.0000 0.00 0.00 1.00 0
11.2779 -0.2587 0.0000 0.00 0.00 1.00 0
11.2823 -0.2461 0.0000 0.00 0.00 1.00 0
11.2880 -0.2362 0.0000 0.00 0.00 1.00 0
11.2935 -0.2241 0.0000 0.00 0.00 1.00 0
11.2984 -0.2138 0.0000 0.00 0.00 1.00 0
11.3031 -0.2039 0.0000 0.00 0.00 1.00 0
11.3063 -0.1965 0.0000 0.00 0.00 1.00 0
11.3090 -0.1908 0.0000 0.00 0.00 1.00 0
11.3114 -0.1858 0.0000 0.00 0.00 1.00 0
11.3130 -0.1833 0.0000 0.00 0.00 1.00 0
11.3144 -0.1816 0.0000 0.00 0.00 1.00 0
11.3153 -0.1794 0.0000 0.00 0.00 1.00 0
11.3160 -0.1776 0.0000 0.00 0.00 1.00 0
11.3182 -0.1707 0.0000 0.00 0.00 1.00 0
11.3218 -0.1634 0.0000 0.00 0.00 1.00 0
11.3236 -0.1590 0.0000 0.00 0.00 1.00 0
11.3279 -0.1487 0.0000 0.00 0.00 1.00 0
11.3348 -0.1365 0.0000 0.00 0.00 1.00 0
11.3369 -0.1238 0.0000 0.00 0.00 1.00 0
11.3396 -0.1097 0.0000 0.00 0.00 1.00 0
11.3460 -0.0962 0.0000 0.00 0.00 1.00 0
11.3513 -0.0849 0.0000 0.00 0.00 1.00 0
11.3568 -0.0731 0.0000 0.00 0.00 1.00 0
11.3612 -0.0656 0.0000 0.00 0.00 1.00 0
11.3650 -0.0569 0.0000 0.00 0.00 1.00 0
11.3662 -0.0532 0.0000 0.00 0.00 1.00 0
11.3669 -0.0504 0.0000 0.00 0.00 1.00 0
11.3687 -0.0477 0.0000 0.00 0.00 1.00 0
11.3698 -0.0459 0.0000 0.00 0.00 1.00 0
11.3708 -0.0439 0.0000 0.00 0.00 1.00 0
11.3738 -0.0411 0.0000 0.00 0.00 1.00 0
11.3753 -0.0333 0.0000 0.00 0.00 1.00 0
11.3783 -0.0225 0.0000 0.00 0.00 1.00 0
11.3806 -0.0116 0.0000 0.00 0.00 1.00 0
11.3843 -0.0002 0.0000 0.00 0.00 1.00 0
11.3875 0.0142 0.0000 0.00 0.00 1.00 0
11.3927 0.0270 0.0000 0.00 0.00 1.00 0
11.3960 0.0388 0.0000 0.00 0.00 1.00 0
11.3981 0.0514 0.0000 0.00 0.00 1.00 0
11.4003 0.0607 0.0000 0.00 0.00 1.00 0
11.4028 0.0720 0.0000 0.00 0.00 1.00 0
11.4042 0.0768 0.0000 0.00 0.00 1.00 0
11.4055 0.0824 0.0000 0.00 0.00 1.00 0
11.4085 0.0868 0.0000 0.00 0.00 1.00 0
11.4098 0.0905 0.0000 0.00 0.00 1.00 0
11.4124 0.0958 0.0000 0.00 0.00 1.00 0
11.4159 0.1018 0.0000 0.00 0.00 1.00 0
11.4158 0.1094 0.0000 0.00 0.00 1.00 0
11.4197 0.1191 0.0000 0.00 0.00 1.00 0
11.4223 0.1284 0.0000 0.00 0.00 1.00 0
11.4257 0.1405 0.0000 0.00 0.00 1.00 0
11.4294 0.1512 0.0000 0.00 0.00 1.00 0
11.4304 0.1645 0.0000 0.00 0.00 1.00 0
11.4347 0.1780 0.0000 0.00 0.00 1.00 0
11.4377 0.1889 0.0000 0.00 0.00 1.00 0
11.4400 0.1978 0.0000 0.00 0.00 1.00 0
11.4426 0.2087 0.0000 0.00 0.00 1.00 0
11.4455 0.2186 0.0000 0.00 0.00 1.00 0
11.4486 0.2296 0.0000 0.00 0.00 1.00 0
11.4514 0.2403 0.0000 0.00 0.00 1.00 0
11.4506 0.2448 0.0000 0.00 0.00 1.00 0
11.4510 0.2496 0.0000 0.00 0.00 1.00 0
11.4517 0.2548 0.0000 0.00 0.00 1.00 0
11.4515 0.2590 0.0000 0.00 0.00 1.00 0
11.4504 0.2637 0.0000 0.00 0.00 1.00 0
11.4515 0.2690 0.0000 0.00 0.00 1.00 0
11.4530 0.2763 0.0000 0.00 0.00 1.00 0
11.4554 0.2873 0.0000 0.00 0.00 1.00 0
11.4568 0.2947 0.0000 0.00 0.00 1.00 0
11.4580 0.3072 0.0000 0.00 0.00 1.00 0
11.4609 0.3174 0.0000 0.00 0.00 1.00 0
11.4629 0.3277 0.0000 0.00 0.00 1.00 0
11.4646 0.3408 0.0000 0.00 0.00 1.00 0
11.4665 0.3552 0.0000 0.00 0.00 1.00 0
11.4697 0.3644 0.0000 0.00 0.00 1.00 0
11.4714 0.3714 0.0000 0.00 0.00 1.00 0
11.4728 0.3763 0.0000 0.00 0.00 1.00 0
11.4738 0.3790 0.0000 0.00 0.00 1.00 0
11.4756 0.3825 0.0000 0.00 0.00 1.00 0
11.4771 0.3862 0.0000 0.00 0.00 1.00 0
11.4781 0.3893 0.0000 0.00 0.00 1.00 0
11.4793 0.3973 0.0000 0.00 0.00 1.00 0
11.4781 0.4053 0.0000 0.00 0.00 1.00 0
11.4783 0.4175 0.0000 0.00 0.00 1.00 0
11.4780 0.4282 0.0000 0.00 0.00 1.00 0
11.4788 0.4372 0.0000 0.00 0.00 1.00 0
11.4801 0.4495 0.0000 0.00 0.00 1.00 0
11.4825 0.4613 0.0000 0.00 0.00 1.00 0
11.4831 0.4728 0.0000 0.00 0.00 1.00 0
11.4840 0.4823 0.0000 0.00 0.00 1.00 0
11.4857 0.4906 0.0000 0.00 0.00 1.00 0
11.4861 0.4966 0.0000 0.00 0.00 1.00 0
11.4873 0.5002 0.0000 0.00 0.00 1.00 0
11.4876 0.5010 0.0000 0.00 0.00 1.00 0
11.4877 0.5011 0.0000 0.00 0.00 1.00 0
11.4882 0.5014 0.0000 0.00 0.00 1.00 0
11.4882 0.5016 0.0000 0.00 0.00 1.00 0
11.4888 0.5033 0.0000 0.00 0.00 1.00 0
11.4902 0.5062 0.0000 0.00 0.00 1.00 0
11.4904 0.5088 0.0000 0.00 0.00 1.00 0
11.4905 0.5125 0.0000 0.00 0.00 1.00 0
11.4902 0.5173 0.0000 0.00 0.00 1.00 0
11.4909 0.5223 0.0000 0.00 0.00 1.00 0
11.4911 0.5272 0.0000 0.00 0.00 1.00 0
11.4910 0.5334 0.0000 0.00 0.00 1.00 0
11.4914 0.5354 0.0000 0.00 0.00 1.00 0
11.4919 0.5386 0.0000 0.00 0.00 1.00 0
11.4915 0.5408 0.0000 0.00 0.00 1.00 0
11.4934 0.5437 0.0000 0.00 0.00 1.00 0
11.4943 0.5452 0.0000 0.00 0.00 1.00 0
11.4951 0.5486 0.0000 0.00 0.00 1.00 0
11.4952 0.5517 0.0000 0.00 0.00 1.00 0
11.4955 0.5542 0.0000 0.00 0.00 1.00 0
11.4968 0.5578 0.0000 0.00 0.00 1.00 0
11.4992 0.5641 0.0000 0.00 0.00 1.00 0
11.4988 0.5738 0.0000 0.00 0.00 1.00 0
11.5001 0.5822 0.0000 0.00 0.00 1.00 0
11.5011 0.5926 0.0000 0.00 0.00 1.00 0
11.4998 0.6023 0.0000 0.00 0.00 1.00 0
11.4993 0.6122 0.0000 0.00 0.00 1.00 0
11.4973 0.6197 0.0000 0.00 0.00 1.00 0
11.4965 0.6266 0.0000 0.00 0.00 1.00 0
11.4949 0.6337 0.0000 0.00 0.00 1.00 0
11.4968 0.6388 0.0000 0.00 0.00 1.00 0
11.4989 0.6438 0.0000 0.00 0.00 1.00 0
11.4998 0.6543 0.0000 0.00 0.00 1.00 0
11.4993 0.6692 0.0000 0.00 0.00 1.00 0
11.4975 0.6866 0.0000 0.00 0.00 1.00 0
11.4957 0.7056 0.0000 0.00 0.00 1.00 0
11.4933 0.7282 0.0000 0.00 0.00 1.00 0
11.4927 0.7473 0.0000 0.00 0.00 1.00 0
11.4917 0.7630 0.0000 0.00 0.00 1.00 0
11.4898 0.7753 0.0000 0.00 0.00 1.00 0
11.4900 0.7849 0.0000 0.00 0.00 1.00 0
11.4913 0.7896 0.0000 0.00 0.00 1.00 0
11.4924 0.7884 0.0000 0.00 0.00 1.00 0
11.4920 0.7872 0.0000 0.00 0.00 1.00 0
11.4922 0.7863 0.0000 0.00 0.00 1.00 0
11.4920 0.7841 0.0000 0.00 0.00 1.00 0
11.4921 0.7834 0.0000 0.00 0.00 1.00 0
11.4924 0.7859 0.0000 0.00 0.00 1.00 0
11.4933 0.7900 0.0000 0.00 0.00 1.00 0
11.4947 0.7949 0.0000 0.00 0.00 1.00 0
11.4948 0.7972 0.0000 0.00 0.00 1.00 0
11.4948 0.7986 0.0000 0.00 0.00 1.00 0
11.4970 0.8056 0.0000 0.00 0.00 1.00 0
11.4966 0.8148 0.0000 0.00 0.00 1.00 0
11.4953 0.8246 0.0000 0.00 0.00 1.00 0
11.4943 0.8349 0.0000 0.00 0.00 1.00 0
11.4940 0.8478 0.0000 0.00 0.00 1.00 0
11.4931 0.8613 0.0000 0.00 0.00 1.00 0
11.4926 0.8777 0.0000 0.00 0.00 1.00 0
11.4919 0.8913 0.0000 0.00 0.00 1.00 0
11.4902 0.9040 0.0000 0.00 0.00 1.00 0
11.4896 0.9138 0.0000 0.00 0.00 1.00 0
11.4875 0.9220 0.0000 0.00 0.00 1.00 0
11.4857 0.9268 0.0000 0.00 0.00 1.00 0
11.4845 0.9324 0.0000 0.00 0.00 1.00 0
11.4849 0.9374 0.0000 0.00 0.00 1.00 0
11.4848 0.9401 0.0000 0.00 0.00 1.00 0
11.4854 0.9456 0.0000 0.00 0.00 1.00 0
11.4852 0.9525 0.0000 0.00 0.00 1.00 0
11.4828 0.9620 0.0000 0.00 0.00 1.00 0
11.4794 0.9747 0.0000 0.00 0.00 1.00 0
11.4769 0.9878 0.0000 0.00 0.00 1.00 0
11.4739 1.0018 0.0000 0.00 0.00 1.00 0
11.4710 1.0168 0.0000 0.00 0.00 1.00 0
11.4672 1.0314 0.0000 0.00 0.00 1.00 0
11.4640 1.0441 0.0000 0.00 0.00 1.00 0
11.4615 1.0537 0.0000 0.00 0.00 1.00 0
11.4605 1.0617 0.0000 0.00 0.00 1.00 0
11.4587 1.0664 0.0000 0.00 0.00 1.00 0
11.4571 1.0703 0.0000 0.00 0.00 1.00 0
11.4570 1.0744 0.0000 0.00 0.00 1.00 0
11.4553 1.0799 0.0000 0.00 0.00 1.00 0
11.4550 1.0867 0.0000 0.00 0.00 1.00 0
11.4521 1.0950 0.0000 0.00 0.00 1.00 0
11.4499 1.1066 0.0000 0.00 0.00 1.00 0
11.4460 1.1192 0.0000 0.00 0.00 1.00 0
11.4410 1.1342 0.0000 0.00 0.00 1.00 0
11.4335 1.1510 0.0000 0.00 0.00 1.00 0
11.4296 1.1682 0.0000 0.00 0.00 1.00 0
11.4253 1.1824 0.0000 0.00 0.00 1.00 0
11.4187 1.1964 0.0000 0.00 0.00 1.00 0
11.4130 1.2075 0.0000 0.00 0.00 1.00 0
11.4086 1.2180 0.0000 0.00 0.00 1.00 0
11.4067 1.2268 0.0000 0.00 0.00 1.00 0
11.4046 1.2365 0.0000 0.00 0.00 1.00 0
11.3992 1.2421 0.0000 0.00 0.00 1.00 0
11.3975 1.2488 0.0000 0.00 0.00 1.00 0
11.3928 1.2557 0.0000 0.00 0.00 1.00 0
11.3868 1.2646 0.0000 0.00 0.00 1.00 0
11.3809 1.2751 0.0000 0.00 0.00 1.00 0
11.3746 1.2839 0.0000 0.00 0.00 1.00 0
11.3707 1.2940 0.0000 0.00 0.00 1.00 0
11.3657 1.3023 0.0000 0.00 0.00 1.00 0
11.3606 1.3117 0.0000 0.00 0.00 1.00 0
11.3576 1.3196 0.0000 0.00 0.00 1.00 0
11.3551 1.3234 0.0000 0.00 0.00 1.00 0
11.3535 1.3280 0.0000 0.00 0.00 1.00 0
11.3516 1.3309 0.0000 0.00 0.00 1.00 0
11.3509 1.3323 0.0000 0.00 0.00 1.00 0
11.3508 1.3339 0.0000 0.00 0.00 1.00 0
11.3506 1.3361 0.0000 0.00 0.00 1.00 0
11.3493 1.3387 0.0000 0.00 0.00 1.00 0
11.3493 1.3407 0.0000 0.00 0.00 1.00 0
11.3470 1.3435 0.0000 0.00 0.00 1.00 0
11.3455 1.3485 0.0000 0.00 0.00 1.00 0
11.3431 1.3535 0.0000 0.00 0.00 1.00 0
11.3404 1.3582 0.0000 0.00 0.00 1.00 0
11.3363 1.3636 0.0000 0.00 0.00 1.00 0
11.3321 1.3675 0.0000 0.00 0.00 1.00 0
11.3286 1.3723 0.0000 0.00 0.00 1.00 0
11.3258 1.3788 0.0000 0.00 0.00 1.00 0
11.3213 1.3840 0.0000 0.00 0.00 1.00 0
11.3187 1.3869 0.0000 0.00 0.00 1.00 0
11.3169 1.3896 0.0000 0.00 0.00 1.00 0
11.3148 1.3915 0.0000 0.00 0.00 1.00 0
11.3140 1.3928 0.0000 0.00 0.00 1.00 0
11.3122 1.3933 0.0000 0.00 0.00 1.00 0
11.3126 1.3947 0.0000 0.00 0.00 1.00 0
11.3117 1.3953 0.0000 0.00 0.00 1.00 0
11.3111 1.3968 0.0000 0.00 0.00 1.00 0
11.3091 1.4002 0.0000 0.00 0.00 1.00 0
11.3064 1.4027 0.0000 0.00 0.00 1.00 0
11.3047 1.4036 0.0000 0.00 0.00 1.00 0
11.3008 1.4077 0.0000 0.00 0.00 1.00 0
11.2974 1.4129 0.0000 0.00 0.00 1.00 0
11.2942 1.4177 0.0000 0.00 0.00 1.00 0
11.2880 1.4263 0.0000 0.00 0.00 1.00 0
11.2854 1.4317 0.0000 0.00 0.00 1.00 0
11.2831 1.4356 0.0000 0.00 0.00 1.00 0
11.2816 1.4386 0.0000 0.00 0.00 1.00 0
11.2805 1.4404 0.0000 0.00 0.00 1.00 0
11.2806 1.4423 0.0000 0.00 0.00 1.00 0
11.2803 1.4424 0.0000 0.00 0.00 1.00 0
11.2779 1.4442 0.0000 0.00 0.00 1.00 0
11.2764 1.4453 0.0000 0.00 0.00 1.00 0
11.2745 1.4476 0.0000 0.00 0.00 1.00 0
11.2728 1.4516 0.0000 0.00 0.00 1.00 0
11.2694 1.4547 0.0000 0.00 0.00 1.00 0
11.2657 1.4576 0.0000 0.00 0.00 1.00 0
11.2618 1.4610 0.0000 0.00 0.00 1.00 0
11.2576 1.4652 0.0000 0.00 0.00 1.00 0
11.2544 1.4718 0.0000 0.00 0.00 1.00 0
11.2517 1.4748 0.0000 0.00 0.00 1.00 0
11.2485 1.4783 0.0000 0.00 0.00 1.00 0
11.2473 1.4818 0.0000 0.00 0.00 1.00 0
11.2452 1.4844 0.0000 0.00 0.00 1.00 0
11.2443 1.4836 0.0000 0.00 0.00 1.00 0
11.2433 1.4848 0.0000 0.00 0.00 1.00 0
11.2420 1.4865 0.0000 0.00 0.00 1.00 0
11.2390 1.4877 0.0000 0.00 0.00 1.00 0
11.2371 1.4894 0.0000 0.00 0.00 1.00 0
11.2358 1.4936 0.0000 0.00 0.00 1.00 0
11.2328 1.4994 0.0000 0.00 0.00 1.00 0
11.2292 1.5029 0.0000 0.00 0.00 1.00 0
11.2252 1.5070 0.0000 0.00 0.00 1.00 0
11.2209 1.5128 0.0000 0.00 0.00 1.00 0
11.2164 1.5175 0.0000 0.00 0.00 1.00 0
11.2145 1.5226 0.0000 0.00 0.00 1.00 0
11.2109 1.5253 0.0000 0.00 0.00 1.00 0
11.2092 1.5277 0.0000 0.00 0.00 1.00 0
11.2079 1.5278 0.0000 0.00 0.00 1.00 0
11.2069 1.5293 0.0000 0.00 0.00 1.00 0
11.2054 1.5298 0.0000 0.00 0.00 1.00 0
11.2039 1.5327 0.0000 0.00 0.00 1.00 0
11.2025 1.5342 0.0000 0.00 0.00 1.00 0
11.2008 1.5374 0.0000 0.00 0.00 1.00 0
11.1991 1.5407 0.0000 0.00 0.00 1.00 0
11.1924 1.5466 0.0000 0.00 0.00 1.00 0
11.1877 1.5513 0.0000 0.00 0.00 1.00 0
11.1821 1.5581 0.0000 0.00 0.00 1.00 0
11.1781 1.5655 0.0000 0.00 0.00 1.00 0
11.1740 1.5683 0.0000 0.00 0.00 1.00 0
11.1706 1.5703 0.0000 0.00 0.00 1.00 0
11.1691 1.5714 0.0000 0.00 0.00 1.00 0
11.1676 1.5726 0.0000 0.00 0.00 1.00 0
11.1674 1.5724 0.0000 0.00 0.00 1.00 0
11.1668 1.5723 0.0000 0.00 0.00 1.00 0
11.1656 1.5740 0.0000 0.00 0.00 1.00 0
11.1630 1.5760 0.0000 0.00 0.00 1.00 0
11.1604 1.5785 0.0000 0.00 0.00 1.00 0
11.1573 1.5835 0.0000 0.00 0.00 1.00 0
11.1520 1.5873 0.0000 0.00 0.00 1.00 0
11.1482 1.5931 0.0000 0.00 0.00 1.00 0
11.1422 1.5978 0.0000 0.00 0.00 1.00 0
11.1378 1.6037 0.0000 0.00 0.00 1.00 0
11.1323 1.6090 0.0000 0.00 0.00 1.00 0
11.1285 1.6127 0.0000 0.00 0.00 1.00 0
11.1253 1.6159 0.0000 0.00 0.00 1.00 0
11.1217 1.6185 0.0000 0.00 0.00 1.00 0
11.1205 1.6186 0.0000 0.00 0.00 1.00 0
11.1195 1.6193 0.0000 0.00 0.00 1.00 0
11.1180 1.6211 0.0000 0.00 0.00 1.00 0
11.1155 1.6224 0.0000 0.00 0.00 1.00 0
11.1118 1.6248 0.0000 0.00 0.00 1.00 0
11.1081 1.6291 0.0000 0.00 0.00 1.00 0
11.1049 1.6322 0.0000 0.00 0.00 1.00 0
11.1003 1.6378 0.0000 0.00 0.00 1.00 0
11.0963 1.6412 0.0000 0.00 0.00 1.00 0
11.0909 1.6454 0.0000 0.00 0.00 1.00 0
11.0815 1.6532 0.0000 0.00 0.00 1.00 0
11.0788 1.6554 0.0000 0.00 0.00 1.00 0
11.0766 1.6579 0.0000 0.00 0.00 1.00 0
11.0765 1.6588 0.0000 0.00 0.00 1.00 0
11.0756 1.6602 0.0000 0.00 0.00 1.00 0
11.0727 1.6616 0.0000 0.00 0.00 1.00 0
11.0693 1.6637 0.0000 0.00 0.00 1.00 0
11.0651 1.6664 0.0000 0.00 0.00 1.00 0
11.0599 1.6702 0.0000 0.00 0.00 1.00 0
11.0550 1.6750 0.0000 0.00 0.00 1.00 0
11.0486 1.6805 0.0000 0.00 0.00 1.00 0
11.0428 1.6863 0.0000 0.00 0.00 1.00 0
11.0376 1.6895 0.0000 0.00 0.00 1.00 0
11.0333 1.6928 0.0000 0.00 0.00 1.00 0
11.0306 1.6947 0.0000 0.00 0.00 1.00 0
11.0283 1.6962 0.0000 0.00 0.00 1.00 0
11.0258 1.6973 0.0000 0.00 0.00 1.00 0
11.0230 1.7006 0.0000 0.00 0.00 1.00 0
11.0132 1.7062 0.0000 0.00 0.00 1.00 0
11.0069 1.7094 0.0000 0.00 0.00 1.00 0
10.9991 1.7138 0.0000 0.00 0.00 1.00 0
10.9925 1.7201 0.0000 0.00 0.00 1.00 0
10.9849 1.7251 0.0000 0.00 0.00 1.00 0
10.9773 1.7307 0.0000 0.00 0.00 1.00 0
10.9693 1.7358 0.0000 0.00 0.00 1.00 0
10.9634 1.7393 0.0000 0.00 0.00 1.00 0
10.9601 1.7414 0.0000 0.00 0.00 1.00 0
10.9578 1.7432 0.0000 0.00 0.00 1.00 0
10.9546 1.7441 0.0000 0.00 0.00 1.00 0
10.9523 1.7459 0.0000 0.00 0.00 1.00 0
10.9481 1.7474 0.0000 0.00 0.00 1.00 0
10.9447 1.7496 0.0000 0.00 0.00 1.00 0
10.9326 1.7551 0.0000 0.00 0.00 1.00 0
10.9251 1.7589 0.0000 0.00 0.00 1.00 0
10.9183 1.7639 0.0000 0.00 0.00 1.00 0
10.9105 1.7683 0.0000 0.00 0.00 1.00 0
10.9025 1.7716 0.0000 0.00 0.00 1.00 0
10.8939 1.7730 0.0000 0.00 0.00 1.00 0
10.8908 1.7773 0.0000 0.00 0.00 1.00 0
10.8864 1.7791 0.0000 0.00 0.00 1.00 0
10.8833 1.7806 0.0000 0.00 0.00 1.00 0
10.8816 1.7825 0.0000 0.00 0.00 1.00 0
10.8781 1.7847 0.0000 0.00 0.00 1.00 0
10.8752 1.7869 0.0000 0.00 0.00 1.00 0
10.8709 1.7898 0.0000 0.00 0.00 1.00 0
10.8582 1.7962 0.0000 0.00 0.00 1.00 0
10.8530 1.7996 0.0000 0.00 0.00 1.00 0
10.8467 1.8043 0.0000 0.00 0.00 1.00 0
10.8405 1.8087 0.0000 0.00 0.00 1.00 0
10.8331 1.8133 0.0000 0.00 0.00 1.00 0
10.8269 1.8196 0.0000 0.00 0.00 1.00 0
10.8226 1.8242 0.0000 0.00 0.00 1.00 0
10.8160 1.8278 0.0000 0.00 0.00 1.00 0
10.8088 1.8297 0.0000 0.00 0.00 1.00 0
10.8039 1.8320 0.0000 0.00 0.00 1.00 0
10.7989 1.8335 0.0000 0.00 0.00 1.00 0
10.7936 1.8355 0.0000 0.00 0.00 1.00 0
10.7912 1.8371 0.0000 0.00 0.00 1.00 0
10.7890 1.8384 0.0000 0.00 0.00 1.00 0
10.7846 1.8410 0.0000 0.00 0.00 1.00 0
10.7807 1.8430 0.0000 0.00 0.00 1.00 0
10.7746 1.8466 0.0000 0.00 0.00 1.00 0
10.7673 1.8483 0.0000 0.00 0.00 1.00 0
10.7595 1.8536 0.0000 0.00 0.00 1.00 0
10.7431 1.8612 0.0000 0.00 0.00 1.00 0
10.7346 1.8644 0.0000 0.00 0.00 1.00 0
10.7276 1.8694 0.0000 0.00 0.00 1.00 0
10.7196 1.8742 0.0000 0.00 0.00 1.00 0
10.7120 1.8771 0.0000 0.00 0.00 1.00 0
10.7054 1.8830 0.0000 0.00 0.00 1.00 0
10.6905 1.8900 0.0000 0.00 0.00 1.00 0
10.6852 1.8924 0.0000 0.00 0.00 1.00 0
10.6799 1.8949 0.0000 0.00 0.00 1.00 0
10.6774 1.8968 0.0000 0.00 0.00 1.00 0
10.6740 1.8967 0.0000 0.00 0.00 1.00 0
10.6733 1.8968 0.0000 0.00 0.00 1.00 0
10.6678 1.9007 0.0000 0.00 0.00 1.00 0
10.6607 1.9015 0.0000 0.00 0.00 1.00 0
10.6559 1.9049 0.0000 0.00 0.00 1.00 0
10.6497 1.9070 0.0000 0.00 0.00 1.00 0
10.6405 1.9078 0.0000 0.00 0.00 1.00 0
10.6351 1.9124 0.0000 0.00 0.00 1.00 0
10.6272 1.9170 0.0000 0.00 0.00 1.00 0
10.6074 1.9229 0.0000 0.00 0.00 1.00 0
10.5999 1.9274 0.0000 0.00 0.00 1.00 0
10.5883 1.9295 0.0000 0.00 0.00 1.00 0
10.5822 1.9332 0.0000 0.00 0.00 1.00 0
10.5776 1.9363 0.0000 0.00 0.00 1.00 0
10.5693 1.9389 0.0000 0.00 0.00 1.00 0
10.5611 1.9414 0.0000 0.00 0.00 1.00 0
10.5567 1.9446 0.0000 0.00 0.00 1.00 0
10.5494 1.9468 0.0000 0.00 0.00 1.00 0
10.5448 1.9511 0.0000 0.00 0.00 1.00 0
10.5375 1.9535 0.0000 0.00 0.00 1.00 0
10.5328 1.9583 0.0000 0.00 0.00 1.00 0
10.5259 1.9607 0.0000 0.00 0.00 1.00 0
10.5082 1.9654 0.0000 0.00 0.00 1.00 0
10.5011 1.9664 0.0000 0.00 0.00 1.00 0
10.4942 1.9699 0.0000 0.00 0.00 1.00 0
10.4872 1.9716 0.0000 0.00 0.00 1.00 0
10.4783 1.9734 0.0000 0.00 0.00 1.00 0
10.4692 1.9750 0.0000 0.00 0.00 1.00 0
10.4612 1.9777 0.0000 0.00 0.00 1.00 0
10.4543 1.9818 0.0000 0.00 0.00 1.00 0
10.4481 1.9841 0.0000 0.00 0.00 1.00 0
10.4421 1.9882 0.0000 0.00 0.00 1.00 0
10.4266 1.9951 0.0000 0.00 0.00 1.00 0
10.4202 1.9982 0.0000 0.00 0.00 1.00 0
10.4109 2.0006 0.0000 0.00 0.00 1.00 0
10.4011 2.0030 0.0000 0.00 0.00 1.00 0
10.3932 2.0059 0.0000 0.00 0.00 1.00 0
10.3854 2.0082 0.0000 0.00 0.00 1.00 0
10.3785 2.0124 0.0000 0.00 0.00 1.00 0
10.3681 2.0142 0.0000 0.00 0.00 1.00 0
10.3622 2.0168 0.0000 0.00 0.00 1.00 0
10.3519 2.0187 0.0000 0.00 0.00 1.00 0
10.3449 2.0214 0.0000 0.00 0.00 1.00 0
10.3369 2.0239 0.0000 0.00 0.00 1.00 0
10.3189 2.0302 0.0000 0.00 0.00 1.00 0
10.3126 2.0348 0.0000 0.00 0.00 1.00 0
10.3044 2.0379 0.0000 0.00 0.00 1.00 0
10.2947 2.0408 0.0000 0.00 0.00 1.00 0
10.2880 2.0425 0.0000 0.00 0.00 1.00 0
10.2808 2.0462 0.0000 0.00 0.00 1.00 0
10.2762 2.0495 0.0000 0.00 0.00 1.00 0
10.2668 2.0514 0.0000 0.00 0.00 1.00 0
10.2600 2.0544 0.0000 0.00 0.00 1.00 0
10.2512 2.0570 0.0000 0.00 0.00 1.00 0
10.2449 2.0592 0.0000 0.00 0.00 1.00 0
10.2370 2.0629 0.0000 0.00 0.00 1.00 0
10.2216 2.0677 0.0000 0.00 0.00 1.00 0
10.2135 2.0703 0.0000 0.00 0.00 1.00 0
10.2078 2.0728 0.0000 0.00 0.00 1.00 0
10.1998 2.0754 0.0000 0.00 0.00 1.00 0
10.1915 2.0785 0.0000 0.00 0.00 1.00 0
10.1823 2.0812 0.0000 0.00 0.00 1.00 0
10.1762 2.0846 0.0000 0.00 0.00 1.00 0
10.1598 2.0904 0.0000 0.00 0.00 1.00 0
10.1529 2.0937 0.0000 0.00 0.00 1.00 0
10.1443 2.0963 0.0000 0.00 0.00 1.00 0
10.1364 2.0992 0.0000 0.00 0.00 1.00 0
10.1267 2.1016 0.0000 0.00 0.00 1.00 0
10.1206 2.1059 0.0000 0.00 0.00 1.00 0
10.1156 2.1086 0.0000 0.00 0.00 1.00 0
10.1087 2.1117 0.0000 0.00 0.00 1.00 0
10.0999 2.1138 0.0000 0.00 0.00 1.00 0
10.0833 2.1190 0.0000 0.00 0.00 1.00 0
10.0769 2.1223 0.0000 0.00 0.00 1.00 0
10.0685 2.1253 0.0000 0.00 0.00 1.00 0
10.0617 2.1295 0.0000 0.00 0.00 1.00 0
10.0519 2.1317 0.0000 0.00 0.00 1.00 0
10.0460 2.1350 0.0000 0.00 0.00 1.00 0
10.0367 2.1374 0.0000 0.00 0.00 1.00 0
10.0286 2.1398 0.0000 0.00 0.00 1.00 0
10.0128 2.1445 0.0000 0.00 0.00 1.00 0
10.0048 2.1470 0.0000 0.00 0.00 1.00 0
9.9976 2.1501 0.0000 0.00 0.00 1.00 0
9.9923 2.1535 0.0000 0.00 0.00 1.00 0
9.9853 2.1562 0.0000 0.00 0.00 1.00 0
9.9772 2.1585 0.0000 0.00 0.00 1.00 0
9.9697 2.1621 0.0000 0.00 0.00 1.00 0
9.9604 2.1639 0.0000 0.00 0.00 1.00 0
9.9536 2.1673 0.0000 0.00 0.00 1.00 0
9.9385 2.1728 0.0000 0.00 0.00 1.00 0
9.9310 2.1754 0.0000 0.00 0.00 1.00 0
9.9244 2.1784 0.0000 0.00 0.00 1.00 0
9.9156 2.1801 0.0000 0.00 0.00 1.00 0
9.9084 2.1832 0.0000 0.00 0.00 1.00 0
9.8998 2.1855 0.0000 0.00 0.00 1.00 0
9.8858 2.1903 0.0000 0.00 0.00 1.00 0
9.8786 2.1934 0.0000 0.00 0.00 1.00 0
9.8724 2.1966 0.0000 0.00 0.00 1.00 0
9.8639 2.1990 0.0000 0.00 0.00 1.00 0
9.8568 2.2019 0.0000 0.00 0.00 1.00 0
9.8473 2.2037 0.0000 0.00 0.00 1.00 0
9.8413 2.2071 0.0000 0.00 0.00 1.00 0
9.8329 2.2100 0.0000 0.00 0.00 1.00 0
9.8254 2.2127 0.0000 0.00 0.00 1.00 0
9.8182 2.2150 0.0000 0.00 0.00 1.00 0
9.8114 2.2178 0.0000 0.00 0.00 1.00 0
9.8039 2.2211 0.0000 0.00 0.00 1.00 0
9.7904 2.2268 0.0000 0.00 0.00 1.00 0
9.7835 2.2300 0.0000 0.00 0.00 1.00 0
9.7754 2.2327 0.0000 0.00 0.00 1.00 0
9.7679 2.2359 0.0000 0.00 0.00 1.00 0
9.7586 2.2369 0.0000 0.00 0.00 1.00 0
9.7509 2.2403 0.0000 0.00 0.00 1.00 0
9.7423 2.2432 0.0000 0.00 0.00 1.00 0
9.7280 2.2487 0.0000 0.00 0.00 1.00 0
9.7196 2.2506 0.0000 0.00 0.00 1.00 0
9.7114 2.2535 0.0000 0.00 0.00 1.00 0
9.7044 2.2565 0.0000 0.00 0.00 1.00 0
9.6975 2.2576 0.0000 0.00 0.00 1.00 0
9.6841 2.2610 0.0000 0.00 0.00 1.00 0
9.6766 2.2640 0.0000 0.00 0.00 1.00 0
9.6697 2.2684 0.0000 0.00 0.00 1.00 0
9.6622 2.2706 0.0000 0.00 0.00 1.00 0
9.6540 2.2718 0.0000 0.00 0.00 1.00 0
9.6511 2.2658 0.0000 0.00 0.00 1.00 0
9.6436 2.2701 0.0000 0.00 0.00 1.00 0
9.6355 2.2729 0.0000 0.00 0.00 1.00 0
9.6259 2.2761 0.0000 0.00 0.00 1.00 0
9.6185 2.2783 0.0000 0.00 0.00 1.00 0
9.6017 2.2842 0.0000 0.00 0.00 1.00 0
9.5933 2.2873 0.0000 0.00 0.00 1.00 0
9.5854 2.2894 0.0000 0.00 0.00 1.00 0
9.5770 2.2900 0.0000 0.00 0.00 1.00 0
9.5701 2.2928 0.0000 0.00 0.00 1.00 0
9.5613 2.2960 0.0000 0.00 0.00 1.00 0
9.5533 2.2987 0.0000 0.00 0.00 1.00 0
9.5382 2.3041 0.0000 0.00 0.00 1.00 0
9.5294 2.3054 0.0000 0.00 0.00 1.00 0
9.5226 2.3115 0.0000 0.00 0.00 1.00 0
9.5152 2.3147 0.0000 0.00 0.00 1.00 0
9.5081 2.3185 0.0000 0.00 0.00 1.00 0
9.5004 2.3210 0.0000 0.00 0.00 1.00 0
9.4943 2.3227 0.0000 0.00 0.00 1.00 0
9.4768 2.3280 0.0000 0.00 0.00 1.00 0
9.4671 2.3325 0.0000 0.00 0.00 1.00 0
9.4599 2.3344 0.0000 0.00 0.00 1.00 0
9.4516 2.3374 0.0000 0.00 0.00 1.00 0
9.4434 2.3418 0.0000 0.00 0.00 1.00 0
9.4357 2.3464 0.0000 0.00 0.00 1.00 0
9.4255 2.3501 0.0000 0.00 0.00 1.00 0
9.4140 2.3522 0.0000 0.00 0.00 1.00 0
9.3963 2.3594 0.0000 0.00 0.00 1.00 0
9.3861 2.3648 0.0000 0.00 0.00 1.00 0
9.3761 2.3681 0.0000 0.00 0.00 1.00 0
9.3690 2.3700 0.0000 0.00 0.00 1.00 0
9.3614 2.3731 0.0000 0.00 0.00 1.00 0
9.3528 2.3766 0.0000 0.00 0.00 1.00 0
9.3430 2.3803 0.0000 0.00 0.00 1.00 0
9.3261 2.3873 0.0000 0.00 0.00 1.00 0
9.3181 2.3902 0.0000 0.00 0.00 1.00 0
9.3091 2.3926 0.0000 0.00 0.00 1.00 0
9.3012 2.3931 0.0000 0.00 0.00 1.00 0
9.2924 2.3972 0.0000 0.00 0.00 1.00 0
9.2820 2.4009 0.0000 0.00 0.00 1.00 0
9.2730 2.4049 0.0000 0.00 0.00 1.00 0
9.2551 2.4098 0.0000 0.00 0.00 1.00 0
9.2469 2.4125 0.0000 0.00 0.00 1.00 0
9.2392 2.4148 0.0000 0.00 0.00 1.00 0
9.2305 2.4167 0.0000 0.00 0.00 1.00 0
9.2228 2.4198 0.0000 0.00 0.00 1.00 0
9.2147 2.4235 0.0000 0.00 0.00 1.00 0
9.2047 2.4263 0.0000 0.00 0.00 1.00 0
9.1950 2.4296 0.0000 0.00 0.00 1.00 0
9.1861 2.4332 0.0000 0.00 0.00 1.00 0
9.1685 2.4390 0.0000 0.00 0.00 1.00 0
9.1597 2.4422 0.0000 0.00 0.00 1.00 0
9.1524 2.4438 0.0000 0.00 0.00 1.00 0
9.1446 2.4448 0.0000 0.00 0.00 1.00 0
9.1368 2.4493 0.0000 0.00 0.00 1.00 0
9.1283 2.4530 0.0000 0.00 0.00 1.00 0
9.1177 2.4596 0.0000 0.00 0.00 1.00 0
9.1007 2.4652 0.0000 0.00 0.00 1.00 0
9.0904 2.4689 0.0000 0.00 0.00 1.00 0
9.0814 2.4748 0.0000 0.00 0.00 1.00 0
9.0715 2.4772 0.0000 0.00 0.00 1.00 0
9.0637 2.4789 0.0000 0.00 0.00 1.00 0
9.0544 2.4812 0.0000 0.00 0.00 1.00 0
9.0431 2.4866 0.0000 0.00 0.00 1.00 0
9.0321 2.4924 0.0000 0.00 0.00 1.00 0
9.0198 2.4970 0.0000 0.00 0.00 1.00 0
9.0079 2.5003 0.0000 0.00 0.00 1.00 0
8.9872 2.5104 0.0000 0.00 0.00 1.00 0
8.9766 2.5133 0.0000 0.00 0.00 1.00 0
8.9687 2.5154 0.0000 0.00 0.00 1.00 0
8.9583 2.5188 0.0000 0.00 0.00 1.00 0
8.9489 2.5230 0.0000 0.00 0.00 1.00 0
8.9391 2.5274 0.0000 0.00 0.00 1.00 0
8.9298 2.5307 0.0000 0.00 0.00 1.00 0
8.9200 2.5339 0.0000 0.00 0.00 1.00 0
8.8992 2.5413 0.0000 0.00 0.00 1.00 0
8.8882 2.5447 0.0000 0.00 0.00 1.00 0
8.8782 2.5489 0.0000 0.00 0.00 1.00 0
8.8677 2.5525 0.0000 0.00 0.00 1.00 0
8.8579 2.5552 0.0000 0.00 0.00 1.00 0
8.8478 2.5587 0.0000 0.00 0.00 1.00 0
8.8400 2.5612 0.0000 0.00 0.00 1.00 0
8.8340 2.5629 0.0000 0.00 0.00 1.00 0
8.8244 2.5669 0.0000 0.00 0.00 1.00 0
8.8225 2.5661 0.0000 0.00 0.00 1.00 0
8.8200 2.5659 0.0000 0.00 0.00 1.00 0
8.8170 2.5674 0.0000 0.00 0.00 1.00 0
8.8143 2.5677 0.0000 0.00 0.00 1.00 0
8.8126 2.5683 0.0000 0.00 0.00 1.00 0
8.8084 2.5712 0.0000 0.00 0.00 1.00 0
8.8080 2.5703 0.0000 0.00 0.00 1.00 0
8.8059 2.5715 0.0000 0.00 0.00 1.00 0
8.7986 2.5724 0.0000 0.00 0.00 1.00 0
8.7946 2.5734 0.0000 0.00 0.00 1.00 0
8.7908 2.5746 0.0000 0.00 0.00 1.00 0
8.7858 2.5753 0.0000 0.00 0.00 1.00 0
8.7803 2.5764 0.0000 0.00 0.00 1.00 0
8.7776 2.5767 0.0000 0.00 0.00 1.00 0
8.7715 2.5792 0.0000 0.00 0.00 1.00 0
8.7562 2.5873 0.0000 0.00 0.00 1.00 0
8.7519 2.5887 0.0000 0.00 0.00 1.00 0
8.7468 2.5904 0.0000 0.00 0.00 1.00 0
8.7451 2.5903 0.0000 0.00 0.00 1.00 0
8.7440 2.5924 0.0000 0.00 0.00 1.00 0
8.7426 2.5923 0.0000 0.00 0.00 1.00 0
8.7426 2.5919 0.0000 0.00 0.00 1.00 0
8.7405 2.5938 0.0000 0.00 0.00 1.00 0
8.7392 2.5939 0.0000 0.00 0.00 1.00 0
8.7311 2.5960 0.0000 0.00 0.00 1.00 0
8.7264 2.5969 0.0000 0.00 0.00 1.00 0
8.7228 2.5981 0.0000 0.00 0.00 1.00 0
8.7152 2.6009 0.0000 0.00 0.00 1.00 0
8.7099 2.5997 0.0000 0.00 0.00 1.00 0
8.7017 2.6045 0.0000 0.00 0.00 1.00 0
8.6934 2.6052 0.0000 0.00 0.00 1.00 0
8.6791 2.6101 0.0000 0.00 0.00 1.00 0
8.6714 2.6117 0.0000 0.00 0.00 1.00 0
8.6659 2.6121 0.0000 0.00 0.00 1.00 0
8.6618 2.6136 0.0000 0.00 0.00 1.00 0
8.6596 2.6126 0.0000 0.00 0.00 1.00 0
8.6586 2.6133 0.0000 0.00 0.00 1.00 0
8.6577 2.6136 0.0000 0.00 0.00 1.00 0
8.6558 2.6132 0.0000 0.00 0.00 1.00 0
8.6533 2.6139 0.0000 0.00 0.00 1.00 0
8.6488 2.6131 0.0000 0.00 0.00 1.00 0
8.6430 2.6141 0.0000 0.00 0.00 1.00 0
8.6352 2.6165 0.0000 0.00 0.00 1.00 0
8.6168 2.6215 0.0000 0.00 0.00 1.00 0
8.6065 2.6264 0.0000 0.00 0.00 1.00 0
8.5959 2.6290 0.0000 0.00 0.00 1.00 0
8.5867 2.6295 0.0000 0.00 0.00 1.00 0
8.5762 2.6313 0.0000 0.00 0.00 1.00 0
8.5673 2.6346 0.0000 0.00 0.00 1.00 0
8.5607 2.6355 0.0000 0.00 0.00 1.00 0
8.5537 2.6367 0.0000 0.00 0.00 1.00 0
8.5499 2.6382 0.0000 0.00 0.00 1.00 0
8.5469 2.6380 0.0000 0.00 0.00 1.00 0
8.5462 2.6378 0.0000 0.00 0.00 1.00 0
8.5385 2.6399 0.0000 0.00 0.00 1.00 0
8.5329 2.6394 0.0000 0.00 0.00 1.00 0
8.5264 2.6405 0.0000 0.00 0.00 1.00 0
8.5172 2.6425 0.0000 0.00 0.00 1.00 0
8.5061 2.6449 0.0000 0.00 0.00 1.00 0
8.4952 2.6472 0.0000 0.00 0.00 1.00 0
8.4829 2.6476 0.0000 0.00 0.00 1.00 0
8.4717 2.6512 0.0000 0.00 0.00 1.00 0
8.4493 2.6554 0.0000 0.00 0.00 1.00 0
8.4413 2.6548 0.0000 0.00 0.00 1.00 0
8.4359 2.6551 0.0000 0.00 0.00 1.00 0
8.4316 2.6544 0.0000 0.00 0.00 1.00 0
8.4278 2.6542 0.0000 0.00 0.00 1.00 0
8.4261 2.6526 0.0000 0.00 0.00 1.00 0
8.4190 2.6541 0.0000 0.00 0.00 1.00 0
8.4145 2.6553 0.0000 0.00 0.00 1.00 0
8.4088 2.6553 0.0000 0.00 0.00 1.00 0
8.4002 2.6560 0.0000 0.00 0.00 1.00 0
8.3912 2.6574 0.0000 0.00 0.00 1.00 0
8.3816 2.6569 0.0000 0.00 0.00 1.00 0
8.3699 2.6589 0.0000 0.00 0.00 1.00 0
8.3446 2.6623 0.0000 0.00 0.00 1.00 0
8.3322 2.6634 0.0000 0.00 0.00 1.00 0
8.3227 2.6644 0.0000 0.00 0.00 1.00 0
8.3140 2.6675 0.0000 0.00 0.00 1.00 0
8.3058 2.6653 0.0000 0.00 0.00 1.00 0
8.3015 2.6676 0.0000 0.00 0.00 1.00 0
8.2993 2.6685 0.0000 0.00 0.00 1.00 0
8.2961 2.6662 0.0000 0.00 0.00 1.00 0
8.2890 2.6684 0.0000 0.00 0.00 1.00 0
8.2864 2.6664 0.0000 0.00 0.00 1.00 0
8.2813 2.6674 0.0000 0.00 0.00 1.00 0
8.2743 2.6690 0.0000 0.00 0.00 1.00 0
8.2637 2.6721 0.0000 0.00 0.00 1.00 0
8.2511 2.6709 0.0000 0.00 0.00 1.00 0
8.2413 2.6708 0.0000 0.00 0.00 1.00 0
8.2175 2.6725 0.0000 0.00 0.00 1.00 0
8.2067 2.6731 0.0000 0.00 0.00 1.00 0
8.1969 2.6738 0.0000 0.00 0.00 1.00 0
8.1853 2.6731 0.0000 0.00 0.00 1.00 0
8.1763 2.6744 0.0000 0.00 0.00 1.00 0
8.1676 2.6748 0.0000 0.00 0.00 1.00 0
8.1623 2.6744 0.0000 0.00 0.00 1.00 0
8.1532 2.6734 0.0000 0.00 0.00 1.00 0
8.1510 2.6742 0.0000 0.00 0.00 1.00 0
8.1485 2.6737 0.0000 0.00 0.00 1.00 0
8.1448 2.6748 0.0000 0.00 0.00 1.00 0
8.1378 2.6749 0.0000 0.00 0.00 1.00 0
8.1321 2.6752 0.0000 0.00 0.00 1.00 0
8.1237 2.6764 0.0000 0.00 0.00 1.00 0
8.1009 2.6765 0.0000 0.00 0.00 1.00 0
8.0886 2.6766 0.0000 0.00 0.00 1.00 0
8.0777 2.6768 0.0000 0.00 0.00 1.00 0
8.0663 2.6766 0.0000 0.00 0.00 1.00 0
8.0559 2.6759 0.0000 0.00 0.00 1.00 0
8.0454 2.6782 0.0000 0.00 0.00 1.00 0
8.0385 2.6809 0.0000 0.00 0.00 1.00 0
8.0238 2.6803 0.0000 0.00 0.00 1.00 0
8.0173 2.6804 0.0000 0.00 0.00 1.00 0
8.0155 2.6811 0.0000 0.00 0.00 1.00 0
8.0135 2.6809 0.0000 0.00 0.00 1.00 0
8.0111 2.6812 0.0000 0.00 0.00 1.00 0
8.0064 2.6806 0.0000 0.00 0.00 1.00 0
8.0023 2.6794 0.0000 0.00 0.00 1.00 0
7.9982 2.6812 0.0000 0.00 0.00 1.00 0
7.9789 2.6797 0.0000 0.00 0.00 1.00 0
7.9678 2.6808 0.0000 0.00 0.00 1.00 0
7.9567 2.6806 0.0000 0.00 0.00 1.00 0
7.9426 2.6821 0.0000 0.00 0.00 1.00 0
7.9328 2.6815 0.0000 0.00 0.00 1.00 0
7.9229 2.6814 0.0000 0.00 0.00 1.00 0
7.9143 2.6804 0.0000 0.00 0.00 1.00 0
7.9056 2.6818 0.0000 0.00 0.00 1.00 0
7.8969 2.6845 0.0000 0.00 0.00 1.00 0
7.8937 2.6800 0.0000 0.00 0.00 1.00 0
7.8933 2.6783 0.0000 0.00 0.00 1.00 0
7.8904 2.6783 0.0000 0.00 0.00 1.00 0
7.8853 2.6783 0.0000 0.00 0.00 1.00 0
7.8783 2.6777 0.0000 0.00 0.00 1.00 0
7.8707 2.6793 0.0000 0.00 0.00 1.00 0
7.8619 2.6793 0.0000 0.00 0.00 1.00 0
7.8528 2.6767 0.0000 0.00 0.00 1.00 0
7.8428 2.6762 0.0000 0.00 0.00 1.00 0
7.8321 2.6784 0.0000 0.00 0.00 1.00 0
7.8126 2.6798 0.0000 0.00 0.00 1.00 0
7.8010 2.6793 0.0000 0.00 0.00 1.00 0
7.7913 2.6765 0.0000 0.00 0.00 1.00 0
7.7830 2.6757 0.0000 0.00 0.00 1.00 0
7.7750 2.6738 0.0000 0.00 0.00 1.00 0
7.7701 2.6710 0.0000 0.00 0.00 1.00 0
7.7670 2.6708 0.0000 0.00 0.00 1.00 0
7.7654 2.6715 0.0000 0.00 0.00 1.00 0
7.7632 2.6707 0.0000 0.00 0.00 1.00 0
7.7517 2.6686 0.0000 0.00 0.00 1.00 0
7.7447 2.6681 0.0000 0.00 0.00 1.00 0
7.7368 2.6692 0.0000 0.00 0.00 1.00 0
7.7284 2.6719 0.0000 0.00 0.00 1.00 0
7.7171 2.6695 0.0000 0.00 0.00 1.00 0
7.7062 2.6671 0.0000 0.00 0.00 1.00 0
7.6981 2.6660 0.0000 0.00 0.00 1.00 0
7.6867 2.6663 0.0000 0.00 0.00 1.00 0
7.6783 2.6643 0.0000 0.00 0.00 1.00 0
7.6718 2.6616 0.0000 0.00 0.00 1.00 0
7.6598 2.6564 0.0000 0.00 0.00 1.00 0
7.6584 2.6535 0.0000 0.00 0.00 1.00 0
7.6547 2.6546 0.0000 0.00 0.00 1.00 0
7.6545 2.6543 0.0000 0.00 0.00 1.00 0
7.6540 2.6538 0.0000 0.00 0.00 1.00 0
7.6510 2.6543 0.0000 0.00 0.00 1.00 0
7.6441 2.6521 0.0000 0.00 0.00 1.00 0
7.6361 2.6498 0.0000 0.00 0.00 1.00 0
7.6241 2.6479 0.0000 0.00 0.00 1.00 0
7.6116 2.6475 0.0000 0.00 0.00 1.00 0
7.5939 2.6444 0.0000 0.00 0.00 1.00 0
7.5832 2.6435 0.0000 0.00 0.00 1.00 0
7.5739 2.6423 0.0000 0.00 0.00 1.00 0
7.5644 2.6413 0.0000 0.00 0.00 1.00 0
7.5599 2.6406 0.0000 0.00 0.00 1.00 0
7.5546 2.6416 0.0000 0.00 0.00 1.00 0
7.5525 2.6413 0.0000 0.00 0.00 1.00 0
7.5465 2.6378 0.0000 0.00 0.00 1.00 0
7.5408 2.6332 0.0000 0.00 0.00 1.00 0
7.5340 2.6309 0.0000 0.00 0.00 1.00 0
7.5290 2.6274 0.0000 0.00 0.00 1.00 0
7.5174 2.6244 0.0000 0.00 0.00 1.00 0
7.5067 2.6239 0.0000 0.00 0.00 1.00 0
7.4985 2.6204 0.0000 0.00 0.00 1.00 0
7.4792 2.6159 0.0000 0.00 0.00 1.00 0
7.4683 2.6130 0.0000 0.00 0.00 1.00 0
7.4617 2.6099 0.0000 0.00 0.00 1.00 0
7.4549 2.6065 0.0000 0.00 0.00 1.00 0
7.4513 2.6051 0.0000 0.00 0.00 1.00 0
7.4489 2.6063 0.0000 0.00 0.00 1.00 0
7.4471 2.6067 0.0000 0.00 0.00 1.00 0
7.4444 2.6059 0.0000 0.00 0.00 1.00 0
7.4396 2.6051 0.0000 0.00 0.00 1.00 0
7.4298 2.6010 0.0000 0.00 0.00 1.00 0
7.4250 2.5984 0.0000 0.00 0.00 1.00 0
7.4136 2.5936 0.0000 0.00 0.00 1.00 0
7.4011 2.5914 0.0000 0.00 0.00 1.00 0
7.3898 2.5883 0.0000 0.00 0.00 1.00 0
7.3788 2.5860 0.0000 0.00 0.00 1.00 0
7.3673 2.5812 0.0000 0.00 0.00 1.00 0
7.3567 2.5759 0.0000 0.00 0.00 1.00 0
7.3486 2.5736 0.0000 0.00 0.00 1.00 0
7.3374 2.5723 0.0000 0.00 0.00 1.00 0
7.3358 2.5713 0.0000 0.00 0.00 1.00 0
7.3350 2.5709 0.0000 0.00 0.00 1.00 0
7.3306 2.5696 0.0000 0.00 0.00 1.00 0
7.3254 2.5687 0.0000 0.00 0.00 1.00 0
7.3218 2.5675 0.0000 0.00 0.00 1.00 0
7.3166 2.5630 0.0000 0.00 0.00 1.00 0
7.3097 2.5614 0.0000 0.00 0.00 1.00 0
7.2989 2.5575 0.0000 0.00 0.00 1.00 0
7.2780 2.5491 0.0000 0.00 0.00 1.00 0
7.2700 2.5453 0.0000 0.00 0.00 1.00 0
7.2597 2.5416 0.0000 0.00 0.00 1.00 0
7.2478 2.5374 0.0000 0.00 0.00 1.00 0
7.2410 2.5344 0.0000 0.00 0.00 1.00 0
7.2365 2.5299 0.0000 0.00 0.00 1.00 0
7.2305 2.5281 0.0000 0.00 0.00 1.00 0
7.2284 2.5277 0.0000 0.00 0.00 1.00 0
7.2292 2.5271 0.0000 0.00 0.00 1.00 0
7.2238 2.5248 0.0000 0.00 0.00 1.00 0
7.2192 2.5226 0.0000 0.00 0.00 1.00 0
7.2121 2.5197 0.0000 0.00 0.00 1.00 0
7.2044 2.5169 0.0000 0.00 0.00 1.00 0
7.1958 2.5129 0.0000 0.00 0.00 1.00 0
7.1864 2.5091 0.0000 0.00 0.00 1.00 0
7.1659 2.4984 0.0000 0.00 0.00 1.00 0
7.1552 2.4932 0.0000 0.00 0.00 1.00 0
7.1436 2.4905 0.0000 0.00 0.00 1.00 0
7.1348 2.4851 0.0000 0.00 0.00 1.00 0
7.1244 2.4805 0.0000 0.00 0.00 1.00 0
7.1169 2.4757 0.0000 0.00 0.00 1.00 0
7.1103 2.4725 0.0000 0.00 0.00 1.00 0
7.1027 2.4676 0.0000 0.00 0.00 1.00 0
7.0989 2.4683 0.0000 0.00 0.00 1.00 0
7.0975 2.4692 0.0000 0.00 0.00 1.00 0
7.0940 2.4671 0.0000 0.00 0.00 1.00 0
7.0893 2.4659 0.0000 0.00 0.00 1.00 0
7.0835 2.4623 0.0000 0.00 0.00 1.00 0
7.0757 2.4578 0.0000 0.00 0.00 1.00 0
7.0661 2.4535 0.0000 0.00 0.00 1.00 0
7.0559 2.4495 0.0000 0.00 0.00 1.00 0
7.0364 2.4398 0.0000 0.00 0.00 1.00 0
7.0272 2.4338 0.0000 0.00 0.00 1.00 0
7.0181 2.4288 0.0000 0.00 0.00 1.00 0
7.0089 2.4246 0.0000 0.00 0.00 1.00 0
7.0032 2.4204 0.0000 0.00 0.00 1.00 0
6.9989 2.4177 0.0000 0.00 0.00 1.00 0
6.9971 2.4175 0.0000 0.00 0.00 1.00 0
6.9947 2.4166 0.0000 0.00 0.00 1.00 0
6.9924 2.4156 0.0000 0.00 0.00 1.00 0
6.9877 2.4123 0.0000 0.00 0.00 1.00 0
6.9828 2.4067 0.0000 0.00 0.00 1.00 0
6.9767 2.4039 0.0000 0.00 0.00 1.00 0
6.9615 2.3975 0.0000 0.00 0.00 1.00 0
6.9528 2.3918 0.0000 0.00 0.00 1.00 0
6.9453 2.3868 0.0000 0.00 0.00 1.00 0
6.9371 2.3800 0.0000 0.00 0.00 1.00 0
6.9286 2.3763 0.0000 0.00 0.00 1.00 0
6.9207 2.3721 0.0000 0.00 0.00 1.00 0
6.9165 2.3685 0.0000 0.00 0.00 1.00 0
6.9129 2.3659 0.0000 0.00 0.00 1.00 0
6.9121 2.3647 0.0000 0.00 0.00 1.00 0
6.9113 2.3635 0.0000 0.00 0.00 1.00 0
6.9119 2.3645 0.0000 0.00 0.00 1.00 0
6.9118 2.3641 0.0000 0.00 0.00 1.00 0
6.9091 2.3606 0.0000 0.00 0.00 1.00 0
6.9040 2.3609 0.0000 0.00 0.00 1.00 0
6.8993 2.3578 0.0000 0.00 0.00 1.00 0
6.8951 2.3541 0.0000 0.00 0.00 1.00 0
6.8873 2.3491 0.0000 0.00 0.00 1.00 0
6.8724 2.3391 0.0000 0.00 0.00 1.00 0
6.8639 2.3352 0.0000 0.00 0.00 1.00 0
6.8610 2.3313 0.0000 0.00 0.00 1.00 0
6.8575 2.3292 0.0000 0.00 0.00 1.00 0
6.8562 2.3273 0.0000 0.00 0.00 1.00 0
6.8562 2.3275 0.0000 0.00 0.00 1.00 0
6.8566 2.3280 0.0000 0.00 0.00 1.00 0
6.8559 2.3275 0.0000 0.00 0.00 1.00 0
6.8546 2.3263 0.0000 0.00 0.00 1.00 0
6.8530 2.3247 0.0000 0.00 0.00 1.00 0
6.8502 2.3217 0.0000 0.00 0.00 1.00 0
6.8469 2.3192 0.0000 0.00 0.00 1.00 0
6.8428 2.3155 0.0000 0.00 0.00 1.00 0
6.8371 2.3130 0.0000 0.00 0.00 1.00 0
6.8299 2.3084 0.0000 0.00 0.00 1.00 0
6.8186 2.2995 0.0000 0.00 0.00 1.00 0
6.8135 2.2958 0.0000 0.00 0.00 1.00 0
6.8099 2.2929 0.0000 0.00 0.00 1.00 0
6.8068 2.2905 0.0000 0.00 0.00 1.00 0
6.8063 2.2893 0.0000 0.00 0.00 1.00 0
6.8042 2.2891 0.0000 0.00 0.00 1.00 0
6.8040 2.2889 0.0000 0.00 0.00 1.00 0
6.8037 2.2895 0.0000 0.00 0.00 1.00 0
6.8031 2.2882 0.0000 0.00 0.00 1.00 0
6.8025 2.2875 0.0000 0.00 0.00 1.00 0
6.7996 2.2861 0.0000 0.00 0.00 1.00 0
6.7975 2.2843 0.0000 0.00 0.00 1.00 0
6.7939 2.2808 0.0000 0.00 0.00 1.00 0
6.7897 2.2781 0.0000 0.00 0.00 1.00 0
6.7864 2.2728 0.0000 0.00 0.00 1.00 0
6.7764 2.2634 0.0000 0.00 0.00 1.00 0
6.7698 2.2584 0.0000 0.00 0.00 1.00 0
6.7644 2.2544 0.0000 0.00 0.00 1.00 0
6.7586 2.2486 0.0000 0.00 0.00 1.00 0
6.7527 2.2442 0.0000 0.00 0.00 1.00 0
6.7466 2.2397 0.0000 0.00 0.00 1.00 0
6.7412 2.2351 0.0000 0.00 0.00 1.00 0
6.7361 2.2286 0.0000 0.00 0.00 1.00 0
6.7302 2.2232 0.0000 0.00 0.00 1.00 0
6.7265 2.2192 0.0000 0.00 0.00 1.00 0
6.7222 2.2146 0.0000 0.00 0.00 1.00 0
6.7180 2.2108 0.0000 0.00 0.00 1.00 0
6.7153 2.2073 0.0000 0.00 0.00 1.00 0
6.7129 2.2059 0.0000 0.00 0.00 1.00 0
6.7100 2.2031 0.0000 0.00 0.00 1.00 0
6.7074 2.1992 0.0000 0.00 0.00 1.00 0
6.7039 2.1954 0.0000 0.00 0.00 1.00 0
6.6992 2.1928 0.0000 0.00 0.00 1.00 0
6.6937 2.1888 0.0000 0.00 0.00 1.00 0
6.6877 2.1830 0.0000 0.00 0.00 1.00 0
6.6813 2.1767 0.0000 0.00 0.00 1.00 0
6.6722 2.1683 0.0000 0.00 0.00 1.00 0
6.6625 2.1588 0.0000 0.00 0.00 1.00 0
6.6532 2.1488 0.0000 0.00 0.00 1.00 0
6.6441 2.1389 0.0000 0.00 0.00 1.00 0
6.6332 2.1290 0.0000 0.00 0.00 1.00 0
6.6240 2.1209 0.0000 0.00 0.00 1.00 0
6.6150 2.1133 0.0000 0.00 0.00 1.00 0
6.6089 2.1048 0.0000 0.00 0.00 1.00 0
6.6017 2.0926 0.0000 0.00 0.00 1.00 0
6.5986 2.0898 0.0000 0.00 0.00 1.00 0
6.5985 2.0857 0.0000 0.00 0.00 1.00 0
6.5972 2.0835 0.0000 0.00 0.00 1.00 0
6.5937 2.0804 0.0000 0.00 0.00 1.00 0
6.5892 2.0753 0.0000 0.00 0.00 1.00 0
6.5843 2.0685 0.0000 0.00 0.00 1.00 0
6.5782 2.0625 0.0000 0.00 0.00 1.00 0
6.5702 2.0532 0.0000 0.00 0.00 1.00 0
6.5611 2.0421 0.0000 0.00 0.00 1.00 0
6.5506 2.0311 0.0000 0.00 0.00 1.00 0
6.5410 2.0180 0.0000 0.00 0.00 1.00 0
6.5318 2.0067 0.0000 0.00 0.00 1.00 0
6.5239 1.9966 0.0000 0.00 0.00 1.00 0
6.5167 1.9880 0.0000 0.00 0.00 1.00 0
6.5133 1.9817 0.0000 0.00 0.00 1.00 0
6.5101 1.9769 0.0000 0.00 0.00 1.00 0
6.5067 1.9728 0.0000 0.00 0.00 1.00 0
6.5044 1.9680 0.0000 0.00 0.00 1.00 0
6.5018 1.9652 0.0000 0.00 0.00 1.00 0
6.4983 1.9591 0.0000 0.00 0.00 1.00 0
6.4933 1.9513 0.0000 0.00 0.00 1.00 0
6.4872 1.9433 0.0000 0.00 0.00 1.00 0
6.4802 1.9355 0.0000 0.00 0.00 1.00 0
6.4736 1.9220 0.0000 0.00 0.00 1.00 0
6.4641 1.9093 0.0000 0.00 0.00 1.00 0
6.4546 1.8965 0.0000 0.00 0.00 1.00 0
6.4352 1.8692 0.0000 0.00 0.00 1.00 0
6.4269 1.8566 0.0000 0.00 0.00 1.00 0
6.4183 1.8459 0.0000 0.00 0.00 1.00 0
6.4111 1.8362 0.0000 0.00 0.00 1.00 0
6.4075 1.8292 0.0000 0.00 0.00 1.00 0
6.4035 1.8253 0.0000 0.00 0.00 1.00 0
6.4009 1.8207 0.0000 0.00 0.00 1.00 0
6.3988 1.8156 0.0000 0.00 0.00 1.00 0
6.3957 1.8106 0.0000 0.00 0.00 1.00 0
6.3916 1.8037 0.0000 0.00 0.00 1.00 0
6.3868 1.7952 0.0000 0.00 0.00 1.00 0
6.3790 1.7858 0.0000 0.00 0.00 1.00 0
6.3731 1.7757 0.0000 0.00 0.00 1.00 0
6.3671 1.7643 0.0000 0.00 0.00 1.00 0
6.3592 1.7492 0.0000 0.00 0.00 1.00 0
6.3500 1.7359 0.0000 0.00 0.00 1.00 0
6.3410 1.7236 0.0000 0.00 0.00 1.00 0
6.3337 1.7122 0.0000 0.00 0.00 1.00 0
6.3247 1.6965 0.0000 0.00 0.00 1.00 0
6.3171 1.6843 0.0000 0.00 0.00 1.00 0
6.3116 1.6716 0.0000 0.00 0.00 1.00 0
6.3056 1.6633 0.0000 0.00 0.00 1.00 0
6.3020 1.6561 0.0000 0.00 0.00 1.00 0
6.2997 1.6496 0.0000 0.00 0.00 1.00 0
6.2973 1.6445 0.0000 0.00 0.00 1.00 0
6.2937 1.6405 0.0000 0.00 0.00 1.00 0
6.2887 1.6369 0.0000 0.00 0.00 1.00 0
6.2855 1.6267 0.0000 0.00 0.00 1.00 0
6.2817 1.6170 0.0000 0.00 0.00 1.00 0
6.2757 1.6068 0.0000 0.00 0.00 1.00 0
6.2671 1.5961 0.0000 0.00 0.00 1.00 0
6.2612 1.5819 0.0000 0.00 0.00 1.00 0
6.2537 1.5684 0.0000 0.00 0.00 1.00 0
6.2468 1.5539 0.0000 0.00 0.00 1.00 0
6.2425 1.5417 0.0000 0.00 0.00 1.00 0
6.2386 1.5320 0.0000 0.00 0.00 1.00 0
6.2351 1.5250 0.0000 0.00 0.00 1.00 0
6.2329 1.5198 0.0000 0.00 0.00 1.00 0
6.2308 1.5166 0.0000 0.00 0.00 1.00 0
6.2280 1.5128 0.0000 0.00 0.00 1.00 0
6.2248 1.5071 0.0000 0.00 0.00 1.00 0
6.2225 1.5026 0.0000 0.00 0.00 1.00 0
6.2192 1.4917 0.0000 0.00 0.00 1.00 0
6.2124 1.4808 0.0000 0.00 0.00 1.00 0
6.2072 1.4680 0.0000 0.00 0.00 1.00 0
6.2010 1.4538 0.0000 0.00 0.00 1.00 0
6.1903 1.4226 0.0000 0.00 0.00 1.00 0
6.1855 1.4072 0.0000 0.00 0.00 1.00 0
6.1797 1.3954 0.0000 0.00 0.00 1.00 0
6.1781 1.3838 0.0000 0.00 0.00 1.00 0
6.1746 1.3757 0.0000 0.00 0.00 1.00 0
6.1668 1.3654 0.0000 0.00 0.00 1.00 0
6.1645 1.3589 0.0000 0.00 0.00 1.00 0
6.1626 1.3552 0.0000 0.00 0.00 1.00 0
6.1604 1.3471 0.0000 0.00 0.00 1.00 0
6.1550 1.3372 0.0000 0.00 0.00 1.00 0
6.1509 1.3279 0.0000 0.00 0.00 1.00 0
6.1445 1.3168 0.0000 0.00 0.00 1.00 0
6.1373 1.3053 0.0000 0.00 0.00 1.00 0
6.1341 1.2892 0.0000 0.00 0.00 1.00 0
6.1277 1.2750 0.0000 0.00 0.00 1.00 0
6.1219 1.2597 0.0000 0.00 0.00 1.00 0
6.1161 1.2460 0.0000 0.00 0.00 1.00 0
6.1120 1.2322 0.0000 0.00 0.00 1.00 0
6.1074 1.2199 0.0000 0.00 0.00 1.00 0
6.1018 1.2065 0.0000 0.00 0.00 1.00 0
6.0962 1.1941 0.0000 0.00 0.00 1.00 0
6.0898 1.1828 0.0000 0.00 0.00 1.00 0
6.0860 1.1710 0.0000 0.00 0.00 1.00 0
6.0825 1.1585 0.0000 0.00 0.00 1.00 0
6.0785 1.1487 0.0000 0.00 0.00 1.00 0
6.0763 1.1386 0.0000 0.00 0.00 1.00 0
6.0733 1.1346 0.0000 0.00 0.00 1.00 0
6.0710 1.1292 0.0000 0.00 0.00 1.00 0
6.0687 1.1231 0.0000 0.00 0.00 1.00 0
6.0658 1.1161 0.0000 0.00 0.00 1.00 0
6.0647 1.1076 0.0000 0.00 0.00 1.00 0
6.0599 1.0993 0.0000 0.00 0.00 1.00 0
6.0560 1.0879 0.0000 0.00 0.00 1.00 0
6.0536 1.0735 0.0000 0.00 0.00 1.00 0
6.0485 1.0599 0.0000 0.00 0.00 1.00 0
6.0435 1.0453 0.0000 0.00 0.00 1.00 0
6.0395 1.0302 0.0000 0.00 0.00 1.00 0
6.0348 1.0152 0.0000 0.00 0.00 1.00 0
6.0298 1.0008 0.0000 0.00 0.00 1.00 0
6.0263 0.9890 0.0000 0.00 0.00 1.00 0
6.0242 0.9790 0.0000 0.00 0.00 1.00 0
6.0218 0.9703 0.0000 0.00 0.00 1.00 0
6.0186 0.9639 0.0000 0.00 0.00 1.00 0
6.0169 0.9557 0.0000 0.00 0.00 1.00 0
6.0117 0.9478 0.0000 0.00 0.00 1.00 0
6.0059 0.9384 0.0000 0.00 0.00 1.00 0
6.0006 0.9260 0.0000 0.00 0.00 1.00 0
5.9959 0.9122 0.0000 0.00 0.00 1.00 0
5.9900 0.8965 0.0000 0.00 0.00 1.00 0
5.9834 0.8815 0.0000 0.00 0.00 1.00 0
5.9774 0.8675 0.0000 0.00 0.00 1.00 0
5.9729 0.8540 0.0000 0.00 0.00 1.00 0
5.9684 0.8412 0.0000 0.00 0.00 1.00 0
5.9629 0.8267 0.0000 0.00 0.00 1.00 0
5.9582 0.8132 0.0000 0.00 0.00 1.00 0
5.9548 0.7992 0.0000 0.00 0.00 1.00 0
5.9537 0.7849 0.0000 0.00 0.00 1.00 0
5.9480 0.7729 0.0000 0.00 0.00 1.00 0
5.9443 0.7610 0.0000 0.00 0.00 1.00 0
5.9383 0.7485 0.0000 0.00 0.00 1.00 0
5.9346 0.7355 0.0000 0.00 0.00 1.00 0
5.9301 0.7247 0.0000 0.00 0.00 1.00 0
5.9240 0.7120 0.0000 0.00 0.00 1.00 0
5.9203 0.6989 0.0000 0.00 0.00 1.00 0
5.9149 0.6860 0.0000 0.00 0.00 1.00 0
5.9107 0.6743 0.0000 0.00 0.00 1.00 0
5.9084 0.6610 0.0000 0.00 0.00 1.00 0
5.9035 0.6481 0.0000 0.00 0.00 1.00 0
5.8987 0.6369 0.0000 0.00 0.00 1.00 0
5.8952 0.6245 0.0000 0.00 0.00 1.00 0
5.8909 0.6177 0.0000 0.00 0.00 1.00 0
5.8877 0.6072 0.0000 0.00 0.00 1.00 0
5.8843 0.5947 0.0000 0.00 0.00 1.00 0
5.8793 0.5830 0.0000 0.00 0.00 1.00 0
5.8758 0.5708 0.0000 0.00 0.00 1.00 0
5.8708 0.5592 0.0000 0.00 0.00 1.00 0
5.8718 0.5469 0.0000 0.00 0.00 1.00 0
5.8694 0.5342 0.0000 0.00 0.00 1.00 0
5.8670 0.5199 0.0000 0.00 0.00 1.00 0
5.8644 0.5081 0.0000 0.00 0.00 1.00 0
5.8582 0.4979 0.0000 0.00 0.00 1.00 0
5.8568 0.4833 0.0000 0.00 0.00 1.00 0
5.8529 0.4689 0.0000 0.00 0.00 1.00 0
5.8495 0.4557 0.0000 0.00 0.00 1.00 0
5.8444 0.4417 0.0000 0.00 0.00 1.00 0
5.8378 0.4292 0.0000 0.00 0.00 1.00 0
5.8330 0.4153 0.0000 0.00 0.00 1.00 0
5.8275 0.4017 0.0000 0.00 0.00 1.00 0
5.8260 0.3853 0.0000 0.00 0.00 1.00 0
5.8232 0.3716 0.0000 0.00 0.00 1.00 0
5.8187 0.3597 0.0000 0.00 0.00 1.00 0
5.8146 0.3440 0.0000 0.00 0.00 1.00 0
5.8109 0.3307 0.0000 0.00 0.00 1.00 0
5.8081 0.3166 0.0000 0.00 0.00 1.00 0
5.8038 0.3040 0.0000 0.00 0.00 1.00 0
5.7982 0.2906 0.0000 0.00 0.00 1.00 0
5.7943 0.2792 0.0000 0.00 0.00 1.00 0
5.7895 0.2667 0.0000 0.00 0.00 1.00 0
5.7847 0.2553 0.0000 0.00 0.00 1.00 0
5.7832 0.2450 0.0000 0.00 0.00 1.00 0
5.7796 0.2390 0.0000 0.00 0.00 1.00 0
5.7783 0.2364 0.0000 0.00 0.00 1.00 0
5.7784 0.2366 0.0000 0.00 0.00 1.00 0
5.7785 0.2400 0.0000 0.00 0.00 1.00 0
5.7821 0.2431 0.0000 0.00 0.00 1.00 0
5.7832 0.2484 0.0000 0.00 0.00 1.00 0
5.7873 0.2542 0.0000 0.00 0.00 1.00 0
5.7902 0.2571 0.0000 0.00 0.00 1.00 0
5.7902 0.2571 0.0000 0.00 0.00 1.00 0
5.7901 0.2571 0.0000 0.00 0.00 1.00 0
5.7895 0.2561 0.0000 0.00 0.00 1.00 0
5.7881 0.2552 0.0000 0.00 0.00 1.00 0
5.7879 0.2547 0.0000 0.00 0.00 1.00 0
5.7877 0.2545 0.0000 0.00 0.00 1.00 0
5.7881 0.2546 0.0000 0.00 0.00 1.00 0
5.7880 0.2550 0.0000 0.00 0.00 1.00 0
5.7885 0.2550 0.0000 0.00 0.00 1.00 0
5.7887 0.2553 0.0000 0.00 0.00 1.00 0
5.7887 0.2558 0.0000 0.00 0.00 1.00 0
5.7888 0.2558 0.0000 0.00 0.00 1.00 0
5.7888 0.2562 0.0000 0.00 0.00 1.00 0
5.7884 0.2564 0.0000 0.00 0.00 1.00 0
