-0.2638 0.1686 0.0000 0.00 0.00 1.00 0
-0.4697 0.1366 0.0000 0.00 0.00 1.00 0
-0.6806 0.1130 0.0000 0.00 0.00 1.00 0
-0.8968 0.0834 0.0000 0.00 0.00 1.00 0
-1.0979 0.0431 0.0000 0.00 0.00 1.00 0
-1.2980 0.0169 0.0000 0.00 0.00 1.00 0
-1.5086 -0.0135 0.0000 0.00 0.00 1.00 0
-1.7160 -0.0457 0.0000 0.00 0.00 1.00 0
-1.9191 -0.0794 0.0000 0.00 0.00 1.00 0
-2.1261 -0.0986 0.0000 0.00 0.00 1.00 0
-2.3297 -0.1241 0.0000 0.00 0.00 1.00 0
-2.5454 -0.1584 0.0000 0.00 0.00 1.00 0
-2.7565 -0.1790 0.0000 0.00 0.00 1.00 0
-2.9567 -0.1979 0.0000 0.00 0.00 1.00 0
-3.1605 -0.2215 0.0000 0.00 0.00 1.00 0
-3.3600 -0.2523 0.0000 0.00 0.00 1.00 0
-3.5666 -0.2667 0.0000 0.00 0.00 1.00 0
-3.7884 -0.3161 0.0000 0.00 0.00 1.00 0
-3.9866 -0.3551 0.0000 0.00 0.00 1.00 0
-4.1861 -0.4223 0.0000 0.00 0.00 1.00 0
-4.3780 -0.4882 0.0000 0.00 0.00 1.00 0
-4.5523 -0.5921 0.0000 0.00 0.00 1.00 0
-4.7254 -0.6983 0.0000 0.00 0.00 1.00 0
-4.8800 -0.8265 0.0000 0.00 0.00 1.00 0
-5.0186 -0.9758 0.0000 0.00 0.00 1.00 0
-5.1485 -1.1595 0.0000 0.00 0.00 1.00 0
-5.2479 -1.3435 0.0000 0.00 0.00 1.00 0
-5.3427 -1.5308 0.0000 0.00 0.00 1.00 0
-5.4098 -1.7215 0.0000 0.00 0.00 1.00 0
-5.4483 -1.9216 0.0000 0.00 0.00 1.00 0
-5.4770 -2.1234 0.0000 0.00 0.00 1.00 0
-5.4906 -2.3301 0.0000 0.00 0.00 1.00 0
-5.5008 -2.5358 0.0000 0.00 0.00 1.00 0
-5.4865 -2.7367 0.0000 0.00 0.00 1.00 0
-5.4617 -2.9406 0.0000 0.00 0.00 1.00 0
-5.3979 -3.1341 0.0000 0.00 0.00 1.00 0
-5.3202 -3.3198 0.0000 0.00 0.00 1.00 0
-5.2282 -3.4988 0.0000 0.00 0.00 1.00 0
-5.0931 -3.6527 0.0000 0.00 0.00 1.00 0
-4.9468 -3.8057 0.0000 0.00 0.00 1.00 0
-4.7930 -3.9402 0.0000 0.00 0.00 1.00 0
-4.6436 -4.0777 0.0000 0.00 0.00 1.00 0
-4.4483 -4.1771 0.0000 0.00 0.00 1.00 0
-4.2615 -4.2707 0.0000 0.00 0.00 1.00 0
-4.0733 -4.3565 0.0000 0.00 0.00 1.00 0
-3.8770 -4.4218 0.0000 0.00 0.00 1.00 0
-3.6805 -4.4785 0.0000 0.00 0.00 1.00 0
-3.4830 -4.5187 0.0000 0.00 0.00 1.00 0
-3.2817 -4.5589 0.0000 0.00 0.00 1.00 0
-3.0762 -4.5665 0.0000 0.00 0.00 1.00 0
-2.8698 -4.5585 0.0000 0.00 0.00 1.00 0
-2.6684 -4.5385 0.0000 0.00 0.00 1.00 0
-2.4619 -4.5184 0.0000 0.00 0.00 1.00 0
-2.2576 -4.5164 0.0000 0.00 0.00 1.00 0
-2.0547 -4.4913 0.0000 0.00 0.00 1.00 0
-1.8520 -4.4750 0.0000 0.00 0.00 1.00 0
-1.6422 -4.4432 0.0000 0.00 0.00 1.00 0
-1.4397 -4.4068 0.0000 0.00 0.00 1.00 0
-1.2370 -4.3737 0.0000 0.00 0.00 1.00 0
-1.0463 -4.3119 0.0000 0.00 0.00 1.00 0
-0.8630 -4.2234 0.0000 0.00 0.00 1.00 0
-0.6893 -4.1167 0.0000 0.00 0.00 1.00 0
-0.5298 -3.9958 0.0000 0.00 0.00 1.00 0
-0.3743 -3.8598 0.0000 0.00 0.00 1.00 0
-0.2326 -3.7079 0.0000 0.00 0.00 1.00 0
-0.0906 -3.5656 0.0000 0.00 0.00 1.00 0
0.0346 -3.3919 0.0000 0.00 0.00 1.00 0
0.1350 -3.2047 0.0000 0.00 0.00 1.00 0
0.2265 -3.0261 0.0000 0.00 0.00 1.00 0
0.3036 -2.8370 0.0000 0.00 0.00 1.00 0
0.3596 -2.6396 0.0000 0.00 0.00 1.00 0
0.3937 -2.4358 0.0000 0.00 0.00 1.00 0
0.4190 -2.2271 0.0000 0.00 0.00 1.00 0
0.4312 -2.0232 0.0000 0.00 0.00 1.00 0
0.4330 -1.8158 0.0000 0.00 0.00 1.00 0
0.4175 -1.6160 0.0000 0.00 0.00 1.00 0
0.4018 -1.4150 0.0000 0.00 0.00 1.00 0
0.3770 -1.2123 0.0000 0.00 0.00 1.00 0
0.3383 -1.0098 0.0000 0.00 0.00 1.00 0
