-0.6463 0.2555 0.0000 0.00 0.00 1.00 0
-0.6460 0.2553 0.0000 0.00 0.00 1.00 0
-0.6472 0.2547 0.0000 0.00 0.00 1.00 0
-0.6471 0.2545 0.0000 0.00 0.00 1.00 0
-0.6470 0.2543 0.0000 0.00 0.00 1.00 0
-0.6456 0.2593 0.0000 0.00 0.00 1.00 0
-0.6454 0.2598 0.0000 0.00 0.00 1.00 0
-0.6444 0.2588 0.0000 0.00 0.00 1.00 0
-0.6440 0.2591 0.0000 0.00 0.00 1.00 0
-0.6436 0.2594 0.0000 0.00 0.00 1.00 0
-0.6437 0.2584 0.0000 0.00 0.00 1.00 0
-0.6434 0.2584 0.0000 0.00 0.00 1.00 0
-0.6431 0.2585 0.0000 0.00 0.00 1.00 0
-0.6475 0.2593 0.0000 0.00 0.00 1.00 0
-0.6479 0.2595 0.0000 0.00 0.00 1.00 0
-0.6482 0.2596 0.0000 0.00 0.00 1.00 0
-0.6496 0.2619 0.0000 0.00 0.00 1.00 0
-0.6502 0.2623 0.0000 0.00 0.00 1.00 0
-0.6499 0.2613 0.0000 0.00 0.00 1.00 0
-0.6503 0.2616 0.0000 0.00 0.00 1.00 0
-0.6507 0.2618 0.0000 0.00 0.00 1.00 0
-0.6507 0.2600 0.0000 0.00 0.00 1.00 0
-0.6510 0.2599 0.0000 0.00 0.00 1.00 0
-0.6513 0.2598 0.0000 0.00 0.00 1.00 0
-0.6502 0.2573 0.0000 0.00 0.00 1.00 0
-0.6503 0.2568 0.0000 0.00 0.00 1.00 0
-0.6486 0.2541 0.0000 0.00 0.00 1.00 0
-0.6484 0.2532 0.0000 0.00 0.00 1.00 0
-0.6481 0.2523 0.0000 0.00 0.00 1.00 0
-0.6490 0.2500 0.0000 0.00 0.00 1.00 0
-0.6489 0.2488 0.0000 0.00 0.00 1.00 0
-0.6489 0.2476 0.0000 0.00 0.00 1.00 0
-0.6491 0.2537 0.0000 0.00 0.00 1.00 0
-0.6491 0.2538 0.0000 0.00 0.00 1.00 0
-0.6491 0.2538 0.0000 0.00 0.00 1.00 0
-0.6530 0.2544 0.0000 0.00 0.00 1.00 0
-0.6536 0.2546 0.0000 0.00 0.00 1.00 0
-0.6541 0.2547 0.0000 0.00 0.00 1.00 0
-0.6491 0.2554 0.0000 0.00 0.00 1.00 0
-0.6489 0.2556 0.0000 0.00 0.00 1.00 0
-0.6471 0.2575 0.0000 0.00 0.00 1.00 0
-0.6467 0.2579 0.0000 0.00 0.00 1.00 0
-0.6461 0.2585 0.0000 0.00 0.00 1.00 0
-0.6445 0.2581 0.0000 0.00 0.00 1.00 0
-0.6438 0.2585 0.0000 0.00 0.00 1.00 0
-0.6431 0.2588 0.0000 0.00 0.00 1.00 0
-0.6433 0.2572 0.0000 0.00 0.00 1.00 0
-0.6427 0.2573 0.0000 0.00 0.00 1.00 0
-0.6422 0.2573 0.0000 0.00 0.00 1.00 0
-0.6432 0.2554 0.0000 0.00 0.00 1.00 0
-0.6430 0.2551 0.0000 0.00 0.00 1.00 0
-0.6428 0.2550 0.0000 0.00 0.00 1.00 0
-0.6454 0.2604 0.0000 0.00 0.00 1.00 0
-0.6455 0.2610 0.0000 0.00 0.00 1.00 0
-0.6465 0.2552 0.0000 0.00 0.00 1.00 0
-0.6467 0.2548 0.0000 0.00 0.00 1.00 0
-0.6470 0.2543 0.0000 0.00 0.00 1.00 0
-0.6491 0.2520 0.0000 0.00 0.00 1.00 0
-0.6497 0.2513 0.0000 0.00 0.00 1.00 0
-0.6502 0.2506 0.0000 0.00 0.00 1.00 0
-0.6473 0.2516 0.0000 0.00 0.00 1.00 0
-0.6473 0.2512 0.0000 0.00 0.00 1.00 0
-0.6473 0.2509 0.0000 0.00 0.00 1.00 0
-0.6357 0.2548 0.0000 0.00 0.00 1.00 0
-0.6340 0.2551 0.0000 0.00 0.00 1.00 0
-0.6105 0.2636 0.0000 0.00 0.00 1.00 0
-0.6052 0.2652 0.0000 0.00 0.00 1.00 0
-0.5998 0.2668 0.0000 0.00 0.00 1.00 0
-0.5710 0.2709 0.0000 0.00 0.00 1.00 0
-0.5620 0.2729 0.0000 0.00 0.00 1.00 0
-0.5528 0.2749 0.0000 0.00 0.00 1.00 0
-0.5338 0.2755 0.0000 0.00 0.00 1.00 0
-0.5235 0.2773 0.0000 0.00 0.00 1.00 0
-0.5216 0.2810 0.0000 0.00 0.00 1.00 0
-0.5125 0.2832 0.0000 0.00 0.00 1.00 0
-0.5035 0.2853 0.0000 0.00 0.00 1.00 0
-0.4968 0.2868 0.0000 0.00 0.00 1.00 0
-0.4998 0.2842 0.0000 0.00 0.00 1.00 0
-0.4928 0.2856 0.0000 0.00 0.00 1.00 0
-0.4971 0.2829 0.0000 0.00 0.00 1.00 0
-0.4919 0.2836 0.0000 0.00 0.00 1.00 0
-0.4872 0.2843 0.0000 0.00 0.00 1.00 0
-0.4975 0.2805 0.0000 0.00 0.00 1.00 0
-0.4948 0.2805 0.0000 0.00 0.00 1.00 0
-0.4924 0.2805 0.0000 0.00 0.00 1.00 0
-0.5025 0.2753 0.0000 0.00 0.00 1.00 0
-0.5018 0.2746 0.0000 0.00 0.00 1.00 0
-0.5111 0.2748 0.0000 0.00 0.00 1.00 0
-0.5119 0.2742 0.0000 0.00 0.00 1.00 0
-0.5128 0.2736 0.0000 0.00 0.00 1.00 0
-0.5214 0.2757 0.0000 0.00 0.00 1.00 0
-0.5233 0.2756 0.0000 0.00 0.00 1.00 0
-0.5257 0.2754 0.0000 0.00 0.00 1.00 0
-0.5299 0.2768 0.0000 0.00 0.00 1.00 0
-0.5324 0.2769 0.0000 0.00 0.00 1.00 0
-0.5346 0.2769 0.0000 0.00 0.00 1.00 0
-0.5175 0.2774 0.0000 0.00 0.00 1.00 0
-0.5170 0.2776 0.0000 0.00 0.00 1.00 0
-0.5166 0.2777 0.0000 0.00 0.00 1.00 0
-0.4818 0.2861 0.0000 0.00 0.00 1.00 0
-0.4764 0.2874 0.0000 0.00 0.00 1.00 0
-0.4491 0.2938 0.0000 0.00 0.00 1.00 0
-0.4392 0.2962 0.0000 0.00 0.00 1.00 0
-0.4299 0.2984 0.0000 0.00 0.00 1.00 0
-0.4214 0.2945 0.0000 0.00 0.00 1.00 0
-0.4123 0.2957 0.0000 0.00 0.00 1.00 0
-0.4041 0.2969 0.0000 0.00 0.00 1.00 0
-0.4002 0.2951 0.0000 0.00 0.00 1.00 0
-0.3920 0.2959 0.0000 0.00 0.00 1.00 0
-0.3870 0.2963 0.0000 0.00 0.00 1.00 0
-0.3877 0.2937 0.0000 0.00 0.00 1.00 0
-0.3814 0.2939 0.0000 0.00 0.00 1.00 0
-0.3892 0.2960 0.0000 0.00 0.00 1.00 0
-0.3851 0.2966 0.0000 0.00 0.00 1.00 0
-0.3812 0.2971 0.0000 0.00 0.00 1.00 0
-0.3924 0.2972 0.0000 0.00 0.00 1.00 0
-0.3910 0.2976 0.0000 0.00 0.00 1.00 0
-0.3894 0.2981 0.0000 0.00 0.00 1.00 0
-0.4019 0.2992 0.0000 0.00 0.00 1.00 0
-0.4025 0.2997 0.0000 0.00 0.00 1.00 0
-0.4029 0.3001 0.0000 0.00 0.00 1.00 0
-0.4185 0.2961 0.0000 0.00 0.00 1.00 0
-0.4213 0.2960 0.0000 0.00 0.00 1.00 0
-0.4419 0.2913 0.0000 0.00 0.00 1.00 0
-0.4476 0.2904 0.0000 0.00 0.00 1.00 0
-0.4534 0.2895 0.0000 0.00 0.00 1.00 0
-0.4814 0.2824 0.0000 0.00 0.00 1.00 0
-0.4907 0.2806 0.0000 0.00 0.00 1.00 0
-0.5001 0.2787 0.0000 0.00 0.00 1.00 0
-0.5292 0.2745 0.0000 0.00 0.00 1.00 0
-0.5416 0.2722 0.0000 0.00 0.00 1.00 0
-0.5502 0.2707 0.0000 0.00 0.00 1.00 0
-0.5755 0.2670 0.0000 0.00 0.00 1.00 0
-0.5895 0.2646 0.0000 0.00 0.00 1.00 0
-0.5977 0.2633 0.0000 0.00 0.00 1.00 0
-0.6131 0.2573 0.0000 0.00 0.00 1.00 0
-0.6260 0.2546 0.0000 0.00 0.00 1.00 0
-0.6314 0.2545 0.0000 0.00 0.00 1.00 0
-0.6465 0.2516 0.0000 0.00 0.00 1.00 0
-0.6589 0.2491 0.0000 0.00 0.00 1.00 0
-0.6642 0.2465 0.0000 0.00 0.00 1.00 0
-0.6756 0.2440 0.0000 0.00 0.00 1.00 0
-0.6847 0.2421 0.0000 0.00 0.00 1.00 0
-0.6937 0.2448 0.0000 0.00 0.00 1.00 0
-0.7041 0.2433 0.0000 0.00 0.00 1.00 0
-0.7105 0.2423 0.0000 0.00 0.00 1.00 0
-0.7148 0.2415 0.0000 0.00 0.00 1.00 0
-0.7228 0.2403 0.0000 0.00 0.00 1.00 0
-0.7272 0.2403 0.0000 0.00 0.00 1.00 0
-0.7353 0.2391 0.0000 0.00 0.00 1.00 0
-0.7434 0.2380 0.0000 0.00 0.00 1.00 0
-0.7499 0.2367 0.0000 0.00 0.00 1.00 0
-0.7578 0.2355 0.0000 0.00 0.00 1.00 0
-0.7644 0.2346 0.0000 0.00 0.00 1.00 0
-0.7703 0.2342 0.0000 0.00 0.00 1.00 0
-0.7777 0.2332 0.0000 0.00 0.00 1.00 0
-0.7830 0.2325 0.0000 0.00 0.00 1.00 0
-0.7952 0.2313 0.0000 0.00 0.00 1.00 0
-0.8037 0.2303 0.0000 0.00 0.00 1.00 0
-0.8146 0.2338 0.0000 0.00 0.00 1.00 0
-0.8231 0.2335 0.0000 0.00 0.00 1.00 0
-0.8313 0.2332 0.0000 0.00 0.00 1.00 0
-0.8475 0.2278 0.0000 0.00 0.00 1.00 0
-0.8566 0.2267 0.0000 0.00 0.00 1.00 0
-0.8652 0.2258 0.0000 0.00 0.00 1.00 0
-0.8900 0.2250 0.0000 0.00 0.00 1.00 0
-0.9016 0.2240 0.0000 0.00 0.00 1.00 0
-0.9097 0.2233 0.0000 0.00 0.00 1.00 0
-0.9439 0.2146 0.0000 0.00 0.00 1.00 0
-0.9585 0.2125 0.0000 0.00 0.00 1.00 0
-0.9837 0.2071 0.0000 0.00 0.00 1.00 0
-0.9982 0.2048 0.0000 0.00 0.00 1.00 0
-1.0160 0.2019 0.0000 0.00 0.00 1.00 0
-1.0403 0.1963 0.0000 0.00 0.00 1.00 0
-1.0581 0.1931 0.0000 0.00 0.00 1.00 0
-1.0739 0.1903 0.0000 0.00 0.00 1.00 0
-1.0990 0.1903 0.0000 0.00 0.00 1.00 0
-1.1178 0.1876 0.0000 0.00 0.00 1.00 0
-1.1357 0.1851 0.0000 0.00 0.00 1.00 0
-1.1604 0.1810 0.0000 0.00 0.00 1.00 0
-1.1800 0.1781 0.0000 0.00 0.00 1.00 0
-1.1990 0.1766 0.0000 0.00 0.00 1.00 0
-1.2193 0.1748 0.0000 0.00 0.00 1.00 0
-1.2369 0.1724 0.0000 0.00 0.00 1.00 0
-1.2604 0.1674 0.0000 0.00 0.00 1.00 0
-1.2806 0.1644 0.0000 0.00 0.00 1.00 0
-1.3003 0.1614 0.0000 0.00 0.00 1.00 0
-1.3242 0.1574 0.0000 0.00 0.00 1.00 0
-1.3424 0.1546 0.0000 0.00 0.00 1.00 0
-1.3595 0.1520 0.0000 0.00 0.00 1.00 0
-1.3798 0.1494 0.0000 0.00 0.00 1.00 0
-1.4023 0.1460 0.0000 0.00 0.00 1.00 0
-1.4159 0.1417 0.0000 0.00 0.00 1.00 0
-1.4349 0.1384 0.0000 0.00 0.00 1.00 0
-1.4537 0.1352 0.0000 0.00 0.00 1.00 0
-1.4707 0.1328 0.0000 0.00 0.00 1.00 0
-1.4893 0.1297 0.0000 0.00 0.00 1.00 0
-1.5078 0.1266 0.0000 0.00 0.00 1.00 0
-1.5203 0.1265 0.0000 0.00 0.00 1.00 0
-1.5380 0.1239 0.0000 0.00 0.00 1.00 0
-1.5518 0.1218 0.0000 0.00 0.00 1.00 0
-1.5670 0.1213 0.0000 0.00 0.00 1.00 0
-1.5840 0.1191 0.0000 0.00 0.00 1.00 0
-1.5948 0.1196 0.0000 0.00 0.00 1.00 0
-1.6107 0.1178 0.0000 0.00 0.00 1.00 0
-1.6265 0.1160 0.0000 0.00 0.00 1.00 0
-1.6361 0.1142 0.0000 0.00 0.00 1.00 0
-1.6511 0.1125 0.0000 0.00 0.00 1.00 0
-1.6631 0.1110 0.0000 0.00 0.00 1.00 0
-1.6805 0.1069 0.0000 0.00 0.00 1.00 0
-1.6955 0.1048 0.0000 0.00 0.00 1.00 0
-1.7088 0.1029 0.0000 0.00 0.00 1.00 0
-1.7316 0.0961 0.0000 0.00 0.00 1.00 0
-1.7471 0.0933 0.0000 0.00 0.00 1.00 0
-1.7566 0.0917 0.0000 0.00 0.00 1.00 0
-1.7845 0.0858 0.0000 0.00 0.00 1.00 0
-1.8030 0.0824 0.0000 0.00 0.00 1.00 0
-1.8273 0.0783 0.0000 0.00 0.00 1.00 0
-1.8453 0.0750 0.0000 0.00 0.00 1.00 0
-1.8636 0.0717 0.0000 0.00 0.00 1.00 0
-1.8934 0.0661 0.0000 0.00 0.00 1.00 0
-1.9140 0.0623 0.0000 0.00 0.00 1.00 0
-1.9343 0.0586 0.0000 0.00 0.00 1.00 0
-1.9604 0.0555 0.0000 0.00 0.00 1.00 0
-1.9811 0.0520 0.0000 0.00 0.00 1.00 0
-2.0038 0.0497 0.0000 0.00 0.00 1.00 0
-2.0251 0.0464 0.0000 0.00 0.00 1.00 0
-2.0452 0.0432 0.0000 0.00 0.00 1.00 0
-2.0638 0.0402 0.0000 0.00 0.00 1.00 0
-2.0847 0.0370 0.0000 0.00 0.00 1.00 0
-2.1054 0.0337 0.0000 0.00 0.00 1.00 0
-2.1207 0.0361 0.0000 0.00 0.00 1.00 0
-2.1407 0.0338 0.0000 0.00 0.00 1.00 0
-2.1608 0.0314 0.0000 0.00 0.00 1.00 0
-2.1753 0.0287 0.0000 0.00 0.00 1.00 0
-2.1943 0.0263 0.0000 0.00 0.00 1.00 0
-2.2056 0.0248 0.0000 0.00 0.00 1.00 0
-2.2269 0.0243 0.0000 0.00 0.00 1.00 0
-2.2432 0.0225 0.0000 0.00 0.00 1.00 0
-2.2621 0.0175 0.0000 0.00 0.00 1.00 0
-2.2801 0.0150 0.0000 0.00 0.00 1.00 0
-2.2985 0.0125 0.0000 0.00 0.00 1.00 0
-2.3170 0.0102 0.0000 0.00 0.00 1.00 0
-2.3354 0.0078 0.0000 0.00 0.00 1.00 0
-2.3534 0.0054 0.0000 0.00 0.00 1.00 0
-2.3713 0.0027 0.0000 0.00 0.00 1.00 0
-2.3896 0.0001 0.0000 0.00 0.00 1.00 0
-2.4040 -0.0020 0.0000 0.00 0.00 1.00 0
-2.4277 -0.0056 0.0000 0.00 0.00 1.00 0
-2.4461 -0.0083 0.0000 0.00 0.00 1.00 0
-2.4671 -0.0117 0.0000 0.00 0.00 1.00 0
-2.4862 -0.0145 0.0000 0.00 0.00 1.00 0
-2.5053 -0.0174 0.0000 0.00 0.00 1.00 0
-2.5317 -0.0167 0.0000 0.00 0.00 1.00 0
-2.5516 -0.0189 0.0000 0.00 0.00 1.00 0
-2.5717 -0.0212 0.0000 0.00 0.00 1.00 0
-2.5942 -0.0229 0.0000 0.00 0.00 1.00 0
-2.6128 -0.0248 0.0000 0.00 0.00 1.00 0
-2.6290 -0.0266 0.0000 0.00 0.00 1.00 0
-2.6561 -0.0271 0.0000 0.00 0.00 1.00 0
-2.6763 -0.0289 0.0000 0.00 0.00 1.00 0
-2.6935 -0.0354 0.0000 0.00 0.00 1.00 0
-2.7132 -0.0380 0.0000 0.00 0.00 1.00 0
-2.7312 -0.0403 0.0000 0.00 0.00 1.00 0
-2.7433 -0.0475 0.0000 0.00 0.00 1.00 0
-2.7621 -0.0509 0.0000 0.00 0.00 1.00 0
-2.7805 -0.0542 0.0000 0.00 0.00 1.00 0
-2.8016 -0.0565 0.0000 0.00 0.00 1.00 0
-2.8205 -0.0596 0.0000 0.00 0.00 1.00 0
-2.8389 -0.0604 0.0000 0.00 0.00 1.00 0
-2.8576 -0.0631 0.0000 0.00 0.00 1.00 0
-2.8759 -0.0657 0.0000 0.00 0.00 1.00 0
-2.8891 -0.0676 0.0000 0.00 0.00 1.00 0
-2.9177 -0.0676 0.0000 0.00 0.00 1.00 0
-2.9371 -0.0698 0.0000 0.00 0.00 1.00 0
-2.9445 -0.0706 0.0000 0.00 0.00 1.00 0
-2.9688 -0.0742 0.0000 0.00 0.00 1.00 0
-2.9874 -0.0765 0.0000 0.00 0.00 1.00 0
-3.0089 -0.0782 0.0000 0.00 0.00 1.00 0
-3.0278 -0.0803 0.0000 0.00 0.00 1.00 0
-3.0429 -0.0820 0.0000 0.00 0.00 1.00 0
-3.0627 -0.0860 0.0000 0.00 0.00 1.00 0
-3.0810 -0.0884 0.0000 0.00 0.00 1.00 0
-3.0959 -0.0903 0.0000 0.00 0.00 1.00 0
-3.1239 -0.0916 0.0000 0.00 0.00 1.00 0
-3.1434 -0.0937 0.0000 0.00 0.00 1.00 0
-3.1592 -0.0947 0.0000 0.00 0.00 1.00 0
-3.1792 -0.0968 0.0000 0.00 0.00 1.00 0
-3.1980 -0.0987 0.0000 0.00 0.00 1.00 0
-3.2211 -0.1036 0.0000 0.00 0.00 1.00 0
-3.2407 -0.1060 0.0000 0.00 0.00 1.00 0
-3.2582 -0.1082 0.0000 0.00 0.00 1.00 0
-3.2811 -0.1126 0.0000 0.00 0.00 1.00 0
-3.2994 -0.1151 0.0000 0.00 0.00 1.00 0
-3.3155 -0.1173 0.0000 0.00 0.00 1.00 0
-3.3387 -0.1227 0.0000 0.00 0.00 1.00 0
-3.3583 -0.1257 0.0000 0.00 0.00 1.00 0
-3.3745 -0.1283 0.0000 0.00 0.00 1.00 0
-3.3936 -0.1312 0.0000 0.00 0.00 1.00 0
-3.4137 -0.1343 0.0000 0.00 0.00 1.00 0
-3.4239 -0.1371 0.0000 0.00 0.00 1.00 0
-3.4415 -0.1400 0.0000 0.00 0.00 1.00 0
-3.4577 -0.1426 0.0000 0.00 0.00 1.00 0
-3.4701 -0.1387 0.0000 0.00 0.00 1.00 0
-3.4832 -0.1401 0.0000 0.00 0.00 1.00 0
-3.5003 -0.1420 0.0000 0.00 0.00 1.00 0
-3.4970 -0.1374 0.0000 0.00 0.00 1.00 0
-3.5103 -0.1382 0.0000 0.00 0.00 1.00 0
-3.4938 -0.1361 0.0000 0.00 0.00 1.00 0
-3.5021 -0.1365 0.0000 0.00 0.00 1.00 0
-3.5105 -0.1368 0.0000 0.00 0.00 1.00 0
-3.4870 -0.1333 0.0000 0.00 0.00 1.00 0
-3.4900 -0.1331 0.0000 0.00 0.00 1.00 0
-3.4932 -0.1328 0.0000 0.00 0.00 1.00 0
-3.4679 -0.1357 0.0000 0.00 0.00 1.00 0
-3.4666 -0.1359 0.0000 0.00 0.00 1.00 0
-3.4656 -0.1361 0.0000 0.00 0.00 1.00 0
-3.4415 -0.1359 0.0000 0.00 0.00 1.00 0
-3.4368 -0.1360 0.0000 0.00 0.00 1.00 0
-3.4344 -0.1361 0.0000 0.00 0.00 1.00 0
-3.4180 -0.1338 0.0000 0.00 0.00 1.00 0
-3.4122 -0.1333 0.0000 0.00 0.00 1.00 0
-3.4142 -0.1286 0.0000 0.00 0.00 1.00 0
-3.4096 -0.1274 0.0000 0.00 0.00 1.00 0
-3.4051 -0.1263 0.0000 0.00 0.00 1.00 0
-3.4283 -0.1242 0.0000 0.00 0.00 1.00 0
-3.4282 -0.1229 0.0000 0.00 0.00 1.00 0
-3.4280 -0.1216 0.0000 0.00 0.00 1.00 0
-3.4539 -0.1234 0.0000 0.00 0.00 1.00 0
-3.4577 -0.1226 0.0000 0.00 0.00 1.00 0
-3.4599 -0.1221 0.0000 0.00 0.00 1.00 0
-3.4885 -0.1276 0.0000 0.00 0.00 1.00 0
-3.4958 -0.1278 0.0000 0.00 0.00 1.00 0
-3.5106 -0.1354 0.0000 0.00 0.00 1.00 0
-3.5175 -0.1365 0.0000 0.00 0.00 1.00 0
-3.5276 -0.1382 0.0000 0.00 0.00 1.00 0
-3.5357 -0.1396 0.0000 0.00 0.00 1.00 0
-3.5442 -0.1410 0.0000 0.00 0.00 1.00 0
-3.5518 -0.1422 0.0000 0.00 0.00 1.00 0
-3.5610 -0.1443 0.0000 0.00 0.00 1.00 0
-3.5693 -0.1458 0.0000 0.00 0.00 1.00 0
-3.5744 -0.1467 0.0000 0.00 0.00 1.00 0
-3.5843 -0.1490 0.0000 0.00 0.00 1.00 0
-3.5924 -0.1505 0.0000 0.00 0.00 1.00 0
-3.5948 -0.1498 0.0000 0.00 0.00 1.00 0
-3.6028 -0.1511 0.0000 0.00 0.00 1.00 0
-3.6093 -0.1521 0.0000 0.00 0.00 1.00 0
-3.6093 -0.1491 0.0000 0.00 0.00 1.00 0
-3.6154 -0.1496 0.0000 0.00 0.00 1.00 0
-3.6215 -0.1501 0.0000 0.00 0.00 1.00 0
-3.6209 -0.1464 0.0000 0.00 0.00 1.00 0
-3.6259 -0.1462 0.0000 0.00 0.00 1.00 0
-3.6295 -0.1461 0.0000 0.00 0.00 1.00 0
-3.6375 -0.1477 0.0000 0.00 0.00 1.00 0
-3.6426 -0.1478 0.0000 0.00 0.00 1.00 0
-3.6458 -0.1478 0.0000 0.00 0.00 1.00 0
-3.6610 -0.1514 0.0000 0.00 0.00 1.00 0
-3.6673 -0.1520 0.0000 0.00 0.00 1.00 0
-3.6808 -0.1540 0.0000 0.00 0.00 1.00 0
-3.6886 -0.1548 0.0000 0.00 0.00 1.00 0
-3.6960 -0.1556 0.0000 0.00 0.00 1.00 0
-3.7065 -0.1622 0.0000 0.00 0.00 1.00 0
-3.7145 -0.1639 0.0000 0.00 0.00 1.00 0
-3.7201 -0.1651 0.0000 0.00 0.00 1.00 0
-3.7285 -0.1698 0.0000 0.00 0.00 1.00 0
-3.7359 -0.1718 0.0000 0.00 0.00 1.00 0
-3.7405 -0.1730 0.0000 0.00 0.00 1.00 0
-3.7488 -0.1713 0.0000 0.00 0.00 1.00 0
-3.7560 -0.1727 0.0000 0.00 0.00 1.00 0
-3.7614 -0.1722 0.0000 0.00 0.00 1.00 0
-3.7684 -0.1732 0.0000 0.00 0.00 1.00 0
-3.7754 -0.1743 0.0000 0.00 0.00 1.00 0
-3.7840 -0.1731 0.0000 0.00 0.00 1.00 0
-3.7912 -0.1738 0.0000 0.00 0.00 1.00 0
-3.7984 -0.1745 0.0000 0.00 0.00 1.00 0
-3.8067 -0.1819 0.0000 0.00 0.00 1.00 0
-3.8140 -0.1836 0.0000 0.00 0.00 1.00 0
-3.8172 -0.1881 0.0000 0.00 0.00 1.00 0
-3.8238 -0.1902 0.0000 0.00 0.00 1.00 0
-3.8306 -0.1925 0.0000 0.00 0.00 1.00 0
-3.8322 -0.1911 0.0000 0.00 0.00 1.00 0
-3.8381 -0.1927 0.0000 0.00 0.00 1.00 0
-3.8433 -0.1941 0.0000 0.00 0.00 1.00 0
-3.8471 -0.1920 0.0000 0.00 0.00 1.00 0
-3.8526 -0.1930 0.0000 0.00 0.00 1.00 0
-3.8569 -0.1938 0.0000 0.00 0.00 1.00 0
-3.8703 -0.1919 0.0000 0.00 0.00 1.00 0
-3.8769 -0.1924 0.0000 0.00 0.00 1.00 0
-3.8814 -0.1927 0.0000 0.00 0.00 1.00 0
-3.8952 -0.1960 0.0000 0.00 0.00 1.00 0
-3.9032 -0.1970 0.0000 0.00 0.00 1.00 0
-3.9094 -0.2026 0.0000 0.00 0.00 1.00 0
-3.9167 -0.2043 0.0000 0.00 0.00 1.00 0
-3.9238 -0.2060 0.0000 0.00 0.00 1.00 0
-3.9282 -0.2073 0.0000 0.00 0.00 1.00 0
-3.9350 -0.2089 0.0000 0.00 0.00 1.00 0
-3.9411 -0.2104 0.0000 0.00 0.00 1.00 0
-3.9473 -0.2130 0.0000 0.00 0.00 1.00 0
-3.9532 -0.2146 0.0000 0.00 0.00 1.00 0
-3.9585 -0.2160 0.0000 0.00 0.00 1.00 0
-3.9650 -0.2188 0.0000 0.00 0.00 1.00 0
-3.9715 -0.2207 0.0000 0.00 0.00 1.00 0
-3.9757 -0.2227 0.0000 0.00 0.00 1.00 0
-3.9817 -0.2246 0.0000 0.00 0.00 1.00 0
-3.9877 -0.2264 0.0000 0.00 0.00 1.00 0
-3.9933 -0.2296 0.0000 0.00 0.00 1.00 0
-3.9992 -0.2316 0.0000 0.00 0.00 1.00 0
-4.0046 -0.2335 0.0000 0.00 0.00 1.00 0
-4.0139 -0.2339 0.0000 0.00 0.00 1.00 0
-4.0202 -0.2356 0.0000 0.00 0.00 1.00 0
-4.0246 -0.2369 0.0000 0.00 0.00 1.00 0
-4.0312 -0.2314 0.0000 0.00 0.00 1.00 0
-4.0374 -0.2320 0.0000 0.00 0.00 1.00 0
-4.0422 -0.2304 0.0000 0.00 0.00 1.00 0
-4.0481 -0.2307 0.0000 0.00 0.00 1.00 0
-4.0541 -0.2309 0.0000 0.00 0.00 1.00 0
-4.0569 -0.2365 0.0000 0.00 0.00 1.00 0
-4.0624 -0.2377 0.0000 0.00 0.00 1.00 0
-4.0679 -0.2388 0.0000 0.00 0.00 1.00 0
-4.0789 -0.2483 0.0000 0.00 0.00 1.00 0
-4.0851 -0.2507 0.0000 0.00 0.00 1.00 0
-4.0902 -0.2526 0.0000 0.00 0.00 1.00 0
-4.1009 -0.2588 0.0000 0.00 0.00 1.00 0
-4.1077 -0.2617 0.0000 0.00 0.00 1.00 0
-4.1118 -0.2634 0.0000 0.00 0.00 1.00 0
-4.1224 -0.2667 0.0000 0.00 0.00 1.00 0
-4.1294 -0.2695 0.0000 0.00 0.00 1.00 0
-4.1331 -0.2711 0.0000 0.00 0.00 1.00 0
-4.1395 -0.2737 0.0000 0.00 0.00 1.00 0
-4.1457 -0.2762 0.0000 0.00 0.00 1.00 0
-4.1496 -0.2784 0.0000 0.00 0.00 1.00 0
-4.1562 -0.2812 0.0000 0.00 0.00 1.00 0
-4.1611 -0.2832 0.0000 0.00 0.00 1.00 0
-4.1705 -0.2867 0.0000 0.00 0.00 1.00 0
-4.1756 -0.2888 0.0000 0.00 0.00 1.00 0
-4.1878 -0.2884 0.0000 0.00 0.00 1.00 0
-4.1950 -0.2905 0.0000 0.00 0.00 1.00 0
-4.2022 -0.2925 0.0000 0.00 0.00 1.00 0
-4.2102 -0.2964 0.0000 0.00 0.00 1.00 0
-4.2168 -0.2985 0.0000 0.00 0.00 1.00 0
-4.2248 -0.3011 0.0000 0.00 0.00 1.00 0
-4.2295 -0.3037 0.0000 0.00 0.00 1.00 0
-4.2365 -0.3061 0.0000 0.00 0.00 1.00 0
-4.2428 -0.3083 0.0000 0.00 0.00 1.00 0
-4.2488 -0.3164 0.0000 0.00 0.00 1.00 0
-4.2554 -0.3196 0.0000 0.00 0.00 1.00 0
-4.2595 -0.3216 0.0000 0.00 0.00 1.00 0
-4.2667 -0.3226 0.0000 0.00 0.00 1.00 0
-4.2724 -0.3250 0.0000 0.00 0.00 1.00 0
-4.2830 -0.3262 0.0000 0.00 0.00 1.00 0
-4.2902 -0.3287 0.0000 0.00 0.00 1.00 0
-4.2970 -0.3310 0.0000 0.00 0.00 1.00 0
-4.3013 -0.3337 0.0000 0.00 0.00 1.00 0
-4.3086 -0.3364 0.0000 0.00 0.00 1.00 0
-4.3146 -0.3386 0.0000 0.00 0.00 1.00 0
-4.3171 -0.3408 0.0000 0.00 0.00 1.00 0
-4.3230 -0.3431 0.0000 0.00 0.00 1.00 0
-4.3265 -0.3446 0.0000 0.00 0.00 1.00 0
-4.3326 -0.3472 0.0000 0.00 0.00 1.00 0
-4.3382 -0.3495 0.0000 0.00 0.00 1.00 0
-4.3437 -0.3493 0.0000 0.00 0.00 1.00 0
-4.3494 -0.3512 0.0000 0.00 0.00 1.00 0
-4.3550 -0.3531 0.0000 0.00 0.00 1.00 0
-4.3633 -0.3594 0.0000 0.00 0.00 1.00 0
-4.3693 -0.3620 0.0000 0.00 0.00 1.00 0
-4.3752 -0.3646 0.0000 0.00 0.00 1.00 0
-4.3820 -0.3697 0.0000 0.00 0.00 1.00 0
-4.3879 -0.3726 0.0000 0.00 0.00 1.00 0
-4.3923 -0.3747 0.0000 0.00 0.00 1.00 0
-4.4031 -0.3807 0.0000 0.00 0.00 1.00 0
-4.4098 -0.3840 0.0000 0.00 0.00 1.00 0
-4.4141 -0.3893 0.0000 0.00 0.00 1.00 0
-4.4203 -0.3930 0.0000 0.00 0.00 1.00 0
-4.4262 -0.3964 0.0000 0.00 0.00 1.00 0
-4.4346 -0.3971 0.0000 0.00 0.00 1.00 0
-4.4411 -0.4002 0.0000 0.00 0.00 1.00 0
-4.4475 -0.4033 0.0000 0.00 0.00 1.00 0
-4.4486 -0.4036 0.0000 0.00 0.00 1.00 0
-4.4538 -0.4061 0.0000 0.00 0.00 1.00 0
-4.4586 -0.4083 0.0000 0.00 0.00 1.00 0
-4.4645 -0.4103 0.0000 0.00 0.00 1.00 0
-4.4714 -0.4134 0.0000 0.00 0.00 1.00 0
-4.4752 -0.4156 0.0000 0.00 0.00 1.00 0
-4.4805 -0.4180 0.0000 0.00 0.00 1.00 0
-4.4859 -0.4205 0.0000 0.00 0.00 1.00 0
-4.4991 -0.4258 0.0000 0.00 0.00 1.00 0
-4.5055 -0.4286 0.0000 0.00 0.00 1.00 0
-4.5120 -0.4315 0.0000 0.00 0.00 1.00 0
-4.5167 -0.4352 0.0000 0.00 0.00 1.00 0
-4.5230 -0.4383 0.0000 0.00 0.00 1.00 0
-4.5278 -0.4406 0.0000 0.00 0.00 1.00 0
-4.5335 -0.4431 0.0000 0.00 0.00 1.00 0
-4.5395 -0.4460 0.0000 0.00 0.00 1.00 0
-4.5437 -0.4451 0.0000 0.00 0.00 1.00 0
-4.5495 -0.4473 0.0000 0.00 0.00 1.00 0
-4.5552 -0.4495 0.0000 0.00 0.00 1.00 0
-4.5587 -0.4534 0.0000 0.00 0.00 1.00 0
-4.5645 -0.4562 0.0000 0.00 0.00 1.00 0
-4.5699 -0.4587 0.0000 0.00 0.00 1.00 0
-4.5820 -0.4670 0.0000 0.00 0.00 1.00 0
-4.5885 -0.4704 0.0000 0.00 0.00 1.00 0
-4.5936 -0.4731 0.0000 0.00 0.00 1.00 0
-4.6071 -0.4829 0.0000 0.00 0.00 1.00 0
-4.6146 -0.4873 0.0000 0.00 0.00 1.00 0
-4.6156 -0.4893 0.0000 0.00 0.00 1.00 0
-4.6219 -0.4932 0.0000 0.00 0.00 1.00 0
-4.6282 -0.4972 0.0000 0.00 0.00 1.00 0
-4.6268 -0.4974 0.0000 0.00 0.00 1.00 0
-4.6318 -0.5007 0.0000 0.00 0.00 1.00 0
-4.6368 -0.5039 0.0000 0.00 0.00 1.00 0
-4.6415 -0.5022 0.0000 0.00 0.00 1.00 0
-4.6464 -0.5047 0.0000 0.00 0.00 1.00 0
-4.6466 -0.5095 0.0000 0.00 0.00 1.00 0
-4.6549 -0.5095 0.0000 0.00 0.00 1.00 0
-4.6590 -0.5124 0.0000 0.00 0.00 1.00 0
-4.6624 -0.5148 0.0000 0.00 0.00 1.00 0
-4.6758 -0.5253 0.0000 0.00 0.00 1.00 0
-4.6811 -0.5293 0.0000 0.00 0.00 1.00 0
-4.6922 -0.5380 0.0000 0.00 0.00 1.00 0
-4.6985 -0.5428 0.0000 0.00 0.00 1.00 0
-4.7055 -0.5481 0.0000 0.00 0.00 1.00 0
-4.7140 -0.5471 0.0000 0.00 0.00 1.00 0
-4.7206 -0.5510 0.0000 0.00 0.00 1.00 0
-4.7267 -0.5545 0.0000 0.00 0.00 1.00 0
-4.7310 -0.5475 0.0000 0.00 0.00 1.00 0
-4.7373 -0.5496 0.0000 0.00 0.00 1.00 0
-4.7382 -0.5547 0.0000 0.00 0.00 1.00 0
-4.7435 -0.5573 0.0000 0.00 0.00 1.00 0
-4.7488 -0.5600 0.0000 0.00 0.00 1.00 0
-4.7548 -0.5657 0.0000 0.00 0.00 1.00 0
-4.7602 -0.5689 0.0000 0.00 0.00 1.00 0
-4.7657 -0.5721 0.0000 0.00 0.00 1.00 0
-4.7756 -0.5804 0.0000 0.00 0.00 1.00 0
-4.7818 -0.5845 0.0000 0.00 0.00 1.00 0
-4.7873 -0.5880 0.0000 0.00 0.00 1.00 0
-4.7984 -0.5974 0.0000 0.00 0.00 1.00 0
-4.8051 -0.6022 0.0000 0.00 0.00 1.00 0
-4.8006 -0.6027 0.0000 0.00 0.00 1.00 0
-4.8056 -0.6068 0.0000 0.00 0.00 1.00 0
-4.8103 -0.6108 0.0000 0.00 0.00 1.00 0
-4.8113 -0.6103 0.0000 0.00 0.00 1.00 0
-4.8159 -0.6139 0.0000 0.00 0.00 1.00 0
-4.8198 -0.6170 0.0000 0.00 0.00 1.00 0
-4.8263 -0.6192 0.0000 0.00 0.00 1.00 0
-4.8308 -0.6222 0.0000 0.00 0.00 1.00 0
-4.8355 -0.6254 0.0000 0.00 0.00 1.00 0
-4.8462 -0.6311 0.0000 0.00 0.00 1.00 0
-4.8517 -0.6346 0.0000 0.00 0.00 1.00 0
-4.8555 -0.6370 0.0000 0.00 0.00 1.00 0
-4.8678 -0.6486 0.0000 0.00 0.00 1.00 0
-4.8741 -0.6531 0.0000 0.00 0.00 1.00 0
-4.8751 -0.6580 0.0000 0.00 0.00 1.00 0
-4.8805 -0.6625 0.0000 0.00 0.00 1.00 0
-4.8854 -0.6667 0.0000 0.00 0.00 1.00 0
-4.8881 -0.6684 0.0000 0.00 0.00 1.00 0
-4.8930 -0.6725 0.0000 0.00 0.00 1.00 0
-4.8979 -0.6766 0.0000 0.00 0.00 1.00 0
-4.9044 -0.6818 0.0000 0.00 0.00 1.00 0
-4.9096 -0.6861 0.0000 0.00 0.00 1.00 0
-4.9132 -0.6891 0.0000 0.00 0.00 1.00 0
-4.9203 -0.6962 0.0000 0.00 0.00 1.00 0
-4.9250 -0.7002 0.0000 0.00 0.00 1.00 0
-4.9326 -0.7037 0.0000 0.00 0.00 1.00 0
-4.9382 -0.7080 0.0000 0.00 0.00 1.00 0
-4.9443 -0.7127 0.0000 0.00 0.00 1.00 0
-4.9465 -0.7157 0.0000 0.00 0.00 1.00 0
-4.9516 -0.7198 0.0000 0.00 0.00 1.00 0
-4.9567 -0.7239 0.0000 0.00 0.00 1.00 0
-4.9582 -0.7261 0.0000 0.00 0.00 1.00 0
-4.9627 -0.7299 0.0000 0.00 0.00 1.00 0
-4.9668 -0.7334 0.0000 0.00 0.00 1.00 0
-4.9727 -0.7382 0.0000 0.00 0.00 1.00 0
-4.9773 -0.7421 0.0000 0.00 0.00 1.00 0
-4.9807 -0.7449 0.0000 0.00 0.00 1.00 0
-4.9886 -0.7489 0.0000 0.00 0.00 1.00 0
-4.9934 -0.7526 0.0000 0.00 0.00 1.00 0
-5.0006 -0.7541 0.0000 0.00 0.00 1.00 0
-5.0061 -0.7577 0.0000 0.00 0.00 1.00 0
-5.0115 -0.7611 0.0000 0.00 0.00 1.00 0
-5.0143 -0.7637 0.0000 0.00 0.00 1.00 0
-5.0191 -0.7670 0.0000 0.00 0.00 1.00 0
-5.0242 -0.7703 0.0000 0.00 0.00 1.00 0
-5.0298 -0.7810 0.0000 0.00 0.00 1.00 0
-5.0348 -0.7855 0.0000 0.00 0.00 1.00 0
-5.0384 -0.7886 0.0000 0.00 0.00 1.00 0
-5.0422 -0.7945 0.0000 0.00 0.00 1.00 0
-5.0467 -0.7988 0.0000 0.00 0.00 1.00 0
-5.0523 -0.7990 0.0000 0.00 0.00 1.00 0
-5.0575 -0.8030 0.0000 0.00 0.00 1.00 0
-5.0623 -0.8068 0.0000 0.00 0.00 1.00 0
-5.0683 -0.8106 0.0000 0.00 0.00 1.00 0
-5.0732 -0.8143 0.0000 0.00 0.00 1.00 0
-5.0772 -0.8173 0.0000 0.00 0.00 1.00 0
-5.0842 -0.8236 0.0000 0.00 0.00 1.00 0
-5.0893 -0.8277 0.0000 0.00 0.00 1.00 0
-5.0961 -0.8385 0.0000 0.00 0.00 1.00 0
-5.1016 -0.8438 0.0000 0.00 0.00 1.00 0
-5.1071 -0.8490 0.0000 0.00 0.00 1.00 0
-5.1042 -0.8515 0.0000 0.00 0.00 1.00 0
-5.1083 -0.8562 0.0000 0.00 0.00 1.00 0
-5.1123 -0.8610 0.0000 0.00 0.00 1.00 0
-5.1134 -0.8568 0.0000 0.00 0.00 1.00 0
-5.1169 -0.8601 0.0000 0.00 0.00 1.00 0
-5.1204 -0.8634 0.0000 0.00 0.00 1.00 0
-5.1236 -0.8686 0.0000 0.00 0.00 1.00 0
-5.1272 -0.8723 0.0000 0.00 0.00 1.00 0
-5.1301 -0.8752 0.0000 0.00 0.00 1.00 0
-5.1344 -0.8791 0.0000 0.00 0.00 1.00 0
-5.1379 -0.8827 0.0000 0.00 0.00 1.00 0
-5.1469 -0.8924 0.0000 0.00 0.00 1.00 0
-5.1514 -0.8970 0.0000 0.00 0.00 1.00 0
-5.1556 -0.9014 0.0000 0.00 0.00 1.00 0
-5.1666 -0.9150 0.0000 0.00 0.00 1.00 0
-5.1721 -0.9211 0.0000 0.00 0.00 1.00 0
-5.1776 -0.9271 0.0000 0.00 0.00 1.00 0
-5.1851 -0.9385 0.0000 0.00 0.00 1.00 0
-5.1910 -0.9454 0.0000 0.00 0.00 1.00 0
-5.1957 -0.9509 0.0000 0.00 0.00 1.00 0
-5.2012 -0.9493 0.0000 0.00 0.00 1.00 0
-5.2068 -0.9548 0.0000 0.00 0.00 1.00 0
-5.2086 -0.9551 0.0000 0.00 0.00 1.00 0
-5.2135 -0.9597 0.0000 0.00 0.00 1.00 0
-5.2180 -0.9638 0.0000 0.00 0.00 1.00 0
-5.2169 -0.9642 0.0000 0.00 0.00 1.00 0
-5.2208 -0.9681 0.0000 0.00 0.00 1.00 0
-5.2247 -0.9720 0.0000 0.00 0.00 1.00 0
-5.2330 -0.9805 0.0000 0.00 0.00 1.00 0
-5.2376 -0.9851 0.0000 0.00 0.00 1.00 0
-5.2413 -0.9888 0.0000 0.00 0.00 1.00 0
-5.2441 -0.9969 0.0000 0.00 0.00 1.00 0
-5.2482 -1.0018 0.0000 0.00 0.00 1.00 0
-5.2507 -1.0048 0.0000 0.00 0.00 1.00 0
-5.2510 -1.0054 0.0000 0.00 0.00 1.00 0
-5.2544 -1.0094 0.0000 0.00 0.00 1.00 0
-5.2571 -1.0138 0.0000 0.00 0.00 1.00 0
-5.2614 -1.0193 0.0000 0.00 0.00 1.00 0
-5.2648 -1.0235 0.0000 0.00 0.00 1.00 0
-5.2717 -1.0275 0.0000 0.00 0.00 1.00 0
-5.2739 -1.0324 0.0000 0.00 0.00 1.00 0
-5.2774 -1.0362 0.0000 0.00 0.00 1.00 0
-5.2855 -1.0466 0.0000 0.00 0.00 1.00 0
-5.2911 -1.0529 0.0000 0.00 0.00 1.00 0
-5.2940 -1.0561 0.0000 0.00 0.00 1.00 0
-5.3014 -1.0705 0.0000 0.00 0.00 1.00 0
-5.3062 -1.0767 0.0000 0.00 0.00 1.00 0
-5.3043 -1.0733 0.0000 0.00 0.00 1.00 0
-5.3081 -1.0781 0.0000 0.00 0.00 1.00 0
-5.3119 -1.0828 0.0000 0.00 0.00 1.00 0
-5.3127 -1.0816 0.0000 0.00 0.00 1.00 0
-5.3159 -1.0853 0.0000 0.00 0.00 1.00 0
-5.3191 -1.0891 0.0000 0.00 0.00 1.00 0
-5.3219 -1.0957 0.0000 0.00 0.00 1.00 0
-5.3248 -1.0995 0.0000 0.00 0.00 1.00 0
-5.3331 -1.1094 0.0000 0.00 0.00 1.00 0
-5.3371 -1.1146 0.0000 0.00 0.00 1.00 0
-5.3412 -1.1198 0.0000 0.00 0.00 1.00 0
-5.3531 -1.1336 0.0000 0.00 0.00 1.00 0
-5.3585 -1.1402 0.0000 0.00 0.00 1.00 0
-5.3638 -1.1468 0.0000 0.00 0.00 1.00 0
-5.3645 -1.1474 0.0000 0.00 0.00 1.00 0
-5.3705 -1.1548 0.0000 0.00 0.00 1.00 0
-5.3753 -1.1607 0.0000 0.00 0.00 1.00 0
-5.3723 -1.1601 0.0000 0.00 0.00 1.00 0
-5.3758 -1.1649 0.0000 0.00 0.00 1.00 0
-5.3755 -1.1680 0.0000 0.00 0.00 1.00 0
-5.3784 -1.1727 0.0000 0.00 0.00 1.00 0
-5.3814 -1.1773 0.0000 0.00 0.00 1.00 0
-5.3890 -1.1856 0.0000 0.00 0.00 1.00 0
-5.3927 -1.1909 0.0000 0.00 0.00 1.00 0
-5.3964 -1.1960 0.0000 0.00 0.00 1.00 0
-5.3993 -1.2041 0.0000 0.00 0.00 1.00 0
-5.4026 -1.2093 0.0000 0.00 0.00 1.00 0
-5.4065 -1.2155 0.0000 0.00 0.00 1.00 0
-5.4110 -1.2205 0.0000 0.00 0.00 1.00 0
-5.4141 -1.2250 0.0000 0.00 0.00 1.00 0
-5.4176 -1.2303 0.0000 0.00 0.00 1.00 0
-5.4198 -1.2309 0.0000 0.00 0.00 1.00 0
-5.4231 -1.2355 0.0000 0.00 0.00 1.00 0
-5.4290 -1.2384 0.0000 0.00 0.00 1.00 0
-5.4324 -1.2423 0.0000 0.00 0.00 1.00 0
-5.4367 -1.2472 0.0000 0.00 0.00 1.00 0
-5.4396 -1.2562 0.0000 0.00 0.00 1.00 0
-5.4433 -1.2612 0.0000 0.00 0.00 1.00 0
-5.4469 -1.2663 0.0000 0.00 0.00 1.00 0
-5.4549 -1.2755 0.0000 0.00 0.00 1.00 0
-5.4593 -1.2813 0.0000 0.00 0.00 1.00 0
-5.4627 -1.2858 0.0000 0.00 0.00 1.00 0
-5.4638 -1.2934 0.0000 0.00 0.00 1.00 0
-5.4675 -1.2992 0.0000 0.00 0.00 1.00 0
-5.4706 -1.3031 0.0000 0.00 0.00 1.00 0
-5.4742 -1.3086 0.0000 0.00 0.00 1.00 0
-5.4774 -1.3135 0.0000 0.00 0.00 1.00 0
-5.4778 -1.3131 0.0000 0.00 0.00 1.00 0
-5.4809 -1.3176 0.0000 0.00 0.00 1.00 0
-5.4840 -1.3222 0.0000 0.00 0.00 1.00 0
-5.4925 -1.3325 0.0000 0.00 0.00 1.00 0
-5.4964 -1.3379 0.0000 0.00 0.00 1.00 0
-5.4995 -1.3422 0.0000 0.00 0.00 1.00 0
-5.5052 -1.3558 0.0000 0.00 0.00 1.00 0
-5.5092 -1.3622 0.0000 0.00 0.00 1.00 0
-5.5127 -1.3679 0.0000 0.00 0.00 1.00 0
-5.5166 -1.3716 0.0000 0.00 0.00 1.00 0
-5.5206 -1.3776 0.0000 0.00 0.00 1.00 0
-5.5217 -1.3820 0.0000 0.00 0.00 1.00 0
-5.5252 -1.3877 0.0000 0.00 0.00 1.00 0
-5.5287 -1.3933 0.0000 0.00 0.00 1.00 0
-5.5293 -1.3967 0.0000 0.00 0.00 1.00 0
-5.5324 -1.4021 0.0000 0.00 0.00 1.00 0
-5.5352 -1.4068 0.0000 0.00 0.00 1.00 0
-5.5425 -1.4145 0.0000 0.00 0.00 1.00 0
-5.5457 -1.4193 0.0000 0.00 0.00 1.00 0
-5.5490 -1.4244 0.0000 0.00 0.00 1.00 0
-5.5548 -1.4358 0.0000 0.00 0.00 1.00 0
-5.5585 -1.4419 0.0000 0.00 0.00 1.00 0
-5.5559 -1.4442 0.0000 0.00 0.00 1.00 0
-5.5589 -1.4502 0.0000 0.00 0.00 1.00 0
-5.5614 -1.4553 0.0000 0.00 0.00 1.00 0
-5.5632 -1.4560 0.0000 0.00 0.00 1.00 0
-5.5658 -1.4608 0.0000 0.00 0.00 1.00 0
-5.5681 -1.4650 0.0000 0.00 0.00 1.00 0
-5.5707 -1.4691 0.0000 0.00 0.00 1.00 0
-5.5733 -1.4737 0.0000 0.00 0.00 1.00 0
-5.5754 -1.4773 0.0000 0.00 0.00 1.00 0
-5.5874 -1.4882 0.0000 0.00 0.00 1.00 0
-5.5913 -1.4936 0.0000 0.00 0.00 1.00 0
-5.5988 -1.5050 0.0000 0.00 0.00 1.00 0
-5.6037 -1.5120 0.0000 0.00 0.00 1.00 0
-5.6082 -1.5184 0.0000 0.00 0.00 1.00 0
-5.6098 -1.5291 0.0000 0.00 0.00 1.00 0
-5.6137 -1.5361 0.0000 0.00 0.00 1.00 0
-5.6174 -1.5425 0.0000 0.00 0.00 1.00 0
-5.6166 -1.5502 0.0000 0.00 0.00 1.00 0
-5.6198 -1.5573 0.0000 0.00 0.00 1.00 0
-5.6224 -1.5630 0.0000 0.00 0.00 1.00 0
-5.6204 -1.5695 0.0000 0.00 0.00 1.00 0
-5.6228 -1.5762 0.0000 0.00 0.00 1.00 0
-5.6262 -1.5807 0.0000 0.00 0.00 1.00 0
-5.6287 -1.5871 0.0000 0.00 0.00 1.00 0
-5.6313 -1.5935 0.0000 0.00 0.00 1.00 0
-5.6398 -1.6054 0.0000 0.00 0.00 1.00 0
-5.6433 -1.6127 0.0000 0.00 0.00 1.00 0
-5.6464 -1.6192 0.0000 0.00 0.00 1.00 0
-5.6485 -1.6230 0.0000 0.00 0.00 1.00 0
-5.6517 -1.6296 0.0000 0.00 0.00 1.00 0
-5.6543 -1.6350 0.0000 0.00 0.00 1.00 0
-5.6585 -1.6369 0.0000 0.00 0.00 1.00 0
-5.6617 -1.6426 0.0000 0.00 0.00 1.00 0
-5.6652 -1.6477 0.0000 0.00 0.00 1.00 0
-5.6682 -1.6527 0.0000 0.00 0.00 1.00 0
-5.6719 -1.6590 0.0000 0.00 0.00 1.00 0
-5.6759 -1.6652 0.0000 0.00 0.00 1.00 0
-5.6793 -1.6709 0.0000 0.00 0.00 1.00 0
-5.6827 -1.6766 0.0000 0.00 0.00 1.00 0
-5.6847 -1.6875 0.0000 0.00 0.00 1.00 0
-5.6879 -1.6940 0.0000 0.00 0.00 1.00 0
-5.6908 -1.6999 0.0000 0.00 0.00 1.00 0
-5.6900 -1.7099 0.0000 0.00 0.00 1.00 0
-5.6926 -1.7169 0.0000 0.00 0.00 1.00 0
-5.6928 -1.7212 0.0000 0.00 0.00 1.00 0
-5.6950 -1.7277 0.0000 0.00 0.00 1.00 0
-5.6971 -1.7342 0.0000 0.00 0.00 1.00 0
-5.7012 -1.7362 0.0000 0.00 0.00 1.00 0
-5.7037 -1.7420 0.0000 0.00 0.00 1.00 0
-5.7062 -1.7478 0.0000 0.00 0.00 1.00 0
-5.7141 -1.7552 0.0000 0.00 0.00 1.00 0
-5.7174 -1.7612 0.0000 0.00 0.00 1.00 0
-5.7208 -1.7672 0.0000 0.00 0.00 1.00 0
-5.7249 -1.7812 0.0000 0.00 0.00 1.00 0
-5.7284 -1.7884 0.0000 0.00 0.00 1.00 0
-5.7260 -1.7938 0.0000 0.00 0.00 1.00 0
-5.7285 -1.8007 0.0000 0.00 0.00 1.00 0
-5.7310 -1.8075 0.0000 0.00 0.00 1.00 0
-5.7299 -1.8119 0.0000 0.00 0.00 1.00 0
-5.7318 -1.8186 0.0000 0.00 0.00 1.00 0
-5.7337 -1.8250 0.0000 0.00 0.00 1.00 0
-5.7330 -1.8260 0.0000 0.00 0.00 1.00 0
-5.7345 -1.8316 0.0000 0.00 0.00 1.00 0
-5.7360 -1.8373 0.0000 0.00 0.00 1.00 0
-5.7391 -1.8409 0.0000 0.00 0.00 1.00 0
-5.7410 -1.8466 0.0000 0.00 0.00 1.00 0
-5.7451 -1.8563 0.0000 0.00 0.00 1.00 0
-5.7473 -1.8625 0.0000 0.00 0.00 1.00 0
-5.7495 -1.8687 0.0000 0.00 0.00 1.00 0
-5.7526 -1.8786 0.0000 0.00 0.00 1.00 0
-5.7542 -1.8834 0.0000 0.00 0.00 1.00 0
-5.7571 -1.8920 0.0000 0.00 0.00 1.00 0
-5.7609 -1.8996 0.0000 0.00 0.00 1.00 0
-5.7635 -1.9066 0.0000 0.00 0.00 1.00 0
-5.7661 -1.9134 0.0000 0.00 0.00 1.00 0
-5.7680 -1.9181 0.0000 0.00 0.00 1.00 0
-5.7705 -1.9247 0.0000 0.00 0.00 1.00 0
-5.7724 -1.9262 0.0000 0.00 0.00 1.00 0
-5.7746 -1.9315 0.0000 0.00 0.00 1.00 0
-5.7769 -1.9372 0.0000 0.00 0.00 1.00 0
-5.7832 -1.9464 0.0000 0.00 0.00 1.00 0
-5.7862 -1.9526 0.0000 0.00 0.00 1.00 0
-5.7889 -1.9581 0.0000 0.00 0.00 1.00 0
-5.7868 -1.9677 0.0000 0.00 0.00 1.00 0
-5.7890 -1.9745 0.0000 0.00 0.00 1.00 0
-5.7912 -1.9813 0.0000 0.00 0.00 1.00 0
-5.7932 -1.9851 0.0000 0.00 0.00 1.00 0
-5.7953 -1.9913 0.0000 0.00 0.00 1.00 0
-5.7974 -1.9975 0.0000 0.00 0.00 1.00 0
-5.7993 -2.0033 0.0000 0.00 0.00 1.00 0
-5.8014 -2.0094 0.0000 0.00 0.00 1.00 0
-5.8019 -2.0196 0.0000 0.00 0.00 1.00 0
-5.8035 -2.0257 0.0000 0.00 0.00 1.00 0
-5.8053 -2.0325 0.0000 0.00 0.00 1.00 0
-5.8096 -2.0425 0.0000 0.00 0.00 1.00 0
-5.8118 -2.0498 0.0000 0.00 0.00 1.00 0
-5.8139 -2.0569 0.0000 0.00 0.00 1.00 0
-5.8128 -2.0636 0.0000 0.00 0.00 1.00 0
-5.8144 -2.0707 0.0000 0.00 0.00 1.00 0
-5.8168 -2.0737 0.0000 0.00 0.00 1.00 0
-5.8184 -2.0793 0.0000 0.00 0.00 1.00 0
-5.8203 -2.0862 0.0000 0.00 0.00 1.00 0
-5.8239 -2.0903 0.0000 0.00 0.00 1.00 0
-5.8260 -2.0963 0.0000 0.00 0.00 1.00 0
-5.8281 -2.1023 0.0000 0.00 0.00 1.00 0
-5.8306 -2.1065 0.0000 0.00 0.00 1.00 0
-5.8330 -2.1129 0.0000 0.00 0.00 1.00 0
-5.8351 -2.1184 0.0000 0.00 0.00 1.00 0
-5.8348 -2.1316 0.0000 0.00 0.00 1.00 0
-5.8366 -2.1384 0.0000 0.00 0.00 1.00 0
-5.8380 -2.1440 0.0000 0.00 0.00 1.00 0
-5.8379 -2.1556 0.0000 0.00 0.00 1.00 0
-5.8393 -2.1629 0.0000 0.00 0.00 1.00 0
-5.8403 -2.1682 0.0000 0.00 0.00 1.00 0
-5.8397 -2.1770 0.0000 0.00 0.00 1.00 0
-5.8408 -2.1844 0.0000 0.00 0.00 1.00 0
-5.8436 -2.1877 0.0000 0.00 0.00 1.00 0
-5.8450 -2.1944 0.0000 0.00 0.00 1.00 0
-5.8463 -2.2009 0.0000 0.00 0.00 1.00 0
-5.8450 -2.2091 0.0000 0.00 0.00 1.00 0
-5.8460 -2.2160 0.0000 0.00 0.00 1.00 0
-5.8468 -2.2221 0.0000 0.00 0.00 1.00 0
-5.8490 -2.2367 0.0000 0.00 0.00 1.00 0
-5.8501 -2.2445 0.0000 0.00 0.00 1.00 0
-5.8484 -2.2534 0.0000 0.00 0.00 1.00 0
-5.8491 -2.2615 0.0000 0.00 0.00 1.00 0
-5.8497 -2.2695 0.0000 0.00 0.00 1.00 0
-5.8485 -2.2740 0.0000 0.00 0.00 1.00 0
-5.8488 -2.2815 0.0000 0.00 0.00 1.00 0
-5.8491 -2.2889 0.0000 0.00 0.00 1.00 0
-5.8501 -2.2872 0.0000 0.00 0.00 1.00 0
-5.8506 -2.2939 0.0000 0.00 0.00 1.00 0
-5.8510 -2.2994 0.0000 0.00 0.00 1.00 0
-5.8573 -2.3058 0.0000 0.00 0.00 1.00 0
-5.8587 -2.3118 0.0000 0.00 0.00 1.00 0
-5.8597 -2.3166 0.0000 0.00 0.00 1.00 0
-5.8648 -2.3296 0.0000 0.00 0.00 1.00 0
-5.8667 -2.3365 0.0000 0.00 0.00 1.00 0
-5.8634 -2.3410 0.0000 0.00 0.00 1.00 0
-5.8644 -2.3476 0.0000 0.00 0.00 1.00 0
-5.8654 -2.3542 0.0000 0.00 0.00 1.00 0
-5.8628 -2.3600 0.0000 0.00 0.00 1.00 0
-5.8632 -2.3669 0.0000 0.00 0.00 1.00 0
-5.8636 -2.3728 0.0000 0.00 0.00 1.00 0
-5.8648 -2.3779 0.0000 0.00 0.00 1.00 0
-5.8653 -2.3840 0.0000 0.00 0.00 1.00 0
-5.8658 -2.3890 0.0000 0.00 0.00 1.00 0
-5.8672 -2.3951 0.0000 0.00 0.00 1.00 0
-5.8679 -2.4010 0.0000 0.00 0.00 1.00 0
-5.8693 -2.4096 0.0000 0.00 0.00 1.00 0
-5.8701 -2.4162 0.0000 0.00 0.00 1.00 0
-5.8709 -2.4226 0.0000 0.00 0.00 1.00 0
-5.8747 -2.4299 0.0000 0.00 0.00 1.00 0
-5.8761 -2.4366 0.0000 0.00 0.00 1.00 0
-5.8774 -2.4432 0.0000 0.00 0.00 1.00 0
-5.8766 -2.4445 0.0000 0.00 0.00 1.00 0
-5.8775 -2.4504 0.0000 0.00 0.00 1.00 0
-5.8784 -2.4556 0.0000 0.00 0.00 1.00 0
-5.8766 -2.4573 0.0000 0.00 0.00 1.00 0
-5.8771 -2.4624 0.0000 0.00 0.00 1.00 0
-5.8736 -2.4702 0.0000 0.00 0.00 1.00 0
-5.8734 -2.4757 0.0000 0.00 0.00 1.00 0
-5.8732 -2.4812 0.0000 0.00 0.00 1.00 0
-5.8783 -2.4865 0.0000 0.00 0.00 1.00 0
-5.8789 -2.4920 0.0000 0.00 0.00 1.00 0
-5.8796 -2.4975 0.0000 0.00 0.00 1.00 0
-5.8858 -2.5033 0.0000 0.00 0.00 1.00 0
-5.8873 -2.5087 0.0000 0.00 0.00 1.00 0
-5.8887 -2.5138 0.0000 0.00 0.00 1.00 0
-5.8893 -2.5180 0.0000 0.00 0.00 1.00 0
-5.8903 -2.5217 0.0000 0.00 0.00 1.00 0
-5.8898 -2.5341 0.0000 0.00 0.00 1.00 0
-5.8907 -2.5403 0.0000 0.00 0.00 1.00 0
-5.8917 -2.5465 0.0000 0.00 0.00 1.00 0
-5.8884 -2.5594 0.0000 0.00 0.00 1.00 0
-5.8887 -2.5669 0.0000 0.00 0.00 1.00 0
-5.8889 -2.5742 0.0000 0.00 0.00 1.00 0
-5.8838 -2.5893 0.0000 0.00 0.00 1.00 0
-5.8832 -2.5980 0.0000 0.00 0.00 1.00 0
-5.8826 -2.6067 0.0000 0.00 0.00 1.00 0
-5.8812 -2.6120 0.0000 0.00 0.00 1.00 0
-5.8805 -2.6202 0.0000 0.00 0.00 1.00 0
-5.8800 -2.6260 0.0000 0.00 0.00 1.00 0
-5.8792 -2.6215 0.0000 0.00 0.00 1.00 0
-5.8786 -2.6274 0.0000 0.00 0.00 1.00 0
-5.8789 -2.6251 0.0000 0.00 0.00 1.00 0
-5.8783 -2.6296 0.0000 0.00 0.00 1.00 0
-5.8778 -2.6341 0.0000 0.00 0.00 1.00 0
-5.8784 -2.6440 0.0000 0.00 0.00 1.00 0
-5.8781 -2.6494 0.0000 0.00 0.00 1.00 0
-5.8778 -2.6547 0.0000 0.00 0.00 1.00 0
-5.8784 -2.6613 0.0000 0.00 0.00 1.00 0
-5.8782 -2.6668 0.0000 0.00 0.00 1.00 0
-5.8781 -2.6706 0.0000 0.00 0.00 1.00 0
-5.8834 -2.6785 0.0000 0.00 0.00 1.00 0
-5.8840 -2.6842 0.0000 0.00 0.00 1.00 0
-5.8831 -2.6914 0.0000 0.00 0.00 1.00 0
-5.8835 -2.6974 0.0000 0.00 0.00 1.00 0
-5.8839 -2.7033 0.0000 0.00 0.00 1.00 0
-5.8815 -2.7140 0.0000 0.00 0.00 1.00 0
-5.8815 -2.7206 0.0000 0.00 0.00 1.00 0
-5.8814 -2.7272 0.0000 0.00 0.00 1.00 0
-5.8743 -2.7327 0.0000 0.00 0.00 1.00 0
-5.8731 -2.7392 0.0000 0.00 0.00 1.00 0
-5.8723 -2.7437 0.0000 0.00 0.00 1.00 0
-5.8711 -2.7528 0.0000 0.00 0.00 1.00 0
-5.8700 -2.7594 0.0000 0.00 0.00 1.00 0
-5.8701 -2.7613 0.0000 0.00 0.00 1.00 0
-5.8692 -2.7672 0.0000 0.00 0.00 1.00 0
-5.8683 -2.7729 0.0000 0.00 0.00 1.00 0
-5.8667 -2.7830 0.0000 0.00 0.00 1.00 0
-5.8658 -2.7887 0.0000 0.00 0.00 1.00 0
-5.8646 -2.7962 0.0000 0.00 0.00 1.00 0
-5.8646 -2.8042 0.0000 0.00 0.00 1.00 0
-5.8637 -2.8109 0.0000 0.00 0.00 1.00 0
-5.8630 -2.8163 0.0000 0.00 0.00 1.00 0
-5.8683 -2.8209 0.0000 0.00 0.00 1.00 0
-5.8684 -2.8272 0.0000 0.00 0.00 1.00 0
-5.8686 -2.8308 0.0000 0.00 0.00 1.00 0
-5.8687 -2.8365 0.0000 0.00 0.00 1.00 0
-5.8688 -2.8424 0.0000 0.00 0.00 1.00 0
-5.8648 -2.8491 0.0000 0.00 0.00 1.00 0
-5.8641 -2.8567 0.0000 0.00 0.00 1.00 0
-5.8636 -2.8627 0.0000 0.00 0.00 1.00 0
-5.8585 -2.8684 0.0000 0.00 0.00 1.00 0
-5.8573 -2.8745 0.0000 0.00 0.00 1.00 0
-5.8563 -2.8793 0.0000 0.00 0.00 1.00 0
-5.8559 -2.8867 0.0000 0.00 0.00 1.00 0
-5.8548 -2.8928 0.0000 0.00 0.00 1.00 0
-5.8566 -2.9006 0.0000 0.00 0.00 1.00 0
-5.8560 -2.9069 0.0000 0.00 0.00 1.00 0
-5.8554 -2.9133 0.0000 0.00 0.00 1.00 0
-5.8496 -2.9240 0.0000 0.00 0.00 1.00 0
-5.8481 -2.9310 0.0000 0.00 0.00 1.00 0
-5.8467 -2.9382 0.0000 0.00 0.00 1.00 0
-5.8438 -2.9423 0.0000 0.00 0.00 1.00 0
-5.8422 -2.9489 0.0000 0.00 0.00 1.00 0
-5.8408 -2.9542 0.0000 0.00 0.00 1.00 0
-5.8413 -2.9571 0.0000 0.00 0.00 1.00 0
-5.8400 -2.9629 0.0000 0.00 0.00 1.00 0
-5.8347 -2.9646 0.0000 0.00 0.00 1.00 0
-5.8330 -2.9692 0.0000 0.00 0.00 1.00 0
-5.8310 -2.9743 0.0000 0.00 0.00 1.00 0
-5.8299 -2.9790 0.0000 0.00 0.00 1.00 0
-5.8281 -2.9841 0.0000 0.00 0.00 1.00 0
-5.8262 -2.9896 0.0000 0.00 0.00 1.00 0
-5.8224 -2.9968 0.0000 0.00 0.00 1.00 0
-5.8203 -3.0021 0.0000 0.00 0.00 1.00 0
-5.8184 -3.0070 0.0000 0.00 0.00 1.00 0
-5.8225 -3.0155 0.0000 0.00 0.00 1.00 0
-5.8214 -3.0213 0.0000 0.00 0.00 1.00 0
-5.8201 -3.0318 0.0000 0.00 0.00 1.00 0
-5.8190 -3.0384 0.0000 0.00 0.00 1.00 0
-5.8178 -3.0449 0.0000 0.00 0.00 1.00 0
-5.8135 -3.0494 0.0000 0.00 0.00 1.00 0
-5.8118 -3.0557 0.0000 0.00 0.00 1.00 0
-5.8101 -3.0620 0.0000 0.00 0.00 1.00 0
-5.8089 -3.0697 0.0000 0.00 0.00 1.00 0
-5.8073 -3.0761 0.0000 0.00 0.00 1.00 0
-5.8058 -3.0819 0.0000 0.00 0.00 1.00 0
-5.8046 -3.0863 0.0000 0.00 0.00 1.00 0
-5.8030 -3.0924 0.0000 0.00 0.00 1.00 0
-5.8045 -3.0993 0.0000 0.00 0.00 1.00 0
-5.8035 -3.1056 0.0000 0.00 0.00 1.00 0
-5.8026 -3.1112 0.0000 0.00 0.00 1.00 0
-5.7970 -3.1172 0.0000 0.00 0.00 1.00 0
-5.7953 -3.1232 0.0000 0.00 0.00 1.00 0
-5.7935 -3.1294 0.0000 0.00 0.00 1.00 0
-5.7881 -3.1400 0.0000 0.00 0.00 1.00 0
-5.7859 -3.1465 0.0000 0.00 0.00 1.00 0
-5.7836 -3.1533 0.0000 0.00 0.00 1.00 0
-5.7698 -3.1641 0.0000 0.00 0.00 1.00 0
-5.7656 -3.1716 0.0000 0.00 0.00 1.00 0
-5.7625 -3.1761 0.0000 0.00 0.00 1.00 0
-5.7586 -3.1832 0.0000 0.00 0.00 1.00 0
-5.7546 -3.1902 0.0000 0.00 0.00 1.00 0
-5.7597 -3.1924 0.0000 0.00 0.00 1.00 0
-5.7573 -3.1986 0.0000 0.00 0.00 1.00 0
-5.7549 -3.2048 0.0000 0.00 0.00 1.00 0
-5.7526 -3.2078 0.0000 0.00 0.00 1.00 0
-5.7502 -3.2134 0.0000 0.00 0.00 1.00 0
-5.7479 -3.2187 0.0000 0.00 0.00 1.00 0
-5.7451 -3.2255 0.0000 0.00 0.00 1.00 0
-5.7427 -3.2313 0.0000 0.00 0.00 1.00 0
-5.7404 -3.2366 0.0000 0.00 0.00 1.00 0
-5.7404 -3.2466 0.0000 0.00 0.00 1.00 0
-5.7384 -3.2530 0.0000 0.00 0.00 1.00 0
-5.7352 -3.2608 0.0000 0.00 0.00 1.00 0
-5.7330 -3.2674 0.0000 0.00 0.00 1.00 0
-5.7307 -3.2740 0.0000 0.00 0.00 1.00 0
-5.7241 -3.2760 0.0000 0.00 0.00 1.00 0
-5.7212 -3.2819 0.0000 0.00 0.00 1.00 0
-5.7188 -3.2866 0.0000 0.00 0.00 1.00 0
-5.7204 -3.2943 0.0000 0.00 0.00 1.00 0
-5.7183 -3.3002 0.0000 0.00 0.00 1.00 0
-5.7164 -3.3056 0.0000 0.00 0.00 1.00 0
-5.7149 -3.3175 0.0000 0.00 0.00 1.00 0
-5.7129 -3.3243 0.0000 0.00 0.00 1.00 0
-5.7096 -3.3294 0.0000 0.00 0.00 1.00 0
-5.7076 -3.3352 0.0000 0.00 0.00 1.00 0
-5.7051 -3.3424 0.0000 0.00 0.00 1.00 0
-5.6937 -3.3494 0.0000 0.00 0.00 1.00 0
-5.6899 -3.3559 0.0000 0.00 0.00 1.00 0
-5.6866 -3.3618 0.0000 0.00 0.00 1.00 0
-5.6849 -3.3661 0.0000 0.00 0.00 1.00 0
-5.6816 -3.3722 0.0000 0.00 0.00 1.00 0
-5.6779 -3.3789 0.0000 0.00 0.00 1.00 0
-5.6777 -3.3825 0.0000 0.00 0.00 1.00 0
-5.6749 -3.3882 0.0000 0.00 0.00 1.00 0
-5.6728 -3.3923 0.0000 0.00 0.00 1.00 0
-5.6694 -3.3985 0.0000 0.00 0.00 1.00 0
-5.6659 -3.4053 0.0000 0.00 0.00 1.00 0
-5.6628 -3.4058 0.0000 0.00 0.00 1.00 0
-5.6598 -3.4106 0.0000 0.00 0.00 1.00 0
-5.6568 -3.4155 0.0000 0.00 0.00 1.00 0
-5.6579 -3.4242 0.0000 0.00 0.00 1.00 0
-5.6555 -3.4297 0.0000 0.00 0.00 1.00 0
-5.6532 -3.4352 0.0000 0.00 0.00 1.00 0
-5.6444 -3.4445 0.0000 0.00 0.00 1.00 0
-5.6411 -3.4505 0.0000 0.00 0.00 1.00 0
-5.6324 -3.4583 0.0000 0.00 0.00 1.00 0
-5.6282 -3.4647 0.0000 0.00 0.00 1.00 0
-5.6244 -3.4705 0.0000 0.00 0.00 1.00 0
-5.6237 -3.4745 0.0000 0.00 0.00 1.00 0
-5.6202 -3.4803 0.0000 0.00 0.00 1.00 0
-5.6166 -3.4862 0.0000 0.00 0.00 1.00 0
-5.6145 -3.4885 0.0000 0.00 0.00 1.00 0
-5.6110 -3.4939 0.0000 0.00 0.00 1.00 0
-5.6077 -3.4991 0.0000 0.00 0.00 1.00 0
-5.6017 -3.5051 0.0000 0.00 0.00 1.00 0
-5.5978 -3.5106 0.0000 0.00 0.00 1.00 0
-5.5848 -3.5199 0.0000 0.00 0.00 1.00 0
-5.5795 -3.5258 0.0000 0.00 0.00 1.00 0
-5.5741 -3.5320 0.0000 0.00 0.00 1.00 0
-5.5680 -3.5450 0.0000 0.00 0.00 1.00 0
-5.5626 -3.5521 0.0000 0.00 0.00 1.00 0
-5.5570 -3.5594 0.0000 0.00 0.00 1.00 0
-5.5487 -3.5762 0.0000 0.00 0.00 1.00 0
-5.5428 -3.5849 0.0000 0.00 0.00 1.00 0
-5.5369 -3.5936 0.0000 0.00 0.00 1.00 0
-5.5298 -3.5997 0.0000 0.00 0.00 1.00 0
-5.5230 -3.6091 0.0000 0.00 0.00 1.00 0
-5.5180 -3.6158 0.0000 0.00 0.00 1.00 0
-5.5010 -3.6257 0.0000 0.00 0.00 1.00 0
-5.4935 -3.6341 0.0000 0.00 0.00 1.00 0
-5.4875 -3.6359 0.0000 0.00 0.00 1.00 0
-5.4802 -3.6432 0.0000 0.00 0.00 1.00 0
-5.4729 -3.6504 0.0000 0.00 0.00 1.00 0
-5.4728 -3.6572 0.0000 0.00 0.00 1.00 0
-5.4678 -3.6630 0.0000 0.00 0.00 1.00 0
-5.4604 -3.6717 0.0000 0.00 0.00 1.00 0
-5.4594 -3.6839 0.0000 0.00 0.00 1.00 0
-5.4539 -3.6922 0.0000 0.00 0.00 1.00 0
-5.4492 -3.6992 0.0000 0.00 0.00 1.00 0
-5.4383 -3.7072 0.0000 0.00 0.00 1.00 0
-5.4320 -3.7153 0.0000 0.00 0.00 1.00 0
-5.4212 -3.7199 0.0000 0.00 0.00 1.00 0
-5.4143 -3.7273 0.0000 0.00 0.00 1.00 0
-5.4074 -3.7346 0.0000 0.00 0.00 1.00 0
-5.4064 -3.7374 0.0000 0.00 0.00 1.00 0
-5.4002 -3.7442 0.0000 0.00 0.00 1.00 0
-5.3942 -3.7509 0.0000 0.00 0.00 1.00 0
-5.3849 -3.7626 0.0000 0.00 0.00 1.00 0
-5.3783 -3.7701 0.0000 0.00 0.00 1.00 0
-5.3724 -3.7769 0.0000 0.00 0.00 1.00 0
-5.3602 -3.7855 0.0000 0.00 0.00 1.00 0
-5.3529 -3.7932 0.0000 0.00 0.00 1.00 0
-5.3360 -3.7971 0.0000 0.00 0.00 1.00 0
-5.3269 -3.8041 0.0000 0.00 0.00 1.00 0
-5.3180 -3.8110 0.0000 0.00 0.00 1.00 0
-5.3108 -3.8157 0.0000 0.00 0.00 1.00 0
-5.3024 -3.8220 0.0000 0.00 0.00 1.00 0
-5.2939 -3.8285 0.0000 0.00 0.00 1.00 0
-5.2865 -3.8370 0.0000 0.00 0.00 1.00 0
-5.2780 -3.8434 0.0000 0.00 0.00 1.00 0
-5.2697 -3.8501 0.0000 0.00 0.00 1.00 0
-5.2578 -3.8570 0.0000 0.00 0.00 1.00 0
-5.2489 -3.8639 0.0000 0.00 0.00 1.00 0
-5.2296 -3.8760 0.0000 0.00 0.00 1.00 0
-5.2187 -3.8839 0.0000 0.00 0.00 1.00 0
-5.2081 -3.8916 0.0000 0.00 0.00 1.00 0
-5.1928 -3.8973 0.0000 0.00 0.00 1.00 0
-5.1815 -3.9046 0.0000 0.00 0.00 1.00 0
-5.1712 -3.9112 0.0000 0.00 0.00 1.00 0
-5.1761 -3.9126 0.0000 0.00 0.00 1.00 0
-5.1673 -3.9189 0.0000 0.00 0.00 1.00 0
-5.1586 -3.9252 0.0000 0.00 0.00 1.00 0
-5.1649 -3.9321 0.0000 0.00 0.00 1.00 0
-5.1580 -3.9389 0.0000 0.00 0.00 1.00 0
-5.1413 -3.9423 0.0000 0.00 0.00 1.00 0
-5.1329 -3.9483 0.0000 0.00 0.00 1.00 0
-5.1245 -3.9543 0.0000 0.00 0.00 1.00 0
-5.0992 -3.9599 0.0000 0.00 0.00 1.00 0
-5.0879 -3.9658 0.0000 0.00 0.00 1.00 0
-5.0768 -3.9717 0.0000 0.00 0.00 1.00 0
-5.0501 -3.9825 0.0000 0.00 0.00 1.00 0
-5.0367 -3.9890 0.0000 0.00 0.00 1.00 0
-5.0230 -3.9957 0.0000 0.00 0.00 1.00 0
-5.0120 -4.0027 0.0000 0.00 0.00 1.00 0
-4.9986 -4.0094 0.0000 0.00 0.00 1.00 0
-4.9967 -4.0159 0.0000 0.00 0.00 1.00 0
-4.9855 -4.0225 0.0000 0.00 0.00 1.00 0
-4.9742 -4.0292 0.0000 0.00 0.00 1.00 0
-4.9809 -4.0359 0.0000 0.00 0.00 1.00 0
-4.9726 -4.0426 0.0000 0.00 0.00 1.00 0
-4.9644 -4.0493 0.0000 0.00 0.00 1.00 0
-4.9556 -4.0558 0.0000 0.00 0.00 1.00 0
-4.9475 -4.0623 0.0000 0.00 0.00 1.00 0
-4.9390 -4.0691 0.0000 0.00 0.00 1.00 0
-4.9250 -4.0732 0.0000 0.00 0.00 1.00 0
-4.9159 -4.0794 0.0000 0.00 0.00 1.00 0
-4.8881 -4.0823 0.0000 0.00 0.00 1.00 0
-4.8756 -4.0880 0.0000 0.00 0.00 1.00 0
-4.8631 -4.0936 0.0000 0.00 0.00 1.00 0
-4.8419 -4.0982 0.0000 0.00 0.00 1.00 0
-4.8276 -4.1038 0.0000 0.00 0.00 1.00 0
-4.8135 -4.1093 0.0000 0.00 0.00 1.00 0
-4.7994 -4.1157 0.0000 0.00 0.00 1.00 0
-4.7853 -4.1213 0.0000 0.00 0.00 1.00 0
-4.7714 -4.1269 0.0000 0.00 0.00 1.00 0
-4.7680 -4.1245 0.0000 0.00 0.00 1.00 0
-4.7555 -4.1289 0.0000 0.00 0.00 1.00 0
-4.7471 -4.1352 0.0000 0.00 0.00 1.00 0
-4.7366 -4.1394 0.0000 0.00 0.00 1.00 0
-4.7251 -4.1441 0.0000 0.00 0.00 1.00 0
-4.7157 -4.1491 0.0000 0.00 0.00 1.00 0
-4.7045 -4.1538 0.0000 0.00 0.00 1.00 0
-4.6934 -4.1585 0.0000 0.00 0.00 1.00 0
-4.6768 -4.1698 0.0000 0.00 0.00 1.00 0
-4.6635 -4.1762 0.0000 0.00 0.00 1.00 0
-4.6527 -4.1814 0.0000 0.00 0.00 1.00 0
-4.6486 -4.1857 0.0000 0.00 0.00 1.00 0
-4.6368 -4.1918 0.0000 0.00 0.00 1.00 0
-4.6281 -4.1963 0.0000 0.00 0.00 1.00 0
-4.6241 -4.2016 0.0000 0.00 0.00 1.00 0
-4.6145 -4.2070 0.0000 0.00 0.00 1.00 0
-4.5975 -4.2167 0.0000 0.00 0.00 1.00 0
-4.5877 -4.2223 0.0000 0.00 0.00 1.00 0
-4.5768 -4.2285 0.0000 0.00 0.00 1.00 0
-4.5493 -4.2346 0.0000 0.00 0.00 1.00 0
-4.5358 -4.2407 0.0000 0.00 0.00 1.00 0
-4.5223 -4.2468 0.0000 0.00 0.00 1.00 0
-4.4895 -4.2524 0.0000 0.00 0.00 1.00 0
-4.4732 -4.2583 0.0000 0.00 0.00 1.00 0
-4.4586 -4.2636 0.0000 0.00 0.00 1.00 0
-4.4232 -4.2712 0.0000 0.00 0.00 1.00 0
-4.4040 -4.2774 0.0000 0.00 0.00 1.00 0
-4.3798 -4.2823 0.0000 0.00 0.00 1.00 0
-4.3597 -4.2883 0.0000 0.00 0.00 1.00 0
-4.3398 -4.2942 0.0000 0.00 0.00 1.00 0
-4.3220 -4.2999 0.0000 0.00 0.00 1.00 0
-4.3023 -4.3058 0.0000 0.00 0.00 1.00 0
-4.2830 -4.3116 0.0000 0.00 0.00 1.00 0
-4.2634 -4.3198 0.0000 0.00 0.00 1.00 0
-4.2475 -4.3249 0.0000 0.00 0.00 1.00 0
-4.2252 -4.3320 0.0000 0.00 0.00 1.00 0
-4.2105 -4.3354 0.0000 0.00 0.00 1.00 0
-4.1918 -4.3411 0.0000 0.00 0.00 1.00 0
-4.1785 -4.3452 0.0000 0.00 0.00 1.00 0
-4.1685 -4.3515 0.0000 0.00 0.00 1.00 0
-4.1519 -4.3570 0.0000 0.00 0.00 1.00 0
-4.1557 -4.3695 0.0000 0.00 0.00 1.00 0
-4.1422 -4.3763 0.0000 0.00 0.00 1.00 0
-4.1292 -4.3828 0.0000 0.00 0.00 1.00 0
-4.1185 -4.3941 0.0000 0.00 0.00 1.00 0
-4.1057 -4.4015 0.0000 0.00 0.00 1.00 0
-4.0942 -4.4081 0.0000 0.00 0.00 1.00 0
-4.0706 -4.4087 0.0000 0.00 0.00 1.00 0
-4.0546 -4.4157 0.0000 0.00 0.00 1.00 0
-4.0431 -4.4207 0.0000 0.00 0.00 1.00 0
-4.0031 -4.4166 0.0000 0.00 0.00 1.00 0
-3.9852 -4.4212 0.0000 0.00 0.00 1.00 0
-3.9502 -4.4183 0.0000 0.00 0.00 1.00 0
-3.9296 -4.4216 0.0000 0.00 0.00 1.00 0
-3.9091 -4.4249 0.0000 0.00 0.00 1.00 0
-3.8889 -4.4193 0.0000 0.00 0.00 1.00 0
-3.8705 -4.4209 0.0000 0.00 0.00 1.00 0
-3.8499 -4.4228 0.0000 0.00 0.00 1.00 0
-3.8359 -4.4214 0.0000 0.00 0.00 1.00 0
-3.8164 -4.4228 0.0000 0.00 0.00 1.00 0
-3.7970 -4.4241 0.0000 0.00 0.00 1.00 0
-3.7949 -4.4277 0.0000 0.00 0.00 1.00 0
-3.7799 -4.4292 0.0000 0.00 0.00 1.00 0
-3.7681 -4.4303 0.0000 0.00 0.00 1.00 0
-3.7684 -4.4286 0.0000 0.00 0.00 1.00 0
-3.7549 -4.4297 0.0000 0.00 0.00 1.00 0
-3.7860 -4.4232 0.0000 0.00 0.00 1.00 0
-3.7800 -4.4230 0.0000 0.00 0.00 1.00 0
-3.7741 -4.4229 0.0000 0.00 0.00 1.00 0
-3.8061 -4.4264 0.0000 0.00 0.00 1.00 0
-3.8062 -4.4269 0.0000 0.00 0.00 1.00 0
-3.8062 -4.4272 0.0000 0.00 0.00 1.00 0
-3.8151 -4.4298 0.0000 0.00 0.00 1.00 0
-3.8164 -4.4305 0.0000 0.00 0.00 1.00 0
-3.8174 -4.4310 0.0000 0.00 0.00 1.00 0
-3.8110 -4.4398 0.0000 0.00 0.00 1.00 0
-3.8111 -4.4417 0.0000 0.00 0.00 1.00 0
-3.7815 -4.4459 0.0000 0.00 0.00 1.00 0
-3.7769 -4.4482 0.0000 0.00 0.00 1.00 0
-3.7722 -4.4505 0.0000 0.00 0.00 1.00 0
-3.7437 -4.4506 0.0000 0.00 0.00 1.00 0
-3.7353 -4.4525 0.0000 0.00 0.00 1.00 0
-3.7287 -4.4540 0.0000 0.00 0.00 1.00 0
-3.7020 -4.4583 0.0000 0.00 0.00 1.00 0
-3.6911 -4.4606 0.0000 0.00 0.00 1.00 0
-3.6833 -4.4621 0.0000 0.00 0.00 1.00 0
-3.6670 -4.4585 0.0000 0.00 0.00 1.00 0
-3.6557 -4.4598 0.0000 0.00 0.00 1.00 0
-3.6439 -4.4597 0.0000 0.00 0.00 1.00 0
-3.6325 -4.4608 0.0000 0.00 0.00 1.00 0
-3.6211 -4.4619 0.0000 0.00 0.00 1.00 0
-3.6139 -4.4626 0.0000 0.00 0.00 1.00 0
-3.6031 -4.4636 0.0000 0.00 0.00 1.00 0
-3.5923 -4.4646 0.0000 0.00 0.00 1.00 0
-3.5908 -4.4627 0.0000 0.00 0.00 1.00 0
-3.5807 -4.4633 0.0000 0.00 0.00 1.00 0
-3.5748 -4.4660 0.0000 0.00 0.00 1.00 0
-3.5669 -4.4668 0.0000 0.00 0.00 1.00 0
-3.5573 -4.4679 0.0000 0.00 0.00 1.00 0
-3.5512 -4.4732 0.0000 0.00 0.00 1.00 0
-3.5437 -4.4748 0.0000 0.00 0.00 1.00 0
-3.5346 -4.4766 0.0000 0.00 0.00 1.00 0
-3.5276 -4.4800 0.0000 0.00 0.00 1.00 0
-3.5195 -4.4820 0.0000 0.00 0.00 1.00 0
-3.5114 -4.4840 0.0000 0.00 0.00 1.00 0
-3.5070 -4.4802 0.0000 0.00 0.00 1.00 0
-3.4995 -4.4813 0.0000 0.00 0.00 1.00 0
-3.4946 -4.4830 0.0000 0.00 0.00 1.00 0
-3.4879 -4.4841 0.0000 0.00 0.00 1.00 0
-3.4808 -4.4853 0.0000 0.00 0.00 1.00 0
-3.4729 -4.4869 0.0000 0.00 0.00 1.00 0
-3.4656 -4.4881 0.0000 0.00 0.00 1.00 0
-3.4592 -4.4892 0.0000 0.00 0.00 1.00 0
-3.4438 -4.4925 0.0000 0.00 0.00 1.00 0
-3.4363 -4.4939 0.0000 0.00 0.00 1.00 0
-3.4272 -4.4956 0.0000 0.00 0.00 1.00 0
-3.4102 -4.4947 0.0000 0.00 0.00 1.00 0
-3.4006 -4.4958 0.0000 0.00 0.00 1.00 0
-3.3927 -4.4968 0.0000 0.00 0.00 1.00 0
-3.3762 -4.4947 0.0000 0.00 0.00 1.00 0
-3.3658 -4.4953 0.0000 0.00 0.00 1.00 0
-3.3607 -4.5009 0.0000 0.00 0.00 1.00 0
-3.3510 -4.5024 0.0000 0.00 0.00 1.00 0
-3.3416 -4.5039 0.0000 0.00 0.00 1.00 0
-3.3378 -4.5082 0.0000 0.00 0.00 1.00 0
-3.3292 -4.5102 0.0000 0.00 0.00 1.00 0
-3.3205 -4.5121 0.0000 0.00 0.00 1.00 0
-3.3168 -4.5084 0.0000 0.00 0.00 1.00 0
-3.3089 -4.5095 0.0000 0.00 0.00 1.00 0
-3.3018 -4.5104 0.0000 0.00 0.00 1.00 0
-3.2896 -4.5074 0.0000 0.00 0.00 1.00 0
-3.2811 -4.5079 0.0000 0.00 0.00 1.00 0
-3.2706 -4.5053 0.0000 0.00 0.00 1.00 0
-3.2619 -4.5052 0.0000 0.00 0.00 1.00 0
-3.2530 -4.5051 0.0000 0.00 0.00 1.00 0
-3.2411 -4.5056 0.0000 0.00 0.00 1.00 0
-3.2317 -4.5056 0.0000 0.00 0.00 1.00 0
-3.2223 -4.5056 0.0000 0.00 0.00 1.00 0
-3.2089 -4.5055 0.0000 0.00 0.00 1.00 0
-3.1991 -4.5055 0.0000 0.00 0.00 1.00 0
-3.1901 -4.5054 0.0000 0.00 0.00 1.00 0
-3.1753 -4.5036 0.0000 0.00 0.00 1.00 0
-3.1648 -4.5034 0.0000 0.00 0.00 1.00 0
-3.1535 -4.5046 0.0000 0.00 0.00 1.00 0
-3.1429 -4.5045 0.0000 0.00 0.00 1.00 0
-3.1323 -4.5045 0.0000 0.00 0.00 1.00 0
-3.1313 -4.5074 0.0000 0.00 0.00 1.00 0
-3.1222 -4.5078 0.0000 0.00 0.00 1.00 0
-3.1133 -4.5083 0.0000 0.00 0.00 1.00 0
-3.1195 -4.5069 0.0000 0.00 0.00 1.00 0
-3.1128 -4.5071 0.0000 0.00 0.00 1.00 0
-3.1061 -4.5072 0.0000 0.00 0.00 1.00 0
-3.1022 -4.5086 0.0000 0.00 0.00 1.00 0
-3.0961 -4.5089 0.0000 0.00 0.00 1.00 0
-3.0833 -4.5129 0.0000 0.00 0.00 1.00 0
-3.0760 -4.5138 0.0000 0.00 0.00 1.00 0
-3.0688 -4.5148 0.0000 0.00 0.00 1.00 0
-3.0513 -4.5119 0.0000 0.00 0.00 1.00 0
-3.0424 -4.5122 0.0000 0.00 0.00 1.00 0
-3.0335 -4.5125 0.0000 0.00 0.00 1.00 0
-3.0195 -4.5128 0.0000 0.00 0.00 1.00 0
-3.0098 -4.5131 0.0000 0.00 0.00 1.00 0
-2.9925 -4.5090 0.0000 0.00 0.00 1.00 0
-2.9814 -4.5085 0.0000 0.00 0.00 1.00 0
-2.9706 -4.5080 0.0000 0.00 0.00 1.00 0
-2.9626 -4.5076 0.0000 0.00 0.00 1.00 0
-2.9482 -4.5072 0.0000 0.00 0.00 1.00 0
-2.9371 -4.5067 0.0000 0.00 0.00 1.00 0
-2.9328 -4.5120 0.0000 0.00 0.00 1.00 0
-2.9229 -4.5124 0.0000 0.00 0.00 1.00 0
-2.9127 -4.5129 0.0000 0.00 0.00 1.00 0
-2.9134 -4.5129 0.0000 0.00 0.00 1.00 0
-2.9050 -4.5133 0.0000 0.00 0.00 1.00 0
-2.8976 -4.5136 0.0000 0.00 0.00 1.00 0
-2.8901 -4.5135 0.0000 0.00 0.00 1.00 0
-2.8821 -4.5138 0.0000 0.00 0.00 1.00 0
-2.8765 -4.5140 0.0000 0.00 0.00 1.00 0
-2.8639 -4.5103 0.0000 0.00 0.00 1.00 0
-2.8572 -4.5101 0.0000 0.00 0.00 1.00 0
-2.8489 -4.5128 0.0000 0.00 0.00 1.00 0
-2.8410 -4.5130 0.0000 0.00 0.00 1.00 0
-2.8329 -4.5132 0.0000 0.00 0.00 1.00 0
-2.8296 -4.5146 0.0000 0.00 0.00 1.00 0
-2.8223 -4.5150 0.0000 0.00 0.00 1.00 0
-2.8158 -4.5153 0.0000 0.00 0.00 1.00 0
-2.8040 -4.5138 0.0000 0.00 0.00 1.00 0
-2.7961 -4.5139 0.0000 0.00 0.00 1.00 0
-2.7820 -4.5093 0.0000 0.00 0.00 1.00 0
-2.7733 -4.5087 0.0000 0.00 0.00 1.00 0
-2.7644 -4.5079 0.0000 0.00 0.00 1.00 0
-2.7502 -4.5081 0.0000 0.00 0.00 1.00 0
-2.7403 -4.5075 0.0000 0.00 0.00 1.00 0
-2.7304 -4.5070 0.0000 0.00 0.00 1.00 0
-2.7188 -4.5020 0.0000 0.00 0.00 1.00 0
-2.7090 -4.5007 0.0000 0.00 0.00 1.00 0
-2.6988 -4.4994 0.0000 0.00 0.00 1.00 0
-2.6982 -4.4987 0.0000 0.00 0.00 1.00 0
-2.6893 -4.4975 0.0000 0.00 0.00 1.00 0
-2.6834 -4.5013 0.0000 0.00 0.00 1.00 0
-2.6753 -4.5010 0.0000 0.00 0.00 1.00 0
-2.6672 -4.5007 0.0000 0.00 0.00 1.00 0
-2.6591 -4.4976 0.0000 0.00 0.00 1.00 0
-2.6509 -4.4969 0.0000 0.00 0.00 1.00 0
-2.6427 -4.4961 0.0000 0.00 0.00 1.00 0
-2.6285 -4.4946 0.0000 0.00 0.00 1.00 0
-2.6193 -4.4937 0.0000 0.00 0.00 1.00 0
-2.6103 -4.4929 0.0000 0.00 0.00 1.00 0
-2.5934 -4.4916 0.0000 0.00 0.00 1.00 0
-2.5839 -4.4907 0.0000 0.00 0.00 1.00 0
-2.5656 -4.4888 0.0000 0.00 0.00 1.00 0
-2.5539 -4.4877 0.0000 0.00 0.00 1.00 0
-2.5422 -4.4866 0.0000 0.00 0.00 1.00 0
-2.5234 -4.4835 0.0000 0.00 0.00 1.00 0
-2.5106 -4.4820 0.0000 0.00 0.00 1.00 0
-2.4979 -4.4806 0.0000 0.00 0.00 1.00 0
-2.4794 -4.4759 0.0000 0.00 0.00 1.00 0
-2.4674 -4.4742 0.0000 0.00 0.00 1.00 0
-2.4526 -4.4721 0.0000 0.00 0.00 1.00 0
-2.4354 -4.4690 0.0000 0.00 0.00 1.00 0
-2.4197 -4.4667 0.0000 0.00 0.00 1.00 0
-2.4097 -4.4652 0.0000 0.00 0.00 1.00 0
-2.3879 -4.4555 0.0000 0.00 0.00 1.00 0
-2.3730 -4.4523 0.0000 0.00 0.00 1.00 0
-2.3563 -4.4488 0.0000 0.00 0.00 1.00 0
-2.3412 -4.4455 0.0000 0.00 0.00 1.00 0
-2.3260 -4.4423 0.0000 0.00 0.00 1.00 0
-2.3148 -4.4437 0.0000 0.00 0.00 1.00 0
-2.3002 -4.4412 0.0000 0.00 0.00 1.00 0
-2.2859 -4.4387 0.0000 0.00 0.00 1.00 0
-2.2798 -4.4393 0.0000 0.00 0.00 1.00 0
-2.2666 -4.4373 0.0000 0.00 0.00 1.00 0
-2.2577 -4.4384 0.0000 0.00 0.00 1.00 0
-2.2452 -4.4370 0.0000 0.00 0.00 1.00 0
-2.2329 -4.4356 0.0000 0.00 0.00 1.00 0
-2.2211 -4.4330 0.0000 0.00 0.00 1.00 0
-2.2087 -4.4313 0.0000 0.00 0.00 1.00 0
-2.1963 -4.4297 0.0000 0.00 0.00 1.00 0
-2.1755 -4.4260 0.0000 0.00 0.00 1.00 0
-2.1633 -4.4242 0.0000 0.00 0.00 1.00 0
-2.1480 -4.4220 0.0000 0.00 0.00 1.00 0
-2.1282 -4.4179 0.0000 0.00 0.00 1.00 0
-2.1134 -4.4155 0.0000 0.00 0.00 1.00 0
-2.0987 -4.4132 0.0000 0.00 0.00 1.00 0
-2.0763 -4.4078 0.0000 0.00 0.00 1.00 0
-2.0603 -4.4050 0.0000 0.00 0.00 1.00 0
-2.0441 -4.4021 0.0000 0.00 0.00 1.00 0
-2.0284 -4.4006 0.0000 0.00 0.00 1.00 0
-2.0140 -4.3982 0.0000 0.00 0.00 1.00 0
-2.0066 -4.3950 0.0000 0.00 0.00 1.00 0
-1.9923 -4.3923 0.0000 0.00 0.00 1.00 0
-1.9796 -4.3899 0.0000 0.00 0.00 1.00 0
-1.9685 -4.3882 0.0000 0.00 0.00 1.00 0
-1.9550 -4.3858 0.0000 0.00 0.00 1.00 0
-1.9412 -4.3832 0.0000 0.00 0.00 1.00 0
-1.9279 -4.3801 0.0000 0.00 0.00 1.00 0
-1.9145 -4.3776 0.0000 0.00 0.00 1.00 0
-1.9000 -4.3720 0.0000 0.00 0.00 1.00 0
-1.8861 -4.3689 0.0000 0.00 0.00 1.00 0
-1.8726 -4.3658 0.0000 0.00 0.00 1.00 0
-1.8621 -4.3621 0.0000 0.00 0.00 1.00 0
-1.8490 -4.3589 0.0000 0.00 0.00 1.00 0
-1.8359 -4.3557 0.0000 0.00 0.00 1.00 0
-1.8362 -4.3607 0.0000 0.00 0.00 1.00 0
-1.8253 -4.3588 0.0000 0.00 0.00 1.00 0
-1.8141 -4.3569 0.0000 0.00 0.00 1.00 0
-1.8220 -4.3587 0.0000 0.00 0.00 1.00 0
-1.8139 -4.3573 0.0000 0.00 0.00 1.00 0
-1.8212 -4.3593 0.0000 0.00 0.00 1.00 0
-1.8158 -4.3585 0.0000 0.00 0.00 1.00 0
-1.8104 -4.3578 0.0000 0.00 0.00 1.00 0
-1.8177 -4.3560 0.0000 0.00 0.00 1.00 0
-1.8144 -4.3551 0.0000 0.00 0.00 1.00 0
-1.8111 -4.3542 0.0000 0.00 0.00 1.00 0
-1.8054 -4.3544 0.0000 0.00 0.00 1.00 0
-1.8018 -4.3537 0.0000 0.00 0.00 1.00 0
-1.7981 -4.3529 0.0000 0.00 0.00 1.00 0
-1.7867 -4.3537 0.0000 0.00 0.00 1.00 0
-1.7819 -4.3532 0.0000 0.00 0.00 1.00 0
-1.7780 -4.3528 0.0000 0.00 0.00 1.00 0
-1.7640 -4.3523 0.0000 0.00 0.00 1.00 0
-1.7578 -4.3519 0.0000 0.00 0.00 1.00 0
-1.7457 -4.3456 0.0000 0.00 0.00 1.00 0
-1.7384 -4.3441 0.0000 0.00 0.00 1.00 0
-1.7313 -4.3426 0.0000 0.00 0.00 1.00 0
-1.7233 -4.3389 0.0000 0.00 0.00 1.00 0
-1.7159 -4.3371 0.0000 0.00 0.00 1.00 0
-1.7086 -4.3353 0.0000 0.00 0.00 1.00 0
-1.7029 -4.3354 0.0000 0.00 0.00 1.00 0
-1.6959 -4.3339 0.0000 0.00 0.00 1.00 0
-1.6902 -4.3326 0.0000 0.00 0.00 1.00 0
-1.6841 -4.3397 0.0000 0.00 0.00 1.00 0
-1.6774 -4.3394 0.0000 0.00 0.00 1.00 0
-1.6719 -4.3368 0.0000 0.00 0.00 1.00 0
-1.6654 -4.3362 0.0000 0.00 0.00 1.00 0
-1.6590 -4.3356 0.0000 0.00 0.00 1.00 0
-1.6516 -4.3340 0.0000 0.00 0.00 1.00 0
-1.6450 -4.3332 0.0000 0.00 0.00 1.00 0
-1.6383 -4.3324 0.0000 0.00 0.00 1.00 0
-1.6277 -4.3214 0.0000 0.00 0.00 1.00 0
-1.6203 -4.3189 0.0000 0.00 0.00 1.00 0
-1.6131 -4.3166 0.0000 0.00 0.00 1.00 0
-1.6083 -4.3111 0.0000 0.00 0.00 1.00 0
-1.6014 -4.3082 0.0000 0.00 0.00 1.00 0
-1.5985 -4.3093 0.0000 0.00 0.00 1.00 0
-1.5921 -4.3070 0.0000 0.00 0.00 1.00 0
-1.5861 -4.3049 0.0000 0.00 0.00 1.00 0
-1.5815 -4.3027 0.0000 0.00 0.00 1.00 0
-1.5755 -4.3005 0.0000 0.00 0.00 1.00 0
-1.5695 -4.2983 0.0000 0.00 0.00 1.00 0
-1.5611 -4.2948 0.0000 0.00 0.00 1.00 0
-1.5549 -4.2924 0.0000 0.00 0.00 1.00 0
-1.5492 -4.2902 0.0000 0.00 0.00 1.00 0
-1.5384 -4.2896 0.0000 0.00 0.00 1.00 0
-1.5315 -4.2875 0.0000 0.00 0.00 1.00 0
-1.5196 -4.2811 0.0000 0.00 0.00 1.00 0
-1.5118 -4.2782 0.0000 0.00 0.00 1.00 0
-1.5048 -4.2757 0.0000 0.00 0.00 1.00 0
-1.5042 -4.2733 0.0000 0.00 0.00 1.00 0
-1.4978 -4.2705 0.0000 0.00 0.00 1.00 0
-1.4914 -4.2679 0.0000 0.00 0.00 1.00 0
-1.4925 -4.2676 0.0000 0.00 0.00 1.00 0
-1.4871 -4.2652 0.0000 0.00 0.00 1.00 0
-1.4824 -4.2632 0.0000 0.00 0.00 1.00 0
-1.4762 -4.2647 0.0000 0.00 0.00 1.00 0
-1.4709 -4.2630 0.0000 0.00 0.00 1.00 0
-1.4592 -4.2618 0.0000 0.00 0.00 1.00 0
-1.4527 -4.2602 0.0000 0.00 0.00 1.00 0
-1.4463 -4.2585 0.0000 0.00 0.00 1.00 0
-1.4342 -4.2517 0.0000 0.00 0.00 1.00 0
-1.4270 -4.2492 0.0000 0.00 0.00 1.00 0
-1.4196 -4.2467 0.0000 0.00 0.00 1.00 0
-1.4114 -4.2367 0.0000 0.00 0.00 1.00 0
-1.4040 -4.2330 0.0000 0.00 0.00 1.00 0
-1.3965 -4.2293 0.0000 0.00 0.00 1.00 0
-1.3982 -4.2303 0.0000 0.00 0.00 1.00 0
-1.3914 -4.2270 0.0000 0.00 0.00 1.00 0
-1.3871 -4.2249 0.0000 0.00 0.00 1.00 0
-1.3855 -4.2278 0.0000 0.00 0.00 1.00 0
-1.3803 -4.2258 0.0000 0.00 0.00 1.00 0
-1.3738 -4.2235 0.0000 0.00 0.00 1.00 0
-1.3690 -4.2217 0.0000 0.00 0.00 1.00 0
-1.3632 -4.2195 0.0000 0.00 0.00 1.00 0
-1.3505 -4.2211 0.0000 0.00 0.00 1.00 0
-1.3439 -4.2196 0.0000 0.00 0.00 1.00 0
-1.3374 -4.2182 0.0000 0.00 0.00 1.00 0
-1.3318 -4.2102 0.0000 0.00 0.00 1.00 0
-1.3255 -4.2077 0.0000 0.00 0.00 1.00 0
-1.3203 -4.2057 0.0000 0.00 0.00 1.00 0
-1.3213 -4.2041 0.0000 0.00 0.00 1.00 0
-1.3163 -4.2018 0.0000 0.00 0.00 1.00 0
-1.3098 -4.2030 0.0000 0.00 0.00 1.00 0
-1.3044 -4.2013 0.0000 0.00 0.00 1.00 0
-1.3001 -4.1999 0.0000 0.00 0.00 1.00 0
-1.2914 -4.1933 0.0000 0.00 0.00 1.00 0
-1.2858 -4.1909 0.0000 0.00 0.00 1.00 0
-1.2800 -4.1885 0.0000 0.00 0.00 1.00 0
-1.2715 -4.1802 0.0000 0.00 0.00 1.00 0
-1.2654 -4.1769 0.0000 0.00 0.00 1.00 0
-1.2598 -4.1739 0.0000 0.00 0.00 1.00 0
-1.2472 -4.1646 0.0000 0.00 0.00 1.00 0
-1.2402 -4.1605 0.0000 0.00 0.00 1.00 0
-1.2289 -4.1542 0.0000 0.00 0.00 1.00 0
-1.2211 -4.1496 0.0000 0.00 0.00 1.00 0
-1.2134 -4.1452 0.0000 0.00 0.00 1.00 0
-1.2102 -4.1433 0.0000 0.00 0.00 1.00 0
-1.2004 -4.1308 0.0000 0.00 0.00 1.00 0
-1.1930 -4.1255 0.0000 0.00 0.00 1.00 0
-1.1924 -4.1312 0.0000 0.00 0.00 1.00 0
-1.1860 -4.1276 0.0000 0.00 0.00 1.00 0
-1.1784 -4.1316 0.0000 0.00 0.00 1.00 0
-1.1721 -4.1295 0.0000 0.00 0.00 1.00 0
-1.1656 -4.1273 0.0000 0.00 0.00 1.00 0
-1.1617 -4.1260 0.0000 0.00 0.00 1.00 0
-1.1565 -4.1212 0.0000 0.00 0.00 1.00 0
-1.1504 -4.1187 0.0000 0.00 0.00 1.00 0
-1.1394 -4.1090 0.0000 0.00 0.00 1.00 0
-1.1327 -4.1054 0.0000 0.00 0.00 1.00 0
-1.1259 -4.1018 0.0000 0.00 0.00 1.00 0
-1.1143 -4.0913 0.0000 0.00 0.00 1.00 0
-1.1083 -4.0876 0.0000 0.00 0.00 1.00 0
-1.1005 -4.0827 0.0000 0.00 0.00 1.00 0
-1.0942 -4.0732 0.0000 0.00 0.00 1.00 0
-1.0870 -4.0678 0.0000 0.00 0.00 1.00 0
-1.0841 -4.0686 0.0000 0.00 0.00 1.00 0
-1.0791 -4.0653 0.0000 0.00 0.00 1.00 0
-1.0714 -4.0602 0.0000 0.00 0.00 1.00 0
-1.0639 -4.0605 0.0000 0.00 0.00 1.00 0
-1.0573 -4.0569 0.0000 0.00 0.00 1.00 0
-1.0508 -4.0535 0.0000 0.00 0.00 1.00 0
-1.0481 -4.0500 0.0000 0.00 0.00 1.00 0
-1.0414 -4.0460 0.0000 0.00 0.00 1.00 0
-1.0354 -4.0425 0.0000 0.00 0.00 1.00 0
-1.0261 -4.0394 0.0000 0.00 0.00 1.00 0
-1.0194 -4.0359 0.0000 0.00 0.00 1.00 0
-1.0148 -4.0335 0.0000 0.00 0.00 1.00 0
-0.9974 -4.0225 0.0000 0.00 0.00 1.00 0
-0.9894 -4.0180 0.0000 0.00 0.00 1.00 0
-0.9800 -4.0112 0.0000 0.00 0.00 1.00 0
-0.9719 -4.0064 0.0000 0.00 0.00 1.00 0
-0.9637 -4.0015 0.0000 0.00 0.00 1.00 0
-0.9619 -4.0015 0.0000 0.00 0.00 1.00 0
-0.9539 -3.9970 0.0000 0.00 0.00 1.00 0
-0.9466 -3.9928 0.0000 0.00 0.00 1.00 0
-0.9432 -3.9907 0.0000 0.00 0.00 1.00 0
-0.9365 -3.9869 0.0000 0.00 0.00 1.00 0
-0.9320 -3.9843 0.0000 0.00 0.00 1.00 0
-0.9303 -3.9756 0.0000 0.00 0.00 1.00 0
-0.9246 -3.9712 0.0000 0.00 0.00 1.00 0
-0.9106 -3.9618 0.0000 0.00 0.00 1.00 0
-0.9035 -3.9565 0.0000 0.00 0.00 1.00 0
-0.8965 -3.9513 0.0000 0.00 0.00 1.00 0
-0.8829 -3.9391 0.0000 0.00 0.00 1.00 0
-0.8749 -3.9329 0.0000 0.00 0.00 1.00 0
-0.8667 -3.9264 0.0000 0.00 0.00 1.00 0
-0.8597 -3.9192 0.0000 0.00 0.00 1.00 0
-0.8517 -3.9126 0.0000 0.00 0.00 1.00 0
-0.8483 -3.9157 0.0000 0.00 0.00 1.00 0
-0.8412 -3.9109 0.0000 0.00 0.00 1.00 0
-0.8338 -3.9059 0.0000 0.00 0.00 1.00 0
-0.8308 -3.9093 0.0000 0.00 0.00 1.00 0
-0.8243 -3.9059 0.0000 0.00 0.00 1.00 0
-0.8179 -3.9025 0.0000 0.00 0.00 1.00 0
-0.8132 -3.8958 0.0000 0.00 0.00 1.00 0
-0.8070 -3.8918 0.0000 0.00 0.00 1.00 0
-0.8008 -3.8879 0.0000 0.00 0.00 1.00 0
-0.7928 -3.8806 0.0000 0.00 0.00 1.00 0
-0.7863 -3.8761 0.0000 0.00 0.00 1.00 0
-0.7738 -3.8637 0.0000 0.00 0.00 1.00 0
-0.7665 -3.8580 0.0000 0.00 0.00 1.00 0
-0.7591 -3.8522 0.0000 0.00 0.00 1.00 0
-0.7532 -3.8408 0.0000 0.00 0.00 1.00 0
-0.7460 -3.8340 0.0000 0.00 0.00 1.00 0
-0.7388 -3.8272 0.0000 0.00 0.00 1.00 0
-0.7381 -3.8182 0.0000 0.00 0.00 1.00 0
-0.7320 -3.8110 0.0000 0.00 0.00 1.00 0
-0.7258 -3.8038 0.0000 0.00 0.00 1.00 0
-0.7251 -3.8082 0.0000 0.00 0.00 1.00 0
-0.7198 -3.8029 0.0000 0.00 0.00 1.00 0
-0.7151 -3.7981 0.0000 0.00 0.00 1.00 0
-0.7102 -3.8001 0.0000 0.00 0.00 1.00 0
-0.7051 -3.7960 0.0000 0.00 0.00 1.00 0
-0.7003 -3.7934 0.0000 0.00 0.00 1.00 0
-0.6957 -3.7899 0.0000 0.00 0.00 1.00 0
-0.6902 -3.7857 0.0000 0.00 0.00 1.00 0
-0.6826 -3.7769 0.0000 0.00 0.00 1.00 0
-0.6771 -3.7722 0.0000 0.00 0.00 1.00 0
-0.6715 -3.7675 0.0000 0.00 0.00 1.00 0
-0.6548 -3.7509 0.0000 0.00 0.00 1.00 0
-0.6483 -3.7450 0.0000 0.00 0.00 1.00 0
-0.6417 -3.7390 0.0000 0.00 0.00 1.00 0
-0.6340 -3.7280 0.0000 0.00 0.00 1.00 0
-0.6267 -3.7208 0.0000 0.00 0.00 1.00 0
-0.6225 -3.7166 0.0000 0.00 0.00 1.00 0
-0.6178 -3.7194 0.0000 0.00 0.00 1.00 0
-0.6114 -3.7142 0.0000 0.00 0.00 1.00 0
-0.6113 -3.7151 0.0000 0.00 0.00 1.00 0
-0.6058 -3.7108 0.0000 0.00 0.00 1.00 0
-0.6004 -3.7066 0.0000 0.00 0.00 1.00 0
-0.5939 -3.6999 0.0000 0.00 0.00 1.00 0
-0.5884 -3.6953 0.0000 0.00 0.00 1.00 0
-0.5832 -3.6911 0.0000 0.00 0.00 1.00 0
-0.5734 -3.6758 0.0000 0.00 0.00 1.00 0
-0.5674 -3.6697 0.0000 0.00 0.00 1.00 0
-0.5590 -3.6526 0.0000 0.00 0.00 1.00 0
-0.5525 -3.6445 0.0000 0.00 0.00 1.00 0
-0.5460 -3.6366 0.0000 0.00 0.00 1.00 0
-0.5357 -3.6205 0.0000 0.00 0.00 1.00 0
-0.5286 -3.6111 0.0000 0.00 0.00 1.00 0
-0.5214 -3.6017 0.0000 0.00 0.00 1.00 0
-0.5145 -3.5939 0.0000 0.00 0.00 1.00 0
-0.5074 -3.5848 0.0000 0.00 0.00 1.00 0
-0.5011 -3.5767 0.0000 0.00 0.00 1.00 0
-0.5022 -3.5757 0.0000 0.00 0.00 1.00 0
-0.4965 -3.5680 0.0000 0.00 0.00 1.00 0
-0.4937 -3.5638 0.0000 0.00 0.00 1.00 0
-0.4884 -3.5566 0.0000 0.00 0.00 1.00 0
-0.4832 -3.5495 0.0000 0.00 0.00 1.00 0
-0.4798 -3.5448 0.0000 0.00 0.00 1.00 0
-0.4746 -3.5376 0.0000 0.00 0.00 1.00 0
-0.4700 -3.5313 0.0000 0.00 0.00 1.00 0
-0.4636 -3.5303 0.0000 0.00 0.00 1.00 0
-0.4585 -3.5245 0.0000 0.00 0.00 1.00 0
-0.4534 -3.5187 0.0000 0.00 0.00 1.00 0
-0.4442 -3.5206 0.0000 0.00 0.00 1.00 0
-0.4385 -3.5160 0.0000 0.00 0.00 1.00 0
-0.4334 -3.5100 0.0000 0.00 0.00 1.00 0
-0.4277 -3.5051 0.0000 0.00 0.00 1.00 0
-0.4221 -3.5003 0.0000 0.00 0.00 1.00 0
-0.4159 -3.4893 0.0000 0.00 0.00 1.00 0
-0.4103 -3.4835 0.0000 0.00 0.00 1.00 0
-0.4045 -3.4776 0.0000 0.00 0.00 1.00 0
-0.4015 -3.4647 0.0000 0.00 0.00 1.00 0
-0.3963 -3.4578 0.0000 0.00 0.00 1.00 0
-0.3910 -3.4508 0.0000 0.00 0.00 1.00 0
-0.3844 -3.4409 0.0000 0.00 0.00 1.00 0
-0.3790 -3.4335 0.0000 0.00 0.00 1.00 0
-0.3753 -3.4284 0.0000 0.00 0.00 1.00 0
-0.3728 -3.4281 0.0000 0.00 0.00 1.00 0
-0.3675 -3.4214 0.0000 0.00 0.00 1.00 0
-0.3624 -3.4252 0.0000 0.00 0.00 1.00 0
-0.3575 -3.4207 0.0000 0.00 0.00 1.00 0
-0.3525 -3.4162 0.0000 0.00 0.00 1.00 0
-0.3463 -3.4168 0.0000 0.00 0.00 1.00 0
-0.3417 -3.4135 0.0000 0.00 0.00 1.00 0
-0.3360 -3.4095 0.0000 0.00 0.00 1.00 0
-0.3298 -3.3992 0.0000 0.00 0.00 1.00 0
-0.3239 -3.3940 0.0000 0.00 0.00 1.00 0
-0.3202 -3.3906 0.0000 0.00 0.00 1.00 0
-0.3108 -3.3754 0.0000 0.00 0.00 1.00 0
-0.3051 -3.3692 0.0000 0.00 0.00 1.00 0
-0.3002 -3.3549 0.0000 0.00 0.00 1.00 0
-0.2946 -3.3474 0.0000 0.00 0.00 1.00 0
-0.2891 -3.3400 0.0000 0.00 0.00 1.00 0
-0.2905 -3.3376 0.0000 0.00 0.00 1.00 0
-0.2861 -3.3310 0.0000 0.00 0.00 1.00 0
-0.2816 -3.3243 0.0000 0.00 0.00 1.00 0
-0.2814 -3.3299 0.0000 0.00 0.00 1.00 0
-0.2775 -3.3249 0.0000 0.00 0.00 1.00 0
-0.2719 -3.3165 0.0000 0.00 0.00 1.00 0
-0.2678 -3.3112 0.0000 0.00 0.00 1.00 0
-0.2637 -3.3058 0.0000 0.00 0.00 1.00 0
-0.2600 -3.2910 0.0000 0.00 0.00 1.00 0
-0.2559 -3.2841 0.0000 0.00 0.00 1.00 0
-0.2520 -3.2772 0.0000 0.00 0.00 1.00 0
-0.2447 -3.2559 0.0000 0.00 0.00 1.00 0
-0.2402 -3.2466 0.0000 0.00 0.00 1.00 0
-0.2357 -3.2374 0.0000 0.00 0.00 1.00 0
-0.2357 -3.2208 0.0000 0.00 0.00 1.00 0
-0.2318 -3.2103 0.0000 0.00 0.00 1.00 0
-0.2287 -3.2018 0.0000 0.00 0.00 1.00 0
-0.2281 -3.1985 0.0000 0.00 0.00 1.00 0
-0.2248 -3.1893 0.0000 0.00 0.00 1.00 0
-0.2226 -3.1830 0.0000 0.00 0.00 1.00 0
-0.2183 -3.1841 0.0000 0.00 0.00 1.00 0
-0.2151 -3.1769 0.0000 0.00 0.00 1.00 0
-0.2105 -3.1732 0.0000 0.00 0.00 1.00 0
-0.2070 -3.1665 0.0000 0.00 0.00 1.00 0
-0.2035 -3.1598 0.0000 0.00 0.00 1.00 0
-0.1971 -3.1498 0.0000 0.00 0.00 1.00 0
-0.1932 -3.1426 0.0000 0.00 0.00 1.00 0
-0.1892 -3.1354 0.0000 0.00 0.00 1.00 0
-0.1852 -3.1253 0.0000 0.00 0.00 1.00 0
-0.1816 -3.1185 0.0000 0.00 0.00 1.00 0
-0.1785 -3.1124 0.0000 0.00 0.00 1.00 0
-0.1706 -3.1069 0.0000 0.00 0.00 1.00 0
-0.1662 -3.0999 0.0000 0.00 0.00 1.00 0
-0.1654 -3.0967 0.0000 0.00 0.00 1.00 0
-0.1616 -3.0902 0.0000 0.00 0.00 1.00 0
-0.1577 -3.0838 0.0000 0.00 0.00 1.00 0
-0.1582 -3.0720 0.0000 0.00 0.00 1.00 0
-0.1551 -3.0648 0.0000 0.00 0.00 1.00 0
-0.1520 -3.0576 0.0000 0.00 0.00 1.00 0
-0.1473 -3.0376 0.0000 0.00 0.00 1.00 0
-0.1440 -3.0286 0.0000 0.00 0.00 1.00 0
-0.1413 -3.0211 0.0000 0.00 0.00 1.00 0
-0.1377 -3.0040 0.0000 0.00 0.00 1.00 0
-0.1345 -2.9940 0.0000 0.00 0.00 1.00 0
-0.1289 -2.9970 0.0000 0.00 0.00 1.00 0
-0.1252 -2.9892 0.0000 0.00 0.00 1.00 0
-0.1219 -2.9822 0.0000 0.00 0.00 1.00 0
-0.1217 -2.9834 0.0000 0.00 0.00 1.00 0
-0.1190 -2.9777 0.0000 0.00 0.00 1.00 0
-0.1159 -2.9715 0.0000 0.00 0.00 1.00 0
-0.1102 -2.9613 0.0000 0.00 0.00 1.00 0
-0.1068 -2.9546 0.0000 0.00 0.00 1.00 0
-0.1040 -2.9492 0.0000 0.00 0.00 1.00 0
-0.1054 -2.9397 0.0000 0.00 0.00 1.00 0
-0.1027 -2.9326 0.0000 0.00 0.00 1.00 0
-0.1006 -2.9166 0.0000 0.00 0.00 1.00 0
-0.0981 -2.9081 0.0000 0.00 0.00 1.00 0
-0.0956 -2.8995 0.0000 0.00 0.00 1.00 0
-0.0941 -2.8903 0.0000 0.00 0.00 1.00 0
-0.0918 -2.8815 0.0000 0.00 0.00 1.00 0
-0.0893 -2.8726 0.0000 0.00 0.00 1.00 0
-0.0847 -2.8705 0.0000 0.00 0.00 1.00 0
-0.0819 -2.8626 0.0000 0.00 0.00 1.00 0
-0.0794 -2.8557 0.0000 0.00 0.00 1.00 0
-0.0774 -2.8546 0.0000 0.00 0.00 1.00 0
-0.0748 -2.8479 0.0000 0.00 0.00 1.00 0
-0.0752 -2.8412 0.0000 0.00 0.00 1.00 0
-0.0731 -2.8344 0.0000 0.00 0.00 1.00 0
-0.0710 -2.8278 0.0000 0.00 0.00 1.00 0
-0.0705 -2.8132 0.0000 0.00 0.00 1.00 0
-0.0687 -2.8053 0.0000 0.00 0.00 1.00 0
-0.0669 -2.7975 0.0000 0.00 0.00 1.00 0
-0.0665 -2.7886 0.0000 0.00 0.00 1.00 0
-0.0649 -2.7804 0.0000 0.00 0.00 1.00 0
-0.0633 -2.7722 0.0000 0.00 0.00 1.00 0
-0.0482 -2.7660 0.0000 0.00 0.00 1.00 0
-0.0445 -2.7582 0.0000 0.00 0.00 1.00 0
-0.0423 -2.7535 0.0000 0.00 0.00 1.00 0
-0.0360 -2.7446 0.0000 0.00 0.00 1.00 0
-0.0330 -2.7387 0.0000 0.00 0.00 1.00 0
-0.0352 -2.7323 0.0000 0.00 0.00 1.00 0
-0.0326 -2.7253 0.0000 0.00 0.00 1.00 0
-0.0299 -2.7182 0.0000 0.00 0.00 1.00 0
-0.0328 -2.7078 0.0000 0.00 0.00 1.00 0
-0.0310 -2.7001 0.0000 0.00 0.00 1.00 0
-0.0292 -2.6926 0.0000 0.00 0.00 1.00 0
-0.0326 -2.6787 0.0000 0.00 0.00 1.00 0
-0.0316 -2.6702 0.0000 0.00 0.00 1.00 0
-0.0288 -2.6592 0.0000 0.00 0.00 1.00 0
-0.0275 -2.6502 0.0000 0.00 0.00 1.00 0
-0.0262 -2.6413 0.0000 0.00 0.00 1.00 0
-0.0248 -2.6330 0.0000 0.00 0.00 1.00 0
-0.0235 -2.6242 0.0000 0.00 0.00 1.00 0
-0.0222 -2.6153 0.0000 0.00 0.00 1.00 0
-0.0233 -2.6112 0.0000 0.00 0.00 1.00 0
-0.0224 -2.6032 0.0000 0.00 0.00 1.00 0
-0.0214 -2.5951 0.0000 0.00 0.00 1.00 0
-0.0197 -2.5796 0.0000 0.00 0.00 1.00 0
-0.0186 -2.5703 0.0000 0.00 0.00 1.00 0
-0.0196 -2.5557 0.0000 0.00 0.00 1.00 0
-0.0189 -2.5455 0.0000 0.00 0.00 1.00 0
-0.0182 -2.5353 0.0000 0.00 0.00 1.00 0
-0.0216 -2.5203 0.0000 0.00 0.00 1.00 0
-0.0216 -2.5091 0.0000 0.00 0.00 1.00 0
-0.0215 -2.4981 0.0000 0.00 0.00 1.00 0
-0.0157 -2.4971 0.0000 0.00 0.00 1.00 0
-0.0149 -2.4895 0.0000 0.00 0.00 1.00 0
-0.0127 -2.4886 0.0000 0.00 0.00 1.00 0
-0.0115 -2.4811 0.0000 0.00 0.00 1.00 0
-0.0104 -2.4738 0.0000 0.00 0.00 1.00 0
-0.0096 -2.4686 0.0000 0.00 0.00 1.00 0
-0.0099 -2.4586 0.0000 0.00 0.00 1.00 0
-0.0090 -2.4511 0.0000 0.00 0.00 1.00 0
-0.0092 -2.4395 0.0000 0.00 0.00 1.00 0
-0.0085 -2.4312 0.0000 0.00 0.00 1.00 0
-0.0078 -2.4231 0.0000 0.00 0.00 1.00 0
-0.0067 -2.4024 0.0000 0.00 0.00 1.00 0
-0.0059 -2.3922 0.0000 0.00 0.00 1.00 0
-0.0052 -2.3831 0.0000 0.00 0.00 1.00 0
-0.0038 -2.3752 0.0000 0.00 0.00 1.00 0
-0.0030 -2.3656 0.0000 0.00 0.00 1.00 0
0.0017 -2.3635 0.0000 0.00 0.00 1.00 0
0.0032 -2.3552 0.0000 0.00 0.00 1.00 0
0.0047 -2.3469 0.0000 0.00 0.00 1.00 0
0.0054 -2.3428 0.0000 0.00 0.00 1.00 0
0.0030 -2.3397 0.0000 0.00 0.00 1.00 0
0.0038 -2.3326 0.0000 0.00 0.00 1.00 0
-0.0015 -2.3221 0.0000 0.00 0.00 1.00 0
-0.0017 -2.3144 0.0000 0.00 0.00 1.00 0
-0.0018 -2.3068 0.0000 0.00 0.00 1.00 0
-0.0070 -2.2879 0.0000 0.00 0.00 1.00 0
-0.0080 -2.2785 0.0000 0.00 0.00 1.00 0
-0.0088 -2.2700 0.0000 0.00 0.00 1.00 0
-0.0107 -2.2502 0.0000 0.00 0.00 1.00 0
-0.0118 -2.2394 0.0000 0.00 0.00 1.00 0
-0.0104 -2.2341 0.0000 0.00 0.00 1.00 0
-0.0111 -2.2239 0.0000 0.00 0.00 1.00 0
-0.0118 -2.2140 0.0000 0.00 0.00 1.00 0
-0.0087 -2.2153 0.0000 0.00 0.00 1.00 0
-0.0088 -2.2072 0.0000 0.00 0.00 1.00 0
-0.0089 -2.1989 0.0000 0.00 0.00 1.00 0
-0.0063 -2.1995 0.0000 0.00 0.00 1.00 0
-0.0059 -2.1928 0.0000 0.00 0.00 1.00 0
-0.0056 -2.1867 0.0000 0.00 0.00 1.00 0
-0.0060 -2.1794 0.0000 0.00 0.00 1.00 0
-0.0057 -2.1723 0.0000 0.00 0.00 1.00 0
-0.0097 -2.1563 0.0000 0.00 0.00 1.00 0
-0.0102 -2.1480 0.0000 0.00 0.00 1.00 0
-0.0107 -2.1396 0.0000 0.00 0.00 1.00 0
-0.0124 -2.1264 0.0000 0.00 0.00 1.00 0
-0.0131 -2.1172 0.0000 0.00 0.00 1.00 0
-0.0138 -2.1080 0.0000 0.00 0.00 1.00 0
-0.0137 -2.0984 0.0000 0.00 0.00 1.00 0
-0.0142 -2.0892 0.0000 0.00 0.00 1.00 0
-0.0147 -2.0808 0.0000 0.00 0.00 1.00 0
-0.0157 -2.0731 0.0000 0.00 0.00 1.00 0
-0.0163 -2.0641 0.0000 0.00 0.00 1.00 0
-0.0195 -2.0522 0.0000 0.00 0.00 1.00 0
-0.0206 -2.0427 0.0000 0.00 0.00 1.00 0
-0.0217 -2.0334 0.0000 0.00 0.00 1.00 0
-0.0245 -2.0167 0.0000 0.00 0.00 1.00 0
-0.0259 -2.0062 0.0000 0.00 0.00 1.00 0
-0.0272 -1.9956 0.0000 0.00 0.00 1.00 0
-0.0329 -1.9697 0.0000 0.00 0.00 1.00 0
-0.0350 -1.9567 0.0000 0.00 0.00 1.00 0
-0.0370 -1.9437 0.0000 0.00 0.00 1.00 0
-0.0394 -1.9211 0.0000 0.00 0.00 1.00 0
-0.0415 -1.9063 0.0000 0.00 0.00 1.00 0
-0.0429 -1.8877 0.0000 0.00 0.00 1.00 0
-0.0450 -1.8722 0.0000 0.00 0.00 1.00 0
-0.0469 -1.8574 0.0000 0.00 0.00 1.00 0
-0.0478 -1.8412 0.0000 0.00 0.00 1.00 0
-0.0495 -1.8259 0.0000 0.00 0.00 1.00 0
-0.0513 -1.8107 0.0000 0.00 0.00 1.00 0
-0.0546 -1.8013 0.0000 0.00 0.00 1.00 0
-0.0564 -1.7882 0.0000 0.00 0.00 1.00 0
-0.0587 -1.7718 0.0000 0.00 0.00 1.00 0
-0.0606 -1.7689 0.0000 0.00 0.00 1.00 0
-0.0626 -1.7562 0.0000 0.00 0.00 1.00 0
-0.0676 -1.7475 0.0000 0.00 0.00 1.00 0
-0.0702 -1.7354 0.0000 0.00 0.00 1.00 0
-0.0727 -1.7233 0.0000 0.00 0.00 1.00 0
-0.0741 -1.7066 0.0000 0.00 0.00 1.00 0
-0.0764 -1.6939 0.0000 0.00 0.00 1.00 0
-0.0787 -1.6810 0.0000 0.00 0.00 1.00 0
-0.0801 -1.6607 0.0000 0.00 0.00 1.00 0
-0.0822 -1.6470 0.0000 0.00 0.00 1.00 0
-0.0844 -1.6329 0.0000 0.00 0.00 1.00 0
-0.0855 -1.6147 0.0000 0.00 0.00 1.00 0
-0.0877 -1.5986 0.0000 0.00 0.00 1.00 0
-0.0889 -1.5843 0.0000 0.00 0.00 1.00 0
-0.0905 -1.5712 0.0000 0.00 0.00 1.00 0
-0.0926 -1.5550 0.0000 0.00 0.00 1.00 0
-0.0966 -1.5396 0.0000 0.00 0.00 1.00 0
-0.0989 -1.5247 0.0000 0.00 0.00 1.00 0
-0.1011 -1.5098 0.0000 0.00 0.00 1.00 0
-0.1047 -1.4913 0.0000 0.00 0.00 1.00 0
-0.1072 -1.4759 0.0000 0.00 0.00 1.00 0
-0.1096 -1.4606 0.0000 0.00 0.00 1.00 0
-0.1126 -1.4498 0.0000 0.00 0.00 1.00 0
-0.1151 -1.4352 0.0000 0.00 0.00 1.00 0
-0.1173 -1.4232 0.0000 0.00 0.00 1.00 0
-0.1197 -1.4089 0.0000 0.00 0.00 1.00 0
-0.1223 -1.3944 0.0000 0.00 0.00 1.00 0
-0.1225 -1.3787 0.0000 0.00 0.00 1.00 0
-0.1246 -1.3642 0.0000 0.00 0.00 1.00 0
-0.1267 -1.3498 0.0000 0.00 0.00 1.00 0
-0.1269 -1.3349 0.0000 0.00 0.00 1.00 0
-0.1286 -1.3206 0.0000 0.00 0.00 1.00 0
-0.1304 -1.3059 0.0000 0.00 0.00 1.00 0
-0.1327 -1.2891 0.0000 0.00 0.00 1.00 0
-0.1346 -1.2739 0.0000 0.00 0.00 1.00 0
-0.1372 -1.2559 0.0000 0.00 0.00 1.00 0
-0.1391 -1.2414 0.0000 0.00 0.00 1.00 0
-0.1411 -1.2261 0.0000 0.00 0.00 1.00 0
-0.1435 -1.2133 0.0000 0.00 0.00 1.00 0
-0.1456 -1.1983 0.0000 0.00 0.00 1.00 0
-0.1476 -1.1836 0.0000 0.00 0.00 1.00 0
-0.1485 -1.1696 0.0000 0.00 0.00 1.00 0
-0.1504 -1.1549 0.0000 0.00 0.00 1.00 0
-0.1523 -1.1400 0.0000 0.00 0.00 1.00 0
-0.1526 -1.1246 0.0000 0.00 0.00 1.00 0
-0.1541 -1.1099 0.0000 0.00 0.00 1.00 0
-0.1557 -1.0957 0.0000 0.00 0.00 1.00 0
-0.1589 -1.0771 0.0000 0.00 0.00 1.00 0
-0.1608 -1.0615 0.0000 0.00 0.00 1.00 0
-0.1623 -1.0496 0.0000 0.00 0.00 1.00 0
-0.1647 -1.0234 0.0000 0.00 0.00 1.00 0
-0.1666 -1.0068 0.0000 0.00 0.00 1.00 0
-0.1696 -0.9850 0.0000 0.00 0.00 1.00 0
-0.1717 -0.9678 0.0000 0.00 0.00 1.00 0
-0.1737 -0.9504 0.0000 0.00 0.00 1.00 0
-0.1781 -0.9365 0.0000 0.00 0.00 1.00 0
-0.1805 -0.9195 0.0000 0.00 0.00 1.00 0
-0.1827 -0.9045 0.0000 0.00 0.00 1.00 0
-0.1868 -0.8846 0.0000 0.00 0.00 1.00 0
-0.1895 -0.8674 0.0000 0.00 0.00 1.00 0
-0.1906 -0.8501 0.0000 0.00 0.00 1.00 0
-0.1930 -0.8330 0.0000 0.00 0.00 1.00 0
-0.1954 -0.8155 0.0000 0.00 0.00 1.00 0
-0.1970 -0.8031 0.0000 0.00 0.00 1.00 0
-0.1988 -0.7901 0.0000 0.00 0.00 1.00 0
-0.2016 -0.7699 0.0000 0.00 0.00 1.00 0
-0.2045 -0.7556 0.0000 0.00 0.00 1.00 0
-0.2068 -0.7398 0.0000 0.00 0.00 1.00 0
-0.2091 -0.7238 0.0000 0.00 0.00 1.00 0
-0.2094 -0.7398 0.0000 0.00 0.00 1.00 0
-0.2114 -0.7289 0.0000 0.00 0.00 1.00 0
-0.2131 -0.7193 0.0000 0.00 0.00 1.00 0
-0.2107 -0.7386 0.0000 0.00 0.00 1.00 0
-0.2120 -0.7323 0.0000 0.00 0.00 1.00 0
-0.2045 -0.7498 0.0000 0.00 0.00 1.00 0
-0.2043 -0.7476 0.0000 0.00 0.00 1.00 0
-0.2041 -0.7455 0.0000 0.00 0.00 1.00 0
-0.2004 -0.7731 0.0000 0.00 0.00 1.00 0
-0.1996 -0.7758 0.0000 0.00 0.00 1.00 0
-0.1988 -0.7786 0.0000 0.00 0.00 1.00 0
-0.1995 -0.8046 0.0000 0.00 0.00 1.00 0
-0.1989 -0.8116 0.0000 0.00 0.00 1.00 0
-0.1984 -0.8174 0.0000 0.00 0.00 1.00 0
-0.1948 -0.8323 0.0000 0.00 0.00 1.00 0
-0.1938 -0.8400 0.0000 0.00 0.00 1.00 0
-0.1918 -0.8366 0.0000 0.00 0.00 1.00 0
-0.1907 -0.8424 0.0000 0.00 0.00 1.00 0
-0.1895 -0.8481 0.0000 0.00 0.00 1.00 0
-0.1916 -0.8402 0.0000 0.00 0.00 1.00 0
-0.1909 -0.8437 0.0000 0.00 0.00 1.00 0
-0.1903 -0.8472 0.0000 0.00 0.00 1.00 0
-0.1905 -0.8360 0.0000 0.00 0.00 1.00 0
-0.1900 -0.8372 0.0000 0.00 0.00 1.00 0
-0.1896 -0.8382 0.0000 0.00 0.00 1.00 0
-0.1926 -0.8267 0.0000 0.00 0.00 1.00 0
-0.1926 -0.8259 0.0000 0.00 0.00 1.00 0
-0.1940 -0.8186 0.0000 0.00 0.00 1.00 0
-0.1943 -0.8167 0.0000 0.00 0.00 1.00 0
-0.1946 -0.8148 0.0000 0.00 0.00 1.00 0
-0.1940 -0.8139 0.0000 0.00 0.00 1.00 0
-0.1941 -0.8122 0.0000 0.00 0.00 1.00 0
-0.1943 -0.8104 0.0000 0.00 0.00 1.00 0
-0.1959 -0.8099 0.0000 0.00 0.00 1.00 0
-0.1962 -0.8083 0.0000 0.00 0.00 1.00 0
-0.1966 -0.8068 0.0000 0.00 0.00 1.00 0
-0.1985 -0.8108 0.0000 0.00 0.00 1.00 0
-0.1991 -0.8101 0.0000 0.00 0.00 1.00 0
-0.1963 -0.8128 0.0000 0.00 0.00 1.00 0
-0.1963 -0.8127 0.0000 0.00 0.00 1.00 0
-0.1963 -0.8125 0.0000 0.00 0.00 1.00 0
-0.1959 -0.8152 0.0000 0.00 0.00 1.00 0
-0.1959 -0.8156 0.0000 0.00 0.00 1.00 0
