-0.6463 0.2555 0.0000 0.00 0.00 1.00 0
-0.4491 0.2938 0.0000 0.00 0.00 1.00 0
-0.6465 0.2516 0.0000 0.00 0.00 1.00 0
-0.8475 0.2278 0.0000 0.00 0.00 1.00 0
-1.0581 0.1931 0.0000 0.00 0.00 1.00 0
-1.2604 0.1674 0.0000 0.00 0.00 1.00 0
-1.4707 0.1328 0.0000 0.00 0.00 1.00 0
-1.6805 0.1069 0.0000 0.00 0.00 1.00 0
-1.8934 0.0661 0.0000 0.00 0.00 1.00 0
-2.1054 0.0337 0.0000 0.00 0.00 1.00 0
-2.3170 0.0102 0.0000 0.00 0.00 1.00 0
-2.5317 -0.0167 0.0000 0.00 0.00 1.00 0
-2.7312 -0.0403 0.0000 0.00 0.00 1.00 0
-2.9371 -0.0698 0.0000 0.00 0.00 1.00 0
-3.1434 -0.0937 0.0000 0.00 0.00 1.00 0
-3.3583 -0.1257 0.0000 0.00 0.00 1.00 0
-3.5610 -0.1443 0.0000 0.00 0.00 1.00 0
-3.7614 -0.1722 0.0000 0.00 0.00 1.00 0
-3.9585 -0.2160 0.0000 0.00 0.00 1.00 0
-4.1496 -0.2784 0.0000 0.00 0.00 1.00 0
-4.3382 -0.3495 0.0000 0.00 0.00 1.00 0
-4.5230 -0.4383 0.0000 0.00 0.00 1.00 0
-4.6985 -0.5428 0.0000 0.00 0.00 1.00 0
-4.8741 -0.6531 0.0000 0.00 0.00 1.00 0
-5.0298 -0.7810 0.0000 0.00 0.00 1.00 0
-5.1776 -0.9271 0.0000 0.00 0.00 1.00 0
-5.3119 -1.0828 0.0000 0.00 0.00 1.00 0
-5.4367 -1.2472 0.0000 0.00 0.00 1.00 0
-5.5457 -1.4193 0.0000 0.00 0.00 1.00 0
-5.6398 -1.6054 0.0000 0.00 0.00 1.00 0
-5.7284 -1.7884 0.0000 0.00 0.00 1.00 0
-5.7912 -1.9813 0.0000 0.00 0.00 1.00 0
-5.8397 -2.1770 0.0000 0.00 0.00 1.00 0
-5.8648 -2.3779 0.0000 0.00 0.00 1.00 0
-5.8838 -2.5893 0.0000 0.00 0.00 1.00 0
-5.8658 -2.7887 0.0000 0.00 0.00 1.00 0
-5.8262 -2.9896 0.0000 0.00 0.00 1.00 0
-5.7586 -3.1832 0.0000 0.00 0.00 1.00 0
-5.6816 -3.3722 0.0000 0.00 0.00 1.00 0
-5.5680 -3.5450 0.0000 0.00 0.00 1.00 0
-5.4383 -3.7072 0.0000 0.00 0.00 1.00 0
-5.2780 -3.8434 0.0000 0.00 0.00 1.00 0
-5.0992 -3.9599 0.0000 0.00 0.00 1.00 0
-4.9250 -4.0732 0.0000 0.00 0.00 1.00 0
-4.7251 -4.1441 0.0000 0.00 0.00 1.00 0
-4.5358 -4.2407 0.0000 0.00 0.00 1.00 0
-4.3398 -4.2942 0.0000 0.00 0.00 1.00 0
-4.1422 -4.3763 0.0000 0.00 0.00 1.00 0
-3.9296 -4.4216 0.0000 0.00 0.00 1.00 0
-3.7287 -4.4540 0.0000 0.00 0.00 1.00 0
-3.5276 -4.4800 0.0000 0.00 0.00 1.00 0
-3.3292 -4.5102 0.0000 0.00 0.00 1.00 0
-3.1222 -4.5078 0.0000 0.00 0.00 1.00 0
-2.9127 -4.5129 0.0000 0.00 0.00 1.00 0
-2.7090 -4.5007 0.0000 0.00 0.00 1.00 0
-2.4979 -4.4806 0.0000 0.00 0.00 1.00 0
-2.3002 -4.4412 0.0000 0.00 0.00 1.00 0
-2.0987 -4.4132 0.0000 0.00 0.00 1.00 0
-1.9000 -4.3720 0.0000 0.00 0.00 1.00 0
-1.7029 -4.3354 0.0000 0.00 0.00 1.00 0
-1.5048 -4.2757 0.0000 0.00 0.00 1.00 0
-1.3163 -4.2018 0.0000 0.00 0.00 1.00 0
-1.1327 -4.1054 0.0000 0.00 0.00 1.00 0
-0.9539 -3.9970 0.0000 0.00 0.00 1.00 0
-0.7863 -3.8761 0.0000 0.00 0.00 1.00 0
-0.6340 -3.7280 0.0000 0.00 0.00 1.00 0
-0.5011 -3.5767 0.0000 0.00 0.00 1.00 0
-0.3675 -3.4214 0.0000 0.00 0.00 1.00 0
-0.2447 -3.2559 0.0000 0.00 0.00 1.00 0
-0.1582 -3.0720 0.0000 0.00 0.00 1.00 0
-0.0918 -2.8815 0.0000 0.00 0.00 1.00 0
-0.0326 -2.6787 0.0000 0.00 0.00 1.00 0
-0.0104 -2.4738 0.0000 0.00 0.00 1.00 0
-0.0088 -2.2700 0.0000 0.00 0.00 1.00 0
-0.0163 -2.0641 0.0000 0.00 0.00 1.00 0
-0.0469 -1.8574 0.0000 0.00 0.00 1.00 0
-0.0822 -1.6470 0.0000 0.00 0.00 1.00 0
-0.1151 -1.4352 0.0000 0.00 0.00 1.00 0
-0.1411 -1.2261 0.0000 0.00 0.00 1.00 0
-0.1647 -1.0234 0.0000 0.00 0.00 1.00 0
-0.1954 -0.8155 0.0000 0.00 0.00 1.00 0
