0.0000 0.0000 0.0000 0.00 0.00 1.00 0
-0.2064 -0.0108 0.0000 0.00 0.00 1.00 0
-0.4079 -0.0336 0.0000 0.00 0.00 1.00 0
-0.6268 -0.0581 0.0000 0.00 0.00 1.00 0
-0.8529 -0.0818 0.0000 0.00 0.00 1.00 0
-1.0608 -0.1040 0.0000 0.00 0.00 1.00 0
-1.2668 -0.1313 0.0000 0.00 0.00 1.00 0
-1.4812 -0.1592 0.0000 0.00 0.00 1.00 0
-1.6897 -0.1910 0.0000 0.00 0.00 1.00 0
-1.9257 -0.2063 0.0000 0.00 0.00 1.00 0
-2.1635 -0.2262 0.0000 0.00 0.00 1.00 0
-2.3742 -0.2399 0.0000 0.00 0.00 1.00 0
-2.5819 -0.2606 0.0000 0.00 0.00 1.00 0
-2.8070 -0.2783 0.0000 0.00 0.00 1.00 0
-3.0332 -0.2958 0.0000 0.00 0.00 1.00 0
-3.2766 -0.3179 0.0000 0.00 0.00 1.00 0
-3.4818 -0.3373 0.0000 0.00 0.00 1.00 0
-3.6896 -0.3594 0.0000 0.00 0.00 1.00 0
-3.9066 -0.3901 0.0000 0.00 0.00 1.00 0
-4.1073 -0.4431 0.0000 0.00 0.00 1.00 0
-4.3132 -0.5057 0.0000 0.00 0.00 1.00 0
-4.5078 -0.5805 0.0000 0.00 0.00 1.00 0
-4.6886 -0.6722 0.0000 0.00 0.00 1.00 0
-4.8674 -0.7673 0.0000 0.00 0.00 1.00 0
-5.0426 -0.8989 0.0000 0.00 0.00 1.00 0
-5.2130 -1.0628 0.0000 0.00 0.00 1.00 0
-5.3670 -1.2124 0.0000 0.00 0.00 1.00 0
-5.4987 -1.3742 0.0000 0.00 0.00 1.00 0
-5.5927 -1.5588 0.0000 0.00 0.00 1.00 0
-5.6627 -1.7491 0.0000 0.00 0.00 1.00 0
-5.7050 -1.9525 0.0000 0.00 0.00 1.00 0
-5.7458 -2.1507 0.0000 0.00 0.00 1.00 0
-5.7657 -2.3677 0.0000 0.00 0.00 1.00 0
-5.7729 -2.5840 0.0000 0.00 0.00 1.00 0
-5.7576 -2.7838 0.0000 0.00 0.00 1.00 0
-5.7145 -2.9923 0.0000 0.00 0.00 1.00 0
-5.6481 -3.1926 0.0000 0.00 0.00 1.00 0
-5.5514 -3.3843 0.0000 0.00 0.00 1.00 0
-5.4342 -3.5623 0.0000 0.00 0.00 1.00 0
-5.3063 -3.7212 0.0000 0.00 0.00 1.00 0
-5.1654 -3.8676 0.0000 0.00 0.00 1.00 0
-5.0083 -4.0013 0.0000 0.00 0.00 1.00 0
-4.8348 -4.1198 0.0000 0.00 0.00 1.00 0
-4.6459 -4.2528 0.0000 0.00 0.00 1.00 0
-4.4698 -4.3575 0.0000 0.00 0.00 1.00 0
-4.2836 -4.4658 0.0000 0.00 0.00 1.00 0
-4.0982 -4.5520 0.0000 0.00 0.00 1.00 0
-3.9005 -4.6030 0.0000 0.00 0.00 1.00 0
-3.6918 -4.6565 0.0000 0.00 0.00 1.00 0
-3.4922 -4.6990 0.0000 0.00 0.00 1.00 0
-3.2919 -4.7377 0.0000 0.00 0.00 1.00 0
-3.0908 -4.7548 0.0000 0.00 0.00 1.00 0
-2.8717 -4.7393 0.0000 0.00 0.00 1.00 0
-2.6628 -4.7165 0.0000 0.00 0.00 1.00 0
-2.4500 -4.7008 0.0000 0.00 0.00 1.00 0
-2.2314 -4.6806 0.0000 0.00 0.00 1.00 0
-1.9926 -4.6569 0.0000 0.00 0.00 1.00 0
-1.7859 -4.6166 0.0000 0.00 0.00 1.00 0
-1.5662 -4.5556 0.0000 0.00 0.00 1.00 0
-1.3762 -4.4644 0.0000 0.00 0.00 1.00 0
-1.1958 -4.3758 0.0000 0.00 0.00 1.00 0
-1.0157 -4.2640 0.0000 0.00 0.00 1.00 0
-0.8354 -4.1692 0.0000 0.00 0.00 1.00 0
-0.6313 -4.0153 0.0000 0.00 0.00 1.00 0
-0.4770 -3.8771 0.0000 0.00 0.00 1.00 0
-0.3338 -3.7161 0.0000 0.00 0.00 1.00 0
-0.2200 -3.5499 0.0000 0.00 0.00 1.00 0
-0.1135 -3.3682 0.0000 0.00 0.00 1.00 0
-0.0293 -3.1751 0.0000 0.00 0.00 1.00 0
0.0385 -2.9680 0.0000 0.00 0.00 1.00 0
0.0882 -2.7620 0.0000 0.00 0.00 1.00 0
0.1230 -2.5522 0.0000 0.00 0.00 1.00 0
0.1363 -2.3106 0.0000 0.00 0.00 1.00 0
0.1426 -2.0634 0.0000 0.00 0.00 1.00 0
0.1346 -1.8627 0.0000 0.00 0.00 1.00 0
0.1207 -1.6590 0.0000 0.00 0.00 1.00 0
0.1095 -1.4585 0.0000 0.00 0.00 1.00 0
0.0949 -1.2444 0.0000 0.00 0.00 1.00 0
