-0.0913 -0.0638 0.0000 0.00 0.00 1.00 0
-0.0921 -0.0647 0.0000 0.00 0.00 1.00 0
-0.0923 -0.0650 0.0000 0.00 0.00 1.00 0
-0.0925 -0.0653 0.0000 0.00 0.00 1.00 0
-0.0902 -0.0643 0.0000 0.00 0.00 1.00 0
-0.0901 -0.0644 0.0000 0.00 0.00 1.00 0
-0.0899 -0.0645 0.0000 0.00 0.00 1.00 0
-0.0880 -0.0656 0.0000 0.00 0.00 1.00 0
-0.0876 -0.0659 0.0000 0.00 0.00 1.00 0
-0.0874 -0.0660 0.0000 0.00 0.00 1.00 0
-0.0894 -0.0648 0.0000 0.00 0.00 1.00 0
-0.0894 -0.0648 0.0000 0.00 0.00 1.00 0
-0.0903 -0.0653 0.0000 0.00 0.00 1.00 0
-0.0904 -0.0654 0.0000 0.00 0.00 1.00 0
-0.0905 -0.0655 0.0000 0.00 0.00 1.00 0
-0.0921 -0.0641 0.0000 0.00 0.00 1.00 0
-0.0925 -0.0640 0.0000 0.00 0.00 1.00 0
-0.0928 -0.0639 0.0000 0.00 0.00 1.00 0
-0.0932 -0.0645 0.0000 0.00 0.00 1.00 0
-0.0936 -0.0645 0.0000 0.00 0.00 1.00 0
-0.0938 -0.0645 0.0000 0.00 0.00 1.00 0
-0.0947 -0.0629 0.0000 0.00 0.00 1.00 0
-0.0951 -0.0626 0.0000 0.00 0.00 1.00 0
-0.0941 -0.0626 0.0000 0.00 0.00 1.00 0
-0.0943 -0.0623 0.0000 0.00 0.00 1.00 0
-0.0945 -0.0621 0.0000 0.00 0.00 1.00 0
-0.0920 -0.0629 0.0000 0.00 0.00 1.00 0
-0.0918 -0.0628 0.0000 0.00 0.00 1.00 0
-0.0915 -0.0627 0.0000 0.00 0.00 1.00 0
-0.0899 -0.0651 0.0000 0.00 0.00 1.00 0
-0.0884 -0.0650 0.0000 0.00 0.00 1.00 0
-0.0881 -0.0652 0.0000 0.00 0.00 1.00 0
-0.0867 -0.0622 0.0000 0.00 0.00 1.00 0
-0.0862 -0.0620 0.0000 0.00 0.00 1.00 0
-0.0862 -0.0631 0.0000 0.00 0.00 1.00 0
-0.0858 -0.0631 0.0000 0.00 0.00 1.00 0
-0.0853 -0.0632 0.0000 0.00 0.00 1.00 0
-0.0865 -0.0638 0.0000 0.00 0.00 1.00 0
-0.0863 -0.0639 0.0000 0.00 0.00 1.00 0
-0.0861 -0.0640 0.0000 0.00 0.00 1.00 0
-0.0852 -0.0628 0.0000 0.00 0.00 1.00 0
-0.0848 -0.0627 0.0000 0.00 0.00 1.00 0
-0.0846 -0.0627 0.0000 0.00 0.00 1.00 0
-0.0868 -0.0638 0.0000 0.00 0.00 1.00 0
-0.0869 -0.0638 0.0000 0.00 0.00 1.00 0
-0.0889 -0.0614 0.0000 0.00 0.00 1.00 0
-0.0893 -0.0611 0.0000 0.00 0.00 1.00 0
-0.0897 -0.0607 0.0000 0.00 0.00 1.00 0
-0.0906 -0.0624 0.0000 0.00 0.00 1.00 0
-0.0911 -0.0624 0.0000 0.00 0.00 1.00 0
-0.0915 -0.0624 0.0000 0.00 0.00 1.00 0
-0.0936 -0.0620 0.0000 0.00 0.00 1.00 0
-0.0943 -0.0620 0.0000 0.00 0.00 1.00 0
-0.0948 -0.0619 0.0000 0.00 0.00 1.00 0
-0.0920 -0.0628 0.0000 0.00 0.00 1.00 0
-0.0922 -0.0629 0.0000 0.00 0.00 1.00 0
-0.0893 -0.0628 0.0000 0.00 0.00 1.00 0
-0.0889 -0.0629 0.0000 0.00 0.00 1.00 0
-0.0886 -0.0630 0.0000 0.00 0.00 1.00 0
-0.0920 -0.0646 0.0000 0.00 0.00 1.00 0
-0.0922 -0.0649 0.0000 0.00 0.00 1.00 0
-0.0925 -0.0652 0.0000 0.00 0.00 1.00 0
-0.0935 -0.0647 0.0000 0.00 0.00 1.00 0
-0.0939 -0.0649 0.0000 0.00 0.00 1.00 0
-0.0942 -0.0650 0.0000 0.00 0.00 1.00 0
-0.0933 -0.0630 0.0000 0.00 0.00 1.00 0
-0.0935 -0.0629 0.0000 0.00 0.00 1.00 0
-0.0915 -0.0619 0.0000 0.00 0.00 1.00 0
-0.0912 -0.0616 0.0000 0.00 0.00 1.00 0
-0.0910 -0.0613 0.0000 0.00 0.00 1.00 0
-0.0922 -0.0625 0.0000 0.00 0.00 1.00 0
-0.0923 -0.0624 0.0000 0.00 0.00 1.00 0
-0.0923 -0.0624 0.0000 0.00 0.00 1.00 0
-0.0895 -0.0644 0.0000 0.00 0.00 1.00 0
-0.0891 -0.0646 0.0000 0.00 0.00 1.00 0
-0.0888 -0.0648 0.0000 0.00 0.00 1.00 0
-0.0842 -0.0639 0.0000 0.00 0.00 1.00 0
-0.0832 -0.0640 0.0000 0.00 0.00 1.00 0
-0.0730 -0.0612 0.0000 0.00 0.00 1.00 0
-0.0704 -0.0608 0.0000 0.00 0.00 1.00 0
-0.0679 -0.0604 0.0000 0.00 0.00 1.00 0
-0.0428 -0.0614 0.0000 0.00 0.00 1.00 0
-0.0367 -0.0612 0.0000 0.00 0.00 1.00 0
-0.0305 -0.0610 0.0000 0.00 0.00 1.00 0
-0.0052 -0.0572 0.0000 0.00 0.00 1.00 0
0.0044 -0.0565 0.0000 0.00 0.00 1.00 0
0.0109 -0.0559 0.0000 0.00 0.00 1.00 0
0.0172 -0.0558 0.0000 0.00 0.00 1.00 0
0.0257 -0.0552 0.0000 0.00 0.00 1.00 0
0.0154 -0.0565 0.0000 0.00 0.00 1.00 0
0.0207 -0.0562 0.0000 0.00 0.00 1.00 0
0.0254 -0.0560 0.0000 0.00 0.00 1.00 0
0.0044 -0.0594 0.0000 0.00 0.00 1.00 0
0.0053 -0.0598 0.0000 0.00 0.00 1.00 0
0.0062 -0.0601 0.0000 0.00 0.00 1.00 0
-0.0082 -0.0613 0.0000 0.00 0.00 1.00 0
-0.0097 -0.0618 0.0000 0.00 0.00 1.00 0
-0.0110 -0.0622 0.0000 0.00 0.00 1.00 0
-0.0241 -0.0610 0.0000 0.00 0.00 1.00 0
-0.0272 -0.0612 0.0000 0.00 0.00 1.00 0
-0.0288 -0.0613 0.0000 0.00 0.00 1.00 0
-0.0368 -0.0626 0.0000 0.00 0.00 1.00 0
-0.0405 -0.0630 0.0000 0.00 0.00 1.00 0
-0.0507 -0.0602 0.0000 0.00 0.00 1.00 0
-0.0555 -0.0600 0.0000 0.00 0.00 1.00 0
-0.0596 -0.0599 0.0000 0.00 0.00 1.00 0
-0.0841 -0.0625 0.0000 0.00 0.00 1.00 0
-0.0919 -0.0627 0.0000 0.00 0.00 1.00 0
-0.0980 -0.0630 0.0000 0.00 0.00 1.00 0
-0.1301 -0.0701 0.0000 0.00 0.00 1.00 0
-0.1412 -0.0714 0.0000 0.00 0.00 1.00 0
-0.1645 -0.0733 0.0000 0.00 0.00 1.00 0
-0.1777 -0.0747 0.0000 0.00 0.00 1.00 0
-0.1869 -0.0757 0.0000 0.00 0.00 1.00 0
-0.2031 -0.0764 0.0000 0.00 0.00 1.00 0
-0.2161 -0.0776 0.0000 0.00 0.00 1.00 0
-0.2290 -0.0788 0.0000 0.00 0.00 1.00 0
-0.2394 -0.0814 0.0000 0.00 0.00 1.00 0
-0.2518 -0.0829 0.0000 0.00 0.00 1.00 0
-0.2608 -0.0839 0.0000 0.00 0.00 1.00 0
-0.2720 -0.0821 0.0000 0.00 0.00 1.00 0
-0.2839 -0.0830 0.0000 0.00 0.00 1.00 0
-0.2883 -0.0813 0.0000 0.00 0.00 1.00 0
-0.2978 -0.0817 0.0000 0.00 0.00 1.00 0
-0.3089 -0.0822 0.0000 0.00 0.00 1.00 0
-0.3109 -0.0852 0.0000 0.00 0.00 1.00 0
-0.3201 -0.0860 0.0000 0.00 0.00 1.00 0
-0.3302 -0.0870 0.0000 0.00 0.00 1.00 0
-0.3334 -0.0899 0.0000 0.00 0.00 1.00 0
-0.3421 -0.0911 0.0000 0.00 0.00 1.00 0
-0.3479 -0.0920 0.0000 0.00 0.00 1.00 0
-0.3568 -0.0931 0.0000 0.00 0.00 1.00 0
-0.3650 -0.0942 0.0000 0.00 0.00 1.00 0
-0.3777 -0.0946 0.0000 0.00 0.00 1.00 0
-0.3869 -0.0956 0.0000 0.00 0.00 1.00 0
-0.3960 -0.0966 0.0000 0.00 0.00 1.00 0
-0.4129 -0.1002 0.0000 0.00 0.00 1.00 0
-0.4232 -0.1016 0.0000 0.00 0.00 1.00 0
-0.4334 -0.1030 0.0000 0.00 0.00 1.00 0
-0.4455 -0.1026 0.0000 0.00 0.00 1.00 0
-0.4572 -0.1038 0.0000 0.00 0.00 1.00 0
-0.4657 -0.1048 0.0000 0.00 0.00 1.00 0
-0.4794 -0.1043 0.0000 0.00 0.00 1.00 0
-0.4903 -0.1052 0.0000 0.00 0.00 1.00 0
-0.5019 -0.1072 0.0000 0.00 0.00 1.00 0
-0.5118 -0.1082 0.0000 0.00 0.00 1.00 0
-0.5241 -0.1094 0.0000 0.00 0.00 1.00 0
-0.5375 -0.1073 0.0000 0.00 0.00 1.00 0
-0.5488 -0.1078 0.0000 0.00 0.00 1.00 0
-0.5591 -0.1083 0.0000 0.00 0.00 1.00 0
-0.5730 -0.1098 0.0000 0.00 0.00 1.00 0
-0.5868 -0.1098 0.0000 0.00 0.00 1.00 0
-0.5974 -0.1104 0.0000 0.00 0.00 1.00 0
-0.6099 -0.1094 0.0000 0.00 0.00 1.00 0
-0.6213 -0.1098 0.0000 0.00 0.00 1.00 0
-0.6283 -0.1101 0.0000 0.00 0.00 1.00 0
-0.6402 -0.1135 0.0000 0.00 0.00 1.00 0
-0.6492 -0.1141 0.0000 0.00 0.00 1.00 0
-0.6625 -0.1159 0.0000 0.00 0.00 1.00 0
-0.6736 -0.1169 0.0000 0.00 0.00 1.00 0
-0.6847 -0.1178 0.0000 0.00 0.00 1.00 0
-0.6984 -0.1189 0.0000 0.00 0.00 1.00 0
-0.7098 -0.1199 0.0000 0.00 0.00 1.00 0
-0.7195 -0.1207 0.0000 0.00 0.00 1.00 0
-0.7359 -0.1273 0.0000 0.00 0.00 1.00 0
-0.7479 -0.1291 0.0000 0.00 0.00 1.00 0
-0.7551 -0.1302 0.0000 0.00 0.00 1.00 0
-0.7706 -0.1274 0.0000 0.00 0.00 1.00 0
-0.7825 -0.1284 0.0000 0.00 0.00 1.00 0
-0.7901 -0.1275 0.0000 0.00 0.00 1.00 0
-0.8012 -0.1283 0.0000 0.00 0.00 1.00 0
-0.8124 -0.1290 0.0000 0.00 0.00 1.00 0
-0.8224 -0.1290 0.0000 0.00 0.00 1.00 0
-0.8335 -0.1296 0.0000 0.00 0.00 1.00 0
-0.8411 -0.1300 0.0000 0.00 0.00 1.00 0
-0.8515 -0.1323 0.0000 0.00 0.00 1.00 0
-0.8619 -0.1332 0.0000 0.00 0.00 1.00 0
-0.8682 -0.1337 0.0000 0.00 0.00 1.00 0
-0.8835 -0.1380 0.0000 0.00 0.00 1.00 0
-0.8930 -0.1392 0.0000 0.00 0.00 1.00 0
-0.9028 -0.1394 0.0000 0.00 0.00 1.00 0
-0.9136 -0.1406 0.0000 0.00 0.00 1.00 0
-0.9238 -0.1417 0.0000 0.00 0.00 1.00 0
-0.9324 -0.1438 0.0000 0.00 0.00 1.00 0
-0.9423 -0.1451 0.0000 0.00 0.00 1.00 0
-0.9504 -0.1461 0.0000 0.00 0.00 1.00 0
-0.9667 -0.1462 0.0000 0.00 0.00 1.00 0
-0.9775 -0.1473 0.0000 0.00 0.00 1.00 0
-0.9887 -0.1485 0.0000 0.00 0.00 1.00 0
-0.9995 -0.1496 0.0000 0.00 0.00 1.00 0
-1.0104 -0.1507 0.0000 0.00 0.00 1.00 0
-1.0231 -0.1535 0.0000 0.00 0.00 1.00 0
-1.0343 -0.1549 0.0000 0.00 0.00 1.00 0
-1.0458 -0.1563 0.0000 0.00 0.00 1.00 0
-1.0543 -0.1542 0.0000 0.00 0.00 1.00 0
-1.0652 -0.1551 0.0000 0.00 0.00 1.00 0
-1.0738 -0.1557 0.0000 0.00 0.00 1.00 0
-1.0820 -0.1565 0.0000 0.00 0.00 1.00 0
-1.0911 -0.1573 0.0000 0.00 0.00 1.00 0
-1.1009 -0.1580 0.0000 0.00 0.00 1.00 0
-1.1107 -0.1605 0.0000 0.00 0.00 1.00 0
-1.1206 -0.1615 0.0000 0.00 0.00 1.00 0
-1.1316 -0.1644 0.0000 0.00 0.00 1.00 0
-1.1417 -0.1657 0.0000 0.00 0.00 1.00 0
-1.1517 -0.1670 0.0000 0.00 0.00 1.00 0
-1.1558 -0.1722 0.0000 0.00 0.00 1.00 0
-1.1667 -0.1745 0.0000 0.00 0.00 1.00 0
-1.1751 -0.1763 0.0000 0.00 0.00 1.00 0
-1.1800 -0.1738 0.0000 0.00 0.00 1.00 0
-1.1887 -0.1751 0.0000 0.00 0.00 1.00 0
-1.1938 -0.1759 0.0000 0.00 0.00 1.00 0
-1.2005 -0.1790 0.0000 0.00 0.00 1.00 0
-1.2083 -0.1805 0.0000 0.00 0.00 1.00 0
-1.2242 -0.1782 0.0000 0.00 0.00 1.00 0
-1.2333 -0.1790 0.0000 0.00 0.00 1.00 0
-1.2424 -0.1799 0.0000 0.00 0.00 1.00 0
-1.2597 -0.1774 0.0000 0.00 0.00 1.00 0
-1.2702 -0.1778 0.0000 0.00 0.00 1.00 0
-1.2787 -0.1780 0.0000 0.00 0.00 1.00 0
-1.2970 -0.1770 0.0000 0.00 0.00 1.00 0
-1.3082 -0.1771 0.0000 0.00 0.00 1.00 0
-1.3190 -0.1769 0.0000 0.00 0.00 1.00 0
-1.3303 -0.1770 0.0000 0.00 0.00 1.00 0
-1.3415 -0.1770 0.0000 0.00 0.00 1.00 0
-1.3556 -0.1821 0.0000 0.00 0.00 1.00 0
-1.3662 -0.1829 0.0000 0.00 0.00 1.00 0
-1.3778 -0.1838 0.0000 0.00 0.00 1.00 0
-1.3864 -0.1863 0.0000 0.00 0.00 1.00 0
-1.3974 -0.1875 0.0000 0.00 0.00 1.00 0
-1.4065 -0.1884 0.0000 0.00 0.00 1.00 0
-1.4179 -0.1894 0.0000 0.00 0.00 1.00 0
-1.4288 -0.1904 0.0000 0.00 0.00 1.00 0
-1.4404 -0.1887 0.0000 0.00 0.00 1.00 0
-1.4501 -0.1892 0.0000 0.00 0.00 1.00 0
-1.4619 -0.1899 0.0000 0.00 0.00 1.00 0
-1.4657 -0.1876 0.0000 0.00 0.00 1.00 0
-1.4755 -0.1877 0.0000 0.00 0.00 1.00 0
-1.4854 -0.1879 0.0000 0.00 0.00 1.00 0
-1.4937 -0.1867 0.0000 0.00 0.00 1.00 0
-1.5034 -0.1866 0.0000 0.00 0.00 1.00 0
-1.5109 -0.1865 0.0000 0.00 0.00 1.00 0
-1.5227 -0.1894 0.0000 0.00 0.00 1.00 0
-1.5337 -0.1898 0.0000 0.00 0.00 1.00 0
-1.5448 -0.1939 0.0000 0.00 0.00 1.00 0
-1.5550 -0.1949 0.0000 0.00 0.00 1.00 0
-1.5650 -0.1959 0.0000 0.00 0.00 1.00 0
-1.5778 -0.1961 0.0000 0.00 0.00 1.00 0
-1.5889 -0.1970 0.0000 0.00 0.00 1.00 0
-1.5995 -0.1979 0.0000 0.00 0.00 1.00 0
-1.6117 -0.1959 0.0000 0.00 0.00 1.00 0
-1.6226 -0.1964 0.0000 0.00 0.00 1.00 0
-1.6362 -0.1974 0.0000 0.00 0.00 1.00 0
-1.6476 -0.1979 0.0000 0.00 0.00 1.00 0
-1.6556 -0.1983 0.0000 0.00 0.00 1.00 0
-1.6685 -0.2009 0.0000 0.00 0.00 1.00 0
-1.6818 -0.2002 0.0000 0.00 0.00 1.00 0
-1.6929 -0.2010 0.0000 0.00 0.00 1.00 0
-1.7003 -0.2041 0.0000 0.00 0.00 1.00 0
-1.7109 -0.2053 0.0000 0.00 0.00 1.00 0
-1.7193 -0.2062 0.0000 0.00 0.00 1.00 0
-1.7319 -0.2074 0.0000 0.00 0.00 1.00 0
-1.7425 -0.2085 0.0000 0.00 0.00 1.00 0
-1.7510 -0.2095 0.0000 0.00 0.00 1.00 0
-1.7597 -0.2112 0.0000 0.00 0.00 1.00 0
-1.7695 -0.2123 0.0000 0.00 0.00 1.00 0
-1.7881 -0.2097 0.0000 0.00 0.00 1.00 0
-1.7999 -0.2103 0.0000 0.00 0.00 1.00 0
-1.8114 -0.2109 0.0000 0.00 0.00 1.00 0
-1.8190 -0.2123 0.0000 0.00 0.00 1.00 0
-1.8310 -0.2131 0.0000 0.00 0.00 1.00 0
-1.8409 -0.2137 0.0000 0.00 0.00 1.00 0
-1.8564 -0.2161 0.0000 0.00 0.00 1.00 0
-1.8680 -0.2170 0.0000 0.00 0.00 1.00 0
-1.8773 -0.2178 0.0000 0.00 0.00 1.00 0
-1.8940 -0.2139 0.0000 0.00 0.00 1.00 0
-1.9061 -0.2141 0.0000 0.00 0.00 1.00 0
-1.9215 -0.2122 0.0000 0.00 0.00 1.00 0
-1.9332 -0.2121 0.0000 0.00 0.00 1.00 0
-1.9457 -0.2119 0.0000 0.00 0.00 1.00 0
-1.9498 -0.2190 0.0000 0.00 0.00 1.00 0
-1.9608 -0.2200 0.0000 0.00 0.00 1.00 0
-1.9717 -0.2210 0.0000 0.00 0.00 1.00 0
-1.9719 -0.2234 0.0000 0.00 0.00 1.00 0
-1.9803 -0.2245 0.0000 0.00 0.00 1.00 0
-1.9894 -0.2257 0.0000 0.00 0.00 1.00 0
-2.0011 -0.2266 0.0000 0.00 0.00 1.00 0
-2.0106 -0.2277 0.0000 0.00 0.00 1.00 0
-2.0164 -0.2284 0.0000 0.00 0.00 1.00 0
-2.0288 -0.2200 0.0000 0.00 0.00 1.00 0
-2.0354 -0.2198 0.0000 0.00 0.00 1.00 0
-2.0477 -0.2231 0.0000 0.00 0.00 1.00 0
-2.0572 -0.2234 0.0000 0.00 0.00 1.00 0
-2.0666 -0.2237 0.0000 0.00 0.00 1.00 0
-2.0797 -0.2257 0.0000 0.00 0.00 1.00 0
-2.0897 -0.2263 0.0000 0.00 0.00 1.00 0
-2.0992 -0.2268 0.0000 0.00 0.00 1.00 0
-2.1184 -0.2221 0.0000 0.00 0.00 1.00 0
-2.1299 -0.2219 0.0000 0.00 0.00 1.00 0
-2.1368 -0.2218 0.0000 0.00 0.00 1.00 0
-2.1580 -0.2210 0.0000 0.00 0.00 1.00 0
-2.1702 -0.2207 0.0000 0.00 0.00 1.00 0
-2.1814 -0.2246 0.0000 0.00 0.00 1.00 0
-2.1935 -0.2250 0.0000 0.00 0.00 1.00 0
-2.2052 -0.2254 0.0000 0.00 0.00 1.00 0
-2.2145 -0.2237 0.0000 0.00 0.00 1.00 0
-2.2259 -0.2238 0.0000 0.00 0.00 1.00 0
-2.2352 -0.2239 0.0000 0.00 0.00 1.00 0
-2.2513 -0.2245 0.0000 0.00 0.00 1.00 0
-2.2633 -0.2247 0.0000 0.00 0.00 1.00 0
-2.2725 -0.2318 0.0000 0.00 0.00 1.00 0
-2.2840 -0.2331 0.0000 0.00 0.00 1.00 0
-2.2955 -0.2345 0.0000 0.00 0.00 1.00 0
-2.3047 -0.2336 0.0000 0.00 0.00 1.00 0
-2.3160 -0.2347 0.0000 0.00 0.00 1.00 0
-2.3270 -0.2356 0.0000 0.00 0.00 1.00 0
-2.3352 -0.2287 0.0000 0.00 0.00 1.00 0
-2.3457 -0.2284 0.0000 0.00 0.00 1.00 0
-2.3542 -0.2282 0.0000 0.00 0.00 1.00 0
-2.3713 -0.2284 0.0000 0.00 0.00 1.00 0
-2.3803 -0.2283 0.0000 0.00 0.00 1.00 0
-2.3940 -0.2311 0.0000 0.00 0.00 1.00 0
-2.4055 -0.2314 0.0000 0.00 0.00 1.00 0
-2.4168 -0.2317 0.0000 0.00 0.00 1.00 0
-2.4286 -0.2318 0.0000 0.00 0.00 1.00 0
-2.4401 -0.2321 0.0000 0.00 0.00 1.00 0
-2.4517 -0.2324 0.0000 0.00 0.00 1.00 0
-2.4623 -0.2350 0.0000 0.00 0.00 1.00 0
-2.4737 -0.2356 0.0000 0.00 0.00 1.00 0
-2.4840 -0.2362 0.0000 0.00 0.00 1.00 0
-2.4954 -0.2345 0.0000 0.00 0.00 1.00 0
-2.5065 -0.2351 0.0000 0.00 0.00 1.00 0
-2.5120 -0.2316 0.0000 0.00 0.00 1.00 0
-2.5223 -0.2314 0.0000 0.00 0.00 1.00 0
-2.5324 -0.2313 0.0000 0.00 0.00 1.00 0
-2.5494 -0.2306 0.0000 0.00 0.00 1.00 0
-2.5608 -0.2304 0.0000 0.00 0.00 1.00 0
-2.5721 -0.2302 0.0000 0.00 0.00 1.00 0
-2.5781 -0.2301 0.0000 0.00 0.00 1.00 0
-2.5886 -0.2299 0.0000 0.00 0.00 1.00 0
-2.5960 -0.2297 0.0000 0.00 0.00 1.00 0
-2.6150 -0.2305 0.0000 0.00 0.00 1.00 0
-2.6263 -0.2304 0.0000 0.00 0.00 1.00 0
-2.6331 -0.2304 0.0000 0.00 0.00 1.00 0
-2.6445 -0.2324 0.0000 0.00 0.00 1.00 0
-2.6552 -0.2326 0.0000 0.00 0.00 1.00 0
-2.6656 -0.2332 0.0000 0.00 0.00 1.00 0
-2.6761 -0.2335 0.0000 0.00 0.00 1.00 0
-2.6867 -0.2338 0.0000 0.00 0.00 1.00 0
-2.6948 -0.2329 0.0000 0.00 0.00 1.00 0
-2.7051 -0.2331 0.0000 0.00 0.00 1.00 0
-2.7130 -0.2332 0.0000 0.00 0.00 1.00 0
-2.7232 -0.2349 0.0000 0.00 0.00 1.00 0
-2.7330 -0.2353 0.0000 0.00 0.00 1.00 0
-2.7498 -0.2369 0.0000 0.00 0.00 1.00 0
-2.7610 -0.2374 0.0000 0.00 0.00 1.00 0
-2.7719 -0.2380 0.0000 0.00 0.00 1.00 0
-2.7918 -0.2362 0.0000 0.00 0.00 1.00 0
-2.8041 -0.2363 0.0000 0.00 0.00 1.00 0
-2.8165 -0.2365 0.0000 0.00 0.00 1.00 0
-2.8351 -0.2367 0.0000 0.00 0.00 1.00 0
-2.8484 -0.2368 0.0000 0.00 0.00 1.00 0
-2.8592 -0.2370 0.0000 0.00 0.00 1.00 0
-2.8711 -0.2392 0.0000 0.00 0.00 1.00 0
-2.8841 -0.2396 0.0000 0.00 0.00 1.00 0
-2.8943 -0.2397 0.0000 0.00 0.00 1.00 0
-2.9066 -0.2401 0.0000 0.00 0.00 1.00 0
-2.9190 -0.2405 0.0000 0.00 0.00 1.00 0
-2.9260 -0.2387 0.0000 0.00 0.00 1.00 0
-2.9379 -0.2388 0.0000 0.00 0.00 1.00 0
-2.9492 -0.2388 0.0000 0.00 0.00 1.00 0
-2.9575 -0.2450 0.0000 0.00 0.00 1.00 0
-2.9684 -0.2460 0.0000 0.00 0.00 1.00 0
-2.9773 -0.2469 0.0000 0.00 0.00 1.00 0
-2.9812 -0.2445 0.0000 0.00 0.00 1.00 0
-2.9911 -0.2450 0.0000 0.00 0.00 1.00 0
-2.9998 -0.2411 0.0000 0.00 0.00 1.00 0
-3.0093 -0.2408 0.0000 0.00 0.00 1.00 0
-3.0188 -0.2405 0.0000 0.00 0.00 1.00 0
-3.0285 -0.2415 0.0000 0.00 0.00 1.00 0
-3.0371 -0.2415 0.0000 0.00 0.00 1.00 0
-3.0481 -0.2414 0.0000 0.00 0.00 1.00 0
-3.0631 -0.2432 0.0000 0.00 0.00 1.00 0
-3.0734 -0.2434 0.0000 0.00 0.00 1.00 0
-3.0807 -0.2436 0.0000 0.00 0.00 1.00 0
-3.0990 -0.2497 0.0000 0.00 0.00 1.00 0
-3.1068 -0.2505 0.0000 0.00 0.00 1.00 0
-3.1243 -0.2507 0.0000 0.00 0.00 1.00 0
-3.1359 -0.2516 0.0000 0.00 0.00 1.00 0
-3.1476 -0.2525 0.0000 0.00 0.00 1.00 0
-3.1550 -0.2511 0.0000 0.00 0.00 1.00 0
-3.1659 -0.2517 0.0000 0.00 0.00 1.00 0
-3.1764 -0.2522 0.0000 0.00 0.00 1.00 0
-3.1870 -0.2506 0.0000 0.00 0.00 1.00 0
-3.1980 -0.2508 0.0000 0.00 0.00 1.00 0
-3.2067 -0.2509 0.0000 0.00 0.00 1.00 0
-3.2131 -0.2490 0.0000 0.00 0.00 1.00 0
-3.2230 -0.2489 0.0000 0.00 0.00 1.00 0
-3.2189 -0.2484 0.0000 0.00 0.00 1.00 0
-3.2268 -0.2482 0.0000 0.00 0.00 1.00 0
-3.2345 -0.2480 0.0000 0.00 0.00 1.00 0
-3.2148 -0.2478 0.0000 0.00 0.00 1.00 0
-3.2180 -0.2476 0.0000 0.00 0.00 1.00 0
-3.2211 -0.2474 0.0000 0.00 0.00 1.00 0
-3.2010 -0.2429 0.0000 0.00 0.00 1.00 0
-3.2006 -0.2421 0.0000 0.00 0.00 1.00 0
-3.2003 -0.2414 0.0000 0.00 0.00 1.00 0
-3.2027 -0.2451 0.0000 0.00 0.00 1.00 0
-3.2027 -0.2449 0.0000 0.00 0.00 1.00 0
-3.2320 -0.2504 0.0000 0.00 0.00 1.00 0
-3.2370 -0.2512 0.0000 0.00 0.00 1.00 0
-3.2420 -0.2520 0.0000 0.00 0.00 1.00 0
-3.2854 -0.2511 0.0000 0.00 0.00 1.00 0
-3.2965 -0.2516 0.0000 0.00 0.00 1.00 0
-3.3066 -0.2521 0.0000 0.00 0.00 1.00 0
-3.3345 -0.2529 0.0000 0.00 0.00 1.00 0
-3.3482 -0.2535 0.0000 0.00 0.00 1.00 0
-3.3607 -0.2540 0.0000 0.00 0.00 1.00 0
-3.3706 -0.2496 0.0000 0.00 0.00 1.00 0
-3.3836 -0.2494 0.0000 0.00 0.00 1.00 0
-3.3906 -0.2526 0.0000 0.00 0.00 1.00 0
-3.4026 -0.2530 0.0000 0.00 0.00 1.00 0
-3.4146 -0.2534 0.0000 0.00 0.00 1.00 0
-3.4280 -0.2543 0.0000 0.00 0.00 1.00 0
-3.4402 -0.2548 0.0000 0.00 0.00 1.00 0
-3.4525 -0.2552 0.0000 0.00 0.00 1.00 0
-3.4648 -0.2555 0.0000 0.00 0.00 1.00 0
-3.4770 -0.2559 0.0000 0.00 0.00 1.00 0
-3.4778 -0.2572 0.0000 0.00 0.00 1.00 0
-3.4883 -0.2578 0.0000 0.00 0.00 1.00 0
-3.4984 -0.2584 0.0000 0.00 0.00 1.00 0
-3.4968 -0.2560 0.0000 0.00 0.00 1.00 0
-3.5050 -0.2561 0.0000 0.00 0.00 1.00 0
-3.5124 -0.2562 0.0000 0.00 0.00 1.00 0
-3.5239 -0.2548 0.0000 0.00 0.00 1.00 0
-3.5326 -0.2547 0.0000 0.00 0.00 1.00 0
-3.5413 -0.2546 0.0000 0.00 0.00 1.00 0
-3.5540 -0.2587 0.0000 0.00 0.00 1.00 0
-3.5634 -0.2590 0.0000 0.00 0.00 1.00 0
-3.5817 -0.2647 0.0000 0.00 0.00 1.00 0
-3.5925 -0.2660 0.0000 0.00 0.00 1.00 0
-3.6036 -0.2672 0.0000 0.00 0.00 1.00 0
-3.6205 -0.2727 0.0000 0.00 0.00 1.00 0
-3.6325 -0.2747 0.0000 0.00 0.00 1.00 0
-3.6443 -0.2766 0.0000 0.00 0.00 1.00 0
-3.6504 -0.2803 0.0000 0.00 0.00 1.00 0
-3.6614 -0.2825 0.0000 0.00 0.00 1.00 0
-3.6713 -0.2846 0.0000 0.00 0.00 1.00 0
-3.6757 -0.2825 0.0000 0.00 0.00 1.00 0
-3.6856 -0.2840 0.0000 0.00 0.00 1.00 0
-3.6935 -0.2852 0.0000 0.00 0.00 1.00 0
-3.7038 -0.2813 0.0000 0.00 0.00 1.00 0
-3.7137 -0.2819 0.0000 0.00 0.00 1.00 0
-3.7278 -0.2830 0.0000 0.00 0.00 1.00 0
-3.7382 -0.2837 0.0000 0.00 0.00 1.00 0
-3.7487 -0.2844 0.0000 0.00 0.00 1.00 0
-3.7654 -0.2890 0.0000 0.00 0.00 1.00 0
-3.7765 -0.2903 0.0000 0.00 0.00 1.00 0
-3.7869 -0.2915 0.0000 0.00 0.00 1.00 0
-3.8013 -0.2999 0.0000 0.00 0.00 1.00 0
-3.8131 -0.3024 0.0000 0.00 0.00 1.00 0
-3.8223 -0.3043 0.0000 0.00 0.00 1.00 0
-3.8298 -0.3038 0.0000 0.00 0.00 1.00 0
-3.8406 -0.3058 0.0000 0.00 0.00 1.00 0
-3.8421 -0.3013 0.0000 0.00 0.00 1.00 0
-3.8522 -0.3023 0.0000 0.00 0.00 1.00 0
-3.8616 -0.3032 0.0000 0.00 0.00 1.00 0
-3.8712 -0.3069 0.0000 0.00 0.00 1.00 0
-3.8804 -0.3083 0.0000 0.00 0.00 1.00 0
-3.8878 -0.3093 0.0000 0.00 0.00 1.00 0
-3.9039 -0.3098 0.0000 0.00 0.00 1.00 0
-3.9140 -0.3110 0.0000 0.00 0.00 1.00 0
-3.9310 -0.3201 0.0000 0.00 0.00 1.00 0
-3.9413 -0.3224 0.0000 0.00 0.00 1.00 0
-3.9526 -0.3250 0.0000 0.00 0.00 1.00 0
-3.9690 -0.3315 0.0000 0.00 0.00 1.00 0
-3.9813 -0.3348 0.0000 0.00 0.00 1.00 0
-3.9935 -0.3381 0.0000 0.00 0.00 1.00 0
-4.0004 -0.3396 0.0000 0.00 0.00 1.00 0
-4.0117 -0.3426 0.0000 0.00 0.00 1.00 0
-4.0232 -0.3456 0.0000 0.00 0.00 1.00 0
-4.0228 -0.3484 0.0000 0.00 0.00 1.00 0
-4.0294 -0.3504 0.0000 0.00 0.00 1.00 0
-4.0377 -0.3532 0.0000 0.00 0.00 1.00 0
-4.0465 -0.3559 0.0000 0.00 0.00 1.00 0
-4.0550 -0.3586 0.0000 0.00 0.00 1.00 0
-4.0709 -0.3615 0.0000 0.00 0.00 1.00 0
-4.0807 -0.3642 0.0000 0.00 0.00 1.00 0
-4.0904 -0.3669 0.0000 0.00 0.00 1.00 0
-4.1012 -0.3692 0.0000 0.00 0.00 1.00 0
-4.1111 -0.3718 0.0000 0.00 0.00 1.00 0
-4.1213 -0.3745 0.0000 0.00 0.00 1.00 0
-4.1297 -0.3736 0.0000 0.00 0.00 1.00 0
-4.1396 -0.3758 0.0000 0.00 0.00 1.00 0
-4.1499 -0.3780 0.0000 0.00 0.00 1.00 0
-4.1578 -0.3833 0.0000 0.00 0.00 1.00 0
-4.1673 -0.3859 0.0000 0.00 0.00 1.00 0
-4.1738 -0.3924 0.0000 0.00 0.00 1.00 0
-4.1819 -0.3954 0.0000 0.00 0.00 1.00 0
-4.1909 -0.3987 0.0000 0.00 0.00 1.00 0
-4.1931 -0.3955 0.0000 0.00 0.00 1.00 0
-4.2010 -0.3978 0.0000 0.00 0.00 1.00 0
-4.2088 -0.3999 0.0000 0.00 0.00 1.00 0
-4.2011 -0.3925 0.0000 0.00 0.00 1.00 0
-4.2064 -0.3932 0.0000 0.00 0.00 1.00 0
-4.2103 -0.3937 0.0000 0.00 0.00 1.00 0
-4.2151 -0.3955 0.0000 0.00 0.00 1.00 0
-4.2202 -0.3963 0.0000 0.00 0.00 1.00 0
-4.2312 -0.4006 0.0000 0.00 0.00 1.00 0
-4.2373 -0.4020 0.0000 0.00 0.00 1.00 0
-4.2422 -0.4032 0.0000 0.00 0.00 1.00 0
-4.2518 -0.4097 0.0000 0.00 0.00 1.00 0
-4.2582 -0.4119 0.0000 0.00 0.00 1.00 0
-4.2646 -0.4141 0.0000 0.00 0.00 1.00 0
-4.2701 -0.4197 0.0000 0.00 0.00 1.00 0
-4.2764 -0.4224 0.0000 0.00 0.00 1.00 0
-4.2814 -0.4246 0.0000 0.00 0.00 1.00 0
-4.2874 -0.4253 0.0000 0.00 0.00 1.00 0
-4.2934 -0.4277 0.0000 0.00 0.00 1.00 0
-4.2996 -0.4306 0.0000 0.00 0.00 1.00 0
-4.3057 -0.4330 0.0000 0.00 0.00 1.00 0
-4.3118 -0.4355 0.0000 0.00 0.00 1.00 0
-4.3238 -0.4377 0.0000 0.00 0.00 1.00 0
-4.3308 -0.4402 0.0000 0.00 0.00 1.00 0
-4.3379 -0.4426 0.0000 0.00 0.00 1.00 0
-4.3522 -0.4480 0.0000 0.00 0.00 1.00 0
-4.3601 -0.4508 0.0000 0.00 0.00 1.00 0
-4.3665 -0.4530 0.0000 0.00 0.00 1.00 0
-4.3775 -0.4598 0.0000 0.00 0.00 1.00 0
-4.3849 -0.4628 0.0000 0.00 0.00 1.00 0
-4.3864 -0.4600 0.0000 0.00 0.00 1.00 0
-4.3934 -0.4622 0.0000 0.00 0.00 1.00 0
-4.4005 -0.4645 0.0000 0.00 0.00 1.00 0
-4.3972 -0.4619 0.0000 0.00 0.00 1.00 0
-4.4026 -0.4634 0.0000 0.00 0.00 1.00 0
-4.4080 -0.4649 0.0000 0.00 0.00 1.00 0
-4.4119 -0.4629 0.0000 0.00 0.00 1.00 0
-4.4170 -0.4639 0.0000 0.00 0.00 1.00 0
-4.4212 -0.4647 0.0000 0.00 0.00 1.00 0
-4.4312 -0.4651 0.0000 0.00 0.00 1.00 0
-4.4369 -0.4659 0.0000 0.00 0.00 1.00 0
-4.4442 -0.4739 0.0000 0.00 0.00 1.00 0
-4.4490 -0.4755 0.0000 0.00 0.00 1.00 0
-4.4561 -0.4780 0.0000 0.00 0.00 1.00 0
-4.4557 -0.4808 0.0000 0.00 0.00 1.00 0
-4.4607 -0.4830 0.0000 0.00 0.00 1.00 0
-4.4657 -0.4852 0.0000 0.00 0.00 1.00 0
-4.4684 -0.4837 0.0000 0.00 0.00 1.00 0
-4.4720 -0.4850 0.0000 0.00 0.00 1.00 0
-4.4769 -0.4867 0.0000 0.00 0.00 1.00 0
-4.4886 -0.4926 0.0000 0.00 0.00 1.00 0
-4.4941 -0.4948 0.0000 0.00 0.00 1.00 0
-4.5051 -0.5020 0.0000 0.00 0.00 1.00 0
-4.5116 -0.5051 0.0000 0.00 0.00 1.00 0
-4.5181 -0.5081 0.0000 0.00 0.00 1.00 0
-4.5296 -0.5122 0.0000 0.00 0.00 1.00 0
-4.5369 -0.5155 0.0000 0.00 0.00 1.00 0
-4.5441 -0.5187 0.0000 0.00 0.00 1.00 0
-4.5470 -0.5216 0.0000 0.00 0.00 1.00 0
-4.5536 -0.5248 0.0000 0.00 0.00 1.00 0
-4.5582 -0.5270 0.0000 0.00 0.00 1.00 0
-4.5605 -0.5257 0.0000 0.00 0.00 1.00 0
-4.5661 -0.5280 0.0000 0.00 0.00 1.00 0
-4.5689 -0.5272 0.0000 0.00 0.00 1.00 0
-4.5741 -0.5290 0.0000 0.00 0.00 1.00 0
-4.5792 -0.5308 0.0000 0.00 0.00 1.00 0
-4.5841 -0.5324 0.0000 0.00 0.00 1.00 0
-4.5893 -0.5342 0.0000 0.00 0.00 1.00 0
-4.5944 -0.5360 0.0000 0.00 0.00 1.00 0
-4.6031 -0.5457 0.0000 0.00 0.00 1.00 0
-4.6088 -0.5487 0.0000 0.00 0.00 1.00 0
-4.6144 -0.5517 0.0000 0.00 0.00 1.00 0
-4.6187 -0.5555 0.0000 0.00 0.00 1.00 0
-4.6235 -0.5583 0.0000 0.00 0.00 1.00 0
-4.6260 -0.5532 0.0000 0.00 0.00 1.00 0
-4.6309 -0.5549 0.0000 0.00 0.00 1.00 0
-4.6358 -0.5566 0.0000 0.00 0.00 1.00 0
-4.6370 -0.5562 0.0000 0.00 0.00 1.00 0
-4.6413 -0.5575 0.0000 0.00 0.00 1.00 0
-4.6456 -0.5589 0.0000 0.00 0.00 1.00 0
-4.6531 -0.5691 0.0000 0.00 0.00 1.00 0
-4.6569 -0.5712 0.0000 0.00 0.00 1.00 0
-4.6615 -0.5738 0.0000 0.00 0.00 1.00 0
-4.6753 -0.5828 0.0000 0.00 0.00 1.00 0
-4.6813 -0.5863 0.0000 0.00 0.00 1.00 0
-4.6916 -0.5939 0.0000 0.00 0.00 1.00 0
-4.6977 -0.5977 0.0000 0.00 0.00 1.00 0
-4.7043 -0.6019 0.0000 0.00 0.00 1.00 0
-4.7093 -0.6010 0.0000 0.00 0.00 1.00 0
-4.7157 -0.6044 0.0000 0.00 0.00 1.00 0
-4.7221 -0.6077 0.0000 0.00 0.00 1.00 0
-4.7237 -0.6042 0.0000 0.00 0.00 1.00 0
-4.7293 -0.6064 0.0000 0.00 0.00 1.00 0
-4.7339 -0.6083 0.0000 0.00 0.00 1.00 0
-4.7381 -0.6106 0.0000 0.00 0.00 1.00 0
-4.7433 -0.6128 0.0000 0.00 0.00 1.00 0
-4.7516 -0.6197 0.0000 0.00 0.00 1.00 0
-4.7574 -0.6227 0.0000 0.00 0.00 1.00 0
-4.7631 -0.6257 0.0000 0.00 0.00 1.00 0
-4.7705 -0.6328 0.0000 0.00 0.00 1.00 0
-4.7765 -0.6365 0.0000 0.00 0.00 1.00 0
-4.7826 -0.6402 0.0000 0.00 0.00 1.00 0
-4.7876 -0.6444 0.0000 0.00 0.00 1.00 0
-4.7936 -0.6482 0.0000 0.00 0.00 1.00 0
-4.7976 -0.6508 0.0000 0.00 0.00 1.00 0
-4.7983 -0.6524 0.0000 0.00 0.00 1.00 0
-4.8032 -0.6557 0.0000 0.00 0.00 1.00 0
-4.8087 -0.6571 0.0000 0.00 0.00 1.00 0
-4.8137 -0.6601 0.0000 0.00 0.00 1.00 0
-4.8187 -0.6631 0.0000 0.00 0.00 1.00 0
-4.8291 -0.6668 0.0000 0.00 0.00 1.00 0
-4.8350 -0.6699 0.0000 0.00 0.00 1.00 0
-4.8402 -0.6726 0.0000 0.00 0.00 1.00 0
-4.8481 -0.6832 0.0000 0.00 0.00 1.00 0
-4.8537 -0.6871 0.0000 0.00 0.00 1.00 0
-4.8586 -0.6905 0.0000 0.00 0.00 1.00 0
-4.8637 -0.6992 0.0000 0.00 0.00 1.00 0
-4.8694 -0.7039 0.0000 0.00 0.00 1.00 0
-4.8724 -0.7027 0.0000 0.00 0.00 1.00 0
-4.8776 -0.7065 0.0000 0.00 0.00 1.00 0
-4.8823 -0.7098 0.0000 0.00 0.00 1.00 0
-4.8830 -0.7095 0.0000 0.00 0.00 1.00 0
-4.8874 -0.7125 0.0000 0.00 0.00 1.00 0
-4.8918 -0.7155 0.0000 0.00 0.00 1.00 0
-4.9018 -0.7211 0.0000 0.00 0.00 1.00 0
-4.9072 -0.7246 0.0000 0.00 0.00 1.00 0
-4.9122 -0.7278 0.0000 0.00 0.00 1.00 0
-4.9230 -0.7364 0.0000 0.00 0.00 1.00 0
-4.9291 -0.7406 0.0000 0.00 0.00 1.00 0
-4.9382 -0.7428 0.0000 0.00 0.00 1.00 0
-4.9448 -0.7466 0.0000 0.00 0.00 1.00 0
-4.9514 -0.7505 0.0000 0.00 0.00 1.00 0
-4.9508 -0.7530 0.0000 0.00 0.00 1.00 0
-4.9563 -0.7567 0.0000 0.00 0.00 1.00 0
-4.9618 -0.7603 0.0000 0.00 0.00 1.00 0
-4.9579 -0.7563 0.0000 0.00 0.00 1.00 0
-4.9620 -0.7588 0.0000 0.00 0.00 1.00 0
-4.9605 -0.7619 0.0000 0.00 0.00 1.00 0
-4.9640 -0.7635 0.0000 0.00 0.00 1.00 0
-4.9673 -0.7663 0.0000 0.00 0.00 1.00 0
-4.9769 -0.7778 0.0000 0.00 0.00 1.00 0
-4.9811 -0.7818 0.0000 0.00 0.00 1.00 0
-4.9852 -0.7859 0.0000 0.00 0.00 1.00 0
-4.9971 -0.7980 0.0000 0.00 0.00 1.00 0
-5.0025 -0.8034 0.0000 0.00 0.00 1.00 0
-5.0079 -0.8087 0.0000 0.00 0.00 1.00 0
-5.0143 -0.8119 0.0000 0.00 0.00 1.00 0
-5.0198 -0.8169 0.0000 0.00 0.00 1.00 0
-5.0242 -0.8209 0.0000 0.00 0.00 1.00 0
-5.0293 -0.8195 0.0000 0.00 0.00 1.00 0
-5.0346 -0.8233 0.0000 0.00 0.00 1.00 0
-5.0391 -0.8252 0.0000 0.00 0.00 1.00 0
-5.0443 -0.8288 0.0000 0.00 0.00 1.00 0
-5.0495 -0.8324 0.0000 0.00 0.00 1.00 0
-5.0511 -0.8357 0.0000 0.00 0.00 1.00 0
-5.0556 -0.8392 0.0000 0.00 0.00 1.00 0
-5.0603 -0.8429 0.0000 0.00 0.00 1.00 0
-5.0688 -0.8501 0.0000 0.00 0.00 1.00 0
-5.0740 -0.8542 0.0000 0.00 0.00 1.00 0
-5.0782 -0.8574 0.0000 0.00 0.00 1.00 0
-5.0916 -0.8655 0.0000 0.00 0.00 1.00 0
-5.0972 -0.8696 0.0000 0.00 0.00 1.00 0
-5.0963 -0.8749 0.0000 0.00 0.00 1.00 0
-5.1013 -0.8795 0.0000 0.00 0.00 1.00 0
-5.1063 -0.8841 0.0000 0.00 0.00 1.00 0
-5.1011 -0.8844 0.0000 0.00 0.00 1.00 0
-5.1044 -0.8884 0.0000 0.00 0.00 1.00 0
-5.1077 -0.8923 0.0000 0.00 0.00 1.00 0
-5.1116 -0.8892 0.0000 0.00 0.00 1.00 0
-5.1151 -0.8921 0.0000 0.00 0.00 1.00 0
-5.1188 -0.8966 0.0000 0.00 0.00 1.00 0
-5.1223 -0.8997 0.0000 0.00 0.00 1.00 0
-5.1258 -0.9029 0.0000 0.00 0.00 1.00 0
-5.1362 -0.9149 0.0000 0.00 0.00 1.00 0
-5.1409 -0.9196 0.0000 0.00 0.00 1.00 0
-5.1456 -0.9243 0.0000 0.00 0.00 1.00 0
-5.1562 -0.9341 0.0000 0.00 0.00 1.00 0
-5.1618 -0.9395 0.0000 0.00 0.00 1.00 0
-5.1673 -0.9449 0.0000 0.00 0.00 1.00 0
-5.1667 -0.9462 0.0000 0.00 0.00 1.00 0
-5.1714 -0.9511 0.0000 0.00 0.00 1.00 0
-5.1740 -0.9460 0.0000 0.00 0.00 1.00 0
-5.1783 -0.9491 0.0000 0.00 0.00 1.00 0
-5.1825 -0.9521 0.0000 0.00 0.00 1.00 0
-5.1907 -0.9585 0.0000 0.00 0.00 1.00 0
-5.1957 -0.9621 0.0000 0.00 0.00 1.00 0
-5.2006 -0.9657 0.0000 0.00 0.00 1.00 0
-5.2052 -0.9708 0.0000 0.00 0.00 1.00 0
-5.2100 -0.9746 0.0000 0.00 0.00 1.00 0
-5.2148 -0.9784 0.0000 0.00 0.00 1.00 0
-5.2220 -0.9890 0.0000 0.00 0.00 1.00 0
-5.2272 -0.9938 0.0000 0.00 0.00 1.00 0
-5.2255 -0.9953 0.0000 0.00 0.00 1.00 0
-5.2295 -0.9996 0.0000 0.00 0.00 1.00 0
-5.2335 -1.0038 0.0000 0.00 0.00 1.00 0
-5.2322 -1.0044 0.0000 0.00 0.00 1.00 0
-5.2354 -1.0081 0.0000 0.00 0.00 1.00 0
-5.2384 -1.0117 0.0000 0.00 0.00 1.00 0
-5.2430 -1.0166 0.0000 0.00 0.00 1.00 0
-5.2463 -1.0205 0.0000 0.00 0.00 1.00 0
-5.2497 -1.0244 0.0000 0.00 0.00 1.00 0
-5.2589 -1.0314 0.0000 0.00 0.00 1.00 0
-5.2631 -1.0357 0.0000 0.00 0.00 1.00 0
-5.2708 -1.0452 0.0000 0.00 0.00 1.00 0
-5.2756 -1.0503 0.0000 0.00 0.00 1.00 0
-5.2804 -1.0556 0.0000 0.00 0.00 1.00 0
-5.2850 -1.0649 0.0000 0.00 0.00 1.00 0
-5.2898 -1.0707 0.0000 0.00 0.00 1.00 0
-5.2950 -1.0770 0.0000 0.00 0.00 1.00 0
-5.2961 -1.0747 0.0000 0.00 0.00 1.00 0
-5.3005 -1.0794 0.0000 0.00 0.00 1.00 0
-5.3048 -1.0841 0.0000 0.00 0.00 1.00 0
-5.3057 -1.0780 0.0000 0.00 0.00 1.00 0
-5.3094 -1.0810 0.0000 0.00 0.00 1.00 0
-5.3111 -1.0879 0.0000 0.00 0.00 1.00 0
-5.3143 -1.0915 0.0000 0.00 0.00 1.00 0
-5.3177 -1.0951 0.0000 0.00 0.00 1.00 0
-5.3263 -1.1106 0.0000 0.00 0.00 1.00 0
-5.3307 -1.1165 0.0000 0.00 0.00 1.00 0
-5.3349 -1.1220 0.0000 0.00 0.00 1.00 0
-5.3484 -1.1349 0.0000 0.00 0.00 1.00 0
-5.3541 -1.1417 0.0000 0.00 0.00 1.00 0
-5.3598 -1.1485 0.0000 0.00 0.00 1.00 0
-5.3630 -1.1546 0.0000 0.00 0.00 1.00 0
-5.3682 -1.1611 0.0000 0.00 0.00 1.00 0
-5.3659 -1.1616 0.0000 0.00 0.00 1.00 0
-5.3699 -1.1671 0.0000 0.00 0.00 1.00 0
-5.3739 -1.1727 0.0000 0.00 0.00 1.00 0
-5.3784 -1.1758 0.0000 0.00 0.00 1.00 0
-5.3825 -1.1810 0.0000 0.00 0.00 1.00 0
-5.3865 -1.1861 0.0000 0.00 0.00 1.00 0
-5.3926 -1.1896 0.0000 0.00 0.00 1.00 0
-5.3970 -1.1945 0.0000 0.00 0.00 1.00 0
-5.4014 -1.1994 0.0000 0.00 0.00 1.00 0
-5.4060 -1.2066 0.0000 0.00 0.00 1.00 0
-5.4100 -1.2114 0.0000 0.00 0.00 1.00 0
-5.4151 -1.2152 0.0000 0.00 0.00 1.00 0
-5.4196 -1.2202 0.0000 0.00 0.00 1.00 0
-5.4236 -1.2246 0.0000 0.00 0.00 1.00 0
-5.4198 -1.2222 0.0000 0.00 0.00 1.00 0
-5.4228 -1.2258 0.0000 0.00 0.00 1.00 0
-5.4258 -1.2294 0.0000 0.00 0.00 1.00 0
-5.4301 -1.2345 0.0000 0.00 0.00 1.00 0
-5.4333 -1.2384 0.0000 0.00 0.00 1.00 0
-5.4362 -1.2419 0.0000 0.00 0.00 1.00 0
-5.4427 -1.2505 0.0000 0.00 0.00 1.00 0
-5.4466 -1.2554 0.0000 0.00 0.00 1.00 0
-5.4495 -1.2590 0.0000 0.00 0.00 1.00 0
-5.4592 -1.2757 0.0000 0.00 0.00 1.00 0
-5.4637 -1.2820 0.0000 0.00 0.00 1.00 0
-5.4648 -1.2920 0.0000 0.00 0.00 1.00 0
-5.4687 -1.2989 0.0000 0.00 0.00 1.00 0
-5.4726 -1.3057 0.0000 0.00 0.00 1.00 0
-5.4749 -1.3048 0.0000 0.00 0.00 1.00 0
-5.4785 -1.3104 0.0000 0.00 0.00 1.00 0
-5.4819 -1.3155 0.0000 0.00 0.00 1.00 0
-5.4809 -1.3187 0.0000 0.00 0.00 1.00 0
-5.4838 -1.3238 0.0000 0.00 0.00 1.00 0
-5.4857 -1.3273 0.0000 0.00 0.00 1.00 0
-5.4928 -1.3317 0.0000 0.00 0.00 1.00 0
-5.4962 -1.3365 0.0000 0.00 0.00 1.00 0
-5.4999 -1.3451 0.0000 0.00 0.00 1.00 0
-5.5033 -1.3505 0.0000 0.00 0.00 1.00 0
-5.5068 -1.3560 0.0000 0.00 0.00 1.00 0
-5.5136 -1.3638 0.0000 0.00 0.00 1.00 0
-5.5181 -1.3707 0.0000 0.00 0.00 1.00 0
-5.5221 -1.3766 0.0000 0.00 0.00 1.00 0
-5.5199 -1.3781 0.0000 0.00 0.00 1.00 0
-5.5230 -1.3833 0.0000 0.00 0.00 1.00 0
-5.5307 -1.3842 0.0000 0.00 0.00 1.00 0
-5.5347 -1.3887 0.0000 0.00 0.00 1.00 0
-5.5386 -1.3932 0.0000 0.00 0.00 1.00 0
-5.5460 -1.3990 0.0000 0.00 0.00 1.00 0
-5.5504 -1.4037 0.0000 0.00 0.00 1.00 0
-5.5550 -1.4084 0.0000 0.00 0.00 1.00 0
-5.5597 -1.4155 0.0000 0.00 0.00 1.00 0
-5.5645 -1.4209 0.0000 0.00 0.00 1.00 0
-5.5681 -1.4249 0.0000 0.00 0.00 1.00 0
-5.5740 -1.4391 0.0000 0.00 0.00 1.00 0
-5.5786 -1.4454 0.0000 0.00 0.00 1.00 0
-5.5801 -1.4523 0.0000 0.00 0.00 1.00 0
-5.5842 -1.4588 0.0000 0.00 0.00 1.00 0
-5.5883 -1.4652 0.0000 0.00 0.00 1.00 0
-5.5889 -1.4716 0.0000 0.00 0.00 1.00 0
-5.5924 -1.4780 0.0000 0.00 0.00 1.00 0
-5.5959 -1.4844 0.0000 0.00 0.00 1.00 0
-5.5936 -1.4838 0.0000 0.00 0.00 1.00 0
-5.5962 -1.4891 0.0000 0.00 0.00 1.00 0
-5.5985 -1.4939 0.0000 0.00 0.00 1.00 0
-5.6014 -1.4975 0.0000 0.00 0.00 1.00 0
-5.6040 -1.5024 0.0000 0.00 0.00 1.00 0
-5.6056 -1.5054 0.0000 0.00 0.00 1.00 0
-5.6131 -1.5143 0.0000 0.00 0.00 1.00 0
-5.6163 -1.5196 0.0000 0.00 0.00 1.00 0
-5.6181 -1.5226 0.0000 0.00 0.00 1.00 0
-5.6260 -1.5374 0.0000 0.00 0.00 1.00 0
-5.6296 -1.5436 0.0000 0.00 0.00 1.00 0
-5.6337 -1.5516 0.0000 0.00 0.00 1.00 0
-5.6375 -1.5582 0.0000 0.00 0.00 1.00 0
-5.6408 -1.5641 0.0000 0.00 0.00 1.00 0
-5.6395 -1.5719 0.0000 0.00 0.00 1.00 0
-5.6434 -1.5809 0.0000 0.00 0.00 1.00 0
-5.6455 -1.5858 0.0000 0.00 0.00 1.00 0
-5.6450 -1.5882 0.0000 0.00 0.00 1.00 0
-5.6474 -1.5941 0.0000 0.00 0.00 1.00 0
-5.6482 -1.5949 0.0000 0.00 0.00 1.00 0
-5.6503 -1.6001 0.0000 0.00 0.00 1.00 0
-5.6524 -1.6052 0.0000 0.00 0.00 1.00 0
-5.6577 -1.6071 0.0000 0.00 0.00 1.00 0
-5.6603 -1.6117 0.0000 0.00 0.00 1.00 0
-5.6626 -1.6158 0.0000 0.00 0.00 1.00 0
-5.6733 -1.6241 0.0000 0.00 0.00 1.00 0
-5.6771 -1.6293 0.0000 0.00 0.00 1.00 0
-5.6797 -1.6328 0.0000 0.00 0.00 1.00 0
-5.6897 -1.6413 0.0000 0.00 0.00 1.00 0
-5.6941 -1.6465 0.0000 0.00 0.00 1.00 0
-5.6941 -1.6568 0.0000 0.00 0.00 1.00 0
-5.6979 -1.6630 0.0000 0.00 0.00 1.00 0
-5.7011 -1.6682 0.0000 0.00 0.00 1.00 0
-5.6985 -1.6762 0.0000 0.00 0.00 1.00 0
-5.7012 -1.6825 0.0000 0.00 0.00 1.00 0
-5.7036 -1.6883 0.0000 0.00 0.00 1.00 0
-5.6998 -1.6930 0.0000 0.00 0.00 1.00 0
-5.7015 -1.6989 0.0000 0.00 0.00 1.00 0
-5.6992 -1.6996 0.0000 0.00 0.00 1.00 0
-5.7002 -1.7048 0.0000 0.00 0.00 1.00 0
-5.7011 -1.7099 0.0000 0.00 0.00 1.00 0
-5.7094 -1.7136 0.0000 0.00 0.00 1.00 0
-5.7116 -1.7184 0.0000 0.00 0.00 1.00 0
-5.7138 -1.7232 0.0000 0.00 0.00 1.00 0
-5.7202 -1.7276 0.0000 0.00 0.00 1.00 0
-5.7237 -1.7336 0.0000 0.00 0.00 1.00 0
-5.7264 -1.7380 0.0000 0.00 0.00 1.00 0
-5.7287 -1.7472 0.0000 0.00 0.00 1.00 0
-5.7316 -1.7527 0.0000 0.00 0.00 1.00 0
-5.7346 -1.7518 0.0000 0.00 0.00 1.00 0
-5.7374 -1.7562 0.0000 0.00 0.00 1.00 0
-5.7406 -1.7611 0.0000 0.00 0.00 1.00 0
-5.7470 -1.7701 0.0000 0.00 0.00 1.00 0
-5.7508 -1.7758 0.0000 0.00 0.00 1.00 0
-5.7543 -1.7811 0.0000 0.00 0.00 1.00 0
-5.7581 -1.7866 0.0000 0.00 0.00 1.00 0
-5.7617 -1.7920 0.0000 0.00 0.00 1.00 0
-5.7646 -1.7963 0.0000 0.00 0.00 1.00 0
-5.7661 -1.8063 0.0000 0.00 0.00 1.00 0
-5.7692 -1.8122 0.0000 0.00 0.00 1.00 0
-5.7687 -1.8212 0.0000 0.00 0.00 1.00 0
-5.7713 -1.8277 0.0000 0.00 0.00 1.00 0
-5.7738 -1.8341 0.0000 0.00 0.00 1.00 0
-5.7718 -1.8349 0.0000 0.00 0.00 1.00 0
-5.7736 -1.8405 0.0000 0.00 0.00 1.00 0
-5.7754 -1.8461 0.0000 0.00 0.00 1.00 0
-5.7739 -1.8459 0.0000 0.00 0.00 1.00 0
-5.7751 -1.8504 0.0000 0.00 0.00 1.00 0
-5.7788 -1.8583 0.0000 0.00 0.00 1.00 0
-5.7804 -1.8632 0.0000 0.00 0.00 1.00 0
-5.7821 -1.8682 0.0000 0.00 0.00 1.00 0
-5.7903 -1.8769 0.0000 0.00 0.00 1.00 0
-5.7931 -1.8827 0.0000 0.00 0.00 1.00 0
-5.7959 -1.8885 0.0000 0.00 0.00 1.00 0
-5.7990 -1.8988 0.0000 0.00 0.00 1.00 0
-5.8018 -1.9052 0.0000 0.00 0.00 1.00 0
-5.8046 -1.9117 0.0000 0.00 0.00 1.00 0
-5.8044 -1.9189 0.0000 0.00 0.00 1.00 0
-5.8068 -1.9256 0.0000 0.00 0.00 1.00 0
-5.8089 -1.9314 0.0000 0.00 0.00 1.00 0
-5.8137 -1.9310 0.0000 0.00 0.00 1.00 0
-5.8163 -1.9363 0.0000 0.00 0.00 1.00 0
-5.8179 -1.9395 0.0000 0.00 0.00 1.00 0
-5.8208 -1.9450 0.0000 0.00 0.00 1.00 0
-5.8233 -1.9501 0.0000 0.00 0.00 1.00 0
-5.8237 -1.9576 0.0000 0.00 0.00 1.00 0
-5.8259 -1.9631 0.0000 0.00 0.00 1.00 0
-5.8281 -1.9686 0.0000 0.00 0.00 1.00 0
-5.8273 -1.9780 0.0000 0.00 0.00 1.00 0
-5.8288 -1.9834 0.0000 0.00 0.00 1.00 0
-5.8288 -1.9886 0.0000 0.00 0.00 1.00 0
-5.8300 -1.9939 0.0000 0.00 0.00 1.00 0
-5.8313 -1.9991 0.0000 0.00 0.00 1.00 0
-5.8323 -2.0034 0.0000 0.00 0.00 1.00 0
-5.8401 -2.0076 0.0000 0.00 0.00 1.00 0
-5.8423 -2.0128 0.0000 0.00 0.00 1.00 0
-5.8469 -2.0193 0.0000 0.00 0.00 1.00 0
-5.8495 -2.0248 0.0000 0.00 0.00 1.00 0
-5.8520 -2.0301 0.0000 0.00 0.00 1.00 0
-5.8565 -2.0376 0.0000 0.00 0.00 1.00 0
-5.8594 -2.0435 0.0000 0.00 0.00 1.00 0
-5.8577 -2.0548 0.0000 0.00 0.00 1.00 0
-5.8597 -2.0616 0.0000 0.00 0.00 1.00 0
-5.8618 -2.0683 0.0000 0.00 0.00 1.00 0
-5.8621 -2.0704 0.0000 0.00 0.00 1.00 0
-5.8640 -2.0765 0.0000 0.00 0.00 1.00 0
-5.8657 -2.0824 0.0000 0.00 0.00 1.00 0
-5.8636 -2.0836 0.0000 0.00 0.00 1.00 0
-5.8647 -2.0888 0.0000 0.00 0.00 1.00 0
-5.8659 -2.0941 0.0000 0.00 0.00 1.00 0
-5.8688 -2.0980 0.0000 0.00 0.00 1.00 0
-5.8702 -2.1031 0.0000 0.00 0.00 1.00 0
-5.8713 -2.1071 0.0000 0.00 0.00 1.00 0
-5.8750 -2.1197 0.0000 0.00 0.00 1.00 0
-5.8768 -2.1257 0.0000 0.00 0.00 1.00 0
-5.8717 -2.1350 0.0000 0.00 0.00 1.00 0
-5.8723 -2.1417 0.0000 0.00 0.00 1.00 0
-5.8728 -2.1482 0.0000 0.00 0.00 1.00 0
-5.8796 -2.1499 0.0000 0.00 0.00 1.00 0
-5.8813 -2.1557 0.0000 0.00 0.00 1.00 0
-5.8828 -2.1615 0.0000 0.00 0.00 1.00 0
-5.8880 -2.1635 0.0000 0.00 0.00 1.00 0
-5.8900 -2.1682 0.0000 0.00 0.00 1.00 0
-5.8921 -2.1734 0.0000 0.00 0.00 1.00 0
-5.8940 -2.1746 0.0000 0.00 0.00 1.00 0
-5.8962 -2.1792 0.0000 0.00 0.00 1.00 0
-5.8981 -2.1853 0.0000 0.00 0.00 1.00 0
-5.9002 -2.1901 0.0000 0.00 0.00 1.00 0
-5.9022 -2.1949 0.0000 0.00 0.00 1.00 0
-5.8950 -2.2039 0.0000 0.00 0.00 1.00 0
-5.8955 -2.2093 0.0000 0.00 0.00 1.00 0
-5.8960 -2.2147 0.0000 0.00 0.00 1.00 0
-5.8967 -2.2244 0.0000 0.00 0.00 1.00 0
-5.8973 -2.2306 0.0000 0.00 0.00 1.00 0
-5.8977 -2.2355 0.0000 0.00 0.00 1.00 0
-5.9005 -2.2400 0.0000 0.00 0.00 1.00 0
-5.9013 -2.2457 0.0000 0.00 0.00 1.00 0
-5.9034 -2.2531 0.0000 0.00 0.00 1.00 0
-5.9044 -2.2590 0.0000 0.00 0.00 1.00 0
-5.9055 -2.2650 0.0000 0.00 0.00 1.00 0
-5.9039 -2.2744 0.0000 0.00 0.00 1.00 0
-5.9045 -2.2809 0.0000 0.00 0.00 1.00 0
-5.9052 -2.2874 0.0000 0.00 0.00 1.00 0
-5.9017 -2.2954 0.0000 0.00 0.00 1.00 0
-5.9017 -2.3015 0.0000 0.00 0.00 1.00 0
-5.9015 -2.3086 0.0000 0.00 0.00 1.00 0
-5.9014 -2.3150 0.0000 0.00 0.00 1.00 0
-5.9014 -2.3217 0.0000 0.00 0.00 1.00 0
-5.9037 -2.3216 0.0000 0.00 0.00 1.00 0
-5.9041 -2.3272 0.0000 0.00 0.00 1.00 0
-5.9044 -2.3327 0.0000 0.00 0.00 1.00 0
-5.9094 -2.3409 0.0000 0.00 0.00 1.00 0
-5.9105 -2.3468 0.0000 0.00 0.00 1.00 0
-5.9116 -2.3529 0.0000 0.00 0.00 1.00 0
-5.9098 -2.3594 0.0000 0.00 0.00 1.00 0
-5.9104 -2.3654 0.0000 0.00 0.00 1.00 0
-5.9109 -2.3703 0.0000 0.00 0.00 1.00 0
-5.9042 -2.3821 0.0000 0.00 0.00 1.00 0
-5.9037 -2.3889 0.0000 0.00 0.00 1.00 0
-5.8999 -2.3908 0.0000 0.00 0.00 1.00 0
-5.8990 -2.3961 0.0000 0.00 0.00 1.00 0
-5.8979 -2.4025 0.0000 0.00 0.00 1.00 0
-5.9046 -2.4056 0.0000 0.00 0.00 1.00 0
-5.9048 -2.4110 0.0000 0.00 0.00 1.00 0
-5.9050 -2.4165 0.0000 0.00 0.00 1.00 0
-5.9077 -2.4191 0.0000 0.00 0.00 1.00 0
-5.9083 -2.4241 0.0000 0.00 0.00 1.00 0
-5.9056 -2.4357 0.0000 0.00 0.00 1.00 0
-5.9056 -2.4413 0.0000 0.00 0.00 1.00 0
-5.9056 -2.4479 0.0000 0.00 0.00 1.00 0
-5.8994 -2.4578 0.0000 0.00 0.00 1.00 0
-5.8984 -2.4647 0.0000 0.00 0.00 1.00 0
-5.8973 -2.4721 0.0000 0.00 0.00 1.00 0
-5.8998 -2.4751 0.0000 0.00 0.00 1.00 0
-5.8994 -2.4814 0.0000 0.00 0.00 1.00 0
-5.8990 -2.4871 0.0000 0.00 0.00 1.00 0
-5.9001 -2.4944 0.0000 0.00 0.00 1.00 0
-5.8999 -2.5008 0.0000 0.00 0.00 1.00 0
-5.8979 -2.5088 0.0000 0.00 0.00 1.00 0
-5.8975 -2.5147 0.0000 0.00 0.00 1.00 0
-5.8970 -2.5213 0.0000 0.00 0.00 1.00 0
-5.8956 -2.5274 0.0000 0.00 0.00 1.00 0
-5.8949 -2.5338 0.0000 0.00 0.00 1.00 0
-5.8942 -2.5404 0.0000 0.00 0.00 1.00 0
-5.8870 -2.5509 0.0000 0.00 0.00 1.00 0
-5.8855 -2.5574 0.0000 0.00 0.00 1.00 0
-5.8838 -2.5644 0.0000 0.00 0.00 1.00 0
-5.8809 -2.5719 0.0000 0.00 0.00 1.00 0
-5.8792 -2.5784 0.0000 0.00 0.00 1.00 0
-5.8778 -2.5838 0.0000 0.00 0.00 1.00 0
-5.8752 -2.5870 0.0000 0.00 0.00 1.00 0
-5.8733 -2.5932 0.0000 0.00 0.00 1.00 0
-5.8771 -2.5934 0.0000 0.00 0.00 1.00 0
-5.8762 -2.5985 0.0000 0.00 0.00 1.00 0
-5.8752 -2.6035 0.0000 0.00 0.00 1.00 0
-5.8756 -2.6133 0.0000 0.00 0.00 1.00 0
-5.8748 -2.6191 0.0000 0.00 0.00 1.00 0
-5.8741 -2.6251 0.0000 0.00 0.00 1.00 0
-5.8673 -2.6331 0.0000 0.00 0.00 1.00 0
-5.8656 -2.6394 0.0000 0.00 0.00 1.00 0
-5.8572 -2.6461 0.0000 0.00 0.00 1.00 0
-5.8544 -2.6523 0.0000 0.00 0.00 1.00 0
-5.8516 -2.6586 0.0000 0.00 0.00 1.00 0
-5.8505 -2.6617 0.0000 0.00 0.00 1.00 0
-5.8480 -2.6674 0.0000 0.00 0.00 1.00 0
-5.8454 -2.6732 0.0000 0.00 0.00 1.00 0
-5.8485 -2.6750 0.0000 0.00 0.00 1.00 0
-5.8468 -2.6801 0.0000 0.00 0.00 1.00 0
-5.8454 -2.6847 0.0000 0.00 0.00 1.00 0
-5.8486 -2.6967 0.0000 0.00 0.00 1.00 0
-5.8477 -2.7028 0.0000 0.00 0.00 1.00 0
-5.8392 -2.7163 0.0000 0.00 0.00 1.00 0
-5.8368 -2.7244 0.0000 0.00 0.00 1.00 0
-5.8347 -2.7318 0.0000 0.00 0.00 1.00 0
-5.8259 -2.7447 0.0000 0.00 0.00 1.00 0
-5.8226 -2.7531 0.0000 0.00 0.00 1.00 0
-5.8193 -2.7615 0.0000 0.00 0.00 1.00 0
-5.8128 -2.7655 0.0000 0.00 0.00 1.00 0
-5.8091 -2.7732 0.0000 0.00 0.00 1.00 0
-5.8052 -2.7810 0.0000 0.00 0.00 1.00 0
-5.8011 -2.7871 0.0000 0.00 0.00 1.00 0
-5.7973 -2.7946 0.0000 0.00 0.00 1.00 0
-5.7971 -2.7997 0.0000 0.00 0.00 1.00 0
-5.7939 -2.8068 0.0000 0.00 0.00 1.00 0
-5.7906 -2.8138 0.0000 0.00 0.00 1.00 0
-5.7889 -2.8193 0.0000 0.00 0.00 1.00 0
-5.7860 -2.8260 0.0000 0.00 0.00 1.00 0
-5.7830 -2.8328 0.0000 0.00 0.00 1.00 0
-5.7784 -2.8370 0.0000 0.00 0.00 1.00 0
-5.7752 -2.8434 0.0000 0.00 0.00 1.00 0
-5.7720 -2.8497 0.0000 0.00 0.00 1.00 0
-5.7692 -2.8491 0.0000 0.00 0.00 1.00 0
-5.7660 -2.8544 0.0000 0.00 0.00 1.00 0
-5.7645 -2.8571 0.0000 0.00 0.00 1.00 0
-5.7616 -2.8620 0.0000 0.00 0.00 1.00 0
-5.7588 -2.8668 0.0000 0.00 0.00 1.00 0
-5.7582 -2.8686 0.0000 0.00 0.00 1.00 0
-5.7557 -2.8729 0.0000 0.00 0.00 1.00 0
-5.7532 -2.8772 0.0000 0.00 0.00 1.00 0
-5.7518 -2.8900 0.0000 0.00 0.00 1.00 0
-5.7495 -2.8957 0.0000 0.00 0.00 1.00 0
-5.7471 -2.9016 0.0000 0.00 0.00 1.00 0
-5.7424 -2.9085 0.0000 0.00 0.00 1.00 0
-5.7394 -2.9150 0.0000 0.00 0.00 1.00 0
-5.7344 -2.9246 0.0000 0.00 0.00 1.00 0
-5.7313 -2.9310 0.0000 0.00 0.00 1.00 0
-5.7282 -2.9376 0.0000 0.00 0.00 1.00 0
-5.7222 -2.9435 0.0000 0.00 0.00 1.00 0
-5.7187 -2.9499 0.0000 0.00 0.00 1.00 0
-5.7151 -2.9564 0.0000 0.00 0.00 1.00 0
-5.7078 -2.9648 0.0000 0.00 0.00 1.00 0
-5.7036 -2.9715 0.0000 0.00 0.00 1.00 0
-5.6994 -2.9783 0.0000 0.00 0.00 1.00 0
-5.6955 -2.9839 0.0000 0.00 0.00 1.00 0
-5.6912 -2.9907 0.0000 0.00 0.00 1.00 0
-5.6951 -2.9932 0.0000 0.00 0.00 1.00 0
-5.6924 -2.9992 0.0000 0.00 0.00 1.00 0
-5.6896 -3.0051 0.0000 0.00 0.00 1.00 0
-5.6911 -3.0053 0.0000 0.00 0.00 1.00 0
-5.6890 -3.0102 0.0000 0.00 0.00 1.00 0
-5.6871 -3.0148 0.0000 0.00 0.00 1.00 0
-5.6816 -3.0193 0.0000 0.00 0.00 1.00 0
-5.6791 -3.0240 0.0000 0.00 0.00 1.00 0
-5.6765 -3.0289 0.0000 0.00 0.00 1.00 0
-5.6687 -3.0383 0.0000 0.00 0.00 1.00 0
-5.6653 -3.0438 0.0000 0.00 0.00 1.00 0
-5.6565 -3.0555 0.0000 0.00 0.00 1.00 0
-5.6522 -3.0619 0.0000 0.00 0.00 1.00 0
-5.6479 -3.0685 0.0000 0.00 0.00 1.00 0
-5.6448 -3.0766 0.0000 0.00 0.00 1.00 0
-5.6407 -3.0834 0.0000 0.00 0.00 1.00 0
-5.6365 -3.0903 0.0000 0.00 0.00 1.00 0
-5.6376 -3.0978 0.0000 0.00 0.00 1.00 0
-5.6343 -3.1048 0.0000 0.00 0.00 1.00 0
-5.6310 -3.1118 0.0000 0.00 0.00 1.00 0
-5.6273 -3.1152 0.0000 0.00 0.00 1.00 0
-5.6240 -3.1216 0.0000 0.00 0.00 1.00 0
-5.6213 -3.1267 0.0000 0.00 0.00 1.00 0
-5.6230 -3.1236 0.0000 0.00 0.00 1.00 0
-5.6205 -3.1284 0.0000 0.00 0.00 1.00 0
-5.6192 -3.1308 0.0000 0.00 0.00 1.00 0
-5.6115 -3.1354 0.0000 0.00 0.00 1.00 0
-5.6084 -3.1398 0.0000 0.00 0.00 1.00 0
-5.6005 -3.1481 0.0000 0.00 0.00 1.00 0
-5.5966 -3.1531 0.0000 0.00 0.00 1.00 0
-5.5927 -3.1582 0.0000 0.00 0.00 1.00 0
-5.5856 -3.1713 0.0000 0.00 0.00 1.00 0
-5.5812 -3.1776 0.0000 0.00 0.00 1.00 0
-5.5774 -3.1863 0.0000 0.00 0.00 1.00 0
-5.5731 -3.1930 0.0000 0.00 0.00 1.00 0
-5.5688 -3.1997 0.0000 0.00 0.00 1.00 0
-5.5635 -3.2072 0.0000 0.00 0.00 1.00 0
-5.5590 -3.2140 0.0000 0.00 0.00 1.00 0
-5.5546 -3.2207 0.0000 0.00 0.00 1.00 0
-5.5586 -3.2248 0.0000 0.00 0.00 1.00 0
-5.5555 -3.2312 0.0000 0.00 0.00 1.00 0
-5.5524 -3.2376 0.0000 0.00 0.00 1.00 0
-5.5568 -3.2370 0.0000 0.00 0.00 1.00 0
-5.5549 -3.2423 0.0000 0.00 0.00 1.00 0
-5.5531 -3.2471 0.0000 0.00 0.00 1.00 0
-5.5470 -3.2490 0.0000 0.00 0.00 1.00 0
-5.5445 -3.2537 0.0000 0.00 0.00 1.00 0
-5.5356 -3.2573 0.0000 0.00 0.00 1.00 0
-5.5320 -3.2618 0.0000 0.00 0.00 1.00 0
-5.5284 -3.2663 0.0000 0.00 0.00 1.00 0
-5.5187 -3.2764 0.0000 0.00 0.00 1.00 0
-5.5142 -3.2818 0.0000 0.00 0.00 1.00 0
-5.5096 -3.2872 0.0000 0.00 0.00 1.00 0
-5.5042 -3.2895 0.0000 0.00 0.00 1.00 0
-5.4995 -3.2944 0.0000 0.00 0.00 1.00 0
-5.5019 -3.2995 0.0000 0.00 0.00 1.00 0
-5.4985 -3.3046 0.0000 0.00 0.00 1.00 0
-5.4951 -3.3095 0.0000 0.00 0.00 1.00 0
-5.4999 -3.3091 0.0000 0.00 0.00 1.00 0
-5.4980 -3.3128 0.0000 0.00 0.00 1.00 0
-5.4956 -3.3175 0.0000 0.00 0.00 1.00 0
-5.4962 -3.3218 0.0000 0.00 0.00 1.00 0
-5.4945 -3.3259 0.0000 0.00 0.00 1.00 0
-5.4929 -3.3299 0.0000 0.00 0.00 1.00 0
-5.4771 -3.3416 0.0000 0.00 0.00 1.00 0
-5.4733 -3.3469 0.0000 0.00 0.00 1.00 0
-5.4702 -3.3511 0.0000 0.00 0.00 1.00 0
-5.4577 -3.3661 0.0000 0.00 0.00 1.00 0
-5.4526 -3.3728 0.0000 0.00 0.00 1.00 0
-5.4427 -3.3821 0.0000 0.00 0.00 1.00 0
-5.4369 -3.3891 0.0000 0.00 0.00 1.00 0
-5.4311 -3.3960 0.0000 0.00 0.00 1.00 0
-5.4364 -3.3937 0.0000 0.00 0.00 1.00 0
-5.4319 -3.3997 0.0000 0.00 0.00 1.00 0
-5.4282 -3.4048 0.0000 0.00 0.00 1.00 0
-5.4311 -3.4029 0.0000 0.00 0.00 1.00 0
-5.4279 -3.4077 0.0000 0.00 0.00 1.00 0
-5.4252 -3.4116 0.0000 0.00 0.00 1.00 0
-5.4259 -3.4113 0.0000 0.00 0.00 1.00 0
-5.4235 -3.4150 0.0000 0.00 0.00 1.00 0
-5.4117 -3.4268 0.0000 0.00 0.00 1.00 0
-5.4081 -3.4313 0.0000 0.00 0.00 1.00 0
-5.4041 -3.4363 0.0000 0.00 0.00 1.00 0
-5.3866 -3.4503 0.0000 0.00 0.00 1.00 0
-5.3804 -3.4568 0.0000 0.00 0.00 1.00 0
-5.3743 -3.4632 0.0000 0.00 0.00 1.00 0
-5.3645 -3.4786 0.0000 0.00 0.00 1.00 0
-5.3577 -3.4865 0.0000 0.00 0.00 1.00 0
-5.3530 -3.4920 0.0000 0.00 0.00 1.00 0
-5.3508 -3.4967 0.0000 0.00 0.00 1.00 0
-5.3451 -3.5036 0.0000 0.00 0.00 1.00 0
-5.3489 -3.5095 0.0000 0.00 0.00 1.00 0
-5.3447 -3.5164 0.0000 0.00 0.00 1.00 0
-5.3407 -3.5231 0.0000 0.00 0.00 1.00 0
-5.3353 -3.5256 0.0000 0.00 0.00 1.00 0
-5.3323 -3.5299 0.0000 0.00 0.00 1.00 0
-5.3269 -3.5375 0.0000 0.00 0.00 1.00 0
-5.3162 -3.5445 0.0000 0.00 0.00 1.00 0
-5.3109 -3.5507 0.0000 0.00 0.00 1.00 0
-5.3066 -3.5557 0.0000 0.00 0.00 1.00 0
-5.2940 -3.5646 0.0000 0.00 0.00 1.00 0
-5.2877 -3.5711 0.0000 0.00 0.00 1.00 0
-5.2798 -3.5754 0.0000 0.00 0.00 1.00 0
-5.2731 -3.5816 0.0000 0.00 0.00 1.00 0
-5.2665 -3.5878 0.0000 0.00 0.00 1.00 0
-5.2739 -3.5851 0.0000 0.00 0.00 1.00 0
-5.2696 -3.5897 0.0000 0.00 0.00 1.00 0
-5.2653 -3.5945 0.0000 0.00 0.00 1.00 0
-5.2648 -3.6003 0.0000 0.00 0.00 1.00 0
-5.2612 -3.6051 0.0000 0.00 0.00 1.00 0
-5.2581 -3.6091 0.0000 0.00 0.00 1.00 0
-5.2426 -3.6154 0.0000 0.00 0.00 1.00 0
-5.2373 -3.6204 0.0000 0.00 0.00 1.00 0
-5.2225 -3.6287 0.0000 0.00 0.00 1.00 0
-5.2155 -3.6342 0.0000 0.00 0.00 1.00 0
-5.2085 -3.6397 0.0000 0.00 0.00 1.00 0
-5.1983 -3.6502 0.0000 0.00 0.00 1.00 0
-5.1908 -3.6565 0.0000 0.00 0.00 1.00 0
-5.1833 -3.6629 0.0000 0.00 0.00 1.00 0
-5.1799 -3.6703 0.0000 0.00 0.00 1.00 0
-5.1731 -3.6767 0.0000 0.00 0.00 1.00 0
-5.1745 -3.6794 0.0000 0.00 0.00 1.00 0
-5.1693 -3.6850 0.0000 0.00 0.00 1.00 0
-5.1644 -3.6902 0.0000 0.00 0.00 1.00 0
-5.1647 -3.6955 0.0000 0.00 0.00 1.00 0
-5.1612 -3.6999 0.0000 0.00 0.00 1.00 0
-5.1560 -3.7067 0.0000 0.00 0.00 1.00 0
-5.1509 -3.7079 0.0000 0.00 0.00 1.00 0
-5.1464 -3.7129 0.0000 0.00 0.00 1.00 0
-5.1419 -3.7178 0.0000 0.00 0.00 1.00 0
-5.1237 -3.7249 0.0000 0.00 0.00 1.00 0
-5.1171 -3.7301 0.0000 0.00 0.00 1.00 0
-5.1112 -3.7348 0.0000 0.00 0.00 1.00 0
-5.0907 -3.7466 0.0000 0.00 0.00 1.00 0
-5.0822 -3.7526 0.0000 0.00 0.00 1.00 0
-5.0731 -3.7627 0.0000 0.00 0.00 1.00 0
-5.0643 -3.7696 0.0000 0.00 0.00 1.00 0
-5.0557 -3.7763 0.0000 0.00 0.00 1.00 0
-5.0511 -3.7801 0.0000 0.00 0.00 1.00 0
-5.0430 -3.7866 0.0000 0.00 0.00 1.00 0
-5.0349 -3.7929 0.0000 0.00 0.00 1.00 0
-5.0445 -3.7949 0.0000 0.00 0.00 1.00 0
-5.0392 -3.8006 0.0000 0.00 0.00 1.00 0
-5.0344 -3.8058 0.0000 0.00 0.00 1.00 0
-5.0380 -3.8059 0.0000 0.00 0.00 1.00 0
-5.0342 -3.8107 0.0000 0.00 0.00 1.00 0
-5.0237 -3.8126 0.0000 0.00 0.00 1.00 0
-5.0187 -3.8169 0.0000 0.00 0.00 1.00 0
-5.0136 -3.8212 0.0000 0.00 0.00 1.00 0
-4.9934 -3.8290 0.0000 0.00 0.00 1.00 0
-4.9859 -3.8339 0.0000 0.00 0.00 1.00 0
-4.9782 -3.8389 0.0000 0.00 0.00 1.00 0
-4.9650 -3.8472 0.0000 0.00 0.00 1.00 0
-4.9565 -3.8527 0.0000 0.00 0.00 1.00 0
-4.9482 -3.8580 0.0000 0.00 0.00 1.00 0
-4.9412 -3.8614 0.0000 0.00 0.00 1.00 0
-4.9331 -3.8665 0.0000 0.00 0.00 1.00 0
-4.9390 -3.8683 0.0000 0.00 0.00 1.00 0
-4.9331 -3.8729 0.0000 0.00 0.00 1.00 0
-4.9274 -3.8774 0.0000 0.00 0.00 1.00 0
-4.9311 -3.8837 0.0000 0.00 0.00 1.00 0
-4.9268 -3.8885 0.0000 0.00 0.00 1.00 0
-4.9226 -3.8933 0.0000 0.00 0.00 1.00 0
-4.9085 -3.8983 0.0000 0.00 0.00 1.00 0
-4.9039 -3.9022 0.0000 0.00 0.00 1.00 0
-4.8980 -3.9071 0.0000 0.00 0.00 1.00 0
-4.8774 -3.9177 0.0000 0.00 0.00 1.00 0
-4.8703 -3.9228 0.0000 0.00 0.00 1.00 0
-4.8524 -3.9306 0.0000 0.00 0.00 1.00 0
-4.8437 -3.9360 0.0000 0.00 0.00 1.00 0
-4.8336 -3.9422 0.0000 0.00 0.00 1.00 0
-4.8222 -3.9488 0.0000 0.00 0.00 1.00 0
-4.8124 -3.9548 0.0000 0.00 0.00 1.00 0
-4.8026 -3.9608 0.0000 0.00 0.00 1.00 0
-4.7977 -3.9625 0.0000 0.00 0.00 1.00 0
-4.7893 -3.9674 0.0000 0.00 0.00 1.00 0
-4.7812 -3.9722 0.0000 0.00 0.00 1.00 0
-4.7818 -3.9755 0.0000 0.00 0.00 1.00 0
-4.7745 -3.9803 0.0000 0.00 0.00 1.00 0
-4.7721 -3.9832 0.0000 0.00 0.00 1.00 0
-4.7654 -3.9879 0.0000 0.00 0.00 1.00 0
-4.7588 -3.9925 0.0000 0.00 0.00 1.00 0
-4.7482 -4.0001 0.0000 0.00 0.00 1.00 0
-4.7410 -4.0052 0.0000 0.00 0.00 1.00 0
-4.7339 -4.0102 0.0000 0.00 0.00 1.00 0
-4.7174 -4.0169 0.0000 0.00 0.00 1.00 0
-4.7088 -4.0222 0.0000 0.00 0.00 1.00 0
-4.6986 -4.0286 0.0000 0.00 0.00 1.00 0
-4.6897 -4.0342 0.0000 0.00 0.00 1.00 0
-4.6808 -4.0397 0.0000 0.00 0.00 1.00 0
-4.6798 -4.0402 0.0000 0.00 0.00 1.00 0
-4.6721 -4.0449 0.0000 0.00 0.00 1.00 0
-4.6645 -4.0496 0.0000 0.00 0.00 1.00 0
-4.6630 -4.0514 0.0000 0.00 0.00 1.00 0
-4.6564 -4.0557 0.0000 0.00 0.00 1.00 0
-4.6498 -4.0599 0.0000 0.00 0.00 1.00 0
-4.6388 -4.0607 0.0000 0.00 0.00 1.00 0
-4.6314 -4.0645 0.0000 0.00 0.00 1.00 0
-4.6255 -4.0675 0.0000 0.00 0.00 1.00 0
-4.6081 -4.0764 0.0000 0.00 0.00 1.00 0
-4.5996 -4.0808 0.0000 0.00 0.00 1.00 0
-4.5834 -4.0891 0.0000 0.00 0.00 1.00 0
-4.5733 -4.0942 0.0000 0.00 0.00 1.00 0
-4.5653 -4.0982 0.0000 0.00 0.00 1.00 0
-4.5479 -4.1050 0.0000 0.00 0.00 1.00 0
-4.5370 -4.1102 0.0000 0.00 0.00 1.00 0
-4.5262 -4.1153 0.0000 0.00 0.00 1.00 0
-4.5182 -4.1193 0.0000 0.00 0.00 1.00 0
-4.5077 -4.1243 0.0000 0.00 0.00 1.00 0
-4.4980 -4.1290 0.0000 0.00 0.00 1.00 0
-4.4887 -4.1354 0.0000 0.00 0.00 1.00 0
-4.4786 -4.1406 0.0000 0.00 0.00 1.00 0
-4.4749 -4.1436 0.0000 0.00 0.00 1.00 0
-4.4657 -4.1484 0.0000 0.00 0.00 1.00 0
-4.4567 -4.1532 0.0000 0.00 0.00 1.00 0
-4.4506 -4.1592 0.0000 0.00 0.00 1.00 0
-4.4420 -4.1643 0.0000 0.00 0.00 1.00 0
-4.4334 -4.1692 0.0000 0.00 0.00 1.00 0
-4.4274 -4.1715 0.0000 0.00 0.00 1.00 0
-4.4192 -4.1760 0.0000 0.00 0.00 1.00 0
-4.4118 -4.1802 0.0000 0.00 0.00 1.00 0
-4.4053 -4.1796 0.0000 0.00 0.00 1.00 0
-4.3974 -4.1834 0.0000 0.00 0.00 1.00 0
-4.3907 -4.1888 0.0000 0.00 0.00 1.00 0
-4.3829 -4.1929 0.0000 0.00 0.00 1.00 0
-4.3753 -4.1970 0.0000 0.00 0.00 1.00 0
-4.3673 -4.2022 0.0000 0.00 0.00 1.00 0
-4.3596 -4.2065 0.0000 0.00 0.00 1.00 0
-4.3521 -4.2106 0.0000 0.00 0.00 1.00 0
-4.3363 -4.2160 0.0000 0.00 0.00 1.00 0
-4.3272 -4.2205 0.0000 0.00 0.00 1.00 0
-4.3192 -4.2244 0.0000 0.00 0.00 1.00 0
-4.3021 -4.2354 0.0000 0.00 0.00 1.00 0
-4.2919 -4.2409 0.0000 0.00 0.00 1.00 0
-4.2930 -4.2339 0.0000 0.00 0.00 1.00 0
-4.2856 -4.2369 0.0000 0.00 0.00 1.00 0
-4.2769 -4.2404 0.0000 0.00 0.00 1.00 0
-4.3010 -4.2233 0.0000 0.00 0.00 1.00 0
-4.2982 -4.2232 0.0000 0.00 0.00 1.00 0
-4.2954 -4.2231 0.0000 0.00 0.00 1.00 0
-4.3242 -4.2115 0.0000 0.00 0.00 1.00 0
-4.3263 -4.2098 0.0000 0.00 0.00 1.00 0
-4.3360 -4.2104 0.0000 0.00 0.00 1.00 0
-4.3396 -4.2089 0.0000 0.00 0.00 1.00 0
-4.3431 -4.2074 0.0000 0.00 0.00 1.00 0
-4.3440 -4.2087 0.0000 0.00 0.00 1.00 0
-4.3471 -4.2077 0.0000 0.00 0.00 1.00 0
-4.3502 -4.2067 0.0000 0.00 0.00 1.00 0
-4.3374 -4.2173 0.0000 0.00 0.00 1.00 0
-4.3379 -4.2182 0.0000 0.00 0.00 1.00 0
-4.3384 -4.2191 0.0000 0.00 0.00 1.00 0
-4.3058 -4.2338 0.0000 0.00 0.00 1.00 0
-4.3011 -4.2368 0.0000 0.00 0.00 1.00 0
-4.2974 -4.2393 0.0000 0.00 0.00 1.00 0
-4.2654 -4.2517 0.0000 0.00 0.00 1.00 0
-4.2568 -4.2560 0.0000 0.00 0.00 1.00 0
-4.2375 -4.2600 0.0000 0.00 0.00 1.00 0
-4.2273 -4.2642 0.0000 0.00 0.00 1.00 0
-4.2167 -4.2686 0.0000 0.00 0.00 1.00 0
-4.2084 -4.2712 0.0000 0.00 0.00 1.00 0
-4.1983 -4.2752 0.0000 0.00 0.00 1.00 0
-4.1881 -4.2793 0.0000 0.00 0.00 1.00 0
-4.1850 -4.2789 0.0000 0.00 0.00 1.00 0
-4.1763 -4.2821 0.0000 0.00 0.00 1.00 0
-4.1763 -4.2809 0.0000 0.00 0.00 1.00 0
-4.1692 -4.2833 0.0000 0.00 0.00 1.00 0
-4.1619 -4.2858 0.0000 0.00 0.00 1.00 0
-4.1613 -4.2886 0.0000 0.00 0.00 1.00 0
-4.1551 -4.2912 0.0000 0.00 0.00 1.00 0
-4.1489 -4.2938 0.0000 0.00 0.00 1.00 0
-4.1459 -4.2950 0.0000 0.00 0.00 1.00 0
-4.1355 -4.2989 0.0000 0.00 0.00 1.00 0
-4.1298 -4.3012 0.0000 0.00 0.00 1.00 0
-4.1191 -4.3111 0.0000 0.00 0.00 1.00 0
-4.1122 -4.3147 0.0000 0.00 0.00 1.00 0
-4.1080 -4.3169 0.0000 0.00 0.00 1.00 0
-4.0953 -4.3192 0.0000 0.00 0.00 1.00 0
-4.0879 -4.3224 0.0000 0.00 0.00 1.00 0
-4.0794 -4.3224 0.0000 0.00 0.00 1.00 0
-4.0718 -4.3250 0.0000 0.00 0.00 1.00 0
-4.0642 -4.3277 0.0000 0.00 0.00 1.00 0
-4.0532 -4.3269 0.0000 0.00 0.00 1.00 0
-4.0449 -4.3290 0.0000 0.00 0.00 1.00 0
-4.0367 -4.3311 0.0000 0.00 0.00 1.00 0
-4.0227 -4.3363 0.0000 0.00 0.00 1.00 0
-4.0136 -4.3388 0.0000 0.00 0.00 1.00 0
-4.0045 -4.3414 0.0000 0.00 0.00 1.00 0
-4.0013 -4.3447 0.0000 0.00 0.00 1.00 0
-3.9906 -4.3482 0.0000 0.00 0.00 1.00 0
-3.9844 -4.3501 0.0000 0.00 0.00 1.00 0
-3.9767 -4.3491 0.0000 0.00 0.00 1.00 0
-3.9686 -4.3512 0.0000 0.00 0.00 1.00 0
-3.9626 -4.3579 0.0000 0.00 0.00 1.00 0
-3.9549 -4.3607 0.0000 0.00 0.00 1.00 0
-3.9471 -4.3636 0.0000 0.00 0.00 1.00 0
-3.9393 -4.3681 0.0000 0.00 0.00 1.00 0
-3.9315 -4.3712 0.0000 0.00 0.00 1.00 0
-3.9239 -4.3743 0.0000 0.00 0.00 1.00 0
-3.9163 -4.3764 0.0000 0.00 0.00 1.00 0
-3.9087 -4.3794 0.0000 0.00 0.00 1.00 0
-3.9006 -4.3815 0.0000 0.00 0.00 1.00 0
-3.8927 -4.3844 0.0000 0.00 0.00 1.00 0
-3.8856 -4.3870 0.0000 0.00 0.00 1.00 0
-3.8775 -4.3885 0.0000 0.00 0.00 1.00 0
-3.8696 -4.3911 0.0000 0.00 0.00 1.00 0
-3.8611 -4.3940 0.0000 0.00 0.00 1.00 0
-3.8497 -4.3952 0.0000 0.00 0.00 1.00 0
-3.8413 -4.3976 0.0000 0.00 0.00 1.00 0
-3.8338 -4.3998 0.0000 0.00 0.00 1.00 0
-3.8256 -4.4053 0.0000 0.00 0.00 1.00 0
-3.8172 -4.4082 0.0000 0.00 0.00 1.00 0
-3.8102 -4.4106 0.0000 0.00 0.00 1.00 0
-3.8075 -4.4159 0.0000 0.00 0.00 1.00 0
-3.8002 -4.4191 0.0000 0.00 0.00 1.00 0
-3.7931 -4.4231 0.0000 0.00 0.00 1.00 0
-3.7857 -4.4264 0.0000 0.00 0.00 1.00 0
-3.7784 -4.4298 0.0000 0.00 0.00 1.00 0
-3.7640 -4.4331 0.0000 0.00 0.00 1.00 0
-3.7565 -4.4361 0.0000 0.00 0.00 1.00 0
-3.7490 -4.4390 0.0000 0.00 0.00 1.00 0
-3.7298 -4.4480 0.0000 0.00 0.00 1.00 0
-3.7200 -4.4521 0.0000 0.00 0.00 1.00 0
-3.7130 -4.4551 0.0000 0.00 0.00 1.00 0
-3.6898 -4.4582 0.0000 0.00 0.00 1.00 0
-3.6781 -4.4620 0.0000 0.00 0.00 1.00 0
-3.6650 -4.4666 0.0000 0.00 0.00 1.00 0
-3.6533 -4.4705 0.0000 0.00 0.00 1.00 0
-3.6415 -4.4745 0.0000 0.00 0.00 1.00 0
-3.6303 -4.4731 0.0000 0.00 0.00 1.00 0
-3.6178 -4.4764 0.0000 0.00 0.00 1.00 0
-3.6074 -4.4791 0.0000 0.00 0.00 1.00 0
-3.5909 -4.4820 0.0000 0.00 0.00 1.00 0
-3.5787 -4.4850 0.0000 0.00 0.00 1.00 0
-3.5702 -4.4871 0.0000 0.00 0.00 1.00 0
-3.5651 -4.4937 0.0000 0.00 0.00 1.00 0
-3.5576 -4.4961 0.0000 0.00 0.00 1.00 0
-3.5464 -4.5098 0.0000 0.00 0.00 1.00 0
-3.5360 -4.5148 0.0000 0.00 0.00 1.00 0
-3.5257 -4.5198 0.0000 0.00 0.00 1.00 0
-3.5049 -4.5334 0.0000 0.00 0.00 1.00 0
-3.4927 -4.5398 0.0000 0.00 0.00 1.00 0
-3.4706 -4.5385 0.0000 0.00 0.00 1.00 0
-3.4571 -4.5433 0.0000 0.00 0.00 1.00 0
-3.4432 -4.5483 0.0000 0.00 0.00 1.00 0
-3.4121 -4.5447 0.0000 0.00 0.00 1.00 0
-3.3954 -4.5482 0.0000 0.00 0.00 1.00 0
-3.3788 -4.5517 0.0000 0.00 0.00 1.00 0
-3.3536 -4.5497 0.0000 0.00 0.00 1.00 0
-3.3337 -4.5526 0.0000 0.00 0.00 1.00 0
-3.3156 -4.5552 0.0000 0.00 0.00 1.00 0
-3.3036 -4.5539 0.0000 0.00 0.00 1.00 0
-3.2863 -4.5560 0.0000 0.00 0.00 1.00 0
-3.2706 -4.5578 0.0000 0.00 0.00 1.00 0
-3.2685 -4.5592 0.0000 0.00 0.00 1.00 0
-3.2536 -4.5611 0.0000 0.00 0.00 1.00 0
-3.2667 -4.5618 0.0000 0.00 0.00 1.00 0
-3.2569 -4.5635 0.0000 0.00 0.00 1.00 0
-3.2468 -4.5652 0.0000 0.00 0.00 1.00 0
-3.2593 -4.5621 0.0000 0.00 0.00 1.00 0
-3.2530 -4.5630 0.0000 0.00 0.00 1.00 0
-3.2467 -4.5639 0.0000 0.00 0.00 1.00 0
-3.2499 -4.5672 0.0000 0.00 0.00 1.00 0
-3.2452 -4.5684 0.0000 0.00 0.00 1.00 0
-3.2409 -4.5696 0.0000 0.00 0.00 1.00 0
-3.2369 -4.5774 0.0000 0.00 0.00 1.00 0
-3.2323 -4.5797 0.0000 0.00 0.00 1.00 0
-3.2219 -4.5888 0.0000 0.00 0.00 1.00 0
-3.2164 -4.5922 0.0000 0.00 0.00 1.00 0
-3.2108 -4.5956 0.0000 0.00 0.00 1.00 0
-3.1931 -4.5980 0.0000 0.00 0.00 1.00 0
-3.1856 -4.6012 0.0000 0.00 0.00 1.00 0
-3.1795 -4.6038 0.0000 0.00 0.00 1.00 0
-3.1571 -4.5964 0.0000 0.00 0.00 1.00 0
-3.1484 -4.5977 0.0000 0.00 0.00 1.00 0
-3.1264 -4.5919 0.0000 0.00 0.00 1.00 0
-3.1151 -4.5920 0.0000 0.00 0.00 1.00 0
-3.1022 -4.5922 0.0000 0.00 0.00 1.00 0
-3.0870 -4.5914 0.0000 0.00 0.00 1.00 0
-3.0748 -4.5914 0.0000 0.00 0.00 1.00 0
-3.0625 -4.5914 0.0000 0.00 0.00 1.00 0
-3.0643 -4.5920 0.0000 0.00 0.00 1.00 0
-3.0552 -4.5921 0.0000 0.00 0.00 1.00 0
-3.0443 -4.5922 0.0000 0.00 0.00 1.00 0
-3.0517 -4.5986 0.0000 0.00 0.00 1.00 0
-3.0452 -4.5995 0.0000 0.00 0.00 1.00 0
-3.0456 -4.6001 0.0000 0.00 0.00 1.00 0
-3.0396 -4.6011 0.0000 0.00 0.00 1.00 0
-3.0342 -4.6020 0.0000 0.00 0.00 1.00 0
-3.0239 -4.6020 0.0000 0.00 0.00 1.00 0
-3.0175 -4.6028 0.0000 0.00 0.00 1.00 0
-3.0109 -4.6036 0.0000 0.00 0.00 1.00 0
-2.9964 -4.6056 0.0000 0.00 0.00 1.00 0
-2.9886 -4.6066 0.0000 0.00 0.00 1.00 0
-2.9808 -4.6076 0.0000 0.00 0.00 1.00 0
-2.9605 -4.6075 0.0000 0.00 0.00 1.00 0
-2.9505 -4.6083 0.0000 0.00 0.00 1.00 0
-2.9417 -4.6090 0.0000 0.00 0.00 1.00 0
-2.9310 -4.6057 0.0000 0.00 0.00 1.00 0
-2.9210 -4.6059 0.0000 0.00 0.00 1.00 0
-2.9086 -4.6022 0.0000 0.00 0.00 1.00 0
-2.8982 -4.6017 0.0000 0.00 0.00 1.00 0
-2.8879 -4.6012 0.0000 0.00 0.00 1.00 0
-2.8808 -4.6060 0.0000 0.00 0.00 1.00 0
-2.8709 -4.6064 0.0000 0.00 0.00 1.00 0
-2.8612 -4.6068 0.0000 0.00 0.00 1.00 0
-2.8597 -4.6086 0.0000 0.00 0.00 1.00 0
-2.8513 -4.6092 0.0000 0.00 0.00 1.00 0
-2.8450 -4.6083 0.0000 0.00 0.00 1.00 0
-2.8370 -4.6086 0.0000 0.00 0.00 1.00 0
-2.8288 -4.6090 0.0000 0.00 0.00 1.00 0
-2.8191 -4.6125 0.0000 0.00 0.00 1.00 0
-2.8108 -4.6133 0.0000 0.00 0.00 1.00 0
-2.8024 -4.6142 0.0000 0.00 0.00 1.00 0
-2.7870 -4.6145 0.0000 0.00 0.00 1.00 0
-2.7777 -4.6152 0.0000 0.00 0.00 1.00 0
-2.7681 -4.6160 0.0000 0.00 0.00 1.00 0
-2.7543 -4.6102 0.0000 0.00 0.00 1.00 0
-2.7443 -4.6100 0.0000 0.00 0.00 1.00 0
-2.7363 -4.6098 0.0000 0.00 0.00 1.00 0
-2.7257 -4.6080 0.0000 0.00 0.00 1.00 0
-2.7160 -4.6075 0.0000 0.00 0.00 1.00 0
-2.7067 -4.6054 0.0000 0.00 0.00 1.00 0
-2.6968 -4.6046 0.0000 0.00 0.00 1.00 0
-2.6871 -4.6038 0.0000 0.00 0.00 1.00 0
-2.6858 -4.6077 0.0000 0.00 0.00 1.00 0
-2.6774 -4.6076 0.0000 0.00 0.00 1.00 0
-2.6691 -4.6076 0.0000 0.00 0.00 1.00 0
-2.6641 -4.6086 0.0000 0.00 0.00 1.00 0
-2.6561 -4.6088 0.0000 0.00 0.00 1.00 0
-2.6395 -4.6067 0.0000 0.00 0.00 1.00 0
-2.6309 -4.6065 0.0000 0.00 0.00 1.00 0
-2.6215 -4.6062 0.0000 0.00 0.00 1.00 0
-2.6025 -4.6097 0.0000 0.00 0.00 1.00 0
-2.5926 -4.6101 0.0000 0.00 0.00 1.00 0
-2.5807 -4.6105 0.0000 0.00 0.00 1.00 0
-2.5689 -4.6093 0.0000 0.00 0.00 1.00 0
-2.5580 -4.6094 0.0000 0.00 0.00 1.00 0
-2.5468 -4.6096 0.0000 0.00 0.00 1.00 0
-2.5399 -4.6065 0.0000 0.00 0.00 1.00 0
-2.5295 -4.6061 0.0000 0.00 0.00 1.00 0
-2.5235 -4.6022 0.0000 0.00 0.00 1.00 0
-2.5140 -4.6012 0.0000 0.00 0.00 1.00 0
-2.5044 -4.6002 0.0000 0.00 0.00 1.00 0
-2.4932 -4.5984 0.0000 0.00 0.00 1.00 0
-2.4828 -4.5972 0.0000 0.00 0.00 1.00 0
-2.4729 -4.5961 0.0000 0.00 0.00 1.00 0
-2.4624 -4.5941 0.0000 0.00 0.00 1.00 0
-2.4526 -4.5929 0.0000 0.00 0.00 1.00 0
-2.4426 -4.5916 0.0000 0.00 0.00 1.00 0
-2.4314 -4.5898 0.0000 0.00 0.00 1.00 0
-2.4211 -4.5885 0.0000 0.00 0.00 1.00 0
-2.4061 -4.5893 0.0000 0.00 0.00 1.00 0
-2.3949 -4.5883 0.0000 0.00 0.00 1.00 0
-2.3840 -4.5873 0.0000 0.00 0.00 1.00 0
-2.3728 -4.5889 0.0000 0.00 0.00 1.00 0
-2.3618 -4.5884 0.0000 0.00 0.00 1.00 0
-2.3507 -4.5879 0.0000 0.00 0.00 1.00 0
-2.3493 -4.5902 0.0000 0.00 0.00 1.00 0
-2.3398 -4.5902 0.0000 0.00 0.00 1.00 0
-2.3304 -4.5901 0.0000 0.00 0.00 1.00 0
-2.3270 -4.5880 0.0000 0.00 0.00 1.00 0
-2.3201 -4.5877 0.0000 0.00 0.00 1.00 0
-2.3058 -4.5892 0.0000 0.00 0.00 1.00 0
-2.2976 -4.5891 0.0000 0.00 0.00 1.00 0
-2.2875 -4.5891 0.0000 0.00 0.00 1.00 0
-2.2710 -4.5842 0.0000 0.00 0.00 1.00 0
-2.2606 -4.5833 0.0000 0.00 0.00 1.00 0
-2.2512 -4.5826 0.0000 0.00 0.00 1.00 0
-2.2271 -4.5779 0.0000 0.00 0.00 1.00 0
-2.2145 -4.5764 0.0000 0.00 0.00 1.00 0
-2.2020 -4.5750 0.0000 0.00 0.00 1.00 0
-2.1851 -4.5719 0.0000 0.00 0.00 1.00 0
-2.1719 -4.5701 0.0000 0.00 0.00 1.00 0
-2.1575 -4.5643 0.0000 0.00 0.00 1.00 0
-2.1441 -4.5619 0.0000 0.00 0.00 1.00 0
-2.1306 -4.5594 0.0000 0.00 0.00 1.00 0
-2.1298 -4.5556 0.0000 0.00 0.00 1.00 0
-2.1186 -4.5529 0.0000 0.00 0.00 1.00 0
-2.1073 -4.5502 0.0000 0.00 0.00 1.00 0
-2.1071 -4.5532 0.0000 0.00 0.00 1.00 0
-2.0976 -4.5514 0.0000 0.00 0.00 1.00 0
-2.0881 -4.5496 0.0000 0.00 0.00 1.00 0
-2.0761 -4.5551 0.0000 0.00 0.00 1.00 0
-2.0663 -4.5545 0.0000 0.00 0.00 1.00 0
-2.0461 -4.5508 0.0000 0.00 0.00 1.00 0
-2.0345 -4.5496 0.0000 0.00 0.00 1.00 0
-2.0228 -4.5484 0.0000 0.00 0.00 1.00 0
-1.9977 -4.5408 0.0000 0.00 0.00 1.00 0
-1.9840 -4.5385 0.0000 0.00 0.00 1.00 0
-1.9700 -4.5362 0.0000 0.00 0.00 1.00 0
-1.9543 -4.5283 0.0000 0.00 0.00 1.00 0
-1.9403 -4.5252 0.0000 0.00 0.00 1.00 0
-1.9260 -4.5220 0.0000 0.00 0.00 1.00 0
-1.9286 -4.5204 0.0000 0.00 0.00 1.00 0
-1.9169 -4.5174 0.0000 0.00 0.00 1.00 0
-1.9056 -4.5203 0.0000 0.00 0.00 1.00 0
-1.8942 -4.5184 0.0000 0.00 0.00 1.00 0
-1.8826 -4.5165 0.0000 0.00 0.00 1.00 0
-1.8697 -4.5128 0.0000 0.00 0.00 1.00 0
-1.8579 -4.5106 0.0000 0.00 0.00 1.00 0
-1.8461 -4.5084 0.0000 0.00 0.00 1.00 0
-1.8304 -4.5019 0.0000 0.00 0.00 1.00 0
-1.8181 -4.4991 0.0000 0.00 0.00 1.00 0
-1.8071 -4.4965 0.0000 0.00 0.00 1.00 0
-1.7982 -4.4875 0.0000 0.00 0.00 1.00 0
-1.7866 -4.4837 0.0000 0.00 0.00 1.00 0
-1.7809 -4.4832 0.0000 0.00 0.00 1.00 0
-1.7702 -4.4799 0.0000 0.00 0.00 1.00 0
-1.7596 -4.4767 0.0000 0.00 0.00 1.00 0
-1.7564 -4.4796 0.0000 0.00 0.00 1.00 0
-1.7471 -4.4774 0.0000 0.00 0.00 1.00 0
-1.7377 -4.4752 0.0000 0.00 0.00 1.00 0
-1.7221 -4.4694 0.0000 0.00 0.00 1.00 0
-1.7118 -4.4667 0.0000 0.00 0.00 1.00 0
-1.7012 -4.4638 0.0000 0.00 0.00 1.00 0
-1.6824 -4.4546 0.0000 0.00 0.00 1.00 0
-1.6708 -4.4508 0.0000 0.00 0.00 1.00 0
-1.6496 -4.4447 0.0000 0.00 0.00 1.00 0
-1.6365 -4.4406 0.0000 0.00 0.00 1.00 0
-1.6231 -4.4363 0.0000 0.00 0.00 1.00 0
-1.6127 -4.4275 0.0000 0.00 0.00 1.00 0
-1.6001 -4.4226 0.0000 0.00 0.00 1.00 0
-1.5871 -4.4175 0.0000 0.00 0.00 1.00 0
-1.5920 -4.4133 0.0000 0.00 0.00 1.00 0
-1.5821 -4.4085 0.0000 0.00 0.00 1.00 0
-1.5722 -4.4036 0.0000 0.00 0.00 1.00 0
-1.5688 -4.4068 0.0000 0.00 0.00 1.00 0
-1.5598 -4.4032 0.0000 0.00 0.00 1.00 0
-1.5496 -4.4026 0.0000 0.00 0.00 1.00 0
-1.5412 -4.3998 0.0000 0.00 0.00 1.00 0
-1.5321 -4.3967 0.0000 0.00 0.00 1.00 0
-1.5163 -4.3916 0.0000 0.00 0.00 1.00 0
-1.5061 -4.3882 0.0000 0.00 0.00 1.00 0
-1.4956 -4.3847 0.0000 0.00 0.00 1.00 0
-1.4858 -4.3729 0.0000 0.00 0.00 1.00 0
-1.4756 -4.3681 0.0000 0.00 0.00 1.00 0
-1.4655 -4.3634 0.0000 0.00 0.00 1.00 0
-1.4547 -4.3617 0.0000 0.00 0.00 1.00 0
-1.4443 -4.3574 0.0000 0.00 0.00 1.00 0
-1.4362 -4.3540 0.0000 0.00 0.00 1.00 0
-1.4185 -4.3526 0.0000 0.00 0.00 1.00 0
-1.4063 -4.3485 0.0000 0.00 0.00 1.00 0
-1.3942 -4.3404 0.0000 0.00 0.00 1.00 0
-1.3841 -4.3364 0.0000 0.00 0.00 1.00 0
-1.3726 -4.3319 0.0000 0.00 0.00 1.00 0
-1.3584 -4.3160 0.0000 0.00 0.00 1.00 0
-1.3454 -4.3089 0.0000 0.00 0.00 1.00 0
-1.3347 -4.3032 0.0000 0.00 0.00 1.00 0
-1.3216 -4.2953 0.0000 0.00 0.00 1.00 0
-1.3098 -4.2889 0.0000 0.00 0.00 1.00 0
-1.3044 -4.2900 0.0000 0.00 0.00 1.00 0
-1.2937 -4.2848 0.0000 0.00 0.00 1.00 0
-1.2819 -4.2791 0.0000 0.00 0.00 1.00 0
-1.2743 -4.2802 0.0000 0.00 0.00 1.00 0
-1.2640 -4.2761 0.0000 0.00 0.00 1.00 0
-1.2537 -4.2719 0.0000 0.00 0.00 1.00 0
-1.2415 -4.2632 0.0000 0.00 0.00 1.00 0
-1.2329 -4.2592 0.0000 0.00 0.00 1.00 0
-1.2209 -4.2536 0.0000 0.00 0.00 1.00 0
-1.2075 -4.2388 0.0000 0.00 0.00 1.00 0
-1.1965 -4.2323 0.0000 0.00 0.00 1.00 0
-1.1887 -4.2278 0.0000 0.00 0.00 1.00 0
-1.1750 -4.2138 0.0000 0.00 0.00 1.00 0
-1.1667 -4.2083 0.0000 0.00 0.00 1.00 0
-1.1579 -4.2061 0.0000 0.00 0.00 1.00 0
-1.1477 -4.1999 0.0000 0.00 0.00 1.00 0
-1.1375 -4.1937 0.0000 0.00 0.00 1.00 0
-1.1266 -4.1952 0.0000 0.00 0.00 1.00 0
-1.1164 -4.1903 0.0000 0.00 0.00 1.00 0
-1.1059 -4.1852 0.0000 0.00 0.00 1.00 0
-1.0967 -4.1762 0.0000 0.00 0.00 1.00 0
-1.0864 -4.1705 0.0000 0.00 0.00 1.00 0
-1.0733 -4.1611 0.0000 0.00 0.00 1.00 0
-1.0625 -4.1547 0.0000 0.00 0.00 1.00 0
-1.0520 -4.1486 0.0000 0.00 0.00 1.00 0
-1.0399 -4.1367 0.0000 0.00 0.00 1.00 0
-1.0291 -4.1296 0.0000 0.00 0.00 1.00 0
-1.0181 -4.1224 0.0000 0.00 0.00 1.00 0
-1.0139 -4.1242 0.0000 0.00 0.00 1.00 0
-1.0041 -4.1185 0.0000 0.00 0.00 1.00 0
-0.9943 -4.1128 0.0000 0.00 0.00 1.00 0
-0.9906 -4.1127 0.0000 0.00 0.00 1.00 0
-0.9817 -4.1078 0.0000 0.00 0.00 1.00 0
-0.9807 -4.1025 0.0000 0.00 0.00 1.00 0
-0.9723 -4.0970 0.0000 0.00 0.00 1.00 0
-0.9654 -4.0925 0.0000 0.00 0.00 1.00 0
-0.9542 -4.0797 0.0000 0.00 0.00 1.00 0
-0.9460 -4.0735 0.0000 0.00 0.00 1.00 0
-0.9378 -4.0672 0.0000 0.00 0.00 1.00 0
-0.9198 -4.0513 0.0000 0.00 0.00 1.00 0
-0.9101 -4.0435 0.0000 0.00 0.00 1.00 0
-0.9015 -4.0366 0.0000 0.00 0.00 1.00 0
-0.8876 -4.0324 0.0000 0.00 0.00 1.00 0
-0.8772 -4.0252 0.0000 0.00 0.00 1.00 0
-0.8694 -4.0260 0.0000 0.00 0.00 1.00 0
-0.8595 -4.0201 0.0000 0.00 0.00 1.00 0
-0.8496 -4.0143 0.0000 0.00 0.00 1.00 0
-0.8440 -4.0069 0.0000 0.00 0.00 1.00 0
-0.8350 -4.0010 0.0000 0.00 0.00 1.00 0
-0.8258 -3.9949 0.0000 0.00 0.00 1.00 0
-0.8163 -3.9837 0.0000 0.00 0.00 1.00 0
-0.8071 -3.9768 0.0000 0.00 0.00 1.00 0
-0.7977 -3.9698 0.0000 0.00 0.00 1.00 0
-0.7855 -3.9547 0.0000 0.00 0.00 1.00 0
-0.7759 -3.9466 0.0000 0.00 0.00 1.00 0
-0.7664 -3.9370 0.0000 0.00 0.00 1.00 0
-0.7566 -3.9285 0.0000 0.00 0.00 1.00 0
-0.7467 -3.9198 0.0000 0.00 0.00 1.00 0
-0.7367 -3.9140 0.0000 0.00 0.00 1.00 0
-0.7271 -3.9060 0.0000 0.00 0.00 1.00 0
-0.7172 -3.8979 0.0000 0.00 0.00 1.00 0
-0.7114 -3.8929 0.0000 0.00 0.00 1.00 0
-0.7022 -3.8852 0.0000 0.00 0.00 1.00 0
-0.6932 -3.8779 0.0000 0.00 0.00 1.00 0
-0.6864 -3.8707 0.0000 0.00 0.00 1.00 0
-0.6776 -3.8633 0.0000 0.00 0.00 1.00 0
-0.6705 -3.8572 0.0000 0.00 0.00 1.00 0
-0.6574 -3.8478 0.0000 0.00 0.00 1.00 0
-0.6482 -3.8403 0.0000 0.00 0.00 1.00 0
-0.6427 -3.8284 0.0000 0.00 0.00 1.00 0
-0.6340 -3.8200 0.0000 0.00 0.00 1.00 0
-0.6246 -3.8109 0.0000 0.00 0.00 1.00 0
-0.6148 -3.8075 0.0000 0.00 0.00 1.00 0
-0.6086 -3.8022 0.0000 0.00 0.00 1.00 0
-0.6016 -3.8000 0.0000 0.00 0.00 1.00 0
-0.5934 -3.7937 0.0000 0.00 0.00 1.00 0
-0.5853 -3.7875 0.0000 0.00 0.00 1.00 0
-0.5805 -3.7838 0.0000 0.00 0.00 1.00 0
-0.5732 -3.7731 0.0000 0.00 0.00 1.00 0
-0.5695 -3.7698 0.0000 0.00 0.00 1.00 0
-0.5528 -3.7457 0.0000 0.00 0.00 1.00 0
-0.5442 -3.7366 0.0000 0.00 0.00 1.00 0
-0.5359 -3.7277 0.0000 0.00 0.00 1.00 0
-0.5238 -3.7093 0.0000 0.00 0.00 1.00 0
-0.5148 -3.6988 0.0000 0.00 0.00 1.00 0
-0.5059 -3.6885 0.0000 0.00 0.00 1.00 0
-0.5077 -3.6827 0.0000 0.00 0.00 1.00 0
-0.5003 -3.6729 0.0000 0.00 0.00 1.00 0
-0.5069 -3.6789 0.0000 0.00 0.00 1.00 0
-0.5019 -3.6719 0.0000 0.00 0.00 1.00 0
-0.4970 -3.6649 0.0000 0.00 0.00 1.00 0
-0.5071 -3.6805 0.0000 0.00 0.00 1.00 0
-0.5047 -3.6773 0.0000 0.00 0.00 1.00 0
-0.5023 -3.6741 0.0000 0.00 0.00 1.00 0
-0.5077 -3.6817 0.0000 0.00 0.00 1.00 0
-0.5065 -3.6802 0.0000 0.00 0.00 1.00 0
-0.5054 -3.6787 0.0000 0.00 0.00 1.00 0
-0.4936 -3.6693 0.0000 0.00 0.00 1.00 0
-0.4908 -3.6666 0.0000 0.00 0.00 1.00 0
-0.4723 -3.6455 0.0000 0.00 0.00 1.00 0
-0.4669 -3.6397 0.0000 0.00 0.00 1.00 0
-0.4613 -3.6337 0.0000 0.00 0.00 1.00 0
-0.4450 -3.6189 0.0000 0.00 0.00 1.00 0
-0.4377 -3.6116 0.0000 0.00 0.00 1.00 0
-0.4304 -3.6043 0.0000 0.00 0.00 1.00 0
-0.4205 -3.5972 0.0000 0.00 0.00 1.00 0
-0.4125 -3.5896 0.0000 0.00 0.00 1.00 0
-0.4103 -3.5857 0.0000 0.00 0.00 1.00 0
-0.4036 -3.5790 0.0000 0.00 0.00 1.00 0
-0.3968 -3.5723 0.0000 0.00 0.00 1.00 0
-0.3970 -3.5693 0.0000 0.00 0.00 1.00 0
-0.3914 -3.5631 0.0000 0.00 0.00 1.00 0
-0.3858 -3.5570 0.0000 0.00 0.00 1.00 0
-0.3798 -3.5432 0.0000 0.00 0.00 1.00 0
-0.3742 -3.5359 0.0000 0.00 0.00 1.00 0
-0.3686 -3.5286 0.0000 0.00 0.00 1.00 0
-0.3601 -3.5169 0.0000 0.00 0.00 1.00 0
-0.3540 -3.5090 0.0000 0.00 0.00 1.00 0
-0.3486 -3.5018 0.0000 0.00 0.00 1.00 0
-0.3470 -3.5017 0.0000 0.00 0.00 1.00 0
-0.3417 -3.4949 0.0000 0.00 0.00 1.00 0
-0.3423 -3.5010 0.0000 0.00 0.00 1.00 0
-0.3385 -3.4970 0.0000 0.00 0.00 1.00 0
-0.3337 -3.4921 0.0000 0.00 0.00 1.00 0
-0.3275 -3.4887 0.0000 0.00 0.00 1.00 0
-0.3233 -3.4849 0.0000 0.00 0.00 1.00 0
-0.3183 -3.4801 0.0000 0.00 0.00 1.00 0
-0.3123 -3.4726 0.0000 0.00 0.00 1.00 0
-0.3074 -3.4677 0.0000 0.00 0.00 1.00 0
-0.3025 -3.4628 0.0000 0.00 0.00 1.00 0
-0.2943 -3.4480 0.0000 0.00 0.00 1.00 0
-0.2890 -3.4417 0.0000 0.00 0.00 1.00 0
-0.2882 -3.4308 0.0000 0.00 0.00 1.00 0
-0.2842 -3.4246 0.0000 0.00 0.00 1.00 0
-0.2792 -3.4167 0.0000 0.00 0.00 1.00 0
-0.2785 -3.4118 0.0000 0.00 0.00 1.00 0
-0.2749 -3.4057 0.0000 0.00 0.00 1.00 0
-0.2706 -3.3984 0.0000 0.00 0.00 1.00 0
-0.2684 -3.3994 0.0000 0.00 0.00 1.00 0
-0.2648 -3.3939 0.0000 0.00 0.00 1.00 0
-0.2618 -3.3894 0.0000 0.00 0.00 1.00 0
-0.2514 -3.3825 0.0000 0.00 0.00 1.00 0
-0.2469 -3.3770 0.0000 0.00 0.00 1.00 0
-0.2437 -3.3731 0.0000 0.00 0.00 1.00 0
-0.2348 -3.3641 0.0000 0.00 0.00 1.00 0
-0.2298 -3.3582 0.0000 0.00 0.00 1.00 0
-0.2232 -3.3427 0.0000 0.00 0.00 1.00 0
-0.2180 -3.3353 0.0000 0.00 0.00 1.00 0
-0.2127 -3.3279 0.0000 0.00 0.00 1.00 0
-0.2155 -3.3233 0.0000 0.00 0.00 1.00 0
-0.2115 -3.3164 0.0000 0.00 0.00 1.00 0
-0.2076 -3.3094 0.0000 0.00 0.00 1.00 0
-0.2062 -3.3128 0.0000 0.00 0.00 1.00 0
-0.2027 -3.3074 0.0000 0.00 0.00 1.00 0
-0.1969 -3.3022 0.0000 0.00 0.00 1.00 0
-0.1931 -3.2970 0.0000 0.00 0.00 1.00 0
-0.1891 -3.2915 0.0000 0.00 0.00 1.00 0
-0.1819 -3.2845 0.0000 0.00 0.00 1.00 0
-0.1774 -3.2790 0.0000 0.00 0.00 1.00 0
-0.1729 -3.2733 0.0000 0.00 0.00 1.00 0
-0.1649 -3.2578 0.0000 0.00 0.00 1.00 0
-0.1598 -3.2506 0.0000 0.00 0.00 1.00 0
-0.1578 -3.2348 0.0000 0.00 0.00 1.00 0
-0.1535 -3.2267 0.0000 0.00 0.00 1.00 0
-0.1491 -3.2182 0.0000 0.00 0.00 1.00 0
-0.1444 -3.2182 0.0000 0.00 0.00 1.00 0
-0.1398 -3.2110 0.0000 0.00 0.00 1.00 0
-0.1351 -3.2036 0.0000 0.00 0.00 1.00 0
-0.1322 -3.2053 0.0000 0.00 0.00 1.00 0
-0.1280 -3.1997 0.0000 0.00 0.00 1.00 0
-0.1237 -3.1940 0.0000 0.00 0.00 1.00 0
-0.1212 -3.1821 0.0000 0.00 0.00 1.00 0
-0.1176 -3.1761 0.0000 0.00 0.00 1.00 0
-0.1133 -3.1687 0.0000 0.00 0.00 1.00 0
-0.1079 -3.1494 0.0000 0.00 0.00 1.00 0
-0.1034 -3.1400 0.0000 0.00 0.00 1.00 0
-0.0943 -3.1229 0.0000 0.00 0.00 1.00 0
-0.0898 -3.1138 0.0000 0.00 0.00 1.00 0
-0.0848 -3.1038 0.0000 0.00 0.00 1.00 0
-0.0765 -3.0863 0.0000 0.00 0.00 1.00 0
-0.0716 -3.0763 0.0000 0.00 0.00 1.00 0
-0.0656 -3.0641 0.0000 0.00 0.00 1.00 0
-0.0677 -3.0606 0.0000 0.00 0.00 1.00 0
-0.0638 -3.0517 0.0000 0.00 0.00 1.00 0
-0.0643 -3.0529 0.0000 0.00 0.00 1.00 0
-0.0613 -3.0460 0.0000 0.00 0.00 1.00 0
-0.0579 -3.0381 0.0000 0.00 0.00 1.00 0
-0.0556 -3.0327 0.0000 0.00 0.00 1.00 0
-0.0512 -3.0309 0.0000 0.00 0.00 1.00 0
-0.0479 -3.0244 0.0000 0.00 0.00 1.00 0
-0.0426 -3.0179 0.0000 0.00 0.00 1.00 0
-0.0389 -3.0114 0.0000 0.00 0.00 1.00 0
-0.0353 -3.0050 0.0000 0.00 0.00 1.00 0
-0.0255 -2.9886 0.0000 0.00 0.00 1.00 0
-0.0209 -2.9806 0.0000 0.00 0.00 1.00 0
-0.0172 -2.9740 0.0000 0.00 0.00 1.00 0
-0.0141 -2.9671 0.0000 0.00 0.00 1.00 0
-0.0098 -2.9594 0.0000 0.00 0.00 1.00 0
-0.0058 -2.9565 0.0000 0.00 0.00 1.00 0
-0.0023 -2.9509 0.0000 0.00 0.00 1.00 0
0.0027 -2.9428 0.0000 0.00 0.00 1.00 0
0.0028 -2.9398 0.0000 0.00 0.00 1.00 0
0.0065 -2.9335 0.0000 0.00 0.00 1.00 0
0.0100 -2.9273 0.0000 0.00 0.00 1.00 0
0.0135 -2.9186 0.0000 0.00 0.00 1.00 0
0.0172 -2.9117 0.0000 0.00 0.00 1.00 0
0.0187 -2.8996 0.0000 0.00 0.00 1.00 0
0.0217 -2.8926 0.0000 0.00 0.00 1.00 0
0.0252 -2.8843 0.0000 0.00 0.00 1.00 0
0.0274 -2.8725 0.0000 0.00 0.00 1.00 0
0.0305 -2.8641 0.0000 0.00 0.00 1.00 0
0.0336 -2.8555 0.0000 0.00 0.00 1.00 0
0.0375 -2.8466 0.0000 0.00 0.00 1.00 0
0.0408 -2.8381 0.0000 0.00 0.00 1.00 0
0.0440 -2.8295 0.0000 0.00 0.00 1.00 0
0.0527 -2.8268 0.0000 0.00 0.00 1.00 0
0.0567 -2.8193 0.0000 0.00 0.00 1.00 0
0.0602 -2.8128 0.0000 0.00 0.00 1.00 0
0.0588 -2.8056 0.0000 0.00 0.00 1.00 0
0.0616 -2.7990 0.0000 0.00 0.00 1.00 0
0.0626 -2.7880 0.0000 0.00 0.00 1.00 0
0.0656 -2.7792 0.0000 0.00 0.00 1.00 0
0.0683 -2.7714 0.0000 0.00 0.00 1.00 0
0.0681 -2.7580 0.0000 0.00 0.00 1.00 0
0.0703 -2.7492 0.0000 0.00 0.00 1.00 0
0.0726 -2.7404 0.0000 0.00 0.00 1.00 0
0.0761 -2.7356 0.0000 0.00 0.00 1.00 0
0.0786 -2.7273 0.0000 0.00 0.00 1.00 0
0.0818 -2.7226 0.0000 0.00 0.00 1.00 0
0.0844 -2.7150 0.0000 0.00 0.00 1.00 0
0.0870 -2.7073 0.0000 0.00 0.00 1.00 0
0.0889 -2.6985 0.0000 0.00 0.00 1.00 0
0.0914 -2.6906 0.0000 0.00 0.00 1.00 0
0.0939 -2.6829 0.0000 0.00 0.00 1.00 0
0.0955 -2.6649 0.0000 0.00 0.00 1.00 0
0.0978 -2.6555 0.0000 0.00 0.00 1.00 0
0.1001 -2.6461 0.0000 0.00 0.00 1.00 0
0.1031 -2.6264 0.0000 0.00 0.00 1.00 0
0.1055 -2.6154 0.0000 0.00 0.00 1.00 0
0.1072 -2.6003 0.0000 0.00 0.00 1.00 0
0.1095 -2.5885 0.0000 0.00 0.00 1.00 0
0.1119 -2.5765 0.0000 0.00 0.00 1.00 0
0.1174 -2.5714 0.0000 0.00 0.00 1.00 0
0.1202 -2.5607 0.0000 0.00 0.00 1.00 0
0.1231 -2.5499 0.0000 0.00 0.00 1.00 0
0.1256 -2.5455 0.0000 0.00 0.00 1.00 0
0.1285 -2.5358 0.0000 0.00 0.00 1.00 0
0.1313 -2.5262 0.0000 0.00 0.00 1.00 0
0.1275 -2.5171 0.0000 0.00 0.00 1.00 0
0.1293 -2.5076 0.0000 0.00 0.00 1.00 0
0.1309 -2.4989 0.0000 0.00 0.00 1.00 0
0.1327 -2.4912 0.0000 0.00 0.00 1.00 0
0.1345 -2.4819 0.0000 0.00 0.00 1.00 0
0.1339 -2.4710 0.0000 0.00 0.00 1.00 0
0.1352 -2.4619 0.0000 0.00 0.00 1.00 0
0.1365 -2.4523 0.0000 0.00 0.00 1.00 0
0.1367 -2.4461 0.0000 0.00 0.00 1.00 0
0.1380 -2.4363 0.0000 0.00 0.00 1.00 0
0.1391 -2.4280 0.0000 0.00 0.00 1.00 0
0.1436 -2.4273 0.0000 0.00 0.00 1.00 0
0.1453 -2.4198 0.0000 0.00 0.00 1.00 0
0.1467 -2.4153 0.0000 0.00 0.00 1.00 0
0.1482 -2.4089 0.0000 0.00 0.00 1.00 0
0.1498 -2.4020 0.0000 0.00 0.00 1.00 0
0.1509 -2.3970 0.0000 0.00 0.00 1.00 0
0.1498 -2.3831 0.0000 0.00 0.00 1.00 0
0.1509 -2.3754 0.0000 0.00 0.00 1.00 0
0.1519 -2.3593 0.0000 0.00 0.00 1.00 0
0.1530 -2.3502 0.0000 0.00 0.00 1.00 0
0.1541 -2.3411 0.0000 0.00 0.00 1.00 0
0.1517 -2.3270 0.0000 0.00 0.00 1.00 0
0.1523 -2.3164 0.0000 0.00 0.00 1.00 0
0.1567 -2.3082 0.0000 0.00 0.00 1.00 0
0.1579 -2.2986 0.0000 0.00 0.00 1.00 0
0.1592 -2.2890 0.0000 0.00 0.00 1.00 0
0.1600 -2.2822 0.0000 0.00 0.00 1.00 0
0.1612 -2.2730 0.0000 0.00 0.00 1.00 0
0.1624 -2.2638 0.0000 0.00 0.00 1.00 0
0.1611 -2.2542 0.0000 0.00 0.00 1.00 0
0.1618 -2.2449 0.0000 0.00 0.00 1.00 0
0.1626 -2.2358 0.0000 0.00 0.00 1.00 0
0.1595 -2.2234 0.0000 0.00 0.00 1.00 0
0.1597 -2.2138 0.0000 0.00 0.00 1.00 0
0.1598 -2.2059 0.0000 0.00 0.00 1.00 0
0.1616 -2.2007 0.0000 0.00 0.00 1.00 0
0.1620 -2.1919 0.0000 0.00 0.00 1.00 0
0.1628 -2.1907 0.0000 0.00 0.00 1.00 0
0.1633 -2.1833 0.0000 0.00 0.00 1.00 0
0.1637 -2.1759 0.0000 0.00 0.00 1.00 0
0.1641 -2.1709 0.0000 0.00 0.00 1.00 0
0.1662 -2.1618 0.0000 0.00 0.00 1.00 0
0.1669 -2.1546 0.0000 0.00 0.00 1.00 0
0.1688 -2.1418 0.0000 0.00 0.00 1.00 0
0.1697 -2.1335 0.0000 0.00 0.00 1.00 0
0.1670 -2.1191 0.0000 0.00 0.00 1.00 0
0.1672 -2.1104 0.0000 0.00 0.00 1.00 0
0.1675 -2.1012 0.0000 0.00 0.00 1.00 0
0.1676 -2.0949 0.0000 0.00 0.00 1.00 0
0.1640 -2.0737 0.0000 0.00 0.00 1.00 0
0.1637 -2.0632 0.0000 0.00 0.00 1.00 0
0.1644 -2.0500 0.0000 0.00 0.00 1.00 0
0.1642 -2.0407 0.0000 0.00 0.00 1.00 0
0.1640 -2.0275 0.0000 0.00 0.00 1.00 0
0.1633 -2.0147 0.0000 0.00 0.00 1.00 0
0.1630 -2.0036 0.0000 0.00 0.00 1.00 0
0.1628 -1.9935 0.0000 0.00 0.00 1.00 0
0.1625 -1.9817 0.0000 0.00 0.00 1.00 0
0.1623 -1.9705 0.0000 0.00 0.00 1.00 0
0.1600 -1.9601 0.0000 0.00 0.00 1.00 0
0.1594 -1.9490 0.0000 0.00 0.00 1.00 0
0.1588 -1.9379 0.0000 0.00 0.00 1.00 0
0.1594 -1.9316 0.0000 0.00 0.00 1.00 0
0.1589 -1.9201 0.0000 0.00 0.00 1.00 0
0.1585 -1.9107 0.0000 0.00 0.00 1.00 0
0.1576 -1.9024 0.0000 0.00 0.00 1.00 0
0.1571 -1.8914 0.0000 0.00 0.00 1.00 0
0.1566 -1.8823 0.0000 0.00 0.00 1.00 0
0.1563 -1.8682 0.0000 0.00 0.00 1.00 0
0.1559 -1.8575 0.0000 0.00 0.00 1.00 0
0.1554 -1.8481 0.0000 0.00 0.00 1.00 0
0.1526 -1.8369 0.0000 0.00 0.00 1.00 0
0.1518 -1.8263 0.0000 0.00 0.00 1.00 0
0.1529 -1.8179 0.0000 0.00 0.00 1.00 0
0.1525 -1.8076 0.0000 0.00 0.00 1.00 0
0.1520 -1.7974 0.0000 0.00 0.00 1.00 0
0.1506 -1.7849 0.0000 0.00 0.00 1.00 0
0.1499 -1.7747 0.0000 0.00 0.00 1.00 0
0.1489 -1.7641 0.0000 0.00 0.00 1.00 0
0.1482 -1.7538 0.0000 0.00 0.00 1.00 0
0.1475 -1.7434 0.0000 0.00 0.00 1.00 0
0.1469 -1.7351 0.0000 0.00 0.00 1.00 0
0.1473 -1.7254 0.0000 0.00 0.00 1.00 0
0.1468 -1.7156 0.0000 0.00 0.00 1.00 0
0.1488 -1.7104 0.0000 0.00 0.00 1.00 0
0.1486 -1.7013 0.0000 0.00 0.00 1.00 0
0.1485 -1.6922 0.0000 0.00 0.00 1.00 0
0.1477 -1.6877 0.0000 0.00 0.00 1.00 0
0.1475 -1.6789 0.0000 0.00 0.00 1.00 0
0.1462 -1.6650 0.0000 0.00 0.00 1.00 0
0.1458 -1.6563 0.0000 0.00 0.00 1.00 0
0.1454 -1.6470 0.0000 0.00 0.00 1.00 0
0.1451 -1.6238 0.0000 0.00 0.00 1.00 0
0.1447 -1.6124 0.0000 0.00 0.00 1.00 0
0.1442 -1.5999 0.0000 0.00 0.00 1.00 0
0.1418 -1.5747 0.0000 0.00 0.00 1.00 0
0.1411 -1.5605 0.0000 0.00 0.00 1.00 0
0.1403 -1.5464 0.0000 0.00 0.00 1.00 0
0.1352 -1.5272 0.0000 0.00 0.00 1.00 0
0.1338 -1.5125 0.0000 0.00 0.00 1.00 0
0.1329 -1.5034 0.0000 0.00 0.00 1.00 0
0.1310 -1.4788 0.0000 0.00 0.00 1.00 0
0.1296 -1.4634 0.0000 0.00 0.00 1.00 0
0.1289 -1.4508 0.0000 0.00 0.00 1.00 0
0.1276 -1.4360 0.0000 0.00 0.00 1.00 0
0.1263 -1.4209 0.0000 0.00 0.00 1.00 0
0.1281 -1.4077 0.0000 0.00 0.00 1.00 0
0.1273 -1.3932 0.0000 0.00 0.00 1.00 0
0.1265 -1.3784 0.0000 0.00 0.00 1.00 0
0.1242 -1.3679 0.0000 0.00 0.00 1.00 0
0.1232 -1.3537 0.0000 0.00 0.00 1.00 0
0.1222 -1.3396 0.0000 0.00 0.00 1.00 0
0.1202 -1.3346 0.0000 0.00 0.00 1.00 0
0.1191 -1.3221 0.0000 0.00 0.00 1.00 0
0.1159 -1.3130 0.0000 0.00 0.00 1.00 0
0.1144 -1.3011 0.0000 0.00 0.00 1.00 0
0.1129 -1.2892 0.0000 0.00 0.00 1.00 0
0.1137 -1.2794 0.0000 0.00 0.00 1.00 0
0.1126 -1.2676 0.0000 0.00 0.00 1.00 0
0.1115 -1.2561 0.0000 0.00 0.00 1.00 0
0.1101 -1.2357 0.0000 0.00 0.00 1.00 0
0.1090 -1.2226 0.0000 0.00 0.00 1.00 0
0.1078 -1.2096 0.0000 0.00 0.00 1.00 0
0.1084 -1.1953 0.0000 0.00 0.00 1.00 0
0.1075 -1.1819 0.0000 0.00 0.00 1.00 0
0.1068 -1.1714 0.0000 0.00 0.00 1.00 0
0.1082 -1.1574 0.0000 0.00 0.00 1.00 0
0.1076 -1.1444 0.0000 0.00 0.00 1.00 0
0.1033 -1.1364 0.0000 0.00 0.00 1.00 0
0.1021 -1.1242 0.0000 0.00 0.00 1.00 0
0.1010 -1.1122 0.0000 0.00 0.00 1.00 0
0.0980 -1.0946 0.0000 0.00 0.00 1.00 0
0.0964 -1.0805 0.0000 0.00 0.00 1.00 0
0.0951 -1.0687 0.0000 0.00 0.00 1.00 0
0.0887 -1.0657 0.0000 0.00 0.00 1.00 0
0.0865 -1.0542 0.0000 0.00 0.00 1.00 0
0.0860 -1.0673 0.0000 0.00 0.00 1.00 0
0.0843 -1.0608 0.0000 0.00 0.00 1.00 0
0.0824 -1.0537 0.0000 0.00 0.00 1.00 0
0.0869 -1.0668 0.0000 0.00 0.00 1.00 0
0.0861 -1.0632 0.0000 0.00 0.00 1.00 0
0.0853 -1.0595 0.0000 0.00 0.00 1.00 0
0.0916 -1.0848 0.0000 0.00 0.00 1.00 0
0.0920 -1.0858 0.0000 0.00 0.00 1.00 0
0.0924 -1.0869 0.0000 0.00 0.00 1.00 0
0.0930 -1.1087 0.0000 0.00 0.00 1.00 0
0.0934 -1.1130 0.0000 0.00 0.00 1.00 0
0.0937 -1.1169 0.0000 0.00 0.00 1.00 0
0.0986 -1.1297 0.0000 0.00 0.00 1.00 0
0.0997 -1.1352 0.0000 0.00 0.00 1.00 0
0.1019 -1.1414 0.0000 0.00 0.00 1.00 0
0.1032 -1.1471 0.0000 0.00 0.00 1.00 0
0.1045 -1.1527 0.0000 0.00 0.00 1.00 0
0.1020 -1.1505 0.0000 0.00 0.00 1.00 0
0.1026 -1.1549 0.0000 0.00 0.00 1.00 0
0.1033 -1.1592 0.0000 0.00 0.00 1.00 0
0.1015 -1.1494 0.0000 0.00 0.00 1.00 0
0.1018 -1.1515 0.0000 0.00 0.00 1.00 0
0.1020 -1.1532 0.0000 0.00 0.00 1.00 0
0.1008 -1.1425 0.0000 0.00 0.00 1.00 0
0.1009 -1.1426 0.0000 0.00 0.00 1.00 0
0.0999 -1.1330 0.0000 0.00 0.00 1.00 0
0.0998 -1.1315 0.0000 0.00 0.00 1.00 0
0.0996 -1.1300 0.0000 0.00 0.00 1.00 0
0.1009 -1.1266 0.0000 0.00 0.00 1.00 0
0.1010 -1.1248 0.0000 0.00 0.00 1.00 0
0.1011 -1.1230 0.0000 0.00 0.00 1.00 0
0.1015 -1.1189 0.0000 0.00 0.00 1.00 0
0.1017 -1.1168 0.0000 0.00 0.00 1.00 0
