-1.0808 -0.4090 0.0000 0.00 0.00 1.00 0
-1.0723 -0.6148 0.0000 0.00 0.00 1.00 0
-1.0434 -0.8181 0.0000 0.00 0.00 1.00 0
-1.0294 -1.0210 0.0000 0.00 0.00 1.00 0
-1.0224 -1.2283 0.0000 0.00 0.00 1.00 0
-1.0103 -1.4305 0.0000 0.00 0.00 1.00 0
-1.0024 -1.6349 0.0000 0.00 0.00 1.00 0
-0.9951 -1.8389 0.0000 0.00 0.00 1.00 0
-0.9820 -2.0449 0.0000 0.00 0.00 1.00 0
-0.9806 -2.2478 0.0000 0.00 0.00 1.00 0
-0.9650 -2.4522 0.0000 0.00 0.00 1.00 0
-0.9505 -2.6534 0.0000 0.00 0.00 1.00 0
-0.9378 -2.8593 0.0000 0.00 0.00 1.00 0
-0.9291 -3.0706 0.0000 0.00 0.00 1.00 0
-0.9194 -3.2808 0.0000 0.00 0.00 1.00 0
-0.9106 -3.4858 0.0000 0.00 0.00 1.00 0
-0.8955 -3.6946 0.0000 0.00 0.00 1.00 0
-0.8870 -3.9025 0.0000 0.00 0.00 1.00 0
-0.8757 -4.1093 0.0000 0.00 0.00 1.00 0
-0.8408 -4.3121 0.0000 0.00 0.00 1.00 0
-0.7965 -4.5188 0.0000 0.00 0.00 1.00 0
-0.7291 -4.7136 0.0000 0.00 0.00 1.00 0
-0.6589 -4.9020 0.0000 0.00 0.00 1.00 0
-0.5745 -5.0870 0.0000 0.00 0.00 1.00 0
-0.4481 -5.2439 0.0000 0.00 0.00 1.00 0
-0.3182 -5.4000 0.0000 0.00 0.00 1.00 0
-0.1792 -5.5521 0.0000 0.00 0.00 1.00 0
-0.0168 -5.6864 0.0000 0.00 0.00 1.00 0
0.1388 -5.8193 0.0000 0.00 0.00 1.00 0
0.3193 -5.9099 0.0000 0.00 0.00 1.00 0
0.5179 -5.9738 0.0000 0.00 0.00 1.00 0
0.7089 -6.0346 0.0000 0.00 0.00 1.00 0
0.9069 -6.0638 0.0000 0.00 0.00 1.00 0
1.1080 -6.0816 0.0000 0.00 0.00 1.00 0
1.3106 -6.0754 0.0000 0.00 0.00 1.00 0
1.5146 -6.0608 0.0000 0.00 0.00 1.00 0
1.7246 -6.0150 0.0000 0.00 0.00 1.00 0
1.9201 -5.9522 0.0000 0.00 0.00 1.00 0
2.1098 -5.8494 0.0000 0.00 0.00 1.00 0
2.2794 -5.7410 0.0000 0.00 0.00 1.00 0
2.4472 -5.6318 0.0000 0.00 0.00 1.00 0
2.6050 -5.5089 0.0000 0.00 0.00 1.00 0
2.7497 -5.3616 0.0000 0.00 0.00 1.00 0
2.8772 -5.2001 0.0000 0.00 0.00 1.00 0
3.0022 -5.0290 0.0000 0.00 0.00 1.00 0
3.1099 -4.8602 0.0000 0.00 0.00 1.00 0
3.1879 -4.6748 0.0000 0.00 0.00 1.00 0
3.2821 -4.4906 0.0000 0.00 0.00 1.00 0
3.3680 -4.3039 0.0000 0.00 0.00 1.00 0
3.4542 -4.1121 0.0000 0.00 0.00 1.00 0
3.5226 -3.9232 0.0000 0.00 0.00 1.00 0
3.5761 -3.7292 0.0000 0.00 0.00 1.00 0
3.6273 -3.5325 0.0000 0.00 0.00 1.00 0
3.6627 -3.3280 0.0000 0.00 0.00 1.00 0
3.6648 -3.1270 0.0000 0.00 0.00 1.00 0
3.6567 -2.9221 0.0000 0.00 0.00 1.00 0
3.6450 -2.7169 0.0000 0.00 0.00 1.00 0
3.6300 -2.5169 0.0000 0.00 0.00 1.00 0
3.5947 -2.3140 0.0000 0.00 0.00 1.00 0
3.5380 -2.1100 0.0000 0.00 0.00 1.00 0
3.4726 -1.9134 0.0000 0.00 0.00 1.00 0
3.3947 -1.7246 0.0000 0.00 0.00 1.00 0
3.2955 -1.5412 0.0000 0.00 0.00 1.00 0
3.1886 -1.3710 0.0000 0.00 0.00 1.00 0
3.0697 -1.1996 0.0000 0.00 0.00 1.00 0
2.9410 -1.0364 0.0000 0.00 0.00 1.00 0
2.8022 -0.8903 0.0000 0.00 0.00 1.00 0
2.6455 -0.7424 0.0000 0.00 0.00 1.00 0
2.4784 -0.6160 0.0000 0.00 0.00 1.00 0
2.3027 -0.5119 0.0000 0.00 0.00 1.00 0
2.1274 -0.4083 0.0000 0.00 0.00 1.00 0
1.9534 -0.3063 0.0000 0.00 0.00 1.00 0
1.7739 -0.2086 0.0000 0.00 0.00 1.00 0
1.5662 -0.1556 0.0000 0.00 0.00 1.00 0
1.3599 -0.1084 0.0000 0.00 0.00 1.00 0
1.1550 -0.0830 0.0000 0.00 0.00 1.00 0
0.9546 -0.0869 0.0000 0.00 0.00 1.00 0
0.7482 -0.0887 0.0000 0.00 0.00 1.00 0
0.5458 -0.0810 0.0000 0.00 0.00 1.00 0
0.3441 -0.0890 0.0000 0.00 0.00 1.00 0
0.1417 -0.1073 0.0000 0.00 0.00 1.00 0
