-1.0808 -0.4090 0.0000 0.00 0.00 1.00 0
-1.0716 -0.5154 0.0000 0.00 0.00 1.00 0
-1.0713 -0.6166 0.0000 0.00 0.00 1.00 0
-1.0537 -0.7206 0.0000 0.00 0.00 1.00 0
-1.0392 -0.8263 0.0000 0.00 0.00 1.00 0
-1.0363 -0.9319 0.0000 0.00 0.00 1.00 0
-1.0302 -1.0388 0.0000 0.00 0.00 1.00 0
-1.0217 -1.1446 0.0000 0.00 0.00 1.00 0
-1.0211 -1.2515 0.0000 0.00 0.00 1.00 0
-1.0237 -1.3567 0.0000 0.00 0.00 1.00 0
-1.0048 -1.4557 0.0000 0.00 0.00 1.00 0
-1.0077 -1.5596 0.0000 0.00 0.00 1.00 0
-0.9985 -1.6619 0.0000 0.00 0.00 1.00 0
-0.9961 -1.7633 0.0000 0.00 0.00 1.00 0
-0.9925 -1.8829 0.0000 0.00 0.00 1.00 0
-0.9876 -1.9909 0.0000 0.00 0.00 1.00 0
-0.9805 -2.0931 0.0000 0.00 0.00 1.00 0
-0.9824 -2.1990 0.0000 0.00 0.00 1.00 0
-0.9734 -2.3063 0.0000 0.00 0.00 1.00 0
-0.9612 -2.4114 0.0000 0.00 0.00 1.00 0
-0.9619 -2.5203 0.0000 0.00 0.00 1.00 0
-0.9503 -2.6248 0.0000 0.00 0.00 1.00 0
-0.9450 -2.7323 0.0000 0.00 0.00 1.00 0
-0.9381 -2.8353 0.0000 0.00 0.00 1.00 0
-0.9391 -2.9382 0.0000 0.00 0.00 1.00 0
-0.9323 -3.0452 0.0000 0.00 0.00 1.00 0
-0.9237 -3.1475 0.0000 0.00 0.00 1.00 0
-0.9203 -3.2495 0.0000 0.00 0.00 1.00 0
-0.9152 -3.3568 0.0000 0.00 0.00 1.00 0
-0.9102 -3.4588 0.0000 0.00 0.00 1.00 0
-0.9029 -3.5596 0.0000 0.00 0.00 1.00 0
-0.8952 -3.6606 0.0000 0.00 0.00 1.00 0
-0.8887 -3.7655 0.0000 0.00 0.00 1.00 0
-0.8851 -3.8723 0.0000 0.00 0.00 1.00 0
-0.8768 -3.9999 0.0000 0.00 0.00 1.00 0
-0.8758 -4.1013 0.0000 0.00 0.00 1.00 0
-0.8575 -4.2183 0.0000 0.00 0.00 1.00 0
-0.8382 -4.3268 0.0000 0.00 0.00 1.00 0
-0.8328 -4.4288 0.0000 0.00 0.00 1.00 0
-0.7917 -4.5336 0.0000 0.00 0.00 1.00 0
-0.7721 -4.6317 0.0000 0.00 0.00 1.00 0
-0.7342 -4.7255 0.0000 0.00 0.00 1.00 0
-0.7061 -4.8215 0.0000 0.00 0.00 1.00 0
-0.6569 -4.9105 0.0000 0.00 0.00 1.00 0
-0.6083 -5.0109 0.0000 0.00 0.00 1.00 0
-0.5658 -5.1018 0.0000 0.00 0.00 1.00 0
-0.4989 -5.1766 0.0000 0.00 0.00 1.00 0
-0.4328 -5.2606 0.0000 0.00 0.00 1.00 0
-0.3632 -5.3561 0.0000 0.00 0.00 1.00 0
-0.2914 -5.4348 0.0000 0.00 0.00 1.00 0
-0.2143 -5.5017 0.0000 0.00 0.00 1.00 0
-0.1450 -5.5767 0.0000 0.00 0.00 1.00 0
-0.0672 -5.6478 0.0000 0.00 0.00 1.00 0
0.0164 -5.7137 0.0000 0.00 0.00 1.00 0
0.1009 -5.7679 0.0000 0.00 0.00 1.00 0
0.1716 -5.8422 0.0000 0.00 0.00 1.00 0
0.2618 -5.8883 0.0000 0.00 0.00 1.00 0
0.3617 -5.9204 0.0000 0.00 0.00 1.00 0
0.4643 -5.9584 0.0000 0.00 0.00 1.00 0
0.5594 -5.9896 0.0000 0.00 0.00 1.00 0
0.6564 -6.0172 0.0000 0.00 0.00 1.00 0
0.7547 -6.0378 0.0000 0.00 0.00 1.00 0
0.8529 -6.0587 0.0000 0.00 0.00 1.00 0
0.9522 -6.0736 0.0000 0.00 0.00 1.00 0
1.0609 -6.0796 0.0000 0.00 0.00 1.00 0
1.1667 -6.0785 0.0000 0.00 0.00 1.00 0
1.2750 -6.0824 0.0000 0.00 0.00 1.00 0
1.3904 -6.0724 0.0000 0.00 0.00 1.00 0
1.4909 -6.0544 0.0000 0.00 0.00 1.00 0
1.5944 -6.0389 0.0000 0.00 0.00 1.00 0
1.7056 -6.0197 0.0000 0.00 0.00 1.00 0
1.8104 -5.9846 0.0000 0.00 0.00 1.00 0
1.9090 -5.9541 0.0000 0.00 0.00 1.00 0
1.9994 -5.9085 0.0000 0.00 0.00 1.00 0
2.0907 -5.8651 0.0000 0.00 0.00 1.00 0
2.1893 -5.8150 0.0000 0.00 0.00 1.00 0
2.2729 -5.7460 0.0000 0.00 0.00 1.00 0
2.3630 -5.6976 0.0000 0.00 0.00 1.00 0
2.4472 -5.6318 0.0000 0.00 0.00 1.00 0
2.5297 -5.5609 0.0000 0.00 0.00 1.00 0
2.6215 -5.4877 0.0000 0.00 0.00 1.00 0
2.6897 -5.4129 0.0000 0.00 0.00 1.00 0
2.7666 -5.3388 0.0000 0.00 0.00 1.00 0
2.8389 -5.2623 0.0000 0.00 0.00 1.00 0
2.8998 -5.1755 0.0000 0.00 0.00 1.00 0
2.9581 -5.0870 0.0000 0.00 0.00 1.00 0
3.0200 -4.9940 0.0000 0.00 0.00 1.00 0
3.0768 -4.9093 0.0000 0.00 0.00 1.00 0
3.1294 -4.8184 0.0000 0.00 0.00 1.00 0
3.1567 -4.7211 0.0000 0.00 0.00 1.00 0
3.2117 -4.6324 0.0000 0.00 0.00 1.00 0
3.2594 -4.5356 0.0000 0.00 0.00 1.00 0
3.3057 -4.4379 0.0000 0.00 0.00 1.00 0
3.3438 -4.3450 0.0000 0.00 0.00 1.00 0
3.3959 -4.2529 0.0000 0.00 0.00 1.00 0
3.4293 -4.1575 0.0000 0.00 0.00 1.00 0
3.4788 -4.0625 0.0000 0.00 0.00 1.00 0
3.5035 -3.9597 0.0000 0.00 0.00 1.00 0
3.5387 -3.8598 0.0000 0.00 0.00 1.00 0
3.5593 -3.7612 0.0000 0.00 0.00 1.00 0
3.5983 -3.6609 0.0000 0.00 0.00 1.00 0
3.6255 -3.5606 0.0000 0.00 0.00 1.00 0
3.6341 -3.4448 0.0000 0.00 0.00 1.00 0
3.6611 -3.3361 0.0000 0.00 0.00 1.00 0
3.6673 -3.2335 0.0000 0.00 0.00 1.00 0
3.6648 -3.1270 0.0000 0.00 0.00 1.00 0
3.6639 -3.0160 0.0000 0.00 0.00 1.00 0
3.6561 -2.9138 0.0000 0.00 0.00 1.00 0
3.6541 -2.8111 0.0000 0.00 0.00 1.00 0
3.6439 -2.7058 0.0000 0.00 0.00 1.00 0
3.6452 -2.6016 0.0000 0.00 0.00 1.00 0
3.6242 -2.4975 0.0000 0.00 0.00 1.00 0
3.6110 -2.3876 0.0000 0.00 0.00 1.00 0
3.5891 -2.2892 0.0000 0.00 0.00 1.00 0
3.5586 -2.1857 0.0000 0.00 0.00 1.00 0
3.5226 -2.0719 0.0000 0.00 0.00 1.00 0
3.5048 -1.9716 0.0000 0.00 0.00 1.00 0
3.4538 -1.8762 0.0000 0.00 0.00 1.00 0
3.4206 -1.7783 0.0000 0.00 0.00 1.00 0
3.3757 -1.6825 0.0000 0.00 0.00 1.00 0
3.3249 -1.5815 0.0000 0.00 0.00 1.00 0
3.2636 -1.5002 0.0000 0.00 0.00 1.00 0
3.2199 -1.4098 0.0000 0.00 0.00 1.00 0
3.1553 -1.3310 0.0000 0.00 0.00 1.00 0
3.1030 -1.2366 0.0000 0.00 0.00 1.00 0
3.0311 -1.1625 0.0000 0.00 0.00 1.00 0
2.9790 -1.0768 0.0000 0.00 0.00 1.00 0
2.9022 -1.0041 0.0000 0.00 0.00 1.00 0
2.8258 -0.9117 0.0000 0.00 0.00 1.00 0
2.7460 -0.8476 0.0000 0.00 0.00 1.00 0
2.6860 -0.7673 0.0000 0.00 0.00 1.00 0
2.5963 -0.7100 0.0000 0.00 0.00 1.00 0
2.5193 -0.6379 0.0000 0.00 0.00 1.00 0
2.4272 -0.5878 0.0000 0.00 0.00 1.00 0
2.3358 -0.5325 0.0000 0.00 0.00 1.00 0
2.2510 -0.4779 0.0000 0.00 0.00 1.00 0
2.1588 -0.4218 0.0000 0.00 0.00 1.00 0
2.0644 -0.3618 0.0000 0.00 0.00 1.00 0
1.9727 -0.3156 0.0000 0.00 0.00 1.00 0
1.8855 -0.2619 0.0000 0.00 0.00 1.00 0
1.7901 -0.2247 0.0000 0.00 0.00 1.00 0
1.6848 -0.1887 0.0000 0.00 0.00 1.00 0
1.5829 -0.1567 0.0000 0.00 0.00 1.00 0
1.4852 -0.1241 0.0000 0.00 0.00 1.00 0
1.3842 -0.1121 0.0000 0.00 0.00 1.00 0
1.2762 -0.1006 0.0000 0.00 0.00 1.00 0
1.1745 -0.0961 0.0000 0.00 0.00 1.00 0
1.0665 -0.0873 0.0000 0.00 0.00 1.00 0
0.9647 -0.0870 0.0000 0.00 0.00 1.00 0
0.8609 -0.0915 0.0000 0.00 0.00 1.00 0
0.7583 -0.0889 0.0000 0.00 0.00 1.00 0
0.6597 -0.0697 0.0000 0.00 0.00 1.00 0
0.5566 -0.0801 0.0000 0.00 0.00 1.00 0
0.4491 -0.0820 0.0000 0.00 0.00 1.00 0
0.3441 -0.0890 0.0000 0.00 0.00 1.00 0
0.2414 -0.1000 0.0000 0.00 0.00 1.00 0
0.1301 -0.1055 0.0000 0.00 0.00 1.00 0
0.0270 -0.1123 0.0000 0.00 0.00 1.00 0
