-1.0808 -0.4090 0.0000 0.00 0.00 1.00 0
-1.0818 -0.4090 0.0000 0.00 0.00 1.00 0
-1.0820 -0.4087 0.0000 0.00 0.00 1.00 0
-1.0821 -0.4085 0.0000 0.00 0.00 1.00 0
-1.0774 -0.4108 0.0000 0.00 0.00 1.00 0
-1.0768 -0.4109 0.0000 0.00 0.00 1.00 0
-1.0763 -0.4111 0.0000 0.00 0.00 1.00 0
-1.0788 -0.4098 0.0000 0.00 0.00 1.00 0
-1.0787 -0.4097 0.0000 0.00 0.00 1.00 0
-1.0786 -0.4097 0.0000 0.00 0.00 1.00 0
-1.0786 -0.4114 0.0000 0.00 0.00 1.00 0
-1.0785 -0.4116 0.0000 0.00 0.00 1.00 0
-1.0784 -0.4108 0.0000 0.00 0.00 1.00 0
-1.0783 -0.4108 0.0000 0.00 0.00 1.00 0
-1.0783 -0.4108 0.0000 0.00 0.00 1.00 0
-1.0801 -0.4119 0.0000 0.00 0.00 1.00 0
-1.0803 -0.4121 0.0000 0.00 0.00 1.00 0
-1.0805 -0.4123 0.0000 0.00 0.00 1.00 0
-1.0815 -0.4105 0.0000 0.00 0.00 1.00 0
-1.0818 -0.4103 0.0000 0.00 0.00 1.00 0
-1.0820 -0.4103 0.0000 0.00 0.00 1.00 0
-1.0819 -0.4083 0.0000 0.00 0.00 1.00 0
-1.0822 -0.4079 0.0000 0.00 0.00 1.00 0
-1.0814 -0.4074 0.0000 0.00 0.00 1.00 0
-1.0814 -0.4070 0.0000 0.00 0.00 1.00 0
-1.0815 -0.4066 0.0000 0.00 0.00 1.00 0
-1.0834 -0.4076 0.0000 0.00 0.00 1.00 0
-1.0838 -0.4075 0.0000 0.00 0.00 1.00 0
-1.0841 -0.4073 0.0000 0.00 0.00 1.00 0
-1.0836 -0.4099 0.0000 0.00 0.00 1.00 0
-1.0838 -0.4102 0.0000 0.00 0.00 1.00 0
-1.0802 -0.4100 0.0000 0.00 0.00 1.00 0
-1.0798 -0.4101 0.0000 0.00 0.00 1.00 0
-1.0793 -0.4103 0.0000 0.00 0.00 1.00 0
-1.0763 -0.4093 0.0000 0.00 0.00 1.00 0
-1.0754 -0.4093 0.0000 0.00 0.00 1.00 0
-1.0746 -0.4093 0.0000 0.00 0.00 1.00 0
-1.0754 -0.4099 0.0000 0.00 0.00 1.00 0
-1.0748 -0.4100 0.0000 0.00 0.00 1.00 0
-1.0743 -0.4100 0.0000 0.00 0.00 1.00 0
-1.0759 -0.4108 0.0000 0.00 0.00 1.00 0
-1.0756 -0.4110 0.0000 0.00 0.00 1.00 0
-1.0754 -0.4111 0.0000 0.00 0.00 1.00 0
-1.0769 -0.4074 0.0000 0.00 0.00 1.00 0
-1.0770 -0.4070 0.0000 0.00 0.00 1.00 0
-1.0808 -0.4067 0.0000 0.00 0.00 1.00 0
-1.0815 -0.4063 0.0000 0.00 0.00 1.00 0
-1.0821 -0.4060 0.0000 0.00 0.00 1.00 0
-1.0833 -0.4064 0.0000 0.00 0.00 1.00 0
-1.0841 -0.4061 0.0000 0.00 0.00 1.00 0
-1.0833 -0.4067 0.0000 0.00 0.00 1.00 0
-1.0838 -0.4066 0.0000 0.00 0.00 1.00 0
-1.0843 -0.4065 0.0000 0.00 0.00 1.00 0
-1.0851 -0.4077 0.0000 0.00 0.00 1.00 0
-1.0856 -0.4078 0.0000 0.00 0.00 1.00 0
-1.0861 -0.4079 0.0000 0.00 0.00 1.00 0
-1.0803 -0.4079 0.0000 0.00 0.00 1.00 0
-1.0798 -0.4080 0.0000 0.00 0.00 1.00 0
-1.0793 -0.4081 0.0000 0.00 0.00 1.00 0
-1.0777 -0.4184 0.0000 0.00 0.00 1.00 0
-1.0770 -0.4203 0.0000 0.00 0.00 1.00 0
-1.0763 -0.4219 0.0000 0.00 0.00 1.00 0
-1.0770 -0.4450 0.0000 0.00 0.00 1.00 0
-1.0766 -0.4499 0.0000 0.00 0.00 1.00 0
-1.0763 -0.4530 0.0000 0.00 0.00 1.00 0
-1.0773 -0.4862 0.0000 0.00 0.00 1.00 0
-1.0771 -0.4944 0.0000 0.00 0.00 1.00 0
-1.0716 -0.5154 0.0000 0.00 0.00 1.00 0
-1.0705 -0.5262 0.0000 0.00 0.00 1.00 0
-1.0694 -0.5369 0.0000 0.00 0.00 1.00 0
-1.0687 -0.5490 0.0000 0.00 0.00 1.00 0
-1.0676 -0.5601 0.0000 0.00 0.00 1.00 0
-1.0668 -0.5691 0.0000 0.00 0.00 1.00 0
-1.0707 -0.5805 0.0000 0.00 0.00 1.00 0
-1.0704 -0.5914 0.0000 0.00 0.00 1.00 0
-1.0703 -0.5991 0.0000 0.00 0.00 1.00 0
-1.0722 -0.6053 0.0000 0.00 0.00 1.00 0
-1.0723 -0.6148 0.0000 0.00 0.00 1.00 0
-1.0713 -0.6166 0.0000 0.00 0.00 1.00 0
-1.0712 -0.6252 0.0000 0.00 0.00 1.00 0
-1.0711 -0.6335 0.0000 0.00 0.00 1.00 0
-1.0674 -0.6386 0.0000 0.00 0.00 1.00 0
-1.0667 -0.6464 0.0000 0.00 0.00 1.00 0
-1.0661 -0.6541 0.0000 0.00 0.00 1.00 0
-1.0616 -0.6597 0.0000 0.00 0.00 1.00 0
-1.0604 -0.6672 0.0000 0.00 0.00 1.00 0
-1.0595 -0.6724 0.0000 0.00 0.00 1.00 0
-1.0600 -0.6801 0.0000 0.00 0.00 1.00 0
-1.0590 -0.6873 0.0000 0.00 0.00 1.00 0
-1.0606 -0.6945 0.0000 0.00 0.00 1.00 0
-1.0600 -0.7017 0.0000 0.00 0.00 1.00 0
-1.0595 -0.7089 0.0000 0.00 0.00 1.00 0
-1.0537 -0.7206 0.0000 0.00 0.00 1.00 0
-1.0524 -0.7284 0.0000 0.00 0.00 1.00 0
-1.0512 -0.7354 0.0000 0.00 0.00 1.00 0
-1.0501 -0.7372 0.0000 0.00 0.00 1.00 0
-1.0489 -0.7433 0.0000 0.00 0.00 1.00 0
-1.0477 -0.7493 0.0000 0.00 0.00 1.00 0
-1.0482 -0.7581 0.0000 0.00 0.00 1.00 0
-1.0472 -0.7649 0.0000 0.00 0.00 1.00 0
-1.0488 -0.7753 0.0000 0.00 0.00 1.00 0
-1.0483 -0.7828 0.0000 0.00 0.00 1.00 0
-1.0478 -0.7900 0.0000 0.00 0.00 1.00 0
-1.0451 -0.8019 0.0000 0.00 0.00 1.00 0
-1.0443 -0.8100 0.0000 0.00 0.00 1.00 0
-1.0434 -0.8181 0.0000 0.00 0.00 1.00 0
-1.0392 -0.8263 0.0000 0.00 0.00 1.00 0
-1.0378 -0.8345 0.0000 0.00 0.00 1.00 0
-1.0366 -0.8411 0.0000 0.00 0.00 1.00 0
-1.0377 -0.8516 0.0000 0.00 0.00 1.00 0
-1.0368 -0.8599 0.0000 0.00 0.00 1.00 0
-1.0379 -0.8631 0.0000 0.00 0.00 1.00 0
-1.0372 -0.8706 0.0000 0.00 0.00 1.00 0
-1.0366 -0.8781 0.0000 0.00 0.00 1.00 0
-1.0360 -0.8811 0.0000 0.00 0.00 1.00 0
-1.0352 -0.8895 0.0000 0.00 0.00 1.00 0
-1.0347 -0.8957 0.0000 0.00 0.00 1.00 0
-1.0383 -0.9049 0.0000 0.00 0.00 1.00 0
-1.0383 -0.9121 0.0000 0.00 0.00 1.00 0
-1.0384 -0.9177 0.0000 0.00 0.00 1.00 0
-1.0366 -0.9248 0.0000 0.00 0.00 1.00 0
-1.0363 -0.9319 0.0000 0.00 0.00 1.00 0
-1.0372 -0.9351 0.0000 0.00 0.00 1.00 0
-1.0372 -0.9406 0.0000 0.00 0.00 1.00 0
-1.0348 -0.9445 0.0000 0.00 0.00 1.00 0
-1.0344 -0.9497 0.0000 0.00 0.00 1.00 0
-1.0339 -0.9550 0.0000 0.00 0.00 1.00 0
-1.0334 -0.9674 0.0000 0.00 0.00 1.00 0
-1.0330 -0.9731 0.0000 0.00 0.00 1.00 0
-1.0326 -0.9789 0.0000 0.00 0.00 1.00 0
-1.0295 -0.9925 0.0000 0.00 0.00 1.00 0
-1.0287 -1.0004 0.0000 0.00 0.00 1.00 0
-1.0299 -1.0127 0.0000 0.00 0.00 1.00 0
-1.0294 -1.0210 0.0000 0.00 0.00 1.00 0
-1.0289 -1.0291 0.0000 0.00 0.00 1.00 0
-1.0302 -1.0388 0.0000 0.00 0.00 1.00 0
-1.0300 -1.0473 0.0000 0.00 0.00 1.00 0
-1.0304 -1.0658 0.0000 0.00 0.00 1.00 0
-1.0304 -1.0746 0.0000 0.00 0.00 1.00 0
-1.0303 -1.0815 0.0000 0.00 0.00 1.00 0
-1.0254 -1.0893 0.0000 0.00 0.00 1.00 0
-1.0246 -1.0976 0.0000 0.00 0.00 1.00 0
-1.0185 -1.1103 0.0000 0.00 0.00 1.00 0
-1.0171 -1.1180 0.0000 0.00 0.00 1.00 0
-1.0224 -1.1285 0.0000 0.00 0.00 1.00 0
-1.0221 -1.1365 0.0000 0.00 0.00 1.00 0
-1.0217 -1.1446 0.0000 0.00 0.00 1.00 0
-1.0256 -1.1551 0.0000 0.00 0.00 1.00 0
-1.0259 -1.1637 0.0000 0.00 0.00 1.00 0
-1.0261 -1.1706 0.0000 0.00 0.00 1.00 0
-1.0252 -1.1806 0.0000 0.00 0.00 1.00 0
-1.0254 -1.1899 0.0000 0.00 0.00 1.00 0
-1.0258 -1.1954 0.0000 0.00 0.00 1.00 0
-1.0259 -1.2035 0.0000 0.00 0.00 1.00 0
-1.0261 -1.2117 0.0000 0.00 0.00 1.00 0
-1.0228 -1.2201 0.0000 0.00 0.00 1.00 0
-1.0224 -1.2283 0.0000 0.00 0.00 1.00 0
-1.0220 -1.2365 0.0000 0.00 0.00 1.00 0
-1.0215 -1.2436 0.0000 0.00 0.00 1.00 0
-1.0211 -1.2515 0.0000 0.00 0.00 1.00 0
-1.0208 -1.2580 0.0000 0.00 0.00 1.00 0
-1.0175 -1.2623 0.0000 0.00 0.00 1.00 0
-1.0167 -1.2695 0.0000 0.00 0.00 1.00 0
-1.0193 -1.2799 0.0000 0.00 0.00 1.00 0
-1.0190 -1.2877 0.0000 0.00 0.00 1.00 0
-1.0188 -1.2955 0.0000 0.00 0.00 1.00 0
-1.0223 -1.3084 0.0000 0.00 0.00 1.00 0
-1.0227 -1.3169 0.0000 0.00 0.00 1.00 0
-1.0230 -1.3254 0.0000 0.00 0.00 1.00 0
-1.0231 -1.3390 0.0000 0.00 0.00 1.00 0
-1.0234 -1.3483 0.0000 0.00 0.00 1.00 0
-1.0237 -1.3567 0.0000 0.00 0.00 1.00 0
-1.0205 -1.3696 0.0000 0.00 0.00 1.00 0
-1.0203 -1.3794 0.0000 0.00 0.00 1.00 0
-1.0152 -1.3941 0.0000 0.00 0.00 1.00 0
-1.0142 -1.4047 0.0000 0.00 0.00 1.00 0
-1.0131 -1.4153 0.0000 0.00 0.00 1.00 0
-1.0115 -1.4208 0.0000 0.00 0.00 1.00 0
-1.0103 -1.4305 0.0000 0.00 0.00 1.00 0
-1.0091 -1.4403 0.0000 0.00 0.00 1.00 0
-1.0062 -1.4465 0.0000 0.00 0.00 1.00 0
-1.0048 -1.4557 0.0000 0.00 0.00 1.00 0
-1.0035 -1.4639 0.0000 0.00 0.00 1.00 0
-1.0057 -1.4702 0.0000 0.00 0.00 1.00 0
-1.0049 -1.4789 0.0000 0.00 0.00 1.00 0
-1.0082 -1.4937 0.0000 0.00 0.00 1.00 0
-1.0080 -1.5021 0.0000 0.00 0.00 1.00 0
-1.0068 -1.5126 0.0000 0.00 0.00 1.00 0
-1.0065 -1.5212 0.0000 0.00 0.00 1.00 0
-1.0062 -1.5298 0.0000 0.00 0.00 1.00 0
-1.0077 -1.5421 0.0000 0.00 0.00 1.00 0
-1.0077 -1.5513 0.0000 0.00 0.00 1.00 0
-1.0077 -1.5596 0.0000 0.00 0.00 1.00 0
-1.0080 -1.5686 0.0000 0.00 0.00 1.00 0
-1.0080 -1.5775 0.0000 0.00 0.00 1.00 0
-1.0081 -1.5839 0.0000 0.00 0.00 1.00 0
-1.0099 -1.5956 0.0000 0.00 0.00 1.00 0
-1.0102 -1.6046 0.0000 0.00 0.00 1.00 0
-1.0080 -1.6079 0.0000 0.00 0.00 1.00 0
-1.0079 -1.6161 0.0000 0.00 0.00 1.00 0
-1.0078 -1.6246 0.0000 0.00 0.00 1.00 0
-1.0024 -1.6349 0.0000 0.00 0.00 1.00 0
-1.0014 -1.6433 0.0000 0.00 0.00 1.00 0
-1.0006 -1.6501 0.0000 0.00 0.00 1.00 0
-0.9985 -1.6619 0.0000 0.00 0.00 1.00 0
-0.9974 -1.6705 0.0000 0.00 0.00 1.00 0
-0.9992 -1.6813 0.0000 0.00 0.00 1.00 0
-0.9985 -1.6904 0.0000 0.00 0.00 1.00 0
-0.9979 -1.6996 0.0000 0.00 0.00 1.00 0
-0.9984 -1.7092 0.0000 0.00 0.00 1.00 0
-0.9980 -1.7186 0.0000 0.00 0.00 1.00 0
-0.9975 -1.7278 0.0000 0.00 0.00 1.00 0
-0.9955 -1.7378 0.0000 0.00 0.00 1.00 0
-0.9948 -1.7472 0.0000 0.00 0.00 1.00 0
-0.9942 -1.7545 0.0000 0.00 0.00 1.00 0
-0.9961 -1.7633 0.0000 0.00 0.00 1.00 0
-0.9958 -1.7724 0.0000 0.00 0.00 1.00 0
-0.9956 -1.7777 0.0000 0.00 0.00 1.00 0
-0.9950 -1.7898 0.0000 0.00 0.00 1.00 0
-0.9947 -1.7996 0.0000 0.00 0.00 1.00 0
-0.9942 -1.8062 0.0000 0.00 0.00 1.00 0
-0.9939 -1.8148 0.0000 0.00 0.00 1.00 0
-0.9935 -1.8235 0.0000 0.00 0.00 1.00 0
-0.9951 -1.8305 0.0000 0.00 0.00 1.00 0
-0.9951 -1.8389 0.0000 0.00 0.00 1.00 0
-0.9950 -1.8464 0.0000 0.00 0.00 1.00 0
-0.9949 -1.8547 0.0000 0.00 0.00 1.00 0
-0.9948 -1.8631 0.0000 0.00 0.00 1.00 0
-0.9925 -1.8829 0.0000 0.00 0.00 1.00 0
-0.9921 -1.8915 0.0000 0.00 0.00 1.00 0
-0.9915 -1.9037 0.0000 0.00 0.00 1.00 0
-0.9911 -1.9131 0.0000 0.00 0.00 1.00 0
-0.9907 -1.9225 0.0000 0.00 0.00 1.00 0
-0.9905 -1.9323 0.0000 0.00 0.00 1.00 0
-0.9901 -1.9416 0.0000 0.00 0.00 1.00 0
-0.9898 -1.9500 0.0000 0.00 0.00 1.00 0
-0.9880 -1.9616 0.0000 0.00 0.00 1.00 0
-0.9875 -1.9713 0.0000 0.00 0.00 1.00 0
-0.9871 -1.9778 0.0000 0.00 0.00 1.00 0
-0.9876 -1.9909 0.0000 0.00 0.00 1.00 0
-0.9872 -2.0006 0.0000 0.00 0.00 1.00 0
-0.9856 -2.0081 0.0000 0.00 0.00 1.00 0
-0.9850 -2.0174 0.0000 0.00 0.00 1.00 0
-0.9844 -2.0267 0.0000 0.00 0.00 1.00 0
-0.9827 -2.0355 0.0000 0.00 0.00 1.00 0
-0.9820 -2.0449 0.0000 0.00 0.00 1.00 0
-0.9813 -2.0530 0.0000 0.00 0.00 1.00 0
-0.9809 -2.0628 0.0000 0.00 0.00 1.00 0
-0.9801 -2.0722 0.0000 0.00 0.00 1.00 0
-0.9805 -2.0931 0.0000 0.00 0.00 1.00 0
-0.9801 -2.1026 0.0000 0.00 0.00 1.00 0
-0.9800 -2.1138 0.0000 0.00 0.00 1.00 0
-0.9796 -2.1226 0.0000 0.00 0.00 1.00 0
-0.9792 -2.1335 0.0000 0.00 0.00 1.00 0
-0.9804 -2.1458 0.0000 0.00 0.00 1.00 0
-0.9803 -2.1558 0.0000 0.00 0.00 1.00 0
-0.9801 -2.1661 0.0000 0.00 0.00 1.00 0
-0.9765 -2.1723 0.0000 0.00 0.00 1.00 0
-0.9758 -2.1819 0.0000 0.00 0.00 1.00 0
-0.9753 -2.1895 0.0000 0.00 0.00 1.00 0
-0.9743 -2.1750 0.0000 0.00 0.00 1.00 0
-0.9736 -2.1807 0.0000 0.00 0.00 1.00 0
-0.9787 -2.1571 0.0000 0.00 0.00 1.00 0
-0.9790 -2.1578 0.0000 0.00 0.00 1.00 0
-0.9793 -2.1586 0.0000 0.00 0.00 1.00 0
-0.9786 -2.1361 0.0000 0.00 0.00 1.00 0
-0.9787 -2.1331 0.0000 0.00 0.00 1.00 0
-0.9788 -2.1301 0.0000 0.00 0.00 1.00 0
-0.9784 -2.1212 0.0000 0.00 0.00 1.00 0
-0.9785 -2.1173 0.0000 0.00 0.00 1.00 0
-0.9797 -2.1120 0.0000 0.00 0.00 1.00 0
-0.9799 -2.1085 0.0000 0.00 0.00 1.00 0
-0.9781 -2.1119 0.0000 0.00 0.00 1.00 0
-0.9780 -2.1095 0.0000 0.00 0.00 1.00 0
-0.9779 -2.1071 0.0000 0.00 0.00 1.00 0
-0.9828 -2.1139 0.0000 0.00 0.00 1.00 0
-0.9834 -2.1131 0.0000 0.00 0.00 1.00 0
-0.9817 -2.1208 0.0000 0.00 0.00 1.00 0
-0.9819 -2.1213 0.0000 0.00 0.00 1.00 0
-0.9821 -2.1217 0.0000 0.00 0.00 1.00 0
-0.9807 -2.1265 0.0000 0.00 0.00 1.00 0
-0.9807 -2.1276 0.0000 0.00 0.00 1.00 0
-0.9786 -2.1305 0.0000 0.00 0.00 1.00 0
-0.9782 -2.1319 0.0000 0.00 0.00 1.00 0
-0.9779 -2.1334 0.0000 0.00 0.00 1.00 0
-0.9777 -2.1366 0.0000 0.00 0.00 1.00 0
-0.9773 -2.1384 0.0000 0.00 0.00 1.00 0
-0.9770 -2.1401 0.0000 0.00 0.00 1.00 0
-0.9776 -2.1369 0.0000 0.00 0.00 1.00 0
-0.9774 -2.1379 0.0000 0.00 0.00 1.00 0
-0.9775 -2.1354 0.0000 0.00 0.00 1.00 0
-0.9774 -2.1357 0.0000 0.00 0.00 1.00 0
-0.9788 -2.1316 0.0000 0.00 0.00 1.00 0
-0.9789 -2.1312 0.0000 0.00 0.00 1.00 0
-0.9790 -2.1307 0.0000 0.00 0.00 1.00 0
-0.9793 -2.1312 0.0000 0.00 0.00 1.00 0
-0.9795 -2.1309 0.0000 0.00 0.00 1.00 0
-0.9796 -2.1306 0.0000 0.00 0.00 1.00 0
-0.9786 -2.1279 0.0000 0.00 0.00 1.00 0
-0.9786 -2.1273 0.0000 0.00 0.00 1.00 0
-0.9786 -2.1266 0.0000 0.00 0.00 1.00 0
-0.9811 -2.1264 0.0000 0.00 0.00 1.00 0
-0.9815 -2.1258 0.0000 0.00 0.00 1.00 0
-0.9798 -2.1270 0.0000 0.00 0.00 1.00 0
-0.9798 -2.1267 0.0000 0.00 0.00 1.00 0
-0.9798 -2.1264 0.0000 0.00 0.00 1.00 0
-0.9813 -2.1288 0.0000 0.00 0.00 1.00 0
-0.9815 -2.1290 0.0000 0.00 0.00 1.00 0
-0.9818 -2.1291 0.0000 0.00 0.00 1.00 0
-0.9802 -2.1289 0.0000 0.00 0.00 1.00 0
-0.9802 -2.1289 0.0000 0.00 0.00 1.00 0
-0.9790 -2.1275 0.0000 0.00 0.00 1.00 0
-0.9788 -2.1274 0.0000 0.00 0.00 1.00 0
-0.9786 -2.1273 0.0000 0.00 0.00 1.00 0
-0.9788 -2.1268 0.0000 0.00 0.00 1.00 0
-0.9786 -2.1266 0.0000 0.00 0.00 1.00 0
-0.9781 -2.1262 0.0000 0.00 0.00 1.00 0
-0.9779 -2.1260 0.0000 0.00 0.00 1.00 0
-0.9768 -2.1259 0.0000 0.00 0.00 1.00 0
-0.9765 -2.1257 0.0000 0.00 0.00 1.00 0
-0.9762 -2.1256 0.0000 0.00 0.00 1.00 0
-0.9791 -2.1280 0.0000 0.00 0.00 1.00 0
-0.9793 -2.1283 0.0000 0.00 0.00 1.00 0
-0.9783 -2.1275 0.0000 0.00 0.00 1.00 0
-0.9782 -2.1276 0.0000 0.00 0.00 1.00 0
-0.9788 -2.1276 0.0000 0.00 0.00 1.00 0
-0.9789 -2.1277 0.0000 0.00 0.00 1.00 0
-0.9788 -2.1279 0.0000 0.00 0.00 1.00 0
-0.9789 -2.1280 0.0000 0.00 0.00 1.00 0
-0.9789 -2.1281 0.0000 0.00 0.00 1.00 0
-0.9790 -2.1286 0.0000 0.00 0.00 1.00 0
-0.9790 -2.1287 0.0000 0.00 0.00 1.00 0
-0.9791 -2.1288 0.0000 0.00 0.00 1.00 0
-0.9809 -2.1313 0.0000 0.00 0.00 1.00 0
-0.9816 -2.1323 0.0000 0.00 0.00 1.00 0
-0.9819 -2.1327 0.0000 0.00 0.00 1.00 0
-0.9797 -2.1307 0.0000 0.00 0.00 1.00 0
-0.9796 -2.1308 0.0000 0.00 0.00 1.00 0
-0.9795 -2.1308 0.0000 0.00 0.00 1.00 0
-0.9793 -2.1297 0.0000 0.00 0.00 1.00 0
-0.9796 -2.1293 0.0000 0.00 0.00 1.00 0
-0.9795 -2.1306 0.0000 0.00 0.00 1.00 0
-0.9795 -2.1308 0.0000 0.00 0.00 1.00 0
-0.9775 -2.1311 0.0000 0.00 0.00 1.00 0
-0.9775 -2.1325 0.0000 0.00 0.00 1.00 0
-0.9773 -2.1329 0.0000 0.00 0.00 1.00 0
-0.9771 -2.1331 0.0000 0.00 0.00 1.00 0
-0.9759 -2.1294 0.0000 0.00 0.00 1.00 0
-0.9773 -2.1268 0.0000 0.00 0.00 1.00 0
-0.9792 -2.1276 0.0000 0.00 0.00 1.00 0
-0.9795 -2.1274 0.0000 0.00 0.00 1.00 0
-0.9798 -2.1272 0.0000 0.00 0.00 1.00 0
-0.9820 -2.1251 0.0000 0.00 0.00 1.00 0
-0.9814 -2.1283 0.0000 0.00 0.00 1.00 0
-0.9817 -2.1284 0.0000 0.00 0.00 1.00 0
-0.9819 -2.1285 0.0000 0.00 0.00 1.00 0
-0.9764 -2.1296 0.0000 0.00 0.00 1.00 0
-0.9758 -2.1299 0.0000 0.00 0.00 1.00 0
-0.9759 -2.1291 0.0000 0.00 0.00 1.00 0
-0.9754 -2.1292 0.0000 0.00 0.00 1.00 0
-0.9750 -2.1293 0.0000 0.00 0.00 1.00 0
-0.9754 -2.1298 0.0000 0.00 0.00 1.00 0
-0.9750 -2.1300 0.0000 0.00 0.00 1.00 0
-0.9747 -2.1301 0.0000 0.00 0.00 1.00 0
-0.9804 -2.1298 0.0000 0.00 0.00 1.00 0
-0.9810 -2.1299 0.0000 0.00 0.00 1.00 0
-0.9798 -2.1297 0.0000 0.00 0.00 1.00 0
-0.9801 -2.1297 0.0000 0.00 0.00 1.00 0
-0.9804 -2.1298 0.0000 0.00 0.00 1.00 0
-0.9795 -2.1289 0.0000 0.00 0.00 1.00 0
-0.9796 -2.1288 0.0000 0.00 0.00 1.00 0
-0.9797 -2.1287 0.0000 0.00 0.00 1.00 0
-0.9781 -2.1269 0.0000 0.00 0.00 1.00 0
-0.9780 -2.1265 0.0000 0.00 0.00 1.00 0
-0.9778 -2.1262 0.0000 0.00 0.00 1.00 0
-0.9786 -2.1246 0.0000 0.00 0.00 1.00 0
-0.9786 -2.1240 0.0000 0.00 0.00 1.00 0
-0.9786 -2.1236 0.0000 0.00 0.00 1.00 0
-0.9792 -2.1253 0.0000 0.00 0.00 1.00 0
-0.9793 -2.1251 0.0000 0.00 0.00 1.00 0
-0.9775 -2.1249 0.0000 0.00 0.00 1.00 0
-0.9772 -2.1247 0.0000 0.00 0.00 1.00 0
-0.9770 -2.1245 0.0000 0.00 0.00 1.00 0
-0.9780 -2.1242 0.0000 0.00 0.00 1.00 0
-0.9780 -2.1240 0.0000 0.00 0.00 1.00 0
-0.9779 -2.1238 0.0000 0.00 0.00 1.00 0
-0.9790 -2.1329 0.0000 0.00 0.00 1.00 0
-0.9792 -2.1341 0.0000 0.00 0.00 1.00 0
-0.9793 -2.1349 0.0000 0.00 0.00 1.00 0
-0.9814 -2.1530 0.0000 0.00 0.00 1.00 0
-0.9818 -2.1566 0.0000 0.00 0.00 1.00 0
-0.9817 -2.1837 0.0000 0.00 0.00 1.00 0
-0.9821 -2.1914 0.0000 0.00 0.00 1.00 0
-0.9824 -2.1990 0.0000 0.00 0.00 1.00 0
-0.9806 -2.2236 0.0000 0.00 0.00 1.00 0
-0.9806 -2.2370 0.0000 0.00 0.00 1.00 0
-0.9806 -2.2478 0.0000 0.00 0.00 1.00 0
-0.9760 -2.2671 0.0000 0.00 0.00 1.00 0
-0.9753 -2.2794 0.0000 0.00 0.00 1.00 0
-0.9748 -2.2878 0.0000 0.00 0.00 1.00 0
-0.9734 -2.3063 0.0000 0.00 0.00 1.00 0
-0.9726 -2.3190 0.0000 0.00 0.00 1.00 0
-0.9708 -2.3236 0.0000 0.00 0.00 1.00 0
-0.9698 -2.3347 0.0000 0.00 0.00 1.00 0
-0.9690 -2.3448 0.0000 0.00 0.00 1.00 0
-0.9676 -2.3493 0.0000 0.00 0.00 1.00 0
-0.9666 -2.3595 0.0000 0.00 0.00 1.00 0
-0.9655 -2.3701 0.0000 0.00 0.00 1.00 0
-0.9627 -2.3744 0.0000 0.00 0.00 1.00 0
-0.9614 -2.3835 0.0000 0.00 0.00 1.00 0
-0.9604 -2.3899 0.0000 0.00 0.00 1.00 0
-0.9616 -2.3983 0.0000 0.00 0.00 1.00 0
-0.9610 -2.4043 0.0000 0.00 0.00 1.00 0
-0.9612 -2.4114 0.0000 0.00 0.00 1.00 0
-0.9605 -2.4195 0.0000 0.00 0.00 1.00 0
-0.9599 -2.4275 0.0000 0.00 0.00 1.00 0
-0.9646 -2.4362 0.0000 0.00 0.00 1.00 0
-0.9648 -2.4442 0.0000 0.00 0.00 1.00 0
-0.9650 -2.4522 0.0000 0.00 0.00 1.00 0
-0.9664 -2.4591 0.0000 0.00 0.00 1.00 0
-0.9668 -2.4671 0.0000 0.00 0.00 1.00 0
-0.9671 -2.4733 0.0000 0.00 0.00 1.00 0
-0.9670 -2.4884 0.0000 0.00 0.00 1.00 0
-0.9673 -2.4971 0.0000 0.00 0.00 1.00 0
-0.9625 -2.5106 0.0000 0.00 0.00 1.00 0
-0.9619 -2.5203 0.0000 0.00 0.00 1.00 0
-0.9613 -2.5299 0.0000 0.00 0.00 1.00 0
-0.9592 -2.5413 0.0000 0.00 0.00 1.00 0
-0.9584 -2.5514 0.0000 0.00 0.00 1.00 0
-0.9576 -2.5613 0.0000 0.00 0.00 1.00 0
-0.9544 -2.5700 0.0000 0.00 0.00 1.00 0
-0.9531 -2.5798 0.0000 0.00 0.00 1.00 0
-0.9522 -2.5875 0.0000 0.00 0.00 1.00 0
-0.9498 -2.5976 0.0000 0.00 0.00 1.00 0
-0.9485 -2.6070 0.0000 0.00 0.00 1.00 0
-0.9478 -2.6118 0.0000 0.00 0.00 1.00 0
-0.9503 -2.6248 0.0000 0.00 0.00 1.00 0
-0.9497 -2.6341 0.0000 0.00 0.00 1.00 0
-0.9508 -2.6448 0.0000 0.00 0.00 1.00 0
-0.9505 -2.6534 0.0000 0.00 0.00 1.00 0
-0.9501 -2.6628 0.0000 0.00 0.00 1.00 0
-0.9469 -2.6760 0.0000 0.00 0.00 1.00 0
-0.9460 -2.6859 0.0000 0.00 0.00 1.00 0
-0.9453 -2.6948 0.0000 0.00 0.00 1.00 0
-0.9459 -2.7012 0.0000 0.00 0.00 1.00 0
-0.9453 -2.7103 0.0000 0.00 0.00 1.00 0
-0.9450 -2.7159 0.0000 0.00 0.00 1.00 0
-0.9455 -2.7234 0.0000 0.00 0.00 1.00 0
-0.9450 -2.7323 0.0000 0.00 0.00 1.00 0
-0.9472 -2.7399 0.0000 0.00 0.00 1.00 0
-0.9472 -2.7483 0.0000 0.00 0.00 1.00 0
-0.9473 -2.7566 0.0000 0.00 0.00 1.00 0
-0.9447 -2.7671 0.0000 0.00 0.00 1.00 0
-0.9443 -2.7757 0.0000 0.00 0.00 1.00 0
-0.9439 -2.7836 0.0000 0.00 0.00 1.00 0
-0.9410 -2.7955 0.0000 0.00 0.00 1.00 0
-0.9402 -2.8045 0.0000 0.00 0.00 1.00 0
-0.9398 -2.8100 0.0000 0.00 0.00 1.00 0
-0.9391 -2.8169 0.0000 0.00 0.00 1.00 0
-0.9384 -2.8252 0.0000 0.00 0.00 1.00 0
-0.9381 -2.8353 0.0000 0.00 0.00 1.00 0
-0.9374 -2.8438 0.0000 0.00 0.00 1.00 0
-0.9368 -2.8523 0.0000 0.00 0.00 1.00 0
-0.9378 -2.8593 0.0000 0.00 0.00 1.00 0
-0.9374 -2.8677 0.0000 0.00 0.00 1.00 0
-0.9371 -2.8751 0.0000 0.00 0.00 1.00 0
-0.9386 -2.8836 0.0000 0.00 0.00 1.00 0
-0.9385 -2.8917 0.0000 0.00 0.00 1.00 0
-0.9382 -2.9032 0.0000 0.00 0.00 1.00 0
-0.9381 -2.9121 0.0000 0.00 0.00 1.00 0
-0.9380 -2.9208 0.0000 0.00 0.00 1.00 0
-0.9390 -2.9295 0.0000 0.00 0.00 1.00 0
-0.9391 -2.9382 0.0000 0.00 0.00 1.00 0
-0.9392 -2.9469 0.0000 0.00 0.00 1.00 0
-0.9359 -2.9554 0.0000 0.00 0.00 1.00 0
-0.9354 -2.9642 0.0000 0.00 0.00 1.00 0
-0.9349 -2.9728 0.0000 0.00 0.00 1.00 0
-0.9322 -2.9814 0.0000 0.00 0.00 1.00 0
-0.9314 -2.9901 0.0000 0.00 0.00 1.00 0
-0.9321 -3.0002 0.0000 0.00 0.00 1.00 0
-0.9316 -3.0092 0.0000 0.00 0.00 1.00 0
-0.9310 -3.0182 0.0000 0.00 0.00 1.00 0
-0.9325 -3.0349 0.0000 0.00 0.00 1.00 0
-0.9323 -3.0452 0.0000 0.00 0.00 1.00 0
-0.9321 -3.0556 0.0000 0.00 0.00 1.00 0
-0.9291 -3.0706 0.0000 0.00 0.00 1.00 0
-0.9285 -3.0816 0.0000 0.00 0.00 1.00 0
-0.9278 -3.0929 0.0000 0.00 0.00 1.00 0
-0.9283 -3.1054 0.0000 0.00 0.00 1.00 0
-0.9278 -3.1166 0.0000 0.00 0.00 1.00 0
-0.9274 -3.1255 0.0000 0.00 0.00 1.00 0
-0.9246 -3.1365 0.0000 0.00 0.00 1.00 0
-0.9237 -3.1475 0.0000 0.00 0.00 1.00 0
-0.9232 -3.1550 0.0000 0.00 0.00 1.00 0
-0.9222 -3.1678 0.0000 0.00 0.00 1.00 0
-0.9216 -3.1763 0.0000 0.00 0.00 1.00 0
-0.9212 -3.1800 0.0000 0.00 0.00 1.00 0
-0.9205 -3.1892 0.0000 0.00 0.00 1.00 0
-0.9198 -3.1984 0.0000 0.00 0.00 1.00 0
-0.9155 -3.2023 0.0000 0.00 0.00 1.00 0
-0.9144 -3.2098 0.0000 0.00 0.00 1.00 0
-0.9132 -3.2174 0.0000 0.00 0.00 1.00 0
-0.9188 -3.2266 0.0000 0.00 0.00 1.00 0
-0.9185 -3.2352 0.0000 0.00 0.00 1.00 0
-0.9203 -3.2495 0.0000 0.00 0.00 1.00 0
-0.9205 -3.2588 0.0000 0.00 0.00 1.00 0
-0.9206 -3.2682 0.0000 0.00 0.00 1.00 0
-0.9194 -3.2808 0.0000 0.00 0.00 1.00 0
-0.9193 -3.2906 0.0000 0.00 0.00 1.00 0
-0.9193 -3.3005 0.0000 0.00 0.00 1.00 0
-0.9188 -3.3144 0.0000 0.00 0.00 1.00 0
-0.9187 -3.3250 0.0000 0.00 0.00 1.00 0
-0.9185 -3.3333 0.0000 0.00 0.00 1.00 0
-0.9158 -3.3453 0.0000 0.00 0.00 1.00 0
-0.9152 -3.3568 0.0000 0.00 0.00 1.00 0
-0.9148 -3.3642 0.0000 0.00 0.00 1.00 0
-0.9130 -3.3763 0.0000 0.00 0.00 1.00 0
-0.9123 -3.3866 0.0000 0.00 0.00 1.00 0
-0.9119 -3.3939 0.0000 0.00 0.00 1.00 0
-0.9113 -3.4037 0.0000 0.00 0.00 1.00 0
-0.9108 -3.4116 0.0000 0.00 0.00 1.00 0
-0.9085 -3.4188 0.0000 0.00 0.00 1.00 0
-0.9076 -3.4280 0.0000 0.00 0.00 1.00 0
-0.9068 -3.4362 0.0000 0.00 0.00 1.00 0
-0.9105 -3.4440 0.0000 0.00 0.00 1.00 0
-0.9103 -3.4528 0.0000 0.00 0.00 1.00 0
-0.9102 -3.4588 0.0000 0.00 0.00 1.00 0
-0.9097 -3.4682 0.0000 0.00 0.00 1.00 0
-0.9094 -3.4767 0.0000 0.00 0.00 1.00 0
-0.9106 -3.4858 0.0000 0.00 0.00 1.00 0
-0.9106 -3.4953 0.0000 0.00 0.00 1.00 0
-0.9106 -3.5032 0.0000 0.00 0.00 1.00 0
-0.9095 -3.5179 0.0000 0.00 0.00 1.00 0
-0.9094 -3.5276 0.0000 0.00 0.00 1.00 0
-0.9092 -3.5362 0.0000 0.00 0.00 1.00 0
-0.9039 -3.5495 0.0000 0.00 0.00 1.00 0
-0.9029 -3.5596 0.0000 0.00 0.00 1.00 0
-0.9021 -3.5676 0.0000 0.00 0.00 1.00 0
-0.9027 -3.5746 0.0000 0.00 0.00 1.00 0
-0.9018 -3.5864 0.0000 0.00 0.00 1.00 0
-0.9001 -3.5965 0.0000 0.00 0.00 1.00 0
-0.8992 -3.6063 0.0000 0.00 0.00 1.00 0
-0.8983 -3.6161 0.0000 0.00 0.00 1.00 0
-0.8970 -3.6247 0.0000 0.00 0.00 1.00 0
-0.8960 -3.6343 0.0000 0.00 0.00 1.00 0
-0.8950 -3.6438 0.0000 0.00 0.00 1.00 0
-0.8959 -3.6514 0.0000 0.00 0.00 1.00 0
-0.8952 -3.6606 0.0000 0.00 0.00 1.00 0
-0.8946 -3.6680 0.0000 0.00 0.00 1.00 0
-0.8951 -3.6757 0.0000 0.00 0.00 1.00 0
-0.8947 -3.6835 0.0000 0.00 0.00 1.00 0
-0.8955 -3.6946 0.0000 0.00 0.00 1.00 0
-0.8952 -3.7036 0.0000 0.00 0.00 1.00 0
-0.8950 -3.7126 0.0000 0.00 0.00 1.00 0
-0.8954 -3.7224 0.0000 0.00 0.00 1.00 0
-0.8952 -3.7325 0.0000 0.00 0.00 1.00 0
-0.8951 -3.7418 0.0000 0.00 0.00 1.00 0
-0.8919 -3.7526 0.0000 0.00 0.00 1.00 0
-0.8893 -3.7569 0.0000 0.00 0.00 1.00 0
-0.8887 -3.7655 0.0000 0.00 0.00 1.00 0
-0.8918 -3.7756 0.0000 0.00 0.00 1.00 0
-0.8918 -3.7849 0.0000 0.00 0.00 1.00 0
-0.8935 -3.7953 0.0000 0.00 0.00 1.00 0
-0.8938 -3.8039 0.0000 0.00 0.00 1.00 0
-0.8940 -3.8133 0.0000 0.00 0.00 1.00 0
-0.8915 -3.8239 0.0000 0.00 0.00 1.00 0
-0.8913 -3.8334 0.0000 0.00 0.00 1.00 0
-0.8911 -3.8430 0.0000 0.00 0.00 1.00 0
-0.8868 -3.8530 0.0000 0.00 0.00 1.00 0
-0.8860 -3.8626 0.0000 0.00 0.00 1.00 0
-0.8851 -3.8723 0.0000 0.00 0.00 1.00 0
-0.8858 -3.8817 0.0000 0.00 0.00 1.00 0
-0.8852 -3.8912 0.0000 0.00 0.00 1.00 0
-0.8870 -3.9025 0.0000 0.00 0.00 1.00 0
-0.8868 -3.9124 0.0000 0.00 0.00 1.00 0
-0.8865 -3.9224 0.0000 0.00 0.00 1.00 0
-0.8834 -3.9335 0.0000 0.00 0.00 1.00 0
-0.8827 -3.9435 0.0000 0.00 0.00 1.00 0
-0.8820 -3.9533 0.0000 0.00 0.00 1.00 0
-0.8792 -3.9534 0.0000 0.00 0.00 1.00 0
-0.8782 -3.9620 0.0000 0.00 0.00 1.00 0
-0.8772 -3.9704 0.0000 0.00 0.00 1.00 0
-0.8803 -3.9489 0.0000 0.00 0.00 1.00 0
-0.8799 -3.9528 0.0000 0.00 0.00 1.00 0
-0.8833 -3.9291 0.0000 0.00 0.00 1.00 0
-0.8836 -3.9282 0.0000 0.00 0.00 1.00 0
-0.8838 -3.9274 0.0000 0.00 0.00 1.00 0
-0.8821 -3.9147 0.0000 0.00 0.00 1.00 0
-0.8820 -3.9119 0.0000 0.00 0.00 1.00 0
-0.8819 -3.9091 0.0000 0.00 0.00 1.00 0
-0.8819 -3.9179 0.0000 0.00 0.00 1.00 0
-0.8818 -3.9170 0.0000 0.00 0.00 1.00 0
-0.8818 -3.9160 0.0000 0.00 0.00 1.00 0
-0.8814 -3.9501 0.0000 0.00 0.00 1.00 0
-0.8812 -3.9545 0.0000 0.00 0.00 1.00 0
-0.8812 -3.9575 0.0000 0.00 0.00 1.00 0
-0.8768 -3.9999 0.0000 0.00 0.00 1.00 0
-0.8761 -4.0095 0.0000 0.00 0.00 1.00 0
-0.8752 -4.0318 0.0000 0.00 0.00 1.00 0
-0.8744 -4.0452 0.0000 0.00 0.00 1.00 0
-0.8736 -4.0573 0.0000 0.00 0.00 1.00 0
-0.8746 -4.0641 0.0000 0.00 0.00 1.00 0
-0.8742 -4.0754 0.0000 0.00 0.00 1.00 0
-0.8737 -4.0865 0.0000 0.00 0.00 1.00 0
-0.8759 -4.0911 0.0000 0.00 0.00 1.00 0
-0.8758 -4.1013 0.0000 0.00 0.00 1.00 0
-0.8757 -4.1093 0.0000 0.00 0.00 1.00 0
-0.8740 -4.1159 0.0000 0.00 0.00 1.00 0
-0.8736 -4.1254 0.0000 0.00 0.00 1.00 0
-0.8727 -4.1317 0.0000 0.00 0.00 1.00 0
-0.8722 -4.1406 0.0000 0.00 0.00 1.00 0
-0.8718 -4.1502 0.0000 0.00 0.00 1.00 0
-0.8664 -4.1518 0.0000 0.00 0.00 1.00 0
-0.8652 -4.1594 0.0000 0.00 0.00 1.00 0
-0.8641 -4.1664 0.0000 0.00 0.00 1.00 0
-0.8657 -4.1510 0.0000 0.00 0.00 1.00 0
-0.8649 -4.1550 0.0000 0.00 0.00 1.00 0
-0.8642 -4.1587 0.0000 0.00 0.00 1.00 0
-0.8642 -4.1526 0.0000 0.00 0.00 1.00 0
-0.8635 -4.1550 0.0000 0.00 0.00 1.00 0
-0.8647 -4.1573 0.0000 0.00 0.00 1.00 0
-0.8643 -4.1597 0.0000 0.00 0.00 1.00 0
-0.8640 -4.1622 0.0000 0.00 0.00 1.00 0
-0.8631 -4.1776 0.0000 0.00 0.00 1.00 0
-0.8627 -4.1822 0.0000 0.00 0.00 1.00 0
-0.8623 -4.1867 0.0000 0.00 0.00 1.00 0
-0.8575 -4.2183 0.0000 0.00 0.00 1.00 0
-0.8564 -4.2271 0.0000 0.00 0.00 1.00 0
-0.8555 -4.2341 0.0000 0.00 0.00 1.00 0
-0.8488 -4.2789 0.0000 0.00 0.00 1.00 0
-0.8469 -4.2926 0.0000 0.00 0.00 1.00 0
-0.8408 -4.3121 0.0000 0.00 0.00 1.00 0
-0.8382 -4.3268 0.0000 0.00 0.00 1.00 0
-0.8356 -4.3417 0.0000 0.00 0.00 1.00 0
-0.8386 -4.3552 0.0000 0.00 0.00 1.00 0
-0.8370 -4.3684 0.0000 0.00 0.00 1.00 0
-0.8353 -4.3830 0.0000 0.00 0.00 1.00 0
-0.8353 -4.4016 0.0000 0.00 0.00 1.00 0
-0.8339 -4.4165 0.0000 0.00 0.00 1.00 0
-0.8328 -4.4288 0.0000 0.00 0.00 1.00 0
-0.8277 -4.4411 0.0000 0.00 0.00 1.00 0
-0.8258 -4.4553 0.0000 0.00 0.00 1.00 0
-0.8177 -4.4698 0.0000 0.00 0.00 1.00 0
-0.8147 -4.4840 0.0000 0.00 0.00 1.00 0
-0.8116 -4.4990 0.0000 0.00 0.00 1.00 0
-0.8004 -4.5070 0.0000 0.00 0.00 1.00 0
-0.7965 -4.5188 0.0000 0.00 0.00 1.00 0
-0.7917 -4.5336 0.0000 0.00 0.00 1.00 0
-0.7901 -4.5256 0.0000 0.00 0.00 1.00 0
-0.7861 -4.5356 0.0000 0.00 0.00 1.00 0
-0.7826 -4.5445 0.0000 0.00 0.00 1.00 0
-0.7911 -4.5200 0.0000 0.00 0.00 1.00 0
-0.7892 -4.5245 0.0000 0.00 0.00 1.00 0
-0.7983 -4.5013 0.0000 0.00 0.00 1.00 0
-0.7982 -4.5010 0.0000 0.00 0.00 1.00 0
-0.7982 -4.5006 0.0000 0.00 0.00 1.00 0
-0.8040 -4.4855 0.0000 0.00 0.00 1.00 0
-0.8049 -4.4827 0.0000 0.00 0.00 1.00 0
-0.8059 -4.4799 0.0000 0.00 0.00 1.00 0
-0.8092 -4.4797 0.0000 0.00 0.00 1.00 0
-0.8105 -4.4773 0.0000 0.00 0.00 1.00 0
-0.8118 -4.4750 0.0000 0.00 0.00 1.00 0
-0.8052 -4.4904 0.0000 0.00 0.00 1.00 0
-0.8053 -4.4908 0.0000 0.00 0.00 1.00 0
-0.7992 -4.5136 0.0000 0.00 0.00 1.00 0
-0.7982 -4.5181 0.0000 0.00 0.00 1.00 0
-0.7972 -4.5225 0.0000 0.00 0.00 1.00 0
-0.7908 -4.5472 0.0000 0.00 0.00 1.00 0
-0.7888 -4.5552 0.0000 0.00 0.00 1.00 0
-0.7869 -4.5628 0.0000 0.00 0.00 1.00 0
-0.7846 -4.5773 0.0000 0.00 0.00 1.00 0
-0.7827 -4.5862 0.0000 0.00 0.00 1.00 0
-0.7807 -4.5950 0.0000 0.00 0.00 1.00 0
-0.7799 -4.6069 0.0000 0.00 0.00 1.00 0
-0.7781 -4.6160 0.0000 0.00 0.00 1.00 0
-0.7769 -4.6226 0.0000 0.00 0.00 1.00 0
-0.7721 -4.6317 0.0000 0.00 0.00 1.00 0
-0.7699 -4.6405 0.0000 0.00 0.00 1.00 0
-0.7655 -4.6472 0.0000 0.00 0.00 1.00 0
-0.7630 -4.6558 0.0000 0.00 0.00 1.00 0
-0.7605 -4.6641 0.0000 0.00 0.00 1.00 0
-0.7516 -4.6766 0.0000 0.00 0.00 1.00 0
-0.7481 -4.6858 0.0000 0.00 0.00 1.00 0
-0.7445 -4.6949 0.0000 0.00 0.00 1.00 0
-0.7367 -4.6986 0.0000 0.00 0.00 1.00 0
-0.7325 -4.7069 0.0000 0.00 0.00 1.00 0
-0.7291 -4.7136 0.0000 0.00 0.00 1.00 0
-0.7365 -4.7181 0.0000 0.00 0.00 1.00 0
-0.7342 -4.7255 0.0000 0.00 0.00 1.00 0
-0.7392 -4.7300 0.0000 0.00 0.00 1.00 0
-0.7381 -4.7371 0.0000 0.00 0.00 1.00 0
-0.7370 -4.7440 0.0000 0.00 0.00 1.00 0
-0.7377 -4.7435 0.0000 0.00 0.00 1.00 0
-0.7369 -4.7492 0.0000 0.00 0.00 1.00 0
-0.7361 -4.7549 0.0000 0.00 0.00 1.00 0
-0.7297 -4.7606 0.0000 0.00 0.00 1.00 0
-0.7280 -4.7663 0.0000 0.00 0.00 1.00 0
-0.7267 -4.7709 0.0000 0.00 0.00 1.00 0
-0.7184 -4.7829 0.0000 0.00 0.00 1.00 0
-0.7158 -4.7895 0.0000 0.00 0.00 1.00 0
-0.7109 -4.7960 0.0000 0.00 0.00 1.00 0
-0.7079 -4.8025 0.0000 0.00 0.00 1.00 0
-0.7049 -4.8092 0.0000 0.00 0.00 1.00 0
-0.7081 -4.8150 0.0000 0.00 0.00 1.00 0
-0.7061 -4.8215 0.0000 0.00 0.00 1.00 0
-0.7041 -4.8280 0.0000 0.00 0.00 1.00 0
-0.7046 -4.8315 0.0000 0.00 0.00 1.00 0
-0.7030 -4.8375 0.0000 0.00 0.00 1.00 0
-0.7017 -4.8423 0.0000 0.00 0.00 1.00 0
-0.6962 -4.8478 0.0000 0.00 0.00 1.00 0
-0.6941 -4.8536 0.0000 0.00 0.00 1.00 0
-0.6928 -4.8570 0.0000 0.00 0.00 1.00 0
-0.6816 -4.8676 0.0000 0.00 0.00 1.00 0
-0.6776 -4.8749 0.0000 0.00 0.00 1.00 0
-0.6679 -4.8872 0.0000 0.00 0.00 1.00 0
-0.6634 -4.8946 0.0000 0.00 0.00 1.00 0
-0.6589 -4.9020 0.0000 0.00 0.00 1.00 0
-0.6569 -4.9105 0.0000 0.00 0.00 1.00 0
-0.6527 -4.9182 0.0000 0.00 0.00 1.00 0
-0.6490 -4.9249 0.0000 0.00 0.00 1.00 0
-0.6505 -4.9315 0.0000 0.00 0.00 1.00 0
-0.6474 -4.9388 0.0000 0.00 0.00 1.00 0
-0.6455 -4.9430 0.0000 0.00 0.00 1.00 0
-0.6478 -4.9491 0.0000 0.00 0.00 1.00 0
-0.6459 -4.9551 0.0000 0.00 0.00 1.00 0
-0.6430 -4.9632 0.0000 0.00 0.00 1.00 0
-0.6408 -4.9699 0.0000 0.00 0.00 1.00 0
-0.6385 -4.9768 0.0000 0.00 0.00 1.00 0
-0.6309 -4.9876 0.0000 0.00 0.00 1.00 0
-0.6278 -4.9950 0.0000 0.00 0.00 1.00 0
-0.6254 -5.0009 0.0000 0.00 0.00 1.00 0
-0.6083 -5.0109 0.0000 0.00 0.00 1.00 0
-0.6031 -5.0185 0.0000 0.00 0.00 1.00 0
-0.5996 -5.0237 0.0000 0.00 0.00 1.00 0
-0.5884 -5.0349 0.0000 0.00 0.00 1.00 0
-0.5825 -5.0428 0.0000 0.00 0.00 1.00 0
-0.5814 -5.0476 0.0000 0.00 0.00 1.00 0
-0.5764 -5.0549 0.0000 0.00 0.00 1.00 0
-0.5714 -5.0622 0.0000 0.00 0.00 1.00 0
-0.5772 -5.0664 0.0000 0.00 0.00 1.00 0
-0.5739 -5.0732 0.0000 0.00 0.00 1.00 0
-0.5706 -5.0801 0.0000 0.00 0.00 1.00 0
-0.5745 -5.0870 0.0000 0.00 0.00 1.00 0
-0.5724 -5.0937 0.0000 0.00 0.00 1.00 0
-0.5683 -5.0958 0.0000 0.00 0.00 1.00 0
-0.5658 -5.1018 0.0000 0.00 0.00 1.00 0
-0.5633 -5.1077 0.0000 0.00 0.00 1.00 0
-0.5512 -5.1162 0.0000 0.00 0.00 1.00 0
-0.5471 -5.1225 0.0000 0.00 0.00 1.00 0
-0.5429 -5.1291 0.0000 0.00 0.00 1.00 0
-0.5310 -5.1366 0.0000 0.00 0.00 1.00 0
-0.5257 -5.1431 0.0000 0.00 0.00 1.00 0
-0.5203 -5.1498 0.0000 0.00 0.00 1.00 0
-0.5095 -5.1609 0.0000 0.00 0.00 1.00 0
-0.5040 -5.1674 0.0000 0.00 0.00 1.00 0
-0.4991 -5.1732 0.0000 0.00 0.00 1.00 0
-0.4989 -5.1766 0.0000 0.00 0.00 1.00 0
-0.4939 -5.1829 0.0000 0.00 0.00 1.00 0
-0.5016 -5.1845 0.0000 0.00 0.00 1.00 0
-0.4984 -5.1907 0.0000 0.00 0.00 1.00 0
-0.4958 -5.1957 0.0000 0.00 0.00 1.00 0
-0.4940 -5.1960 0.0000 0.00 0.00 1.00 0
-0.4916 -5.2002 0.0000 0.00 0.00 1.00 0
-0.4889 -5.2049 0.0000 0.00 0.00 1.00 0
-0.4772 -5.2144 0.0000 0.00 0.00 1.00 0
-0.4731 -5.2199 0.0000 0.00 0.00 1.00 0
-0.4691 -5.2252 0.0000 0.00 0.00 1.00 0
-0.4538 -5.2375 0.0000 0.00 0.00 1.00 0
-0.4481 -5.2439 0.0000 0.00 0.00 1.00 0
-0.4391 -5.2536 0.0000 0.00 0.00 1.00 0
-0.4328 -5.2606 0.0000 0.00 0.00 1.00 0
-0.4259 -5.2683 0.0000 0.00 0.00 1.00 0
-0.4245 -5.2762 0.0000 0.00 0.00 1.00 0
-0.4189 -5.2835 0.0000 0.00 0.00 1.00 0
-0.4134 -5.2907 0.0000 0.00 0.00 1.00 0
-0.4226 -5.2887 0.0000 0.00 0.00 1.00 0
-0.4193 -5.2944 0.0000 0.00 0.00 1.00 0
-0.4167 -5.2991 0.0000 0.00 0.00 1.00 0
-0.4181 -5.3008 0.0000 0.00 0.00 1.00 0
-0.4156 -5.3058 0.0000 0.00 0.00 1.00 0
-0.4110 -5.3109 0.0000 0.00 0.00 1.00 0
-0.4082 -5.3158 0.0000 0.00 0.00 1.00 0
-0.4053 -5.3208 0.0000 0.00 0.00 1.00 0
-0.3903 -5.3303 0.0000 0.00 0.00 1.00 0
-0.3853 -5.3363 0.0000 0.00 0.00 1.00 0
-0.3810 -5.3414 0.0000 0.00 0.00 1.00 0
-0.3632 -5.3561 0.0000 0.00 0.00 1.00 0
-0.3564 -5.3632 0.0000 0.00 0.00 1.00 0
-0.3503 -5.3696 0.0000 0.00 0.00 1.00 0
-0.3380 -5.3817 0.0000 0.00 0.00 1.00 0
-0.3313 -5.3886 0.0000 0.00 0.00 1.00 0
-0.3306 -5.3878 0.0000 0.00 0.00 1.00 0
-0.3244 -5.3939 0.0000 0.00 0.00 1.00 0
-0.3182 -5.4000 0.0000 0.00 0.00 1.00 0
-0.3211 -5.4016 0.0000 0.00 0.00 1.00 0
-0.3164 -5.4070 0.0000 0.00 0.00 1.00 0
-0.3117 -5.4123 0.0000 0.00 0.00 1.00 0
-0.3180 -5.4098 0.0000 0.00 0.00 1.00 0
-0.3150 -5.4139 0.0000 0.00 0.00 1.00 0
-0.3123 -5.4177 0.0000 0.00 0.00 1.00 0
-0.3067 -5.4223 0.0000 0.00 0.00 1.00 0
-0.3033 -5.4265 0.0000 0.00 0.00 1.00 0
-0.2914 -5.4348 0.0000 0.00 0.00 1.00 0
-0.2867 -5.4396 0.0000 0.00 0.00 1.00 0
-0.2819 -5.4445 0.0000 0.00 0.00 1.00 0
-0.2724 -5.4526 0.0000 0.00 0.00 1.00 0
-0.2668 -5.4581 0.0000 0.00 0.00 1.00 0
-0.2613 -5.4635 0.0000 0.00 0.00 1.00 0
-0.2457 -5.4729 0.0000 0.00 0.00 1.00 0
-0.2385 -5.4791 0.0000 0.00 0.00 1.00 0
-0.2321 -5.4844 0.0000 0.00 0.00 1.00 0
-0.2248 -5.4906 0.0000 0.00 0.00 1.00 0
-0.2178 -5.4965 0.0000 0.00 0.00 1.00 0
-0.2143 -5.5017 0.0000 0.00 0.00 1.00 0
-0.2079 -5.5075 0.0000 0.00 0.00 1.00 0
-0.2015 -5.5133 0.0000 0.00 0.00 1.00 0
-0.2042 -5.5142 0.0000 0.00 0.00 1.00 0
-0.1993 -5.5192 0.0000 0.00 0.00 1.00 0
-0.1944 -5.5241 0.0000 0.00 0.00 1.00 0
-0.1972 -5.5303 0.0000 0.00 0.00 1.00 0
-0.1935 -5.5356 0.0000 0.00 0.00 1.00 0
-0.1898 -5.5408 0.0000 0.00 0.00 1.00 0
-0.1832 -5.5470 0.0000 0.00 0.00 1.00 0
-0.1792 -5.5521 0.0000 0.00 0.00 1.00 0
-0.1675 -5.5583 0.0000 0.00 0.00 1.00 0
-0.1622 -5.5637 0.0000 0.00 0.00 1.00 0
-0.1568 -5.5692 0.0000 0.00 0.00 1.00 0
-0.1450 -5.5767 0.0000 0.00 0.00 1.00 0
-0.1385 -5.5826 0.0000 0.00 0.00 1.00 0
-0.1320 -5.5884 0.0000 0.00 0.00 1.00 0
-0.1287 -5.5869 0.0000 0.00 0.00 1.00 0
-0.1228 -5.5915 0.0000 0.00 0.00 1.00 0
-0.1167 -5.5962 0.0000 0.00 0.00 1.00 0
-0.1236 -5.5962 0.0000 0.00 0.00 1.00 0
-0.1196 -5.6002 0.0000 0.00 0.00 1.00 0
-0.1167 -5.6029 0.0000 0.00 0.00 1.00 0
-0.1140 -5.6039 0.0000 0.00 0.00 1.00 0
-0.1107 -5.6070 0.0000 0.00 0.00 1.00 0
-0.1022 -5.6160 0.0000 0.00 0.00 1.00 0
-0.0978 -5.6203 0.0000 0.00 0.00 1.00 0
-0.0932 -5.6246 0.0000 0.00 0.00 1.00 0
-0.0746 -5.6409 0.0000 0.00 0.00 1.00 0
-0.0672 -5.6478 0.0000 0.00 0.00 1.00 0
-0.0605 -5.6540 0.0000 0.00 0.00 1.00 0
-0.0424 -5.6655 0.0000 0.00 0.00 1.00 0
-0.0339 -5.6726 0.0000 0.00 0.00 1.00 0
-0.0253 -5.6794 0.0000 0.00 0.00 1.00 0
-0.0168 -5.6864 0.0000 0.00 0.00 1.00 0
-0.0083 -5.6934 0.0000 0.00 0.00 1.00 0
-0.0071 -5.6923 0.0000 0.00 0.00 1.00 0
0.0001 -5.6979 0.0000 0.00 0.00 1.00 0
0.0073 -5.7035 0.0000 0.00 0.00 1.00 0
0.0020 -5.6973 0.0000 0.00 0.00 1.00 0
0.0073 -5.7010 0.0000 0.00 0.00 1.00 0
0.0120 -5.7044 0.0000 0.00 0.00 1.00 0
0.0064 -5.7027 0.0000 0.00 0.00 1.00 0
0.0099 -5.7055 0.0000 0.00 0.00 1.00 0
0.0112 -5.7089 0.0000 0.00 0.00 1.00 0
0.0164 -5.7137 0.0000 0.00 0.00 1.00 0
0.0201 -5.7168 0.0000 0.00 0.00 1.00 0
0.0318 -5.7222 0.0000 0.00 0.00 1.00 0
0.0368 -5.7257 0.0000 0.00 0.00 1.00 0
0.0417 -5.7291 0.0000 0.00 0.00 1.00 0
0.0562 -5.7408 0.0000 0.00 0.00 1.00 0
0.0627 -5.7456 0.0000 0.00 0.00 1.00 0
0.0692 -5.7503 0.0000 0.00 0.00 1.00 0
0.0840 -5.7568 0.0000 0.00 0.00 1.00 0
0.0918 -5.7618 0.0000 0.00 0.00 1.00 0
0.1009 -5.7679 0.0000 0.00 0.00 1.00 0
0.1090 -5.7731 0.0000 0.00 0.00 1.00 0
0.1171 -5.7783 0.0000 0.00 0.00 1.00 0
0.1152 -5.7819 0.0000 0.00 0.00 1.00 0
0.1216 -5.7870 0.0000 0.00 0.00 1.00 0
0.1280 -5.7919 0.0000 0.00 0.00 1.00 0
0.1163 -5.7927 0.0000 0.00 0.00 1.00 0
0.1199 -5.7970 0.0000 0.00 0.00 1.00 0
0.1234 -5.8013 0.0000 0.00 0.00 1.00 0
0.1206 -5.8030 0.0000 0.00 0.00 1.00 0
0.1231 -5.8069 0.0000 0.00 0.00 1.00 0
0.1347 -5.8147 0.0000 0.00 0.00 1.00 0
0.1388 -5.8193 0.0000 0.00 0.00 1.00 0
0.1425 -5.8234 0.0000 0.00 0.00 1.00 0
0.1592 -5.8318 0.0000 0.00 0.00 1.00 0
0.1655 -5.8370 0.0000 0.00 0.00 1.00 0
0.1716 -5.8422 0.0000 0.00 0.00 1.00 0
0.1860 -5.8459 0.0000 0.00 0.00 1.00 0
0.1934 -5.8508 0.0000 0.00 0.00 1.00 0
0.2010 -5.8558 0.0000 0.00 0.00 1.00 0
0.2065 -5.8555 0.0000 0.00 0.00 1.00 0
0.2137 -5.8596 0.0000 0.00 0.00 1.00 0
0.2195 -5.8630 0.0000 0.00 0.00 1.00 0
0.2216 -5.8640 0.0000 0.00 0.00 1.00 0
0.2277 -5.8676 0.0000 0.00 0.00 1.00 0
0.2271 -5.8678 0.0000 0.00 0.00 1.00 0
0.2322 -5.8708 0.0000 0.00 0.00 1.00 0
0.2372 -5.8737 0.0000 0.00 0.00 1.00 0
0.2423 -5.8776 0.0000 0.00 0.00 1.00 0
0.2478 -5.8810 0.0000 0.00 0.00 1.00 0
0.2529 -5.8842 0.0000 0.00 0.00 1.00 0
0.2618 -5.8883 0.0000 0.00 0.00 1.00 0
0.2675 -5.8916 0.0000 0.00 0.00 1.00 0
0.2851 -5.8949 0.0000 0.00 0.00 1.00 0
0.2927 -5.8981 0.0000 0.00 0.00 1.00 0
0.3005 -5.9014 0.0000 0.00 0.00 1.00 0
0.3193 -5.9099 0.0000 0.00 0.00 1.00 0
0.3289 -5.9140 0.0000 0.00 0.00 1.00 0
0.3386 -5.9182 0.0000 0.00 0.00 1.00 0
0.3515 -5.9171 0.0000 0.00 0.00 1.00 0
0.3617 -5.9204 0.0000 0.00 0.00 1.00 0
0.3708 -5.9234 0.0000 0.00 0.00 1.00 0
0.3771 -5.9255 0.0000 0.00 0.00 1.00 0
0.3864 -5.9285 0.0000 0.00 0.00 1.00 0
0.3950 -5.9313 0.0000 0.00 0.00 1.00 0
0.3896 -5.9349 0.0000 0.00 0.00 1.00 0
0.3967 -5.9380 0.0000 0.00 0.00 1.00 0
0.3933 -5.9367 0.0000 0.00 0.00 1.00 0
0.3986 -5.9391 0.0000 0.00 0.00 1.00 0
0.4040 -5.9415 0.0000 0.00 0.00 1.00 0
0.4108 -5.9403 0.0000 0.00 0.00 1.00 0
0.4164 -5.9421 0.0000 0.00 0.00 1.00 0
0.4220 -5.9439 0.0000 0.00 0.00 1.00 0
0.4326 -5.9501 0.0000 0.00 0.00 1.00 0
0.4388 -5.9526 0.0000 0.00 0.00 1.00 0
0.4643 -5.9584 0.0000 0.00 0.00 1.00 0
0.4727 -5.9610 0.0000 0.00 0.00 1.00 0
0.4897 -5.9673 0.0000 0.00 0.00 1.00 0
0.4993 -5.9705 0.0000 0.00 0.00 1.00 0
0.5082 -5.9734 0.0000 0.00 0.00 1.00 0
0.5179 -5.9738 0.0000 0.00 0.00 1.00 0
0.5276 -5.9765 0.0000 0.00 0.00 1.00 0
0.5372 -5.9792 0.0000 0.00 0.00 1.00 0
0.5380 -5.9796 0.0000 0.00 0.00 1.00 0
0.5462 -5.9819 0.0000 0.00 0.00 1.00 0
0.5463 -5.9848 0.0000 0.00 0.00 1.00 0
0.5533 -5.9873 0.0000 0.00 0.00 1.00 0
0.5594 -5.9896 0.0000 0.00 0.00 1.00 0
0.5632 -5.9920 0.0000 0.00 0.00 1.00 0
0.5694 -5.9944 0.0000 0.00 0.00 1.00 0
0.5762 -5.9971 0.0000 0.00 0.00 1.00 0
0.5851 -5.9982 0.0000 0.00 0.00 1.00 0
0.5919 -6.0004 0.0000 0.00 0.00 1.00 0
0.5993 -6.0029 0.0000 0.00 0.00 1.00 0
0.6092 -6.0050 0.0000 0.00 0.00 1.00 0
0.6166 -6.0073 0.0000 0.00 0.00 1.00 0
0.6281 -6.0055 0.0000 0.00 0.00 1.00 0
0.6348 -6.0068 0.0000 0.00 0.00 1.00 0
0.6369 -6.0082 0.0000 0.00 0.00 1.00 0
0.6430 -6.0095 0.0000 0.00 0.00 1.00 0
0.6490 -6.0108 0.0000 0.00 0.00 1.00 0
0.6510 -6.0153 0.0000 0.00 0.00 1.00 0
0.6564 -6.0172 0.0000 0.00 0.00 1.00 0
0.6617 -6.0190 0.0000 0.00 0.00 1.00 0
0.6729 -6.0256 0.0000 0.00 0.00 1.00 0
0.6791 -6.0282 0.0000 0.00 0.00 1.00 0
0.6841 -6.0302 0.0000 0.00 0.00 1.00 0
0.7011 -6.0321 0.0000 0.00 0.00 1.00 0
0.7089 -6.0346 0.0000 0.00 0.00 1.00 0
0.7254 -6.0368 0.0000 0.00 0.00 1.00 0
0.7349 -6.0392 0.0000 0.00 0.00 1.00 0
0.7441 -6.0416 0.0000 0.00 0.00 1.00 0
0.7547 -6.0378 0.0000 0.00 0.00 1.00 0
0.7643 -6.0392 0.0000 0.00 0.00 1.00 0
0.7728 -6.0405 0.0000 0.00 0.00 1.00 0
0.7756 -6.0383 0.0000 0.00 0.00 1.00 0
0.7839 -6.0392 0.0000 0.00 0.00 1.00 0
0.7919 -6.0419 0.0000 0.00 0.00 1.00 0
0.7990 -6.0429 0.0000 0.00 0.00 1.00 0
0.7989 -6.0457 0.0000 0.00 0.00 1.00 0
0.8054 -6.0472 0.0000 0.00 0.00 1.00 0
0.8113 -6.0485 0.0000 0.00 0.00 1.00 0
0.8175 -6.0516 0.0000 0.00 0.00 1.00 0
0.8235 -6.0532 0.0000 0.00 0.00 1.00 0
0.8454 -6.0570 0.0000 0.00 0.00 1.00 0
0.8529 -6.0587 0.0000 0.00 0.00 1.00 0
0.8604 -6.0604 0.0000 0.00 0.00 1.00 0
0.8694 -6.0568 0.0000 0.00 0.00 1.00 0
0.8773 -6.0577 0.0000 0.00 0.00 1.00 0
0.8845 -6.0600 0.0000 0.00 0.00 1.00 0
0.8922 -6.0611 0.0000 0.00 0.00 1.00 0
0.8997 -6.0622 0.0000 0.00 0.00 1.00 0
0.9069 -6.0638 0.0000 0.00 0.00 1.00 0
0.9147 -6.0651 0.0000 0.00 0.00 1.00 0
0.9222 -6.0663 0.0000 0.00 0.00 1.00 0
0.9260 -6.0697 0.0000 0.00 0.00 1.00 0
0.9329 -6.0713 0.0000 0.00 0.00 1.00 0
0.9399 -6.0729 0.0000 0.00 0.00 1.00 0
0.9522 -6.0736 0.0000 0.00 0.00 1.00 0
0.9600 -6.0750 0.0000 0.00 0.00 1.00 0
0.9652 -6.0760 0.0000 0.00 0.00 1.00 0
0.9780 -6.0735 0.0000 0.00 0.00 1.00 0
0.9861 -6.0743 0.0000 0.00 0.00 1.00 0
0.9973 -6.0732 0.0000 0.00 0.00 1.00 0
1.0060 -6.0737 0.0000 0.00 0.00 1.00 0
1.0146 -6.0742 0.0000 0.00 0.00 1.00 0
1.0233 -6.0743 0.0000 0.00 0.00 1.00 0
1.0319 -6.0748 0.0000 0.00 0.00 1.00 0
1.0388 -6.0751 0.0000 0.00 0.00 1.00 0
1.0409 -6.0765 0.0000 0.00 0.00 1.00 0
1.0483 -6.0771 0.0000 0.00 0.00 1.00 0
1.0609 -6.0796 0.0000 0.00 0.00 1.00 0
1.0679 -6.0803 0.0000 0.00 0.00 1.00 0
1.0794 -6.0817 0.0000 0.00 0.00 1.00 0
1.0872 -6.0825 0.0000 0.00 0.00 1.00 0
1.0941 -6.0833 0.0000 0.00 0.00 1.00 0
1.1080 -6.0816 0.0000 0.00 0.00 1.00 0
1.1167 -6.0821 0.0000 0.00 0.00 1.00 0
1.1355 -6.0797 0.0000 0.00 0.00 1.00 0
1.1444 -6.0796 0.0000 0.00 0.00 1.00 0
1.1501 -6.0789 0.0000 0.00 0.00 1.00 0
1.1584 -6.0787 0.0000 0.00 0.00 1.00 0
1.1667 -6.0785 0.0000 0.00 0.00 1.00 0
1.1697 -6.0799 0.0000 0.00 0.00 1.00 0
1.1748 -6.0800 0.0000 0.00 0.00 1.00 0
1.1840 -6.0801 0.0000 0.00 0.00 1.00 0
1.1861 -6.0827 0.0000 0.00 0.00 1.00 0
1.1927 -6.0831 0.0000 0.00 0.00 1.00 0
1.1985 -6.0836 0.0000 0.00 0.00 1.00 0
1.2083 -6.0851 0.0000 0.00 0.00 1.00 0
1.2153 -6.0858 0.0000 0.00 0.00 1.00 0
1.2418 -6.0847 0.0000 0.00 0.00 1.00 0
1.2507 -6.0850 0.0000 0.00 0.00 1.00 0
1.2654 -6.0826 0.0000 0.00 0.00 1.00 0
1.2750 -6.0824 0.0000 0.00 0.00 1.00 0
1.2838 -6.0823 0.0000 0.00 0.00 1.00 0
1.2910 -6.0788 0.0000 0.00 0.00 1.00 0
1.3001 -6.0781 0.0000 0.00 0.00 1.00 0
1.3106 -6.0754 0.0000 0.00 0.00 1.00 0
1.3186 -6.0745 0.0000 0.00 0.00 1.00 0
1.3241 -6.0739 0.0000 0.00 0.00 1.00 0
1.3263 -6.0779 0.0000 0.00 0.00 1.00 0
1.3356 -6.0773 0.0000 0.00 0.00 1.00 0
1.3512 -6.0755 0.0000 0.00 0.00 1.00 0
1.3639 -6.0747 0.0000 0.00 0.00 1.00 0
1.3904 -6.0724 0.0000 0.00 0.00 1.00 0
1.4119 -6.0684 0.0000 0.00 0.00 1.00 0
1.4208 -6.0674 0.0000 0.00 0.00 1.00 0
1.4362 -6.0634 0.0000 0.00 0.00 1.00 0
1.4462 -6.0619 0.0000 0.00 0.00 1.00 0
1.4562 -6.0604 0.0000 0.00 0.00 1.00 0
1.4644 -6.0589 0.0000 0.00 0.00 1.00 0
1.4741 -6.0574 0.0000 0.00 0.00 1.00 0
1.4837 -6.0559 0.0000 0.00 0.00 1.00 0
1.4785 -6.0565 0.0000 0.00 0.00 1.00 0
1.4909 -6.0544 0.0000 0.00 0.00 1.00 0
1.4919 -6.0588 0.0000 0.00 0.00 1.00 0
1.4974 -6.0586 0.0000 0.00 0.00 1.00 0
1.5079 -6.0607 0.0000 0.00 0.00 1.00 0
1.5146 -6.0608 0.0000 0.00 0.00 1.00 0
1.5320 -6.0588 0.0000 0.00 0.00 1.00 0
1.5460 -6.0584 0.0000 0.00 0.00 1.00 0
1.5687 -6.0489 0.0000 0.00 0.00 1.00 0
1.5867 -6.0425 0.0000 0.00 0.00 1.00 0
1.5944 -6.0389 0.0000 0.00 0.00 1.00 0
1.6083 -6.0351 0.0000 0.00 0.00 1.00 0
1.6111 -6.0346 0.0000 0.00 0.00 1.00 0
1.6236 -6.0401 0.0000 0.00 0.00 1.00 0
1.6423 -6.0359 0.0000 0.00 0.00 1.00 0
1.6557 -6.0344 0.0000 0.00 0.00 1.00 0
1.6859 -6.0272 0.0000 0.00 0.00 1.00 0
1.7056 -6.0197 0.0000 0.00 0.00 1.00 0
1.7246 -6.0150 0.0000 0.00 0.00 1.00 0
1.7417 -6.0022 0.0000 0.00 0.00 1.00 0
1.7501 -5.9991 0.0000 0.00 0.00 1.00 0
1.7598 -5.9980 0.0000 0.00 0.00 1.00 0
1.7691 -5.9949 0.0000 0.00 0.00 1.00 0
1.7661 -6.0000 0.0000 0.00 0.00 1.00 0
1.7733 -5.9983 0.0000 0.00 0.00 1.00 0
1.7804 -5.9967 0.0000 0.00 0.00 1.00 0
1.7781 -5.9992 0.0000 0.00 0.00 1.00 0
1.7836 -5.9983 0.0000 0.00 0.00 1.00 0
1.7892 -5.9973 0.0000 0.00 0.00 1.00 0
1.7925 -5.9955 0.0000 0.00 0.00 1.00 0
1.7977 -5.9944 0.0000 0.00 0.00 1.00 0
1.8104 -5.9846 0.0000 0.00 0.00 1.00 0
1.8170 -5.9820 0.0000 0.00 0.00 1.00 0
1.8235 -5.9793 0.0000 0.00 0.00 1.00 0
1.8282 -5.9775 0.0000 0.00 0.00 1.00 0
1.8501 -5.9652 0.0000 0.00 0.00 1.00 0
1.8584 -5.9614 0.0000 0.00 0.00 1.00 0
1.8707 -5.9591 0.0000 0.00 0.00 1.00 0
1.8794 -5.9557 0.0000 0.00 0.00 1.00 0
1.8883 -5.9521 0.0000 0.00 0.00 1.00 0
1.8875 -5.9552 0.0000 0.00 0.00 1.00 0
1.8949 -5.9526 0.0000 0.00 0.00 1.00 0
1.9008 -5.9506 0.0000 0.00 0.00 1.00 0
1.8982 -5.9532 0.0000 0.00 0.00 1.00 0
1.9041 -5.9515 0.0000 0.00 0.00 1.00 0
1.9090 -5.9541 0.0000 0.00 0.00 1.00 0
1.9146 -5.9531 0.0000 0.00 0.00 1.00 0
1.9201 -5.9522 0.0000 0.00 0.00 1.00 0
1.9308 -5.9467 0.0000 0.00 0.00 1.00 0
1.9369 -5.9451 0.0000 0.00 0.00 1.00 0
1.9433 -5.9434 0.0000 0.00 0.00 1.00 0
1.9590 -5.9332 0.0000 0.00 0.00 1.00 0
1.9668 -5.9302 0.0000 0.00 0.00 1.00 0
1.9782 -5.9227 0.0000 0.00 0.00 1.00 0
1.9863 -5.9190 0.0000 0.00 0.00 1.00 0
1.9938 -5.9157 0.0000 0.00 0.00 1.00 0
1.9994 -5.9085 0.0000 0.00 0.00 1.00 0
2.0072 -5.9042 0.0000 0.00 0.00 1.00 0
2.0149 -5.8999 0.0000 0.00 0.00 1.00 0
2.0132 -5.9030 0.0000 0.00 0.00 1.00 0
2.0194 -5.9000 0.0000 0.00 0.00 1.00 0
2.0255 -5.8970 0.0000 0.00 0.00 1.00 0
2.0311 -5.9018 0.0000 0.00 0.00 1.00 0
2.0373 -5.8999 0.0000 0.00 0.00 1.00 0
2.0427 -5.8983 0.0000 0.00 0.00 1.00 0
2.0465 -5.8975 0.0000 0.00 0.00 1.00 0
2.0522 -5.8958 0.0000 0.00 0.00 1.00 0
2.0590 -5.8893 0.0000 0.00 0.00 1.00 0
2.0649 -5.8868 0.0000 0.00 0.00 1.00 0
2.0705 -5.8808 0.0000 0.00 0.00 1.00 0
2.0836 -5.8691 0.0000 0.00 0.00 1.00 0
2.0907 -5.8651 0.0000 0.00 0.00 1.00 0
2.0979 -5.8611 0.0000 0.00 0.00 1.00 0
2.1098 -5.8494 0.0000 0.00 0.00 1.00 0
2.1178 -5.8441 0.0000 0.00 0.00 1.00 0
2.1262 -5.8388 0.0000 0.00 0.00 1.00 0
2.1342 -5.8335 0.0000 0.00 0.00 1.00 0
2.1421 -5.8283 0.0000 0.00 0.00 1.00 0
2.1414 -5.8356 0.0000 0.00 0.00 1.00 0
2.1470 -5.8329 0.0000 0.00 0.00 1.00 0
2.1543 -5.8293 0.0000 0.00 0.00 1.00 0
2.1571 -5.8338 0.0000 0.00 0.00 1.00 0
2.1629 -5.8319 0.0000 0.00 0.00 1.00 0
2.1688 -5.8300 0.0000 0.00 0.00 1.00 0
2.1718 -5.8290 0.0000 0.00 0.00 1.00 0
2.1772 -5.8272 0.0000 0.00 0.00 1.00 0
2.1893 -5.8150 0.0000 0.00 0.00 1.00 0
2.1959 -5.8114 0.0000 0.00 0.00 1.00 0
2.2024 -5.8078 0.0000 0.00 0.00 1.00 0
2.2154 -5.7893 0.0000 0.00 0.00 1.00 0
2.2232 -5.7831 0.0000 0.00 0.00 1.00 0
2.2309 -5.7769 0.0000 0.00 0.00 1.00 0
2.2453 -5.7672 0.0000 0.00 0.00 1.00 0
2.2541 -5.7604 0.0000 0.00 0.00 1.00 0
2.2630 -5.7536 0.0000 0.00 0.00 1.00 0
2.2651 -5.7520 0.0000 0.00 0.00 1.00 0
2.2729 -5.7460 0.0000 0.00 0.00 1.00 0
2.2794 -5.7410 0.0000 0.00 0.00 1.00 0
2.2844 -5.7412 0.0000 0.00 0.00 1.00 0
2.2916 -5.7363 0.0000 0.00 0.00 1.00 0
2.2959 -5.7333 0.0000 0.00 0.00 1.00 0
2.2970 -5.7297 0.0000 0.00 0.00 1.00 0
2.3029 -5.7253 0.0000 0.00 0.00 1.00 0
2.3091 -5.7227 0.0000 0.00 0.00 1.00 0
2.3153 -5.7184 0.0000 0.00 0.00 1.00 0
2.3211 -5.7143 0.0000 0.00 0.00 1.00 0
2.3274 -5.7161 0.0000 0.00 0.00 1.00 0
2.3334 -5.7129 0.0000 0.00 0.00 1.00 0
2.3375 -5.7106 0.0000 0.00 0.00 1.00 0
2.3429 -5.7109 0.0000 0.00 0.00 1.00 0
2.3486 -5.7083 0.0000 0.00 0.00 1.00 0
2.3569 -5.7009 0.0000 0.00 0.00 1.00 0
2.3630 -5.6976 0.0000 0.00 0.00 1.00 0
2.3691 -5.6942 0.0000 0.00 0.00 1.00 0
2.3830 -5.6848 0.0000 0.00 0.00 1.00 0
2.3904 -5.6804 0.0000 0.00 0.00 1.00 0
2.3978 -5.6760 0.0000 0.00 0.00 1.00 0
2.4077 -5.6672 0.0000 0.00 0.00 1.00 0
2.4156 -5.6621 0.0000 0.00 0.00 1.00 0
2.4217 -5.6542 0.0000 0.00 0.00 1.00 0
2.4291 -5.6487 0.0000 0.00 0.00 1.00 0
2.4368 -5.6430 0.0000 0.00 0.00 1.00 0
2.4411 -5.6398 0.0000 0.00 0.00 1.00 0
2.4472 -5.6318 0.0000 0.00 0.00 1.00 0
2.4540 -5.6262 0.0000 0.00 0.00 1.00 0
2.4505 -5.6264 0.0000 0.00 0.00 1.00 0
2.4556 -5.6218 0.0000 0.00 0.00 1.00 0
2.4608 -5.6171 0.0000 0.00 0.00 1.00 0
2.4641 -5.6199 0.0000 0.00 0.00 1.00 0
2.4689 -5.6164 0.0000 0.00 0.00 1.00 0
2.4717 -5.6156 0.0000 0.00 0.00 1.00 0
2.4759 -5.6129 0.0000 0.00 0.00 1.00 0
2.4803 -5.6099 0.0000 0.00 0.00 1.00 0
2.4885 -5.6028 0.0000 0.00 0.00 1.00 0
2.4935 -5.5992 0.0000 0.00 0.00 1.00 0
2.4986 -5.5955 0.0000 0.00 0.00 1.00 0
2.5115 -5.5808 0.0000 0.00 0.00 1.00 0
2.5172 -5.5758 0.0000 0.00 0.00 1.00 0
2.5241 -5.5698 0.0000 0.00 0.00 1.00 0
2.5297 -5.5609 0.0000 0.00 0.00 1.00 0
2.5358 -5.5550 0.0000 0.00 0.00 1.00 0
2.5404 -5.5502 0.0000 0.00 0.00 1.00 0
2.5464 -5.5445 0.0000 0.00 0.00 1.00 0
2.5522 -5.5388 0.0000 0.00 0.00 1.00 0
2.5514 -5.5438 0.0000 0.00 0.00 1.00 0
2.5561 -5.5399 0.0000 0.00 0.00 1.00 0
2.5608 -5.5360 0.0000 0.00 0.00 1.00 0
2.5644 -5.5425 0.0000 0.00 0.00 1.00 0
2.5691 -5.5402 0.0000 0.00 0.00 1.00 0
2.5737 -5.5380 0.0000 0.00 0.00 1.00 0
2.5803 -5.5334 0.0000 0.00 0.00 1.00 0
2.5856 -5.5306 0.0000 0.00 0.00 1.00 0
2.5897 -5.5285 0.0000 0.00 0.00 1.00 0
2.6050 -5.5089 0.0000 0.00 0.00 1.00 0
2.6115 -5.5037 0.0000 0.00 0.00 1.00 0
2.6215 -5.4877 0.0000 0.00 0.00 1.00 0
2.6287 -5.4805 0.0000 0.00 0.00 1.00 0
2.6358 -5.4736 0.0000 0.00 0.00 1.00 0
2.6417 -5.4633 0.0000 0.00 0.00 1.00 0
2.6486 -5.4557 0.0000 0.00 0.00 1.00 0
2.6555 -5.4482 0.0000 0.00 0.00 1.00 0
2.6596 -5.4467 0.0000 0.00 0.00 1.00 0
2.6661 -5.4400 0.0000 0.00 0.00 1.00 0
2.6689 -5.4358 0.0000 0.00 0.00 1.00 0
2.6747 -5.4296 0.0000 0.00 0.00 1.00 0
2.6804 -5.4235 0.0000 0.00 0.00 1.00 0
2.6802 -5.4232 0.0000 0.00 0.00 1.00 0
2.6849 -5.4180 0.0000 0.00 0.00 1.00 0
2.6897 -5.4129 0.0000 0.00 0.00 1.00 0
2.6954 -5.4127 0.0000 0.00 0.00 1.00 0
2.7004 -5.4083 0.0000 0.00 0.00 1.00 0
2.7053 -5.4040 0.0000 0.00 0.00 1.00 0
2.7105 -5.4030 0.0000 0.00 0.00 1.00 0
2.7155 -5.3992 0.0000 0.00 0.00 1.00 0
2.7196 -5.3960 0.0000 0.00 0.00 1.00 0
2.7283 -5.3872 0.0000 0.00 0.00 1.00 0
2.7337 -5.3828 0.0000 0.00 0.00 1.00 0
2.7435 -5.3678 0.0000 0.00 0.00 1.00 0
2.7497 -5.3616 0.0000 0.00 0.00 1.00 0
2.7558 -5.3553 0.0000 0.00 0.00 1.00 0
2.7666 -5.3388 0.0000 0.00 0.00 1.00 0
2.7735 -5.3309 0.0000 0.00 0.00 1.00 0
2.7800 -5.3234 0.0000 0.00 0.00 1.00 0
2.7781 -5.3223 0.0000 0.00 0.00 1.00 0
2.7837 -5.3154 0.0000 0.00 0.00 1.00 0
2.7822 -5.3181 0.0000 0.00 0.00 1.00 0
2.7864 -5.3130 0.0000 0.00 0.00 1.00 0
2.7908 -5.3078 0.0000 0.00 0.00 1.00 0
2.7924 -5.3139 0.0000 0.00 0.00 1.00 0
2.7962 -5.3107 0.0000 0.00 0.00 1.00 0
2.8001 -5.3074 0.0000 0.00 0.00 1.00 0
2.8098 -5.2966 0.0000 0.00 0.00 1.00 0
2.8145 -5.2921 0.0000 0.00 0.00 1.00 0
2.8195 -5.2874 0.0000 0.00 0.00 1.00 0
2.8328 -5.2690 0.0000 0.00 0.00 1.00 0
2.8389 -5.2623 0.0000 0.00 0.00 1.00 0
2.8478 -5.2504 0.0000 0.00 0.00 1.00 0
2.8543 -5.2428 0.0000 0.00 0.00 1.00 0
2.8610 -5.2351 0.0000 0.00 0.00 1.00 0
2.8646 -5.2284 0.0000 0.00 0.00 1.00 0
2.8713 -5.2201 0.0000 0.00 0.00 1.00 0
2.8777 -5.2124 0.0000 0.00 0.00 1.00 0
2.8694 -5.2128 0.0000 0.00 0.00 1.00 0
2.8733 -5.2065 0.0000 0.00 0.00 1.00 0
2.8772 -5.2001 0.0000 0.00 0.00 1.00 0
2.8766 -5.2013 0.0000 0.00 0.00 1.00 0
2.8797 -5.1961 0.0000 0.00 0.00 1.00 0
2.8823 -5.1919 0.0000 0.00 0.00 1.00 0
2.8866 -5.1891 0.0000 0.00 0.00 1.00 0
2.8899 -5.1844 0.0000 0.00 0.00 1.00 0
2.8998 -5.1755 0.0000 0.00 0.00 1.00 0
2.9040 -5.1704 0.0000 0.00 0.00 1.00 0
2.9083 -5.1650 0.0000 0.00 0.00 1.00 0
2.9204 -5.1518 0.0000 0.00 0.00 1.00 0
2.9260 -5.1452 0.0000 0.00 0.00 1.00 0
2.9310 -5.1392 0.0000 0.00 0.00 1.00 0
2.9426 -5.1188 0.0000 0.00 0.00 1.00 0
2.9491 -5.1100 0.0000 0.00 0.00 1.00 0
2.9541 -5.1033 0.0000 0.00 0.00 1.00 0
2.9581 -5.0870 0.0000 0.00 0.00 1.00 0
2.9641 -5.0772 0.0000 0.00 0.00 1.00 0
2.9621 -5.0765 0.0000 0.00 0.00 1.00 0
2.9672 -5.0676 0.0000 0.00 0.00 1.00 0
2.9700 -5.0627 0.0000 0.00 0.00 1.00 0
2.9688 -5.0706 0.0000 0.00 0.00 1.00 0
2.9723 -5.0656 0.0000 0.00 0.00 1.00 0
2.9754 -5.0610 0.0000 0.00 0.00 1.00 0
2.9770 -5.0615 0.0000 0.00 0.00 1.00 0
2.9802 -5.0574 0.0000 0.00 0.00 1.00 0
2.9873 -5.0500 0.0000 0.00 0.00 1.00 0
2.9911 -5.0453 0.0000 0.00 0.00 1.00 0
2.9949 -5.0407 0.0000 0.00 0.00 1.00 0
3.0022 -5.0290 0.0000 0.00 0.00 1.00 0
3.0066 -5.0231 0.0000 0.00 0.00 1.00 0
3.0110 -5.0173 0.0000 0.00 0.00 1.00 0
3.0200 -4.9940 0.0000 0.00 0.00 1.00 0
3.0252 -4.9852 0.0000 0.00 0.00 1.00 0
3.0303 -4.9766 0.0000 0.00 0.00 1.00 0
3.0401 -4.9652 0.0000 0.00 0.00 1.00 0
3.0459 -4.9561 0.0000 0.00 0.00 1.00 0
3.0505 -4.9489 0.0000 0.00 0.00 1.00 0
3.0523 -4.9379 0.0000 0.00 0.00 1.00 0
3.0573 -4.9289 0.0000 0.00 0.00 1.00 0
3.0532 -4.9333 0.0000 0.00 0.00 1.00 0
3.0567 -4.9265 0.0000 0.00 0.00 1.00 0
3.0602 -4.9197 0.0000 0.00 0.00 1.00 0
3.0590 -4.9264 0.0000 0.00 0.00 1.00 0
3.0617 -4.9218 0.0000 0.00 0.00 1.00 0
3.0642 -4.9177 0.0000 0.00 0.00 1.00 0
3.0709 -4.9165 0.0000 0.00 0.00 1.00 0
3.0742 -4.9125 0.0000 0.00 0.00 1.00 0
3.0768 -4.9093 0.0000 0.00 0.00 1.00 0
3.0869 -4.8950 0.0000 0.00 0.00 1.00 0
3.0911 -4.8896 0.0000 0.00 0.00 1.00 0
3.1000 -4.8743 0.0000 0.00 0.00 1.00 0
3.1045 -4.8679 0.0000 0.00 0.00 1.00 0
3.1099 -4.8602 0.0000 0.00 0.00 1.00 0
3.1148 -4.8490 0.0000 0.00 0.00 1.00 0
3.1198 -4.8413 0.0000 0.00 0.00 1.00 0
3.1242 -4.8344 0.0000 0.00 0.00 1.00 0
3.1294 -4.8184 0.0000 0.00 0.00 1.00 0
3.1343 -4.8097 0.0000 0.00 0.00 1.00 0
3.1373 -4.8043 0.0000 0.00 0.00 1.00 0
3.1349 -4.7911 0.0000 0.00 0.00 1.00 0
3.1385 -4.7821 0.0000 0.00 0.00 1.00 0
3.1413 -4.7745 0.0000 0.00 0.00 1.00 0
3.1449 -4.7653 0.0000 0.00 0.00 1.00 0
3.1485 -4.7562 0.0000 0.00 0.00 1.00 0
3.1483 -4.7514 0.0000 0.00 0.00 1.00 0
3.1513 -4.7431 0.0000 0.00 0.00 1.00 0
3.1542 -4.7348 0.0000 0.00 0.00 1.00 0
3.1542 -4.7290 0.0000 0.00 0.00 1.00 0
3.1567 -4.7211 0.0000 0.00 0.00 1.00 0
3.1604 -4.7153 0.0000 0.00 0.00 1.00 0
3.1630 -4.7078 0.0000 0.00 0.00 1.00 0
3.1657 -4.7004 0.0000 0.00 0.00 1.00 0
3.1702 -4.6963 0.0000 0.00 0.00 1.00 0
3.1731 -4.6893 0.0000 0.00 0.00 1.00 0
3.1761 -4.6823 0.0000 0.00 0.00 1.00 0
3.1879 -4.6748 0.0000 0.00 0.00 1.00 0
3.1922 -4.6679 0.0000 0.00 0.00 1.00 0
3.1965 -4.6609 0.0000 0.00 0.00 1.00 0
3.2041 -4.6513 0.0000 0.00 0.00 1.00 0
3.2089 -4.6439 0.0000 0.00 0.00 1.00 0
3.2117 -4.6324 0.0000 0.00 0.00 1.00 0
3.2162 -4.6241 0.0000 0.00 0.00 1.00 0
3.2207 -4.6160 0.0000 0.00 0.00 1.00 0
3.2243 -4.6059 0.0000 0.00 0.00 1.00 0
3.2286 -4.5975 0.0000 0.00 0.00 1.00 0
3.2330 -4.5890 0.0000 0.00 0.00 1.00 0
3.2334 -4.5844 0.0000 0.00 0.00 1.00 0
3.2370 -4.5766 0.0000 0.00 0.00 1.00 0
3.2404 -4.5696 0.0000 0.00 0.00 1.00 0
3.2438 -4.5618 0.0000 0.00 0.00 1.00 0
3.2474 -4.5542 0.0000 0.00 0.00 1.00 0
3.2519 -4.5498 0.0000 0.00 0.00 1.00 0
3.2556 -4.5428 0.0000 0.00 0.00 1.00 0
3.2594 -4.5356 0.0000 0.00 0.00 1.00 0
3.2634 -4.5287 0.0000 0.00 0.00 1.00 0
3.2672 -4.5217 0.0000 0.00 0.00 1.00 0
3.2710 -4.5147 0.0000 0.00 0.00 1.00 0
3.2734 -4.5121 0.0000 0.00 0.00 1.00 0
3.2769 -4.5058 0.0000 0.00 0.00 1.00 0
3.2802 -4.5001 0.0000 0.00 0.00 1.00 0
3.2821 -4.4906 0.0000 0.00 0.00 1.00 0
3.2854 -4.4839 0.0000 0.00 0.00 1.00 0
3.2905 -4.4718 0.0000 0.00 0.00 1.00 0
3.2941 -4.4641 0.0000 0.00 0.00 1.00 0
3.2977 -4.4564 0.0000 0.00 0.00 1.00 0
3.3019 -4.4462 0.0000 0.00 0.00 1.00 0
3.3057 -4.4379 0.0000 0.00 0.00 1.00 0
3.3093 -4.4300 0.0000 0.00 0.00 1.00 0
3.3089 -4.4226 0.0000 0.00 0.00 1.00 0
3.3113 -4.4164 0.0000 0.00 0.00 1.00 0
3.3148 -4.4072 0.0000 0.00 0.00 1.00 0
3.3171 -4.4000 0.0000 0.00 0.00 1.00 0
3.3200 -4.3923 0.0000 0.00 0.00 1.00 0
3.3220 -4.3868 0.0000 0.00 0.00 1.00 0
3.3237 -4.3764 0.0000 0.00 0.00 1.00 0
3.3255 -4.3709 0.0000 0.00 0.00 1.00 0
3.3362 -4.3606 0.0000 0.00 0.00 1.00 0
3.3400 -4.3528 0.0000 0.00 0.00 1.00 0
3.3438 -4.3450 0.0000 0.00 0.00 1.00 0
3.3526 -4.3364 0.0000 0.00 0.00 1.00 0
3.3576 -4.3277 0.0000 0.00 0.00 1.00 0
3.3593 -4.3205 0.0000 0.00 0.00 1.00 0
3.3635 -4.3126 0.0000 0.00 0.00 1.00 0
3.3680 -4.3039 0.0000 0.00 0.00 1.00 0
3.3673 -4.3015 0.0000 0.00 0.00 1.00 0
3.3710 -4.2936 0.0000 0.00 0.00 1.00 0
3.3741 -4.2871 0.0000 0.00 0.00 1.00 0
3.3736 -4.2890 0.0000 0.00 0.00 1.00 0
3.3760 -4.2840 0.0000 0.00 0.00 1.00 0
3.3790 -4.2779 0.0000 0.00 0.00 1.00 0
3.3837 -4.2738 0.0000 0.00 0.00 1.00 0
3.3864 -4.2690 0.0000 0.00 0.00 1.00 0
3.3891 -4.2641 0.0000 0.00 0.00 1.00 0
3.3959 -4.2529 0.0000 0.00 0.00 1.00 0
3.3994 -4.2469 0.0000 0.00 0.00 1.00 0
3.4056 -4.2325 0.0000 0.00 0.00 1.00 0
3.4096 -4.2250 0.0000 0.00 0.00 1.00 0
3.4140 -4.2166 0.0000 0.00 0.00 1.00 0
3.4177 -4.1988 0.0000 0.00 0.00 1.00 0
3.4221 -4.1887 0.0000 0.00 0.00 1.00 0
3.4258 -4.1801 0.0000 0.00 0.00 1.00 0
3.4278 -4.1701 0.0000 0.00 0.00 1.00 0
3.4315 -4.1607 0.0000 0.00 0.00 1.00 0
3.4293 -4.1575 0.0000 0.00 0.00 1.00 0
3.4319 -4.1493 0.0000 0.00 0.00 1.00 0
3.4343 -4.1419 0.0000 0.00 0.00 1.00 0
3.4351 -4.1434 0.0000 0.00 0.00 1.00 0
3.4374 -4.1367 0.0000 0.00 0.00 1.00 0
3.4397 -4.1302 0.0000 0.00 0.00 1.00 0
3.4416 -4.1315 0.0000 0.00 0.00 1.00 0
3.4439 -4.1263 0.0000 0.00 0.00 1.00 0
3.4461 -4.1211 0.0000 0.00 0.00 1.00 0
3.4542 -4.1121 0.0000 0.00 0.00 1.00 0
3.4574 -4.1062 0.0000 0.00 0.00 1.00 0
3.4599 -4.1016 0.0000 0.00 0.00 1.00 0
3.4687 -4.0869 0.0000 0.00 0.00 1.00 0
3.4726 -4.0799 0.0000 0.00 0.00 1.00 0
3.4788 -4.0625 0.0000 0.00 0.00 1.00 0
3.4832 -4.0535 0.0000 0.00 0.00 1.00 0
3.4874 -4.0449 0.0000 0.00 0.00 1.00 0
3.4923 -4.0330 0.0000 0.00 0.00 1.00 0
3.4966 -4.0237 0.0000 0.00 0.00 1.00 0
3.5005 -4.0155 0.0000 0.00 0.00 1.00 0
3.4979 -4.0097 0.0000 0.00 0.00 1.00 0
3.5012 -4.0011 0.0000 0.00 0.00 1.00 0
3.5038 -3.9942 0.0000 0.00 0.00 1.00 0
3.4983 -3.9887 0.0000 0.00 0.00 1.00 0
3.5001 -3.9808 0.0000 0.00 0.00 1.00 0
3.5010 -3.9769 0.0000 0.00 0.00 1.00 0
3.4955 -3.9733 0.0000 0.00 0.00 1.00 0
3.4962 -3.9666 0.0000 0.00 0.00 1.00 0
3.5021 -3.9654 0.0000 0.00 0.00 1.00 0
3.5035 -3.9597 0.0000 0.00 0.00 1.00 0
3.5050 -3.9539 0.0000 0.00 0.00 1.00 0
3.5141 -3.9440 0.0000 0.00 0.00 1.00 0
3.5169 -3.9374 0.0000 0.00 0.00 1.00 0
3.5226 -3.9232 0.0000 0.00 0.00 1.00 0
3.5255 -3.9162 0.0000 0.00 0.00 1.00 0
3.5286 -3.9085 0.0000 0.00 0.00 1.00 0
3.5319 -3.8933 0.0000 0.00 0.00 1.00 0
3.5351 -3.8843 0.0000 0.00 0.00 1.00 0
3.5382 -3.8754 0.0000 0.00 0.00 1.00 0
3.5387 -3.8598 0.0000 0.00 0.00 1.00 0
3.5414 -3.8497 0.0000 0.00 0.00 1.00 0
3.5441 -3.8396 0.0000 0.00 0.00 1.00 0
3.5447 -3.8284 0.0000 0.00 0.00 1.00 0
3.5472 -3.8180 0.0000 0.00 0.00 1.00 0
3.5470 -3.8132 0.0000 0.00 0.00 1.00 0
3.5492 -3.8027 0.0000 0.00 0.00 1.00 0
3.5512 -3.7934 0.0000 0.00 0.00 1.00 0
3.5524 -3.7876 0.0000 0.00 0.00 1.00 0
3.5572 -3.7832 0.0000 0.00 0.00 1.00 0
3.5596 -3.7749 0.0000 0.00 0.00 1.00 0
3.5577 -3.7690 0.0000 0.00 0.00 1.00 0
3.5593 -3.7612 0.0000 0.00 0.00 1.00 0
3.5610 -3.7533 0.0000 0.00 0.00 1.00 0
3.5593 -3.7446 0.0000 0.00 0.00 1.00 0
3.5604 -3.7366 0.0000 0.00 0.00 1.00 0
3.5643 -3.7355 0.0000 0.00 0.00 1.00 0
3.5659 -3.7288 0.0000 0.00 0.00 1.00 0
3.5761 -3.7292 0.0000 0.00 0.00 1.00 0
3.5821 -3.7228 0.0000 0.00 0.00 1.00 0
3.5845 -3.7161 0.0000 0.00 0.00 1.00 0
3.5868 -3.7093 0.0000 0.00 0.00 1.00 0
3.5916 -3.7044 0.0000 0.00 0.00 1.00 0
3.5938 -3.6993 0.0000 0.00 0.00 1.00 0
3.5970 -3.6919 0.0000 0.00 0.00 1.00 0
3.5968 -3.6809 0.0000 0.00 0.00 1.00 0
3.5990 -3.6738 0.0000 0.00 0.00 1.00 0
3.5983 -3.6609 0.0000 0.00 0.00 1.00 0
3.6000 -3.6528 0.0000 0.00 0.00 1.00 0
3.6015 -3.6459 0.0000 0.00 0.00 1.00 0
3.6044 -3.6311 0.0000 0.00 0.00 1.00 0
3.6063 -3.6220 0.0000 0.00 0.00 1.00 0
3.6081 -3.6130 0.0000 0.00 0.00 1.00 0
3.6068 -3.6047 0.0000 0.00 0.00 1.00 0
3.6081 -3.5959 0.0000 0.00 0.00 1.00 0
3.6093 -3.5878 0.0000 0.00 0.00 1.00 0
3.6130 -3.5850 0.0000 0.00 0.00 1.00 0
3.6147 -3.5771 0.0000 0.00 0.00 1.00 0
3.6162 -3.5702 0.0000 0.00 0.00 1.00 0
3.6206 -3.5706 0.0000 0.00 0.00 1.00 0
3.6227 -3.5642 0.0000 0.00 0.00 1.00 0
3.6255 -3.5606 0.0000 0.00 0.00 1.00 0
3.6276 -3.5551 0.0000 0.00 0.00 1.00 0
3.6298 -3.5492 0.0000 0.00 0.00 1.00 0
3.6261 -3.5392 0.0000 0.00 0.00 1.00 0
3.6273 -3.5325 0.0000 0.00 0.00 1.00 0
3.6286 -3.5257 0.0000 0.00 0.00 1.00 0
3.6289 -3.5088 0.0000 0.00 0.00 1.00 0
3.6299 -3.5005 0.0000 0.00 0.00 1.00 0
3.6309 -3.4931 0.0000 0.00 0.00 1.00 0
3.6314 -3.4774 0.0000 0.00 0.00 1.00 0
3.6324 -3.4683 0.0000 0.00 0.00 1.00 0
3.6331 -3.4617 0.0000 0.00 0.00 1.00 0
3.6341 -3.4448 0.0000 0.00 0.00 1.00 0
3.6351 -3.4350 0.0000 0.00 0.00 1.00 0
3.6324 -3.4294 0.0000 0.00 0.00 1.00 0
3.6327 -3.4203 0.0000 0.00 0.00 1.00 0
3.6330 -3.4111 0.0000 0.00 0.00 1.00 0
3.6407 -3.4137 0.0000 0.00 0.00 1.00 0
3.6422 -3.4064 0.0000 0.00 0.00 1.00 0
3.6476 -3.4032 0.0000 0.00 0.00 1.00 0
3.6498 -3.3966 0.0000 0.00 0.00 1.00 0
3.6520 -3.3900 0.0000 0.00 0.00 1.00 0
3.6517 -3.3891 0.0000 0.00 0.00 1.00 0
3.6535 -3.3836 0.0000 0.00 0.00 1.00 0
3.6553 -3.3779 0.0000 0.00 0.00 1.00 0
3.6556 -3.3658 0.0000 0.00 0.00 1.00 0
3.6571 -3.3592 0.0000 0.00 0.00 1.00 0
3.6587 -3.3525 0.0000 0.00 0.00 1.00 0
3.6611 -3.3361 0.0000 0.00 0.00 1.00 0
3.6627 -3.3280 0.0000 0.00 0.00 1.00 0
3.6616 -3.3114 0.0000 0.00 0.00 1.00 0
3.6627 -3.3024 0.0000 0.00 0.00 1.00 0
3.6639 -3.2929 0.0000 0.00 0.00 1.00 0
3.6625 -3.2791 0.0000 0.00 0.00 1.00 0
3.6633 -3.2688 0.0000 0.00 0.00 1.00 0
3.6640 -3.2585 0.0000 0.00 0.00 1.00 0
3.6636 -3.2549 0.0000 0.00 0.00 1.00 0
3.6641 -3.2457 0.0000 0.00 0.00 1.00 0
3.6647 -3.2366 0.0000 0.00 0.00 1.00 0
3.6673 -3.2335 0.0000 0.00 0.00 1.00 0
3.6681 -3.2253 0.0000 0.00 0.00 1.00 0
3.6689 -3.2179 0.0000 0.00 0.00 1.00 0
3.6669 -3.2161 0.0000 0.00 0.00 1.00 0
3.6674 -3.2082 0.0000 0.00 0.00 1.00 0
3.6662 -3.2019 0.0000 0.00 0.00 1.00 0
3.6664 -3.1949 0.0000 0.00 0.00 1.00 0
3.6666 -3.1878 0.0000 0.00 0.00 1.00 0
3.6668 -3.1755 0.0000 0.00 0.00 1.00 0
3.6670 -3.1671 0.0000 0.00 0.00 1.00 0
3.6672 -3.1596 0.0000 0.00 0.00 1.00 0
3.6637 -3.1455 0.0000 0.00 0.00 1.00 0
3.6633 -3.1366 0.0000 0.00 0.00 1.00 0
3.6648 -3.1270 0.0000 0.00 0.00 1.00 0
3.6648 -3.1179 0.0000 0.00 0.00 1.00 0
3.6647 -3.1088 0.0000 0.00 0.00 1.00 0
3.6684 -3.1038 0.0000 0.00 0.00 1.00 0
3.6690 -3.0955 0.0000 0.00 0.00 1.00 0
3.6696 -3.0871 0.0000 0.00 0.00 1.00 0
3.6734 -3.0832 0.0000 0.00 0.00 1.00 0
3.6745 -3.0757 0.0000 0.00 0.00 1.00 0
3.6756 -3.0680 0.0000 0.00 0.00 1.00 0
3.6722 -3.0645 0.0000 0.00 0.00 1.00 0
3.6726 -3.0577 0.0000 0.00 0.00 1.00 0
3.6729 -3.0528 0.0000 0.00 0.00 1.00 0
3.6686 -3.0387 0.0000 0.00 0.00 1.00 0
3.6682 -3.0310 0.0000 0.00 0.00 1.00 0
3.6639 -3.0160 0.0000 0.00 0.00 1.00 0
3.6629 -3.0070 0.0000 0.00 0.00 1.00 0
3.6618 -2.9971 0.0000 0.00 0.00 1.00 0
3.6595 -2.9869 0.0000 0.00 0.00 1.00 0
3.6583 -2.9777 0.0000 0.00 0.00 1.00 0
3.6571 -2.9683 0.0000 0.00 0.00 1.00 0
3.6587 -2.9600 0.0000 0.00 0.00 1.00 0
3.6579 -2.9509 0.0000 0.00 0.00 1.00 0
3.6581 -2.9457 0.0000 0.00 0.00 1.00 0
3.6576 -2.9381 0.0000 0.00 0.00 1.00 0
3.6570 -2.9299 0.0000 0.00 0.00 1.00 0
3.6567 -2.9221 0.0000 0.00 0.00 1.00 0
3.6561 -2.9138 0.0000 0.00 0.00 1.00 0
3.6555 -2.9056 0.0000 0.00 0.00 1.00 0
3.6548 -2.9001 0.0000 0.00 0.00 1.00 0
3.6543 -2.8923 0.0000 0.00 0.00 1.00 0
3.6537 -2.8845 0.0000 0.00 0.00 1.00 0
3.6543 -2.8791 0.0000 0.00 0.00 1.00 0
3.6539 -2.8716 0.0000 0.00 0.00 1.00 0
3.6536 -2.8650 0.0000 0.00 0.00 1.00 0
3.6521 -2.8587 0.0000 0.00 0.00 1.00 0
3.6516 -2.8515 0.0000 0.00 0.00 1.00 0
3.6524 -2.8432 0.0000 0.00 0.00 1.00 0
3.6521 -2.8358 0.0000 0.00 0.00 1.00 0
3.6518 -2.8285 0.0000 0.00 0.00 1.00 0
3.6540 -2.8188 0.0000 0.00 0.00 1.00 0
3.6541 -2.8111 0.0000 0.00 0.00 1.00 0
3.6542 -2.8033 0.0000 0.00 0.00 1.00 0
3.6528 -2.7888 0.0000 0.00 0.00 1.00 0
3.6527 -2.7802 0.0000 0.00 0.00 1.00 0
3.6524 -2.7619 0.0000 0.00 0.00 1.00 0
3.6522 -2.7531 0.0000 0.00 0.00 1.00 0
3.6476 -2.7441 0.0000 0.00 0.00 1.00 0
3.6468 -2.7352 0.0000 0.00 0.00 1.00 0
3.6459 -2.7262 0.0000 0.00 0.00 1.00 0
3.6450 -2.7169 0.0000 0.00 0.00 1.00 0
3.6439 -2.7058 0.0000 0.00 0.00 1.00 0
3.6429 -2.6965 0.0000 0.00 0.00 1.00 0
3.6422 -2.6899 0.0000 0.00 0.00 1.00 0
3.6413 -2.6811 0.0000 0.00 0.00 1.00 0
3.6405 -2.6732 0.0000 0.00 0.00 1.00 0
3.6388 -2.6632 0.0000 0.00 0.00 1.00 0
3.6378 -2.6543 0.0000 0.00 0.00 1.00 0
3.6425 -2.6480 0.0000 0.00 0.00 1.00 0
3.6424 -2.6397 0.0000 0.00 0.00 1.00 0
3.6424 -2.6313 0.0000 0.00 0.00 1.00 0
3.6474 -2.6323 0.0000 0.00 0.00 1.00 0
3.6482 -2.6254 0.0000 0.00 0.00 1.00 0
3.6490 -2.6185 0.0000 0.00 0.00 1.00 0
3.6452 -2.6082 0.0000 0.00 0.00 1.00 0
3.6452 -2.6016 0.0000 0.00 0.00 1.00 0
3.6453 -2.5949 0.0000 0.00 0.00 1.00 0
3.6418 -2.5806 0.0000 0.00 0.00 1.00 0
3.6413 -2.5723 0.0000 0.00 0.00 1.00 0
3.6363 -2.5571 0.0000 0.00 0.00 1.00 0
3.6351 -2.5475 0.0000 0.00 0.00 1.00 0
3.6338 -2.5380 0.0000 0.00 0.00 1.00 0
3.6315 -2.5267 0.0000 0.00 0.00 1.00 0
3.6300 -2.5169 0.0000 0.00 0.00 1.00 0
3.6286 -2.5071 0.0000 0.00 0.00 1.00 0
3.6268 -2.5112 0.0000 0.00 0.00 1.00 0
3.6254 -2.5036 0.0000 0.00 0.00 1.00 0
3.6242 -2.4975 0.0000 0.00 0.00 1.00 0
3.6302 -2.4977 0.0000 0.00 0.00 1.00 0
3.6299 -2.4915 0.0000 0.00 0.00 1.00 0
3.6280 -2.4843 0.0000 0.00 0.00 1.00 0
3.6274 -2.4781 0.0000 0.00 0.00 1.00 0
3.6269 -2.4716 0.0000 0.00 0.00 1.00 0
3.6228 -2.4579 0.0000 0.00 0.00 1.00 0
3.6217 -2.4503 0.0000 0.00 0.00 1.00 0
3.6204 -2.4420 0.0000 0.00 0.00 1.00 0
3.6175 -2.4214 0.0000 0.00 0.00 1.00 0
3.6160 -2.4117 0.0000 0.00 0.00 1.00 0
3.6146 -2.4019 0.0000 0.00 0.00 1.00 0
3.6110 -2.3876 0.0000 0.00 0.00 1.00 0
3.6093 -2.3774 0.0000 0.00 0.00 1.00 0
3.6066 -2.3702 0.0000 0.00 0.00 1.00 0
3.6027 -2.3503 0.0000 0.00 0.00 1.00 0
3.6060 -2.3509 0.0000 0.00 0.00 1.00 0
3.6049 -2.3428 0.0000 0.00 0.00 1.00 0
3.6038 -2.3347 0.0000 0.00 0.00 1.00 0
3.6013 -2.3374 0.0000 0.00 0.00 1.00 0
3.6001 -2.3311 0.0000 0.00 0.00 1.00 0
3.5989 -2.3253 0.0000 0.00 0.00 1.00 0
3.5947 -2.3140 0.0000 0.00 0.00 1.00 0
3.5930 -2.3069 0.0000 0.00 0.00 1.00 0
3.5891 -2.2892 0.0000 0.00 0.00 1.00 0
3.5870 -2.2803 0.0000 0.00 0.00 1.00 0
3.5849 -2.2714 0.0000 0.00 0.00 1.00 0
3.5806 -2.2539 0.0000 0.00 0.00 1.00 0
3.5782 -2.2437 0.0000 0.00 0.00 1.00 0
3.5758 -2.2334 0.0000 0.00 0.00 1.00 0
3.5696 -2.2211 0.0000 0.00 0.00 1.00 0
3.5666 -2.2107 0.0000 0.00 0.00 1.00 0
3.5644 -2.2050 0.0000 0.00 0.00 1.00 0
3.5615 -2.1954 0.0000 0.00 0.00 1.00 0
3.5586 -2.1857 0.0000 0.00 0.00 1.00 0
3.5566 -2.1790 0.0000 0.00 0.00 1.00 0
3.5581 -2.1818 0.0000 0.00 0.00 1.00 0
3.5559 -2.1743 0.0000 0.00 0.00 1.00 0
3.5609 -2.1761 0.0000 0.00 0.00 1.00 0
3.5599 -2.1702 0.0000 0.00 0.00 1.00 0
3.5589 -2.1644 0.0000 0.00 0.00 1.00 0
3.5577 -2.1624 0.0000 0.00 0.00 1.00 0
3.5568 -2.1577 0.0000 0.00 0.00 1.00 0
3.5558 -2.1530 0.0000 0.00 0.00 1.00 0
3.5485 -2.1400 0.0000 0.00 0.00 1.00 0
3.5466 -2.1338 0.0000 0.00 0.00 1.00 0
3.5380 -2.1100 0.0000 0.00 0.00 1.00 0
3.5349 -2.1006 0.0000 0.00 0.00 1.00 0
3.5318 -2.0914 0.0000 0.00 0.00 1.00 0
3.5226 -2.0719 0.0000 0.00 0.00 1.00 0
3.5185 -2.0611 0.0000 0.00 0.00 1.00 0
3.5144 -2.0501 0.0000 0.00 0.00 1.00 0
3.5134 -2.0310 0.0000 0.00 0.00 1.00 0
3.5098 -2.0190 0.0000 0.00 0.00 1.00 0
3.5102 -2.0171 0.0000 0.00 0.00 1.00 0
3.5073 -2.0070 0.0000 0.00 0.00 1.00 0
3.5047 -1.9977 0.0000 0.00 0.00 1.00 0
3.5027 -1.9906 0.0000 0.00 0.00 1.00 0
3.5067 -1.9985 0.0000 0.00 0.00 1.00 0
3.5050 -1.9916 0.0000 0.00 0.00 1.00 0
3.5111 -1.9943 0.0000 0.00 0.00 1.00 0
3.5107 -1.9890 0.0000 0.00 0.00 1.00 0
3.5103 -1.9836 0.0000 0.00 0.00 1.00 0
3.5048 -1.9716 0.0000 0.00 0.00 1.00 0
3.5036 -1.9651 0.0000 0.00 0.00 1.00 0
3.5025 -1.9593 0.0000 0.00 0.00 1.00 0
3.4887 -1.9479 0.0000 0.00 0.00 1.00 0
3.4856 -1.9408 0.0000 0.00 0.00 1.00 0
3.4767 -1.9225 0.0000 0.00 0.00 1.00 0
3.4726 -1.9134 0.0000 0.00 0.00 1.00 0
3.4685 -1.9044 0.0000 0.00 0.00 1.00 0
3.4589 -1.8868 0.0000 0.00 0.00 1.00 0
3.4538 -1.8762 0.0000 0.00 0.00 1.00 0
3.4489 -1.8659 0.0000 0.00 0.00 1.00 0
3.4410 -1.8472 0.0000 0.00 0.00 1.00 0
3.4407 -1.8459 0.0000 0.00 0.00 1.00 0
3.4370 -1.8377 0.0000 0.00 0.00 1.00 0
3.4331 -1.8292 0.0000 0.00 0.00 1.00 0
3.4304 -1.8233 0.0000 0.00 0.00 1.00 0
3.4381 -1.8264 0.0000 0.00 0.00 1.00 0
3.4361 -1.8199 0.0000 0.00 0.00 1.00 0
3.4358 -1.8148 0.0000 0.00 0.00 1.00 0
3.4341 -1.8086 0.0000 0.00 0.00 1.00 0
3.4323 -1.8023 0.0000 0.00 0.00 1.00 0
3.4255 -1.7916 0.0000 0.00 0.00 1.00 0
3.4229 -1.7846 0.0000 0.00 0.00 1.00 0
3.4206 -1.7783 0.0000 0.00 0.00 1.00 0
3.4104 -1.7608 0.0000 0.00 0.00 1.00 0
3.4067 -1.7523 0.0000 0.00 0.00 1.00 0
3.3991 -1.7347 0.0000 0.00 0.00 1.00 0
3.3947 -1.7246 0.0000 0.00 0.00 1.00 0
3.3904 -1.7146 0.0000 0.00 0.00 1.00 0
3.3849 -1.7032 0.0000 0.00 0.00 1.00 0
3.3803 -1.6929 0.0000 0.00 0.00 1.00 0
3.3757 -1.6825 0.0000 0.00 0.00 1.00 0
3.3700 -1.6744 0.0000 0.00 0.00 1.00 0
3.3652 -1.6644 0.0000 0.00 0.00 1.00 0
3.3604 -1.6698 0.0000 0.00 0.00 1.00 0
3.3559 -1.6631 0.0000 0.00 0.00 1.00 0
3.3513 -1.6562 0.0000 0.00 0.00 1.00 0
3.3561 -1.6579 0.0000 0.00 0.00 1.00 0
3.3530 -1.6525 0.0000 0.00 0.00 1.00 0
3.3499 -1.6469 0.0000 0.00 0.00 1.00 0
3.3513 -1.6418 0.0000 0.00 0.00 1.00 0
3.3490 -1.6364 0.0000 0.00 0.00 1.00 0
3.3466 -1.6309 0.0000 0.00 0.00 1.00 0
3.3425 -1.6148 0.0000 0.00 0.00 1.00 0
3.3399 -1.6076 0.0000 0.00 0.00 1.00 0
3.3373 -1.6004 0.0000 0.00 0.00 1.00 0
3.3249 -1.5815 0.0000 0.00 0.00 1.00 0
3.3133 -1.5701 0.0000 0.00 0.00 1.00 0
3.3084 -1.5618 0.0000 0.00 0.00 1.00 0
3.3034 -1.5534 0.0000 0.00 0.00 1.00 0
3.2955 -1.5412 0.0000 0.00 0.00 1.00 0
3.2901 -1.5322 0.0000 0.00 0.00 1.00 0
3.2846 -1.5232 0.0000 0.00 0.00 1.00 0
3.2785 -1.5189 0.0000 0.00 0.00 1.00 0
3.2729 -1.5105 0.0000 0.00 0.00 1.00 0
3.2672 -1.5022 0.0000 0.00 0.00 1.00 0
3.2636 -1.5002 0.0000 0.00 0.00 1.00 0
3.2546 -1.4877 0.0000 0.00 0.00 1.00 0
3.2581 -1.4823 0.0000 0.00 0.00 1.00 0
3.2543 -1.4755 0.0000 0.00 0.00 1.00 0
3.2529 -1.4680 0.0000 0.00 0.00 1.00 0
3.2495 -1.4611 0.0000 0.00 0.00 1.00 0
3.2409 -1.4435 0.0000 0.00 0.00 1.00 0
3.2371 -1.4358 0.0000 0.00 0.00 1.00 0
3.2335 -1.4285 0.0000 0.00 0.00 1.00 0
3.2244 -1.4176 0.0000 0.00 0.00 1.00 0
3.2199 -1.4098 0.0000 0.00 0.00 1.00 0
3.2062 -1.3899 0.0000 0.00 0.00 1.00 0
3.2010 -1.3814 0.0000 0.00 0.00 1.00 0
3.1886 -1.3710 0.0000 0.00 0.00 1.00 0
3.1822 -1.3622 0.0000 0.00 0.00 1.00 0
3.1759 -1.3533 0.0000 0.00 0.00 1.00 0
3.1619 -1.3393 0.0000 0.00 0.00 1.00 0
3.1553 -1.3310 0.0000 0.00 0.00 1.00 0
3.1473 -1.3218 0.0000 0.00 0.00 1.00 0
3.1405 -1.3133 0.0000 0.00 0.00 1.00 0
3.1351 -1.3065 0.0000 0.00 0.00 1.00 0
3.1284 -1.3060 0.0000 0.00 0.00 1.00 0
3.1219 -1.2990 0.0000 0.00 0.00 1.00 0
3.1302 -1.2945 0.0000 0.00 0.00 1.00 0
3.1262 -1.2879 0.0000 0.00 0.00 1.00 0
3.1221 -1.2812 0.0000 0.00 0.00 1.00 0
3.1242 -1.2750 0.0000 0.00 0.00 1.00 0
3.1212 -1.2684 0.0000 0.00 0.00 1.00 0
3.1184 -1.2624 0.0000 0.00 0.00 1.00 0
3.1143 -1.2544 0.0000 0.00 0.00 1.00 0
3.1138 -1.2476 0.0000 0.00 0.00 1.00 0
3.1030 -1.2366 0.0000 0.00 0.00 1.00 0
3.0987 -1.2294 0.0000 0.00 0.00 1.00 0
3.0942 -1.2220 0.0000 0.00 0.00 1.00 0
3.0814 -1.2145 0.0000 0.00 0.00 1.00 0
3.0756 -1.2071 0.0000 0.00 0.00 1.00 0
3.0697 -1.1996 0.0000 0.00 0.00 1.00 0
3.0554 -1.1862 0.0000 0.00 0.00 1.00 0
3.0490 -1.1787 0.0000 0.00 0.00 1.00 0
3.0311 -1.1625 0.0000 0.00 0.00 1.00 0
3.0181 -1.1487 0.0000 0.00 0.00 1.00 0
3.0145 -1.1421 0.0000 0.00 0.00 1.00 0
3.0078 -1.1345 0.0000 0.00 0.00 1.00 0
3.0017 -1.1281 0.0000 0.00 0.00 1.00 0
2.9960 -1.1216 0.0000 0.00 0.00 1.00 0
3.0001 -1.1234 0.0000 0.00 0.00 1.00 0
2.9959 -1.1182 0.0000 0.00 0.00 1.00 0
2.9919 -1.1132 0.0000 0.00 0.00 1.00 0
2.9968 -1.1093 0.0000 0.00 0.00 1.00 0
2.9942 -1.1045 0.0000 0.00 0.00 1.00 0
2.9826 -1.0833 0.0000 0.00 0.00 1.00 0
2.9790 -1.0768 0.0000 0.00 0.00 1.00 0
2.9681 -1.0639 0.0000 0.00 0.00 1.00 0
2.9583 -1.0484 0.0000 0.00 0.00 1.00 0
2.9410 -1.0364 0.0000 0.00 0.00 1.00 0
2.9343 -1.0281 0.0000 0.00 0.00 1.00 0
2.9274 -1.0197 0.0000 0.00 0.00 1.00 0
2.9158 -1.0174 0.0000 0.00 0.00 1.00 0
2.9081 -1.0099 0.0000 0.00 0.00 1.00 0
2.9022 -1.0041 0.0000 0.00 0.00 1.00 0
2.8920 -1.0019 0.0000 0.00 0.00 1.00 0
2.8842 -0.9955 0.0000 0.00 0.00 1.00 0
2.8787 -0.9909 0.0000 0.00 0.00 1.00 0
2.8713 -0.9847 0.0000 0.00 0.00 1.00 0
2.8638 -0.9786 0.0000 0.00 0.00 1.00 0
2.8696 -0.9742 0.0000 0.00 0.00 1.00 0
2.8591 -0.9626 0.0000 0.00 0.00 1.00 0
2.8574 -0.9511 0.0000 0.00 0.00 1.00 0
2.8523 -0.9392 0.0000 0.00 0.00 1.00 0
2.8464 -0.9299 0.0000 0.00 0.00 1.00 0
2.8258 -0.9117 0.0000 0.00 0.00 1.00 0
2.8092 -0.8978 0.0000 0.00 0.00 1.00 0
2.8022 -0.8903 0.0000 0.00 0.00 1.00 0
2.7798 -0.8754 0.0000 0.00 0.00 1.00 0
2.7715 -0.8678 0.0000 0.00 0.00 1.00 0
2.7628 -0.8621 0.0000 0.00 0.00 1.00 0
2.7460 -0.8476 0.0000 0.00 0.00 1.00 0
2.7320 -0.8387 0.0000 0.00 0.00 1.00 0
2.7232 -0.8316 0.0000 0.00 0.00 1.00 0
2.7175 -0.8288 0.0000 0.00 0.00 1.00 0
2.7021 -0.8170 0.0000 0.00 0.00 1.00 0
2.6927 -0.8038 0.0000 0.00 0.00 1.00 0
2.6859 -0.7960 0.0000 0.00 0.00 1.00 0
2.6800 -0.7905 0.0000 0.00 0.00 1.00 0
2.6919 -0.7830 0.0000 0.00 0.00 1.00 0
2.6893 -0.7779 0.0000 0.00 0.00 1.00 0
2.6865 -0.7721 0.0000 0.00 0.00 1.00 0
2.6860 -0.7673 0.0000 0.00 0.00 1.00 0
2.6836 -0.7618 0.0000 0.00 0.00 1.00 0
2.6813 -0.7564 0.0000 0.00 0.00 1.00 0
2.6700 -0.7536 0.0000 0.00 0.00 1.00 0
2.6662 -0.7485 0.0000 0.00 0.00 1.00 0
2.6455 -0.7424 0.0000 0.00 0.00 1.00 0
2.6386 -0.7371 0.0000 0.00 0.00 1.00 0
2.6318 -0.7318 0.0000 0.00 0.00 1.00 0
2.6139 -0.7221 0.0000 0.00 0.00 1.00 0
2.6051 -0.7161 0.0000 0.00 0.00 1.00 0
2.5963 -0.7100 0.0000 0.00 0.00 1.00 0
2.5866 -0.7019 0.0000 0.00 0.00 1.00 0
2.5778 -0.6956 0.0000 0.00 0.00 1.00 0
2.5699 -0.6899 0.0000 0.00 0.00 1.00 0
2.5614 -0.6870 0.0000 0.00 0.00 1.00 0
2.5527 -0.6813 0.0000 0.00 0.00 1.00 0
2.5456 -0.6766 0.0000 0.00 0.00 1.00 0
2.5454 -0.6745 0.0000 0.00 0.00 1.00 0
2.5384 -0.6696 0.0000 0.00 0.00 1.00 0
2.5442 -0.6640 0.0000 0.00 0.00 1.00 0
2.5392 -0.6588 0.0000 0.00 0.00 1.00 0
2.5343 -0.6538 0.0000 0.00 0.00 1.00 0
2.5293 -0.6483 0.0000 0.00 0.00 1.00 0
2.5244 -0.6432 0.0000 0.00 0.00 1.00 0
2.5193 -0.6379 0.0000 0.00 0.00 1.00 0
2.5108 -0.6326 0.0000 0.00 0.00 1.00 0
2.5054 -0.6275 0.0000 0.00 0.00 1.00 0
2.4863 -0.6214 0.0000 0.00 0.00 1.00 0
2.4784 -0.6160 0.0000 0.00 0.00 1.00 0
2.4704 -0.6107 0.0000 0.00 0.00 1.00 0
2.4520 -0.6064 0.0000 0.00 0.00 1.00 0
2.4421 -0.6011 0.0000 0.00 0.00 1.00 0
2.4324 -0.5959 0.0000 0.00 0.00 1.00 0
2.4272 -0.5878 0.0000 0.00 0.00 1.00 0
2.4180 -0.5821 0.0000 0.00 0.00 1.00 0
2.4090 -0.5764 0.0000 0.00 0.00 1.00 0
2.4025 -0.5716 0.0000 0.00 0.00 1.00 0
2.3937 -0.5660 0.0000 0.00 0.00 1.00 0
2.3859 -0.5610 0.0000 0.00 0.00 1.00 0
2.3805 -0.5613 0.0000 0.00 0.00 1.00 0
2.3726 -0.5568 0.0000 0.00 0.00 1.00 0
2.3674 -0.5533 0.0000 0.00 0.00 1.00 0
2.3597 -0.5488 0.0000 0.00 0.00 1.00 0
2.3522 -0.5445 0.0000 0.00 0.00 1.00 0
2.3435 -0.5373 0.0000 0.00 0.00 1.00 0
2.3358 -0.5325 0.0000 0.00 0.00 1.00 0
2.3280 -0.5275 0.0000 0.00 0.00 1.00 0
2.3180 -0.5214 0.0000 0.00 0.00 1.00 0
2.3099 -0.5164 0.0000 0.00 0.00 1.00 0
2.3027 -0.5119 0.0000 0.00 0.00 1.00 0
2.2942 -0.5076 0.0000 0.00 0.00 1.00 0
2.2860 -0.5027 0.0000 0.00 0.00 1.00 0
2.2794 -0.4960 0.0000 0.00 0.00 1.00 0
2.2717 -0.4909 0.0000 0.00 0.00 1.00 0
2.2639 -0.4856 0.0000 0.00 0.00 1.00 0
2.2584 -0.4827 0.0000 0.00 0.00 1.00 0
2.2510 -0.4779 0.0000 0.00 0.00 1.00 0
2.2436 -0.4731 0.0000 0.00 0.00 1.00 0
2.2446 -0.4656 0.0000 0.00 0.00 1.00 0
2.2384 -0.4603 0.0000 0.00 0.00 1.00 0
2.2331 -0.4556 0.0000 0.00 0.00 1.00 0
2.2241 -0.4512 0.0000 0.00 0.00 1.00 0
2.2186 -0.4469 0.0000 0.00 0.00 1.00 0
2.2028 -0.4413 0.0000 0.00 0.00 1.00 0
2.1950 -0.4364 0.0000 0.00 0.00 1.00 0
2.1870 -0.4314 0.0000 0.00 0.00 1.00 0
2.1837 -0.4293 0.0000 0.00 0.00 1.00 0
2.1588 -0.4218 0.0000 0.00 0.00 1.00 0
2.1487 -0.4167 0.0000 0.00 0.00 1.00 0
2.1374 -0.4131 0.0000 0.00 0.00 1.00 0
2.1274 -0.4083 0.0000 0.00 0.00 1.00 0
2.1174 -0.4036 0.0000 0.00 0.00 1.00 0
2.1124 -0.3974 0.0000 0.00 0.00 1.00 0
2.1031 -0.3923 0.0000 0.00 0.00 1.00 0
2.0966 -0.3889 0.0000 0.00 0.00 1.00 0
2.0985 -0.3868 0.0000 0.00 0.00 1.00 0
2.0914 -0.3825 0.0000 0.00 0.00 1.00 0
2.0938 -0.3807 0.0000 0.00 0.00 1.00 0
2.0881 -0.3767 0.0000 0.00 0.00 1.00 0
2.0825 -0.3728 0.0000 0.00 0.00 1.00 0
2.0841 -0.3718 0.0000 0.00 0.00 1.00 0
2.0797 -0.3684 0.0000 0.00 0.00 1.00 0
2.0644 -0.3618 0.0000 0.00 0.00 1.00 0
2.0585 -0.3581 0.0000 0.00 0.00 1.00 0
2.0522 -0.3542 0.0000 0.00 0.00 1.00 0
2.0470 -0.3509 0.0000 0.00 0.00 1.00 0
2.0257 -0.3390 0.0000 0.00 0.00 1.00 0
2.0178 -0.3343 0.0000 0.00 0.00 1.00 0
2.0007 -0.3268 0.0000 0.00 0.00 1.00 0
1.9910 -0.3214 0.0000 0.00 0.00 1.00 0
1.9812 -0.3160 0.0000 0.00 0.00 1.00 0
1.9727 -0.3156 0.0000 0.00 0.00 1.00 0
1.9630 -0.3109 0.0000 0.00 0.00 1.00 0
1.9534 -0.3063 0.0000 0.00 0.00 1.00 0
1.9565 -0.3062 0.0000 0.00 0.00 1.00 0
1.9490 -0.3023 0.0000 0.00 0.00 1.00 0
1.9498 -0.2973 0.0000 0.00 0.00 1.00 0
1.9436 -0.2931 0.0000 0.00 0.00 1.00 0
1.9375 -0.2891 0.0000 0.00 0.00 1.00 0
1.9373 -0.2861 0.0000 0.00 0.00 1.00 0
1.9320 -0.2821 0.0000 0.00 0.00 1.00 0
1.9269 -0.2782 0.0000 0.00 0.00 1.00 0
1.9160 -0.2743 0.0000 0.00 0.00 1.00 0
1.9099 -0.2704 0.0000 0.00 0.00 1.00 0
1.9044 -0.2669 0.0000 0.00 0.00 1.00 0
1.8855 -0.2619 0.0000 0.00 0.00 1.00 0
1.8776 -0.2579 0.0000 0.00 0.00 1.00 0
1.8719 -0.2550 0.0000 0.00 0.00 1.00 0
1.8518 -0.2533 0.0000 0.00 0.00 1.00 0
1.8422 -0.2497 0.0000 0.00 0.00 1.00 0
1.8293 -0.2479 0.0000 0.00 0.00 1.00 0
1.8194 -0.2447 0.0000 0.00 0.00 1.00 0
1.8094 -0.2415 0.0000 0.00 0.00 1.00 0
1.8076 -0.2329 0.0000 0.00 0.00 1.00 0
1.7988 -0.2288 0.0000 0.00 0.00 1.00 0
1.7901 -0.2247 0.0000 0.00 0.00 1.00 0
1.7897 -0.2175 0.0000 0.00 0.00 1.00 0
1.7821 -0.2128 0.0000 0.00 0.00 1.00 0
1.7739 -0.2086 0.0000 0.00 0.00 1.00 0
1.7663 -0.2040 0.0000 0.00 0.00 1.00 0
1.7584 -0.1993 0.0000 0.00 0.00 1.00 0
1.7462 -0.1998 0.0000 0.00 0.00 1.00 0
1.7378 -0.1961 0.0000 0.00 0.00 1.00 0
1.7293 -0.1924 0.0000 0.00 0.00 1.00 0
1.7068 -0.1944 0.0000 0.00 0.00 1.00 0
1.6961 -0.1916 0.0000 0.00 0.00 1.00 0
1.6848 -0.1887 0.0000 0.00 0.00 1.00 0
1.6699 -0.1906 0.0000 0.00 0.00 1.00 0
1.6586 -0.1885 0.0000 0.00 0.00 1.00 0
1.6493 -0.1868 0.0000 0.00 0.00 1.00 0
1.6451 -0.1837 0.0000 0.00 0.00 1.00 0
1.6351 -0.1815 0.0000 0.00 0.00 1.00 0
1.6370 -0.1771 0.0000 0.00 0.00 1.00 0
1.6289 -0.1745 0.0000 0.00 0.00 1.00 0
1.6210 -0.1720 0.0000 0.00 0.00 1.00 0
1.6195 -0.1691 0.0000 0.00 0.00 1.00 0
1.6122 -0.1663 0.0000 0.00 0.00 1.00 0
1.6058 -0.1639 0.0000 0.00 0.00 1.00 0
1.5910 -0.1596 0.0000 0.00 0.00 1.00 0
1.5829 -0.1567 0.0000 0.00 0.00 1.00 0
1.5662 -0.1556 0.0000 0.00 0.00 1.00 0
1.5565 -0.1530 0.0000 0.00 0.00 1.00 0
1.5470 -0.1505 0.0000 0.00 0.00 1.00 0
1.5355 -0.1472 0.0000 0.00 0.00 1.00 0
1.5265 -0.1447 0.0000 0.00 0.00 1.00 0
1.5157 -0.1418 0.0000 0.00 0.00 1.00 0
1.5157 -0.1403 0.0000 0.00 0.00 1.00 0
1.5074 -0.1379 0.0000 0.00 0.00 1.00 0
1.4999 -0.1356 0.0000 0.00 0.00 1.00 0
1.5036 -0.1327 0.0000 0.00 0.00 1.00 0
1.4972 -0.1301 0.0000 0.00 0.00 1.00 0
1.4917 -0.1268 0.0000 0.00 0.00 1.00 0
1.4852 -0.1241 0.0000 0.00 0.00 1.00 0
1.4787 -0.1212 0.0000 0.00 0.00 1.00 0
1.4603 -0.1227 0.0000 0.00 0.00 1.00 0
1.4521 -0.1207 0.0000 0.00 0.00 1.00 0
1.4446 -0.1189 0.0000 0.00 0.00 1.00 0
1.4266 -0.1155 0.0000 0.00 0.00 1.00 0
1.4159 -0.1131 0.0000 0.00 0.00 1.00 0
1.4070 -0.1111 0.0000 0.00 0.00 1.00 0
1.3842 -0.1121 0.0000 0.00 0.00 1.00 0
1.3723 -0.1104 0.0000 0.00 0.00 1.00 0
1.3599 -0.1084 0.0000 0.00 0.00 1.00 0
1.3480 -0.1067 0.0000 0.00 0.00 1.00 0
1.3360 -0.1049 0.0000 0.00 0.00 1.00 0
1.3321 -0.1035 0.0000 0.00 0.00 1.00 0
1.3206 -0.1017 0.0000 0.00 0.00 1.00 0
1.3101 -0.1000 0.0000 0.00 0.00 1.00 0
1.3091 -0.1025 0.0000 0.00 0.00 1.00 0
1.2999 -0.1015 0.0000 0.00 0.00 1.00 0
1.2908 -0.1005 0.0000 0.00 0.00 1.00 0
1.2856 -0.1014 0.0000 0.00 0.00 1.00 0
1.2762 -0.1006 0.0000 0.00 0.00 1.00 0
1.2657 -0.1022 0.0000 0.00 0.00 1.00 0
1.2558 -0.1019 0.0000 0.00 0.00 1.00 0
1.2476 -0.1016 0.0000 0.00 0.00 1.00 0
1.2366 -0.0994 0.0000 0.00 0.00 1.00 0
1.2272 -0.0988 0.0000 0.00 0.00 1.00 0
1.2169 -0.0981 0.0000 0.00 0.00 1.00 0
1.2076 -0.1015 0.0000 0.00 0.00 1.00 0
1.1971 -0.1015 0.0000 0.00 0.00 1.00 0
1.1885 -0.1016 0.0000 0.00 0.00 1.00 0
1.1829 -0.0968 0.0000 0.00 0.00 1.00 0
1.1745 -0.0961 0.0000 0.00 0.00 1.00 0
1.1664 -0.0955 0.0000 0.00 0.00 1.00 0
1.1629 -0.0852 0.0000 0.00 0.00 1.00 0
1.1550 -0.0830 0.0000 0.00 0.00 1.00 0
1.1436 -0.0843 0.0000 0.00 0.00 1.00 0
1.1351 -0.0827 0.0000 0.00 0.00 1.00 0
1.1266 -0.0811 0.0000 0.00 0.00 1.00 0
1.1132 -0.0849 0.0000 0.00 0.00 1.00 0
1.1038 -0.0841 0.0000 0.00 0.00 1.00 0
1.0945 -0.0834 0.0000 0.00 0.00 1.00 0
1.0769 -0.0873 0.0000 0.00 0.00 1.00 0
1.0665 -0.0873 0.0000 0.00 0.00 1.00 0
1.0581 -0.0873 0.0000 0.00 0.00 1.00 0
1.0427 -0.0888 0.0000 0.00 0.00 1.00 0
1.0318 -0.0890 0.0000 0.00 0.00 1.00 0
1.0222 -0.0875 0.0000 0.00 0.00 1.00 0
1.0114 -0.0874 0.0000 0.00 0.00 1.00 0
1.0008 -0.0874 0.0000 0.00 0.00 1.00 0
0.9946 -0.0866 0.0000 0.00 0.00 1.00 0
0.9844 -0.0864 0.0000 0.00 0.00 1.00 0
0.9743 -0.0862 0.0000 0.00 0.00 1.00 0
0.9647 -0.0870 0.0000 0.00 0.00 1.00 0
0.9546 -0.0869 0.0000 0.00 0.00 1.00 0
0.9401 -0.0898 0.0000 0.00 0.00 1.00 0
0.9302 -0.0902 0.0000 0.00 0.00 1.00 0
0.9195 -0.0907 0.0000 0.00 0.00 1.00 0
0.9070 -0.0885 0.0000 0.00 0.00 1.00 0
0.8961 -0.0885 0.0000 0.00 0.00 1.00 0
0.8852 -0.0885 0.0000 0.00 0.00 1.00 0
0.8733 -0.0910 0.0000 0.00 0.00 1.00 0
0.8609 -0.0915 0.0000 0.00 0.00 1.00 0
0.8495 -0.0919 0.0000 0.00 0.00 1.00 0
0.8374 -0.0911 0.0000 0.00 0.00 1.00 0
0.8271 -0.0913 0.0000 0.00 0.00 1.00 0
0.8169 -0.0915 0.0000 0.00 0.00 1.00 0
0.8068 -0.0889 0.0000 0.00 0.00 1.00 0
0.7957 -0.0887 0.0000 0.00 0.00 1.00 0
0.7888 -0.0895 0.0000 0.00 0.00 1.00 0
0.7786 -0.0895 0.0000 0.00 0.00 1.00 0
0.7682 -0.0895 0.0000 0.00 0.00 1.00 0
0.7583 -0.0889 0.0000 0.00 0.00 1.00 0
0.7482 -0.0887 0.0000 0.00 0.00 1.00 0
0.7378 -0.0886 0.0000 0.00 0.00 1.00 0
0.7279 -0.0905 0.0000 0.00 0.00 1.00 0
0.7178 -0.0906 0.0000 0.00 0.00 1.00 0
0.7239 -0.0690 0.0000 0.00 0.00 1.00 0
0.7151 -0.0681 0.0000 0.00 0.00 1.00 0
0.7061 -0.0672 0.0000 0.00 0.00 1.00 0
0.7028 -0.0658 0.0000 0.00 0.00 1.00 0
0.6949 -0.0649 0.0000 0.00 0.00 1.00 0
0.6870 -0.0639 0.0000 0.00 0.00 1.00 0
0.6765 -0.0695 0.0000 0.00 0.00 1.00 0
0.6681 -0.0696 0.0000 0.00 0.00 1.00 0
0.6597 -0.0697 0.0000 0.00 0.00 1.00 0
0.6454 -0.0734 0.0000 0.00 0.00 1.00 0
0.6362 -0.0741 0.0000 0.00 0.00 1.00 0
0.6234 -0.0737 0.0000 0.00 0.00 1.00 0
0.6142 -0.0741 0.0000 0.00 0.00 1.00 0
0.6044 -0.0746 0.0000 0.00 0.00 1.00 0
0.5891 -0.0772 0.0000 0.00 0.00 1.00 0
0.5782 -0.0781 0.0000 0.00 0.00 1.00 0
0.5675 -0.0789 0.0000 0.00 0.00 1.00 0
0.5566 -0.0801 0.0000 0.00 0.00 1.00 0
0.5458 -0.0810 0.0000 0.00 0.00 1.00 0
0.5350 -0.0819 0.0000 0.00 0.00 1.00 0
0.5218 -0.0840 0.0000 0.00 0.00 1.00 0
0.5107 -0.0851 0.0000 0.00 0.00 1.00 0
0.4988 -0.0811 0.0000 0.00 0.00 1.00 0
0.4876 -0.0812 0.0000 0.00 0.00 1.00 0
0.4773 -0.0814 0.0000 0.00 0.00 1.00 0
0.4702 -0.0816 0.0000 0.00 0.00 1.00 0
0.4596 -0.0818 0.0000 0.00 0.00 1.00 0
0.4491 -0.0820 0.0000 0.00 0.00 1.00 0
0.4416 -0.0826 0.0000 0.00 0.00 1.00 0
0.4315 -0.0829 0.0000 0.00 0.00 1.00 0
0.4216 -0.0831 0.0000 0.00 0.00 1.00 0
0.4131 -0.0851 0.0000 0.00 0.00 1.00 0
0.4024 -0.0856 0.0000 0.00 0.00 1.00 0
0.3936 -0.0861 0.0000 0.00 0.00 1.00 0
0.3836 -0.0889 0.0000 0.00 0.00 1.00 0
0.3740 -0.0898 0.0000 0.00 0.00 1.00 0
0.3630 -0.0882 0.0000 0.00 0.00 1.00 0
0.3531 -0.0886 0.0000 0.00 0.00 1.00 0
0.3441 -0.0890 0.0000 0.00 0.00 1.00 0
0.3283 -0.0927 0.0000 0.00 0.00 1.00 0
0.3164 -0.0938 0.0000 0.00 0.00 1.00 0
0.3065 -0.0947 0.0000 0.00 0.00 1.00 0
0.2925 -0.0993 0.0000 0.00 0.00 1.00 0
0.2812 -0.1008 0.0000 0.00 0.00 1.00 0
0.2706 -0.0996 0.0000 0.00 0.00 1.00 0
0.2593 -0.1007 0.0000 0.00 0.00 1.00 0
0.2482 -0.1018 0.0000 0.00 0.00 1.00 0
0.2414 -0.1000 0.0000 0.00 0.00 1.00 0
0.2310 -0.1005 0.0000 0.00 0.00 1.00 0
0.2205 -0.1011 0.0000 0.00 0.00 1.00 0
0.2113 -0.1035 0.0000 0.00 0.00 1.00 0
0.2014 -0.1044 0.0000 0.00 0.00 1.00 0
0.1914 -0.1052 0.0000 0.00 0.00 1.00 0
0.1824 -0.1051 0.0000 0.00 0.00 1.00 0
0.1724 -0.1058 0.0000 0.00 0.00 1.00 0
0.1635 -0.1065 0.0000 0.00 0.00 1.00 0
0.1518 -0.1067 0.0000 0.00 0.00 1.00 0
0.1417 -0.1073 0.0000 0.00 0.00 1.00 0
0.1301 -0.1055 0.0000 0.00 0.00 1.00 0
0.1199 -0.1057 0.0000 0.00 0.00 1.00 0
0.1096 -0.1059 0.0000 0.00 0.00 1.00 0
0.0981 -0.1091 0.0000 0.00 0.00 1.00 0
0.0875 -0.1098 0.0000 0.00 0.00 1.00 0
0.0771 -0.1104 0.0000 0.00 0.00 1.00 0
0.0655 -0.1133 0.0000 0.00 0.00 1.00 0
0.0547 -0.1144 0.0000 0.00 0.00 1.00 0
0.0470 -0.1116 0.0000 0.00 0.00 1.00 0
0.0369 -0.1120 0.0000 0.00 0.00 1.00 0
0.0270 -0.1123 0.0000 0.00 0.00 1.00 0
0.0167 -0.1128 0.0000 0.00 0.00 1.00 0
0.0065 -0.1132 0.0000 0.00 0.00 1.00 0
-0.0035 -0.1136 0.0000 0.00 0.00 1.00 0
-0.0101 -0.1164 0.0000 0.00 0.00 1.00 0
-0.0198 -0.1172 0.0000 0.00 0.00 1.00 0
-0.0293 -0.1179 0.0000 0.00 0.00 1.00 0
-0.0249 -0.1196 0.0000 0.00 0.00 1.00 0
-0.0321 -0.1206 0.0000 0.00 0.00 1.00 0
-0.0388 -0.1214 0.0000 0.00 0.00 1.00 0
-0.0193 -0.1191 0.0000 0.00 0.00 1.00 0
-0.0224 -0.1195 0.0000 0.00 0.00 1.00 0
-0.0023 -0.1162 0.0000 0.00 0.00 1.00 0
-0.0014 -0.1160 0.0000 0.00 0.00 1.00 0
-0.0004 -0.1157 0.0000 0.00 0.00 1.00 0
0.0158 -0.1134 0.0000 0.00 0.00 1.00 0
0.0192 -0.1128 0.0000 0.00 0.00 1.00 0
0.0228 -0.1122 0.0000 0.00 0.00 1.00 0
0.0314 -0.1151 0.0000 0.00 0.00 1.00 0
0.0356 -0.1151 0.0000 0.00 0.00 1.00 0
0.0394 -0.1150 0.0000 0.00 0.00 1.00 0
0.0419 -0.1135 0.0000 0.00 0.00 1.00 0
0.0459 -0.1132 0.0000 0.00 0.00 1.00 0
0.0392 -0.1142 0.0000 0.00 0.00 1.00 0
0.0413 -0.1141 0.0000 0.00 0.00 1.00 0
0.0435 -0.1140 0.0000 0.00 0.00 1.00 0
0.0324 -0.1123 0.0000 0.00 0.00 1.00 0
0.0323 -0.1119 0.0000 0.00 0.00 1.00 0
0.0323 -0.1116 0.0000 0.00 0.00 1.00 0
0.0244 -0.1118 0.0000 0.00 0.00 1.00 0
0.0231 -0.1115 0.0000 0.00 0.00 1.00 0
0.0196 -0.1154 0.0000 0.00 0.00 1.00 0
0.0179 -0.1159 0.0000 0.00 0.00 1.00 0
0.0162 -0.1163 0.0000 0.00 0.00 1.00 0
