-0.8488 -2.0916 0.0786 0.00 0.00 1.00 0
-0.9369 -1.0533 -0.0309 0.00 0.00 1.00 0
-0.9988 -0.0194 0.0074 0.00 0.00 1.00 0
-1.0935 1.0155 0.0262 0.00 0.00 1.00 0
-1.2458 2.0091 0.0359 0.00 0.00 1.00 0
-1.4270 3.0271 0.0161 0.00 0.00 1.00 0
-1.5698 4.0424 0.0357 0.00 0.00 1.00 0
-1.6769 5.0553 0.0155 0.00 0.00 1.00 0
-1.8663 6.0554 -0.1045 0.00 0.00 1.00 0
-1.9435 7.0681 -0.4101 0.00 0.00 1.00 0
-2.0421 8.0783 -0.7788 0.00 0.00 1.00 0
-2.0003 9.0945 -0.8830 0.00 0.00 1.00 0
-2.1720 10.1000 -1.0967 0.00 0.00 1.00 0
-2.4694 11.0679 -1.3202 0.00 0.00 1.00 0
-2.6907 12.0464 -1.5463 0.00 0.00 1.00 0
-2.8553 13.0658 -1.6724 0.00 0.00 1.00 0
-3.0472 14.0747 -1.8365 0.00 0.00 1.00 0
-3.2264 15.0687 -2.0706 0.00 0.00 1.00 0
-3.2064 16.1007 -2.2681 0.00 0.00 1.00 0
-3.3984 17.1114 -2.5169 0.00 0.00 1.00 0
-3.4832 18.1237 -2.6500 0.00 0.00 1.00 0
-3.5226 19.1376 -2.7354 0.00 0.00 1.00 0
-3.5609 20.1742 -2.8655 0.00 0.00 1.00 0
-3.5750 21.1752 -3.0189 0.00 0.00 1.00 0
-3.6534 22.2431 -3.0703 0.00 0.00 1.00 0
-3.7634 23.2937 -3.1225 0.00 0.00 1.00 0
-3.9737 24.3239 -3.2707 0.00 0.00 1.00 0
-4.1848 25.3546 -3.3525 0.00 0.00 1.00 0
-4.5375 26.3417 -3.4650 0.00 0.00 1.00 0
-4.9630 27.3020 -3.4861 0.00 0.00 1.00 0
-5.5597 28.1360 -3.4844 0.00 0.00 1.00 0
-5.9909 29.0417 -3.4362 0.00 0.00 1.00 0
-6.7170 29.7485 -3.5471 0.00 0.00 1.00 0
-7.3938 30.5280 -3.5216 0.00 0.00 1.00 0
-8.2224 31.1734 -3.5052 0.00 0.00 1.00 0
-9.0275 31.8894 -3.4538 0.00 0.00 1.00 0
-9.8915 32.4769 -3.4627 0.00 0.00 1.00 0
-10.7935 32.9697 -3.4300 0.00 0.00 1.00 0
