-0.2952 1.4154 0.0000 0.00 0.00 1.00 0
-0.2953 1.4155 0.0000 0.00 0.00 1.00 0
-0.2953 1.4156 0.0000 0.00 0.00 1.00 0
-0.2938 1.4192 0.0000 0.00 0.00 1.00 0
-0.2936 1.4199 0.0000 0.00 0.00 1.00 0
-0.2927 1.4176 0.0000 0.00 0.00 1.00 0
-0.2924 1.4177 0.0000 0.00 0.00 1.00 0
-0.2921 1.4178 0.0000 0.00 0.00 1.00 0
-0.2931 1.4156 0.0000 0.00 0.00 1.00 0
-0.2930 1.4154 0.0000 0.00 0.00 1.00 0
-0.2929 1.4152 0.0000 0.00 0.00 1.00 0
-0.2938 1.4169 0.0000 0.00 0.00 1.00 0
-0.2939 1.4169 0.0000 0.00 0.00 1.00 0
-0.2939 1.4170 0.0000 0.00 0.00 1.00 0
-0.2929 1.4163 0.0000 0.00 0.00 1.00 0
-0.2929 1.4162 0.0000 0.00 0.00 1.00 0
-0.2900 1.4175 0.0000 0.00 0.00 1.00 0
-0.2895 1.4176 0.0000 0.00 0.00 1.00 0
-0.2889 1.4178 0.0000 0.00 0.00 1.00 0
-0.2898 1.4171 0.0000 0.00 0.00 1.00 0
-0.2895 1.4171 0.0000 0.00 0.00 1.00 0
-0.2892 1.4172 0.0000 0.00 0.00 1.00 0
-0.2917 1.4151 0.0000 0.00 0.00 1.00 0
-0.2918 1.4148 0.0000 0.00 0.00 1.00 0
-0.2946 1.4137 0.0000 0.00 0.00 1.00 0
-0.2952 1.4132 0.0000 0.00 0.00 1.00 0
-0.2958 1.4128 0.0000 0.00 0.00 1.00 0
-0.2958 1.4184 0.0000 0.00 0.00 1.00 0
-0.2963 1.4190 0.0000 0.00 0.00 1.00 0
-0.2968 1.4195 0.0000 0.00 0.00 1.00 0
-0.2960 1.4174 0.0000 0.00 0.00 1.00 0
-0.2963 1.4175 0.0000 0.00 0.00 1.00 0
-0.2966 1.4176 0.0000 0.00 0.00 1.00 0
-0.2945 1.4173 0.0000 0.00 0.00 1.00 0
-0.2944 1.4174 0.0000 0.00 0.00 1.00 0
-0.2943 1.4158 0.0000 0.00 0.00 1.00 0
-0.2942 1.4156 0.0000 0.00 0.00 1.00 0
-0.2941 1.4154 0.0000 0.00 0.00 1.00 0
-0.2958 1.4143 0.0000 0.00 0.00 1.00 0
-0.2960 1.4139 0.0000 0.00 0.00 1.00 0
-0.2962 1.4136 0.0000 0.00 0.00 1.00 0
-0.2955 1.4139 0.0000 0.00 0.00 1.00 0
-0.2956 1.4136 0.0000 0.00 0.00 1.00 0
-0.2934 1.4188 0.0000 0.00 0.00 1.00 0
-0.2931 1.4194 0.0000 0.00 0.00 1.00 0
-0.2928 1.4201 0.0000 0.00 0.00 1.00 0
-0.2926 1.4184 0.0000 0.00 0.00 1.00 0
-0.2922 1.4186 0.0000 0.00 0.00 1.00 0
-0.2919 1.4189 0.0000 0.00 0.00 1.00 0
-0.2912 1.4184 0.0000 0.00 0.00 1.00 0
-0.2909 1.4186 0.0000 0.00 0.00 1.00 0
-0.2906 1.4187 0.0000 0.00 0.00 1.00 0
-0.2907 1.4187 0.0000 0.00 0.00 1.00 0
-0.2904 1.4188 0.0000 0.00 0.00 1.00 0
-0.2919 1.4169 0.0000 0.00 0.00 1.00 0
-0.2919 1.4167 0.0000 0.00 0.00 1.00 0
-0.2919 1.4164 0.0000 0.00 0.00 1.00 0
-0.2934 1.4174 0.0000 0.00 0.00 1.00 0
-0.2937 1.4174 0.0000 0.00 0.00 1.00 0
-0.2939 1.4174 0.0000 0.00 0.00 1.00 0
-0.2940 1.4170 0.0000 0.00 0.00 1.00 0
-0.2943 1.4169 0.0000 0.00 0.00 1.00 0
-0.2944 1.4169 0.0000 0.00 0.00 1.00 0
-0.2944 1.4155 0.0000 0.00 0.00 1.00 0
-0.2946 1.4152 0.0000 0.00 0.00 1.00 0
-0.2954 1.4193 0.0000 0.00 0.00 1.00 0
-0.2957 1.4197 0.0000 0.00 0.00 1.00 0
-0.2960 1.4202 0.0000 0.00 0.00 1.00 0
-0.2933 1.4164 0.0000 0.00 0.00 1.00 0
-0.2931 1.4162 0.0000 0.00 0.00 1.00 0
-0.2929 1.4161 0.0000 0.00 0.00 1.00 0
-0.2928 1.4170 0.0000 0.00 0.00 1.00 0
-0.2926 1.4169 0.0000 0.00 0.00 1.00 0
-0.2935 1.4176 0.0000 0.00 0.00 1.00 0
-0.2935 1.4176 0.0000 0.00 0.00 1.00 0
-0.2935 1.4177 0.0000 0.00 0.00 1.00 0
-0.2930 1.4175 0.0000 0.00 0.00 1.00 0
-0.2929 1.4175 0.0000 0.00 0.00 1.00 0
-0.2928 1.4175 0.0000 0.00 0.00 1.00 0
-0.2928 1.4155 0.0000 0.00 0.00 1.00 0
-0.2927 1.4152 0.0000 0.00 0.00 1.00 0
-0.2938 1.4151 0.0000 0.00 0.00 1.00 0
-0.2939 1.4148 0.0000 0.00 0.00 1.00 0
-0.2941 1.4145 0.0000 0.00 0.00 1.00 0
-0.2939 1.4169 0.0000 0.00 0.00 1.00 0
-0.2939 1.4171 0.0000 0.00 0.00 1.00 0
-0.2940 1.4173 0.0000 0.00 0.00 1.00 0
-0.2931 1.4161 0.0000 0.00 0.00 1.00 0
-0.2931 1.4161 0.0000 0.00 0.00 1.00 0
-0.2930 1.4160 0.0000 0.00 0.00 1.00 0
-0.2950 1.4161 0.0000 0.00 0.00 1.00 0
-0.2953 1.4161 0.0000 0.00 0.00 1.00 0
-0.2949 1.4191 0.0000 0.00 0.00 1.00 0
-0.2950 1.4195 0.0000 0.00 0.00 1.00 0
-0.2952 1.4200 0.0000 0.00 0.00 1.00 0
-0.2950 1.4170 0.0000 0.00 0.00 1.00 0
-0.2951 1.4169 0.0000 0.00 0.00 1.00 0
-0.2952 1.4168 0.0000 0.00 0.00 1.00 0
-0.2928 1.4169 0.0000 0.00 0.00 1.00 0
-0.2925 1.4168 0.0000 0.00 0.00 1.00 0
-0.2932 1.4189 0.0000 0.00 0.00 1.00 0
-0.2931 1.4192 0.0000 0.00 0.00 1.00 0
-0.2930 1.4196 0.0000 0.00 0.00 1.00 0
-0.2953 1.4172 0.0000 0.00 0.00 1.00 0
-0.2956 1.4170 0.0000 0.00 0.00 1.00 0
-0.2958 1.4169 0.0000 0.00 0.00 1.00 0
-0.2932 1.4183 0.0000 0.00 0.00 1.00 0
-0.2930 1.4184 0.0000 0.00 0.00 1.00 0
-0.2929 1.4184 0.0000 0.00 0.00 1.00 0
-0.2935 1.4198 0.0000 0.00 0.00 1.00 0
-0.2935 1.4201 0.0000 0.00 0.00 1.00 0
-0.2933 1.4200 0.0000 0.00 0.00 1.00 0
-0.2932 1.4202 0.0000 0.00 0.00 1.00 0
-0.2931 1.4204 0.0000 0.00 0.00 1.00 0
-0.2951 1.4156 0.0000 0.00 0.00 1.00 0
-0.2954 1.4150 0.0000 0.00 0.00 1.00 0
-0.2956 1.4145 0.0000 0.00 0.00 1.00 0
-0.2951 1.4156 0.0000 0.00 0.00 1.00 0
-0.2953 1.4152 0.0000 0.00 0.00 1.00 0
-0.2944 1.4165 0.0000 0.00 0.00 1.00 0
-0.2944 1.4165 0.0000 0.00 0.00 1.00 0
-0.2944 1.4165 0.0000 0.00 0.00 1.00 0
-0.2937 1.4152 0.0000 0.00 0.00 1.00 0
-0.2936 1.4149 0.0000 0.00 0.00 1.00 0
-0.2935 1.4147 0.0000 0.00 0.00 1.00 0
-0.2922 1.4153 0.0000 0.00 0.00 1.00 0
-0.2919 1.4152 0.0000 0.00 0.00 1.00 0
-0.2916 1.4152 0.0000 0.00 0.00 1.00 0
-0.2941 1.4159 0.0000 0.00 0.00 1.00 0
-0.2942 1.4159 0.0000 0.00 0.00 1.00 0
-0.2946 1.4170 0.0000 0.00 0.00 1.00 0
-0.2948 1.4172 0.0000 0.00 0.00 1.00 0
-0.2950 1.4174 0.0000 0.00 0.00 1.00 0
-0.2951 1.4172 0.0000 0.00 0.00 1.00 0
-0.2952 1.4174 0.0000 0.00 0.00 1.00 0
-0.2954 1.4175 0.0000 0.00 0.00 1.00 0
-0.2937 1.4157 0.0000 0.00 0.00 1.00 0
-0.2936 1.4155 0.0000 0.00 0.00 1.00 0
-0.2935 1.4154 0.0000 0.00 0.00 1.00 0
-0.2911 1.4155 0.0000 0.00 0.00 1.00 0
-0.2906 1.4153 0.0000 0.00 0.00 1.00 0
-0.2922 1.4169 0.0000 0.00 0.00 1.00 0
-0.2921 1.4170 0.0000 0.00 0.00 1.00 0
-0.2920 1.4172 0.0000 0.00 0.00 1.00 0
-0.2924 1.4162 0.0000 0.00 0.00 1.00 0
-0.2924 1.4162 0.0000 0.00 0.00 1.00 0
-0.2923 1.4162 0.0000 0.00 0.00 1.00 0
-0.2932 1.4195 0.0000 0.00 0.00 1.00 0
-0.2933 1.4200 0.0000 0.00 0.00 1.00 0
-0.2941 1.4192 0.0000 0.00 0.00 1.00 0
-0.2943 1.4195 0.0000 0.00 0.00 1.00 0
-0.2946 1.4198 0.0000 0.00 0.00 1.00 0
-0.2940 1.4164 0.0000 0.00 0.00 1.00 0
-0.2941 1.4161 0.0000 0.00 0.00 1.00 0
-0.2941 1.4158 0.0000 0.00 0.00 1.00 0
-0.2920 1.4161 0.0000 0.00 0.00 1.00 0
-0.2917 1.4159 0.0000 0.00 0.00 1.00 0
-0.2916 1.4158 0.0000 0.00 0.00 1.00 0
-0.2922 1.4156 0.0000 0.00 0.00 1.00 0
-0.2920 1.4154 0.0000 0.00 0.00 1.00 0
-0.2932 1.4165 0.0000 0.00 0.00 1.00 0
-0.2932 1.4165 0.0000 0.00 0.00 1.00 0
-0.2933 1.4165 0.0000 0.00 0.00 1.00 0
-0.2929 1.4174 0.0000 0.00 0.00 1.00 0
-0.2929 1.4175 0.0000 0.00 0.00 1.00 0
-0.2930 1.4176 0.0000 0.00 0.00 1.00 0
-0.2926 1.4174 0.0000 0.00 0.00 1.00 0
-0.2926 1.4174 0.0000 0.00 0.00 1.00 0
-0.2940 1.4173 0.0000 0.00 0.00 1.00 0
-0.2942 1.4174 0.0000 0.00 0.00 1.00 0
-0.2945 1.4174 0.0000 0.00 0.00 1.00 0
-0.2938 1.4164 0.0000 0.00 0.00 1.00 0
-0.2938 1.4162 0.0000 0.00 0.00 1.00 0
-0.2939 1.4161 0.0000 0.00 0.00 1.00 0
-0.2945 1.4180 0.0000 0.00 0.00 1.00 0
-0.2947 1.4182 0.0000 0.00 0.00 1.00 0
-0.2948 1.4183 0.0000 0.00 0.00 1.00 0
-0.2948 1.4177 0.0000 0.00 0.00 1.00 0
-0.2949 1.4177 0.0000 0.00 0.00 1.00 0
-0.2937 1.4155 0.0000 0.00 0.00 1.00 0
-0.2936 1.4152 0.0000 0.00 0.00 1.00 0
-0.2935 1.4149 0.0000 0.00 0.00 1.00 0
-0.2930 1.4157 0.0000 0.00 0.00 1.00 0
-0.2928 1.4156 0.0000 0.00 0.00 1.00 0
-0.2927 1.4155 0.0000 0.00 0.00 1.00 0
-0.2931 1.4154 0.0000 0.00 0.00 1.00 0
-0.2930 1.4153 0.0000 0.00 0.00 1.00 0
-0.2935 1.4159 0.0000 0.00 0.00 1.00 0
-0.2936 1.4159 0.0000 0.00 0.00 1.00 0
-0.2936 1.4159 0.0000 0.00 0.00 1.00 0
-0.2928 1.4138 0.0000 0.00 0.00 1.00 0
-0.2927 1.4135 0.0000 0.00 0.00 1.00 0
-0.2926 1.4132 0.0000 0.00 0.00 1.00 0
-0.2923 1.4146 0.0000 0.00 0.00 1.00 0
-0.2922 1.4145 0.0000 0.00 0.00 1.00 0
-0.2934 1.4161 0.0000 0.00 0.00 1.00 0
-0.2935 1.4164 0.0000 0.00 0.00 1.00 0
-0.2936 1.4166 0.0000 0.00 0.00 1.00 0
-0.2936 1.4168 0.0000 0.00 0.00 1.00 0
-0.2938 1.4171 0.0000 0.00 0.00 1.00 0
-0.2938 1.4173 0.0000 0.00 0.00 1.00 0
-0.2946 1.4189 0.0000 0.00 0.00 1.00 0
-0.2948 1.4193 0.0000 0.00 0.00 1.00 0
-0.2950 1.4196 0.0000 0.00 0.00 1.00 0
-0.2931 1.4178 0.0000 0.00 0.00 1.00 0
-0.2930 1.4179 0.0000 0.00 0.00 1.00 0
-0.2932 1.4173 0.0000 0.00 0.00 1.00 0
-0.2932 1.4172 0.0000 0.00 0.00 1.00 0
-0.2931 1.4172 0.0000 0.00 0.00 1.00 0
-0.2933 1.4181 0.0000 0.00 0.00 1.00 0
-0.2933 1.4182 0.0000 0.00 0.00 1.00 0
-0.2932 1.4184 0.0000 0.00 0.00 1.00 0
-0.2936 1.4165 0.0000 0.00 0.00 1.00 0
-0.2936 1.4163 0.0000 0.00 0.00 1.00 0
-0.2936 1.4162 0.0000 0.00 0.00 1.00 0
-0.2926 1.4172 0.0000 0.00 0.00 1.00 0
-0.2925 1.4172 0.0000 0.00 0.00 1.00 0
-0.2925 1.4150 0.0000 0.00 0.00 1.00 0
-0.2924 1.4146 0.0000 0.00 0.00 1.00 0
-0.2923 1.4142 0.0000 0.00 0.00 1.00 0
-0.2932 1.4161 0.0000 0.00 0.00 1.00 0
-0.2932 1.4161 0.0000 0.00 0.00 1.00 0
-0.2933 1.4161 0.0000 0.00 0.00 1.00 0
-0.2950 1.4148 0.0000 0.00 0.00 1.00 0
-0.2953 1.4145 0.0000 0.00 0.00 1.00 0
-0.2940 1.4170 0.0000 0.00 0.00 1.00 0
-0.2941 1.4172 0.0000 0.00 0.00 1.00 0
-0.2941 1.4174 0.0000 0.00 0.00 1.00 0
-0.2940 1.4197 0.0000 0.00 0.00 1.00 0
-0.2940 1.4202 0.0000 0.00 0.00 1.00 0
-0.2940 1.4208 0.0000 0.00 0.00 1.00 0
-0.2931 1.4201 0.0000 0.00 0.00 1.00 0
-0.2929 1.4204 0.0000 0.00 0.00 1.00 0
-0.2928 1.4207 0.0000 0.00 0.00 1.00 0
-0.2903 1.4170 0.0000 0.00 0.00 1.00 0
-0.2898 1.4167 0.0000 0.00 0.00 1.00 0
-0.2919 1.4174 0.0000 0.00 0.00 1.00 0
-0.2918 1.4173 0.0000 0.00 0.00 1.00 0
-0.2918 1.4172 0.0000 0.00 0.00 1.00 0
-0.2929 1.4167 0.0000 0.00 0.00 1.00 0
-0.2930 1.4166 0.0000 0.00 0.00 1.00 0
-0.2931 1.4165 0.0000 0.00 0.00 1.00 0
-0.2945 1.4142 0.0000 0.00 0.00 1.00 0
-0.2949 1.4137 0.0000 0.00 0.00 1.00 0
-0.2924 1.4150 0.0000 0.00 0.00 1.00 0
-0.2922 1.4148 0.0000 0.00 0.00 1.00 0
-0.2921 1.4147 0.0000 0.00 0.00 1.00 0
-0.2931 1.4155 0.0000 0.00 0.00 1.00 0
-0.2932 1.4155 0.0000 0.00 0.00 1.00 0
-0.2932 1.4155 0.0000 0.00 0.00 1.00 0
-0.2931 1.4180 0.0000 0.00 0.00 1.00 0
-0.2931 1.4183 0.0000 0.00 0.00 1.00 0
-0.2941 1.4163 0.0000 0.00 0.00 1.00 0
-0.2943 1.4162 0.0000 0.00 0.00 1.00 0
-0.2945 1.4162 0.0000 0.00 0.00 1.00 0
-0.2935 1.4155 0.0000 0.00 0.00 1.00 0
-0.2935 1.4153 0.0000 0.00 0.00 1.00 0
-0.2935 1.4151 0.0000 0.00 0.00 1.00 0
-0.2938 1.4159 0.0000 0.00 0.00 1.00 0
-0.2939 1.4159 0.0000 0.00 0.00 1.00 0
-0.2939 1.4159 0.0000 0.00 0.00 1.00 0
-0.2924 1.4154 0.0000 0.00 0.00 1.00 0
-0.2922 1.4153 0.0000 0.00 0.00 1.00 0
-0.2913 1.4168 0.0000 0.00 0.00 1.00 0
-0.2910 1.4170 0.0000 0.00 0.00 1.00 0
-0.2907 1.4172 0.0000 0.00 0.00 1.00 0
-0.2929 1.4183 0.0000 0.00 0.00 1.00 0
-0.2930 1.4187 0.0000 0.00 0.00 1.00 0
-0.2931 1.4190 0.0000 0.00 0.00 1.00 0
-0.2938 1.4166 0.0000 0.00 0.00 1.00 0
-0.2940 1.4165 0.0000 0.00 0.00 1.00 0
-0.2932 1.4153 0.0000 0.00 0.00 1.00 0
-0.2933 1.4150 0.0000 0.00 0.00 1.00 0
-0.2933 1.4147 0.0000 0.00 0.00 1.00 0
-0.2924 1.4157 0.0000 0.00 0.00 1.00 0
-0.2923 1.4156 0.0000 0.00 0.00 1.00 0
-0.2922 1.4155 0.0000 0.00 0.00 1.00 0
-0.2926 1.4188 0.0000 0.00 0.00 1.00 0
-0.2926 1.4193 0.0000 0.00 0.00 1.00 0
-0.2925 1.4197 0.0000 0.00 0.00 1.00 0
-0.2953 1.4175 0.0000 0.00 0.00 1.00 0
-0.2957 1.4175 0.0000 0.00 0.00 1.00 0
-0.2936 1.4182 0.0000 0.00 0.00 1.00 0
-0.2936 1.4183 0.0000 0.00 0.00 1.00 0
-0.2936 1.4185 0.0000 0.00 0.00 1.00 0
-0.2944 1.4150 0.0000 0.00 0.00 1.00 0
-0.2945 1.4146 0.0000 0.00 0.00 1.00 0
-0.2946 1.4142 0.0000 0.00 0.00 1.00 0
-0.2954 1.4160 0.0000 0.00 0.00 1.00 0
-0.2956 1.4159 0.0000 0.00 0.00 1.00 0
-0.2957 1.4158 0.0000 0.00 0.00 1.00 0
-0.2925 1.4151 0.0000 0.00 0.00 1.00 0
-0.2922 1.4149 0.0000 0.00 0.00 1.00 0
-0.2938 1.4159 0.0000 0.00 0.00 1.00 0
-0.2939 1.4159 0.0000 0.00 0.00 1.00 0
-0.2939 1.4159 0.0000 0.00 0.00 1.00 0
-0.2946 1.4157 0.0000 0.00 0.00 1.00 0
-0.2947 1.4157 0.0000 0.00 0.00 1.00 0
-0.2948 1.4157 0.0000 0.00 0.00 1.00 0
-0.2964 1.4135 0.0000 0.00 0.00 1.00 0
-0.2967 1.4132 0.0000 0.00 0.00 1.00 0
-0.2965 1.4122 0.0000 0.00 0.00 1.00 0
-0.2967 1.4119 0.0000 0.00 0.00 1.00 0
-0.2970 1.4114 0.0000 0.00 0.00 1.00 0
-0.2942 1.4132 0.0000 0.00 0.00 1.00 0
-0.2939 1.4131 0.0000 0.00 0.00 1.00 0
-0.2937 1.4130 0.0000 0.00 0.00 1.00 0
-0.2962 1.4110 0.0000 0.00 0.00 1.00 0
-0.2963 1.4107 0.0000 0.00 0.00 1.00 0
-0.2965 1.4104 0.0000 0.00 0.00 1.00 0
-0.2965 1.4114 0.0000 0.00 0.00 1.00 0
-0.2967 1.4112 0.0000 0.00 0.00 1.00 0
-0.2955 1.4137 0.0000 0.00 0.00 1.00 0
-0.2955 1.4139 0.0000 0.00 0.00 1.00 0
-0.2954 1.4142 0.0000 0.00 0.00 1.00 0
-0.2956 1.4126 0.0000 0.00 0.00 1.00 0
-0.2956 1.4126 0.0000 0.00 0.00 1.00 0
-0.2956 1.4125 0.0000 0.00 0.00 1.00 0
-0.2953 1.4157 0.0000 0.00 0.00 1.00 0
-0.2952 1.4161 0.0000 0.00 0.00 1.00 0
-0.2950 1.4145 0.0000 0.00 0.00 1.00 0
-0.2949 1.4146 0.0000 0.00 0.00 1.00 0
-0.2948 1.4147 0.0000 0.00 0.00 1.00 0
-0.2945 1.4131 0.0000 0.00 0.00 1.00 0
-0.2944 1.4130 0.0000 0.00 0.00 1.00 0
-0.2943 1.4128 0.0000 0.00 0.00 1.00 0
-0.2963 1.4125 0.0000 0.00 0.00 1.00 0
-0.2966 1.4123 0.0000 0.00 0.00 1.00 0
-0.2967 1.4121 0.0000 0.00 0.00 1.00 0
-0.2965 1.4143 0.0000 0.00 0.00 1.00 0
-0.2966 1.4145 0.0000 0.00 0.00 1.00 0
-0.2976 1.4141 0.0000 0.00 0.00 1.00 0
-0.2979 1.4142 0.0000 0.00 0.00 1.00 0
-0.2982 1.4143 0.0000 0.00 0.00 1.00 0
-0.2955 1.4144 0.0000 0.00 0.00 1.00 0
-0.2953 1.4145 0.0000 0.00 0.00 1.00 0
-0.2951 1.4146 0.0000 0.00 0.00 1.00 0
-0.2968 1.4140 0.0000 0.00 0.00 1.00 0
-0.2969 1.4139 0.0000 0.00 0.00 1.00 0
-0.2966 1.4143 0.0000 0.00 0.00 1.00 0
-0.2966 1.4144 0.0000 0.00 0.00 1.00 0
-0.2967 1.4144 0.0000 0.00 0.00 1.00 0
-0.2983 1.4146 0.0000 0.00 0.00 1.00 0
-0.2986 1.4147 0.0000 0.00 0.00 1.00 0
-0.2989 1.4148 0.0000 0.00 0.00 1.00 0
-0.2957 1.4134 0.0000 0.00 0.00 1.00 0
-0.2955 1.4133 0.0000 0.00 0.00 1.00 0
-0.2953 1.4132 0.0000 0.00 0.00 1.00 0
-0.2932 1.4138 0.0000 0.00 0.00 1.00 0
-0.2927 1.4138 0.0000 0.00 0.00 1.00 0
-0.2964 1.4133 0.0000 0.00 0.00 1.00 0
-0.2966 1.4132 0.0000 0.00 0.00 1.00 0
-0.2968 1.4131 0.0000 0.00 0.00 1.00 0
-0.2990 1.4129 0.0000 0.00 0.00 1.00 0
-0.2995 1.4128 0.0000 0.00 0.00 1.00 0
-0.3000 1.4127 0.0000 0.00 0.00 1.00 0
-0.3012 1.4138 0.0000 0.00 0.00 1.00 0
-0.3018 1.4139 0.0000 0.00 0.00 1.00 0
-0.3022 1.4139 0.0000 0.00 0.00 1.00 0
-0.2974 1.4121 0.0000 0.00 0.00 1.00 0
-0.2972 1.4119 0.0000 0.00 0.00 1.00 0
-0.2981 1.4128 0.0000 0.00 0.00 1.00 0
-0.2980 1.4128 0.0000 0.00 0.00 1.00 0
-0.2980 1.4128 0.0000 0.00 0.00 1.00 0
-0.2970 1.4139 0.0000 0.00 0.00 1.00 0
-0.2968 1.4141 0.0000 0.00 0.00 1.00 0
-0.2966 1.4142 0.0000 0.00 0.00 1.00 0
-0.2959 1.4160 0.0000 0.00 0.00 1.00 0
-0.2956 1.4164 0.0000 0.00 0.00 1.00 0
-0.2972 1.4147 0.0000 0.00 0.00 1.00 0
-0.2973 1.4148 0.0000 0.00 0.00 1.00 0
-0.2973 1.4148 0.0000 0.00 0.00 1.00 0
-0.2976 1.4138 0.0000 0.00 0.00 1.00 0
-0.2977 1.4137 0.0000 0.00 0.00 1.00 0
-0.2977 1.4136 0.0000 0.00 0.00 1.00 0
-0.3000 1.4143 0.0000 0.00 0.00 1.00 0
-0.3004 1.4143 0.0000 0.00 0.00 1.00 0
-0.2976 1.4104 0.0000 0.00 0.00 1.00 0
-0.2975 1.4097 0.0000 0.00 0.00 1.00 0
-0.2974 1.4091 0.0000 0.00 0.00 1.00 0
-0.2971 1.4092 0.0000 0.00 0.00 1.00 0
-0.2969 1.4087 0.0000 0.00 0.00 1.00 0
-0.2967 1.4082 0.0000 0.00 0.00 1.00 0
-0.3011 1.4127 0.0000 0.00 0.00 1.00 0
-0.3016 1.4130 0.0000 0.00 0.00 1.00 0
-0.3021 1.4132 0.0000 0.00 0.00 1.00 0
-0.3009 1.4167 0.0000 0.00 0.00 1.00 0
-0.3012 1.4175 0.0000 0.00 0.00 1.00 0
-0.2983 1.4149 0.0000 0.00 0.00 1.00 0
-0.2980 1.4150 0.0000 0.00 0.00 1.00 0
-0.2978 1.4152 0.0000 0.00 0.00 1.00 0
-0.2961 1.4118 0.0000 0.00 0.00 1.00 0
-0.2956 1.4114 0.0000 0.00 0.00 1.00 0
-0.2951 1.4110 0.0000 0.00 0.00 1.00 0
-0.2964 1.4137 0.0000 0.00 0.00 1.00 0
-0.2962 1.4138 0.0000 0.00 0.00 1.00 0
-0.2970 1.4136 0.0000 0.00 0.00 1.00 0
-0.2969 1.4136 0.0000 0.00 0.00 1.00 0
-0.2969 1.4136 0.0000 0.00 0.00 1.00 0
-0.2993 1.4136 0.0000 0.00 0.00 1.00 0
-0.2997 1.4136 0.0000 0.00 0.00 1.00 0
-0.3000 1.4136 0.0000 0.00 0.00 1.00 0
-0.3008 1.4130 0.0000 0.00 0.00 1.00 0
-0.3012 1.4130 0.0000 0.00 0.00 1.00 0
-0.3015 1.4129 0.0000 0.00 0.00 1.00 0
-0.2993 1.4120 0.0000 0.00 0.00 1.00 0
-0.2993 1.4118 0.0000 0.00 0.00 1.00 0
-0.2996 1.4133 0.0000 0.00 0.00 1.00 0
-0.2997 1.4134 0.0000 0.00 0.00 1.00 0
-0.2998 1.4135 0.0000 0.00 0.00 1.00 0
-0.3000 1.4133 0.0000 0.00 0.00 1.00 0
-0.3001 1.4133 0.0000 0.00 0.00 1.00 0
-0.3002 1.4134 0.0000 0.00 0.00 1.00 0
-0.2979 1.4121 0.0000 0.00 0.00 1.00 0
-0.2976 1.4119 0.0000 0.00 0.00 1.00 0
-0.2973 1.4127 0.0000 0.00 0.00 1.00 0
-0.2970 1.4127 0.0000 0.00 0.00 1.00 0
-0.2967 1.4127 0.0000 0.00 0.00 1.00 0
-0.2985 1.4151 0.0000 0.00 0.00 1.00 0
-0.2986 1.4155 0.0000 0.00 0.00 1.00 0
-0.2987 1.4158 0.0000 0.00 0.00 1.00 0
-0.2998 1.4139 0.0000 0.00 0.00 1.00 0
-0.3000 1.4139 0.0000 0.00 0.00 1.00 0
-0.3002 1.4139 0.0000 0.00 0.00 1.00 0
-0.3025 1.4114 0.0000 0.00 0.00 1.00 0
-0.3030 1.4110 0.0000 0.00 0.00 1.00 0
-0.2996 1.4123 0.0000 0.00 0.00 1.00 0
-0.2995 1.4122 0.0000 0.00 0.00 1.00 0
-0.2993 1.4121 0.0000 0.00 0.00 1.00 0
-0.2995 1.4122 0.0000 0.00 0.00 1.00 0
-0.2995 1.4121 0.0000 0.00 0.00 1.00 0
-0.2994 1.4121 0.0000 0.00 0.00 1.00 0
-0.2975 1.4133 0.0000 0.00 0.00 1.00 0
-0.2972 1.4134 0.0000 0.00 0.00 1.00 0
-0.2970 1.4135 0.0000 0.00 0.00 1.00 0
-0.2971 1.4126 0.0000 0.00 0.00 1.00 0
-0.2968 1.4126 0.0000 0.00 0.00 1.00 0
-0.3010 1.4120 0.0000 0.00 0.00 1.00 0
-0.3014 1.4119 0.0000 0.00 0.00 1.00 0
-0.3019 1.4118 0.0000 0.00 0.00 1.00 0
-0.3008 1.4115 0.0000 0.00 0.00 1.00 0
-0.3010 1.4114 0.0000 0.00 0.00 1.00 0
-0.3012 1.4113 0.0000 0.00 0.00 1.00 0
-0.3001 1.4120 0.0000 0.00 0.00 1.00 0
-0.3001 1.4120 0.0000 0.00 0.00 1.00 0
-0.3001 1.4120 0.0000 0.00 0.00 1.00 0
-0.3008 1.4138 0.0000 0.00 0.00 1.00 0
-0.3009 1.4141 0.0000 0.00 0.00 1.00 0
-0.2979 1.4161 0.0000 0.00 0.00 1.00 0
-0.2975 1.4167 0.0000 0.00 0.00 1.00 0
-0.2971 1.4172 0.0000 0.00 0.00 1.00 0
-0.2966 1.4148 0.0000 0.00 0.00 1.00 0
-0.2962 1.4149 0.0000 0.00 0.00 1.00 0
-0.2959 1.4149 0.0000 0.00 0.00 1.00 0
-0.2984 1.4131 0.0000 0.00 0.00 1.00 0
-0.2984 1.4129 0.0000 0.00 0.00 1.00 0
-0.2987 1.4146 0.0000 0.00 0.00 1.00 0
-0.2988 1.4147 0.0000 0.00 0.00 1.00 0
-0.2989 1.4148 0.0000 0.00 0.00 1.00 0
-0.2999 1.4127 0.0000 0.00 0.00 1.00 0
-0.3001 1.4125 0.0000 0.00 0.00 1.00 0
-0.3003 1.4123 0.0000 0.00 0.00 1.00 0
-0.2976 1.4143 0.0000 0.00 0.00 1.00 0
-0.2974 1.4144 0.0000 0.00 0.00 1.00 0
-0.2998 1.4149 0.0000 0.00 0.00 1.00 0
-0.3000 1.4151 0.0000 0.00 0.00 1.00 0
-0.3002 1.4153 0.0000 0.00 0.00 1.00 0
-0.3011 1.4142 0.0000 0.00 0.00 1.00 0
-0.3014 1.4142 0.0000 0.00 0.00 1.00 0
-0.3017 1.4142 0.0000 0.00 0.00 1.00 0
-0.3002 1.4127 0.0000 0.00 0.00 1.00 0
-0.3002 1.4125 0.0000 0.00 0.00 1.00 0
-0.3002 1.4123 0.0000 0.00 0.00 1.00 0
-0.3000 1.4130 0.0000 0.00 0.00 1.00 0
-0.3000 1.4129 0.0000 0.00 0.00 1.00 0
-0.2988 1.4125 0.0000 0.00 0.00 1.00 0
-0.2986 1.4124 0.0000 0.00 0.00 1.00 0
-0.2984 1.4123 0.0000 0.00 0.00 1.00 0
-0.2978 1.4119 0.0000 0.00 0.00 1.00 0
-0.2975 1.4118 0.0000 0.00 0.00 1.00 0
-0.2976 1.4135 0.0000 0.00 0.00 1.00 0
-0.2974 1.4137 0.0000 0.00 0.00 1.00 0
-0.2972 1.4138 0.0000 0.00 0.00 1.00 0
-0.2994 1.4148 0.0000 0.00 0.00 1.00 0
-0.2996 1.4151 0.0000 0.00 0.00 1.00 0
-0.2998 1.4154 0.0000 0.00 0.00 1.00 0
-0.2993 1.4140 0.0000 0.00 0.00 1.00 0
-0.2994 1.4140 0.0000 0.00 0.00 1.00 0
-0.2995 1.4140 0.0000 0.00 0.00 1.00 0
-0.2996 1.4149 0.0000 0.00 0.00 1.00 0
-0.2997 1.4151 0.0000 0.00 0.00 1.00 0
-0.3013 1.4149 0.0000 0.00 0.00 1.00 0
-0.3017 1.4149 0.0000 0.00 0.00 1.00 0
-0.3020 1.4150 0.0000 0.00 0.00 1.00 0
-0.3025 1.4132 0.0000 0.00 0.00 1.00 0
-0.3029 1.4130 0.0000 0.00 0.00 1.00 0
-0.3032 1.4128 0.0000 0.00 0.00 1.00 0
-0.2996 1.4108 0.0000 0.00 0.00 1.00 0
-0.2993 1.4103 0.0000 0.00 0.00 1.00 0
-0.2991 1.4099 0.0000 0.00 0.00 1.00 0
-0.2987 1.4141 0.0000 0.00 0.00 1.00 0
-0.2984 1.4143 0.0000 0.00 0.00 1.00 0
-0.2970 1.4119 0.0000 0.00 0.00 1.00 0
-0.2965 1.4117 0.0000 0.00 0.00 1.00 0
-0.2960 1.4114 0.0000 0.00 0.00 1.00 0
-0.2960 1.4125 0.0000 0.00 0.00 1.00 0
-0.2956 1.4125 0.0000 0.00 0.00 1.00 0
-0.2952 1.4124 0.0000 0.00 0.00 1.00 0
-0.2995 1.4144 0.0000 0.00 0.00 1.00 0
-0.2998 1.4147 0.0000 0.00 0.00 1.00 0
-0.3000 1.4148 0.0000 0.00 0.00 1.00 0
-0.2981 1.4142 0.0000 0.00 0.00 1.00 0
-0.2980 1.4144 0.0000 0.00 0.00 1.00 0
-0.2997 1.4137 0.0000 0.00 0.00 1.00 0
-0.3000 1.4137 0.0000 0.00 0.00 1.00 0
-0.3002 1.4137 0.0000 0.00 0.00 1.00 0
-0.2989 1.4144 0.0000 0.00 0.00 1.00 0
-0.2989 1.4145 0.0000 0.00 0.00 1.00 0
-0.2989 1.4146 0.0000 0.00 0.00 1.00 0
-0.2982 1.4108 0.0000 0.00 0.00 1.00 0
-0.2981 1.4103 0.0000 0.00 0.00 1.00 0
-0.2999 1.4115 0.0000 0.00 0.00 1.00 0
-0.3001 1.4113 0.0000 0.00 0.00 1.00 0
-0.3003 1.4111 0.0000 0.00 0.00 1.00 0
-0.3016 1.4146 0.0000 0.00 0.00 1.00 0
-0.3020 1.4150 0.0000 0.00 0.00 1.00 0
-0.3024 1.4154 0.0000 0.00 0.00 1.00 0
-0.3024 1.4166 0.0000 0.00 0.00 1.00 0
-0.3027 1.4171 0.0000 0.00 0.00 1.00 0
-0.3029 1.4175 0.0000 0.00 0.00 1.00 0
-0.3005 1.4144 0.0000 0.00 0.00 1.00 0
-0.3004 1.4144 0.0000 0.00 0.00 1.00 0
-0.2982 1.4131 0.0000 0.00 0.00 1.00 0
-0.2977 1.4129 0.0000 0.00 0.00 1.00 0
-0.2972 1.4126 0.0000 0.00 0.00 1.00 0
-0.2954 1.4114 0.0000 0.00 0.00 1.00 0
-0.2948 1.4110 0.0000 0.00 0.00 1.00 0
-0.2942 1.4107 0.0000 0.00 0.00 1.00 0
-0.2958 1.4117 0.0000 0.00 0.00 1.00 0
-0.2955 1.4116 0.0000 0.00 0.00 1.00 0
-0.2978 1.4115 0.0000 0.00 0.00 1.00 0
-0.2980 1.4113 0.0000 0.00 0.00 1.00 0
-0.2981 1.4111 0.0000 0.00 0.00 1.00 0
-0.2994 1.4139 0.0000 0.00 0.00 1.00 0
-0.2998 1.4142 0.0000 0.00 0.00 1.00 0
-0.3001 1.4146 0.0000 0.00 0.00 1.00 0
-0.2995 1.4153 0.0000 0.00 0.00 1.00 0
-0.2997 1.4157 0.0000 0.00 0.00 1.00 0
-0.2989 1.4138 0.0000 0.00 0.00 1.00 0
-0.2989 1.4138 0.0000 0.00 0.00 1.00 0
-0.2989 1.4138 0.0000 0.00 0.00 1.00 0
-0.2979 1.4126 0.0000 0.00 0.00 1.00 0
-0.2978 1.4124 0.0000 0.00 0.00 1.00 0
-0.2976 1.4122 0.0000 0.00 0.00 1.00 0
-0.2981 1.4140 0.0000 0.00 0.00 1.00 0
-0.2981 1.4141 0.0000 0.00 0.00 1.00 0
-0.2980 1.4142 0.0000 0.00 0.00 1.00 0
-0.2986 1.4161 0.0000 0.00 0.00 1.00 0
-0.2986 1.4165 0.0000 0.00 0.00 1.00 0
-0.2959 1.4127 0.0000 0.00 0.00 1.00 0
-0.2955 1.4123 0.0000 0.00 0.00 1.00 0
-0.2951 1.4120 0.0000 0.00 0.00 1.00 0
-0.2961 1.4148 0.0000 0.00 0.00 1.00 0
-0.2959 1.4150 0.0000 0.00 0.00 1.00 0
-0.2957 1.4152 0.0000 0.00 0.00 1.00 0
-0.2968 1.4132 0.0000 0.00 0.00 1.00 0
-0.2968 1.4129 0.0000 0.00 0.00 1.00 0
-0.2968 1.4128 0.0000 0.00 0.00 1.00 0
-0.3016 1.4154 0.0000 0.00 0.00 1.00 0
-0.3022 1.4156 0.0000 0.00 0.00 1.00 0
-0.2989 1.4132 0.0000 0.00 0.00 1.00 0
-0.2990 1.4130 0.0000 0.00 0.00 1.00 0
-0.2990 1.4128 0.0000 0.00 0.00 1.00 0
-0.2985 1.4118 0.0000 0.00 0.00 1.00 0
-0.2985 1.4115 0.0000 0.00 0.00 1.00 0
-0.2984 1.4111 0.0000 0.00 0.00 1.00 0
-0.2982 1.4129 0.0000 0.00 0.00 1.00 0
-0.2981 1.4129 0.0000 0.00 0.00 1.00 0
-0.2980 1.4129 0.0000 0.00 0.00 1.00 0
-0.2981 1.4136 0.0000 0.00 0.00 1.00 0
-0.2980 1.4136 0.0000 0.00 0.00 1.00 0
-0.2975 1.4142 0.0000 0.00 0.00 1.00 0
-0.2974 1.4144 0.0000 0.00 0.00 1.00 0
-0.2973 1.4145 0.0000 0.00 0.00 1.00 0
-0.2988 1.4125 0.0000 0.00 0.00 1.00 0
-0.2989 1.4123 0.0000 0.00 0.00 1.00 0
-0.2990 1.4122 0.0000 0.00 0.00 1.00 0
-0.2980 1.4126 0.0000 0.00 0.00 1.00 0
-0.2980 1.4125 0.0000 0.00 0.00 1.00 0
-0.2973 1.4145 0.0000 0.00 0.00 1.00 0
-0.2971 1.4148 0.0000 0.00 0.00 1.00 0
-0.2970 1.4150 0.0000 0.00 0.00 1.00 0
-0.2970 1.4144 0.0000 0.00 0.00 1.00 0
-0.2969 1.4146 0.0000 0.00 0.00 1.00 0
-0.2968 1.4147 0.0000 0.00 0.00 1.00 0
-0.2972 1.4153 0.0000 0.00 0.00 1.00 0
-0.2972 1.4155 0.0000 0.00 0.00 1.00 0
-0.2972 1.4156 0.0000 0.00 0.00 1.00 0
-0.2987 1.4161 0.0000 0.00 0.00 1.00 0
-0.2989 1.4163 0.0000 0.00 0.00 1.00 0
-0.2983 1.4150 0.0000 0.00 0.00 1.00 0
-0.2984 1.4150 0.0000 0.00 0.00 1.00 0
-0.2985 1.4150 0.0000 0.00 0.00 1.00 0
-0.2980 1.4104 0.0000 0.00 0.00 1.00 0
-0.2980 1.4096 0.0000 0.00 0.00 1.00 0
-0.2980 1.4090 0.0000 0.00 0.00 1.00 0
-0.2993 1.4102 0.0000 0.00 0.00 1.00 0
-0.2994 1.4098 0.0000 0.00 0.00 1.00 0
-0.3013 1.4112 0.0000 0.00 0.00 1.00 0
-0.3017 1.4111 0.0000 0.00 0.00 1.00 0
-0.3022 1.4110 0.0000 0.00 0.00 1.00 0
-0.3008 1.4130 0.0000 0.00 0.00 1.00 0
-0.3009 1.4133 0.0000 0.00 0.00 1.00 0
-0.3010 1.4135 0.0000 0.00 0.00 1.00 0
-0.2979 1.4124 0.0000 0.00 0.00 1.00 0
-0.2975 1.4124 0.0000 0.00 0.00 1.00 0
-0.2953 1.4128 0.0000 0.00 0.00 1.00 0
-0.2946 1.4129 0.0000 0.00 0.00 1.00 0
-0.2940 1.4130 0.0000 0.00 0.00 1.00 0
-0.2973 1.4135 0.0000 0.00 0.00 1.00 0
-0.2972 1.4136 0.0000 0.00 0.00 1.00 0
-0.2972 1.4138 0.0000 0.00 0.00 1.00 0
-0.3000 1.4154 0.0000 0.00 0.00 1.00 0
-0.3005 1.4158 0.0000 0.00 0.00 1.00 0
-0.3008 1.4161 0.0000 0.00 0.00 1.00 0
-0.2997 1.4142 0.0000 0.00 0.00 1.00 0
-0.2999 1.4142 0.0000 0.00 0.00 1.00 0
-0.2990 1.4124 0.0000 0.00 0.00 1.00 0
-0.2990 1.4121 0.0000 0.00 0.00 1.00 0
-0.2990 1.4119 0.0000 0.00 0.00 1.00 0
-0.2959 1.4132 0.0000 0.00 0.00 1.00 0
-0.2954 1.4132 0.0000 0.00 0.00 1.00 0
-0.2950 1.4132 0.0000 0.00 0.00 1.00 0
-0.2974 1.4121 0.0000 0.00 0.00 1.00 0
-0.2974 1.4119 0.0000 0.00 0.00 1.00 0
-0.2967 1.4134 0.0000 0.00 0.00 1.00 0
-0.2966 1.4135 0.0000 0.00 0.00 1.00 0
-0.2964 1.4137 0.0000 0.00 0.00 1.00 0
-0.2981 1.4136 0.0000 0.00 0.00 1.00 0
-0.2983 1.4137 0.0000 0.00 0.00 1.00 0
-0.2984 1.4138 0.0000 0.00 0.00 1.00 0
-0.2991 1.4139 0.0000 0.00 0.00 1.00 0
-0.2994 1.4140 0.0000 0.00 0.00 1.00 0
-0.2995 1.4140 0.0000 0.00 0.00 1.00 0
-0.2977 1.4107 0.0000 0.00 0.00 1.00 0
-0.2976 1.4103 0.0000 0.00 0.00 1.00 0
-0.2997 1.4124 0.0000 0.00 0.00 1.00 0
-0.3000 1.4124 0.0000 0.00 0.00 1.00 0
-0.3003 1.4124 0.0000 0.00 0.00 1.00 0
-0.3000 1.4113 0.0000 0.00 0.00 1.00 0
-0.3001 1.4111 0.0000 0.00 0.00 1.00 0
-0.3003 1.4109 0.0000 0.00 0.00 1.00 0
-0.2994 1.4150 0.0000 0.00 0.00 1.00 0
-0.2994 1.4154 0.0000 0.00 0.00 1.00 0
-0.2998 1.4144 0.0000 0.00 0.00 1.00 0
-0.2999 1.4146 0.0000 0.00 0.00 1.00 0
-0.3000 1.4148 0.0000 0.00 0.00 1.00 0
-0.2981 1.4146 0.0000 0.00 0.00 1.00 0
-0.2978 1.4147 0.0000 0.00 0.00 1.00 0
-0.2976 1.4149 0.0000 0.00 0.00 1.00 0
-0.2963 1.4155 0.0000 0.00 0.00 1.00 0
-0.2959 1.4158 0.0000 0.00 0.00 1.00 0
-0.2956 1.4159 0.0000 0.00 0.00 1.00 0
-0.2971 1.4141 0.0000 0.00 0.00 1.00 0
-0.2970 1.4140 0.0000 0.00 0.00 1.00 0
-0.2992 1.4114 0.0000 0.00 0.00 1.00 0
-0.2994 1.4109 0.0000 0.00 0.00 1.00 0
-0.2997 1.4104 0.0000 0.00 0.00 1.00 0
-0.2985 1.4102 0.0000 0.00 0.00 1.00 0
-0.2985 1.4097 0.0000 0.00 0.00 1.00 0
-0.2985 1.4093 0.0000 0.00 0.00 1.00 0
-0.2981 1.4122 0.0000 0.00 0.00 1.00 0
-0.2981 1.4123 0.0000 0.00 0.00 1.00 0
-0.2980 1.4124 0.0000 0.00 0.00 1.00 0
-0.2982 1.4159 0.0000 0.00 0.00 1.00 0
-0.2982 1.4165 0.0000 0.00 0.00 1.00 0
-0.2989 1.4156 0.0000 0.00 0.00 1.00 0
-0.2990 1.4159 0.0000 0.00 0.00 1.00 0
-0.2991 1.4163 0.0000 0.00 0.00 1.00 0
-0.2982 1.4134 0.0000 0.00 0.00 1.00 0
-0.2981 1.4132 0.0000 0.00 0.00 1.00 0
-0.2981 1.4130 0.0000 0.00 0.00 1.00 0
-0.2964 1.4128 0.0000 0.00 0.00 1.00 0
-0.2960 1.4126 0.0000 0.00 0.00 1.00 0
-0.2989 1.4126 0.0000 0.00 0.00 1.00 0
-0.2992 1.4125 0.0000 0.00 0.00 1.00 0
-0.2994 1.4123 0.0000 0.00 0.00 1.00 0
-0.3007 1.4171 0.0000 0.00 0.00 1.00 0
-0.3011 1.4177 0.0000 0.00 0.00 1.00 0
-0.3015 1.4184 0.0000 0.00 0.00 1.00 0
-0.3008 1.4144 0.0000 0.00 0.00 1.00 0
-0.3010 1.4143 0.0000 0.00 0.00 1.00 0
-0.3011 1.4143 0.0000 0.00 0.00 1.00 0
-0.2991 1.4139 0.0000 0.00 0.00 1.00 0
-0.2990 1.4138 0.0000 0.00 0.00 1.00 0
-0.2999 1.4131 0.0000 0.00 0.00 1.00 0
-0.3000 1.4129 0.0000 0.00 0.00 1.00 0
-0.3000 1.4127 0.0000 0.00 0.00 1.00 0
-0.2980 1.4121 0.0000 0.00 0.00 1.00 0
-0.2978 1.4118 0.0000 0.00 0.00 1.00 0
-0.2975 1.4116 0.0000 0.00 0.00 1.00 0
-0.2957 1.4137 0.0000 0.00 0.00 1.00 0
-0.2953 1.4138 0.0000 0.00 0.00 1.00 0
-0.2988 1.4148 0.0000 0.00 0.00 1.00 0
-0.2989 1.4150 0.0000 0.00 0.00 1.00 0
-0.2991 1.4153 0.0000 0.00 0.00 1.00 0
-0.2982 1.4156 0.0000 0.00 0.00 1.00 0
-0.2982 1.4159 0.0000 0.00 0.00 1.00 0
-0.2982 1.4161 0.0000 0.00 0.00 1.00 0
-0.2988 1.4145 0.0000 0.00 0.00 1.00 0
-0.2989 1.4144 0.0000 0.00 0.00 1.00 0
-0.2975 1.4127 0.0000 0.00 0.00 1.00 0
-0.2973 1.4124 0.0000 0.00 0.00 1.00 0
-0.2971 1.4121 0.0000 0.00 0.00 1.00 0
-0.2976 1.4129 0.0000 0.00 0.00 1.00 0
-0.2976 1.4128 0.0000 0.00 0.00 1.00 0
-0.2975 1.4126 0.0000 0.00 0.00 1.00 0
-0.2982 1.4137 0.0000 0.00 0.00 1.00 0
-0.2982 1.4137 0.0000 0.00 0.00 1.00 0
-0.2986 1.4134 0.0000 0.00 0.00 1.00 0
-0.2987 1.4133 0.0000 0.00 0.00 1.00 0
-0.2989 1.4133 0.0000 0.00 0.00 1.00 0
-0.2999 1.4138 0.0000 0.00 0.00 1.00 0
-0.3001 1.4139 0.0000 0.00 0.00 1.00 0
-0.3004 1.4139 0.0000 0.00 0.00 1.00 0
-0.2979 1.4115 0.0000 0.00 0.00 1.00 0
-0.2977 1.4112 0.0000 0.00 0.00 1.00 0
-0.2975 1.4108 0.0000 0.00 0.00 1.00 0
-0.3007 1.4139 0.0000 0.00 0.00 1.00 0
-0.3010 1.4141 0.0000 0.00 0.00 1.00 0
-0.3012 1.4142 0.0000 0.00 0.00 1.00 0
-0.3024 1.4161 0.0000 0.00 0.00 1.00 0
-0.3029 1.4165 0.0000 0.00 0.00 1.00 0
-0.2998 1.4137 0.0000 0.00 0.00 1.00 0
-0.2996 1.4136 0.0000 0.00 0.00 1.00 0
-0.2995 1.4135 0.0000 0.00 0.00 1.00 0
-0.2968 1.4120 0.0000 0.00 0.00 1.00 0
-0.2963 1.4117 0.0000 0.00 0.00 1.00 0
-0.2958 1.4114 0.0000 0.00 0.00 1.00 0
-0.2950 1.4126 0.0000 0.00 0.00 1.00 0
-0.2944 1.4125 0.0000 0.00 0.00 1.00 0
-0.2972 1.4151 0.0000 0.00 0.00 1.00 0
-0.2972 1.4154 0.0000 0.00 0.00 1.00 0
-0.2972 1.4158 0.0000 0.00 0.00 1.00 0
-0.2978 1.4163 0.0000 0.00 0.00 1.00 0
-0.2979 1.4167 0.0000 0.00 0.00 1.00 0
-0.2980 1.4171 0.0000 0.00 0.00 1.00 0
-0.2990 1.4135 0.0000 0.00 0.00 1.00 0
-0.2993 1.4132 0.0000 0.00 0.00 1.00 0
-0.2995 1.4130 0.0000 0.00 0.00 1.00 0
-0.3007 1.4129 0.0000 0.00 0.00 1.00 0
-0.3011 1.4127 0.0000 0.00 0.00 1.00 0
-0.3020 1.4150 0.0000 0.00 0.00 1.00 0
-0.3024 1.4152 0.0000 0.00 0.00 1.00 0
-0.3029 1.4154 0.0000 0.00 0.00 1.00 0
-0.3005 1.4138 0.0000 0.00 0.00 1.00 0
-0.3005 1.4137 0.0000 0.00 0.00 1.00 0
-0.3005 1.4136 0.0000 0.00 0.00 1.00 0
-0.2953 1.4109 0.0000 0.00 0.00 1.00 0
-0.2945 1.4105 0.0000 0.00 0.00 1.00 0
-0.2939 1.4101 0.0000 0.00 0.00 1.00 0
-0.2943 1.4127 0.0000 0.00 0.00 1.00 0
-0.2937 1.4127 0.0000 0.00 0.00 1.00 0
-0.2931 1.4139 0.0000 0.00 0.00 1.00 0
-0.2925 1.4141 0.0000 0.00 0.00 1.00 0
-0.2919 1.4143 0.0000 0.00 0.00 1.00 0
-0.2940 1.4123 0.0000 0.00 0.00 1.00 0
-0.2938 1.4121 0.0000 0.00 0.00 1.00 0
-0.2937 1.4120 0.0000 0.00 0.00 1.00 0
-0.3005 1.4153 0.0000 0.00 0.00 1.00 0
-0.3015 1.4158 0.0000 0.00 0.00 1.00 0
-0.2998 1.4144 0.0000 0.00 0.00 1.00 0
-0.3003 1.4145 0.0000 0.00 0.00 1.00 0
-0.3007 1.4146 0.0000 0.00 0.00 1.00 0
-0.2997 1.4146 0.0000 0.00 0.00 1.00 0
-0.2999 1.4146 0.0000 0.00 0.00 1.00 0
-0.3001 1.4147 0.0000 0.00 0.00 1.00 0
-0.3010 1.4155 0.0000 0.00 0.00 1.00 0
-0.3013 1.4157 0.0000 0.00 0.00 1.00 0
-0.3016 1.4159 0.0000 0.00 0.00 1.00 0
-0.2999 1.4141 0.0000 0.00 0.00 1.00 0
-0.2999 1.4140 0.0000 0.00 0.00 1.00 0
-0.2975 1.4133 0.0000 0.00 0.00 1.00 0
-0.2971 1.4131 0.0000 0.00 0.00 1.00 0
-0.2967 1.4128 0.0000 0.00 0.00 1.00 0
-0.2955 1.4137 0.0000 0.00 0.00 1.00 0
-0.2949 1.4136 0.0000 0.00 0.00 1.00 0
-0.2945 1.4136 0.0000 0.00 0.00 1.00 0
-0.2997 1.4157 0.0000 0.00 0.00 1.00 0
-0.3001 1.4161 0.0000 0.00 0.00 1.00 0
-0.2963 1.4128 0.0000 0.00 0.00 1.00 0
-0.2959 1.4124 0.0000 0.00 0.00 1.00 0
-0.2955 1.4121 0.0000 0.00 0.00 1.00 0
-0.2965 1.4107 0.0000 0.00 0.00 1.00 0
-0.2964 1.4101 0.0000 0.00 0.00 1.00 0
-0.2962 1.4096 0.0000 0.00 0.00 1.00 0
-0.2972 1.4101 0.0000 0.00 0.00 1.00 0
-0.2972 1.4098 0.0000 0.00 0.00 1.00 0
-0.2985 1.4139 0.0000 0.00 0.00 1.00 0
-0.2988 1.4144 0.0000 0.00 0.00 1.00 0
-0.2990 1.4148 0.0000 0.00 0.00 1.00 0
-0.2970 1.4131 0.0000 0.00 0.00 1.00 0
-0.2968 1.4132 0.0000 0.00 0.00 1.00 0
-0.2967 1.4133 0.0000 0.00 0.00 1.00 0
-0.2975 1.4145 0.0000 0.00 0.00 1.00 0
-0.2975 1.4148 0.0000 0.00 0.00 1.00 0
-0.2975 1.4150 0.0000 0.00 0.00 1.00 0
-0.2974 1.4152 0.0000 0.00 0.00 1.00 0
-0.2974 1.4155 0.0000 0.00 0.00 1.00 0
-0.2974 1.4157 0.0000 0.00 0.00 1.00 0
-0.3000 1.4152 0.0000 0.00 0.00 1.00 0
-0.3004 1.4154 0.0000 0.00 0.00 1.00 0
-0.2990 1.4133 0.0000 0.00 0.00 1.00 0
-0.2990 1.4130 0.0000 0.00 0.00 1.00 0
-0.2991 1.4128 0.0000 0.00 0.00 1.00 0
-0.2978 1.4117 0.0000 0.00 0.00 1.00 0
-0.2976 1.4114 0.0000 0.00 0.00 1.00 0
-0.2975 1.4110 0.0000 0.00 0.00 1.00 0
-0.2954 1.4108 0.0000 0.00 0.00 1.00 0
-0.2949 1.4104 0.0000 0.00 0.00 1.00 0
-0.2980 1.4116 0.0000 0.00 0.00 1.00 0
-0.2982 1.4115 0.0000 0.00 0.00 1.00 0
-0.2984 1.4114 0.0000 0.00 0.00 1.00 0
-0.2997 1.4147 0.0000 0.00 0.00 1.00 0
-0.3001 1.4152 0.0000 0.00 0.00 1.00 0
-0.3004 1.4156 0.0000 0.00 0.00 1.00 0
-0.3005 1.4164 0.0000 0.00 0.00 1.00 0
-0.3008 1.4169 0.0000 0.00 0.00 1.00 0
-0.3011 1.4173 0.0000 0.00 0.00 1.00 0
-0.2979 1.4113 0.0000 0.00 0.00 1.00 0
-0.2977 1.4108 0.0000 0.00 0.00 1.00 0
-0.2972 1.4138 0.0000 0.00 0.00 1.00 0
-0.2969 1.4139 0.0000 0.00 0.00 1.00 0
-0.2966 1.4140 0.0000 0.00 0.00 1.00 0
-0.2972 1.4129 0.0000 0.00 0.00 1.00 0
-0.2971 1.4129 0.0000 0.00 0.00 1.00 0
-0.2970 1.4128 0.0000 0.00 0.00 1.00 0
-0.3002 1.4147 0.0000 0.00 0.00 1.00 0
-0.3005 1.4149 0.0000 0.00 0.00 1.00 0
-0.3003 1.4147 0.0000 0.00 0.00 1.00 0
-0.3006 1.4149 0.0000 0.00 0.00 1.00 0
-0.3008 1.4150 0.0000 0.00 0.00 1.00 0
-0.2996 1.4122 0.0000 0.00 0.00 1.00 0
-0.2996 1.4118 0.0000 0.00 0.00 1.00 0
-0.2996 1.4115 0.0000 0.00 0.00 1.00 0
-0.2973 1.4115 0.0000 0.00 0.00 1.00 0
-0.2970 1.4112 0.0000 0.00 0.00 1.00 0
-0.2961 1.4114 0.0000 0.00 0.00 1.00 0
-0.2957 1.4112 0.0000 0.00 0.00 1.00 0
-0.2953 1.4110 0.0000 0.00 0.00 1.00 0
-0.2970 1.4143 0.0000 0.00 0.00 1.00 0
-0.2970 1.4146 0.0000 0.00 0.00 1.00 0
-0.2969 1.4150 0.0000 0.00 0.00 1.00 0
-0.2994 1.4156 0.0000 0.00 0.00 1.00 0
-0.2998 1.4160 0.0000 0.00 0.00 1.00 0
-0.3001 1.4164 0.0000 0.00 0.00 1.00 0
-0.2987 1.4151 0.0000 0.00 0.00 1.00 0
-0.2988 1.4153 0.0000 0.00 0.00 1.00 0
-0.2997 1.4139 0.0000 0.00 0.00 1.00 0
-0.2999 1.4138 0.0000 0.00 0.00 1.00 0
-0.3001 1.4137 0.0000 0.00 0.00 1.00 0
-0.2998 1.4132 0.0000 0.00 0.00 1.00 0
-0.2999 1.4130 0.0000 0.00 0.00 1.00 0
-0.3000 1.4129 0.0000 0.00 0.00 1.00 0
-0.2956 1.4105 0.0000 0.00 0.00 1.00 0
-0.2951 1.4099 0.0000 0.00 0.00 1.00 0
-0.2946 1.4095 0.0000 0.00 0.00 1.00 0
-0.2943 1.4094 0.0000 0.00 0.00 1.00 0
-0.2938 1.4090 0.0000 0.00 0.00 1.00 0
-0.2972 1.4121 0.0000 0.00 0.00 1.00 0
-0.2973 1.4122 0.0000 0.00 0.00 1.00 0
-0.2975 1.4124 0.0000 0.00 0.00 1.00 0
-0.3011 1.4153 0.0000 0.00 0.00 1.00 0
-0.3018 1.4159 0.0000 0.00 0.00 1.00 0
-0.3025 1.4165 0.0000 0.00 0.00 1.00 0
-0.2980 1.4132 0.0000 0.00 0.00 1.00 0
-0.2979 1.4132 0.0000 0.00 0.00 1.00 0
-0.2965 1.4136 0.0000 0.00 0.00 1.00 0
-0.2962 1.4137 0.0000 0.00 0.00 1.00 0
-0.2959 1.4138 0.0000 0.00 0.00 1.00 0
-0.2981 1.4163 0.0000 0.00 0.00 1.00 0
-0.2982 1.4168 0.0000 0.00 0.00 1.00 0
-0.2983 1.4173 0.0000 0.00 0.00 1.00 0
-0.2993 1.4135 0.0000 0.00 0.00 1.00 0
-0.2996 1.4133 0.0000 0.00 0.00 1.00 0
-0.2998 1.4131 0.0000 0.00 0.00 1.00 0
-0.2997 1.4102 0.0000 0.00 0.00 1.00 0
-0.2998 1.4096 0.0000 0.00 0.00 1.00 0
-0.2971 1.4130 0.0000 0.00 0.00 1.00 0
-0.2968 1.4131 0.0000 0.00 0.00 1.00 0
-0.2965 1.4132 0.0000 0.00 0.00 1.00 0
-0.2956 1.4132 0.0000 0.00 0.00 1.00 0
-0.2952 1.4133 0.0000 0.00 0.00 1.00 0
-0.2947 1.4133 0.0000 0.00 0.00 1.00 0
-0.2979 1.4126 0.0000 0.00 0.00 1.00 0
-0.2981 1.4126 0.0000 0.00 0.00 1.00 0
-0.3002 1.4144 0.0000 0.00 0.00 1.00 0
-0.3007 1.4146 0.0000 0.00 0.00 1.00 0
-0.3012 1.4149 0.0000 0.00 0.00 1.00 0
-0.2996 1.4144 0.0000 0.00 0.00 1.00 0
-0.2998 1.4145 0.0000 0.00 0.00 1.00 0
-0.3000 1.4147 0.0000 0.00 0.00 1.00 0
-0.3004 1.4116 0.0000 0.00 0.00 1.00 0
-0.3007 1.4112 0.0000 0.00 0.00 1.00 0
-0.3008 1.4108 0.0000 0.00 0.00 1.00 0
-0.2994 1.4117 0.0000 0.00 0.00 1.00 0
-0.2993 1.4115 0.0000 0.00 0.00 1.00 0
-0.2986 1.4110 0.0000 0.00 0.00 1.00 0
-0.2984 1.4107 0.0000 0.00 0.00 1.00 0
-0.2982 1.4105 0.0000 0.00 0.00 1.00 0
-0.2985 1.4128 0.0000 0.00 0.00 1.00 0
-0.2984 1.4130 0.0000 0.00 0.00 1.00 0
-0.2983 1.4132 0.0000 0.00 0.00 1.00 0
-0.2978 1.4142 0.0000 0.00 0.00 1.00 0
-0.2977 1.4145 0.0000 0.00 0.00 1.00 0
-0.2972 1.4132 0.0000 0.00 0.00 1.00 0
-0.2970 1.4132 0.0000 0.00 0.00 1.00 0
-0.2968 1.4132 0.0000 0.00 0.00 1.00 0
-0.2956 1.4116 0.0000 0.00 0.00 1.00 0
-0.2953 1.4114 0.0000 0.00 0.00 1.00 0
-0.2949 1.4111 0.0000 0.00 0.00 1.00 0
-0.2992 1.4077 0.0000 0.00 0.00 1.00 0
-0.2996 1.4070 0.0000 0.00 0.00 1.00 0
-0.2999 1.4063 0.0000 0.00 0.00 1.00 0
-0.3011 1.4120 0.0000 0.00 0.00 1.00 0
-0.3015 1.4122 0.0000 0.00 0.00 1.00 0
-0.3001 1.4128 0.0000 0.00 0.00 1.00 0
-0.3003 1.4131 0.0000 0.00 0.00 1.00 0
-0.3004 1.4134 0.0000 0.00 0.00 1.00 0
-0.3001 1.4141 0.0000 0.00 0.00 1.00 0
-0.3002 1.4145 0.0000 0.00 0.00 1.00 0
-0.3003 1.4148 0.0000 0.00 0.00 1.00 0
-0.2984 1.4145 0.0000 0.00 0.00 1.00 0
-0.2982 1.4147 0.0000 0.00 0.00 1.00 0
-0.2954 1.4132 0.0000 0.00 0.00 1.00 0
-0.2947 1.4131 0.0000 0.00 0.00 1.00 0
-0.2940 1.4130 0.0000 0.00 0.00 1.00 0
-0.2950 1.4135 0.0000 0.00 0.00 1.00 0
-0.2946 1.4136 0.0000 0.00 0.00 1.00 0
-0.2942 1.4136 0.0000 0.00 0.00 1.00 0
-0.2984 1.4158 0.0000 0.00 0.00 1.00 0
-0.2987 1.4162 0.0000 0.00 0.00 1.00 0
-0.2991 1.4166 0.0000 0.00 0.00 1.00 0
-0.2966 1.4132 0.0000 0.00 0.00 1.00 0
-0.2965 1.4130 0.0000 0.00 0.00 1.00 0
-0.2985 1.4137 0.0000 0.00 0.00 1.00 0
-0.2988 1.4136 0.0000 0.00 0.00 1.00 0
-0.2990 1.4136 0.0000 0.00 0.00 1.00 0
-0.2985 1.4102 0.0000 0.00 0.00 1.00 0
-0.2986 1.4096 0.0000 0.00 0.00 1.00 0
-0.2988 1.4091 0.0000 0.00 0.00 1.00 0
-0.2947 1.4106 0.0000 0.00 0.00 1.00 0
-0.2942 1.4103 0.0000 0.00 0.00 1.00 0
-0.2938 1.4101 0.0000 0.00 0.00 1.00 0
-0.2946 1.4142 0.0000 0.00 0.00 1.00 0
-0.2943 1.4146 0.0000 0.00 0.00 1.00 0
-0.2988 1.4164 0.0000 0.00 0.00 1.00 0
-0.2992 1.4171 0.0000 0.00 0.00 1.00 0
-0.2997 1.4177 0.0000 0.00 0.00 1.00 0
-0.2978 1.4143 0.0000 0.00 0.00 1.00 0
-0.2979 1.4143 0.0000 0.00 0.00 1.00 0
-0.2980 1.4143 0.0000 0.00 0.00 1.00 0
-0.2987 1.4122 0.0000 0.00 0.00 1.00 0
-0.2988 1.4119 0.0000 0.00 0.00 1.00 0
-0.2978 1.4116 0.0000 0.00 0.00 1.00 0
-0.2978 1.4112 0.0000 0.00 0.00 1.00 0
-0.2977 1.4109 0.0000 0.00 0.00 1.00 0
-0.2968 1.4111 0.0000 0.00 0.00 1.00 0
-0.2967 1.4108 0.0000 0.00 0.00 1.00 0
-0.2965 1.4106 0.0000 0.00 0.00 1.00 0
-0.2977 1.4155 0.0000 0.00 0.00 1.00 0
-0.2978 1.4161 0.0000 0.00 0.00 1.00 0
-0.2976 1.4145 0.0000 0.00 0.00 1.00 0
-0.2977 1.4147 0.0000 0.00 0.00 1.00 0
-0.2977 1.4149 0.0000 0.00 0.00 1.00 0
-0.2957 1.4129 0.0000 0.00 0.00 1.00 0
-0.2954 1.4127 0.0000 0.00 0.00 1.00 0
-0.2951 1.4125 0.0000 0.00 0.00 1.00 0
-0.2953 1.4145 0.0000 0.00 0.00 1.00 0
-0.2951 1.4147 0.0000 0.00 0.00 1.00 0
-0.2948 1.4148 0.0000 0.00 0.00 1.00 0
-0.2977 1.4126 0.0000 0.00 0.00 1.00 0
-0.2979 1.4124 0.0000 0.00 0.00 1.00 0
-0.2997 1.4111 0.0000 0.00 0.00 1.00 0
-0.3002 1.4107 0.0000 0.00 0.00 1.00 0
-0.3006 1.4104 0.0000 0.00 0.00 1.00 0
-0.2990 1.4119 0.0000 0.00 0.00 1.00 0
-0.2991 1.4118 0.0000 0.00 0.00 1.00 0
-0.2992 1.4117 0.0000 0.00 0.00 1.00 0
-0.2972 1.4176 0.0000 0.00 0.00 1.00 0
-0.2970 1.4183 0.0000 0.00 0.00 1.00 0
-0.2968 1.4190 0.0000 0.00 0.00 1.00 0
-0.2976 1.4149 0.0000 0.00 0.00 1.00 0
-0.2976 1.4149 0.0000 0.00 0.00 1.00 0
-0.2939 1.4122 0.0000 0.00 0.00 1.00 0
-0.2933 1.4118 0.0000 0.00 0.00 1.00 0
-0.2926 1.4114 0.0000 0.00 0.00 1.00 0
-0.2958 1.4109 0.0000 0.00 0.00 1.00 0
-0.2958 1.4105 0.0000 0.00 0.00 1.00 0
-0.2957 1.4101 0.0000 0.00 0.00 1.00 0
-0.2968 1.4135 0.0000 0.00 0.00 1.00 0
-0.2969 1.4137 0.0000 0.00 0.00 1.00 0
-0.3002 1.4149 0.0000 0.00 0.00 1.00 0
-0.3009 1.4153 0.0000 0.00 0.00 1.00 0
-0.3016 1.4157 0.0000 0.00 0.00 1.00 0
-0.2977 1.4156 0.0000 0.00 0.00 1.00 0
-0.2976 1.4159 0.0000 0.00 0.00 1.00 0
-0.2976 1.4162 0.0000 0.00 0.00 1.00 0
-0.2960 1.4144 0.0000 0.00 0.00 1.00 0
-0.2956 1.4143 0.0000 0.00 0.00 1.00 0
-0.2954 1.4143 0.0000 0.00 0.00 1.00 0
-0.2963 1.4144 0.0000 0.00 0.00 1.00 0
-0.2962 1.4144 0.0000 0.00 0.00 1.00 0
-0.2981 1.4131 0.0000 0.00 0.00 1.00 0
-0.2983 1.4128 0.0000 0.00 0.00 1.00 0
-0.2985 1.4126 0.0000 0.00 0.00 1.00 0
-0.2955 1.4122 0.0000 0.00 0.00 1.00 0
-0.2952 1.4119 0.0000 0.00 0.00 1.00 0
-0.2950 1.4117 0.0000 0.00 0.00 1.00 0
-0.2982 1.4164 0.0000 0.00 0.00 1.00 0
-0.2985 1.4170 0.0000 0.00 0.00 1.00 0
-0.2992 1.4167 0.0000 0.00 0.00 1.00 0
-0.2995 1.4171 0.0000 0.00 0.00 1.00 0
-0.2999 1.4174 0.0000 0.00 0.00 1.00 0
-0.2983 1.4152 0.0000 0.00 0.00 1.00 0
-0.2983 1.4151 0.0000 0.00 0.00 1.00 0
-0.2984 1.4151 0.0000 0.00 0.00 1.00 0
-0.2972 1.4113 0.0000 0.00 0.00 1.00 0
-0.2970 1.4106 0.0000 0.00 0.00 1.00 0
-0.2984 1.4123 0.0000 0.00 0.00 1.00 0
-0.2985 1.4121 0.0000 0.00 0.00 1.00 0
-0.2986 1.4118 0.0000 0.00 0.00 1.00 0
-0.2990 1.4145 0.0000 0.00 0.00 1.00 0
-0.2991 1.4148 0.0000 0.00 0.00 1.00 0
-0.2992 1.4151 0.0000 0.00 0.00 1.00 0
-0.2985 1.4163 0.0000 0.00 0.00 1.00 0
-0.2985 1.4167 0.0000 0.00 0.00 1.00 0
-0.2986 1.4172 0.0000 0.00 0.00 1.00 0
-0.2966 1.4160 0.0000 0.00 0.00 1.00 0
-0.2963 1.4162 0.0000 0.00 0.00 1.00 0
-0.2960 1.4163 0.0000 0.00 0.00 1.00 0
-0.2982 1.4116 0.0000 0.00 0.00 1.00 0
-0.2983 1.4110 0.0000 0.00 0.00 1.00 0
-0.2988 1.4118 0.0000 0.00 0.00 1.00 0
-0.2989 1.4115 0.0000 0.00 0.00 1.00 0
-0.2990 1.4111 0.0000 0.00 0.00 1.00 0
-0.2985 1.4125 0.0000 0.00 0.00 1.00 0
-0.2985 1.4125 0.0000 0.00 0.00 1.00 0
-0.2985 1.4124 0.0000 0.00 0.00 1.00 0
-0.2976 1.4145 0.0000 0.00 0.00 1.00 0
-0.2975 1.4147 0.0000 0.00 0.00 1.00 0
-0.2982 1.4156 0.0000 0.00 0.00 1.00 0
-0.2982 1.4160 0.0000 0.00 0.00 1.00 0
-0.2982 1.4164 0.0000 0.00 0.00 1.00 0
-0.2964 1.4160 0.0000 0.00 0.00 1.00 0
-0.2962 1.4163 0.0000 0.00 0.00 1.00 0
-0.2959 1.4165 0.0000 0.00 0.00 1.00 0
-0.2978 1.4161 0.0000 0.00 0.00 1.00 0
-0.2979 1.4163 0.0000 0.00 0.00 1.00 0
-0.2985 1.4151 0.0000 0.00 0.00 1.00 0
-0.2986 1.4150 0.0000 0.00 0.00 1.00 0
-0.2988 1.4150 0.0000 0.00 0.00 1.00 0
-0.2989 1.4127 0.0000 0.00 0.00 1.00 0
-0.2991 1.4123 0.0000 0.00 0.00 1.00 0
-0.2992 1.4119 0.0000 0.00 0.00 1.00 0
-0.2991 1.4129 0.0000 0.00 0.00 1.00 0
-0.2992 1.4127 0.0000 0.00 0.00 1.00 0
-0.2993 1.4125 0.0000 0.00 0.00 1.00 0
-0.2970 1.4137 0.0000 0.00 0.00 1.00 0
-0.2967 1.4137 0.0000 0.00 0.00 1.00 0
-0.2966 1.4137 0.0000 0.00 0.00 1.00 0
-0.2977 1.4117 0.0000 0.00 0.00 1.00 0
-0.2976 1.4114 0.0000 0.00 0.00 1.00 0
-0.2975 1.4126 0.0000 0.00 0.00 1.00 0
-0.2974 1.4125 0.0000 0.00 0.00 1.00 0
-0.2973 1.4125 0.0000 0.00 0.00 1.00 0
-0.2978 1.4143 0.0000 0.00 0.00 1.00 0
-0.2978 1.4145 0.0000 0.00 0.00 1.00 0
-0.2978 1.4147 0.0000 0.00 0.00 1.00 0
-0.2979 1.4141 0.0000 0.00 0.00 1.00 0
-0.2979 1.4143 0.0000 0.00 0.00 1.00 0
-0.2958 1.4133 0.0000 0.00 0.00 1.00 0
-0.2955 1.4132 0.0000 0.00 0.00 1.00 0
-0.2951 1.4132 0.0000 0.00 0.00 1.00 0
-0.2967 1.4151 0.0000 0.00 0.00 1.00 0
-0.2967 1.4154 0.0000 0.00 0.00 1.00 0
-0.2967 1.4156 0.0000 0.00 0.00 1.00 0
-0.3005 1.4122 0.0000 0.00 0.00 1.00 0
-0.3011 1.4119 0.0000 0.00 0.00 1.00 0
-0.2986 1.4125 0.0000 0.00 0.00 1.00 0
-0.2987 1.4123 0.0000 0.00 0.00 1.00 0
-0.2987 1.4122 0.0000 0.00 0.00 1.00 0
-0.2983 1.4140 0.0000 0.00 0.00 1.00 0
-0.2983 1.4142 0.0000 0.00 0.00 1.00 0
-0.2983 1.4144 0.0000 0.00 0.00 1.00 0
-0.2988 1.4136 0.0000 0.00 0.00 1.00 0
-0.2989 1.4137 0.0000 0.00 0.00 1.00 0
-0.2955 1.4113 0.0000 0.00 0.00 1.00 0
-0.2950 1.4109 0.0000 0.00 0.00 1.00 0
-0.2944 1.4105 0.0000 0.00 0.00 1.00 0
-0.2947 1.4141 0.0000 0.00 0.00 1.00 0
-0.2942 1.4143 0.0000 0.00 0.00 1.00 0
-0.2938 1.4146 0.0000 0.00 0.00 1.00 0
-0.2962 1.4159 0.0000 0.00 0.00 1.00 0
-0.2962 1.4164 0.0000 0.00 0.00 1.00 0
-0.2962 1.4168 0.0000 0.00 0.00 1.00 0
-0.2976 1.4147 0.0000 0.00 0.00 1.00 0
-0.2978 1.4148 0.0000 0.00 0.00 1.00 0
-0.2983 1.4128 0.0000 0.00 0.00 1.00 0
-0.2985 1.4125 0.0000 0.00 0.00 1.00 0
-0.2988 1.4122 0.0000 0.00 0.00 1.00 0
-0.2972 1.4134 0.0000 0.00 0.00 1.00 0
-0.2971 1.4133 0.0000 0.00 0.00 1.00 0
-0.2971 1.4133 0.0000 0.00 0.00 1.00 0
-0.2985 1.4116 0.0000 0.00 0.00 1.00 0
-0.2987 1.4113 0.0000 0.00 0.00 1.00 0
-0.3010 1.4142 0.0000 0.00 0.00 1.00 0
-0.3015 1.4144 0.0000 0.00 0.00 1.00 0
-0.3021 1.4147 0.0000 0.00 0.00 1.00 0
-0.3000 1.4147 0.0000 0.00 0.00 1.00 0
-0.3001 1.4149 0.0000 0.00 0.00 1.00 0
-0.3002 1.4151 0.0000 0.00 0.00 1.00 0
-0.2980 1.4136 0.0000 0.00 0.00 1.00 0
-0.2978 1.4136 0.0000 0.00 0.00 1.00 0
-0.2976 1.4135 0.0000 0.00 0.00 1.00 0
-0.2967 1.4119 0.0000 0.00 0.00 1.00 0
-0.2963 1.4117 0.0000 0.00 0.00 1.00 0
-0.2959 1.4122 0.0000 0.00 0.00 1.00 0
-0.2956 1.4121 0.0000 0.00 0.00 1.00 0
-0.2952 1.4120 0.0000 0.00 0.00 1.00 0
-0.2964 1.4134 0.0000 0.00 0.00 1.00 0
-0.2963 1.4135 0.0000 0.00 0.00 1.00 0
-0.2962 1.4137 0.0000 0.00 0.00 1.00 0
-0.2937 1.4127 0.0000 0.00 0.00 1.00 0
-0.2932 1.4126 0.0000 0.00 0.00 1.00 0
-0.2969 1.4133 0.0000 0.00 0.00 1.00 0
-0.2971 1.4133 0.0000 0.00 0.00 1.00 0
-0.2974 1.4134 0.0000 0.00 0.00 1.00 0
-0.2971 1.4130 0.0000 0.00 0.00 1.00 0
-0.2973 1.4130 0.0000 0.00 0.00 1.00 0
-0.2975 1.4130 0.0000 0.00 0.00 1.00 0
-0.2982 1.4145 0.0000 0.00 0.00 1.00 0
-0.2984 1.4147 0.0000 0.00 0.00 1.00 0
-0.2987 1.4150 0.0000 0.00 0.00 1.00 0
-0.3002 1.4126 0.0000 0.00 0.00 1.00 0
-0.3006 1.4124 0.0000 0.00 0.00 1.00 0
-0.3009 1.4123 0.0000 0.00 0.00 1.00 0
-0.2985 1.4127 0.0000 0.00 0.00 1.00 0
-0.2985 1.4126 0.0000 0.00 0.00 1.00 0
-0.3003 1.4141 0.0000 0.00 0.00 1.00 0
-0.3006 1.4143 0.0000 0.00 0.00 1.00 0
-0.3009 1.4145 0.0000 0.00 0.00 1.00 0
-0.3001 1.4129 0.0000 0.00 0.00 1.00 0
-0.3003 1.4128 0.0000 0.00 0.00 1.00 0
-0.3000 1.4122 0.0000 0.00 0.00 1.00 0
-0.3001 1.4120 0.0000 0.00 0.00 1.00 0
-0.3002 1.4118 0.0000 0.00 0.00 1.00 0
-0.2969 1.4115 0.0000 0.00 0.00 1.00 0
-0.2964 1.4113 0.0000 0.00 0.00 1.00 0
-0.2959 1.4111 0.0000 0.00 0.00 1.00 0
-0.2965 1.4165 0.0000 0.00 0.00 1.00 0
-0.2962 1.4172 0.0000 0.00 0.00 1.00 0
-0.2959 1.4179 0.0000 0.00 0.00 1.00 0
-0.3041 1.4418 0.0000 0.00 0.00 1.00 0
-0.3051 1.4461 0.0000 0.00 0.00 1.00 0
-0.3058 1.4492 0.0000 0.00 0.00 1.00 0
-0.3124 1.5071 0.0000 0.00 0.00 1.00 0
-0.3142 1.5192 0.0000 0.00 0.00 1.00 0
-0.3238 1.5769 0.0000 0.00 0.00 1.00 0
-0.3268 1.5964 0.0000 0.00 0.00 1.00 0
-0.3300 1.6163 0.0000 0.00 0.00 1.00 0
-0.3410 1.6573 0.0000 0.00 0.00 1.00 0
-0.3454 1.6807 0.0000 0.00 0.00 1.00 0
-0.3462 1.6997 0.0000 0.00 0.00 1.00 0
-0.3499 1.7220 0.0000 0.00 0.00 1.00 0
-0.3537 1.7447 0.0000 0.00 0.00 1.00 0
-0.3554 1.7478 0.0000 0.00 0.00 1.00 0
-0.3583 1.7644 0.0000 0.00 0.00 1.00 0
-0.3621 1.7860 0.0000 0.00 0.00 1.00 0
-0.3651 1.7852 0.0000 0.00 0.00 1.00 0
-0.3684 1.8012 0.0000 0.00 0.00 1.00 0
-0.3717 1.8173 0.0000 0.00 0.00 1.00 0
-0.3691 1.8244 0.0000 0.00 0.00 1.00 0
-0.3715 1.8388 0.0000 0.00 0.00 1.00 0
-0.3732 1.8490 0.0000 0.00 0.00 1.00 0
-0.3749 1.8675 0.0000 0.00 0.00 1.00 0
-0.3770 1.8819 0.0000 0.00 0.00 1.00 0
-0.3789 1.9041 0.0000 0.00 0.00 1.00 0
-0.3811 1.9198 0.0000 0.00 0.00 1.00 0
-0.3833 1.9363 0.0000 0.00 0.00 1.00 0
-0.3898 1.9524 0.0000 0.00 0.00 1.00 0
-0.3927 1.9684 0.0000 0.00 0.00 1.00 0
-0.3952 1.9825 0.0000 0.00 0.00 1.00 0
-0.3937 1.9976 0.0000 0.00 0.00 1.00 0
-0.3959 2.0129 0.0000 0.00 0.00 1.00 0
-0.4060 2.0357 0.0000 0.00 0.00 1.00 0
-0.4094 2.0518 0.0000 0.00 0.00 1.00 0
-0.4129 2.0685 0.0000 0.00 0.00 1.00 0
-0.4210 2.0925 0.0000 0.00 0.00 1.00 0
-0.4252 2.1101 0.0000 0.00 0.00 1.00 0
-0.4295 2.1282 0.0000 0.00 0.00 1.00 0
-0.4318 2.1446 0.0000 0.00 0.00 1.00 0
-0.4358 2.1621 0.0000 0.00 0.00 1.00 0
-0.4347 2.1765 0.0000 0.00 0.00 1.00 0
-0.4377 2.1934 0.0000 0.00 0.00 1.00 0
-0.4407 2.2102 0.0000 0.00 0.00 1.00 0
-0.4478 2.2249 0.0000 0.00 0.00 1.00 0
-0.4516 2.2417 0.0000 0.00 0.00 1.00 0
-0.4553 2.2584 0.0000 0.00 0.00 1.00 0
-0.4629 2.2783 0.0000 0.00 0.00 1.00 0
-0.4672 2.2954 0.0000 0.00 0.00 1.00 0
-0.4710 2.3106 0.0000 0.00 0.00 1.00 0
-0.4757 2.3301 0.0000 0.00 0.00 1.00 0
-0.4800 2.3470 0.0000 0.00 0.00 1.00 0
-0.4825 2.3672 0.0000 0.00 0.00 1.00 0
-0.4864 2.3847 0.0000 0.00 0.00 1.00 0
-0.4904 2.4023 0.0000 0.00 0.00 1.00 0
-0.4940 2.4196 0.0000 0.00 0.00 1.00 0
-0.4975 2.4354 0.0000 0.00 0.00 1.00 0
-0.5011 2.4513 0.0000 0.00 0.00 1.00 0
-0.5025 2.4713 0.0000 0.00 0.00 1.00 0
-0.5058 2.4886 0.0000 0.00 0.00 1.00 0
-0.5117 2.5049 0.0000 0.00 0.00 1.00 0
-0.5156 2.5223 0.0000 0.00 0.00 1.00 0
-0.5190 2.5378 0.0000 0.00 0.00 1.00 0
-0.5212 2.5554 0.0000 0.00 0.00 1.00 0
-0.5248 2.5729 0.0000 0.00 0.00 1.00 0
-0.5283 2.5900 0.0000 0.00 0.00 1.00 0
-0.5319 2.6070 0.0000 0.00 0.00 1.00 0
-0.5354 2.6239 0.0000 0.00 0.00 1.00 0
-0.5383 2.6464 0.0000 0.00 0.00 1.00 0
-0.5418 2.6645 0.0000 0.00 0.00 1.00 0
-0.5452 2.6828 0.0000 0.00 0.00 1.00 0
-0.5520 2.7093 0.0000 0.00 0.00 1.00 0
-0.5559 2.7288 0.0000 0.00 0.00 1.00 0
-0.5599 2.7481 0.0000 0.00 0.00 1.00 0
-0.5680 2.7692 0.0000 0.00 0.00 1.00 0
-0.5717 2.7849 0.0000 0.00 0.00 1.00 0
-0.5768 2.8065 0.0000 0.00 0.00 1.00 0
-0.5838 2.8338 0.0000 0.00 0.00 1.00 0
-0.5888 2.8548 0.0000 0.00 0.00 1.00 0
-0.5978 2.8813 0.0000 0.00 0.00 1.00 0
-0.6034 2.9029 0.0000 0.00 0.00 1.00 0
-0.6091 2.9244 0.0000 0.00 0.00 1.00 0
-0.6126 2.9554 0.0000 0.00 0.00 1.00 0
-0.6179 2.9785 0.0000 0.00 0.00 1.00 0
-0.6233 3.0020 0.0000 0.00 0.00 1.00 0
-0.6266 3.0260 0.0000 0.00 0.00 1.00 0
-0.6315 3.0492 0.0000 0.00 0.00 1.00 0
-0.6355 3.0678 0.0000 0.00 0.00 1.00 0
-0.6401 3.0908 0.0000 0.00 0.00 1.00 0
-0.6449 3.1134 0.0000 0.00 0.00 1.00 0
-0.6502 3.1381 0.0000 0.00 0.00 1.00 0
-0.6550 3.1608 0.0000 0.00 0.00 1.00 0
-0.6594 3.1814 0.0000 0.00 0.00 1.00 0
-0.6646 3.2065 0.0000 0.00 0.00 1.00 0
-0.6694 3.2293 0.0000 0.00 0.00 1.00 0
-0.6742 3.2523 0.0000 0.00 0.00 1.00 0
-0.6827 3.2748 0.0000 0.00 0.00 1.00 0
-0.6881 3.2978 0.0000 0.00 0.00 1.00 0
-0.6937 3.3185 0.0000 0.00 0.00 1.00 0
-0.6992 3.3411 0.0000 0.00 0.00 1.00 0
-0.7046 3.3635 0.0000 0.00 0.00 1.00 0
-0.7074 3.3803 0.0000 0.00 0.00 1.00 0
-0.7125 3.4019 0.0000 0.00 0.00 1.00 0
-0.7174 3.4231 0.0000 0.00 0.00 1.00 0
-0.7219 3.4388 0.0000 0.00 0.00 1.00 0
-0.7267 3.4592 0.0000 0.00 0.00 1.00 0
-0.7299 3.4815 0.0000 0.00 0.00 1.00 0
-0.7343 3.5014 0.0000 0.00 0.00 1.00 0
-0.7389 3.5223 0.0000 0.00 0.00 1.00 0
-0.7416 3.5347 0.0000 0.00 0.00 1.00 0
-0.7510 3.5691 0.0000 0.00 0.00 1.00 0
-0.7559 3.5904 0.0000 0.00 0.00 1.00 0
-0.7618 3.6204 0.0000 0.00 0.00 1.00 0
-0.7669 3.6433 0.0000 0.00 0.00 1.00 0
-0.7722 3.6665 0.0000 0.00 0.00 1.00 0
-0.7789 3.6950 0.0000 0.00 0.00 1.00 0
-0.7843 3.7189 0.0000 0.00 0.00 1.00 0
-0.7885 3.7371 0.0000 0.00 0.00 1.00 0
-0.7932 3.7579 0.0000 0.00 0.00 1.00 0
-0.7984 3.7809 0.0000 0.00 0.00 1.00 0
-0.8026 3.8050 0.0000 0.00 0.00 1.00 0
-0.8076 3.8281 0.0000 0.00 0.00 1.00 0
-0.8125 3.8507 0.0000 0.00 0.00 1.00 0
-0.8167 3.8692 0.0000 0.00 0.00 1.00 0
-0.8226 3.8961 0.0000 0.00 0.00 1.00 0
-0.8271 3.9165 0.0000 0.00 0.00 1.00 0
-0.8335 3.9417 0.0000 0.00 0.00 1.00 0
-0.8385 3.9641 0.0000 0.00 0.00 1.00 0
-0.8441 3.9803 0.0000 0.00 0.00 1.00 0
-0.8493 4.0019 0.0000 0.00 0.00 1.00 0
-0.8545 4.0235 0.0000 0.00 0.00 1.00 0
-0.8576 4.0393 0.0000 0.00 0.00 1.00 0
-0.8620 4.0579 0.0000 0.00 0.00 1.00 0
-0.8669 4.0787 0.0000 0.00 0.00 1.00 0
-0.8724 4.1017 0.0000 0.00 0.00 1.00 0
-0.8768 4.1205 0.0000 0.00 0.00 1.00 0
-0.8812 4.1392 0.0000 0.00 0.00 1.00 0
-0.8902 4.1712 0.0000 0.00 0.00 1.00 0
-0.8956 4.1933 0.0000 0.00 0.00 1.00 0
-0.9040 4.2193 0.0000 0.00 0.00 1.00 0
-0.9106 4.2445 0.0000 0.00 0.00 1.00 0
-0.9165 4.2674 0.0000 0.00 0.00 1.00 0
-0.9208 4.2939 0.0000 0.00 0.00 1.00 0
-0.9266 4.3176 0.0000 0.00 0.00 1.00 0
-0.9324 4.3415 0.0000 0.00 0.00 1.00 0
-0.9376 4.3610 0.0000 0.00 0.00 1.00 0
-0.9433 4.3839 0.0000 0.00 0.00 1.00 0
-0.9453 4.4036 0.0000 0.00 0.00 1.00 0
-0.9505 4.4265 0.0000 0.00 0.00 1.00 0
-0.9555 4.4489 0.0000 0.00 0.00 1.00 0
-0.9580 4.4711 0.0000 0.00 0.00 1.00 0
-0.9626 4.4936 0.0000 0.00 0.00 1.00 0
-0.9672 4.5161 0.0000 0.00 0.00 1.00 0
-0.9702 4.5371 0.0000 0.00 0.00 1.00 0
-0.9746 4.5595 0.0000 0.00 0.00 1.00 0
-0.9808 4.5803 0.0000 0.00 0.00 1.00 0
-0.9852 4.6007 0.0000 0.00 0.00 1.00 0
-0.9899 4.6226 0.0000 0.00 0.00 1.00 0
-0.9953 4.6258 0.0000 0.00 0.00 1.00 0
-1.0001 4.6446 0.0000 0.00 0.00 1.00 0
-1.0048 4.6630 0.0000 0.00 0.00 1.00 0
-1.0124 4.6495 0.0000 0.00 0.00 1.00 0
-1.0176 4.6627 0.0000 0.00 0.00 1.00 0
-1.0228 4.6760 0.0000 0.00 0.00 1.00 0
-1.0277 4.6573 0.0000 0.00 0.00 1.00 0
-1.0329 4.6657 0.0000 0.00 0.00 1.00 0
-1.0387 4.6512 0.0000 0.00 0.00 1.00 0
-1.0440 4.6555 0.0000 0.00 0.00 1.00 0
-1.0493 4.6598 0.0000 0.00 0.00 1.00 0
-1.0233 4.6610 0.0000 0.00 0.00 1.00 0
-1.0233 4.6648 0.0000 0.00 0.00 1.00 0
-1.0234 4.6678 0.0000 0.00 0.00 1.00 0
-0.9908 4.6920 0.0000 0.00 0.00 1.00 0
-0.9857 4.6990 0.0000 0.00 0.00 1.00 0
-0.9820 4.7039 0.0000 0.00 0.00 1.00 0
-0.9619 4.7307 0.0000 0.00 0.00 1.00 0
-0.9547 4.7404 0.0000 0.00 0.00 1.00 0
-0.9389 4.7601 0.0000 0.00 0.00 1.00 0
-0.9302 4.7716 0.0000 0.00 0.00 1.00 0
-0.9216 4.7829 0.0000 0.00 0.00 1.00 0
-0.9050 4.7975 0.0000 0.00 0.00 1.00 0
-0.8951 4.8093 0.0000 0.00 0.00 1.00 0
-0.8970 4.8255 0.0000 0.00 0.00 1.00 0
-0.8903 4.8363 0.0000 0.00 0.00 1.00 0
-0.8819 4.8501 0.0000 0.00 0.00 1.00 0
-0.8944 4.8593 0.0000 0.00 0.00 1.00 0
-0.8901 4.8715 0.0000 0.00 0.00 1.00 0
-0.8859 4.8834 0.0000 0.00 0.00 1.00 0
-0.8918 4.9041 0.0000 0.00 0.00 1.00 0
-0.8900 4.9134 0.0000 0.00 0.00 1.00 0
-0.8868 4.9303 0.0000 0.00 0.00 1.00 0
-0.8825 4.9653 0.0000 0.00 0.00 1.00 0
-0.8796 4.9820 0.0000 0.00 0.00 1.00 0
-0.8773 4.9955 0.0000 0.00 0.00 1.00 0
-0.8694 5.0304 0.0000 0.00 0.00 1.00 0
-0.8659 5.0496 0.0000 0.00 0.00 1.00 0
-0.8677 5.0648 0.0000 0.00 0.00 1.00 0
-0.8651 5.0831 0.0000 0.00 0.00 1.00 0
-0.8625 5.1015 0.0000 0.00 0.00 1.00 0
-0.8675 5.1090 0.0000 0.00 0.00 1.00 0
-0.8661 5.1256 0.0000 0.00 0.00 1.00 0
-0.8648 5.1415 0.0000 0.00 0.00 1.00 0
-0.8835 5.1541 0.0000 0.00 0.00 1.00 0
-0.8852 5.1700 0.0000 0.00 0.00 1.00 0
-0.8984 5.1809 0.0000 0.00 0.00 1.00 0
-0.9020 5.1957 0.0000 0.00 0.00 1.00 0
-0.9058 5.2108 0.0000 0.00 0.00 1.00 0
-0.9105 5.2152 0.0000 0.00 0.00 1.00 0
-0.9144 5.2285 0.0000 0.00 0.00 1.00 0
-0.9183 5.2416 0.0000 0.00 0.00 1.00 0
-0.9190 5.2462 0.0000 0.00 0.00 1.00 0
-0.9225 5.2583 0.0000 0.00 0.00 1.00 0
-0.9252 5.2678 0.0000 0.00 0.00 1.00 0
-0.9165 5.2797 0.0000 0.00 0.00 1.00 0
-0.9179 5.2912 0.0000 0.00 0.00 1.00 0
-0.8945 5.3034 0.0000 0.00 0.00 1.00 0
-0.8917 5.3151 0.0000 0.00 0.00 1.00 0
-0.8889 5.3267 0.0000 0.00 0.00 1.00 0
-0.8775 5.3331 0.0000 0.00 0.00 1.00 0
-0.8742 5.3417 0.0000 0.00 0.00 1.00 0
-0.8693 5.3541 0.0000 0.00 0.00 1.00 0
-0.8639 5.3625 0.0000 0.00 0.00 1.00 0
-0.8596 5.3728 0.0000 0.00 0.00 1.00 0
-0.8570 5.3790 0.0000 0.00 0.00 1.00 0
-0.8442 5.3877 0.0000 0.00 0.00 1.00 0
-0.8390 5.3970 0.0000 0.00 0.00 1.00 0
-0.8246 5.4008 0.0000 0.00 0.00 1.00 0
-0.8177 5.4094 0.0000 0.00 0.00 1.00 0
-0.8101 5.4189 0.0000 0.00 0.00 1.00 0
-0.8004 5.4224 0.0000 0.00 0.00 1.00 0
-0.7930 5.4302 0.0000 0.00 0.00 1.00 0
-0.7871 5.4365 0.0000 0.00 0.00 1.00 0
-0.7800 5.4395 0.0000 0.00 0.00 1.00 0
-0.7727 5.4465 0.0000 0.00 0.00 1.00 0
-0.7542 5.4493 0.0000 0.00 0.00 1.00 0
-0.7450 5.4556 0.0000 0.00 0.00 1.00 0
-0.7359 5.4617 0.0000 0.00 0.00 1.00 0
-0.7276 5.4667 0.0000 0.00 0.00 1.00 0
-0.7188 5.4727 0.0000 0.00 0.00 1.00 0
-0.7060 5.4779 0.0000 0.00 0.00 1.00 0
-0.6968 5.4835 0.0000 0.00 0.00 1.00 0
-0.6871 5.4894 0.0000 0.00 0.00 1.00 0
-0.6701 5.4959 0.0000 0.00 0.00 1.00 0
-0.6593 5.5018 0.0000 0.00 0.00 1.00 0
-0.6483 5.5078 0.0000 0.00 0.00 1.00 0
-0.6294 5.5152 0.0000 0.00 0.00 1.00 0
-0.6172 5.5214 0.0000 0.00 0.00 1.00 0
-0.6063 5.5269 0.0000 0.00 0.00 1.00 0
-0.5888 5.5394 0.0000 0.00 0.00 1.00 0
-0.5760 5.5465 0.0000 0.00 0.00 1.00 0
-0.5670 5.5514 0.0000 0.00 0.00 1.00 0
-0.5467 5.5584 0.0000 0.00 0.00 1.00 0
-0.5329 5.5653 0.0000 0.00 0.00 1.00 0
-0.5101 5.5691 0.0000 0.00 0.00 1.00 0
-0.4948 5.5754 0.0000 0.00 0.00 1.00 0
-0.4799 5.5817 0.0000 0.00 0.00 1.00 0
-0.4510 5.5863 0.0000 0.00 0.00 1.00 0
-0.4335 5.5924 0.0000 0.00 0.00 1.00 0
-0.4177 5.5979 0.0000 0.00 0.00 1.00 0
-0.3814 5.6068 0.0000 0.00 0.00 1.00 0
-0.3611 5.6132 0.0000 0.00 0.00 1.00 0
-0.3339 5.6208 0.0000 0.00 0.00 1.00 0
-0.3124 5.6274 0.0000 0.00 0.00 1.00 0
-0.2915 5.6339 0.0000 0.00 0.00 1.00 0
-0.2633 5.6420 0.0000 0.00 0.00 1.00 0
-0.2411 5.6488 0.0000 0.00 0.00 1.00 0
-0.2188 5.6556 0.0000 0.00 0.00 1.00 0
-0.1959 5.6642 0.0000 0.00 0.00 1.00 0
-0.1735 5.6713 0.0000 0.00 0.00 1.00 0
-0.1501 5.6762 0.0000 0.00 0.00 1.00 0
-0.1278 5.6828 0.0000 0.00 0.00 1.00 0
-0.1050 5.6896 0.0000 0.00 0.00 1.00 0
-0.0817 5.6951 0.0000 0.00 0.00 1.00 0
-0.0591 5.7016 0.0000 0.00 0.00 1.00 0
-0.0353 5.7084 0.0000 0.00 0.00 1.00 0
-0.0173 5.7147 0.0000 0.00 0.00 1.00 0
0.0048 5.7212 0.0000 0.00 0.00 1.00 0
0.0245 5.7270 0.0000 0.00 0.00 1.00 0
0.0442 5.7301 0.0000 0.00 0.00 1.00 0
0.0634 5.7354 0.0000 0.00 0.00 1.00 0
0.0890 5.7376 0.0000 0.00 0.00 1.00 0
0.1108 5.7428 0.0000 0.00 0.00 1.00 0
0.1327 5.7480 0.0000 0.00 0.00 1.00 0
0.1565 5.7509 0.0000 0.00 0.00 1.00 0
0.1787 5.7557 0.0000 0.00 0.00 1.00 0
0.2010 5.7606 0.0000 0.00 0.00 1.00 0
0.2219 5.7695 0.0000 0.00 0.00 1.00 0
0.2440 5.7750 0.0000 0.00 0.00 1.00 0
0.2612 5.7793 0.0000 0.00 0.00 1.00 0
0.2721 5.7856 0.0000 0.00 0.00 1.00 0
0.2921 5.7911 0.0000 0.00 0.00 1.00 0
0.3033 5.7920 0.0000 0.00 0.00 1.00 0
0.3213 5.7966 0.0000 0.00 0.00 1.00 0
0.3394 5.8012 0.0000 0.00 0.00 1.00 0
0.3540 5.8014 0.0000 0.00 0.00 1.00 0
0.3717 5.8053 0.0000 0.00 0.00 1.00 0
0.3894 5.8093 0.0000 0.00 0.00 1.00 0
0.4134 5.8077 0.0000 0.00 0.00 1.00 0
0.4320 5.8107 0.0000 0.00 0.00 1.00 0
0.4618 5.8128 0.0000 0.00 0.00 1.00 0
0.4824 5.8157 0.0000 0.00 0.00 1.00 0
0.5029 5.8186 0.0000 0.00 0.00 1.00 0
0.5315 5.8217 0.0000 0.00 0.00 1.00 0
0.5534 5.8246 0.0000 0.00 0.00 1.00 0
0.5751 5.8275 0.0000 0.00 0.00 1.00 0
0.6023 5.8344 0.0000 0.00 0.00 1.00 0
0.6251 5.8380 0.0000 0.00 0.00 1.00 0
0.6501 5.8431 0.0000 0.00 0.00 1.00 0
0.6730 5.8469 0.0000 0.00 0.00 1.00 0
0.6960 5.8508 0.0000 0.00 0.00 1.00 0
0.7228 5.8524 0.0000 0.00 0.00 1.00 0
0.7463 5.8558 0.0000 0.00 0.00 1.00 0
0.7701 5.8593 0.0000 0.00 0.00 1.00 0
0.7945 5.8620 0.0000 0.00 0.00 1.00 0
0.8188 5.8654 0.0000 0.00 0.00 1.00 0
0.8433 5.8688 0.0000 0.00 0.00 1.00 0
0.8654 5.8718 0.0000 0.00 0.00 1.00 0
0.8889 5.8751 0.0000 0.00 0.00 1.00 0
0.9102 5.8784 0.0000 0.00 0.00 1.00 0
0.9334 5.8817 0.0000 0.00 0.00 1.00 0
0.9570 5.8850 0.0000 0.00 0.00 1.00 0
0.9757 5.8915 0.0000 0.00 0.00 1.00 0
0.9985 5.8954 0.0000 0.00 0.00 1.00 0
1.0210 5.8992 0.0000 0.00 0.00 1.00 0
1.0393 5.9022 0.0000 0.00 0.00 1.00 0
1.0610 5.9058 0.0000 0.00 0.00 1.00 0
1.0814 5.9088 0.0000 0.00 0.00 1.00 0
1.1030 5.9123 0.0000 0.00 0.00 1.00 0
1.1261 5.9161 0.0000 0.00 0.00 1.00 0
1.1490 5.9166 0.0000 0.00 0.00 1.00 0
1.1709 5.9196 0.0000 0.00 0.00 1.00 0
1.1929 5.9226 0.0000 0.00 0.00 1.00 0
1.2132 5.9299 0.0000 0.00 0.00 1.00 0
1.2283 5.9325 0.0000 0.00 0.00 1.00 0
1.2582 5.9388 0.0000 0.00 0.00 1.00 0
1.2803 5.9428 0.0000 0.00 0.00 1.00 0
1.3024 5.9468 0.0000 0.00 0.00 1.00 0
1.3261 5.9523 0.0000 0.00 0.00 1.00 0
1.3488 5.9566 0.0000 0.00 0.00 1.00 0
1.3711 5.9609 0.0000 0.00 0.00 1.00 0
1.3948 5.9671 0.0000 0.00 0.00 1.00 0
1.4177 5.9717 0.0000 0.00 0.00 1.00 0
1.4402 5.9762 0.0000 0.00 0.00 1.00 0
1.4348 5.9830 0.0000 0.00 0.00 1.00 0
1.4532 5.9880 0.0000 0.00 0.00 1.00 0
1.4455 5.9859 0.0000 0.00 0.00 1.00 0
1.4612 5.9901 0.0000 0.00 0.00 1.00 0
1.4752 5.9938 0.0000 0.00 0.00 1.00 0
1.4855 5.9842 0.0000 0.00 0.00 1.00 0
1.4990 5.9857 0.0000 0.00 0.00 1.00 0
1.5109 5.9871 0.0000 0.00 0.00 1.00 0
1.5403 5.9769 0.0000 0.00 0.00 1.00 0
1.5560 5.9765 0.0000 0.00 0.00 1.00 0
1.5841 5.9751 0.0000 0.00 0.00 1.00 0
1.6013 5.9745 0.0000 0.00 0.00 1.00 0
1.6190 5.9740 0.0000 0.00 0.00 1.00 0
1.6318 5.9777 0.0000 0.00 0.00 1.00 0
1.6484 5.9779 0.0000 0.00 0.00 1.00 0
1.6655 5.9781 0.0000 0.00 0.00 1.00 0
1.6852 5.9789 0.0000 0.00 0.00 1.00 0
1.7023 5.9792 0.0000 0.00 0.00 1.00 0
1.7188 5.9795 0.0000 0.00 0.00 1.00 0
1.7473 5.9747 0.0000 0.00 0.00 1.00 0
1.7665 5.9742 0.0000 0.00 0.00 1.00 0
1.7899 5.9732 0.0000 0.00 0.00 1.00 0
1.8100 5.9726 0.0000 0.00 0.00 1.00 0
1.8310 5.9720 0.0000 0.00 0.00 1.00 0
1.8411 5.9738 0.0000 0.00 0.00 1.00 0
1.8596 5.9737 0.0000 0.00 0.00 1.00 0
1.8775 5.9735 0.0000 0.00 0.00 1.00 0
1.8771 5.9737 0.0000 0.00 0.00 1.00 0
1.8928 5.9736 0.0000 0.00 0.00 1.00 0
1.9066 5.9735 0.0000 0.00 0.00 1.00 0
1.9201 5.9689 0.0000 0.00 0.00 1.00 0
1.9349 5.9681 0.0000 0.00 0.00 1.00 0
1.9509 5.9488 0.0000 0.00 0.00 1.00 0
1.9658 5.9449 0.0000 0.00 0.00 1.00 0
1.9814 5.9407 0.0000 0.00 0.00 1.00 0
1.9916 5.9335 0.0000 0.00 0.00 1.00 0
2.0057 5.9289 0.0000 0.00 0.00 1.00 0
2.0199 5.9244 0.0000 0.00 0.00 1.00 0
2.0164 5.9260 0.0000 0.00 0.00 1.00 0
2.0277 5.9225 0.0000 0.00 0.00 1.00 0
2.0341 5.9188 0.0000 0.00 0.00 1.00 0
2.0456 5.9149 0.0000 0.00 0.00 1.00 0
2.0552 5.9117 0.0000 0.00 0.00 1.00 0
2.0725 5.9024 0.0000 0.00 0.00 1.00 0
2.0841 5.8979 0.0000 0.00 0.00 1.00 0
2.0945 5.8939 0.0000 0.00 0.00 1.00 0
2.1125 5.8811 0.0000 0.00 0.00 1.00 0
2.1239 5.8758 0.0000 0.00 0.00 1.00 0
2.1364 5.8700 0.0000 0.00 0.00 1.00 0
2.1428 5.8686 0.0000 0.00 0.00 1.00 0
2.1519 5.8645 0.0000 0.00 0.00 1.00 0
2.1571 5.8640 0.0000 0.00 0.00 1.00 0
2.1665 5.8601 0.0000 0.00 0.00 1.00 0
2.1774 5.8556 0.0000 0.00 0.00 1.00 0
2.1838 5.8425 0.0000 0.00 0.00 1.00 0
2.1923 5.8374 0.0000 0.00 0.00 1.00 0
2.2022 5.8314 0.0000 0.00 0.00 1.00 0
2.2191 5.7999 0.0000 0.00 0.00 1.00 0
2.2297 5.7901 0.0000 0.00 0.00 1.00 0
2.2381 5.7824 0.0000 0.00 0.00 1.00 0
2.2658 5.7494 0.0000 0.00 0.00 1.00 0
2.2801 5.7349 0.0000 0.00 0.00 1.00 0
2.2934 5.7219 0.0000 0.00 0.00 1.00 0
2.3076 5.7080 0.0000 0.00 0.00 1.00 0
2.3209 5.6949 0.0000 0.00 0.00 1.00 0
2.3269 5.6871 0.0000 0.00 0.00 1.00 0
2.3390 5.6748 0.0000 0.00 0.00 1.00 0
2.3500 5.6638 0.0000 0.00 0.00 1.00 0
2.3605 5.6459 0.0000 0.00 0.00 1.00 0
2.3727 5.6323 0.0000 0.00 0.00 1.00 0
2.3797 5.6246 0.0000 0.00 0.00 1.00 0
2.3931 5.6019 0.0000 0.00 0.00 1.00 0
2.4044 5.5882 0.0000 0.00 0.00 1.00 0
2.4108 5.5772 0.0000 0.00 0.00 1.00 0
2.4214 5.5638 0.0000 0.00 0.00 1.00 0
2.4320 5.5505 0.0000 0.00 0.00 1.00 0
2.4339 5.5573 0.0000 0.00 0.00 1.00 0
2.4432 5.5471 0.0000 0.00 0.00 1.00 0
2.4503 5.5393 0.0000 0.00 0.00 1.00 0
2.4471 5.5527 0.0000 0.00 0.00 1.00 0
2.4534 5.5471 0.0000 0.00 0.00 1.00 0
2.4388 5.5413 0.0000 0.00 0.00 1.00 0
2.4420 5.5353 0.0000 0.00 0.00 1.00 0
2.4452 5.5293 0.0000 0.00 0.00 1.00 0
2.4351 5.5041 0.0000 0.00 0.00 1.00 0
2.4361 5.4950 0.0000 0.00 0.00 1.00 0
2.4387 5.4653 0.0000 0.00 0.00 1.00 0
2.4400 5.4526 0.0000 0.00 0.00 1.00 0
2.4414 5.4397 0.0000 0.00 0.00 1.00 0
2.4422 5.4321 0.0000 0.00 0.00 1.00 0
2.4467 5.4055 0.0000 0.00 0.00 1.00 0
2.4484 5.3917 0.0000 0.00 0.00 1.00 0
2.4568 5.3664 0.0000 0.00 0.00 1.00 0
2.4597 5.3505 0.0000 0.00 0.00 1.00 0
2.4625 5.3348 0.0000 0.00 0.00 1.00 0
2.4713 5.3056 0.0000 0.00 0.00 1.00 0
2.4751 5.2876 0.0000 0.00 0.00 1.00 0
2.4842 5.2619 0.0000 0.00 0.00 1.00 0
2.4889 5.2427 0.0000 0.00 0.00 1.00 0
2.4936 5.2232 0.0000 0.00 0.00 1.00 0
2.5044 5.1936 0.0000 0.00 0.00 1.00 0
2.5100 5.1730 0.0000 0.00 0.00 1.00 0
2.5158 5.1519 0.0000 0.00 0.00 1.00 0
2.5281 5.1207 0.0000 0.00 0.00 1.00 0
2.5339 5.1014 0.0000 0.00 0.00 1.00 0
2.5408 5.0784 0.0000 0.00 0.00 1.00 0
2.5482 5.0457 0.0000 0.00 0.00 1.00 0
2.5548 5.0224 0.0000 0.00 0.00 1.00 0
2.5597 5.0054 0.0000 0.00 0.00 1.00 0
2.5670 4.9703 0.0000 0.00 0.00 1.00 0
2.5735 4.9460 0.0000 0.00 0.00 1.00 0
2.5764 4.9252 0.0000 0.00 0.00 1.00 0
2.5824 4.9012 0.0000 0.00 0.00 1.00 0
2.5884 4.8773 0.0000 0.00 0.00 1.00 0
2.5920 4.8528 0.0000 0.00 0.00 1.00 0
2.5976 4.8290 0.0000 0.00 0.00 1.00 0
2.6009 4.8148 0.0000 0.00 0.00 1.00 0
2.6057 4.7783 0.0000 0.00 0.00 1.00 0
2.6110 4.7535 0.0000 0.00 0.00 1.00 0
2.6164 4.7368 0.0000 0.00 0.00 1.00 0
2.6216 4.7135 0.0000 0.00 0.00 1.00 0
2.6268 4.6896 0.0000 0.00 0.00 1.00 0
2.6338 4.6720 0.0000 0.00 0.00 1.00 0
2.6393 4.6495 0.0000 0.00 0.00 1.00 0
2.6459 4.6272 0.0000 0.00 0.00 1.00 0
2.6516 4.6045 0.0000 0.00 0.00 1.00 0
2.6573 4.5822 0.0000 0.00 0.00 1.00 0
2.6644 4.5641 0.0000 0.00 0.00 1.00 0
2.6704 4.5422 0.0000 0.00 0.00 1.00 0
2.6763 4.5205 0.0000 0.00 0.00 1.00 0
2.6812 4.5038 0.0000 0.00 0.00 1.00 0
2.6869 4.4830 0.0000 0.00 0.00 1.00 0
2.6920 4.4644 0.0000 0.00 0.00 1.00 0
2.6980 4.4450 0.0000 0.00 0.00 1.00 0
2.7038 4.4245 0.0000 0.00 0.00 1.00 0
2.7077 4.4107 0.0000 0.00 0.00 1.00 0
2.7137 4.3828 0.0000 0.00 0.00 1.00 0
2.7193 4.3620 0.0000 0.00 0.00 1.00 0
2.7241 4.3370 0.0000 0.00 0.00 1.00 0
2.7295 4.3156 0.0000 0.00 0.00 1.00 0
2.7350 4.2940 0.0000 0.00 0.00 1.00 0
2.7427 4.2699 0.0000 0.00 0.00 1.00 0
2.7485 4.2480 0.0000 0.00 0.00 1.00 0
2.7546 4.2260 0.0000 0.00 0.00 1.00 0
2.7603 4.2047 0.0000 0.00 0.00 1.00 0
2.7661 4.1828 0.0000 0.00 0.00 1.00 0
2.7718 4.1628 0.0000 0.00 0.00 1.00 0
2.7772 4.1428 0.0000 0.00 0.00 1.00 0
2.7830 4.1214 0.0000 0.00 0.00 1.00 0
2.7884 4.0992 0.0000 0.00 0.00 1.00 0
2.7940 4.0780 0.0000 0.00 0.00 1.00 0
2.7996 4.0566 0.0000 0.00 0.00 1.00 0
2.8047 4.0326 0.0000 0.00 0.00 1.00 0
2.8102 4.0108 0.0000 0.00 0.00 1.00 0
2.8170 3.9893 0.0000 0.00 0.00 1.00 0
2.8228 3.9674 0.0000 0.00 0.00 1.00 0
2.8286 3.9458 0.0000 0.00 0.00 1.00 0
2.8355 3.9270 0.0000 0.00 0.00 1.00 0
2.8413 3.9063 0.0000 0.00 0.00 1.00 0
2.8474 3.8847 0.0000 0.00 0.00 1.00 0
2.8579 3.8600 0.0000 0.00 0.00 1.00 0
2.8647 3.8381 0.0000 0.00 0.00 1.00 0
2.8708 3.8183 0.0000 0.00 0.00 1.00 0
2.8794 3.7868 0.0000 0.00 0.00 1.00 0
2.8863 3.7639 0.0000 0.00 0.00 1.00 0
2.8892 3.7402 0.0000 0.00 0.00 1.00 0
2.8955 3.7167 0.0000 0.00 0.00 1.00 0
2.9017 3.6938 0.0000 0.00 0.00 1.00 0
2.9098 3.6716 0.0000 0.00 0.00 1.00 0
2.9163 3.6488 0.0000 0.00 0.00 1.00 0
2.9228 3.6258 0.0000 0.00 0.00 1.00 0
2.9264 3.6047 0.0000 0.00 0.00 1.00 0
2.9324 3.5819 0.0000 0.00 0.00 1.00 0
2.9373 3.5638 0.0000 0.00 0.00 1.00 0
2.9465 3.5419 0.0000 0.00 0.00 1.00 0
2.9528 3.5202 0.0000 0.00 0.00 1.00 0
2.9571 3.5056 0.0000 0.00 0.00 1.00 0
2.9631 3.4851 0.0000 0.00 0.00 1.00 0
2.9691 3.4645 0.0000 0.00 0.00 1.00 0
2.9691 3.4492 0.0000 0.00 0.00 1.00 0
2.9747 3.4273 0.0000 0.00 0.00 1.00 0
2.9792 3.4093 0.0000 0.00 0.00 1.00 0
2.9803 3.3862 0.0000 0.00 0.00 1.00 0
2.9848 3.3658 0.0000 0.00 0.00 1.00 0
2.9902 3.3415 0.0000 0.00 0.00 1.00 0
2.9948 3.3204 0.0000 0.00 0.00 1.00 0
2.9994 3.2992 0.0000 0.00 0.00 1.00 0
3.0040 3.2761 0.0000 0.00 0.00 1.00 0
3.0086 3.2548 0.0000 0.00 0.00 1.00 0
3.0129 3.2344 0.0000 0.00 0.00 1.00 0
3.0150 3.2091 0.0000 0.00 0.00 1.00 0
3.0191 3.1873 0.0000 0.00 0.00 1.00 0
3.0266 3.1623 0.0000 0.00 0.00 1.00 0
3.0314 3.1396 0.0000 0.00 0.00 1.00 0
3.0363 3.1169 0.0000 0.00 0.00 1.00 0
3.0412 3.0921 0.0000 0.00 0.00 1.00 0
3.0460 3.0695 0.0000 0.00 0.00 1.00 0
3.0508 3.0464 0.0000 0.00 0.00 1.00 0
3.0603 3.0325 0.0000 0.00 0.00 1.00 0
3.0659 3.0109 0.0000 0.00 0.00 1.00 0
3.0704 3.0004 0.0000 0.00 0.00 1.00 0
3.0758 2.9810 0.0000 0.00 0.00 1.00 0
3.0811 2.9619 0.0000 0.00 0.00 1.00 0
3.0819 2.9417 0.0000 0.00 0.00 1.00 0
3.0865 2.9219 0.0000 0.00 0.00 1.00 0
3.0912 2.9022 0.0000 0.00 0.00 1.00 0
3.0878 2.8775 0.0000 0.00 0.00 1.00 0
3.0911 2.8569 0.0000 0.00 0.00 1.00 0
3.0944 2.8367 0.0000 0.00 0.00 1.00 0
3.0899 2.8107 0.0000 0.00 0.00 1.00 0
3.0920 2.7894 0.0000 0.00 0.00 1.00 0
3.0964 2.7679 0.0000 0.00 0.00 1.00 0
3.0988 2.7469 0.0000 0.00 0.00 1.00 0
3.1013 2.7256 0.0000 0.00 0.00 1.00 0
3.1051 2.7098 0.0000 0.00 0.00 1.00 0
3.1078 2.6896 0.0000 0.00 0.00 1.00 0
3.1106 2.6686 0.0000 0.00 0.00 1.00 0
3.1180 2.6490 0.0000 0.00 0.00 1.00 0
3.1215 2.6287 0.0000 0.00 0.00 1.00 0
3.1246 2.6105 0.0000 0.00 0.00 1.00 0
3.1298 2.5791 0.0000 0.00 0.00 1.00 0
3.1335 2.5574 0.0000 0.00 0.00 1.00 0
3.1392 2.5284 0.0000 0.00 0.00 1.00 0
3.1432 2.5055 0.0000 0.00 0.00 1.00 0
3.1468 2.4850 0.0000 0.00 0.00 1.00 0
3.1542 2.4542 0.0000 0.00 0.00 1.00 0
3.1588 2.4302 0.0000 0.00 0.00 1.00 0
3.1633 2.4061 0.0000 0.00 0.00 1.00 0
3.1648 2.3900 0.0000 0.00 0.00 1.00 0
3.1689 2.3668 0.0000 0.00 0.00 1.00 0
3.1729 2.3442 0.0000 0.00 0.00 1.00 0
3.1766 2.3212 0.0000 0.00 0.00 1.00 0
3.1806 2.2984 0.0000 0.00 0.00 1.00 0
3.1828 2.2799 0.0000 0.00 0.00 1.00 0
3.1865 2.2582 0.0000 0.00 0.00 1.00 0
3.1902 2.2358 0.0000 0.00 0.00 1.00 0
3.1933 2.2146 0.0000 0.00 0.00 1.00 0
3.1969 2.1927 0.0000 0.00 0.00 1.00 0
3.2001 2.1733 0.0000 0.00 0.00 1.00 0
3.2040 2.1477 0.0000 0.00 0.00 1.00 0
3.2078 2.1239 0.0000 0.00 0.00 1.00 0
3.2114 2.1026 0.0000 0.00 0.00 1.00 0
3.2146 2.0831 0.0000 0.00 0.00 1.00 0
3.2188 2.0578 0.0000 0.00 0.00 1.00 0
3.2251 2.0422 0.0000 0.00 0.00 1.00 0
3.2291 2.0210 0.0000 0.00 0.00 1.00 0
3.2333 1.9996 0.0000 0.00 0.00 1.00 0
3.2378 1.9748 0.0000 0.00 0.00 1.00 0
3.2418 1.9535 0.0000 0.00 0.00 1.00 0
3.2452 1.9359 0.0000 0.00 0.00 1.00 0
3.2477 1.9067 0.0000 0.00 0.00 1.00 0
3.2514 1.8844 0.0000 0.00 0.00 1.00 0
3.2520 1.8604 0.0000 0.00 0.00 1.00 0
3.2552 1.8378 0.0000 0.00 0.00 1.00 0
3.2581 1.8176 0.0000 0.00 0.00 1.00 0
3.2618 1.7845 0.0000 0.00 0.00 1.00 0
3.2651 1.7606 0.0000 0.00 0.00 1.00 0
3.2680 1.7394 0.0000 0.00 0.00 1.00 0
3.2741 1.7307 0.0000 0.00 0.00 1.00 0
3.2777 1.7100 0.0000 0.00 0.00 1.00 0
3.2799 1.6974 0.0000 0.00 0.00 1.00 0
3.2886 1.6979 0.0000 0.00 0.00 1.00 0
3.2928 1.6810 0.0000 0.00 0.00 1.00 0
3.2923 1.6720 0.0000 0.00 0.00 1.00 0
3.2957 1.6569 0.0000 0.00 0.00 1.00 0
3.2984 1.6445 0.0000 0.00 0.00 1.00 0
3.2938 1.6230 0.0000 0.00 0.00 1.00 0
3.2958 1.6074 0.0000 0.00 0.00 1.00 0
3.2967 1.5753 0.0000 0.00 0.00 1.00 0
3.2985 1.5563 0.0000 0.00 0.00 1.00 0
3.3001 1.5397 0.0000 0.00 0.00 1.00 0
3.3017 1.5081 0.0000 0.00 0.00 1.00 0
3.3034 1.4874 0.0000 0.00 0.00 1.00 0
3.3054 1.4647 0.0000 0.00 0.00 1.00 0
3.3117 1.4568 0.0000 0.00 0.00 1.00 0
3.3140 1.4400 0.0000 0.00 0.00 1.00 0
3.3166 1.4207 0.0000 0.00 0.00 1.00 0
3.3224 1.4233 0.0000 0.00 0.00 1.00 0
3.3255 1.4079 0.0000 0.00 0.00 1.00 0
3.3170 1.3948 0.0000 0.00 0.00 1.00 0
3.3180 1.3797 0.0000 0.00 0.00 1.00 0
3.3190 1.3649 0.0000 0.00 0.00 1.00 0
3.3152 1.3447 0.0000 0.00 0.00 1.00 0
3.3154 1.3289 0.0000 0.00 0.00 1.00 0
3.3156 1.3132 0.0000 0.00 0.00 1.00 0
3.3256 1.2924 0.0000 0.00 0.00 1.00 0
3.3275 1.2748 0.0000 0.00 0.00 1.00 0
3.3309 1.2689 0.0000 0.00 0.00 1.00 0
3.3329 1.2541 0.0000 0.00 0.00 1.00 0
3.3348 1.2408 0.0000 0.00 0.00 1.00 0
3.3373 1.2414 0.0000 0.00 0.00 1.00 0
3.3393 1.2296 0.0000 0.00 0.00 1.00 0
3.3415 1.2175 0.0000 0.00 0.00 1.00 0
3.3274 1.2197 0.0000 0.00 0.00 1.00 0
3.3269 1.2103 0.0000 0.00 0.00 1.00 0
3.3264 1.2025 0.0000 0.00 0.00 1.00 0
3.3000 1.1942 0.0000 0.00 0.00 1.00 0
3.2937 1.1813 0.0000 0.00 0.00 1.00 0
3.2909 1.1756 0.0000 0.00 0.00 1.00 0
3.2504 1.1480 0.0000 0.00 0.00 1.00 0
3.2399 1.1353 0.0000 0.00 0.00 1.00 0
3.2051 1.1023 0.0000 0.00 0.00 1.00 0
3.1913 1.0871 0.0000 0.00 0.00 1.00 0
3.1783 1.0729 0.0000 0.00 0.00 1.00 0
3.1685 1.0425 0.0000 0.00 0.00 1.00 0
3.1555 1.0251 0.0000 0.00 0.00 1.00 0
3.1541 1.0024 0.0000 0.00 0.00 1.00 0
3.1429 0.9839 0.0000 0.00 0.00 1.00 0
3.1341 0.9692 0.0000 0.00 0.00 1.00 0
3.1370 0.9537 0.0000 0.00 0.00 1.00 0
3.1288 0.9368 0.0000 0.00 0.00 1.00 0
3.1205 0.9195 0.0000 0.00 0.00 1.00 0
3.1157 0.8999 0.0000 0.00 0.00 1.00 0
3.1079 0.8821 0.0000 0.00 0.00 1.00 0
3.0857 0.8654 0.0000 0.00 0.00 1.00 0
3.0762 0.8495 0.0000 0.00 0.00 1.00 0
3.0659 0.8321 0.0000 0.00 0.00 1.00 0
3.0572 0.8152 0.0000 0.00 0.00 1.00 0
3.0472 0.7980 0.0000 0.00 0.00 1.00 0
3.0370 0.7805 0.0000 0.00 0.00 1.00 0
3.0424 0.7724 0.0000 0.00 0.00 1.00 0
3.0350 0.7568 0.0000 0.00 0.00 1.00 0
3.0276 0.7411 0.0000 0.00 0.00 1.00 0
3.0338 0.7460 0.0000 0.00 0.00 1.00 0
3.0290 0.7349 0.0000 0.00 0.00 1.00 0
3.0204 0.7421 0.0000 0.00 0.00 1.00 0
3.0146 0.7334 0.0000 0.00 0.00 1.00 0
3.0094 0.7255 0.0000 0.00 0.00 1.00 0
2.9891 0.7163 0.0000 0.00 0.00 1.00 0
2.9810 0.7077 0.0000 0.00 0.00 1.00 0
2.9739 0.7001 0.0000 0.00 0.00 1.00 0
2.9376 0.6870 0.0000 0.00 0.00 1.00 0
2.9263 0.6787 0.0000 0.00 0.00 1.00 0
2.9138 0.6695 0.0000 0.00 0.00 1.00 0
2.8905 0.6530 0.0000 0.00 0.00 1.00 0
2.8764 0.6427 0.0000 0.00 0.00 1.00 0
2.8651 0.6336 0.0000 0.00 0.00 1.00 0
2.8516 0.6236 0.0000 0.00 0.00 1.00 0
2.8380 0.6135 0.0000 0.00 0.00 1.00 0
2.8393 0.6095 0.0000 0.00 0.00 1.00 0
2.8305 0.6022 0.0000 0.00 0.00 1.00 0
2.8170 0.5912 0.0000 0.00 0.00 1.00 0
2.8035 0.5829 0.0000 0.00 0.00 1.00 0
2.7918 0.5738 0.0000 0.00 0.00 1.00 0
2.7624 0.5641 0.0000 0.00 0.00 1.00 0
2.7489 0.5558 0.0000 0.00 0.00 1.00 0
2.7327 0.5458 0.0000 0.00 0.00 1.00 0
2.6945 0.5349 0.0000 0.00 0.00 1.00 0
2.6760 0.5256 0.0000 0.00 0.00 1.00 0
2.6569 0.5160 0.0000 0.00 0.00 1.00 0
2.6214 0.5010 0.0000 0.00 0.00 1.00 0
2.5995 0.4905 0.0000 0.00 0.00 1.00 0
2.5782 0.4802 0.0000 0.00 0.00 1.00 0
2.5497 0.4644 0.0000 0.00 0.00 1.00 0
2.5275 0.4534 0.0000 0.00 0.00 1.00 0
2.5205 0.4418 0.0000 0.00 0.00 1.00 0
2.5005 0.4305 0.0000 0.00 0.00 1.00 0
2.4807 0.4192 0.0000 0.00 0.00 1.00 0
2.4863 0.4101 0.0000 0.00 0.00 1.00 0
2.4708 0.3992 0.0000 0.00 0.00 1.00 0
2.4554 0.3884 0.0000 0.00 0.00 1.00 0
2.4588 0.3793 0.0000 0.00 0.00 1.00 0
2.4464 0.3687 0.0000 0.00 0.00 1.00 0
2.4351 0.3592 0.0000 0.00 0.00 1.00 0
2.4411 0.3580 0.0000 0.00 0.00 1.00 0
2.4318 0.3491 0.0000 0.00 0.00 1.00 0
2.4347 0.3571 0.0000 0.00 0.00 1.00 0
2.4273 0.3510 0.0000 0.00 0.00 1.00 0
2.4208 0.3457 0.0000 0.00 0.00 1.00 0
2.4073 0.3574 0.0000 0.00 0.00 1.00 0
2.3991 0.3544 0.0000 0.00 0.00 1.00 0
2.3918 0.3517 0.0000 0.00 0.00 1.00 0
2.3613 0.3646 0.0000 0.00 0.00 1.00 0
2.3499 0.3641 0.0000 0.00 0.00 1.00 0
2.3173 0.3735 0.0000 0.00 0.00 1.00 0
2.3016 0.3748 0.0000 0.00 0.00 1.00 0
2.2865 0.3760 0.0000 0.00 0.00 1.00 0
2.2462 0.3832 0.0000 0.00 0.00 1.00 0
2.2269 0.3854 0.0000 0.00 0.00 1.00 0
2.2078 0.3876 0.0000 0.00 0.00 1.00 0
2.1625 0.3879 0.0000 0.00 0.00 1.00 0
2.1391 0.3898 0.0000 0.00 0.00 1.00 0
2.0968 0.3884 0.0000 0.00 0.00 1.00 0
2.0731 0.3895 0.0000 0.00 0.00 1.00 0
2.0437 0.3910 0.0000 0.00 0.00 1.00 0
2.0088 0.3846 0.0000 0.00 0.00 1.00 0
1.9809 0.3847 0.0000 0.00 0.00 1.00 0
1.9524 0.3847 0.0000 0.00 0.00 1.00 0
1.9254 0.3763 0.0000 0.00 0.00 1.00 0
1.8971 0.3750 0.0000 0.00 0.00 1.00 0
1.8694 0.3693 0.0000 0.00 0.00 1.00 0
1.8433 0.3673 0.0000 0.00 0.00 1.00 0
1.8159 0.3653 0.0000 0.00 0.00 1.00 0
1.7973 0.3572 0.0000 0.00 0.00 1.00 0
1.7716 0.3541 0.0000 0.00 0.00 1.00 0
1.7453 0.3510 0.0000 0.00 0.00 1.00 0
1.7297 0.3434 0.0000 0.00 0.00 1.00 0
1.7053 0.3395 0.0000 0.00 0.00 1.00 0
1.6812 0.3357 0.0000 0.00 0.00 1.00 0
1.6669 0.3294 0.0000 0.00 0.00 1.00 0
1.6440 0.3252 0.0000 0.00 0.00 1.00 0
1.6298 0.3221 0.0000 0.00 0.00 1.00 0
1.6085 0.3181 0.0000 0.00 0.00 1.00 0
1.5871 0.3140 0.0000 0.00 0.00 1.00 0
1.5712 0.3148 0.0000 0.00 0.00 1.00 0
1.5504 0.3115 0.0000 0.00 0.00 1.00 0
1.5303 0.3083 0.0000 0.00 0.00 1.00 0
1.5076 0.3105 0.0000 0.00 0.00 1.00 0
1.4870 0.3081 0.0000 0.00 0.00 1.00 0
1.4662 0.3058 0.0000 0.00 0.00 1.00 0
1.4417 0.3078 0.0000 0.00 0.00 1.00 0
1.4195 0.3061 0.0000 0.00 0.00 1.00 0
1.4066 0.3051 0.0000 0.00 0.00 1.00 0
1.3687 0.3017 0.0000 0.00 0.00 1.00 0
1.3485 0.3000 0.0000 0.00 0.00 1.00 0
1.3180 0.2902 0.0000 0.00 0.00 1.00 0
1.2973 0.2874 0.0000 0.00 0.00 1.00 0
1.2717 0.2840 0.0000 0.00 0.00 1.00 0
1.2464 0.2794 0.0000 0.00 0.00 1.00 0
1.2229 0.2760 0.0000 0.00 0.00 1.00 0
1.2024 0.2711 0.0000 0.00 0.00 1.00 0
1.1789 0.2673 0.0000 0.00 0.00 1.00 0
1.1560 0.2637 0.0000 0.00 0.00 1.00 0
1.1449 0.2503 0.0000 0.00 0.00 1.00 0
1.1236 0.2450 0.0000 0.00 0.00 1.00 0
1.1024 0.2396 0.0000 0.00 0.00 1.00 0
1.1102 0.2313 0.0000 0.00 0.00 1.00 0
1.0941 0.2256 0.0000 0.00 0.00 1.00 0
1.0774 0.2197 0.0000 0.00 0.00 1.00 0
1.0690 0.2264 0.0000 0.00 0.00 1.00 0
1.0537 0.2225 0.0000 0.00 0.00 1.00 0
1.0310 0.2335 0.0000 0.00 0.00 1.00 0
1.0148 0.2322 0.0000 0.00 0.00 1.00 0
0.9979 0.2309 0.0000 0.00 0.00 1.00 0
0.9583 0.2395 0.0000 0.00 0.00 1.00 0
0.9379 0.2399 0.0000 0.00 0.00 1.00 0
0.9176 0.2403 0.0000 0.00 0.00 1.00 0
0.8732 0.2497 0.0000 0.00 0.00 1.00 0
0.8494 0.2515 0.0000 0.00 0.00 1.00 0
0.8327 0.2527 0.0000 0.00 0.00 1.00 0
0.8081 0.2458 0.0000 0.00 0.00 1.00 0
0.7849 0.2463 0.0000 0.00 0.00 1.00 0
0.7857 0.2393 0.0000 0.00 0.00 1.00 0
0.7668 0.2385 0.0000 0.00 0.00 1.00 0
0.7465 0.2376 0.0000 0.00 0.00 1.00 0
0.7413 0.2433 0.0000 0.00 0.00 1.00 0
0.7245 0.2435 0.0000 0.00 0.00 1.00 0
0.7093 0.2437 0.0000 0.00 0.00 1.00 0
0.6871 0.2538 0.0000 0.00 0.00 1.00 0
0.6693 0.2556 0.0000 0.00 0.00 1.00 0
0.6587 0.2566 0.0000 0.00 0.00 1.00 0
0.6219 0.2673 0.0000 0.00 0.00 1.00 0
0.6026 0.2702 0.0000 0.00 0.00 1.00 0
0.5823 0.2623 0.0000 0.00 0.00 1.00 0
0.5685 0.2631 0.0000 0.00 0.00 1.00 0
0.5430 0.2646 0.0000 0.00 0.00 1.00 0
0.5399 0.2572 0.0000 0.00 0.00 1.00 0
0.5228 0.2570 0.0000 0.00 0.00 1.00 0
0.5124 0.2559 0.0000 0.00 0.00 1.00 0
0.4997 0.2556 0.0000 0.00 0.00 1.00 0
0.4809 0.2552 0.0000 0.00 0.00 1.00 0
0.4516 0.2700 0.0000 0.00 0.00 1.00 0
0.4339 0.2722 0.0000 0.00 0.00 1.00 0
0.4159 0.2744 0.0000 0.00 0.00 1.00 0
0.3818 0.2856 0.0000 0.00 0.00 1.00 0
0.3590 0.2897 0.0000 0.00 0.00 1.00 0
0.3366 0.2907 0.0000 0.00 0.00 1.00 0
0.3169 0.2937 0.0000 0.00 0.00 1.00 0
0.2961 0.2969 0.0000 0.00 0.00 1.00 0
0.2836 0.2988 0.0000 0.00 0.00 1.00 0
0.2693 0.2989 0.0000 0.00 0.00 1.00 0
0.2509 0.3014 0.0000 0.00 0.00 1.00 0
0.2381 0.3065 0.0000 0.00 0.00 1.00 0
0.2224 0.3091 0.0000 0.00 0.00 1.00 0
0.2031 0.3123 0.0000 0.00 0.00 1.00 0
0.1821 0.3304 0.0000 0.00 0.00 1.00 0
0.1641 0.3357 0.0000 0.00 0.00 1.00 0
0.1463 0.3427 0.0000 0.00 0.00 1.00 0
0.1302 0.3477 0.0000 0.00 0.00 1.00 0
0.1103 0.3540 0.0000 0.00 0.00 1.00 0
0.1113 0.3528 0.0000 0.00 0.00 1.00 0
0.0965 0.3573 0.0000 0.00 0.00 1.00 0
0.0845 0.3609 0.0000 0.00 0.00 1.00 0
0.0902 0.3605 0.0000 0.00 0.00 1.00 0
0.0792 0.3641 0.0000 0.00 0.00 1.00 0
0.0691 0.3673 0.0000 0.00 0.00 1.00 0
0.0581 0.3733 0.0000 0.00 0.00 1.00 0
0.0471 0.3772 0.0000 0.00 0.00 1.00 0
0.0304 0.3907 0.0000 0.00 0.00 1.00 0
0.0183 0.3964 0.0000 0.00 0.00 1.00 0
0.0052 0.4025 0.0000 0.00 0.00 1.00 0
-0.0037 0.4035 0.0000 0.00 0.00 1.00 0
-0.0142 0.4079 0.0000 0.00 0.00 1.00 0
-0.0258 0.4128 0.0000 0.00 0.00 1.00 0
-0.0278 0.4145 0.0000 0.00 0.00 1.00 0
-0.0377 0.4188 0.0000 0.00 0.00 1.00 0
-0.0426 0.4244 0.0000 0.00 0.00 1.00 0
-0.0516 0.4290 0.0000 0.00 0.00 1.00 0
-0.0606 0.4335 0.0000 0.00 0.00 1.00 0
-0.0782 0.4666 0.0000 0.00 0.00 1.00 0
-0.0891 0.4764 0.0000 0.00 0.00 1.00 0
-0.0993 0.4856 0.0000 0.00 0.00 1.00 0
-0.1292 0.5276 0.0000 0.00 0.00 1.00 0
-0.1430 0.5424 0.0000 0.00 0.00 1.00 0
-0.1552 0.5556 0.0000 0.00 0.00 1.00 0
-0.1900 0.6011 0.0000 0.00 0.00 1.00 0
-0.2066 0.6203 0.0000 0.00 0.00 1.00 0
-0.2218 0.6378 0.0000 0.00 0.00 1.00 0
-0.2477 0.6595 0.0000 0.00 0.00 1.00 0
-0.2655 0.6788 0.0000 0.00 0.00 1.00 0
-0.2663 0.6735 0.0000 0.00 0.00 1.00 0
-0.2815 0.6890 0.0000 0.00 0.00 1.00 0
-0.2951 0.7028 0.0000 0.00 0.00 1.00 0
-0.3000 0.7065 0.0000 0.00 0.00 1.00 0
-0.3132 0.7197 0.0000 0.00 0.00 1.00 0
-0.3133 0.7209 0.0000 0.00 0.00 1.00 0
-0.3242 0.7320 0.0000 0.00 0.00 1.00 0
-0.3350 0.7430 0.0000 0.00 0.00 1.00 0
-0.3347 0.7366 0.0000 0.00 0.00 1.00 0
-0.3437 0.7447 0.0000 0.00 0.00 1.00 0
-0.3527 0.7529 0.0000 0.00 0.00 1.00 0
-0.3454 0.7553 0.0000 0.00 0.00 1.00 0
-0.3517 0.7624 0.0000 0.00 0.00 1.00 0
-0.3455 0.7755 0.0000 0.00 0.00 1.00 0
-0.3496 0.7836 0.0000 0.00 0.00 1.00 0
-0.3516 0.7877 0.0000 0.00 0.00 1.00 0
-0.3507 0.8167 0.0000 0.00 0.00 1.00 0
-0.3537 0.8279 0.0000 0.00 0.00 1.00 0
-0.3566 0.8390 0.0000 0.00 0.00 1.00 0
-0.3591 0.8625 0.0000 0.00 0.00 1.00 0
-0.3619 0.8754 0.0000 0.00 0.00 1.00 0
-0.3648 0.8888 0.0000 0.00 0.00 1.00 0
-0.3721 0.9236 0.0000 0.00 0.00 1.00 0
-0.3756 0.9401 0.0000 0.00 0.00 1.00 0
-0.3890 0.9721 0.0000 0.00 0.00 1.00 0
-0.3943 0.9913 0.0000 0.00 0.00 1.00 0
-0.3996 1.0106 0.0000 0.00 0.00 1.00 0
-0.4201 1.0420 0.0000 0.00 0.00 1.00 0
-0.4280 1.0634 0.0000 0.00 0.00 1.00 0
-0.4359 1.0847 0.0000 0.00 0.00 1.00 0
-0.4613 1.1212 0.0000 0.00 0.00 1.00 0
-0.4721 1.1451 0.0000 0.00 0.00 1.00 0
-0.4939 1.1675 0.0000 0.00 0.00 1.00 0
-0.5065 1.1910 0.0000 0.00 0.00 1.00 0
-0.5192 1.2148 0.0000 0.00 0.00 1.00 0
-0.5332 1.2341 0.0000 0.00 0.00 1.00 0
-0.5460 1.2569 0.0000 0.00 0.00 1.00 0
-0.5590 1.2800 0.0000 0.00 0.00 1.00 0
-0.5581 1.2926 0.0000 0.00 0.00 1.00 0
-0.5686 1.3136 0.0000 0.00 0.00 1.00 0
-0.5782 1.3327 0.0000 0.00 0.00 1.00 0
-0.5775 1.3552 0.0000 0.00 0.00 1.00 0
-0.5863 1.3764 0.0000 0.00 0.00 1.00 0
-0.5922 1.3905 0.0000 0.00 0.00 1.00 0
-0.5946 1.4213 0.0000 0.00 0.00 1.00 0
-0.6020 1.4426 0.0000 0.00 0.00 1.00 0
-0.6021 1.4649 0.0000 0.00 0.00 1.00 0
-0.6083 1.4863 0.0000 0.00 0.00 1.00 0
-0.6145 1.5080 0.0000 0.00 0.00 1.00 0
-0.6110 1.5268 0.0000 0.00 0.00 1.00 0
-0.6156 1.5479 0.0000 0.00 0.00 1.00 0
-0.6149 1.5506 0.0000 0.00 0.00 1.00 0
-0.6185 1.5682 0.0000 0.00 0.00 1.00 0
-0.6222 1.5862 0.0000 0.00 0.00 1.00 0
-0.6210 1.5785 0.0000 0.00 0.00 1.00 0
-0.6238 1.5918 0.0000 0.00 0.00 1.00 0
-0.6267 1.6055 0.0000 0.00 0.00 1.00 0
-0.6277 1.5989 0.0000 0.00 0.00 1.00 0
-0.6300 1.6082 0.0000 0.00 0.00 1.00 0
-0.6325 1.6186 0.0000 0.00 0.00 1.00 0
-0.6289 1.5961 0.0000 0.00 0.00 1.00 0
-0.6305 1.6011 0.0000 0.00 0.00 1.00 0
-0.6232 1.5714 0.0000 0.00 0.00 1.00 0
-0.6232 1.5704 0.0000 0.00 0.00 1.00 0
-0.6232 1.5694 0.0000 0.00 0.00 1.00 0
-0.6149 1.5388 0.0000 0.00 0.00 1.00 0
-0.6135 1.5328 0.0000 0.00 0.00 1.00 0
-0.6122 1.5269 0.0000 0.00 0.00 1.00 0
-0.6106 1.5130 0.0000 0.00 0.00 1.00 0
-0.6091 1.5056 0.0000 0.00 0.00 1.00 0
-0.6091 1.5078 0.0000 0.00 0.00 1.00 0
-0.6081 1.5026 0.0000 0.00 0.00 1.00 0
-0.6069 1.4971 0.0000 0.00 0.00 1.00 0
-0.6116 1.5021 0.0000 0.00 0.00 1.00 0
-0.6114 1.4985 0.0000 0.00 0.00 1.00 0
-0.6113 1.4948 0.0000 0.00 0.00 1.00 0
-0.6118 1.5086 0.0000 0.00 0.00 1.00 0
-0.6118 1.5078 0.0000 0.00 0.00 1.00 0
-0.6117 1.5071 0.0000 0.00 0.00 1.00 0
-0.6148 1.5170 0.0000 0.00 0.00 1.00 0
-0.6152 1.5179 0.0000 0.00 0.00 1.00 0
-0.6138 1.5276 0.0000 0.00 0.00 1.00 0
-0.6139 1.5299 0.0000 0.00 0.00 1.00 0
-0.6140 1.5323 0.0000 0.00 0.00 1.00 0
-0.6162 1.5339 0.0000 0.00 0.00 1.00 0
-0.6166 1.5362 0.0000 0.00 0.00 1.00 0
-0.6170 1.5379 0.0000 0.00 0.00 1.00 0
-0.6141 1.5383 0.0000 0.00 0.00 1.00 0
-0.6140 1.5404 0.0000 0.00 0.00 1.00 0
-0.6126 1.5338 0.0000 0.00 0.00 1.00 0
-0.6122 1.5342 0.0000 0.00 0.00 1.00 0
-0.6119 1.5346 0.0000 0.00 0.00 1.00 0
-0.6103 1.5324 0.0000 0.00 0.00 1.00 0
-0.6098 1.5324 0.0000 0.00 0.00 1.00 0
-0.6092 1.5324 0.0000 0.00 0.00 1.00 0
-0.6100 1.5299 0.0000 0.00 0.00 1.00 0
-0.6097 1.5296 0.0000 0.00 0.00 1.00 0
-0.6133 1.5290 0.0000 0.00 0.00 1.00 0
-0.6137 1.5286 0.0000 0.00 0.00 1.00 0
-0.6141 1.5282 0.0000 0.00 0.00 1.00 0
-0.6141 1.5328 0.0000 0.00 0.00 1.00 0
-0.6144 1.5332 0.0000 0.00 0.00 1.00 0
-0.6147 1.5336 0.0000 0.00 0.00 1.00 0
-0.6144 1.5327 0.0000 0.00 0.00 1.00 0
-0.6146 1.5329 0.0000 0.00 0.00 1.00 0
-0.6149 1.5332 0.0000 0.00 0.00 1.00 0
-0.6140 1.5288 0.0000 0.00 0.00 1.00 0
-0.6141 1.5284 0.0000 0.00 0.00 1.00 0
-0.6116 1.5296 0.0000 0.00 0.00 1.00 0
-0.6112 1.5294 0.0000 0.00 0.00 1.00 0
-0.6108 1.5292 0.0000 0.00 0.00 1.00 0
-0.6125 1.5294 0.0000 0.00 0.00 1.00 0
-0.6125 1.5293 0.0000 0.00 0.00 1.00 0
-0.6125 1.5292 0.0000 0.00 0.00 1.00 0
-0.6122 1.5305 0.0000 0.00 0.00 1.00 0
-0.6121 1.5307 0.0000 0.00 0.00 1.00 0
-0.6121 1.5308 0.0000 0.00 0.00 1.00 0
-0.6124 1.5285 0.0000 0.00 0.00 1.00 0
-0.6124 1.5283 0.0000 0.00 0.00 1.00 0
-0.6139 1.5275 0.0000 0.00 0.00 1.00 0
-0.6142 1.5272 0.0000 0.00 0.00 1.00 0
-0.6145 1.5269 0.0000 0.00 0.00 1.00 0
-0.6130 1.5302 0.0000 0.00 0.00 1.00 0
-0.6130 1.5305 0.0000 0.00 0.00 1.00 0
-0.6130 1.5308 0.0000 0.00 0.00 1.00 0
-0.6131 1.5281 0.0000 0.00 0.00 1.00 0
-0.6131 1.5280 0.0000 0.00 0.00 1.00 0
-0.6131 1.5279 0.0000 0.00 0.00 1.00 0
-0.6132 1.5250 0.0000 0.00 0.00 1.00 0
-0.6132 1.5245 0.0000 0.00 0.00 1.00 0
-0.6130 1.5222 0.0000 0.00 0.00 1.00 0
-0.6130 1.5214 0.0000 0.00 0.00 1.00 0
-0.6130 1.5205 0.0000 0.00 0.00 1.00 0
-0.6115 1.5202 0.0000 0.00 0.00 1.00 0
-0.6113 1.5196 0.0000 0.00 0.00 1.00 0
-0.6141 1.5222 0.0000 0.00 0.00 1.00 0
-0.6144 1.5221 0.0000 0.00 0.00 1.00 0
-0.6147 1.5219 0.0000 0.00 0.00 1.00 0
-0.6130 1.5219 0.0000 0.00 0.00 1.00 0
-0.6129 1.5217 0.0000 0.00 0.00 1.00 0
-0.6129 1.5216 0.0000 0.00 0.00 1.00 0
-0.6143 1.5236 0.0000 0.00 0.00 1.00 0
-0.6145 1.5238 0.0000 0.00 0.00 1.00 0
-0.6147 1.5240 0.0000 0.00 0.00 1.00 0
-0.6152 1.5277 0.0000 0.00 0.00 1.00 0
-0.6155 1.5284 0.0000 0.00 0.00 1.00 0
-0.6157 1.5290 0.0000 0.00 0.00 1.00 0
-0.6148 1.5333 0.0000 0.00 0.00 1.00 0
-0.6149 1.5345 0.0000 0.00 0.00 1.00 0
-0.6119 1.5333 0.0000 0.00 0.00 1.00 0
-0.6114 1.5341 0.0000 0.00 0.00 1.00 0
-0.6110 1.5349 0.0000 0.00 0.00 1.00 0
-0.6067 1.5304 0.0000 0.00 0.00 1.00 0
-0.6056 1.5304 0.0000 0.00 0.00 1.00 0
-0.6048 1.5303 0.0000 0.00 0.00 1.00 0
-0.6077 1.5300 0.0000 0.00 0.00 1.00 0
-0.6073 1.5299 0.0000 0.00 0.00 1.00 0
-0.6099 1.5291 0.0000 0.00 0.00 1.00 0
-0.6099 1.5289 0.0000 0.00 0.00 1.00 0
-0.6100 1.5287 0.0000 0.00 0.00 1.00 0
-0.6111 1.5295 0.0000 0.00 0.00 1.00 0
-0.6114 1.5295 0.0000 0.00 0.00 1.00 0
-0.6116 1.5294 0.0000 0.00 0.00 1.00 0
-0.6108 1.5260 0.0000 0.00 0.00 1.00 0
-0.6108 1.5255 0.0000 0.00 0.00 1.00 0
-0.6125 1.5262 0.0000 0.00 0.00 1.00 0
-0.6128 1.5259 0.0000 0.00 0.00 1.00 0
-0.6132 1.5256 0.0000 0.00 0.00 1.00 0
-0.6124 1.5256 0.0000 0.00 0.00 1.00 0
-0.6126 1.5254 0.0000 0.00 0.00 1.00 0
-0.6127 1.5251 0.0000 0.00 0.00 1.00 0
-0.6128 1.5265 0.0000 0.00 0.00 1.00 0
-0.6129 1.5265 0.0000 0.00 0.00 1.00 0
-0.6100 1.5256 0.0000 0.00 0.00 1.00 0
-0.6096 1.5255 0.0000 0.00 0.00 1.00 0
-0.6092 1.5253 0.0000 0.00 0.00 1.00 0
-0.6101 1.5257 0.0000 0.00 0.00 1.00 0
-0.6099 1.5257 0.0000 0.00 0.00 1.00 0
-0.6097 1.5256 0.0000 0.00 0.00 1.00 0
-0.6097 1.5257 0.0000 0.00 0.00 1.00 0
-0.6096 1.5257 0.0000 0.00 0.00 1.00 0
-0.6095 1.5257 0.0000 0.00 0.00 1.00 0
-0.6103 1.5262 0.0000 0.00 0.00 1.00 0
-0.6103 1.5263 0.0000 0.00 0.00 1.00 0
-0.6109 1.5263 0.0000 0.00 0.00 1.00 0
-0.6110 1.5264 0.0000 0.00 0.00 1.00 0
-0.6111 1.5265 0.0000 0.00 0.00 1.00 0
-0.6110 1.5262 0.0000 0.00 0.00 1.00 0
-0.6111 1.5263 0.0000 0.00 0.00 1.00 0
-0.6111 1.5263 0.0000 0.00 0.00 1.00 0
-0.6118 1.5271 0.0000 0.00 0.00 1.00 0
-0.6120 1.5272 0.0000 0.00 0.00 1.00 0
-0.6112 1.5263 0.0000 0.00 0.00 1.00 0
-0.6112 1.5262 0.0000 0.00 0.00 1.00 0
-0.6113 1.5262 0.0000 0.00 0.00 1.00 0
-0.6117 1.5268 0.0000 0.00 0.00 1.00 0
-0.6118 1.5269 0.0000 0.00 0.00 1.00 0
-0.6119 1.5269 0.0000 0.00 0.00 1.00 0
-0.6109 1.5284 0.0000 0.00 0.00 1.00 0
-0.6108 1.5287 0.0000 0.00 0.00 1.00 0
-0.6099 1.5267 0.0000 0.00 0.00 1.00 0
-0.6097 1.5266 0.0000 0.00 0.00 1.00 0
-0.6095 1.5265 0.0000 0.00 0.00 1.00 0
-0.6094 1.5264 0.0000 0.00 0.00 1.00 0
-0.6104 1.5263 0.0000 0.00 0.00 1.00 0
-0.6104 1.5262 0.0000 0.00 0.00 1.00 0
-0.6075 1.5256 0.0000 0.00 0.00 1.00 0
-0.6070 1.5254 0.0000 0.00 0.00 1.00 0
-0.6065 1.5252 0.0000 0.00 0.00 1.00 0
-0.6064 1.5237 0.0000 0.00 0.00 1.00 0
-0.6060 1.5233 0.0000 0.00 0.00 1.00 0
-0.6092 1.5267 0.0000 0.00 0.00 1.00 0
-0.6094 1.5269 0.0000 0.00 0.00 1.00 0
-0.6096 1.5272 0.0000 0.00 0.00 1.00 0
-0.6131 1.5298 0.0000 0.00 0.00 1.00 0
-0.6138 1.5304 0.0000 0.00 0.00 1.00 0
-0.6145 1.5310 0.0000 0.00 0.00 1.00 0
-0.6131 1.5309 0.0000 0.00 0.00 1.00 0
-0.6135 1.5314 0.0000 0.00 0.00 1.00 0
-0.6138 1.5318 0.0000 0.00 0.00 1.00 0
-0.6104 1.5293 0.0000 0.00 0.00 1.00 0
-0.6102 1.5293 0.0000 0.00 0.00 1.00 0
-0.6075 1.5271 0.0000 0.00 0.00 1.00 0
-0.6069 1.5268 0.0000 0.00 0.00 1.00 0
-0.6063 1.5265 0.0000 0.00 0.00 1.00 0
-0.6057 1.5250 0.0000 0.00 0.00 1.00 0
-0.6051 1.5245 0.0000 0.00 0.00 1.00 0
-0.6046 1.5240 0.0000 0.00 0.00 1.00 0
-0.6097 1.5238 0.0000 0.00 0.00 1.00 0
-0.6100 1.5234 0.0000 0.00 0.00 1.00 0
-0.6107 1.5254 0.0000 0.00 0.00 1.00 0
-0.6111 1.5254 0.0000 0.00 0.00 1.00 0
-0.6115 1.5254 0.0000 0.00 0.00 1.00 0
-0.6114 1.5258 0.0000 0.00 0.00 1.00 0
-0.6117 1.5259 0.0000 0.00 0.00 1.00 0
-0.6120 1.5259 0.0000 0.00 0.00 1.00 0
-0.6109 1.5256 0.0000 0.00 0.00 1.00 0
-0.6110 1.5256 0.0000 0.00 0.00 1.00 0
-0.6100 1.5266 0.0000 0.00 0.00 1.00 0
-0.6099 1.5268 0.0000 0.00 0.00 1.00 0
-0.6097 1.5270 0.0000 0.00 0.00 1.00 0
-0.6101 1.5284 0.0000 0.00 0.00 1.00 0
