6.0577 -0.6516 0.0000 0.00 0.00 1.00 0
6.4898 -0.9038 0.0000 0.00 0.00 1.00 0
6.9323 -1.1566 0.0000 0.00 0.00 1.00 0
7.3913 -1.4189 0.0000 0.00 0.00 1.00 0
7.8351 -1.6915 0.0000 0.00 0.00 1.00 0
8.2670 -1.9760 0.0000 0.00 0.00 1.00 0
8.6887 -2.2539 0.0000 0.00 0.00 1.00 0
9.1271 -2.5369 0.0000 0.00 0.00 1.00 0
9.5463 -2.8107 0.0000 0.00 0.00 1.00 0
10.0225 -3.0787 0.0000 0.00 0.00 1.00 0
10.5571 -3.2323 0.0000 0.00 0.00 1.00 0
11.1106 -3.2510 0.0000 0.00 0.00 1.00 0
11.6158 -3.2093 0.0000 0.00 0.00 1.00 0
12.0545 -2.9332 0.0000 0.00 0.00 1.00 0
12.3403 -2.5173 0.0000 0.00 0.00 1.00 0
12.6136 -2.0802 0.0000 0.00 0.00 1.00 0
12.8820 -1.6489 0.0000 0.00 0.00 1.00 0
13.1613 -1.2047 0.0000 0.00 0.00 1.00 0
13.4388 -0.7759 0.0000 0.00 0.00 1.00 0
13.7222 -0.3542 0.0000 0.00 0.00 1.00 0
13.9260 0.1627 0.0000 0.00 0.00 1.00 0
13.9540 0.6725 0.0000 0.00 0.00 1.00 0
13.7732 1.1686 0.0000 0.00 0.00 1.00 0
13.4788 1.6362 0.0000 0.00 0.00 1.00 0
13.1437 2.0082 0.0000 0.00 0.00 1.00 0
12.7946 2.3898 0.0000 0.00 0.00 1.00 0
12.4366 2.7757 0.0000 0.00 0.00 1.00 0
12.0732 3.1610 0.0000 0.00 0.00 1.00 0
11.6937 3.5162 0.0000 0.00 0.00 1.00 0
11.3173 3.8500 0.0000 0.00 0.00 1.00 0
10.9411 4.1894 0.0000 0.00 0.00 1.00 0
10.5361 4.5502 0.0000 0.00 0.00 1.00 0
10.0911 4.7926 0.0000 0.00 0.00 1.00 0
9.5628 4.8538 0.0000 0.00 0.00 1.00 0
9.0375 4.7251 0.0000 0.00 0.00 1.00 0
8.6567 4.3837 0.0000 0.00 0.00 1.00 0
8.3317 3.9841 0.0000 0.00 0.00 1.00 0
7.9845 3.5562 0.0000 0.00 0.00 1.00 0
7.6751 3.1621 0.0000 0.00 0.00 1.00 0
7.3492 2.7539 0.0000 0.00 0.00 1.00 0
7.0352 2.3635 0.0000 0.00 0.00 1.00 0
6.7153 1.9433 0.0000 0.00 0.00 1.00 0
6.4061 1.5401 0.0000 0.00 0.00 1.00 0
6.0985 1.1172 0.0000 0.00 0.00 1.00 0
5.8176 0.6963 0.0000 0.00 0.00 1.00 0
5.5996 0.2440 0.0000 0.00 0.00 1.00 0
5.5020 -0.2851 0.0000 0.00 0.00 1.00 0
6.0577 -0.6516 0.0000 0.00 0.00 1.00 0
6.9640 -1.1242 0.0000 0.00 0.00 1.00 0
7.8605 -1.5777 0.0000 0.00 0.00 1.00 0
8.7546 -2.0511 0.0000 0.00 0.00 1.00 0
9.6559 -2.5852 0.0000 0.00 0.00 1.00 0
10.6569 -2.7119 0.0000 0.00 0.00 1.00 0
11.5978 -2.3388 0.0000 0.00 0.00 1.00 0
12.4748 -1.7799 0.0000 0.00 0.00 1.00 0
13.1950 -1.0441 0.0000 0.00 0.00 1.00 0
13.8723 -0.2961 0.0000 0.00 0.00 1.00 0
14.2321 0.6701 0.0000 0.00 0.00 1.00 0
14.2405 1.6710 0.0000 0.00 0.00 1.00 0
13.6376 2.4881 0.0000 0.00 0.00 1.00 0
12.8763 3.1813 0.0000 0.00 0.00 1.00 0
12.1284 3.8558 0.0000 0.00 0.00 1.00 0
11.3740 4.5145 0.0000 0.00 0.00 1.00 0
10.3851 4.6748 0.0000 0.00 0.00 1.00 0
9.4898 4.2222 0.0000 0.00 0.00 1.00 0
8.7386 3.5579 0.0000 0.00 0.00 1.00 0
8.0088 2.8339 0.0000 0.00 0.00 1.00 0
7.2926 2.1148 0.0000 0.00 0.00 1.00 0
6.5763 1.3746 0.0000 0.00 0.00 1.00 0
5.8912 0.6028 0.0000 0.00 0.00 1.00 0
