6.0577 -0.6516 0.0000 0.00 0.00 1.00 0
6.0570 -0.6515 0.0000 0.00 0.00 1.00 0
6.0578 -0.6513 0.0000 0.00 0.00 1.00 0
6.0613 -0.6532 0.0000 0.00 0.00 1.00 0
6.0756 -0.6618 0.0000 0.00 0.00 1.00 0
6.0903 -0.6705 0.0000 0.00 0.00 1.00 0
6.1272 -0.6927 0.0000 0.00 0.00 1.00 0
6.1830 -0.7255 0.0000 0.00 0.00 1.00 0
6.2152 -0.7437 0.0000 0.00 0.00 1.00 0
6.2309 -0.7525 0.0000 0.00 0.00 1.00 0
6.2540 -0.7674 0.0000 0.00 0.00 1.00 0
6.2768 -0.7798 0.0000 0.00 0.00 1.00 0
6.2991 -0.7933 0.0000 0.00 0.00 1.00 0
6.3427 -0.8191 0.0000 0.00 0.00 1.00 0
6.3747 -0.8365 0.0000 0.00 0.00 1.00 0
6.4043 -0.8540 0.0000 0.00 0.00 1.00 0
6.4185 -0.8625 0.0000 0.00 0.00 1.00 0
6.4472 -0.8798 0.0000 0.00 0.00 1.00 0
6.4898 -0.9038 0.0000 0.00 0.00 1.00 0
6.5163 -0.9181 0.0000 0.00 0.00 1.00 0
6.5447 -0.9349 0.0000 0.00 0.00 1.00 0
6.5759 -0.9536 0.0000 0.00 0.00 1.00 0
6.5920 -0.9622 0.0000 0.00 0.00 1.00 0
6.6311 -0.9849 0.0000 0.00 0.00 1.00 0
6.6576 -1.0015 0.0000 0.00 0.00 1.00 0
6.6716 -1.0094 0.0000 0.00 0.00 1.00 0
6.7161 -1.0345 0.0000 0.00 0.00 1.00 0
6.7458 -1.0511 0.0000 0.00 0.00 1.00 0
6.7602 -1.0574 0.0000 0.00 0.00 1.00 0
6.8018 -1.0839 0.0000 0.00 0.00 1.00 0
6.8298 -1.0984 0.0000 0.00 0.00 1.00 0
6.8438 -1.1067 0.0000 0.00 0.00 1.00 0
6.8859 -1.1311 0.0000 0.00 0.00 1.00 0
6.9013 -1.1399 0.0000 0.00 0.00 1.00 0
6.9323 -1.1566 0.0000 0.00 0.00 1.00 0
6.9625 -1.1737 0.0000 0.00 0.00 1.00 0
6.9953 -1.1914 0.0000 0.00 0.00 1.00 0
7.0333 -1.2134 0.0000 0.00 0.00 1.00 0
7.0471 -1.2221 0.0000 0.00 0.00 1.00 0
7.0906 -1.2468 0.0000 0.00 0.00 1.00 0
7.1064 -1.2568 0.0000 0.00 0.00 1.00 0
7.1354 -1.2722 0.0000 0.00 0.00 1.00 0
7.1775 -1.2970 0.0000 0.00 0.00 1.00 0
7.1905 -1.3050 0.0000 0.00 0.00 1.00 0
7.2188 -1.3213 0.0000 0.00 0.00 1.00 0
7.2623 -1.3460 0.0000 0.00 0.00 1.00 0
7.2777 -1.3534 0.0000 0.00 0.00 1.00 0
7.3183 -1.3791 0.0000 0.00 0.00 1.00 0
7.3324 -1.3868 0.0000 0.00 0.00 1.00 0
7.3629 -1.4021 0.0000 0.00 0.00 1.00 0
7.3913 -1.4189 0.0000 0.00 0.00 1.00 0
7.4351 -1.4431 0.0000 0.00 0.00 1.00 0
7.4650 -1.4601 0.0000 0.00 0.00 1.00 0
7.4805 -1.4709 0.0000 0.00 0.00 1.00 0
7.5211 -1.4950 0.0000 0.00 0.00 1.00 0
7.5442 -1.5105 0.0000 0.00 0.00 1.00 0
7.5549 -1.5157 0.0000 0.00 0.00 1.00 0
7.5887 -1.5357 0.0000 0.00 0.00 1.00 0
7.6028 -1.5455 0.0000 0.00 0.00 1.00 0
7.6191 -1.5560 0.0000 0.00 0.00 1.00 0
7.6683 -1.5857 0.0000 0.00 0.00 1.00 0
7.6984 -1.6035 0.0000 0.00 0.00 1.00 0
7.7257 -1.6206 0.0000 0.00 0.00 1.00 0
7.7532 -1.6390 0.0000 0.00 0.00 1.00 0
7.7795 -1.6562 0.0000 0.00 0.00 1.00 0
7.8071 -1.6739 0.0000 0.00 0.00 1.00 0
7.8351 -1.6915 0.0000 0.00 0.00 1.00 0
7.8758 -1.7181 0.0000 0.00 0.00 1.00 0
7.8892 -1.7274 0.0000 0.00 0.00 1.00 0
7.9312 -1.7545 0.0000 0.00 0.00 1.00 0
7.9444 -1.7633 0.0000 0.00 0.00 1.00 0
7.9722 -1.7819 0.0000 0.00 0.00 1.00 0
8.0019 -1.8013 0.0000 0.00 0.00 1.00 0
8.0310 -1.8195 0.0000 0.00 0.00 1.00 0
8.0745 -1.8482 0.0000 0.00 0.00 1.00 0
8.0878 -1.8570 0.0000 0.00 0.00 1.00 0
8.1310 -1.8862 0.0000 0.00 0.00 1.00 0
8.1471 -1.8944 0.0000 0.00 0.00 1.00 0
8.1865 -1.9220 0.0000 0.00 0.00 1.00 0
8.2008 -1.9316 0.0000 0.00 0.00 1.00 0
8.2258 -1.9485 0.0000 0.00 0.00 1.00 0
8.2670 -1.9760 0.0000 0.00 0.00 1.00 0
8.2796 -1.9854 0.0000 0.00 0.00 1.00 0
8.3233 -2.0130 0.0000 0.00 0.00 1.00 0
8.3378 -2.0236 0.0000 0.00 0.00 1.00 0
8.3766 -2.0504 0.0000 0.00 0.00 1.00 0
8.3914 -2.0599 0.0000 0.00 0.00 1.00 0
8.4352 -2.0863 0.0000 0.00 0.00 1.00 0
8.4503 -2.0985 0.0000 0.00 0.00 1.00 0
8.4794 -2.1142 0.0000 0.00 0.00 1.00 0
8.5191 -2.1410 0.0000 0.00 0.00 1.00 0
8.5335 -2.1509 0.0000 0.00 0.00 1.00 0
8.5773 -2.1793 0.0000 0.00 0.00 1.00 0
8.5897 -2.1883 0.0000 0.00 0.00 1.00 0
8.6321 -2.2162 0.0000 0.00 0.00 1.00 0
8.6464 -2.2247 0.0000 0.00 0.00 1.00 0
8.6887 -2.2539 0.0000 0.00 0.00 1.00 0
8.7033 -2.2625 0.0000 0.00 0.00 1.00 0
8.7453 -2.2911 0.0000 0.00 0.00 1.00 0
8.7579 -2.2991 0.0000 0.00 0.00 1.00 0
8.7845 -2.3179 0.0000 0.00 0.00 1.00 0
8.8127 -2.3371 0.0000 0.00 0.00 1.00 0
8.8407 -2.3540 0.0000 0.00 0.00 1.00 0
8.8676 -2.3721 0.0000 0.00 0.00 1.00 0
8.8955 -2.3891 0.0000 0.00 0.00 1.00 0
8.9244 -2.4062 0.0000 0.00 0.00 1.00 0
8.9525 -2.4253 0.0000 0.00 0.00 1.00 0
8.9968 -2.4547 0.0000 0.00 0.00 1.00 0
9.0090 -2.4627 0.0000 0.00 0.00 1.00 0
9.0542 -2.4913 0.0000 0.00 0.00 1.00 0
9.0682 -2.4992 0.0000 0.00 0.00 1.00 0
9.0977 -2.5181 0.0000 0.00 0.00 1.00 0
9.1271 -2.5369 0.0000 0.00 0.00 1.00 0
9.1706 -2.5661 0.0000 0.00 0.00 1.00 0
9.1854 -2.5751 0.0000 0.00 0.00 1.00 0
9.2272 -2.6024 0.0000 0.00 0.00 1.00 0
9.2400 -2.6117 0.0000 0.00 0.00 1.00 0
9.2676 -2.6303 0.0000 0.00 0.00 1.00 0
9.3066 -2.6563 0.0000 0.00 0.00 1.00 0
9.3213 -2.6661 0.0000 0.00 0.00 1.00 0
9.3655 -2.6922 0.0000 0.00 0.00 1.00 0
9.3799 -2.7020 0.0000 0.00 0.00 1.00 0
9.4201 -2.7307 0.0000 0.00 0.00 1.00 0
9.4341 -2.7382 0.0000 0.00 0.00 1.00 0
9.4779 -2.7632 0.0000 0.00 0.00 1.00 0
9.5016 -2.7819 0.0000 0.00 0.00 1.00 0
9.5311 -2.7996 0.0000 0.00 0.00 1.00 0
9.5463 -2.8107 0.0000 0.00 0.00 1.00 0
9.5894 -2.8387 0.0000 0.00 0.00 1.00 0
9.6172 -2.8566 0.0000 0.00 0.00 1.00 0
9.6447 -2.8736 0.0000 0.00 0.00 1.00 0
9.6735 -2.8920 0.0000 0.00 0.00 1.00 0
9.6874 -2.9003 0.0000 0.00 0.00 1.00 0
9.7289 -2.9257 0.0000 0.00 0.00 1.00 0
9.7538 -2.9426 0.0000 0.00 0.00 1.00 0
9.7944 -2.9673 0.0000 0.00 0.00 1.00 0
9.7914 -2.9711 0.0000 0.00 0.00 1.00 0
9.8253 -2.9912 0.0000 0.00 0.00 1.00 0
9.8396 -2.9993 0.0000 0.00 0.00 1.00 0
9.8672 -3.0122 0.0000 0.00 0.00 1.00 0
9.8791 -3.0177 0.0000 0.00 0.00 1.00 0
9.9217 -3.0357 0.0000 0.00 0.00 1.00 0
9.9374 -3.0446 0.0000 0.00 0.00 1.00 0
9.9703 -3.0580 0.0000 0.00 0.00 1.00 0
10.0225 -3.0787 0.0000 0.00 0.00 1.00 0
10.0365 -3.0839 0.0000 0.00 0.00 1.00 0
10.0824 -3.1038 0.0000 0.00 0.00 1.00 0
10.0974 -3.1104 0.0000 0.00 0.00 1.00 0
10.1644 -3.1365 0.0000 0.00 0.00 1.00 0
10.1785 -3.1399 0.0000 0.00 0.00 1.00 0
10.2011 -3.1488 0.0000 0.00 0.00 1.00 0
10.2268 -3.1585 0.0000 0.00 0.00 1.00 0
10.2362 -3.1602 0.0000 0.00 0.00 1.00 0
10.2439 -3.1633 0.0000 0.00 0.00 1.00 0
10.2687 -3.1700 0.0000 0.00 0.00 1.00 0
10.3174 -3.1807 0.0000 0.00 0.00 1.00 0
10.3723 -3.1933 0.0000 0.00 0.00 1.00 0
10.3904 -3.1978 0.0000 0.00 0.00 1.00 0
10.4248 -3.2048 0.0000 0.00 0.00 1.00 0
10.4719 -3.2155 0.0000 0.00 0.00 1.00 0
10.4850 -3.2177 0.0000 0.00 0.00 1.00 0
10.5571 -3.2323 0.0000 0.00 0.00 1.00 0
10.5698 -3.2337 0.0000 0.00 0.00 1.00 0
10.5961 -3.2375 0.0000 0.00 0.00 1.00 0
10.6054 -3.2400 0.0000 0.00 0.00 1.00 0
10.6509 -3.2411 0.0000 0.00 0.00 1.00 0
10.6693 -3.2442 0.0000 0.00 0.00 1.00 0
10.6892 -3.2449 0.0000 0.00 0.00 1.00 0
10.7187 -3.2401 0.0000 0.00 0.00 1.00 0
10.7683 -3.2440 0.0000 0.00 0.00 1.00 0
10.8167 -3.2491 0.0000 0.00 0.00 1.00 0
10.8332 -3.2504 0.0000 0.00 0.00 1.00 0
10.8466 -3.2515 0.0000 0.00 0.00 1.00 0
10.8854 -3.2520 0.0000 0.00 0.00 1.00 0
10.9005 -3.2541 0.0000 0.00 0.00 1.00 0
10.9272 -3.2549 0.0000 0.00 0.00 1.00 0
10.9424 -3.2545 0.0000 0.00 0.00 1.00 0
10.9784 -3.2531 0.0000 0.00 0.00 1.00 0
11.0165 -3.2529 0.0000 0.00 0.00 1.00 0
11.0543 -3.2519 0.0000 0.00 0.00 1.00 0
11.1106 -3.2510 0.0000 0.00 0.00 1.00 0
11.1255 -3.2503 0.0000 0.00 0.00 1.00 0
11.1711 -3.2488 0.0000 0.00 0.00 1.00 0
11.1864 -3.2484 0.0000 0.00 0.00 1.00 0
11.2152 -3.2465 0.0000 0.00 0.00 1.00 0
11.2665 -3.2427 0.0000 0.00 0.00 1.00 0
11.2820 -3.2440 0.0000 0.00 0.00 1.00 0
11.3347 -3.2425 0.0000 0.00 0.00 1.00 0
11.3475 -3.2406 0.0000 0.00 0.00 1.00 0
11.4145 -3.2333 0.0000 0.00 0.00 1.00 0
11.4297 -3.2322 0.0000 0.00 0.00 1.00 0
11.4623 -3.2289 0.0000 0.00 0.00 1.00 0
11.4787 -3.2278 0.0000 0.00 0.00 1.00 0
11.5139 -3.2246 0.0000 0.00 0.00 1.00 0
11.5617 -3.2175 0.0000 0.00 0.00 1.00 0
11.5775 -3.2164 0.0000 0.00 0.00 1.00 0
11.5865 -3.2176 0.0000 0.00 0.00 1.00 0
11.5909 -3.2152 0.0000 0.00 0.00 1.00 0
11.6061 -3.2089 0.0000 0.00 0.00 1.00 0
11.6158 -3.2093 0.0000 0.00 0.00 1.00 0
11.6701 -3.1897 0.0000 0.00 0.00 1.00 0
11.6649 -3.1778 0.0000 0.00 0.00 1.00 0
11.7027 -3.1645 0.0000 0.00 0.00 1.00 0
11.7374 -3.1507 0.0000 0.00 0.00 1.00 0
11.7723 -3.1338 0.0000 0.00 0.00 1.00 0
11.7792 -3.1345 0.0000 0.00 0.00 1.00 0
11.7884 -3.1287 0.0000 0.00 0.00 1.00 0
11.7934 -3.1277 0.0000 0.00 0.00 1.00 0
11.8195 -3.1137 0.0000 0.00 0.00 1.00 0
11.8249 -3.1086 0.0000 0.00 0.00 1.00 0
11.8418 -3.0978 0.0000 0.00 0.00 1.00 0
11.8600 -3.0831 0.0000 0.00 0.00 1.00 0
11.9041 -3.0499 0.0000 0.00 0.00 1.00 0
11.9192 -3.0374 0.0000 0.00 0.00 1.00 0
11.9493 -3.0137 0.0000 0.00 0.00 1.00 0
11.9634 -3.0037 0.0000 0.00 0.00 1.00 0
12.0161 -2.9614 0.0000 0.00 0.00 1.00 0
12.0294 -2.9518 0.0000 0.00 0.00 1.00 0
12.0545 -2.9332 0.0000 0.00 0.00 1.00 0
12.0805 -2.9107 0.0000 0.00 0.00 1.00 0
12.0799 -2.9018 0.0000 0.00 0.00 1.00 0
12.1018 -2.8809 0.0000 0.00 0.00 1.00 0
12.1212 -2.8617 0.0000 0.00 0.00 1.00 0
12.1374 -2.8525 0.0000 0.00 0.00 1.00 0
12.1409 -2.8493 0.0000 0.00 0.00 1.00 0
12.1501 -2.8385 0.0000 0.00 0.00 1.00 0
12.1581 -2.8262 0.0000 0.00 0.00 1.00 0
12.1654 -2.8164 0.0000 0.00 0.00 1.00 0
12.1831 -2.7935 0.0000 0.00 0.00 1.00 0
12.1921 -2.7800 0.0000 0.00 0.00 1.00 0
12.2106 -2.7468 0.0000 0.00 0.00 1.00 0
12.2395 -2.6969 0.0000 0.00 0.00 1.00 0
12.2488 -2.6787 0.0000 0.00 0.00 1.00 0
12.2651 -2.6512 0.0000 0.00 0.00 1.00 0
12.2834 -2.6122 0.0000 0.00 0.00 1.00 0
12.2925 -2.5982 0.0000 0.00 0.00 1.00 0
12.3051 -2.5749 0.0000 0.00 0.00 1.00 0
12.3327 -2.5315 0.0000 0.00 0.00 1.00 0
12.3403 -2.5173 0.0000 0.00 0.00 1.00 0
12.3594 -2.4891 0.0000 0.00 0.00 1.00 0
12.3678 -2.4775 0.0000 0.00 0.00 1.00 0
12.3737 -2.4659 0.0000 0.00 0.00 1.00 0
12.4133 -2.4059 0.0000 0.00 0.00 1.00 0
12.4227 -2.3910 0.0000 0.00 0.00 1.00 0
12.4410 -2.3615 0.0000 0.00 0.00 1.00 0
12.4667 -2.3187 0.0000 0.00 0.00 1.00 0
12.4731 -2.3077 0.0000 0.00 0.00 1.00 0
12.4898 -2.2786 0.0000 0.00 0.00 1.00 0
12.4996 -2.2649 0.0000 0.00 0.00 1.00 0
12.5335 -2.2070 0.0000 0.00 0.00 1.00 0
12.5427 -2.1931 0.0000 0.00 0.00 1.00 0
12.5529 -2.1771 0.0000 0.00 0.00 1.00 0
12.5874 -2.1249 0.0000 0.00 0.00 1.00 0
12.5956 -2.1099 0.0000 0.00 0.00 1.00 0
12.6136 -2.0802 0.0000 0.00 0.00 1.00 0
12.6223 -2.0667 0.0000 0.00 0.00 1.00 0
12.6572 -2.0094 0.0000 0.00 0.00 1.00 0
12.6645 -1.9985 0.0000 0.00 0.00 1.00 0
12.6827 -1.9702 0.0000 0.00 0.00 1.00 0
12.7090 -1.9272 0.0000 0.00 0.00 1.00 0
12.7175 -1.9146 0.0000 0.00 0.00 1.00 0
12.7351 -1.8863 0.0000 0.00 0.00 1.00 0
12.7621 -1.8455 0.0000 0.00 0.00 1.00 0
12.7714 -1.8310 0.0000 0.00 0.00 1.00 0
12.7891 -1.8026 0.0000 0.00 0.00 1.00 0
12.8053 -1.7744 0.0000 0.00 0.00 1.00 0
12.8154 -1.7605 0.0000 0.00 0.00 1.00 0
12.8495 -1.7055 0.0000 0.00 0.00 1.00 0
12.8564 -1.6908 0.0000 0.00 0.00 1.00 0
12.8820 -1.6489 0.0000 0.00 0.00 1.00 0
12.8905 -1.6340 0.0000 0.00 0.00 1.00 0
12.9181 -1.5921 0.0000 0.00 0.00 1.00 0
12.9272 -1.5761 0.0000 0.00 0.00 1.00 0
12.9447 -1.5465 0.0000 0.00 0.00 1.00 0
12.9535 -1.5324 0.0000 0.00 0.00 1.00 0
12.9891 -1.4743 0.0000 0.00 0.00 1.00 0
12.9977 -1.4598 0.0000 0.00 0.00 1.00 0
13.0076 -1.4445 0.0000 0.00 0.00 1.00 0
13.0255 -1.4156 0.0000 0.00 0.00 1.00 0
13.0612 -1.3578 0.0000 0.00 0.00 1.00 0
13.0700 -1.3456 0.0000 0.00 0.00 1.00 0
13.0898 -1.3173 0.0000 0.00 0.00 1.00 0
13.1172 -1.2725 0.0000 0.00 0.00 1.00 0
13.1264 -1.2610 0.0000 0.00 0.00 1.00 0
13.1444 -1.2315 0.0000 0.00 0.00 1.00 0
13.1613 -1.2047 0.0000 0.00 0.00 1.00 0
13.1898 -1.1634 0.0000 0.00 0.00 1.00 0
13.2183 -1.1238 0.0000 0.00 0.00 1.00 0
13.2281 -1.1084 0.0000 0.00 0.00 1.00 0
13.2459 -1.0788 0.0000 0.00 0.00 1.00 0
13.2562 -1.0642 0.0000 0.00 0.00 1.00 0
13.2728 -1.0354 0.0000 0.00 0.00 1.00 0
13.3088 -0.9783 0.0000 0.00 0.00 1.00 0
13.3187 -0.9632 0.0000 0.00 0.00 1.00 0
13.3351 -0.9330 0.0000 0.00 0.00 1.00 0
13.3635 -0.8899 0.0000 0.00 0.00 1.00 0
13.3736 -0.8747 0.0000 0.00 0.00 1.00 0
13.3864 -0.8627 0.0000 0.00 0.00 1.00 0
13.4041 -0.8328 0.0000 0.00 0.00 1.00 0
13.4298 -0.7887 0.0000 0.00 0.00 1.00 0
13.4388 -0.7759 0.0000 0.00 0.00 1.00 0
13.4565 -0.7470 0.0000 0.00 0.00 1.00 0
13.4834 -0.7041 0.0000 0.00 0.00 1.00 0
13.4929 -0.6905 0.0000 0.00 0.00 1.00 0
13.5047 -0.6780 0.0000 0.00 0.00 1.00 0
13.5188 -0.6536 0.0000 0.00 0.00 1.00 0
13.5403 -0.6160 0.0000 0.00 0.00 1.00 0
13.5505 -0.6013 0.0000 0.00 0.00 1.00 0
13.5706 -0.5700 0.0000 0.00 0.00 1.00 0
13.5907 -0.5381 0.0000 0.00 0.00 1.00 0
13.6183 -0.4967 0.0000 0.00 0.00 1.00 0
13.6337 -0.4760 0.0000 0.00 0.00 1.00 0
13.6409 -0.4652 0.0000 0.00 0.00 1.00 0
13.6538 -0.4468 0.0000 0.00 0.00 1.00 0
13.6568 -0.4462 0.0000 0.00 0.00 1.00 0
13.6779 -0.4179 0.0000 0.00 0.00 1.00 0
13.7222 -0.3542 0.0000 0.00 0.00 1.00 0
13.7305 -0.3423 0.0000 0.00 0.00 1.00 0
13.7417 -0.3252 0.0000 0.00 0.00 1.00 0
13.7476 -0.3188 0.0000 0.00 0.00 1.00 0
13.7550 -0.3129 0.0000 0.00 0.00 1.00 0
13.7585 -0.3053 0.0000 0.00 0.00 1.00 0
13.7839 -0.2686 0.0000 0.00 0.00 1.00 0
13.7921 -0.2495 0.0000 0.00 0.00 1.00 0
13.8316 -0.1653 0.0000 0.00 0.00 1.00 0
13.8349 -0.1531 0.0000 0.00 0.00 1.00 0
13.8433 -0.1399 0.0000 0.00 0.00 1.00 0
13.8448 -0.1406 0.0000 0.00 0.00 1.00 0
13.8537 -0.1005 0.0000 0.00 0.00 1.00 0
13.8603 -0.0816 0.0000 0.00 0.00 1.00 0
13.8740 -0.0399 0.0000 0.00 0.00 1.00 0
13.8920 0.0147 0.0000 0.00 0.00 1.00 0
13.8957 0.0306 0.0000 0.00 0.00 1.00 0
13.8998 0.0427 0.0000 0.00 0.00 1.00 0
13.9008 0.0446 0.0000 0.00 0.00 1.00 0
13.9046 0.0479 0.0000 0.00 0.00 1.00 0
13.9082 0.0627 0.0000 0.00 0.00 1.00 0
13.9135 0.1000 0.0000 0.00 0.00 1.00 0
13.9260 0.1627 0.0000 0.00 0.00 1.00 0
13.9331 0.2040 0.0000 0.00 0.00 1.00 0
13.9385 0.2333 0.0000 0.00 0.00 1.00 0
13.9632 0.1594 0.0000 0.00 0.00 1.00 0
13.9639 0.1616 0.0000 0.00 0.00 1.00 0
13.9642 0.1811 0.0000 0.00 0.00 1.00 0
13.9660 0.1897 0.0000 0.00 0.00 1.00 0
13.9707 0.2363 0.0000 0.00 0.00 1.00 0
13.9694 0.2555 0.0000 0.00 0.00 1.00 0
13.9660 0.3121 0.0000 0.00 0.00 1.00 0
13.9640 0.3502 0.0000 0.00 0.00 1.00 0
13.9636 0.3693 0.0000 0.00 0.00 1.00 0
13.9602 0.4193 0.0000 0.00 0.00 1.00 0
13.9643 0.4339 0.0000 0.00 0.00 1.00 0
13.9617 0.4778 0.0000 0.00 0.00 1.00 0
13.9618 0.4934 0.0000 0.00 0.00 1.00 0
13.9604 0.5425 0.0000 0.00 0.00 1.00 0
13.9608 0.5589 0.0000 0.00 0.00 1.00 0
13.9580 0.6069 0.0000 0.00 0.00 1.00 0
13.9576 0.6235 0.0000 0.00 0.00 1.00 0
13.9540 0.6725 0.0000 0.00 0.00 1.00 0
13.9527 0.7045 0.0000 0.00 0.00 1.00 0
13.9495 0.7185 0.0000 0.00 0.00 1.00 0
13.9498 0.7387 0.0000 0.00 0.00 1.00 0
13.9491 0.7420 0.0000 0.00 0.00 1.00 0
13.9476 0.7542 0.0000 0.00 0.00 1.00 0
13.9450 0.7609 0.0000 0.00 0.00 1.00 0
13.9409 0.7747 0.0000 0.00 0.00 1.00 0
13.9357 0.8005 0.0000 0.00 0.00 1.00 0
13.9308 0.8121 0.0000 0.00 0.00 1.00 0
13.9072 0.8645 0.0000 0.00 0.00 1.00 0
13.8997 0.8827 0.0000 0.00 0.00 1.00 0
13.8790 0.9324 0.0000 0.00 0.00 1.00 0
13.8715 0.9482 0.0000 0.00 0.00 1.00 0
13.8582 0.9783 0.0000 0.00 0.00 1.00 0
13.8407 1.0206 0.0000 0.00 0.00 1.00 0
13.8335 1.0356 0.0000 0.00 0.00 1.00 0
13.8155 1.0771 0.0000 0.00 0.00 1.00 0
13.8077 1.0937 0.0000 0.00 0.00 1.00 0
13.7943 1.1244 0.0000 0.00 0.00 1.00 0
13.7732 1.1686 0.0000 0.00 0.00 1.00 0
13.7655 1.1842 0.0000 0.00 0.00 1.00 0
13.7518 1.2145 0.0000 0.00 0.00 1.00 0
13.7335 1.2566 0.0000 0.00 0.00 1.00 0
13.7268 1.2699 0.0000 0.00 0.00 1.00 0
13.7069 1.3127 0.0000 0.00 0.00 1.00 0
13.7002 1.3288 0.0000 0.00 0.00 1.00 0
13.6869 1.3600 0.0000 0.00 0.00 1.00 0
13.6642 1.4037 0.0000 0.00 0.00 1.00 0
13.6575 1.4134 0.0000 0.00 0.00 1.00 0
13.6513 1.4259 0.0000 0.00 0.00 1.00 0
13.6484 1.4348 0.0000 0.00 0.00 1.00 0
13.6431 1.4397 0.0000 0.00 0.00 1.00 0
13.6320 1.4541 0.0000 0.00 0.00 1.00 0
13.6280 1.4633 0.0000 0.00 0.00 1.00 0
13.6106 1.4831 0.0000 0.00 0.00 1.00 0
13.5735 1.5246 0.0000 0.00 0.00 1.00 0
13.5608 1.5384 0.0000 0.00 0.00 1.00 0
13.5231 1.5811 0.0000 0.00 0.00 1.00 0
13.5127 1.5947 0.0000 0.00 0.00 1.00 0
13.4788 1.6362 0.0000 0.00 0.00 1.00 0
13.4579 1.6582 0.0000 0.00 0.00 1.00 0
13.4486 1.6688 0.0000 0.00 0.00 1.00 0
13.4180 1.7038 0.0000 0.00 0.00 1.00 0
13.3953 1.7290 0.0000 0.00 0.00 1.00 0
13.3846 1.7422 0.0000 0.00 0.00 1.00 0
13.3502 1.7806 0.0000 0.00 0.00 1.00 0
13.3417 1.7911 0.0000 0.00 0.00 1.00 0
13.3112 1.8254 0.0000 0.00 0.00 1.00 0
13.2897 1.8485 0.0000 0.00 0.00 1.00 0
13.2801 1.8603 0.0000 0.00 0.00 1.00 0
13.2438 1.8990 0.0000 0.00 0.00 1.00 0
13.2210 1.9226 0.0000 0.00 0.00 1.00 0
13.2098 1.9354 0.0000 0.00 0.00 1.00 0
13.1777 1.9710 0.0000 0.00 0.00 1.00 0
13.1559 1.9956 0.0000 0.00 0.00 1.00 0
13.1437 2.0082 0.0000 0.00 0.00 1.00 0
13.1196 2.0335 0.0000 0.00 0.00 1.00 0
13.0848 2.0732 0.0000 0.00 0.00 1.00 0
13.0607 2.0991 0.0000 0.00 0.00 1.00 0
13.0497 2.1110 0.0000 0.00 0.00 1.00 0
13.0172 2.1478 0.0000 0.00 0.00 1.00 0
13.0103 2.1557 0.0000 0.00 0.00 1.00 0
12.9882 2.1803 0.0000 0.00 0.00 1.00 0
12.9635 2.2058 0.0000 0.00 0.00 1.00 0
12.9314 2.2418 0.0000 0.00 0.00 1.00 0
12.9187 2.2543 0.0000 0.00 0.00 1.00 0
12.8969 2.2797 0.0000 0.00 0.00 1.00 0
12.8632 2.3155 0.0000 0.00 0.00 1.00 0
12.8521 2.3279 0.0000 0.00 0.00 1.00 0
12.8166 2.3641 0.0000 0.00 0.00 1.00 0
12.7946 2.3898 0.0000 0.00 0.00 1.00 0
12.7565 2.4322 0.0000 0.00 0.00 1.00 0
12.7338 2.4560 0.0000 0.00 0.00 1.00 0
12.7105 2.4819 0.0000 0.00 0.00 1.00 0
12.6872 2.5067 0.0000 0.00 0.00 1.00 0
12.6770 2.5197 0.0000 0.00 0.00 1.00 0
12.6432 2.5573 0.0000 0.00 0.00 1.00 0
12.6202 2.5807 0.0000 0.00 0.00 1.00 0
12.6088 2.5933 0.0000 0.00 0.00 1.00 0
12.5862 2.6153 0.0000 0.00 0.00 1.00 0
12.5517 2.6525 0.0000 0.00 0.00 1.00 0
12.5409 2.6662 0.0000 0.00 0.00 1.00 0
12.5080 2.7017 0.0000 0.00 0.00 1.00 0
12.4957 2.7143 0.0000 0.00 0.00 1.00 0
12.4586 2.7510 0.0000 0.00 0.00 1.00 0
12.4366 2.7757 0.0000 0.00 0.00 1.00 0
12.4136 2.7995 0.0000 0.00 0.00 1.00 0
12.4028 2.8115 0.0000 0.00 0.00 1.00 0
12.3797 2.8344 0.0000 0.00 0.00 1.00 0
12.3450 2.8713 0.0000 0.00 0.00 1.00 0
12.3237 2.8953 0.0000 0.00 0.00 1.00 0
12.3122 2.9076 0.0000 0.00 0.00 1.00 0
12.2888 2.9332 0.0000 0.00 0.00 1.00 0
12.2616 2.9559 0.0000 0.00 0.00 1.00 0
12.2533 2.9684 0.0000 0.00 0.00 1.00 0
12.2073 3.0166 0.0000 0.00 0.00 1.00 0
12.1856 3.0412 0.0000 0.00 0.00 1.00 0
12.1739 3.0532 0.0000 0.00 0.00 1.00 0
12.1381 3.0916 0.0000 0.00 0.00 1.00 0
12.1174 3.1164 0.0000 0.00 0.00 1.00 0
12.0732 3.1610 0.0000 0.00 0.00 1.00 0
12.0603 3.1739 0.0000 0.00 0.00 1.00 0
12.0279 3.2045 0.0000 0.00 0.00 1.00 0
12.0195 3.2138 0.0000 0.00 0.00 1.00 0
12.0074 3.2277 0.0000 0.00 0.00 1.00 0
12.0071 3.2238 0.0000 0.00 0.00 1.00 0
11.9696 3.2634 0.0000 0.00 0.00 1.00 0
11.9554 3.2763 0.0000 0.00 0.00 1.00 0
11.9127 3.3133 0.0000 0.00 0.00 1.00 0
11.8986 3.3261 0.0000 0.00 0.00 1.00 0
11.8606 3.3623 0.0000 0.00 0.00 1.00 0
11.8518 3.3710 0.0000 0.00 0.00 1.00 0
11.8275 3.3944 0.0000 0.00 0.00 1.00 0
11.7909 3.4256 0.0000 0.00 0.00 1.00 0
11.7660 3.4471 0.0000 0.00 0.00 1.00 0
11.7533 3.4586 0.0000 0.00 0.00 1.00 0
11.7449 3.4689 0.0000 0.00 0.00 1.00 0
11.6937 3.5162 0.0000 0.00 0.00 1.00 0
11.6706 3.5357 0.0000 0.00 0.00 1.00 0
11.6583 3.5470 0.0000 0.00 0.00 1.00 0
11.6237 3.5799 0.0000 0.00 0.00 1.00 0
11.6098 3.5919 0.0000 0.00 0.00 1.00 0
11.5697 3.6251 0.0000 0.00 0.00 1.00 0
11.5459 3.6486 0.0000 0.00 0.00 1.00 0
11.5480 3.6447 0.0000 0.00 0.00 1.00 0
11.5259 3.6647 0.0000 0.00 0.00 1.00 0
11.4877 3.6975 0.0000 0.00 0.00 1.00 0
11.4769 3.7082 0.0000 0.00 0.00 1.00 0
11.4361 3.7442 0.0000 0.00 0.00 1.00 0
11.4095 3.7672 0.0000 0.00 0.00 1.00 0
11.3830 3.7888 0.0000 0.00 0.00 1.00 0
11.3401 3.8305 0.0000 0.00 0.00 1.00 0
11.3173 3.8500 0.0000 0.00 0.00 1.00 0
11.3071 3.8594 0.0000 0.00 0.00 1.00 0
11.2700 3.8935 0.0000 0.00 0.00 1.00 0
11.2575 3.9033 0.0000 0.00 0.00 1.00 0
11.2202 3.9379 0.0000 0.00 0.00 1.00 0
11.1775 3.9765 0.0000 0.00 0.00 1.00 0
11.1536 4.0009 0.0000 0.00 0.00 1.00 0
11.1415 4.0106 0.0000 0.00 0.00 1.00 0
11.1039 4.0448 0.0000 0.00 0.00 1.00 0
11.0895 4.0563 0.0000 0.00 0.00 1.00 0
11.0526 4.0905 0.0000 0.00 0.00 1.00 0
11.0269 4.1123 0.0000 0.00 0.00 1.00 0
11.0176 4.1226 0.0000 0.00 0.00 1.00 0
10.9814 4.1558 0.0000 0.00 0.00 1.00 0
10.9540 4.1791 0.0000 0.00 0.00 1.00 0
10.9411 4.1894 0.0000 0.00 0.00 1.00 0
10.9283 4.2007 0.0000 0.00 0.00 1.00 0
10.8914 4.2342 0.0000 0.00 0.00 1.00 0
10.8529 4.2670 0.0000 0.00 0.00 1.00 0
10.8289 4.2902 0.0000 0.00 0.00 1.00 0
10.8166 4.3019 0.0000 0.00 0.00 1.00 0
10.7955 4.3206 0.0000 0.00 0.00 1.00 0
10.7579 4.3551 0.0000 0.00 0.00 1.00 0
10.7339 4.3747 0.0000 0.00 0.00 1.00 0
10.7070 4.3980 0.0000 0.00 0.00 1.00 0
10.6949 4.4088 0.0000 0.00 0.00 1.00 0
10.6697 4.4308 0.0000 0.00 0.00 1.00 0
10.6323 4.4639 0.0000 0.00 0.00 1.00 0
10.6206 4.4753 0.0000 0.00 0.00 1.00 0
10.5970 4.4960 0.0000 0.00 0.00 1.00 0
10.5902 4.5025 0.0000 0.00 0.00 1.00 0
10.5361 4.5502 0.0000 0.00 0.00 1.00 0
10.5086 4.5734 0.0000 0.00 0.00 1.00 0
10.4967 4.5837 0.0000 0.00 0.00 1.00 0
10.4733 4.6039 0.0000 0.00 0.00 1.00 0
10.4667 4.6093 0.0000 0.00 0.00 1.00 0
10.5060 4.5978 0.0000 0.00 0.00 1.00 0
10.4953 4.6066 0.0000 0.00 0.00 1.00 0
10.4863 4.6080 0.0000 0.00 0.00 1.00 0
10.4527 4.6209 0.0000 0.00 0.00 1.00 0
10.4386 4.6282 0.0000 0.00 0.00 1.00 0
10.4030 4.6422 0.0000 0.00 0.00 1.00 0
10.3550 4.6709 0.0000 0.00 0.00 1.00 0
10.3229 4.6841 0.0000 0.00 0.00 1.00 0
10.2946 4.6997 0.0000 0.00 0.00 1.00 0
10.2686 4.7114 0.0000 0.00 0.00 1.00 0
10.2549 4.7158 0.0000 0.00 0.00 1.00 0
10.2130 4.7378 0.0000 0.00 0.00 1.00 0
10.1824 4.7502 0.0000 0.00 0.00 1.00 0
10.1713 4.7610 0.0000 0.00 0.00 1.00 0
10.1221 4.7803 0.0000 0.00 0.00 1.00 0
10.1070 4.7835 0.0000 0.00 0.00 1.00 0
10.0911 4.7926 0.0000 0.00 0.00 1.00 0
10.0781 4.7930 0.0000 0.00 0.00 1.00 0
10.0729 4.7970 0.0000 0.00 0.00 1.00 0
10.0660 4.7987 0.0000 0.00 0.00 1.00 0
10.0403 4.8043 0.0000 0.00 0.00 1.00 0
9.9772 4.8526 0.0000 0.00 0.00 1.00 0
9.9692 4.8531 0.0000 0.00 0.00 1.00 0
9.9212 4.8575 0.0000 0.00 0.00 1.00 0
9.9076 4.8588 0.0000 0.00 0.00 1.00 0
9.8493 4.8552 0.0000 0.00 0.00 1.00 0
9.7983 4.8587 0.0000 0.00 0.00 1.00 0
9.7853 4.8586 0.0000 0.00 0.00 1.00 0
9.7392 4.8596 0.0000 0.00 0.00 1.00 0
9.7238 4.8589 0.0000 0.00 0.00 1.00 0
9.7085 4.8590 0.0000 0.00 0.00 1.00 0
9.6645 4.8580 0.0000 0.00 0.00 1.00 0
9.6302 4.8561 0.0000 0.00 0.00 1.00 0
9.5954 4.8561 0.0000 0.00 0.00 1.00 0
9.5628 4.8538 0.0000 0.00 0.00 1.00 0
9.5498 4.8515 0.0000 0.00 0.00 1.00 0
9.5320 4.8523 0.0000 0.00 0.00 1.00 0
9.5122 4.8483 0.0000 0.00 0.00 1.00 0
9.4965 4.8468 0.0000 0.00 0.00 1.00 0
9.4363 4.8380 0.0000 0.00 0.00 1.00 0
9.3960 4.8328 0.0000 0.00 0.00 1.00 0
9.3779 4.8306 0.0000 0.00 0.00 1.00 0
9.3265 4.8221 0.0000 0.00 0.00 1.00 0
9.2959 4.8187 0.0000 0.00 0.00 1.00 0
9.2809 4.8155 0.0000 0.00 0.00 1.00 0
9.2415 4.8096 0.0000 0.00 0.00 1.00 0
9.2294 4.8099 0.0000 0.00 0.00 1.00 0
9.2235 4.8085 0.0000 0.00 0.00 1.00 0
9.2100 4.8049 0.0000 0.00 0.00 1.00 0
9.1949 4.8009 0.0000 0.00 0.00 1.00 0
9.1831 4.7990 0.0000 0.00 0.00 1.00 0
9.1767 4.7962 0.0000 0.00 0.00 1.00 0
9.1366 4.7780 0.0000 0.00 0.00 1.00 0
9.1195 4.7699 0.0000 0.00 0.00 1.00 0
9.0839 4.7497 0.0000 0.00 0.00 1.00 0
9.0375 4.7251 0.0000 0.00 0.00 1.00 0
9.0216 4.7175 0.0000 0.00 0.00 1.00 0
8.9942 4.7040 0.0000 0.00 0.00 1.00 0
8.9535 4.6838 0.0000 0.00 0.00 1.00 0
8.9265 4.6677 0.0000 0.00 0.00 1.00 0
8.9107 4.6585 0.0000 0.00 0.00 1.00 0
8.9060 4.6589 0.0000 0.00 0.00 1.00 0
8.8959 4.6559 0.0000 0.00 0.00 1.00 0
8.8885 4.6446 0.0000 0.00 0.00 1.00 0
8.8795 4.6384 0.0000 0.00 0.00 1.00 0
8.8681 4.6313 0.0000 0.00 0.00 1.00 0
8.8546 4.6173 0.0000 0.00 0.00 1.00 0
8.8349 4.5960 0.0000 0.00 0.00 1.00 0
8.8099 4.5694 0.0000 0.00 0.00 1.00 0
8.7986 4.5511 0.0000 0.00 0.00 1.00 0
8.7618 4.5099 0.0000 0.00 0.00 1.00 0
8.7411 4.4833 0.0000 0.00 0.00 1.00 0
8.7204 4.4587 0.0000 0.00 0.00 1.00 0
8.6993 4.4352 0.0000 0.00 0.00 1.00 0
8.6781 4.4090 0.0000 0.00 0.00 1.00 0
8.6567 4.3837 0.0000 0.00 0.00 1.00 0
8.6353 4.3580 0.0000 0.00 0.00 1.00 0
8.6120 4.3301 0.0000 0.00 0.00 1.00 0
8.5893 4.3028 0.0000 0.00 0.00 1.00 0
8.5694 4.2753 0.0000 0.00 0.00 1.00 0
8.5480 4.2515 0.0000 0.00 0.00 1.00 0
8.5251 4.2233 0.0000 0.00 0.00 1.00 0
8.5218 4.2196 0.0000 0.00 0.00 1.00 0
8.4901 4.1798 0.0000 0.00 0.00 1.00 0
8.4702 4.1560 0.0000 0.00 0.00 1.00 0
8.4499 4.1305 0.0000 0.00 0.00 1.00 0
8.4401 4.1183 0.0000 0.00 0.00 1.00 0
8.4050 4.0787 0.0000 0.00 0.00 1.00 0
8.3824 4.0491 0.0000 0.00 0.00 1.00 0
8.3727 4.0365 0.0000 0.00 0.00 1.00 0
8.3404 3.9968 0.0000 0.00 0.00 1.00 0
8.3317 3.9841 0.0000 0.00 0.00 1.00 0
8.2998 3.9464 0.0000 0.00 0.00 1.00 0
8.2773 3.9183 0.0000 0.00 0.00 1.00 0
8.2474 3.8810 0.0000 0.00 0.00 1.00 0
8.2361 3.8675 0.0000 0.00 0.00 1.00 0
8.2262 3.8536 0.0000 0.00 0.00 1.00 0
8.1938 3.8151 0.0000 0.00 0.00 1.00 0
8.1734 3.7877 0.0000 0.00 0.00 1.00 0
8.1630 3.7760 0.0000 0.00 0.00 1.00 0
8.1324 3.7388 0.0000 0.00 0.00 1.00 0
8.1118 3.7130 0.0000 0.00 0.00 1.00 0
8.0903 3.6881 0.0000 0.00 0.00 1.00 0
8.0688 3.6599 0.0000 0.00 0.00 1.00 0
8.0366 3.6219 0.0000 0.00 0.00 1.00 0
8.0264 3.6078 0.0000 0.00 0.00 1.00 0
8.0166 3.5970 0.0000 0.00 0.00 1.00 0
7.9845 3.5562 0.0000 0.00 0.00 1.00 0
7.9542 3.5161 0.0000 0.00 0.00 1.00 0
7.9444 3.5023 0.0000 0.00 0.00 1.00 0
7.9341 3.4889 0.0000 0.00 0.00 1.00 0
7.9019 3.4497 0.0000 0.00 0.00 1.00 0
7.8808 3.4248 0.0000 0.00 0.00 1.00 0
7.8608 3.3980 0.0000 0.00 0.00 1.00 0
7.8401 3.3694 0.0000 0.00 0.00 1.00 0
7.8188 3.3415 0.0000 0.00 0.00 1.00 0
7.7986 3.3166 0.0000 0.00 0.00 1.00 0
7.7773 3.2910 0.0000 0.00 0.00 1.00 0
7.7573 3.2649 0.0000 0.00 0.00 1.00 0
7.7364 3.2402 0.0000 0.00 0.00 1.00 0
7.7175 3.2138 0.0000 0.00 0.00 1.00 0
7.6856 3.1758 0.0000 0.00 0.00 1.00 0
7.6751 3.1621 0.0000 0.00 0.00 1.00 0
7.6550 3.1352 0.0000 0.00 0.00 1.00 0
7.6452 3.1228 0.0000 0.00 0.00 1.00 0
7.6243 3.0950 0.0000 0.00 0.00 1.00 0
7.5933 3.0571 0.0000 0.00 0.00 1.00 0
7.5626 3.0154 0.0000 0.00 0.00 1.00 0
7.5520 3.0032 0.0000 0.00 0.00 1.00 0
7.5422 2.9897 0.0000 0.00 0.00 1.00 0
7.5216 2.9639 0.0000 0.00 0.00 1.00 0
7.4910 2.9236 0.0000 0.00 0.00 1.00 0
7.4800 2.9094 0.0000 0.00 0.00 1.00 0
7.4483 2.8675 0.0000 0.00 0.00 1.00 0
7.4268 2.8405 0.0000 0.00 0.00 1.00 0
7.4157 2.8263 0.0000 0.00 0.00 1.00 0
7.4200 2.8427 0.0000 0.00 0.00 1.00 0
7.3787 2.7941 0.0000 0.00 0.00 1.00 0
7.3696 2.7799 0.0000 0.00 0.00 1.00 0
7.3492 2.7539 0.0000 0.00 0.00 1.00 0
7.3191 2.7154 0.0000 0.00 0.00 1.00 0
7.2959 2.6858 0.0000 0.00 0.00 1.00 0
7.2857 2.6739 0.0000 0.00 0.00 1.00 0
7.2525 2.6325 0.0000 0.00 0.00 1.00 0
7.2325 2.6066 0.0000 0.00 0.00 1.00 0
7.2213 2.5917 0.0000 0.00 0.00 1.00 0
7.2014 2.5667 0.0000 0.00 0.00 1.00 0
7.1811 2.5435 0.0000 0.00 0.00 1.00 0
7.1497 2.5074 0.0000 0.00 0.00 1.00 0
7.1401 2.4941 0.0000 0.00 0.00 1.00 0
7.1096 2.4558 0.0000 0.00 0.00 1.00 0
7.0892 2.4288 0.0000 0.00 0.00 1.00 0
7.0594 2.3888 0.0000 0.00 0.00 1.00 0
7.0481 2.3735 0.0000 0.00 0.00 1.00 0
7.0352 2.3635 0.0000 0.00 0.00 1.00 0
6.9965 2.3111 0.0000 0.00 0.00 1.00 0
6.9772 2.2852 0.0000 0.00 0.00 1.00 0
6.9673 2.2717 0.0000 0.00 0.00 1.00 0
6.9349 2.2308 0.0000 0.00 0.00 1.00 0
6.8968 2.1834 0.0000 0.00 0.00 1.00 0
6.8765 2.1572 0.0000 0.00 0.00 1.00 0
6.8663 2.1427 0.0000 0.00 0.00 1.00 0
6.8365 2.1012 0.0000 0.00 0.00 1.00 0
6.8168 2.0745 0.0000 0.00 0.00 1.00 0
6.8067 2.0607 0.0000 0.00 0.00 1.00 0
6.7858 2.0366 0.0000 0.00 0.00 1.00 0
6.7759 2.0247 0.0000 0.00 0.00 1.00 0
6.7439 1.9839 0.0000 0.00 0.00 1.00 0
6.7153 1.9433 0.0000 0.00 0.00 1.00 0
6.6951 1.9187 0.0000 0.00 0.00 1.00 0
6.6749 1.8930 0.0000 0.00 0.00 1.00 0
6.6666 1.8802 0.0000 0.00 0.00 1.00 0
6.6361 1.8394 0.0000 0.00 0.00 1.00 0
6.6268 1.8261 0.0000 0.00 0.00 1.00 0
6.6064 1.8050 0.0000 0.00 0.00 1.00 0
6.5682 1.7524 0.0000 0.00 0.00 1.00 0
6.5579 1.7372 0.0000 0.00 0.00 1.00 0
6.5484 1.7225 0.0000 0.00 0.00 1.00 0
6.5167 1.6846 0.0000 0.00 0.00 1.00 0
6.4954 1.6586 0.0000 0.00 0.00 1.00 0
6.4564 1.6042 0.0000 0.00 0.00 1.00 0
6.4358 1.5789 0.0000 0.00 0.00 1.00 0
6.4061 1.5401 0.0000 0.00 0.00 1.00 0
6.3957 1.5267 0.0000 0.00 0.00 1.00 0
6.3850 1.5124 0.0000 0.00 0.00 1.00 0
6.3438 1.4563 0.0000 0.00 0.00 1.00 0
6.3147 1.4255 0.0000 0.00 0.00 1.00 0
6.2971 1.3979 0.0000 0.00 0.00 1.00 0
6.2734 1.3600 0.0000 0.00 0.00 1.00 0
6.2642 1.3472 0.0000 0.00 0.00 1.00 0
6.2256 1.2922 0.0000 0.00 0.00 1.00 0
6.2048 1.2680 0.0000 0.00 0.00 1.00 0
6.1954 1.2523 0.0000 0.00 0.00 1.00 0
6.1758 1.2254 0.0000 0.00 0.00 1.00 0
6.1557 1.1980 0.0000 0.00 0.00 1.00 0
6.1462 1.1847 0.0000 0.00 0.00 1.00 0
6.0985 1.1172 0.0000 0.00 0.00 1.00 0
6.0885 1.1034 0.0000 0.00 0.00 1.00 0
6.0694 1.0771 0.0000 0.00 0.00 1.00 0
6.0589 1.0629 0.0000 0.00 0.00 1.00 0
6.0294 1.0229 0.0000 0.00 0.00 1.00 0
6.0100 0.9948 0.0000 0.00 0.00 1.00 0
5.9914 0.9678 0.0000 0.00 0.00 1.00 0
5.9798 0.9543 0.0000 0.00 0.00 1.00 0
5.9443 0.9044 0.0000 0.00 0.00 1.00 0
5.9347 0.8949 0.0000 0.00 0.00 1.00 0
5.9282 0.8761 0.0000 0.00 0.00 1.00 0
5.9203 0.8691 0.0000 0.00 0.00 1.00 0
5.9040 0.8428 0.0000 0.00 0.00 1.00 0
5.8952 0.8287 0.0000 0.00 0.00 1.00 0
5.8752 0.7951 0.0000 0.00 0.00 1.00 0
5.8533 0.7588 0.0000 0.00 0.00 1.00 0
5.8436 0.7434 0.0000 0.00 0.00 1.00 0
5.8176 0.6963 0.0000 0.00 0.00 1.00 0
5.8034 0.6708 0.0000 0.00 0.00 1.00 0
5.7899 0.6468 0.0000 0.00 0.00 1.00 0
5.7829 0.6348 0.0000 0.00 0.00 1.00 0
5.7678 0.6062 0.0000 0.00 0.00 1.00 0
5.7497 0.5742 0.0000 0.00 0.00 1.00 0
5.7244 0.5301 0.0000 0.00 0.00 1.00 0
5.7076 0.5013 0.0000 0.00 0.00 1.00 0
5.7030 0.4876 0.0000 0.00 0.00 1.00 0
5.6947 0.4709 0.0000 0.00 0.00 1.00 0
5.6969 0.4753 0.0000 0.00 0.00 1.00 0
5.6819 0.4344 0.0000 0.00 0.00 1.00 0
5.6695 0.4025 0.0000 0.00 0.00 1.00 0
5.6614 0.3833 0.0000 0.00 0.00 1.00 0
5.6412 0.3343 0.0000 0.00 0.00 1.00 0
5.6272 0.3015 0.0000 0.00 0.00 1.00 0
5.6202 0.2875 0.0000 0.00 0.00 1.00 0
5.6050 0.2554 0.0000 0.00 0.00 1.00 0
5.5996 0.2440 0.0000 0.00 0.00 1.00 0
5.5791 0.2675 0.0000 0.00 0.00 1.00 0
5.5700 0.2721 0.0000 0.00 0.00 1.00 0
5.5620 0.2510 0.0000 0.00 0.00 1.00 0
5.5483 0.1935 0.0000 0.00 0.00 1.00 0
5.5414 0.1703 0.0000 0.00 0.00 1.00 0
5.5279 0.1292 0.0000 0.00 0.00 1.00 0
5.5225 0.1081 0.0000 0.00 0.00 1.00 0
5.5119 0.0749 0.0000 0.00 0.00 1.00 0
5.5032 0.0422 0.0000 0.00 0.00 1.00 0
5.5022 0.0336 0.0000 0.00 0.00 1.00 0
5.5022 0.0300 0.0000 0.00 0.00 1.00 0
5.5026 0.0198 0.0000 0.00 0.00 1.00 0
5.5015 0.0054 0.0000 0.00 0.00 1.00 0
5.5014 -0.0046 0.0000 0.00 0.00 1.00 0
5.4973 -0.0648 0.0000 0.00 0.00 1.00 0
5.4967 -0.0826 0.0000 0.00 0.00 1.00 0
5.4982 -0.1204 0.0000 0.00 0.00 1.00 0
5.4989 -0.1592 0.0000 0.00 0.00 1.00 0
5.4971 -0.1741 0.0000 0.00 0.00 1.00 0
5.4998 -0.2103 0.0000 0.00 0.00 1.00 0
5.4992 -0.2414 0.0000 0.00 0.00 1.00 0
5.5020 -0.2851 0.0000 0.00 0.00 1.00 0
5.5011 -0.3021 0.0000 0.00 0.00 1.00 0
5.5050 -0.3208 0.0000 0.00 0.00 1.00 0
5.5231 -0.3154 0.0000 0.00 0.00 1.00 0
5.5305 -0.4070 0.0000 0.00 0.00 1.00 0
5.5339 -0.4455 0.0000 0.00 0.00 1.00 0
5.5370 -0.4630 0.0000 0.00 0.00 1.00 0
5.5394 -0.4955 0.0000 0.00 0.00 1.00 0
5.5438 -0.5272 0.0000 0.00 0.00 1.00 0
5.5253 -0.5191 0.0000 0.00 0.00 1.00 0
5.5251 -0.5231 0.0000 0.00 0.00 1.00 0
5.5261 -0.5295 0.0000 0.00 0.00 1.00 0
5.5312 -0.5481 0.0000 0.00 0.00 1.00 0
5.5367 -0.5714 0.0000 0.00 0.00 1.00 0
5.5491 -0.6016 0.0000 0.00 0.00 1.00 0
