6.0577 -0.6516 0.0000 0.00 0.00 1.00 0
6.9640 -1.1242 0.0000 0.00 0.00 1.00 0
7.8605 -1.5777 0.0000 0.00 0.00 1.00 0
8.7546 -2.0511 0.0000 0.00 0.00 1.00 0
9.6559 -2.5852 0.0000 0.00 0.00 1.00 0
10.6569 -2.7119 0.0000 0.00 0.00 1.00 0
11.5978 -2.3388 0.0000 0.00 0.00 1.00 0
12.4748 -1.7799 0.0000 0.00 0.00 1.00 0
13.1950 -1.0441 0.0000 0.00 0.00 1.00 0
13.8723 -0.2961 0.0000 0.00 0.00 1.00 0
14.2321 0.6701 0.0000 0.00 0.00 1.00 0
14.2405 1.6710 0.0000 0.00 0.00 1.00 0
13.6376 2.4881 0.0000 0.00 0.00 1.00 0
12.8763 3.1813 0.0000 0.00 0.00 1.00 0
12.1284 3.8558 0.0000 0.00 0.00 1.00 0
11.3740 4.5145 0.0000 0.00 0.00 1.00 0
10.3851 4.6748 0.0000 0.00 0.00 1.00 0
9.4898 4.2222 0.0000 0.00 0.00 1.00 0
8.7386 3.5579 0.0000 0.00 0.00 1.00 0
8.0088 2.8339 0.0000 0.00 0.00 1.00 0
7.2926 2.1148 0.0000 0.00 0.00 1.00 0
6.5763 1.3746 0.0000 0.00 0.00 1.00 0
5.8912 0.6028 0.0000 0.00 0.00 1.00 0
