-0.5611 0.1298 -15.9064 0.00 0.00 1.00 0
-0.5799 0.1233 -16.0380 0.00 0.00 1.00 0
-0.5912 0.0767 -16.1346 0.00 0.00 1.00 0
-0.6020 0.0892 -16.1512 0.00 0.00 1.00 0
-0.6302 0.0833 -16.2814 0.00 0.00 1.00 0
-0.6147 0.0764 -16.3787 0.00 0.00 1.00 0
-0.6312 0.0761 -16.4425 0.00 0.00 1.00 0
-0.6399 0.1027 -16.4588 0.00 0.00 1.00 0
-0.7169 0.1678 -16.6215 0.00 0.00 1.00 0
-0.7066 0.2081 -16.7093 0.00 0.00 1.00 0
-0.7340 0.2277 -16.8016 0.00 0.00 1.00 0
-0.7237 0.2362 -16.8198 0.00 0.00 1.00 0
-0.7628 0.1520 -16.9620 0.00 0.00 1.00 0
-0.7844 0.1516 -16.9760 0.00 0.00 1.00 0
-0.8149 0.1858 -17.1259 0.00 0.00 1.00 0
-0.8192 0.1482 -17.1386 0.00 0.00 1.00 0
-0.8027 0.1937 -17.2881 0.00 0.00 1.00 0
-0.7935 0.1992 -17.3088 0.00 0.00 1.00 0
-0.8161 0.1722 -17.4517 0.00 0.00 1.00 0
-0.7968 0.1905 -17.4715 0.00 0.00 1.00 0
-0.8326 0.1642 -17.6111 0.00 0.00 1.00 0
-0.8506 0.1483 -17.6325 0.00 0.00 1.00 0
-0.9092 0.0826 -17.7729 0.00 0.00 1.00 0
-0.9124 0.0460 -17.8708 0.00 0.00 1.00 0
-0.8818 0.1030 -17.9556 0.00 0.00 1.00 0
-0.8917 0.0901 -18.0204 0.00 0.00 1.00 0
-0.9387 0.1519 -18.1008 0.00 0.00 1.00 0
-0.9471 0.1430 -18.1157 0.00 0.00 1.00 0
-0.9459 0.1548 -18.2643 0.00 0.00 1.00 0
-1.0259 0.1253 -18.3562 0.00 0.00 1.00 0
-1.0329 0.0906 -18.4391 0.00 0.00 1.00 0
-1.0787 0.0831 -18.5024 0.00 0.00 1.00 0
-1.0786 0.0612 -18.5989 0.00 0.00 1.00 0
-1.0813 0.1252 -18.6799 0.00 0.00 1.00 0
-1.0530 0.1733 -18.7488 0.00 0.00 1.00 0
-1.0464 0.1576 -18.8300 0.00 0.00 1.00 0
-1.0775 0.1374 -18.9239 0.00 0.00 1.00 0
-1.1156 0.1216 -19.0049 0.00 0.00 1.00 0
-1.1236 0.1293 -19.0222 0.00 0.00 1.00 0
-1.1620 0.1313 -19.0826 0.00 0.00 1.00 0
-1.1470 0.1488 -19.1702 0.00 0.00 1.00 0
-1.1905 0.1431 -19.2618 0.00 0.00 1.00 0
-1.1866 0.1483 -19.3436 0.00 0.00 1.00 0
-1.1904 0.1277 -19.4424 0.00 0.00 1.00 0
-1.2066 0.1249 -19.5222 0.00 0.00 1.00 0
-1.3024 0.0812 -19.6946 0.00 0.00 1.00 0
-1.3212 0.0958 -19.7901 0.00 0.00 1.00 0
-1.3107 0.0669 -19.8138 0.00 0.00 1.00 0
-1.3728 0.0489 -19.9343 0.00 0.00 1.00 0
-1.3384 0.0705 -20.0380 0.00 0.00 1.00 0
-1.3321 0.0559 -20.1360 0.00 0.00 1.00 0
-1.0729 0.0803 -20.2415 0.00 0.00 1.00 0
0.0000 0.0000 0.0000 0.00 0.00 1.00 0
0.0000 0.0000 0.0000 0.00 0.00 1.00 0
0.0000 0.0000 0.0000 0.00 0.00 1.00 0
0.0000 0.0000 0.0000 0.00 0.00 1.00 0
0.0000 0.0000 0.0000 0.00 0.00 1.00 0
0.0000 0.0000 0.0000 0.00 0.00 1.00 0
0.0000 0.0000 0.0000 0.00 0.00 1.00 0
0.0000 0.0000 0.0000 0.00 0.00 1.00 0
0.0000 0.0000 0.0000 0.00 0.00 1.00 0
