103.9583996467 30.7829069333 4 60642.000000 260319 532.10 0.10 92.59
103.9584216383 30.7829041617 4 60647.000000 260319 532.10 9.67 99.07
103.9584463067 30.7829011100 4 60649.000000 260319 532.10 13.45 99.76
103.9584688317 30.7828980633 4 60650.000000 260319 532.13 15.47 99.42
103.9584940900 30.7828944933 4 60651.000000 260319 532.16 16.94 98.91
103.9585157283 30.7828914900 4 60652.000000 260319 532.17 17.73 98.21
103.9585376917 30.7828884683 4 60652.000000 260319 532.16 17.60 99.38
103.9585588600 30.7828855133 4 60653.000000 260319 532.14 16.50 99.84
103.9585798000 30.7828825767 4 60654.000000 260319 532.14 16.88 100.00
103.9586009583 30.7828797000 4 60655.000000 260319 532.11 17.29 96.60
103.9586221600 30.7828770833 4 60656.000000 260319 532.08 16.39 96.31
103.9586438583 30.7828747700 4 60656.000000 260319 532.04 18.01 96.24
103.9586660317 30.7828728817 4 60657.000000 260319 532.05 17.12 95.28
103.9586883517 30.7828720067 4 60658.000000 260319 531.99 17.63 91.23
103.9587103883 30.7828733333 4 60659.000000 260319 532.02 17.63 80.15
103.9587318300 30.7828776150 4 60700.000000 260319 531.98 17.66 71.87
103.9587521667 30.7828850700 4 60700.000000 260319 531.99 17.70 61.63
103.9587704717 30.7828956517 4 60701.000000 260319 532.01 17.29 49.84
103.9587853717 30.7829092400 4 60702.000000 260319 532.02 15.91 37.45
103.9587967950 30.7829282567 4 60703.000000 260319 532.05 15.47 17.97
103.9588006767 30.7829486650 4 60704.000000 260319 532.07 15.91 2.45
103.9587967117 30.7829701600 4 60705.000000 260319 532.06 16.19 341.12
103.9587845483 30.7829889483 4 60706.000000 260319 532.02 15.61 321.18
103.9587662983 30.7830026500 4 60707.000000 260319 532.02 15.57 302.52
103.9587441617 30.7830110783 4 60708.000000 260319 532.02 15.47 288.13
103.9587207917 30.7830159617 4 60709.000000 260319 532.02 15.50 279.85
103.9586969200 30.7830183633 4 60710.000000 260319 532.03 15.67 273.45
103.9586721617 30.7830200850 4 60711.000000 260319 532.06 15.85 274.90
103.9586473183 30.7830219300 4 60712.000000 260319 532.08 15.98 275.05
103.9586224667 30.7830235933 4 60713.000000 260319 532.11 15.47 275.23
103.9585976933 30.7830251917 4 60714.000000 260319 532.13 15.71 274.70
103.9585730833 30.7830271450 4 60715.000000 260319 532.17 15.74 273.05
103.9585480800 30.7830296000 4 60716.000000 260319 532.18 16.05 277.65
103.9585230400 30.7830324400 4 60717.000000 260319 532.20 16.57 279.04
103.9584976067 30.7830358000 4 60718.000000 260319 532.18 16.50 278.98
103.9584727000 30.7830395533 4 60719.000000 260319 532.15 15.88 280.72
103.9584483417 30.7830429783 4 60720.000000 260319 532.13 14.95 278.52
103.9584238567 30.7830454550 4 60721.000000 260319 532.12 15.71 273.71
103.9583993383 30.7830452050 4 60722.000000 260319 532.13 15.67 263.20
103.9583772417 30.7830408667 4 60723.000000 260319 532.13 13.82 249.09
103.9583559933 30.7830317533 4 60724.000000 260319 532.14 12.59 235.58
103.9583399600 30.7830200900 4 60725.000000 260319 532.16 14.27 223.28
103.9583266717 30.7830044550 4 60726.000000 260319 532.16 14.37 210.70
103.9583176233 30.7829868233 4 60727.000000 260319 532.17 14.44 198.03
103.9583127933 30.7829681333 4 60728.000000 260319 532.14 13.79 188.03
103.9583118000 30.7829493617 4 60729.000000 260319 532.14 14.17 176.53
103.9583158850 30.7829314317 4 60730.000000 260319 532.11 12.83 159.88
103.9583278867 30.7829155883 4 60731.000000 260319 532.10 10.98 131.23
103.9583470033 30.7829069483 4 60733.000000 260319 532.08 8.85 101.67
103.9583684650 30.7829065517 4 60735.000000 260319 532.10 6.31 86.25
103.9583898033 30.7829068983 4 60738.000000 260319 532.10 2.81 86.25
