103.9584251083 30.7829154183 4 45259.000000 260319 530.19 0.03 81.47
103.9584477517 30.7829160467 4 45304.000000 260319 530.40 8.64 90.86
103.9584712500 30.7829143317 4 45305.000000 260319 530.41 13.38 95.11
103.9584934483 30.7829124300 4 45306.000000 260319 530.42 15.64 97.06
103.9585192267 30.7829089050 4 45307.000000 260319 530.43 17.39 99.79
103.9585405567 30.7829059217 5 45308.000000 260319 530.29 17.25 99.79
103.9585658083 30.7829017883 5 45309.000000 260319 530.30 15.88 101.18
103.9585904683 30.7828980467 5 45310.000000 260319 530.24 16.46 101.12
103.9586154750 30.7828937917 5 45311.000000 260319 530.23 16.09 100.22
103.9586404250 30.7828904483 5 45312.000000 260319 530.01 15.78 97.24
103.9586646900 30.7828898050 5 45313.000000 260319 529.90 15.95 81.81
103.9586882017 30.7828958833 5 45314.000000 260319 529.75 15.54 60.89
103.9587067317 30.7829098033 5 45315.000000 260319 529.78 16.19 36.22
103.9587168433 30.7829293017 5 45316.000000 260319 529.77 16.43 11.48
103.9587162683 30.7829511300 5 45317.000000 260319 529.83 16.81 347.37
103.9587052867 30.7829710817 5 45318.000000 260319 529.79 15.81 321.90
103.9586887683 30.7829848333 5 45319.000000 260319 529.82 13.31 307.61
103.9586673683 30.7829953767 5 45320.000000 260319 529.80 14.44 294.29
103.9586437300 30.7830030383 5 45321.000000 260319 529.81 17.84 285.64
103.9586216817 30.7830077850 5 45322.000000 260319 529.79 17.97 281.54
103.9585966583 30.7830120733 5 45323.000000 260319 529.85 14.65 281.72
103.9585749917 30.7830162600 5 45324.000000 260319 529.83 14.17 282.39
103.9585507567 30.7830215083 5 45325.000000 260319 529.88 17.46 284.21
103.9585285167 30.7830269767 5 45326.000000 260319 529.87 19.10 287.10
103.9585047650 30.7830330417 5 45327.000000 260319 529.91 20.37 287.83
103.9584807850 30.7830396550 5 45327.000000 260319 529.85 19.82 286.66
103.9584579567 30.7830454683 5 45328.000000 260319 529.78 18.66 283.94
103.9584354133 30.7830500533 5 45329.000000 260319 529.82 18.59 281.15
103.9584122900 30.7830529233 5 45330.000000 260319 529.78 19.28 273.42
103.9583893500 30.7830522400 5 45331.000000 260319 529.81 18.08 261.40
103.9583685700 30.7830474667 5 45331.000000 260319 529.78 16.19 247.10
103.9583488817 30.7830356633 5 45332.000000 260319 529.81 14.75 223.74
103.9583367433 30.7830197583 5 45333.000000 260319 529.81 13.65 202.92
103.9583317883 30.7830011467 5 45334.000000 260319 529.78 14.47 184.08
103.9583339917 30.7829817400 5 45335.000000 260319 529.80 14.65 163.93
103.9583422067 30.7829632750 5 45336.000000 260319 529.73 14.44 151.77
103.9583544467 30.7829474167 5 45337.000000 260319 529.76 13.86 138.83
103.9583704917 30.7829348517 5 45338.000000 260319 529.70 13.34 127.62
103.9583916717 30.7829279617 5 45340.000000 260319 529.66 11.15 97.70
