103.9586386967 30.7843422467
103.9586379733 30.7842955667
103.9586393950 30.7842501683
103.9586365033 30.7842045567
103.9586343417 30.7841595067
103.9586322367 30.7841143783
103.9586294633 30.7840687800
103.9586252617 30.7840232017
103.9586172500 30.7839781417
103.9586062250 30.7839336650
103.9585957233 30.7838880067
103.9585874433 30.7838427000
103.9585810167 30.7837978617
103.9585753100 30.7837530317
103.9585704917 30.7837082400
103.9585664050 30.7836617950
103.9585632883 30.7836152617
103.9585604817 30.7835703567
103.9585534767 30.7835252333
103.9585475150 30.7834802633
103.9585425200 30.7834350700
103.9585382433 30.7833900050
103.9585339867 30.7833447400
103.9585304350 30.7832996833
103.9585273450 30.7832546317
103.9585251283 30.7832090600
103.9585102100 30.7831644850
103.9584839167 30.7831256083
103.9584702050 30.7830816617
103.9584590783 30.7830376967
103.9584818900 30.7829953067
103.9585319433 30.7829782667
103.9585685567 30.7830112350
103.9585540533 30.7830558200
103.9585246317 30.7830945267
103.9584735983 30.7831063450
