103.9588828900 30.7852287567
103.9588523500 30.7852395517
103.9588195650 30.7852500050
103.9587872133 30.7852598833
103.9587556167 30.7852695250
103.9587262000 30.7852793183
103.9586946550 30.7852905917
103.9586632667 30.7853027000
103.9586321700 30.7853154633
103.9586011033 30.7853280333
103.9585687133 30.7853388183
103.9585344750 30.7853450433
103.9585030067 30.7853458667
103.9584717483 30.7853422933
103.9584388167 30.7853322750
103.9584100267 30.7853159650
103.9583909550 30.7852943200
103.9583820767 30.7852674683
103.9583853117 30.7852398600
103.9584005167 30.7852154783
103.9584249333 30.7851975250