104.0783187233 30.6338367867 4 74709.000000 140419 512.25 0.41 294.92
104.0783298450 30.6338339883 4 74713.000000 140419 513.21 6.62 69.62
104.0783403017 30.6338297783 4 74714.000000 140419 513.26 7.79 115.24
104.0783520883 30.6338259867 4 74715.000000 140419 513.29 8.57 110.39
104.0783640333 30.6338220267 4 74716.000000 140419 513.33 7.92 112.42
104.0783759800 30.6338178817 4 74717.000000 140419 513.33 8.99 112.36
104.0783858900 30.6338146467 4 74718.000000 140419 513.33 8.99 108.17
104.0783959700 30.6338112667 4 74719.000000 140419 513.30 9.16 115.29
104.0784077250 30.6338066867 4 74720.000000 140419 513.30 8.33 114.44
104.0784189783 30.6338024750 4 74721.000000 140419 513.30 7.85 111.69
104.0784292133 30.6337987083 4 74722.000000 140419 513.31 6.83 118.62
104.0784394967 30.6337954217 4 74723.000000 140419 513.32 6.86 110.56
104.0784497467 30.6337919867 4 74724.000000 140419 513.32 7.75 116.40
104.0784604050 30.6337880833 4 74725.000000 140419 513.33 7.51 114.09
104.0784712700 30.6337845317 4 74726.000000 140419 513.35 7.37 111.07
104.0784824133 30.6337806383 4 74727.000000 140419 513.35 7.85 108.98
104.0784939550 30.6337766350 4 74728.000000 140419 513.35 8.27 107.12
104.0785056650 30.6337730450 4 74729.000000 140419 513.36 7.31 105.34
104.0785168517 30.6337692133 4 74730.000000 140419 513.35 7.72 109.51
104.0785274083 30.6337651983 4 74731.000000 140419 513.31 7.58 113.57
104.0785387500 30.6337612833 4 74732.000000 140419 513.20 7.72 82.28
