103.9588476733 30.7852316800
103.9588166117 30.7852409917
103.9587852200 30.7852502983
103.9587539433 30.7852600300
103.9587236417 30.7852703300
103.9586937783 30.7852817967
103.9586648017 30.7852934217
103.9586352467 30.7853046950
103.9586057800 30.7853154283
103.9585762400 30.7853264183
103.9585467767 30.7853373033
103.9585162083 30.7853465167
103.9584841100 30.7853525333
103.9584511483 30.7853530550
103.9584185050 30.7853474367
103.9583882533 30.7853352950
103.9583620817 30.7853170483
103.9583433133 30.7852928567
103.9583344000 30.7852642950
103.9583381117 30.7852347650
103.9583548700 30.7852086267
103.9583819283 30.7851899133
103.9584111650 30.7851760250
103.9584395200 30.7851623167
103.9584712717 30.7851482333
103.9585018133 30.7851357050
103.9585340400 30.7851235983
103.9585644150 30.7851122283
103.9585949283 30.7851008483
103.9586248700 30.7850909533
103.9586566333 30.7850842750
103.9586884383 30.7850833567
103.9587212783 30.7850880750
103.9587516850 30.7850977517
103.9587838333 30.7851109783
103.9588144717 30.7851257467
103.9588444433 30.7851414733
103.9588728783 30.7851597750
103.9588920933 30.7851816317
103.9589020467 30.7852081867
103.9588990483 30.7852360583
103.9588821383 30.7852590000
103.9588545233 30.7852730467
103.9588223383 30.7852796133
